comms_cons: 1469.0030049027173
finished_reconf: true
global_termination_time: 5043418.584399999
local_termination_time: 5043418.543279999
node_cons: 205654.91489958853
tot_aggregated_send: 0
tot_msg_rcv: 74887
tot_msg_sent: 148392
tot_reconf_duration: 24.59
tot_sleeping_duration: 4889855.088000002
tot_uptimes: 2541
tot_uptimes_duration: 153563.49639999706
