comms_cons: 493.14728964611277
finished_reconf: true
global_termination_time: 5047723.74
local_termination_time: 2480832.78136
node_cons: 103820.14428446504
tot_aggregated_send: 70180
tot_msg_rcv: 1531
tot_msg_sent: 3243
tot_reconf_duration: 15.34
tot_sleeping_duration: 4970203.715680009
tot_uptimes: 1293
tot_uptimes_duration: 77520.02431999124
