comms_cons: 509.50640649800516
finished_reconf: true
global_termination_time: 5043418.828119997
local_termination_time: 169019.3156000001
node_cons: 103770.08031526179
tot_aggregated_send: 69890
tot_msg_rcv: 2633
tot_msg_sent: 4919
tot_reconf_duration: 22.65
tot_sleeping_duration: 4965943.606600008
tot_uptimes: 1292
tot_uptimes_duration: 77475.22151998867
