comms_cons: 504.99965447077994
finished_reconf: true
global_termination_time: 5048727.102
local_termination_time: 532049.0735999998
node_cons: 103814.67154446484
tot_aggregated_send: 70238
tot_msg_rcv: 2400
tot_msg_sent: 4119
tot_reconf_duration: 11.31
tot_sleeping_duration: 4971207.077680009
tot_uptimes: 1293
tot_uptimes_duration: 77520.024319991
