comms_cons: 1401.0694184589252
finished_reconf: true
global_termination_time: 8588702.784
local_termination_time: 1976554.3653999981
node_cons: 176676.25336893037
tot_aggregated_send: 0
tot_msg_rcv: 107324
tot_msg_sent: 105627
tot_reconf_duration: 6.279999999999999
tot_sleeping_duration: 8456762.735360017
tot_uptimes: 2200
tot_uptimes_duration: 131940.04863998247
