comms_cons: 850.2373313542201
finished_reconf: true
global_termination_time: 8587175.304
local_termination_time: 3061592.45236
node_cons: 176685.59370669595
tot_aggregated_send: 120176
tot_msg_rcv: 3025
tot_msg_sent: 6030
tot_reconf_duration: 13.17
tot_sleeping_duration: 8455235.267520012
tot_uptimes: 2200
tot_uptimes_duration: 131940.03647998674
