comms_cons: 852.0180034248282
finished_reconf: true
global_termination_time: 8590469.108
local_termination_time: 1547891.4103999992
node_cons: 176675.09092781311
tot_aggregated_send: 119422
tot_msg_rcv: 3460
tot_msg_sent: 6620
tot_reconf_duration: 5.43
tot_sleeping_duration: 8458529.065440014
tot_uptimes: 2200
tot_uptimes_duration: 131940.0425599846
