comms_cons: 127.85422078932642
finished_reconf: true
global_termination_time: 1254661.247
local_termination_time: 39557.02444000013
node_cons: 25810.03684894621
tot_aggregated_send: 17110
tot_msg_rcv: 819
tot_msg_sent: 1504
tot_reconf_duration: 15.34
tot_sleeping_duration: 1235401.1983600103
tot_uptimes: 322
tot_uptimes_duration: 19260.048639989676
