comms_cons: 129.9028287855354
finished_reconf: true
global_termination_time: 1255708.556
local_termination_time: 228438.24936000005
node_cons: 25797.73336894849
tot_aggregated_send: 16588
tot_msg_rcv: 1123
tot_msg_sent: 2033
tot_reconf_duration: 6.279999999999999
tot_sleeping_duration: 1236448.5073600085
tot_uptimes: 322
tot_uptimes_duration: 19260.04863999138
