comms_cons: 127.34746878575523
finished_reconf: true
global_termination_time: 1253891.327
local_termination_time: 532285.2124799999
node_cons: 25796.122787817876
tot_aggregated_send: 16298
tot_msg_rcv: 943
tot_msg_sent: 2116
tot_reconf_duration: 5.1
tot_sleeping_duration: 1234631.2844400166
tot_uptimes: 322
tot_uptimes_duration: 19260.04255998347
