comms_cons: 128.90751998746254
finished_reconf: true
global_termination_time: 1259842.463
local_termination_time: 632036.7783599999
node_cons: 25880.563913420374
tot_aggregated_send: 16414
tot_msg_rcv: 1048
tot_msg_sent: 2133
tot_reconf_duration: 8.09
tot_sleeping_duration: 1240522.3900400146
tot_uptimes: 323
tot_uptimes_duration: 19320.07295998535
