comms_cons: 128.32162558796082
finished_reconf: true
global_termination_time: 1256531.781
local_termination_time: 363339.1432800003
node_cons: 25795.728967822462
tot_aggregated_send: 16530
tot_msg_rcv: 991
tot_msg_sent: 1984
tot_reconf_duration: 4.8100000000000005
tot_sleeping_duration: 1237271.7384400133
tot_uptimes: 322
tot_uptimes_duration: 19260.042559986876
