comms_cons: 127.04987518870914
finished_reconf: true
global_termination_time: 1256335.278
local_termination_time: 245100.7973600005
node_cons: 25797.63560671023
tot_aggregated_send: 16820
tot_msg_rcv: 855
tot_msg_sent: 1636
tot_reconf_duration: 6.22
tot_sleeping_duration: 1237075.2415200074
tot_uptimes: 322
tot_uptimes_duration: 19260.036479992676
