comms_cons: 82.72512639557291
finished_reconf: true
global_termination_time: 815182.723
local_termination_time: 311023.90004000027
node_cons: 16716.71418447649
tot_aggregated_send: 10440
tot_msg_rcv: 736
tot_msg_sent: 1397
tot_reconf_duration: 4.390000000000001
tot_sleeping_duration: 802702.6986800026
tot_uptimes: 209
tot_uptimes_duration: 12480.024319997407
