comms_cons: 103.78218877974494
finished_reconf: true
global_termination_time: 1141270.7342400001
local_termination_time: 2313.67112
node_cons: 23509.31279620085
tot_aggregated_send: 10208
tot_msg_rcv: 2213
tot_msg_sent: 3357
tot_reconf_duration: 21.68
tot_sleeping_duration: 1123735.3560800294
tot_uptimes: 293
tot_uptimes_duration: 17535.378159970744
