comms_cons: 2.276403199992478
finished_reconf: true
global_termination_time: 14398.526
local_termination_time: 6425.851360000001
node_cons: 253.81236000000013
tot_aggregated_send: 0
tot_msg_rcv: 180
tot_msg_sent: 166
tot_reconf_duration: 9.42
tot_sleeping_duration: 14218.526
tot_uptimes: 4
tot_uptimes_duration: 180.0
