comms_cons: 71.25336319975311
finished_reconf: true
global_termination_time: 721348.524
local_termination_time: 105502.557
node_cons: 14802.370862399212
tot_aggregated_send: 10322
tot_msg_rcv: 162
tot_msg_sent: 347
tot_reconf_duration: 9.42
tot_sleeping_duration: 710303.2824000006
tot_uptimes: 185
tot_uptimes_duration: 11045.241599999397
