comms_cons: 102.03681279705962
finished_reconf: true
global_termination_time: 1022228.832
local_termination_time: 153965.87436000005
node_cons: 20979.375842233665
tot_aggregated_send: 14152
tot_msg_rcv: 487
tot_msg_sent: 870
tot_reconf_duration: 7.819999999999999
tot_sleeping_duration: 1006568.8198400048
tot_uptimes: 262
tot_uptimes_duration: 15660.012159995269
