comms_cons: 101.16177919868932
finished_reconf: true
global_termination_time: 1023889.641
local_termination_time: 537611.4683599999
node_cons: 21057.526760000157
tot_aggregated_send: 14848
tot_msg_rcv: 184
tot_msg_sent: 343
tot_reconf_duration: 6.22
tot_sleeping_duration: 1008169.641
tot_uptimes: 263
tot_uptimes_duration: 15720.000000000004
