comms_cons: 768.6020545622939
finished_reconf: true
global_termination_time: 7727484.881
local_termination_time: 2227649.8466000003
node_cons: 158933.41684893123
tot_aggregated_send: 107764
tot_msg_rcv: 3173
tot_msg_sent: 5885
tot_reconf_duration: 15.34
tot_sleeping_duration: 7608804.832360017
tot_uptimes: 1979
tot_uptimes_duration: 118680.0486399827
