comms_cons: 766.8986753875956
finished_reconf: true
global_termination_time: 7729546.072
local_termination_time: 2644447.3526000003
node_cons: 159000.4811013754
tot_aggregated_send: 106662
tot_msg_rcv: 3305
tot_msg_sent: 6596
tot_reconf_duration: 5.57
tot_sleeping_duration: 7610806.029400014
tot_uptimes: 1980
tot_uptimes_duration: 118740.04259998538
