comms_cons: 762.4694017291768
finished_reconf: true
global_termination_time: 7730082.509
local_termination_time: 5520312.7076
node_cons: 159010.04410446298
tot_aggregated_send: 107474
tot_msg_rcv: 2907
tot_msg_sent: 5509
tot_reconf_duration: 12.629999999999999
tot_sleeping_duration: 7611342.484680008
tot_uptimes: 1980
tot_uptimes_duration: 118740.02431999147
