comms_cons: 777.373990618478
finished_reconf: true
global_termination_time: 7726878.414
local_termination_time: 477548.90664000035
node_cons: 158998.91117228183
tot_aggregated_send: 106894
tot_msg_rcv: 3883
tot_msg_sent: 7378
tot_reconf_duration: 4.390000000000001
tot_sleeping_duration: 7608138.347120024
tot_uptimes: 1979
tot_uptimes_duration: 118740.06687997561
