comms_cons: 273.81314558494137
finished_reconf: true
global_termination_time: 2753184.94
local_termination_time: 587181.883
node_cons: 56688.87380628154
tot_aggregated_send: 36944
tot_msg_rcv: 1620
tot_msg_sent: 3054
tot_reconf_duration: 22.65
tot_sleeping_duration: 2710871.187120028
tot_uptimes: 706
tot_uptimes_duration: 42313.75287997199
