comms_cons: 268.53067519383745
finished_reconf: true
global_termination_time: 2753655.057
local_termination_time: 1171137.068119998
node_cons: 56699.37403367641
tot_aggregated_send: 39672
tot_msg_rcv: 335
tot_msg_sent: 809
tot_reconf_duration: 25.299999999999997
tot_sleeping_duration: 2711336.149880002
tot_uptimes: 706
tot_uptimes_duration: 42318.90711999801
