comms_cons: 266.85091197693026
finished_reconf: true
global_termination_time: 2754478.413
local_termination_time: 622487.8104399996
node_cons: 56646.313391167416
tot_aggregated_send: 36598
tot_msg_rcv: 1275
tot_msg_sent: 2686
tot_reconf_duration: 4.8100000000000005
tot_sleeping_duration: 2712178.352200024
tot_uptimes: 706
tot_uptimes_duration: 42300.060799976345
