comms_cons: 280.9255424234814
finished_reconf: true
global_termination_time: 2752371.8631199882
local_termination_time: 6260.276320000003
node_cons: 56638.503433065096
tot_aggregated_send: 36946
tot_msg_rcv: 2029
tot_msg_sent: 3725
tot_reconf_duration: 4.390000000000001
tot_sleeping_duration: 2710077.2090400285
tot_uptimes: 705
tot_uptimes_duration: 42294.65407995973
