comms_cons: 542.4623618167363
finished_reconf: true
global_termination_time: 2752372.3235999974
local_termination_time: 3353.4886
node_cons: 56595.320833979924
tot_aggregated_send: 0
tot_msg_rcv: 41608
tot_msg_sent: 40839
tot_reconf_duration: 11.31
tot_sleeping_duration: 2710116.937600012
tot_uptimes: 705
tot_uptimes_duration: 42255.38599998574
