comms_cons: 163.1318911447202
finished_reconf: true
global_termination_time: 831361.836
local_termination_time: 492497.6713600001
node_cons: 17036.22190000009
tot_aggregated_send: 0
tot_msg_rcv: 12500
tot_msg_sent: 12296
tot_reconf_duration: 3.05
tot_sleeping_duration: 818641.836
tot_uptimes: 213
tot_uptimes_duration: 12720.0
