comms_cons: 82.8393343992028
finished_reconf: true
global_termination_time: 833973.558
local_termination_time: 646627.5243599999
node_cons: 17123.055842233774
tot_aggregated_send: 11658
tot_msg_rcv: 242
tot_msg_sent: 691
tot_reconf_duration: 7.819999999999999
tot_sleeping_duration: 821193.5458400047
tot_uptimes: 214
tot_uptimes_duration: 12780.012159995269
