comms_cons: 9.573363199916738
finished_reconf: true
global_termination_time: 88769.439
local_termination_time: 46301.32036000001
node_cons: 1782.8389799999964
tot_aggregated_send: 1044
tot_msg_rcv: 189
tot_msg_sent: 222
tot_reconf_duration: 11.31
tot_sleeping_duration: 87449.439
tot_uptimes: 23
tot_uptimes_duration: 1320.0
