comms_cons: 104.37368319460352
finished_reconf: true
global_termination_time: 1026286.505
local_termination_time: 263192.08100000094
node_cons: 21080.533310711515
tot_aggregated_send: 13862
tot_msg_rcv: 666
tot_msg_sent: 1336
tot_reconf_duration: 15.34
tot_sleeping_duration: 1010558.5725200063
tot_uptimes: 263
tot_uptimes_duration: 15727.932479993615
