comms_cons: 770.2143996884051
finished_reconf: true
global_termination_time: 1025255.192
local_termination_time: 368047.5654800001
node_cons: 101992.98886621578
tot_aggregated_send: 0
tot_msg_rcv: 52952
tot_msg_sent: 64112
tot_reconf_duration: 5.57
tot_sleeping_duration: 949089.8261999864
tot_uptimes: 1229
tot_uptimes_duration: 76165.36580001371
