comms_cons: 103.38617599639171
finished_reconf: true
global_termination_time: 1026041.064
local_termination_time: 445865.40216000075
node_cons: 21066.255963355135
tot_aggregated_send: 14210
tot_msg_rcv: 522
tot_msg_sent: 982
tot_reconf_duration: 12.629999999999999
tot_sleeping_duration: 1010321.0457600036
tot_uptimes: 263
tot_uptimes_duration: 15720.018239996338
