comms_cons: 102.10442879732197
finished_reconf: true
global_termination_time: 1025910.719
local_termination_time: 549580.8607599981
node_cons: 21065.862299109263
tot_aggregated_send: 13920
tot_msg_rcv: 442
tot_msg_sent: 1157
tot_reconf_duration: 10.95
tot_sleeping_duration: 1010189.2909200081
tot_uptimes: 263
tot_uptimes_duration: 15721.428079992009
