comms_cons: 31.363046400146455
finished_reconf: true
global_termination_time: 316993.555
local_termination_time: 49322.757480000015
node_cons: 6522.898980000004
tot_aggregated_send: 4582
tot_msg_rcv: 78
tot_msg_sent: 107
tot_reconf_duration: 11.31
tot_sleeping_duration: 312133.555
tot_uptimes: 82
tot_uptimes_duration: 4860.0
