comms_cons: 77.30365440963283
finished_reconf: true
global_termination_time: 540561.058
local_termination_time: 310027.6104400002
node_cons: 11095.448239999974
tot_aggregated_send: 0
tot_msg_rcv: 5945
tot_msg_sent: 5804
tot_reconf_duration: 6.279999999999999
tot_sleeping_duration: 532281.058
tot_uptimes: 139
tot_uptimes_duration: 8280.0
