comms_cons: 54.0678656004527
finished_reconf: true
global_termination_time: 542079.276
local_termination_time: 278413.7786000001
node_cons: 11093.45198000001
tot_aggregated_send: 7540
tot_msg_rcv: 216
tot_msg_sent: 462
tot_reconf_duration: 4.8100000000000005
tot_sleeping_duration: 533799.276
tot_uptimes: 139
tot_uptimes_duration: 8280.0
