comms_cons: 55.24554240102393
finished_reconf: true
global_termination_time: 542250.171
local_termination_time: 300866.9803600001
node_cons: 11091.08632336437
tot_aggregated_send: 7366
tot_msg_rcv: 392
tot_msg_sent: 639
tot_reconf_duration: 3.05
tot_sleeping_duration: 533970.1527599968
tot_uptimes: 139
tot_uptimes_duration: 8280.018240003206
