comms_cons: 78.05562881010846
finished_reconf: true
global_termination_time: 541546.649
local_termination_time: 310043.4503600001
node_cons: 11097.563983364316
tot_aggregated_send: 0
tot_msg_rcv: 6065
tot_msg_sent: 5799
tot_reconf_duration: 7.819999999999999
tot_sleeping_duration: 533266.6307599968
tot_uptimes: 139
tot_uptimes_duration: 8280.018240003206
