comms_cons: 16.809855999864034
finished_reconf: true
global_termination_time: 165323.906
local_termination_time: 36696.14476000018
node_cons: 3384.899560000001
tot_aggregated_send: 2204
tot_msg_rcv: 126
tot_msg_sent: 225
tot_reconf_duration: 7.819999999999999
tot_sleeping_duration: 162803.906
tot_uptimes: 43
tot_uptimes_duration: 2520.0
