comms_cons: 106.7326591937596
finished_reconf: true
global_termination_time: 1042140.582
local_termination_time: 63093.03848000001
node_cons: 21401.23940559798
tot_aggregated_send: 14036
tot_msg_rcv: 804
tot_msg_sent: 1381
tot_reconf_duration: 22.65
tot_sleeping_duration: 1026180.5516000015
tot_uptimes: 267
tot_uptimes_duration: 15960.030399998475
