comms_cons: 205.8327806932346
finished_reconf: true
global_termination_time: 1041895.9066399981
local_termination_time: 227539.50260000004
node_cons: 21447.22597719575
tot_aggregated_send: 0
tot_msg_rcv: 15812
tot_msg_sent: 15473
tot_reconf_duration: 7.819999999999999
tot_sleeping_duration: 1025886.4918400013
tot_uptimes: 267
tot_uptimes_duration: 16009.414799996826
