comms_cons: 303.9787774425743
finished_reconf: true
global_termination_time: 1041895.9066399981
local_termination_time: 227543.96148000006
node_cons: 42608.690070957105
tot_aggregated_send: 0
tot_msg_rcv: 15473
tot_msg_sent: 30730
tot_reconf_duration: 11.31
tot_sleeping_duration: 1010086.1
tot_uptimes: 526
tot_uptimes_duration: 31809.806639998103
