comms_cons: 16.586163200136305
finished_reconf: true
global_termination_time: 170488.28876000052
local_termination_time: 167520.88436000003
node_cons: 3512.4871926406713
tot_aggregated_send: 2378
tot_msg_rcv: 12
tot_msg_sent: 131
tot_reconf_duration: 7.819999999999999
tot_sleeping_duration: 167873.003
tot_uptimes: 44
tot_uptimes_duration: 2615.2857600005227
