comms_cons: 107.50475519887469
finished_reconf: true
global_termination_time: 1092847.753
local_termination_time: 499346.3333600009
node_cons: 22424.545924158072
tot_aggregated_send: 15428
tot_msg_rcv: 332
tot_msg_sent: 581
tot_reconf_duration: 6.22
tot_sleeping_duration: 1076106.8275600015
tot_uptimes: 280
tot_uptimes_duration: 16740.925439998566
