comms_cons: 9.34309120010191
finished_reconf: true
global_termination_time: 72048.841
local_termination_time: 3154.753440000001
node_cons: 1466.9761433605915
tot_aggregated_send: 522
tot_msg_rcv: 383
tot_msg_sent: 517
tot_reconf_duration: 15.34
tot_sleeping_duration: 70968.82275999956
tot_uptimes: 19
tot_uptimes_duration: 1080.0182400004414
