comms_cons: 42.92270080043928
finished_reconf: true
global_termination_time: 421264.549
local_termination_time: 1082.4896000000003
node_cons: 8607.374361119162
tot_aggregated_send: 5742
tot_msg_rcv: 321
tot_msg_sent: 461
tot_reconf_duration: 8.09
tot_sleeping_duration: 414844.5429200006
tot_uptimes: 108
tot_uptimes_duration: 6420.006079999366
