comms_cons: 283.86616318850685
finished_reconf: true
global_termination_time: 2873561.335
local_termination_time: 337573.4070000004
node_cons: 59055.902325587616
tot_aggregated_send: 40020
tot_msg_rcv: 898
tot_msg_sent: 2228
tot_reconf_duration: 4.390000000000001
tot_sleeping_duration: 2829461.3046000083
tot_uptimes: 736
tot_uptimes_duration: 44100.03039999161
