comms_cons: 283.8860223829655
finished_reconf: true
global_termination_time: 2873268.773
local_termination_time: 388683.0230000005
node_cons: 59054.074464470905
tot_aggregated_send: 40136
tot_msg_rcv: 918
tot_msg_sent: 2095
tot_reconf_duration: 3.05
tot_sleeping_duration: 2829168.7486800062
tot_uptimes: 736
tot_uptimes_duration: 44100.02431999397
