comms_cons: 178.8042367903721
finished_reconf: true
global_termination_time: 1770583.967
local_termination_time: 962150.6403599998
node_cons: 36400.95394111669
tot_aggregated_send: 24824
tot_msg_rcv: 902
tot_msg_sent: 1449
tot_reconf_duration: 5.1
tot_sleeping_duration: 1743403.9609200023
tot_uptimes: 454
tot_uptimes_duration: 27180.006079997635
