comms_cons: 347.2447997232472
finished_reconf: true
global_termination_time: 1767485.1775999998
local_termination_time: 2159.8630400000015
node_cons: 36342.72047287168
tot_aggregated_send: 0
tot_msg_rcv: 26553
tot_msg_sent: 26225
tot_reconf_duration: 6.22
tot_sleeping_duration: 1740349.797680006
tot_uptimes: 453
tot_uptimes_duration: 27135.379919993866
