comms_cons: 107.21499518955792
finished_reconf: true
global_termination_time: 1043256.896
local_termination_time: 109349.87199999999
node_cons: 21460.627879595428
tot_aggregated_send: 13746
tot_msg_rcv: 801
tot_msg_sent: 1749
tot_reconf_duration: 4.8100000000000005
tot_sleeping_duration: 1027234.4196000034
tot_uptimes: 268
tot_uptimes_duration: 16022.476399996565
