comms_cons: 105.59615999128336
finished_reconf: true
global_termination_time: 1043245.756
local_termination_time: 533201.7373599999
node_cons: 21454.946323350592
tot_aggregated_send: 14152
tot_msg_rcv: 559
tot_msg_sent: 1339
tot_reconf_duration: 3.05
tot_sleeping_duration: 1027225.7377600071
tot_uptimes: 268
tot_uptimes_duration: 16020.018239992904
