comms_cons: 107.5526911923014
finished_reconf: true
global_termination_time: 1043357.797
local_termination_time: 333351.83288000047
node_cons: 21461.4402655934
tot_aggregated_send: 13746
tot_msg_rcv: 860
tot_msg_sent: 1744
tot_reconf_duration: 7.819999999999999
tot_sleeping_duration: 1027337.766600005
tot_uptimes: 268
tot_uptimes_duration: 16020.030399995041
