comms_cons: 103.41151999807306
finished_reconf: true
global_termination_time: 1046152.57
local_termination_time: 132004.34900000092
node_cons: 21471.31555400125
tot_aggregated_send: 14906
tot_msg_rcv: 238
tot_msg_sent: 574
tot_reconf_duration: 11.31
tot_sleeping_duration: 1030128.7039999991
tot_uptimes: 268
tot_uptimes_duration: 16023.866000000911
