comms_cons: 621.5635009049587
finished_reconf: true
global_termination_time: 6238280.036
local_termination_time: 1336405.33436
node_cons: 128398.71968558138
tot_aggregated_send: 87000
tot_msg_rcv: 2601
tot_msg_sent: 4872
tot_reconf_duration: 11.31
tot_sleeping_duration: 6142400.005600011
tot_uptimes: 1598
tot_uptimes_duration: 95880.0303999891
