comms_cons: 18.160857599666457
finished_reconf: true
global_termination_time: 170389.168
local_termination_time: 29788.589359999998
node_cons: 3463.083042238301
tot_aggregated_send: 1914
tot_msg_rcv: 267
tot_msg_sent: 579
tot_reconf_duration: 6.22
tot_sleeping_duration: 167809.15584000127
tot_uptimes: 44
tot_uptimes_duration: 2580.0121599987324
