comms_cons: 89.21211519176366
finished_reconf: true
global_termination_time: 865867.951
local_termination_time: 369774.7969600001
node_cons: 17775.708226710198
tot_aggregated_send: 11310
tot_msg_rcv: 749
tot_msg_sent: 1500
tot_reconf_duration: 15.110000000000001
tot_sleeping_duration: 852607.9145200073
tot_uptimes: 222
tot_uptimes_duration: 13260.036479992676
