comms_cons: 89.64527359275729
finished_reconf: true
global_termination_time: 864229.914
local_termination_time: 142460.80436000004
node_cons: 17761.720826710214
tot_aggregated_send: 11484
tot_msg_rcv: 803
tot_msg_sent: 1337
tot_reconf_duration: 4.8100000000000005
tot_sleeping_duration: 850969.8775200073
tot_uptimes: 222
tot_uptimes_duration: 13260.036479992676
