comms_cons: 89.49864319115423
finished_reconf: true
global_termination_time: 864046.705
local_termination_time: 31485.651359999996
node_cons: 17770.580391191335
tot_aggregated_send: 11078
tot_msg_rcv: 823
tot_msg_sent: 1701
tot_reconf_duration: 11.31
tot_sleeping_duration: 850786.6442000064
tot_uptimes: 222
tot_uptimes_duration: 13260.060799993516
