comms_cons: 87.31256319614013
finished_reconf: true
global_termination_time: 863842.455
local_termination_time: 160449.77464000086
node_cons: 17762.55464559797
tot_aggregated_send: 11658
tot_msg_rcv: 451
tot_msg_sent: 1162
tot_reconf_duration: 5.43
tot_sleeping_duration: 850582.4246000015
tot_uptimes: 222
tot_uptimes_duration: 13260.030399998475
