comms_cons: 2.519833599991673
finished_reconf: true
global_termination_time: 17987.188
local_termination_time: 7904.80836
node_cons: 325.5426399999999
tot_aggregated_send: 0
tot_msg_rcv: 208
tot_msg_sent: 175
tot_reconf_duration: 3.08
tot_sleeping_duration: 17747.188
tot_uptimes: 5
tot_uptimes_duration: 240.0
