comms_cons: 1.532953599997047
finished_reconf: true
global_termination_time: 18475.461
local_termination_time: 5955.81036
node_cons: 334.15236000000016
tot_aggregated_send: 0
tot_msg_rcv: 122
tot_msg_sent: 111
tot_reconf_duration: 9.42
tot_sleeping_duration: 18235.461
tot_uptimes: 5
tot_uptimes_duration: 240.0
