comms_cons: 1.7369087999942614
finished_reconf: true
global_termination_time: 18667.298
local_termination_time: 6527.92708
node_cons: 336.23009999999977
tot_aggregated_send: 0
tot_msg_rcv: 155
tot_msg_sent: 109
tot_reconf_duration: 10.95
tot_sleeping_duration: 18427.298
tot_uptimes: 5
tot_uptimes_duration: 240.0
