comms_cons: 2.6185215999913467
finished_reconf: true
global_termination_time: 16018.749
local_termination_time: 9473.342359999999
node_cons: 325.5100411200052
tot_aggregated_send: 0
tot_msg_rcv: 223
tot_msg_sent: 175
tot_reconf_duration: 3.05
tot_sleeping_duration: 15778.742919999995
tot_uptimes: 5
tot_uptimes_duration: 240.00608000000466
