comms_cons: 117.104435193088
finished_reconf: true
global_termination_time: 1149463.372
local_termination_time: 522245.898
node_cons: 23654.374387817847
tot_aggregated_send: 15291
tot_msg_rcv: 785
tot_msg_sent: 1724
tot_reconf_duration: 25.299999999999997
tot_sleeping_duration: 1131823.3294400165
tot_uptimes: 295
tot_uptimes_duration: 17640.04255998344
