comms_cons: 113.45172479793256
finished_reconf: true
global_termination_time: 1147579.293
local_termination_time: 918078.2630399984
node_cons: 23546.15198000011
tot_aggregated_send: 16124
tot_msg_rcv: 394
tot_msg_sent: 726
tot_reconf_duration: 4.8100000000000005
tot_sleeping_duration: 1129999.293
tot_uptimes: 294
tot_uptimes_duration: 17580.0
