comms_cons: 112.05223679722714
finished_reconf: true
global_termination_time: 1145639.889
local_termination_time: 505487.1408400001
node_cons: 23550.26398335054
tot_aggregated_send: 14906
tot_msg_rcv: 731
tot_msg_sent: 1396
tot_reconf_duration: 7.819999999999999
tot_sleeping_duration: 1128059.870760007
tot_uptimes: 294
tot_uptimes_duration: 17580.018239992904
