comms_cons: 118.92179841436584
finished_reconf: true
global_termination_time: 407685.4147200006
local_termination_time: 407685.3736000006
node_cons: 16645.312159199962
tot_aggregated_send: 0
tot_msg_rcv: 6093
tot_msg_sent: 11980
tot_reconf_duration: 24.59
tot_sleeping_duration: 395279.20192000066
tot_uptimes: 205
tot_uptimes_duration: 12406.212799999943
