comms_cons: 89.89721599837401
finished_reconf: true
global_termination_time: 913348.845
local_termination_time: 593828.58236
node_cons: 18729.839560000117
tot_aggregated_send: 13166
tot_msg_rcv: 156
tot_msg_sent: 341
tot_reconf_duration: 7.819999999999999
tot_sleeping_duration: 899368.845
tot_uptimes: 234
tot_uptimes_duration: 13980.0
