comms_cons: 38.712640000854336
finished_reconf: true
global_termination_time: 378189.468
local_termination_time: 35530.3601200001
node_cons: 7723.634361121445
tot_aggregated_send: 5104
tot_msg_rcv: 322
tot_msg_sent: 458
tot_reconf_duration: 8.09
tot_sleeping_duration: 372429.4619199989
tot_uptimes: 97
tot_uptimes_duration: 5760.006080001069
