comms_cons: 38.75932160058524
finished_reconf: true
global_termination_time: 379103.758
local_termination_time: 25869.94936
node_cons: 7801.434901121437
tot_aggregated_send: 4988
tot_msg_rcv: 269
tot_msg_sent: 634
tot_reconf_duration: 6.22
tot_sleeping_duration: 373283.7519199989
tot_uptimes: 98
tot_uptimes_duration: 5820.006080001069
