comms_cons: 17.105919999643586
finished_reconf: true
global_termination_time: 147481.32612000094
local_termination_time: 147481.32612000094
node_cons: 3091.858608157879
tot_aggregated_send: 1392
tot_msg_rcv: 393
tot_msg_sent: 812
tot_reconf_duration: 24.59
tot_sleeping_duration: 145197.18468000254
tot_uptimes: 38
tot_uptimes_duration: 2284.141439998406
