comms_cons: 17.675071999758977
finished_reconf: true
global_termination_time: 150801.223
local_termination_time: 7898.089280000002
node_cons: 3073.8168489563495
tot_aggregated_send: 1160
tot_msg_rcv: 543
tot_msg_sent: 984
tot_reconf_duration: 15.34
tot_sleeping_duration: 148521.17436000274
tot_uptimes: 39
tot_uptimes_duration: 2280.0486399972724
