comms_cons: 343.98875523677043
finished_reconf: true
global_termination_time: 3416176.76
local_termination_time: 2226587.1556000006
node_cons: 70322.93530558412
tot_aggregated_send: 47850
tot_msg_rcv: 1542
tot_msg_sent: 2891
tot_reconf_duration: 18.700000000000003
tot_sleeping_duration: 3363676.729600011
tot_uptimes: 875
tot_uptimes_duration: 52500.030399989104
