comms_cons: 344.179968051335
finished_reconf: true
global_termination_time: 3418484.372
local_termination_time: 1675606.2477999984
node_cons: 70308.16840670077
tot_aggregated_send: 47328
tot_msg_rcv: 1562
tot_msg_sent: 3423
tot_reconf_duration: 7.819999999999999
tot_sleeping_duration: 3365984.3355200132
tot_uptimes: 876
tot_uptimes_duration: 52500.03647998674
