comms_cons: 99.00527999077048
finished_reconf: true
global_termination_time: 986258.534
local_termination_time: 369685.64364000043
node_cons: 20256.76391340665
tot_aggregated_send: 12760
tot_msg_rcv: 798
tot_msg_sent: 1492
tot_reconf_duration: 8.09
tot_sleeping_duration: 971138.4610400249
tot_uptimes: 253
tot_uptimes_duration: 15120.072959975048
