comms_cons: 101.86606079287279
finished_reconf: true
global_termination_time: 988729.594
local_termination_time: 378492.7923600001
node_cons: 20343.244810069922
tot_aggregated_send: 13050
tot_msg_rcv: 863
tot_msg_sent: 1570
tot_reconf_duration: 12.629999999999999
tot_sleeping_duration: 973549.5392800076
tot_uptimes: 254
tot_uptimes_duration: 15180.054719992448
