comms_cons: 99.56961279654564
finished_reconf: true
global_termination_time: 990065.054
local_termination_time: 684170.5724799999
node_cons: 20331.989761116878
tot_aggregated_send: 13804
tot_msg_rcv: 463
tot_msg_sent: 867
tot_reconf_duration: 4.390000000000001
tot_sleeping_duration: 974885.0479200024
tot_uptimes: 254
tot_uptimes_duration: 15180.006079997635
