comms_cons: 25.171046398710924
finished_reconf: true
global_termination_time: 128270.40887999968
local_termination_time: 920.3263599999999
node_cons: 2624.1605945578845
tot_aggregated_send: 0
tot_msg_rcv: 1945
tot_msg_sent: 1879
tot_reconf_duration: 4.390000000000001
tot_sleeping_duration: 126315.06984000126
tot_uptimes: 33
tot_uptimes_duration: 1955.33903999842
