comms_cons: 109.44207359443409
finished_reconf: true
global_termination_time: 128269.80887999973
local_termination_time: 128269.76775999974
node_cons: 12558.935730518018
tot_aggregated_send: 0
tot_msg_rcv: 7599
tot_msg_sent: 9035
tot_reconf_duration: 24.59
tot_sleeping_duration: 118915.40820000121
tot_uptimes: 153
tot_uptimes_duration: 9354.400679998515
