comms_cons: 2.2698239999924996
finished_reconf: true
global_termination_time: 12699.941
local_termination_time: 9181.298360000003
node_cons: 248.58406000000207
tot_aggregated_send: 0
tot_msg_rcv: 176
tot_msg_sent: 169
tot_reconf_duration: 5.57
tot_sleeping_duration: 12519.941
tot_uptimes: 4
tot_uptimes_duration: 180.0
