comms_cons: 71.5224831997254
finished_reconf: true
global_termination_time: 725287.82
local_termination_time: 47319.41336000001
node_cons: 14871.428240000021
tot_aggregated_send: 10382
tot_msg_rcv: 146
tot_msg_sent: 343
tot_reconf_duration: 6.279999999999999
tot_sleeping_duration: 714187.82
tot_uptimes: 186
tot_uptimes_duration: 11100.0
