comms_cons: 30.30556160048429
finished_reconf: true
global_termination_time: 297261.16
local_termination_time: 141137.87564000086
node_cons: 6113.404060000015
tot_aggregated_send: 4060
tot_msg_rcv: 203
tot_msg_sent: 343
tot_reconf_duration: 5.57
tot_sleeping_duration: 292701.16
tot_uptimes: 77
tot_uptimes_duration: 4560.0
