comms_cons: 283.9032128161031
finished_reconf: true
global_termination_time: 2810045.828
local_termination_time: 1592942.3316399981
node_cons: 57853.35266335472
tot_aggregated_send: 39092
tot_msg_rcv: 1391
tot_msg_sent: 2669
tot_reconf_duration: 6.279999999999999
tot_sleeping_duration: 2766845.8097600034
tot_uptimes: 720
tot_uptimes_duration: 43200.0182399968
