comms_cons: 13.797209599555364
finished_reconf: true
global_termination_time: 139722.584
local_termination_time: 7306.429
node_cons: 2817.3210878351997
tot_aggregated_send: 984
tot_msg_rcv: 406
tot_msg_sent: 707
tot_reconf_duration: 3.95
tot_sleeping_duration: 137622.54144000358
tot_uptimes: 36
tot_uptimes_duration: 2100.0425599964146
