comms_cons: 15.463628799417776
finished_reconf: true
global_termination_time: 134348.376
local_termination_time: 1064.5921200000003
node_cons: 2741.658046719468
tot_aggregated_send: 696
tot_msg_rcv: 824
tot_msg_sent: 830
tot_reconf_duration: 7.3999999999999995
tot_sleeping_duration: 132308.3395200004
tot_uptimes: 35
tot_uptimes_duration: 2040.0364799996023
