comms_cons: 15.484761599833133
finished_reconf: true
global_termination_time: 133914.541
local_termination_time: 1002.81612
node_cons: 2737.7633233585943
tot_aggregated_send: 986
tot_msg_rcv: 636
tot_msg_sent: 732
tot_reconf_duration: 4.55
tot_sleeping_duration: 131874.52276000107
tot_uptimes: 35
tot_uptimes_duration: 2040.0182399989499
