comms_cons: 12.469190399782457
finished_reconf: true
global_termination_time: 134365.014
local_termination_time: 7035.412
node_cons: 2736.695942239443
tot_aggregated_send: 925
tot_msg_rcv: 375
tot_msg_sent: 595
tot_reconf_duration: 3.77
tot_sleeping_duration: 132325.00184000042
tot_uptimes: 35
tot_uptimes_duration: 2040.0121599995837
