comms_cons: 94.32282879669216
finished_reconf: true
global_termination_time: 918789.183
local_termination_time: 260096.76988000044
node_cons: 18885.910466714835
tot_aggregated_send: 12064
tot_msg_rcv: 756
tot_msg_sent: 1516
tot_reconf_duration: 4.390000000000001
tot_sleeping_duration: 904689.1465200039
tot_uptimes: 236
tot_uptimes_duration: 14100.03647999611
