comms_cons: 89.9411007994624
finished_reconf: true
global_termination_time: 920126.295
local_termination_time: 641891.4304799999
node_cons: 18884.058182233755
tot_aggregated_send: 12354
tot_msg_rcv: 434
tot_msg_sent: 883
tot_reconf_duration: 3.05
tot_sleeping_duration: 906026.2828400048
tot_uptimes: 236
tot_uptimes_duration: 14100.012159995269
