comms_cons: 134.83900799619272
finished_reconf: true
global_termination_time: 1350339.218
local_termination_time: 325791.1330800002
node_cons: 27737.819380000026
tot_aggregated_send: 19140
tot_msg_rcv: 498
tot_msg_sent: 856
tot_reconf_duration: 15.110000000000001
tot_sleeping_duration: 1329639.218
tot_uptimes: 346
tot_uptimes_duration: 20700.0
