comms_cons: 136.65623678883048
finished_reconf: true
global_termination_time: 1351464.962
local_termination_time: 121579.39183999994
node_cons: 27808.29212446738
tot_aggregated_send: 18270
tot_msg_rcv: 700
tot_msg_sent: 1799
tot_reconf_duration: 7.819999999999999
tot_sleeping_duration: 1330704.9376800095
tot_uptimes: 347
tot_uptimes_duration: 20760.024319990538
