comms_cons: 639.2883905215335
finished_reconf: true
global_termination_time: 6384914.679
local_termination_time: 1096614.5323599998
node_cons: 131361.91860781502
tot_aggregated_send: 89262
tot_msg_rcv: 2690
tot_msg_sent: 5216
tot_reconf_duration: 4.390000000000001
tot_sleeping_duration: 6286814.6364400145
tot_uptimes: 1636
tot_uptimes_duration: 98100.0425599846
