comms_cons: 114.72808959111563
finished_reconf: true
global_termination_time: 1129393.073
local_termination_time: 75328.19135999997
node_cons: 23224.800121116867
tot_aggregated_send: 15312
tot_msg_rcv: 677
tot_msg_sent: 1449
tot_reconf_duration: 4.8100000000000005
tot_sleeping_duration: 1112053.0669200025
tot_uptimes: 290
tot_uptimes_duration: 17340.006079997635
