comms_cons: 111.70165759845648
finished_reconf: true
global_termination_time: 1128060.049
local_termination_time: 558757.0453599999
node_cons: 23143.881620000055
tot_aggregated_send: 16182
tot_msg_rcv: 278
tot_msg_sent: 518
tot_reconf_duration: 4.390000000000001
tot_sleeping_duration: 1110780.049
tot_uptimes: 289
tot_uptimes_duration: 17280.0
