comms_cons: 125.4324479928317
finished_reconf: true
global_termination_time: 1228908.176
local_termination_time: 71313.37695999964
node_cons: 25251.57873231279
tot_aggregated_send: 16762
tot_msg_rcv: 854
tot_msg_sent: 1449
tot_reconf_duration: 18.21
tot_sleeping_duration: 1210068.1091200053
tot_uptimes: 315
tot_uptimes_duration: 18840.066879994585
