comms_cons: 128.57535998711668
finished_reconf: true
global_termination_time: 1227993.412
local_termination_time: 443405.22188000043
node_cons: 25233.348967822458
tot_aggregated_send: 15950
tot_msg_rcv: 1319
tot_msg_sent: 2271
tot_reconf_duration: 4.8100000000000005
tot_sleeping_duration: 1209153.369440013
tot_uptimes: 315
tot_uptimes_duration: 18840.042559986876
