comms_cons: 128.5384575855001
finished_reconf: true
global_termination_time: 1232901.388
local_termination_time: 86517.74275999948
node_cons: 25313.12674895309
tot_aggregated_send: 16182
tot_msg_rcv: 1259
tot_msg_sent: 2097
tot_reconf_duration: 4.390000000000001
tot_sleeping_duration: 1214001.3393600052
tot_uptimes: 316
tot_uptimes_duration: 18900.048639994813
