comms_cons: 242.45221744958639
finished_reconf: true
global_termination_time: 1233013.778
local_termination_time: 443410.9599200007
node_cons: 25315.579324471924
tot_aggregated_send: 0
tot_msg_rcv: 18577
tot_msg_sent: 18274
tot_reconf_duration: 6.22
tot_sleeping_duration: 1214113.753680006
tot_uptimes: 316
tot_uptimes_duration: 18900.024319993972
