comms_cons: 270.3354943880648
finished_reconf: true
global_termination_time: 2729036.7
local_termination_time: 618684.766879999
node_cons: 56084.90848335438
tot_aggregated_send: 38222
tot_msg_rcv: 1008
tot_msg_sent: 1859
tot_reconf_duration: 5.57
tot_sleeping_duration: 2687156.681760004
tot_uptimes: 699
tot_uptimes_duration: 41880.01823999657
