comms_cons: 270.7927039787777
finished_reconf: true
global_termination_time: 2730903.073
local_termination_time: 1920908.6684399995
node_cons: 56164.61022335395
tot_aggregated_send: 37468
tot_msg_rcv: 1308
tot_msg_sent: 2382
tot_reconf_duration: 5.1
tot_sleeping_duration: 2688963.0547600035
tot_uptimes: 700
tot_uptimes_duration: 41940.01823999634
