comms_cons: 278.18960001446175
finished_reconf: true
global_termination_time: 2730559.168
local_termination_time: 898927.701999999
node_cons: 56163.64604334955
tot_aggregated_send: 37410
tot_msg_rcv: 1739
tot_msg_sent: 3133
tot_reconf_duration: 4.390000000000001
tot_sleeping_duration: 2688619.149760007
tot_uptimes: 700
tot_uptimes_duration: 41940.0182399929
