comms_cons: 227.2718847900004
finished_reconf: true
global_termination_time: 2235959.65
local_termination_time: 962157.6917999994
node_cons: 45985.26312335033
tot_aggregated_send: 30798
tot_msg_rcv: 1384
tot_msg_sent: 2362
tot_reconf_duration: 22.65
tot_sleeping_duration: 2201639.631760007
tot_uptimes: 573
tot_uptimes_duration: 34320.01823999314
