comms_cons: 223.2904959848373
finished_reconf: true
global_termination_time: 2232513.313
local_termination_time: 619523.5289199994
node_cons: 45878.32260558371
tot_aggregated_send: 31378
tot_msg_rcv: 877
tot_msg_sent: 1683
tot_reconf_duration: 3.05
tot_sleeping_duration: 2198253.2826000117
tot_uptimes: 572
tot_uptimes_duration: 34260.03039998817
