comms_cons: 439.86826216011616
finished_reconf: true
global_termination_time: 2232503.8655999973
local_termination_time: 557.9610399999993
node_cons: 45903.18861398038
tot_aggregated_send: 0
tot_msg_rcv: 33725
tot_msg_sent: 33130
tot_reconf_duration: 6.22
tot_sleeping_duration: 2198228.4796000114
tot_uptimes: 572
tot_uptimes_duration: 34275.38599998574
