comms_cons: 40.99671040090394
finished_reconf: true
global_termination_time: 48759.607160000065
local_termination_time: 48759.56604000006
node_cons: 4823.297120081285
tot_aggregated_send: 0
tot_msg_rcv: 2775
tot_msg_sent: 3454
tot_reconf_duration: 24.59
tot_sleeping_duration: 45182.38243999911
tot_uptimes: 58
tot_uptimes_duration: 3577.224720000956
