comms_cons: 9.721139200124382
finished_reconf: true
global_termination_time: 50272.631
local_termination_time: 2803.0713600000004
node_cons: 968.2219000000005
tot_aggregated_send: 0
tot_msg_rcv: 779
tot_msg_sent: 697
tot_reconf_duration: 3.05
tot_sleeping_duration: 49552.631
tot_uptimes: 13
tot_uptimes_duration: 720.0
