comms_cons: 9.737216000253163
finished_reconf: true
global_termination_time: 50050.824
local_termination_time: 2653.3353600000005
node_cons: 972.5267600000018
tot_aggregated_send: 0
tot_msg_rcv: 786
tot_msg_sent: 693
tot_reconf_duration: 6.22
tot_sleeping_duration: 49330.824
tot_uptimes: 13
tot_uptimes_duration: 720.0
