comms_cons: 370.7905536299084
finished_reconf: true
global_termination_time: 3754049.927
local_termination_time: 427561.09880000027
node_cons: 77222.1396855826
tot_aggregated_send: 51910
tot_msg_rcv: 1404
tot_msg_sent: 3044
tot_reconf_duration: 11.31
tot_sleeping_duration: 3696389.8966000117
tot_uptimes: 962
tot_uptimes_duration: 57660.030399988405
