comms_cons: 89.12184319943849
finished_reconf: true
global_termination_time: 907273.123
local_termination_time: 686223.1493599999
node_cons: 18643.02190000009
tot_aggregated_send: 13340
tot_msg_rcv: 92
tot_msg_sent: 114
tot_reconf_duration: 3.05
tot_sleeping_duration: 893353.123
tot_uptimes: 233
tot_uptimes_duration: 13920.0
