comms_cons: 90.21524479824579
finished_reconf: true
global_termination_time: 907324.569
local_termination_time: 506934.32236000005
node_cons: 18649.50770111687
tot_aggregated_send: 12876
tot_msg_rcv: 262
tot_msg_sent: 574
tot_reconf_duration: 7.819999999999999
tot_sleeping_duration: 893404.5629200024
tot_uptimes: 233
tot_uptimes_duration: 13920.006079997635
