comms_cons: 782.8520204870249
finished_reconf: true
global_termination_time: 3962378.8835999975
local_termination_time: 3498.5904800000003
node_cons: 81510.08289286526
tot_aggregated_send: 0
tot_msg_rcv: 60175
tot_msg_sent: 58813
tot_reconf_duration: 18.21
tot_sleeping_duration: 3901523.503680007
tot_uptimes: 1015
tot_uptimes_duration: 60855.37991999053
