comms_cons: 397.2224000372258
finished_reconf: true
global_termination_time: 3963839.708
local_termination_time: 393795.1243600001
node_cons: 81551.69710893783
tot_aggregated_send: 55738
tot_msg_rcv: 1553
tot_msg_sent: 3083
tot_reconf_duration: 4.8100000000000005
tot_sleeping_duration: 3902939.659360015
tot_uptimes: 1016
tot_uptimes_duration: 60900.048639984976
