comms_cons: 57.95655040007971
finished_reconf: true
global_termination_time: 581111.245
local_termination_time: 396984.8943600001
node_cons: 11915.065462242907
tot_aggregated_send: 7946
tot_msg_rcv: 239
tot_msg_sent: 623
tot_reconf_duration: 18.21
tot_sleeping_duration: 572231.2328399979
tot_uptimes: 149
tot_uptimes_duration: 8880.012160002138
