comms_cons: 57.903539197717016
finished_reconf: true
global_termination_time: 579964.629
local_termination_time: 253133.0578800009
node_cons: 11914.472665442681
tot_aggregated_send: 8062
tot_msg_rcv: 223
tot_msg_sent: 516
tot_reconf_duration: 13.17
tot_sleeping_duration: 571079.948039998
tot_uptimes: 149
tot_uptimes_duration: 8884.680960001977
