comms_cons: 60.02657920029296
finished_reconf: true
global_termination_time: 579366.308
local_termination_time: 309837.59220000065
node_cons: 11897.718363364298
tot_aggregated_send: 7540
tot_msg_rcv: 540
tot_msg_sent: 1043
tot_reconf_duration: 5.43
tot_sleeping_duration: 570486.2897599967
tot_uptimes: 149
tot_uptimes_duration: 8880.018240003206
