comms_cons: 60.86417920069627
finished_reconf: true
global_termination_time: 577234.6825199983
local_termination_time: 54318.29060000011
node_cons: 11907.774762006246
tot_aggregated_send: 7482
tot_msg_rcv: 681
tot_msg_sent: 1087
tot_reconf_duration: 15.34
tot_sleeping_duration: 568357.2045199936
tot_uptimes: 148
tot_uptimes_duration: 8877.47800000466
