comms_cons: 74.06021119997028
finished_reconf: true
global_termination_time: 746768.621
local_termination_time: 7032.352
node_cons: 15355.233605603473
tot_aggregated_send: 9910
tot_msg_rcv: 473
tot_msg_sent: 874
tot_reconf_duration: 7.55
tot_sleeping_duration: 735308.5905999974
tot_uptimes: 192
tot_uptimes_duration: 11460.030400002577
