comms_cons: 61.00892159886692
finished_reconf: true
global_termination_time: 619468.074
local_termination_time: 7370.317
node_cons: 12701.7077422406
tot_aggregated_send: 8868
tot_msg_rcv: 113
tot_msg_sent: 292
tot_reconf_duration: 5.87
tot_sleeping_duration: 609988.0618399995
tot_uptimes: 159
tot_uptimes_duration: 9480.012160000435
