comms_cons: 849.5124752015566
finished_reconf: true
global_termination_time: 4325098.0995999975
local_termination_time: 1137.5764800000024
node_cons: 88981.7191751015
tot_aggregated_send: 0
tot_msg_rcv: 64907
tot_msg_sent: 64208
tot_reconf_duration: 18.21
tot_sleeping_duration: 4258662.70752001
tot_uptimes: 1108
tot_uptimes_duration: 66435.39207998797
