comms_cons: 424.5656768288996
finished_reconf: true
global_termination_time: 4325970.306
local_termination_time: 2256346.6507200003
node_cons: 88944.92452223194
tot_aggregated_send: 60958
tot_msg_rcv: 1132
tot_msg_sent: 2441
tot_reconf_duration: 6.279999999999999
tot_sleeping_duration: 4259550.293840005
tot_uptimes: 1108
tot_uptimes_duration: 66420.0121599955
