comms_cons: 431.6479040612352
finished_reconf: true
global_termination_time: 4328760.222
local_termination_time: 262281.7937200006
node_cons: 89047.57639340611
tot_aggregated_send: 61074
tot_msg_rcv: 1462
tot_msg_sent: 3068
tot_reconf_duration: 22.65
tot_sleeping_duration: 4262280.149040024
tot_uptimes: 1109
tot_uptimes_duration: 66480.07295997645
