comms_cons: 427.1085056466275
finished_reconf: true
global_termination_time: 4329103.064
local_termination_time: 1263892.7323599998
node_cons: 89029.58563005028
tot_aggregated_send: 60494
tot_msg_rcv: 1402
tot_msg_sent: 3022
tot_reconf_duration: 9.42
tot_sleeping_duration: 4262623.00928002
tot_uptimes: 1109
tot_uptimes_duration: 66480.05471997964
