comms_cons: 436.9304128834819
finished_reconf: true
global_termination_time: 4327119.549
local_termination_time: 109027.20159999994
node_cons: 89031.65522893352
tot_aggregated_send: 60030
tot_msg_rcv: 2189
tot_msg_sent: 4192
tot_reconf_duration: 10.95
tot_sleeping_duration: 4260639.500360018
tot_uptimes: 1109
tot_uptimes_duration: 66480.04863998201
