comms_cons: 432.14448003592804
finished_reconf: true
global_termination_time: 4328672.897
local_termination_time: 444079.5093600001
node_cons: 89020.94331116788
tot_aggregated_send: 61074
tot_msg_rcv: 1521
tot_msg_sent: 3089
tot_reconf_duration: 3.05
tot_sleeping_duration: 4262192.836200022
tot_uptimes: 1109
tot_uptimes_duration: 66480.06079997774
