comms_cons: 429.72702722912635
finished_reconf: true
global_termination_time: 4325312.218
local_termination_time: 1866627.9194799997
node_cons: 88943.81092781662
tot_aggregated_send: 59624
tot_msg_rcv: 1979
tot_msg_sent: 3713
tot_reconf_duration: 5.43
tot_sleeping_duration: 4258892.175440016
tot_uptimes: 1108
tot_uptimes_duration: 66420.04255998437
