comms_cons: 14.950425599464799
finished_reconf: true
global_termination_time: 113784.3648399994
local_termination_time: 113784.3648399994
node_cons: 2453.5261362366423
tot_aggregated_send: 812
tot_msg_rcv: 522
tot_msg_sent: 937
tot_reconf_duration: 24.59
tot_sleeping_duration: 111976.9466800019
tot_uptimes: 30
tot_uptimes_duration: 1807.4181599974982
