comms_cons: 11.488473599948371
finished_reconf: true
global_termination_time: 113785.08695999987
local_termination_time: 113770.74135999997
node_cons: 2370.2282674398175
tot_aggregated_send: 1450
tot_msg_rcv: 55
tot_msg_sent: 242
tot_reconf_duration: 6.279999999999999
tot_sleeping_duration: 112021.308
tot_uptimes: 30
tot_uptimes_duration: 1763.778959999865
