comms_cons: 14.254003199921755
finished_reconf: true
global_termination_time: 116181.86
local_termination_time: 51122.94236000001
node_cons: 2336.416403359448
tot_aggregated_send: 1044
tot_msg_rcv: 484
tot_msg_sent: 639
tot_reconf_duration: 4.8100000000000005
tot_sleeping_duration: 114441.84176000042
tot_uptimes: 30
tot_uptimes_duration: 1740.0182399995902
