comms_cons: 19.40864000014475
finished_reconf: true
global_termination_time: 187823.632
local_termination_time: 114774.41735999996
node_cons: 3862.297902242862
tot_aggregated_send: 2378
tot_msg_rcv: 168
tot_msg_sent: 404
tot_reconf_duration: 4.390000000000001
tot_sleeping_duration: 184943.61983999787
tot_uptimes: 49
tot_uptimes_duration: 2880.0121600021375
