comms_cons: 110.4121343983661
finished_reconf: true
global_termination_time: 1147458.903
local_termination_time: 5739.293
node_cons: 23574.053441116874
tot_aggregated_send: 16447
tot_msg_rcv: 103
tot_msg_sent: 232
tot_reconf_duration: 25.35
tot_sleeping_duration: 1129878.8969200023
tot_uptimes: 294
tot_uptimes_duration: 17580.006079997638
