comms_cons: 109.8463231978329
finished_reconf: true
global_termination_time: 1141284.511
local_termination_time: 4887.552000000001
node_cons: 23475.195760000035
tot_aggregated_send: 16054
tot_msg_rcv: 231
tot_msg_sent: 411
tot_reconf_duration: 11.719999999999999
tot_sleeping_duration: 1123764.511
tot_uptimes: 293
tot_uptimes_duration: 17520.0
