comms_cons: 117.83965439573682
finished_reconf: true
global_termination_time: 300276.655
local_termination_time: 31703.650360000007
node_cons: 29915.98911331747
tot_aggregated_send: 0
tot_msg_rcv: 8178
tot_msg_sent: 9733
tot_reconf_duration: 4.390000000000001
tot_sleeping_duration: 277939.069120002
tot_uptimes: 360
tot_uptimes_duration: 22337.585879998078
