comms_cons: 28.797158399999326
finished_reconf: true
global_termination_time: 303328.271
local_termination_time: 69095.22535999997
node_cons: 6196.799560000016
tot_aggregated_send: 4118
tot_msg_rcv: 47
tot_msg_sent: 212
tot_reconf_duration: 7.819999999999999
tot_sleeping_duration: 298708.271
tot_uptimes: 78
tot_uptimes_duration: 4620.0
