comms_cons: 74.19363839873479
finished_reconf: true
global_termination_time: 731371.777
local_termination_time: 322896.6726400008
node_cons: 15030.538364481115
tot_aggregated_send: 9628
tot_msg_rcv: 544
tot_msg_sent: 1105
tot_reconf_duration: 5.1
tot_sleeping_duration: 720151.7526799992
tot_uptimes: 188
tot_uptimes_duration: 11220.02432000084
