comms_cons: 73.832371198859
finished_reconf: true
global_termination_time: 729619.063
local_termination_time: 114380.77535999997
node_cons: 14961.141142242881
tot_aggregated_send: 9628
tot_msg_rcv: 556
tot_msg_sent: 1039
tot_reconf_duration: 13.17
tot_sleeping_duration: 718459.0508399978
tot_uptimes: 187
tot_uptimes_duration: 11160.012160002138
