comms_cons: 73.61466879962006
finished_reconf: true
global_termination_time: 732257.816
local_termination_time: 374908.4394800001
node_cons: 15034.58250223832
tot_aggregated_send: 9976
tot_msg_rcv: 462
tot_msg_sent: 751
tot_reconf_duration: 8.09
tot_sleeping_duration: 721037.8038400012
tot_uptimes: 188
tot_uptimes_duration: 11220.012159998703
