comms_cons: 71.82240640050225
finished_reconf: true
global_termination_time: 732895.589
local_termination_time: 338318.81868000026
node_cons: 15044.115662242863
tot_aggregated_send: 9744
tot_msg_rcv: 390
tot_msg_sent: 782
tot_reconf_duration: 15.110000000000001
tot_sleeping_duration: 721675.5768399979
tot_uptimes: 188
tot_uptimes_duration: 11220.012160002138
