comms_cons: 73.57582079923733
finished_reconf: true
global_termination_time: 732408.637
local_termination_time: 145219.77324000048
node_cons: 15039.756482242876
tot_aggregated_send: 10150
tot_msg_rcv: 369
tot_msg_sent: 664
tot_reconf_duration: 11.899999999999999
tot_sleeping_duration: 721188.6248399979
tot_uptimes: 188
tot_uptimes_duration: 11220.012160002138
