comms_cons: 75.87868799428324
finished_reconf: true
global_termination_time: 732208.536
local_termination_time: 228852.84836000006
node_cons: 15032.051183364321
tot_aggregated_send: 9628
tot_msg_rcv: 689
tot_msg_sent: 1216
tot_reconf_duration: 6.22
tot_sleeping_duration: 720988.5177599967
tot_uptimes: 188
tot_uptimes_duration: 11220.01824000321
