comms_cons: 74.85939199761175
finished_reconf: true
global_termination_time: 733771.093
local_termination_time: 316704.73272000055
node_cons: 15038.94712112145
tot_aggregated_send: 9686
tot_msg_rcv: 547
tot_msg_sent: 1147
tot_reconf_duration: 11.31
tot_sleeping_duration: 722551.086919999
tot_uptimes: 188
tot_uptimes_duration: 11220.006080001069
