comms_cons: 9.55755520007563
finished_reconf: true
global_termination_time: 77496.421
local_termination_time: 40703.296360000015
node_cons: 1543.6278222405886
tot_aggregated_send: 522
tot_msg_rcv: 356
tot_msg_sent: 575
tot_reconf_duration: 12.629999999999999
tot_sleeping_duration: 76356.40883999957
tot_uptimes: 20
tot_uptimes_duration: 1140.012160000435
