comms_cons: 11.092531199940023
finished_reconf: true
global_termination_time: 81445.919
local_termination_time: 29640.150200000004
node_cons: 1610.9663233608771
tot_aggregated_send: 406
tot_msg_rcv: 518
tot_msg_sent: 762
tot_reconf_duration: 3.05
tot_sleeping_duration: 80245.90075999935
tot_uptimes: 21
tot_uptimes_duration: 1200.0182400006524
