comms_cons: 136.9841471839636
finished_reconf: true
global_termination_time: 1342187.646
local_termination_time: 60835.58748000001
node_cons: 27563.176403355137
tot_aggregated_send: 18154
tot_msg_rcv: 924
tot_msg_sent: 1742
tot_reconf_duration: 4.8100000000000005
tot_sleeping_duration: 1321607.6277600038
tot_uptimes: 344
tot_uptimes_duration: 20580.018239996338
