comms_cons: 263.0620414236066
finished_reconf: true
global_termination_time: 1336981.2536
local_termination_time: 1038.4893600000005
node_cons: 27500.999330633567
tot_aggregated_send: 0
tot_msg_rcv: 20136
tot_msg_sent: 19846
tot_reconf_duration: 3.05
tot_sleeping_duration: 1316445.8858400048
tot_uptimes: 343
tot_uptimes_duration: 20535.367759995162
