comms_cons: 2.329036799992304
finished_reconf: true
global_termination_time: 13632.416240000004
local_termination_time: 8086.077359999999
node_cons: 266.9236493600036
tot_aggregated_send: 0
tot_msg_rcv: 180
tot_msg_sent: 174
tot_reconf_duration: 3.05
tot_sleeping_duration: 13436.164
tot_uptimes: 4
tot_uptimes_duration: 196.25224000000344
