comms_cons: 289.6755967997872
finished_reconf: true
global_termination_time: 2927604.273
local_termination_time: 596947.3473599999
node_cons: 60178.82632334943
tot_aggregated_send: 41354
tot_msg_rcv: 928
tot_msg_sent: 1747
tot_reconf_duration: 3.05
tot_sleeping_duration: 2882664.254760007
tot_uptimes: 750
tot_uptimes_duration: 44940.0182399929
