comms_cons: 277.2555199888766
finished_reconf: true
global_termination_time: 2798859.522
local_termination_time: 517714.2743600001
node_cons: 57548.21802670001
tot_aggregated_send: 39092
tot_msg_rcv: 1082
tot_msg_sent: 1968
tot_reconf_duration: 18.21
tot_sleeping_duration: 2755899.485520014
tot_uptimes: 717
tot_uptimes_duration: 42960.03647998581
