comms_cons: 283.40327679077575
finished_reconf: true
global_termination_time: 2800882.713
local_termination_time: 481314.6424000009
node_cons: 57608.01214856327
tot_aggregated_send: 37700
tot_msg_rcv: 1763
tot_msg_sent: 3612
tot_reconf_duration: 3.05
tot_sleeping_duration: 2757862.645600027
tot_uptimes: 718
tot_uptimes_duration: 43020.06739997328
