comms_cons: 11.858227199772713
finished_reconf: true
global_termination_time: 105513.207
local_termination_time: 7060.873
node_cons: 2188.018127838053
tot_aggregated_send: 400
tot_msg_rcv: 526
tot_msg_sent: 877
tot_reconf_duration: 13.83
tot_sleeping_duration: 103893.16444000145
tot_uptimes: 28
tot_uptimes_duration: 1620.0425599985465
