comms_cons: 12.285311999550112
finished_reconf: true
global_termination_time: 105799.323
local_termination_time: 1324.2112400000003
node_cons: 2181.374771195797
tot_aggregated_send: 522
tot_msg_rcv: 492
tot_msg_sent: 853
tot_reconf_duration: 8.92
tot_sleeping_duration: 104179.26220000314
tot_uptimes: 28
tot_uptimes_duration: 1620.0607999968615
