comms_cons: 307.821030391436
finished_reconf: true
global_termination_time: 3141172.432
local_termination_time: 1659905.25536
node_cons: 64614.208002232444
tot_aggregated_send: 43790
tot_msg_rcv: 1033
tot_msg_sent: 1964
tot_reconf_duration: 15.34
tot_sleeping_duration: 3092932.4198400048
tot_uptimes: 805
tot_uptimes_duration: 48240.01215999527
