comms_cons: 318.87561602708274
finished_reconf: true
global_termination_time: 3144887.228
local_termination_time: 1200158.5285999998
node_cons: 64686.120226700434
tot_aggregated_send: 42920
tot_msg_rcv: 1774
tot_msg_sent: 3773
tot_reconf_duration: 9.11
tot_sleeping_duration: 3096587.191520014
tot_uptimes: 806
tot_uptimes_duration: 48300.03647998627
