comms_cons: 317.26245763106243
finished_reconf: true
global_termination_time: 3141422.019
local_termination_time: 1185603.7177999993
node_cons: 64613.92008558329
tot_aggregated_send: 43500
tot_msg_rcv: 1592
tot_msg_sent: 3129
tot_reconf_duration: 15.110000000000001
tot_sleeping_duration: 3093181.988600011
tot_uptimes: 805
tot_uptimes_duration: 48240.03039998864
