comms_cons: 315.1044352075902
finished_reconf: true
global_termination_time: 3146866.706
local_termination_time: 532724.6793599998
node_cons: 64699.15158781706
tot_aggregated_send: 43906
tot_msg_rcv: 1208
tot_msg_sent: 2779
tot_reconf_duration: 18.700000000000003
tot_sleeping_duration: 3098566.663440016
tot_uptimes: 806
tot_uptimes_duration: 48300.04255998391
