comms_cons: 312.053004816753
finished_reconf: true
global_termination_time: 3143609.468
local_termination_time: 1058415.4783599998
node_cons: 64684.3521244664
tot_aggregated_send: 43790
tot_msg_rcv: 1376
tot_msg_sent: 2264
tot_reconf_duration: 7.819999999999999
tot_sleeping_duration: 3095309.4436800093
tot_uptimes: 806
tot_uptimes_duration: 48300.02431999077
