comms_cons: 272.9897727980681
finished_reconf: true
global_termination_time: 2760507.285
local_termination_time: 1708111.9045599985
node_cons: 56728.56823999905
tot_aggregated_send: 39672
tot_msg_rcv: 663
tot_msg_sent: 1157
tot_reconf_duration: 6.279999999999999
tot_sleeping_duration: 2718147.285
tot_uptimes: 707
tot_uptimes_duration: 42360.0
