comms_cons: 176.5731967991658
finished_reconf: true
global_termination_time: 1848287.201
local_termination_time: 466173.30436000007
node_cons: 38011.447701121266
tot_aggregated_send: 26332
tot_msg_rcv: 162
tot_msg_sent: 344
tot_reconf_duration: 7.819999999999999
tot_sleeping_duration: 1819907.194919999
tot_uptimes: 474
tot_uptimes_duration: 28380.00608000107
