comms_cons: 183.73768319306456
finished_reconf: true
global_termination_time: 1847914.15424
local_termination_time: 140942.02148000005
node_cons: 38032.38379160276
tot_aggregated_send: 25926
tot_msg_rcv: 699
tot_msg_sent: 1301
tot_reconf_duration: 6.22
tot_sleeping_duration: 1819516.8898399977
tot_uptimes: 474
tot_uptimes_duration: 28397.264400002197
