comms_cons: 26.41548799996373
finished_reconf: true
global_termination_time: 270589.736
local_termination_time: 33529.50036000001
node_cons: 5568.189180000004
tot_aggregated_send: 3886
tot_msg_rcv: 30
tot_msg_sent: 99
tot_reconf_duration: 18.21
tot_sleeping_duration: 266449.736
tot_uptimes: 70
tot_uptimes_duration: 4140.0
