comms_cons: 26.481907200100434
finished_reconf: true
global_termination_time: 268932.227
local_termination_time: 96715.992
node_cons: 5517.842193840672
tot_aggregated_send: 3710
tot_msg_rcv: 85
tot_msg_sent: 229
tot_reconf_duration: 22.65
tot_sleeping_duration: 264834.3304399995
tot_uptimes: 69
tot_uptimes_duration: 4097.8965600004885
