comms_cons: 26.908928000164376
finished_reconf: true
global_termination_time: 270080.026
local_termination_time: 63702.15360000002
node_cons: 5554.079560000005
tot_aggregated_send: 3886
tot_msg_rcv: 95
tot_msg_sent: 109
tot_reconf_duration: 7.819999999999999
tot_sleeping_duration: 265940.026
tot_uptimes: 70
tot_uptimes_duration: 4140.0
