comms_cons: 68.47036160107722
finished_reconf: true
global_termination_time: 694176.168
local_termination_time: 157581.6618400006
node_cons: 14227.12208224289
tot_aggregated_send: 9396
tot_msg_rcv: 314
tot_msg_sent: 697
tot_reconf_duration: 5.1
tot_sleeping_duration: 683556.1558399978
tot_uptimes: 178
tot_uptimes_duration: 10620.012160002138
