comms_cons: 68.78679040068896
finished_reconf: true
global_termination_time: 693208.669
local_termination_time: 270524.9687600009
node_cons: 14230.823983364322
tot_aggregated_send: 9396
tot_msg_rcv: 298
tot_msg_sent: 761
tot_reconf_duration: 7.819999999999999
tot_sleeping_duration: 682588.6507599968
tot_uptimes: 178
tot_uptimes_duration: 10620.018240003206
