comms_cons: 376.18729603332986
finished_reconf: true
global_termination_time: 3771008.479
local_termination_time: 1202897.1817999983
node_cons: 77534.11860781706
tot_aggregated_send: 52838
tot_msg_rcv: 1417
tot_msg_sent: 2923
tot_reconf_duration: 4.390000000000001
tot_sleeping_duration: 3713108.4364400157
tot_uptimes: 966
tot_uptimes_duration: 57900.04255998437
