comms_cons: 378.22028163773456
finished_reconf: true
global_termination_time: 3772327.617
local_termination_time: 2735067.0443599997
node_cons: 77623.82340334963
tot_aggregated_send: 52664
tot_msg_rcv: 1628
tot_msg_sent: 3195
tot_reconf_duration: 11.31
tot_sleeping_duration: 3714367.5987600065
tot_uptimes: 967
tot_uptimes_duration: 57960.0182399936
