comms_cons: 102.32629759705688
finished_reconf: true
global_termination_time: 1035721.378
local_termination_time: 593170.76536
node_cons: 21294.241900000095
tot_aggregated_send: 14732
tot_msg_rcv: 318
tot_msg_sent: 503
tot_reconf_duration: 3.05
tot_sleeping_duration: 1019821.378
tot_uptimes: 266
tot_uptimes_duration: 15900.0
