comms_cons: 524.6780417066973
finished_reconf: true
global_termination_time: 5278204.869
local_termination_time: 863134.81936
node_cons: 108550.04097116736
tot_aggregated_send: 73196
tot_msg_rcv: 2170
tot_msg_sent: 4382
tot_reconf_duration: 7.819999999999999
tot_sleeping_duration: 5197144.808200022
tot_uptimes: 1352
tot_uptimes_duration: 81060.06079997797
