comms_cons: 67.52890879998066
finished_reconf: true
global_termination_time: 659476.806
local_termination_time: 88926.76135999996
node_cons: 13505.66452224288
tot_aggregated_send: 8816
tot_msg_rcv: 523
tot_msg_sent: 925
tot_reconf_duration: 6.279999999999999
tot_sleeping_duration: 649396.7938399978
tot_uptimes: 169
tot_uptimes_duration: 10080.012160002138
