comms_cons: 66.2071167991024
finished_reconf: true
global_termination_time: 659197.181
local_termination_time: 391750.81899999996
node_cons: 13511.623945445715
tot_aggregated_send: 8928
tot_msg_rcv: 419
tot_msg_sent: 716
tot_reconf_duration: 7.819999999999999
tot_sleeping_duration: 649114.2800399958
tot_uptimes: 169
tot_uptimes_duration: 10082.900960004248
