comms_cons: 99.54987519897648
finished_reconf: true
global_termination_time: 1006177.902
local_termination_time: 201193.55928000037
node_cons: 20654.94406000004
tot_aggregated_send: 14384
tot_msg_rcv: 230
tot_msg_sent: 517
tot_reconf_duration: 5.57
tot_sleeping_duration: 990757.902
tot_uptimes: 258
tot_uptimes_duration: 15420.0
