comms_cons: 100.05052159848866
finished_reconf: true
global_termination_time: 1009713.292
local_termination_time: 142653.18336000005
node_cons: 20735.09394000002
tot_aggregated_send: 14384
tot_msg_rcv: 248
tot_msg_sent: 575
tot_reconf_duration: 5.43
tot_sleeping_duration: 994233.292
tot_uptimes: 259
tot_uptimes_duration: 15480.0
