comms_cons: 100.1228927964976
finished_reconf: true
global_termination_time: 1009322.364
local_termination_time: 269836.3008800009
node_cons: 20757.7170143213
tot_aggregated_send: 14500
tot_msg_rcv: 262
tot_msg_sent: 457
tot_reconf_duration: 15.34
tot_sleeping_duration: 993835.519119999
tot_uptimes: 259
tot_uptimes_duration: 15486.844880000921
