comms_cons: 66.74124800369377
finished_reconf: true
global_termination_time: 532466.1847199998
local_termination_time: 532466.1435999998
node_cons: 10978.272742739759
tot_aggregated_send: 4524
tot_msg_rcv: 2204
tot_msg_sent: 3414
tot_reconf_duration: 24.59
tot_sleeping_duration: 524292.264239985
tot_uptimes: 137
tot_uptimes_duration: 8173.920480014742
