comms_cons: 1.4803199999970014
finished_reconf: true
global_termination_time: 13247.555
local_termination_time: 6108.91736
node_cons: 258.9048600000001
tot_aggregated_send: 0
tot_msg_rcv: 119
tot_msg_sent: 106
tot_reconf_duration: 13.17
tot_sleeping_duration: 13067.555
tot_uptimes: 4
tot_uptimes_duration: 180.0
