comms_cons: 0.9276671999969369
finished_reconf: true
global_termination_time: 10352.582
local_termination_time: 7468.314359999999
node_cons: 175.55010000000098
tot_aggregated_send: 0
tot_msg_rcv: 76
tot_msg_sent: 65
tot_reconf_duration: 10.95
tot_sleeping_duration: 10232.581999999999
tot_uptimes: 3
tot_uptimes_duration: 120.0
