comms_cons: 38.62648320050984
finished_reconf: true
global_termination_time: 388320.349
local_termination_time: 17311.552800000005
node_cons: 7960.593941121444
tot_aggregated_send: 5452
tot_msg_rcv: 132
tot_msg_sent: 287
tot_reconf_duration: 5.1
tot_sleeping_duration: 382380.3429199989
tot_uptimes: 100
tot_uptimes_duration: 5940.006080001069
