comms_cons: 40.82261760027496
finished_reconf: true
global_termination_time: 387990.204
local_termination_time: 79969.49035999997
node_cons: 7964.654361119156
tot_aggregated_send: 4988
tot_msg_rcv: 465
tot_msg_sent: 751
tot_reconf_duration: 8.09
tot_sleeping_duration: 382050.19792000065
tot_uptimes: 100
tot_uptimes_duration: 5940.006079999366
