comms_cons: 40.27786240100986
finished_reconf: true
global_termination_time: 387101.836
local_termination_time: 13313.020800000002
node_cons: 7959.6297611214395
tot_aggregated_send: 5046
tot_msg_rcv: 383
tot_msg_sent: 693
tot_reconf_duration: 4.390000000000001
tot_sleeping_duration: 381161.82991999894
tot_uptimes: 100
tot_uptimes_duration: 5940.006080001069
