comms_cons: 40.07390720089781
finished_reconf: true
global_termination_time: 385967.674
local_termination_time: 66084.84935999998
node_cons: 7883.972124485743
tot_aggregated_send: 4988
tot_msg_rcv: 408
tot_msg_sent: 695
tot_reconf_duration: 7.819999999999999
tot_sleeping_duration: 380087.6496799957
tot_uptimes: 99
tot_uptimes_duration: 5880.024320004275
