comms_cons: 11.160832000112357
finished_reconf: true
global_termination_time: 84761.455
local_termination_time: 58950.54968000005
node_cons: 1707.6756622394432
tot_aggregated_send: 754
tot_msg_rcv: 481
tot_msg_sent: 461
tot_reconf_duration: 15.110000000000001
tot_sleeping_duration: 83501.44284000041
tot_uptimes: 22
tot_uptimes_duration: 1260.0121599995837
