comms_cons: 10.126016000023785
finished_reconf: true
global_termination_time: 84948.984
local_termination_time: 39662.591360000006
node_cons: 1717.906841120283
tot_aggregated_send: 638
tot_msg_rcv: 379
tot_msg_sent: 520
tot_reconf_duration: 22.65
tot_sleeping_duration: 83688.97791999977
tot_uptimes: 22
tot_uptimes_duration: 1260.0060800002175
