comms_cons: 11.81463680011126
finished_reconf: true
global_termination_time: 88206.736
local_termination_time: 50011.42392000015
node_cons: 1782.8634033594474
tot_aggregated_send: 522
tot_msg_rcv: 575
tot_msg_sent: 698
tot_reconf_duration: 11.31
tot_sleeping_duration: 86886.7177600004
tot_uptimes: 23
tot_uptimes_duration: 1320.0182399995902
