comms_cons: 231.50707199017165
finished_reconf: true
global_termination_time: 2313109.35748
local_termination_time: 2313109.3163599996
node_cons: 47630.52263102936
tot_aggregated_send: 32628
tot_msg_rcv: 857
tot_msg_sent: 1701
tot_reconf_duration: 37.410000000000004
tot_sleeping_duration: 2277575.5861200066
tot_uptimes: 593
tot_uptimes_duration: 35533.77135999272
