comms_cons: 230.36572799321175
finished_reconf: true
global_termination_time: 2313996.691
local_termination_time: 351733.4503600001
node_cons: 47568.84405999942
tot_aggregated_send: 32828
tot_msg_rcv: 683
tot_msg_sent: 1503
tot_reconf_duration: 5.57
tot_sleeping_duration: 2278476.691
tot_uptimes: 593
tot_uptimes_duration: 35520.0
