comms_cons: 230.70474240111005
finished_reconf: true
global_termination_time: 2313551.355
local_termination_time: 331972.86836
node_cons: 47577.440199999364
tot_aggregated_send: 33060
tot_msg_rcv: 740
tot_msg_sent: 1265
tot_reconf_duration: 11.899999999999999
tot_sleeping_duration: 2278031.355
tot_uptimes: 593
tot_uptimes_duration: 35520.0
