comms_cons: 238.73007359263366
finished_reconf: true
global_termination_time: 2316515.408
local_termination_time: 299654.4744800001
node_cons: 47645.85145228923
tot_aggregated_send: 30972
tot_msg_rcv: 1877
tot_msg_sent: 3436
tot_reconf_duration: 3.05
tot_sleeping_duration: 2280935.3411200223
tot_uptimes: 594
tot_uptimes_duration: 35580.066879977414
