comms_cons: 141.54296961303334
finished_reconf: true
global_termination_time: 293174.23520000017
local_termination_time: 2184.088040000001
node_cons: 17822.000279399435
tot_aggregated_send: 0
tot_msg_rcv: 8683
tot_msg_sent: 12831
tot_reconf_duration: 18.21
tot_sleeping_duration: 279882.77060000063
tot_uptimes: 217
tot_uptimes_duration: 13291.464599999563
