comms_cons: 239.44403200244733
finished_reconf: true
global_termination_time: 2423181.213
local_termination_time: 1305744.359
node_cons: 49817.84470319292
tot_aggregated_send: 35028
tot_msg_rcv: 439
tot_msg_sent: 927
tot_reconf_duration: 5.1
tot_sleeping_duration: 2385981.1242000046
tot_uptimes: 621
tot_uptimes_duration: 37200.08879999537
