comms_cons: 241.0092543926221
finished_reconf: true
global_termination_time: 2424215.845
local_termination_time: 602896.9813599999
node_cons: 49823.17137999929
tot_aggregated_send: 34626
tot_msg_rcv: 680
tot_msg_sent: 1326
tot_reconf_duration: 9.11
tot_sleeping_duration: 2387015.845
tot_uptimes: 621
tot_uptimes_duration: 37200.0
