comms_cons: 239.90776319279877
finished_reconf: true
global_termination_time: 2423607.299
local_termination_time: 1216358.7650000001
node_cons: 49845.63958463712
tot_aggregated_send: 34740
tot_msg_rcv: 570
tot_msg_sent: 1154
tot_reconf_duration: 18.700000000000003
tot_sleeping_duration: 2386400.245240002
tot_uptimes: 621
tot_uptimes_duration: 37207.053759998176
