comms_cons: 245.3330431876076
finished_reconf: true
global_termination_time: 2422877.094
local_termination_time: 1277733.5663599998
node_cons: 49819.31188893394
tot_aggregated_send: 33466
tot_msg_rcv: 1322
tot_msg_sent: 2501
tot_reconf_duration: 6.22
tot_sleeping_duration: 2385677.045360019
tot_uptimes: 621
tot_uptimes_duration: 37200.048639981076
