comms_cons: 480.1937343309044
finished_reconf: true
global_termination_time: 2421434.504599998
local_termination_time: 3188.757480000002
node_cons: 49846.80153957215
tot_aggregated_send: 0
tot_msg_rcv: 37009
tot_msg_sent: 35975
tot_reconf_duration: 11.31
tot_sleeping_duration: 2384219.0882000183
tot_uptimes: 621
tot_uptimes_duration: 37215.41639997972
