comms_cons: 90.23933439277022
finished_reconf: true
global_termination_time: 858591.8
local_termination_time: 125141.85459999995
node_cons: 17625.267546724022
tot_aggregated_send: 10672
tot_msg_rcv: 1026
tot_msg_sent: 2017
tot_reconf_duration: 22.65
tot_sleeping_duration: 845451.7635199971
tot_uptimes: 220
tot_uptimes_duration: 13140.036480002978
