comms_cons: 171.848691136263
finished_reconf: true
global_termination_time: 859406.028
local_termination_time: 1860.1694800000005
node_cons: 17680.78604335512
tot_aggregated_send: 0
tot_msg_rcv: 13355
tot_msg_sent: 12763
tot_reconf_duration: 4.390000000000001
tot_sleeping_duration: 846206.0097600037
tot_uptimes: 221
tot_uptimes_duration: 13200.018239996338
