comms_cons: 166.36243201710533
finished_reconf: true
global_termination_time: 340955.89152000047
local_termination_time: 655.8074799999991
node_cons: 20947.073686961634
tot_aggregated_send: 0
tot_msg_rcv: 10191
tot_msg_sent: 15092
tot_reconf_duration: 18.21
tot_sleeping_duration: 325330.54087999923
tot_uptimes: 255
tot_uptimes_duration: 15625.350640001201
