comms_cons: 35.02766080082965
finished_reconf: true
global_termination_time: 341463.787
local_termination_time: 645.4006799999995
node_cons: 7000.22398336431
tot_aggregated_send: 4466
tot_msg_rcv: 281
tot_msg_sent: 577
tot_reconf_duration: 7.819999999999999
tot_sleeping_duration: 336243.76875999675
tot_uptimes: 88
tot_uptimes_duration: 5220.018240003214
