comms_cons: 28.989209599921
finished_reconf: true
global_termination_time: 282658.688
local_termination_time: 6991.008
node_cons: 5791.625081760012
tot_aggregated_send: 3825
tot_msg_rcv: 233
tot_msg_sent: 349
tot_reconf_duration: 4.390000000000001
tot_sleeping_duration: 278337.80416
tot_uptimes: 73
tot_uptimes_duration: 4320.883840000005
