comms_cons: 33.304537600146524
finished_reconf: true
global_termination_time: 334005.375
local_termination_time: 59555.07836000001
node_cons: 6833.090781121431
tot_aggregated_send: 4698
tot_msg_rcv: 131
tot_msg_sent: 234
tot_reconf_duration: 3.08
tot_sleeping_duration: 328905.36891999893
tot_uptimes: 86
tot_uptimes_duration: 5100.006080001069
