comms_cons: 34.94401280071503
finished_reconf: true
global_termination_time: 329595.85624000005
local_termination_time: 54985.31136000001
node_cons: 6776.785781602914
tot_aggregated_send: 4118
tot_msg_rcv: 449
tot_msg_sent: 745
tot_reconf_duration: 18.700000000000003
tot_sleeping_duration: 324553.7418399979
tot_uptimes: 85
tot_uptimes_duration: 5042.114400002174
