comms_cons: 34.804595200857435
finished_reconf: true
global_termination_time: 330063.067
local_termination_time: 21469.88836
node_cons: 6763.4545233608815
tot_aggregated_send: 4118
tot_msg_rcv: 424
tot_msg_sent: 749
tot_reconf_duration: 10.95
tot_sleeping_duration: 325023.04875999934
tot_uptimes: 85
tot_uptimes_duration: 5040.018240000652
