comms_cons: 33.07363840016729
finished_reconf: true
global_termination_time: 335302.252
local_termination_time: 137072.32836000004
node_cons: 6844.258980000004
tot_aggregated_send: 4756
tot_msg_rcv: 107
tot_msg_sent: 164
tot_reconf_duration: 11.31
tot_sleeping_duration: 330202.252
tot_uptimes: 86
tot_uptimes_duration: 5100.0
