comms_cons: 169.71109119437736
finished_reconf: true
global_termination_time: 1716947.589
local_termination_time: 1156053.0588799978
node_cons: 35276.18579999975
tot_aggregated_send: 24650
tot_msg_rcv: 336
tot_msg_sent: 808
tot_reconf_duration: 5.1
tot_sleeping_duration: 1690607.589
tot_uptimes: 440
tot_uptimes_duration: 26340.0
