comms_cons: 326.08363495154197
finished_reconf: true
global_termination_time: 1716047.53
local_termination_time: 309935.87236000004
node_cons: 35275.86525006982
tot_aggregated_send: 0
tot_msg_rcv: 25142
tot_msg_sent: 24421
tot_reconf_duration: 4.8100000000000005
tot_sleeping_duration: 1689707.4752800076
tot_uptimes: 440
tot_uptimes_duration: 26340.054719992448
