comms_cons: 704.0566785233194
finished_reconf: true
global_termination_time: 7192470.615
local_termination_time: 4310749.51648
node_cons: 147923.1078222292
tot_aggregated_send: 99296
tot_msg_rcv: 2684
tot_msg_sent: 5032
tot_reconf_duration: 12.629999999999999
tot_sleeping_duration: 7082010.6028400045
tot_uptimes: 1842
tot_uptimes_duration: 110460.01215999573
