comms_cons: 720.1369025764059
finished_reconf: true
global_termination_time: 7195809.574
local_termination_time: 558933.3455999999
node_cons: 147992.90153228247
tot_aggregated_send: 100804
tot_msg_rcv: 2870
tot_msg_sent: 5781
tot_reconf_duration: 4.8100000000000005
tot_sleeping_duration: 7085289.507120024
tot_uptimes: 1843
tot_uptimes_duration: 110520.06687997561
