comms_cons: 36.389555200695256
finished_reconf: true
global_termination_time: 365534.65524000034
local_termination_time: 258539.03272000057
node_cons: 7542.616551603351
tot_aggregated_send: 5046
tot_msg_rcv: 182
tot_msg_sent: 302
tot_reconf_duration: 15.34
tot_sleeping_duration: 359917.19083999784
tot_uptimes: 94
tot_uptimes_duration: 5617.4644000025
