comms_cons: 38.36989440097377
finished_reconf: true
global_termination_time: 367959.94
local_termination_time: 80785.26635999998
node_cons: 7558.902082242878
tot_aggregated_send: 4756
tot_msg_rcv: 381
tot_msg_sent: 695
tot_reconf_duration: 5.1
tot_sleeping_duration: 362319.92783999786
tot_uptimes: 95
tot_uptimes_duration: 5640.0121600021375
