comms_cons: 36.923097600155714
finished_reconf: true
global_termination_time: 366132.344
local_termination_time: 11956.605680000004
node_cons: 7478.160121121441
tot_aggregated_send: 4988
tot_msg_rcv: 219
tot_msg_sent: 405
tot_reconf_duration: 4.8100000000000005
tot_sleeping_duration: 360552.3379199989
tot_uptimes: 94
tot_uptimes_duration: 5580.006080001069
