comms_cons: 54.62709760024566
finished_reconf: true
global_termination_time: 559957.449
local_termination_time: 508029.4543600001
node_cons: 11519.378700000048
tot_aggregated_send: 7888
tot_msg_rcv: 117
tot_msg_sent: 298
tot_reconf_duration: 22.65
tot_sleeping_duration: 551377.449
tot_uptimes: 144
tot_uptimes_duration: 8580.0
