comms_cons: 55.14685440062501
finished_reconf: true
global_termination_time: 556455.532
local_termination_time: 399420.4756400004
node_cons: 11423.63898000001
tot_aggregated_send: 7946
tot_msg_rcv: 156
tot_msg_sent: 280
tot_reconf_duration: 11.31
tot_sleeping_duration: 547935.532
tot_uptimes: 143
tot_uptimes_duration: 8520.0
