comms_cons: 329.43249924672887
finished_reconf: true
global_termination_time: 3269346.321999998
local_termination_time: 3269346.321999998
node_cons: 67362.47558181835
tot_aggregated_send: 46154
tot_msg_rcv: 1477
tot_msg_sent: 2439
tot_reconf_duration: 24.59
tot_sleeping_duration: 3219063.2134400127
tot_uptimes: 838
tot_uptimes_duration: 50283.10855998512
