comms_cons: 192.70539519311325
finished_reconf: true
global_termination_time: 1951162.644
local_termination_time: 887817.705
node_cons: 40103.11062271675
tot_aggregated_send: 28127
tot_msg_rcv: 354
tot_msg_sent: 810
tot_reconf_duration: 8.09
tot_sleeping_duration: 1921220.8035200022
tot_uptimes: 500
tot_uptimes_duration: 29941.8404799978
