comms_cons: 863.8886785751035
finished_reconf: true
global_termination_time: 8723787.928
local_termination_time: 2969834.8703599996
node_cons: 179490.6032078132
tot_aggregated_send: 120756
tot_msg_rcv: 3577
tot_msg_sent: 6972
tot_reconf_duration: 8.09
tot_sleeping_duration: 8589747.885440014
tot_uptimes: 2235
tot_uptimes_duration: 134040.04255998484
