comms_cons: 882.4794563155097
finished_reconf: true
global_termination_time: 8724255.919
local_termination_time: 543152.1533599999
node_cons: 179510.44895786585
tot_aggregated_send: 120292
tot_msg_rcv: 4733
tot_msg_sent: 9106
tot_reconf_duration: 22.65
tot_sleeping_duration: 8590215.821720036
tot_uptimes: 2235
tot_uptimes_duration: 134040.09727996425
