comms_cons: 877.4525058795133
finished_reconf: true
global_termination_time: 8721244.584
local_termination_time: 556730.1223599999
node_cons: 179405.88223786588
tot_aggregated_send: 120350
tot_msg_rcv: 4185
tot_msg_sent: 8831
tot_reconf_duration: 4.8100000000000005
tot_sleeping_duration: 8587264.486720037
tot_uptimes: 2234
tot_uptimes_duration: 133980.09727996425
