comms_cons: 872.1070786165606
finished_reconf: true
global_termination_time: 8721337.519
local_termination_time: 754842.24348
node_cons: 179407.76445339798
tot_aggregated_send: 121394
tot_msg_rcv: 3720
tot_msg_sent: 7439
tot_reconf_duration: 6.22
tot_sleeping_duration: 8587357.446040027
tot_uptimes: 2234
tot_uptimes_duration: 133980.07295997324
