comms_cons: 244.03471358351385
finished_reconf: true
global_termination_time: 2463464.875
local_termination_time: 558973.4383599998
node_cons: 50638.97802670022
tot_aggregated_send: 34220
tot_msg_rcv: 963
tot_msg_sent: 1908
tot_reconf_duration: 18.21
tot_sleeping_duration: 2425664.838520014
tot_uptimes: 631
tot_uptimes_duration: 37800.03647998581
