comms_cons: 244.76395520087812
finished_reconf: true
global_termination_time: 2465947.201
local_termination_time: 560934.9460799997
node_cons: 50711.69153999928
tot_aggregated_send: 35554
tot_msg_rcv: 616
tot_msg_sent: 1033
tot_reconf_duration: 12.629999999999999
tot_sleeping_duration: 2428087.201
tot_uptimes: 632
tot_uptimes_duration: 37860.0
