comms_cons: 9.501619199837535
finished_reconf: true
global_termination_time: 108360.521
local_termination_time: 2176.8032399999997
node_cons: 2175.3751822394415
tot_aggregated_send: 754
tot_msg_rcv: 213
tot_msg_sent: 478
tot_reconf_duration: 4.55
tot_sleeping_duration: 106740.50884000042
tot_uptimes: 28
tot_uptimes_duration: 1620.0121599995837
