comms_cons: 13.321663999642753
finished_reconf: true
global_termination_time: 108850.969
local_termination_time: 5173.723999999999
node_cons: 2179.1205255968953
tot_aggregated_send: 692
tot_msg_rcv: 627
tot_msg_sent: 707
tot_reconf_duration: 7.29
tot_sleeping_duration: 107230.93860000231
tot_uptimes: 28
tot_uptimes_duration: 1620.0303999976823
