comms_cons: 13.03118720018307
finished_reconf: true
global_termination_time: 108286.561
local_termination_time: 4786.481
node_cons: 2185.1527478383364
tot_aggregated_send: 572
tot_msg_rcv: 689
tot_msg_sent: 719
tot_reconf_duration: 11.719999999999999
tot_sleeping_duration: 106666.51844000124
tot_uptimes: 28
tot_uptimes_duration: 1620.0425599987575
