comms_cons: 221.0485887853713
finished_reconf: true
global_termination_time: 2206007.295
local_termination_time: 789538.6999599987
node_cons: 45342.55126446687
tot_aggregated_send: 30682
tot_msg_rcv: 900
tot_msg_sent: 2017
tot_reconf_duration: 22.65
tot_sleeping_duration: 2172167.2706800094
tot_uptimes: 565
tot_uptimes_duration: 33840.02431999054
