comms_cons: 221.08806399141912
finished_reconf: true
global_termination_time: 2205726.732
local_termination_time: 218858.86172000057
node_cons: 45332.61614335
tot_aggregated_send: 30740
tot_msg_rcv: 902
tot_msg_sent: 1963
tot_reconf_duration: 15.34
tot_sleeping_duration: 2171886.713760007
tot_uptimes: 565
tot_uptimes_duration: 33840.0182399929
