comms_cons: 11.481120000144447
finished_reconf: true
global_termination_time: 102129.813
local_termination_time: 60663.955600000016
node_cons: 2103.7345233597293
tot_aggregated_send: 638
tot_msg_rcv: 411
tot_msg_sent: 695
tot_reconf_duration: 10.95
tot_sleeping_duration: 100569.7947600002
tot_uptimes: 27
tot_uptimes_duration: 1560.0182399998012
