comms_cons: 165.29644799075317
finished_reconf: true
global_termination_time: 1689305.853
local_termination_time: 524085.9393600001
node_cons: 34713.43640335046
tot_aggregated_send: 22678
tot_msg_rcv: 756
tot_msg_sent: 1690
tot_reconf_duration: 4.8100000000000005
tot_sleeping_duration: 1663385.834760007
tot_uptimes: 433
tot_uptimes_duration: 25920.018239992904
