comms_cons: 137.73207039225795
finished_reconf: true
global_termination_time: 1364140.9114799998
local_termination_time: 1364140.8703599998
node_cons: 28107.842054685247
tot_aggregated_send: 19056
tot_msg_rcv: 706
tot_msg_sent: 1171
tot_reconf_duration: 37.410000000000004
tot_sleeping_duration: 1343187.1853599958
tot_uptimes: 350
tot_uptimes_duration: 20953.726120003877
