comms_cons: 141.92180478213805
finished_reconf: true
global_termination_time: 1365332.206
local_termination_time: 203754.71236000006
node_cons: 28059.5324255888
tot_aggregated_send: 17864
tot_msg_rcv: 1335
tot_msg_sent: 2373
tot_reconf_duration: 15.34
tot_sleeping_duration: 1344392.1756000083
tot_uptimes: 350
tot_uptimes_duration: 20940.030399991607
