comms_cons: 140.8086655831996
finished_reconf: true
global_termination_time: 1366074.3
local_termination_time: 399933.18436
node_cons: 28056.57742447195
tot_aggregated_send: 18154
tot_msg_rcv: 1165
tot_msg_sent: 2083
tot_reconf_duration: 13.17
tot_sleeping_duration: 1345134.275680006
tot_uptimes: 350
tot_uptimes_duration: 20940.024319993972
