comms_cons: 139.94576638552303
finished_reconf: true
global_termination_time: 1366142.12
local_termination_time: 317162.47648000054
node_cons: 28055.852245602604
tot_aggregated_send: 18096
tot_msg_rcv: 1121
tot_msg_sent: 2056
tot_reconf_duration: 12.629999999999999
tot_sleeping_duration: 1345202.0895999982
tot_uptimes: 350
tot_uptimes_duration: 20940.03040000191
