comms_cons: 138.9325951887366
finished_reconf: true
global_termination_time: 1365719.957
local_termination_time: 249419.33436000004
node_cons: 28049.331566760706
tot_aggregated_send: 18386
tot_msg_rcv: 894
tot_msg_sent: 1835
tot_reconf_duration: 7.819999999999999
tot_sleeping_duration: 1344779.9181599994
tot_uptimes: 350
tot_uptimes_duration: 20940.038840000518
