comms_cons: 259.0875774323141
finished_reconf: true
global_termination_time: 1364588.376
local_termination_time: 231468.11336000005
node_cons: 28047.147465598002
tot_aggregated_send: 0
tot_msg_rcv: 20228
tot_msg_sent: 19152
tot_reconf_duration: 6.22
tot_sleeping_duration: 1343648.3456000013
tot_uptimes: 350
tot_uptimes_duration: 20940.030399998475
