comms_cons: 334.42733438376945
finished_reconf: true
global_termination_time: 3408755.111
local_termination_time: 2005852.382
node_cons: 70066.67213494921
tot_aggregated_send: 47558
tot_msg_rcv: 1181
tot_msg_sent: 2092
tot_reconf_duration: 6.279999999999999
tot_sleeping_duration: 3356433.868360007
tot_uptimes: 873
tot_uptimes_duration: 52321.242639993085
