comms_cons: 332.90751999142975
finished_reconf: true
global_termination_time: 3409241.635
local_termination_time: 2142816.618519999
node_cons: 70171.18554111502
tot_aggregated_send: 47734
tot_msg_rcv: 953
tot_msg_sent: 1913
tot_reconf_duration: 25.299999999999997
tot_sleeping_duration: 3356861.628920002
tot_uptimes: 874
tot_uptimes_duration: 52380.006079997635
