comms_cons: 342.2819904458553
finished_reconf: true
global_termination_time: 3406449.327119997
local_termination_time: 330617.7903600001
node_cons: 70107.6203152633
tot_aggregated_send: 47444
tot_msg_rcv: 1575
tot_msg_sent: 3005
tot_reconf_duration: 22.65
tot_sleeping_duration: 3354114.1056000083
tot_uptimes: 873
tot_uptimes_duration: 52335.22151998867
