comms_cons: 337.50321918756714
finished_reconf: true
global_termination_time: 3408525.588
local_termination_time: 1869706.1602799993
node_cons: 70063.87836334915
tot_aggregated_send: 46400
tot_msg_rcv: 1616
tot_msg_sent: 3282
tot_reconf_duration: 5.43
tot_sleeping_duration: 3356205.569760007
tot_uptimes: 873
tot_uptimes_duration: 52320.01823999314
