comms_cons: 52.15989760083796
finished_reconf: true
global_termination_time: 527641.109
local_termination_time: 90607.45043999987
node_cons: 10863.793001121443
tot_aggregated_send: 7018
tot_msg_rcv: 308
tot_msg_sent: 602
tot_reconf_duration: 13.17
tot_sleeping_duration: 519541.102919999
tot_uptimes: 136
tot_uptimes_duration: 8100.006080001069
