comms_cons: 50.13350400120721
finished_reconf: true
global_termination_time: 526455.855
local_termination_time: 306604.35036000004
node_cons: 10776.203983364316
tot_aggregated_send: 6612
tot_msg_rcv: 314
tot_msg_sent: 694
tot_reconf_duration: 7.819999999999999
tot_sleeping_duration: 518415.8367599968
tot_uptimes: 135
tot_uptimes_duration: 8040.018240003206
