comms_cons: 50.224640000218436
finished_reconf: true
global_termination_time: 530333.757
local_termination_time: 143505.90404000075
node_cons: 10861.275262242872
tot_aggregated_send: 7018
tot_msg_rcv: 174
tot_msg_sent: 441
tot_reconf_duration: 11.31
tot_sleeping_duration: 522233.74483999785
tot_uptimes: 136
tot_uptimes_duration: 8100.0121600021375
