comms_cons: 35.46216960013318
finished_reconf: true
global_termination_time: 354521.74924000097
local_termination_time: 354521.74924000097
node_cons: 7351.269775601889
tot_aggregated_send: 4800
tot_msg_rcv: 125
tot_msg_sent: 465
tot_reconf_duration: 24.59
tot_sleeping_duration: 349056.56883999956
tot_uptimes: 91
tot_uptimes_duration: 5465.180400001394
