comms_cons: 35.632947200407486
finished_reconf: true
global_termination_time: 358670.994
local_termination_time: 213090.53236000004
node_cons: 7317.471980000006
tot_aggregated_send: 4988
tot_msg_rcv: 142
tot_msg_sent: 286
tot_reconf_duration: 4.8100000000000005
tot_sleeping_duration: 353210.994
tot_uptimes: 92
tot_uptimes_duration: 5460.0
