comms_cons: 113.62278399827018
finished_reconf: true
global_termination_time: 1152614.124
local_termination_time: 927710.6193599998
node_cons: 23795.998979999953
tot_aggregated_send: 16820
tot_msg_rcv: 168
tot_msg_sent: 282
tot_reconf_duration: 11.31
tot_sleeping_duration: 1134854.124
tot_uptimes: 296
tot_uptimes_duration: 17760.0
