comms_cons: 725.3962369116964
finished_reconf: true
global_termination_time: 7351229.629
local_termination_time: 3680998.383239999
node_cons: 151204.07892222932
tot_aggregated_send: 101964
tot_msg_rcv: 2717
tot_msg_sent: 5575
tot_reconf_duration: 3.08
tot_sleeping_duration: 7238309.616840004
tot_uptimes: 1883
tot_uptimes_duration: 112920.01215999573
