comms_cons: 716.8705664883242
finished_reconf: true
global_termination_time: 7350448.787
local_termination_time: 4067755.3116399986
node_cons: 151217.07288830413
tot_aggregated_send: 102776
tot_msg_rcv: 2126
tot_msg_sent: 4059
tot_reconf_duration: 12.629999999999999
tot_sleeping_duration: 7237528.7561200075
tot_uptimes: 1883
tot_uptimes_duration: 112920.03087999206
