comms_cons: 717.3436032940259
finished_reconf: true
global_termination_time: 7349675.176
local_termination_time: 4089937.715839999
node_cons: 151305.63088222945
tot_aggregated_send: 103356
tot_msg_rcv: 1897
tot_msg_sent: 3778
tot_reconf_duration: 18.700000000000003
tot_sleeping_duration: 7236695.163840004
tot_uptimes: 1883
tot_uptimes_duration: 112980.01215999573
