comms_cons: 733.5548737920094
finished_reconf: true
global_termination_time: 7352743.578
local_termination_time: 1864007.0964799998
node_cons: 151207.31092781422
tot_aggregated_send: 101964
tot_msg_rcv: 3158
tot_msg_sent: 6372
tot_reconf_duration: 5.43
tot_sleeping_duration: 7239823.535440015
tot_uptimes: 1883
tot_uptimes_duration: 112920.0425599846
