comms_cons: 21.632416000267114
finished_reconf: true
global_termination_time: 215553.595
local_termination_time: 176246.67436000006
node_cons: 4434.868341121426
tot_aggregated_send: 2900
tot_msg_rcv: 107
tot_msg_sent: 281
tot_reconf_duration: 11.899999999999999
tot_sleeping_duration: 212253.58891999893
tot_uptimes: 56
tot_uptimes_duration: 3300.0060800010688
