comms_cons: 62.08133119918435
finished_reconf: true
global_termination_time: 615183.5144799999
local_termination_time: 96192.50979999955
node_cons: 12638.036129841355
tot_aggregated_send: 8410
tot_msg_rcv: 323
tot_msg_sent: 702
tot_reconf_duration: 3.05
tot_sleeping_duration: 605748.193919999
tot_uptimes: 158
tot_uptimes_duration: 9435.320560001011
