comms_cons: 62.54604800017747
finished_reconf: true
global_termination_time: 619328.847
local_termination_time: 430697.59736
node_cons: 12702.17490111681
tot_aggregated_send: 8352
tot_msg_rcv: 344
tot_msg_sent: 810
tot_reconf_duration: 6.22
tot_sleeping_duration: 609848.8409200023
tot_uptimes: 159
tot_uptimes_duration: 9480.006079997635
