comms_cons: 83.91111679997941
finished_reconf: true
global_termination_time: 837725.298
local_termination_time: 166361.32136000003
node_cons: 17196.94264000001
tot_aggregated_send: 11832
tot_msg_rcv: 344
tot_msg_sent: 578
tot_reconf_duration: 3.08
tot_sleeping_duration: 824885.298
tot_uptimes: 215
tot_uptimes_duration: 12840.0
