comms_cons: 82.57553919894886
finished_reconf: true
global_termination_time: 837920.38
local_termination_time: 199411.60436000006
node_cons: 17199.291980000024
tot_aggregated_send: 12006
tot_msg_rcv: 199
tot_msg_sent: 346
tot_reconf_duration: 4.8100000000000005
tot_sleeping_duration: 825080.38
tot_uptimes: 215
tot_uptimes_duration: 12840.0
