comms_cons: 82.65448959948867
finished_reconf: true
global_termination_time: 841746.434
local_termination_time: 543819.2443599998
node_cons: 17288.45897999994
tot_aggregated_send: 12296
tot_msg_rcv: 103
tot_msg_sent: 164
tot_reconf_duration: 11.31
tot_sleeping_duration: 828846.434
tot_uptimes: 216
tot_uptimes_duration: 12900.0
