comms_cons: 82.31237119975737
finished_reconf: true
global_termination_time: 837615.494
local_termination_time: 471591.87636000005
node_cons: 17213.59172000006
tot_aggregated_send: 12180
tot_msg_rcv: 113
tot_msg_sent: 218
tot_reconf_duration: 15.34
tot_sleeping_duration: 824775.494
tot_uptimes: 215
tot_uptimes_duration: 12840.0
