comms_cons: 393.533875276846
finished_reconf: true
global_termination_time: 3918911.1
local_termination_time: 1355562.7413599999
node_cons: 80592.05506670034
tot_aggregated_send: 54694
tot_msg_rcv: 1639
tot_msg_sent: 3481
tot_reconf_duration: 8.09
tot_sleeping_duration: 3858731.0635200134
tot_uptimes: 1004
tot_uptimes_duration: 60180.03647998674
