comms_cons: 394.18530567137054
finished_reconf: true
global_termination_time: 3918915.93
local_termination_time: 1379252.74936
node_cons: 80593.44022670036
tot_aggregated_send: 54926
tot_msg_rcv: 1739
tot_msg_sent: 3248
tot_reconf_duration: 9.11
tot_sleeping_duration: 3858735.8935200134
tot_uptimes: 1004
tot_uptimes_duration: 60180.03647998674
