comms_cons: 73.9580351989923
finished_reconf: true
global_termination_time: 728942.5107599981
local_termination_time: 728942.5107599981
node_cons: 15058.28811800177
tot_aggregated_send: 10020
tot_msg_rcv: 411
tot_msg_sent: 811
tot_reconf_duration: 24.59
tot_sleeping_duration: 717721.5287599968
tot_uptimes: 187
tot_uptimes_duration: 11220.982000001299
