comms_cons: 73.41729279988128
finished_reconf: true
global_termination_time: 729286.537
local_termination_time: 387738.00536000007
node_cons: 14949.788262238282
tot_aggregated_send: 10208
tot_msg_rcv: 373
tot_msg_sent: 578
tot_reconf_duration: 4.8100000000000005
tot_sleeping_duration: 718126.5248400012
tot_uptimes: 187
tot_uptimes_duration: 11160.012159998703
