comms_cons: 98.28792319847419
finished_reconf: true
global_termination_time: 996110.908
local_termination_time: 415336.47936000006
node_cons: 20494.26406000004
tot_aggregated_send: 14500
tot_msg_rcv: 154
tot_msg_sent: 285
tot_reconf_duration: 5.57
tot_sleeping_duration: 980810.908
tot_uptimes: 256
tot_uptimes_duration: 15300.0
