comms_cons: 98.54597119809702
finished_reconf: true
global_termination_time: 998815.375
local_termination_time: 297390.84036000003
node_cons: 20521.065541121447
tot_aggregated_send: 14268
tot_msg_rcv: 268
tot_msg_sent: 443
tot_reconf_duration: 25.299999999999997
tot_sleeping_duration: 983515.3689199989
tot_uptimes: 256
tot_uptimes_duration: 15300.006080001069
