comms_cons: 98.06297599763249
finished_reconf: true
global_termination_time: 993295.089
local_termination_time: 322299.13516000076
node_cons: 20418.731380000012
tot_aggregated_send: 14268
tot_msg_rcv: 181
tot_msg_sent: 456
tot_reconf_duration: 9.11
tot_sleeping_duration: 978055.089
tot_uptimes: 255
tot_uptimes_duration: 15240.0
