comms_cons: 99.29784319614107
finished_reconf: true
global_termination_time: 994034.14
local_termination_time: 199576.57436000006
node_cons: 20423.51154000004
tot_aggregated_send: 13920
tot_msg_rcv: 434
tot_msg_sent: 739
tot_reconf_duration: 12.629999999999999
tot_sleeping_duration: 978794.14
tot_uptimes: 255
tot_uptimes_duration: 15240.0
