comms_cons: 97.38531839876653
finished_reconf: true
global_termination_time: 995002.477
local_termination_time: 742722.2489599996
node_cons: 20427.19986112142
tot_aggregated_send: 14558
tot_msg_rcv: 83
tot_msg_sent: 161
tot_reconf_duration: 15.34
tot_sleeping_duration: 979762.470919999
tot_uptimes: 255
tot_uptimes_duration: 15240.006080001069
