comms_cons: 60.63453439749553
finished_reconf: true
global_termination_time: 619823.357
local_termination_time: 463.40811999999994
node_cons: 12703.334640000017
tot_aggregated_send: 0
tot_msg_rcv: 66
tot_msg_sent: 9150
tot_reconf_duration: 7.08
tot_sleeping_duration: 610343.357
tot_uptimes: 159
tot_uptimes_duration: 9480.0
