comms_cons: 221.5710591909529
finished_reconf: true
global_termination_time: 2217366.986
local_termination_time: 1045138.619759998
node_cons: 45560.36034223309
tot_aggregated_send: 30624
tot_msg_rcv: 964
tot_msg_sent: 2090
tot_reconf_duration: 5.57
tot_sleeping_duration: 2183346.9738400048
tot_uptimes: 568
tot_uptimes_duration: 34020.01215999527
