comms_cons: 221.71960319314388
finished_reconf: true
global_termination_time: 2217128.808
local_termination_time: 639911.0977999994
node_cons: 45559.74650558363
tot_aggregated_send: 30624
tot_msg_rcv: 982
tot_msg_sent: 2094
tot_reconf_duration: 5.1
tot_sleeping_duration: 2183108.777600012
tot_uptimes: 568
tot_uptimes_duration: 34020.03039998817
