comms_cons: 435.39073894968664
finished_reconf: true
global_termination_time: 2215977.426
local_termination_time: 2950.2663600000005
node_cons: 45570.67300111633
tot_aggregated_send: 0
tot_msg_rcv: 33296
tot_msg_sent: 32882
tot_reconf_duration: 13.17
tot_sleeping_duration: 2181957.419920002
tot_uptimes: 568
tot_uptimes_duration: 34020.006079997635
