comms_cons: 223.6992511822079
finished_reconf: true
global_termination_time: 2214390.588
local_termination_time: 340306.12336
node_cons: 45559.36082670517
tot_aggregated_send: 30334
tot_msg_rcv: 1337
tot_msg_sent: 2329
tot_reconf_duration: 4.8100000000000005
tot_sleeping_duration: 2180370.551520011
tot_uptimes: 568
tot_uptimes_duration: 34020.0364799893
