comms_cons: 12.015161599655688
finished_reconf: true
global_termination_time: 112567.178
local_termination_time: 2918.81712
node_cons: 2257.4045067169045
tot_aggregated_send: 406
tot_msg_rcv: 628
tot_msg_sent: 794
tot_reconf_duration: 5.77
tot_sleeping_duration: 110887.14152000232
tot_uptimes: 29
tot_uptimes_duration: 1680.0364799976887
