comms_cons: 9.350924799849786
finished_reconf: true
global_termination_time: 107802.899
local_termination_time: 932.1701199999999
node_cons: 2177.656622239442
tot_aggregated_send: 580
tot_msg_rcv: 383
tot_msg_sent: 460
tot_reconf_duration: 6.23
tot_sleeping_duration: 106182.88684000043
tot_uptimes: 28
tot_uptimes_duration: 1620.0121599995837
