comms_cons: 10.607551999724913
finished_reconf: true
global_termination_time: 108281.059
local_termination_time: 3316.59712
node_cons: 2174.3485067169045
tot_aggregated_send: 696
tot_msg_rcv: 416
tot_msg_sent: 501
tot_reconf_duration: 3.77
tot_sleeping_duration: 106661.02252000231
tot_uptimes: 28
tot_uptimes_duration: 1620.0364799976887
