comms_cons: 109.93039359518042
finished_reconf: true
global_termination_time: 1085701.996
local_termination_time: 594660.3153599999
node_cons: 22343.064522233737
tot_aggregated_send: 14500
tot_msg_rcv: 781
tot_msg_sent: 1427
tot_reconf_duration: 6.279999999999999
tot_sleeping_duration: 1069021.9838400048
tot_uptimes: 279
tot_uptimes_duration: 16680.01215999527
