comms_cons: 111.63054079066075
finished_reconf: true
global_termination_time: 1087084.984
local_termination_time: 305075.79500000004
node_cons: 22344.35277245742
tot_aggregated_send: 14034
tot_msg_rcv: 1101
tot_msg_sent: 1833
tot_reconf_duration: 5.43
tot_sleeping_duration: 1070403.147680017
tot_uptimes: 279
tot_uptimes_duration: 16681.836319983122
