comms_cons: 81.3531263961444
finished_reconf: true
global_termination_time: 778066.764
local_termination_time: 527308.4793599999
node_cons: 16008.540566714768
tot_aggregated_send: 10034
tot_msg_rcv: 885
tot_msg_sent: 1447
tot_reconf_duration: 15.34
tot_sleeping_duration: 766126.7275200039
tot_uptimes: 200
tot_uptimes_duration: 11940.03647999611
