comms_cons: 79.8912255964403
finished_reconf: true
global_termination_time: 779795.116
local_termination_time: 617730.3223599999
node_cons: 15994.593941116824
tot_aggregated_send: 10324
tot_msg_rcv: 604
tot_msg_sent: 1215
tot_reconf_duration: 5.1
tot_sleeping_duration: 767855.1099200024
tot_uptimes: 200
tot_uptimes_duration: 11940.006079997635
