comms_cons: 81.35840639509715
finished_reconf: true
global_termination_time: 777630.45
local_termination_time: 463600.9356800007
node_cons: 15996.147465593342
tot_aggregated_send: 9802
tot_msg_rcv: 821
tot_msg_sent: 1742
tot_reconf_duration: 6.22
tot_sleeping_duration: 765690.4196000049
tot_uptimes: 200
tot_uptimes_duration: 11940.030399995041
