comms_cons: 36.68561920038025
finished_reconf: true
global_termination_time: 364191.75548000005
local_termination_time: 364191.71436000004
node_cons: 7523.396083201284
tot_aggregated_send: 4872
tot_msg_rcv: 179
tot_msg_sent: 524
tot_reconf_duration: 24.59
tot_sleeping_duration: 358598.0266799991
tot_uptimes: 94
tot_uptimes_duration: 5593.728800000943
