comms_cons: 16.80327680008233
finished_reconf: true
global_termination_time: 170593.221
local_termination_time: 95397.8015199995
node_cons: 3461.151979999998
tot_aggregated_send: 2378
tot_msg_rcv: 64
tot_msg_sent: 112
tot_reconf_duration: 4.8100000000000005
tot_sleeping_duration: 168013.221
tot_uptimes: 44
tot_uptimes_duration: 2580.0
