comms_cons: 32.875916800580875
finished_reconf: true
global_termination_time: 170038.118
local_termination_time: 1255.2353600000004
node_cons: 3460.5816200000213
tot_aggregated_send: 0
tot_msg_rcv: 2504
tot_msg_sent: 2493
tot_reconf_duration: 4.390000000000001
tot_sleeping_duration: 167458.118
tot_uptimes: 44
tot_uptimes_duration: 2580.0000000000146
