comms_cons: 33.611187200289955
finished_reconf: true
global_termination_time: 173375.181
local_termination_time: 3545.5383600000005
node_cons: 3543.4149011200084
tot_aggregated_send: 0
tot_msg_rcv: 2559
tot_msg_sent: 2549
tot_reconf_duration: 6.22
tot_sleeping_duration: 170735.17492000002
tot_uptimes: 45
tot_uptimes_duration: 2640.0060800000047
