comms_cons: 15.401907199990085
finished_reconf: true
global_termination_time: 3309.2136400000013
local_termination_time: 3309.1725200000014
node_cons: 1706.6860209600025
tot_aggregated_send: 0
tot_msg_rcv: 1126
tot_msg_sent: 1213
tot_reconf_duration: 37.410000000000004
tot_sleeping_duration: 2072.557
tot_uptimes: 17
tot_uptimes_duration: 1236.6566400000015
