comms_cons: 0.6842367999977418
finished_reconf: true
global_termination_time: 7246.331
local_termination_time: 3212.4183600000006
node_cons: 101.17172000000019
tot_aggregated_send: 0
tot_msg_rcv: 59
tot_msg_sent: 44
tot_reconf_duration: 15.34
tot_sleeping_duration: 7186.331
tot_uptimes: 2
tot_uptimes_duration: 60.0
