comms_cons: 38.61715840302087
finished_reconf: true
global_termination_time: 286984.9565600002
local_termination_time: 286984.9154400002
node_cons: 5942.705072651504
tot_aggregated_send: 2088
tot_msg_rcv: 1576
tot_msg_sent: 2205
tot_reconf_duration: 37.410000000000004
tot_sleeping_duration: 282584.73079999164
tot_uptimes: 74
tot_uptimes_duration: 4400.2257600085795
