comms_cons: 29.272896000430855
finished_reconf: true
global_termination_time: 291734.658
local_termination_time: 175983.83336000005
node_cons: 5960.062664485706
tot_aggregated_send: 3886
tot_msg_rcv: 162
tot_msg_sent: 400
tot_reconf_duration: 10.95
tot_sleeping_duration: 287294.6336799957
tot_uptimes: 75
tot_uptimes_duration: 4440.024320004275
