comms_cons: 29.3563904004425
finished_reconf: true
global_termination_time: 295744.788
local_termination_time: 1133.6064800000045
node_cons: 6032.7906038400215
tot_aggregated_send: 3944
tot_msg_rcv: 115
tot_msg_sent: 403
tot_reconf_duration: 4.8100000000000005
tot_sleeping_duration: 291244.22144
tot_uptimes: 76
tot_uptimes_duration: 4500.566560000011
