comms_cons: 532.2005121063727
finished_reconf: true
global_termination_time: 5297346.486
local_termination_time: 1450997.2184799998
node_cons: 108945.27480741571
tot_aggregated_send: 74240
tot_msg_rcv: 2238
tot_msg_sent: 4414
tot_reconf_duration: 3.08
tot_sleeping_duration: 5215986.447040015
tot_uptimes: 1357
tot_uptimes_duration: 81360.0389599842
