comms_cons: 531.422918508753
finished_reconf: true
global_termination_time: 5293977.182
local_termination_time: 2829353.39536
node_cons: 108866.72674893346
tot_aggregated_send: 72500
tot_msg_rcv: 2637
tot_msg_sent: 5635
tot_reconf_duration: 4.390000000000001
tot_sleeping_duration: 5212677.133360017
tot_uptimes: 1356
tot_uptimes_duration: 81300.04863998247
