comms_cons: 188.85061117598514
finished_reconf: true
global_termination_time: 1846004.226
local_termination_time: 396437.59500000003
node_cons: 37969.64566516942
tot_aggregated_send: 24706
tot_msg_rcv: 1409
tot_msg_sent: 2591
tot_reconf_duration: 22.65
tot_sleeping_duration: 1817670.4792000228
tot_uptimes: 473
tot_uptimes_duration: 28333.746799977263
