comms_cons: 185.48801278449585
finished_reconf: true
global_termination_time: 1847919.42
local_termination_time: 949512.759599999
node_cons: 38009.274901116776
tot_aggregated_send: 24708
tot_msg_rcv: 1219
tot_msg_sent: 2267
tot_reconf_duration: 6.22
tot_sleeping_duration: 1819539.4139200023
tot_uptimes: 474
tot_uptimes_duration: 28380.006079997635
