comms_cons: 70.74092800704052
finished_reconf: true
global_termination_time: 349375.064
local_termination_time: 1546.0913600000003
node_cons: 7158.72304224287
tot_aggregated_send: 0
tot_msg_rcv: 5580
tot_msg_sent: 5169
tot_reconf_duration: 6.22
tot_sleeping_duration: 344035.0518399979
tot_uptimes: 90
tot_uptimes_duration: 5340.0121600021375
