comms_cons: 34.896076800536136
finished_reconf: true
global_termination_time: 348657.897
local_termination_time: 224150.00548000008
node_cons: 7157.64208112143
tot_aggregated_send: 4930
tot_msg_rcv: 146
tot_msg_sent: 228
tot_reconf_duration: 5.43
tot_sleeping_duration: 343317.8909199989
tot_uptimes: 90
tot_uptimes_duration: 5340.006080001069
