comms_cons: 69.94810880787576
finished_reconf: true
global_termination_time: 348508.0786400005
local_termination_time: 3437.95436
node_cons: 7215.595795203532
tot_aggregated_send: 0
tot_msg_rcv: 5451
tot_msg_sent: 5178
tot_reconf_duration: 15.34
tot_sleeping_duration: 343134.84183999785
tot_uptimes: 90
tot_uptimes_duration: 5373.236800002633
