comms_cons: 362.98435830795927
finished_reconf: true
global_termination_time: 746123.1190799986
local_termination_time: 746123.0779599986
node_cons: 45774.41423192257
tot_aggregated_send: 0
tot_msg_rcv: 22171
tot_msg_sent: 32999
tot_reconf_duration: 24.59
tot_sleeping_duration: 711962.5357999963
tot_uptimes: 560
tot_uptimes_duration: 34160.58328000228
