comms_cons: 424.3887040038679
finished_reconf: true
global_termination_time: 4376853.995
local_termination_time: 2475375.711559999
node_cons: 89988.36405999797
tot_aggregated_send: 60610
tot_msg_rcv: 1388
tot_msg_sent: 2505
tot_reconf_duration: 5.57
tot_sleeping_duration: 4309653.995
tot_uptimes: 1121
tot_uptimes_duration: 67200.0
