comms_cons: 432.8060928471226
finished_reconf: true
global_termination_time: 4375843.414
local_termination_time: 794007.0569599997
node_cons: 89984.99074669988
tot_aggregated_send: 60668
tot_msg_rcv: 1569
tot_msg_sent: 3547
tot_reconf_duration: 3.05
tot_sleeping_duration: 4308643.377520014
tot_uptimes: 1121
tot_uptimes_duration: 67200.03647998674
