comms_cons: 172.83727998177275
finished_reconf: true
global_termination_time: 1702732.96
local_termination_time: 1070378.1003199995
node_cons: 35139.37126446715
tot_aggregated_send: 23026
tot_msg_rcv: 1220
tot_msg_sent: 2024
tot_reconf_duration: 22.65
tot_sleeping_duration: 1676512.9356800094
tot_uptimes: 437
tot_uptimes_duration: 26220.024319990538
