comms_cons: 168.78279679451802
finished_reconf: true
global_termination_time: 1704597.515
local_termination_time: 1424285.6177199988
node_cons: 35043.59898000003
tot_aggregated_send: 24534
tot_msg_rcv: 432
tot_msg_sent: 688
tot_reconf_duration: 11.31
tot_sleeping_duration: 1678437.515
tot_uptimes: 437
tot_uptimes_duration: 26160.0
