comms_cons: 138.14534399031263
finished_reconf: true
global_termination_time: 1364653.531
local_termination_time: 6605.758
node_cons: 28068.1421455934
tot_aggregated_send: 18539
tot_msg_rcv: 928
tot_msg_sent: 1533
tot_reconf_duration: 21.68
tot_sleeping_duration: 1343713.5006000048
tot_uptimes: 350
tot_uptimes_duration: 20940.03039999504
