comms_cons: 129.34744959148924
finished_reconf: true
global_termination_time: 1365825.922
local_termination_time: 5903.615000000001
node_cons: 28046.680306701037
tot_aggregated_send: 18322
tot_msg_rcv: 454
tot_msg_sent: 884
tot_reconf_duration: 5.87
tot_sleeping_duration: 1344885.8855200142
tot_uptimes: 350
tot_uptimes_duration: 20940.036479985807
