comms_cons: 131.0313471923935
finished_reconf: true
global_termination_time: 1367371.188
local_termination_time: 5428.569
node_cons: 28129.285464471974
tot_aggregated_send: 18610
tot_msg_rcv: 451
tot_msg_sent: 855
tot_reconf_duration: 7.55
tot_sleeping_duration: 1346371.163680006
tot_uptimes: 351
tot_uptimes_duration: 21000.024319993972
