comms_cons: 78.09510399856326
finished_reconf: true
global_termination_time: 775409.71
local_termination_time: 440571.5976000001
node_cons: 15932.065462242914
tot_aggregated_send: 10614
tot_msg_rcv: 399
tot_msg_sent: 857
tot_reconf_duration: 18.21
tot_sleeping_duration: 763529.6978399978
tot_uptimes: 199
tot_uptimes_duration: 11880.012160002138
