comms_cons: 78.70101759669498
finished_reconf: true
global_termination_time: 773578.9880399983
local_termination_time: 773578.9469199984
node_cons: 16012.611735517763
tot_aggregated_send: 10542
tot_msg_rcv: 434
tot_msg_sent: 986
tot_reconf_duration: 24.59
tot_sleeping_duration: 761645.2923600001
tot_uptimes: 199
tot_uptimes_duration: 11933.695679998302
