comms_cons: 76.1730047999694
finished_reconf: true
global_termination_time: 775777.346
local_termination_time: 237740.45248000007
node_cons: 15925.213001121472
tot_aggregated_send: 10672
tot_msg_rcv: 273
tot_msg_sent: 632
tot_reconf_duration: 13.17
tot_sleeping_duration: 763897.3399199989
tot_uptimes: 199
tot_uptimes_duration: 11880.006080001069
