comms_cons: 77.19661439860148
finished_reconf: true
global_termination_time: 775248.879
local_termination_time: 383256.12340000033
node_cons: 15913.289761121396
tot_aggregated_send: 10904
tot_msg_rcv: 252
tot_msg_sent: 577
tot_reconf_duration: 4.390000000000001
tot_sleeping_duration: 763368.8729199988
tot_uptimes: 199
tot_uptimes_duration: 11880.006080001069
