comms_cons: 78.68591359602142
finished_reconf: true
global_termination_time: 774695.074
local_termination_time: 392947.77136000013
node_cons: 15911.478182238352
tot_aggregated_send: 10440
tot_msg_rcv: 474
tot_msg_sent: 1044
tot_reconf_duration: 3.05
tot_sleeping_duration: 762815.0618400013
tot_uptimes: 199
tot_uptimes_duration: 11880.012159998703
