comms_cons: 79.99957119639602
finished_reconf: true
global_termination_time: 773936.78
local_termination_time: 134610.61276000043
node_cons: 15928.224990088296
tot_aggregated_send: 10092
tot_msg_rcv: 676
tot_msg_sent: 1391
tot_reconf_duration: 15.34
tot_sleeping_duration: 762056.7252799938
tot_uptimes: 199
tot_uptimes_duration: 11880.054720006185
