comms_cons: 150.8343935964194
finished_reconf: true
global_termination_time: 1541071.022
local_termination_time: 876837.36936
node_cons: 31662.41490111701
tot_aggregated_send: 21518
tot_msg_rcv: 445
tot_msg_sent: 961
tot_reconf_duration: 6.22
tot_sleeping_duration: 1517431.0159200025
tot_uptimes: 395
tot_uptimes_duration: 23640.006079997635
