comms_cons: 236.10127358887905
finished_reconf: true
global_termination_time: 2386587.879
local_termination_time: 1668439.7383599996
node_cons: 49091.8818999991
tot_aggregated_send: 33988
tot_msg_rcv: 601
tot_msg_sent: 1297
tot_reconf_duration: 3.05
tot_sleeping_duration: 2349927.879
tot_uptimes: 612
tot_uptimes_duration: 36660.0
