comms_cons: 282.7927808129061
finished_reconf: true
global_termination_time: 2811004.371
local_termination_time: 4072.808
node_cons: 57854.46348670059
tot_aggregated_send: 38620
tot_msg_rcv: 1512
tot_msg_sent: 2850
tot_reconf_duration: 7.08
tot_sleeping_duration: 2767804.3345200135
tot_uptimes: 720
tot_uptimes_duration: 43200.03647998627
