comms_cons: 2185.7465025021947
finished_reconf: true
global_termination_time: 7495767.2966
local_termination_time: 7495767.25548
node_cons: 306179.66921039706
tot_aggregated_send: 0
tot_msg_rcv: 111303
tot_msg_sent: 220920
tot_reconf_duration: 37.410000000000004
tot_sleeping_duration: 7267142.303000005
tot_uptimes: 3776
tot_uptimes_duration: 228624.9935999951
