comms_cons: 1474.665553187598
finished_reconf: true
global_termination_time: 7495767.896599998
local_termination_time: 2188.37048
node_cons: 154217.79917509394
tot_aggregated_send: 0
tot_msg_rcv: 112827
tot_msg_sent: 111306
tot_reconf_duration: 18.21
tot_sleeping_duration: 7380612.504520014
tot_uptimes: 1920
tot_uptimes_duration: 115155.39207998442
