comms_cons: 749.8374658134821
finished_reconf: true
global_termination_time: 7498563.986
local_termination_time: 2146203.76836
node_cons: 154261.40151004912
tot_aggregated_send: 103356
tot_msg_rcv: 3364
tot_msg_sent: 7248
tot_reconf_duration: 6.279999999999999
tot_sleeping_duration: 7383363.93128002
tot_uptimes: 1921
tot_uptimes_duration: 115200.05471998057
