comms_cons: 744.8625537597545
finished_reconf: true
global_termination_time: 7500883.647
local_termination_time: 2717554.33336
node_cons: 154259.79092893176
tot_aggregated_send: 103878
tot_msg_rcv: 3042
tot_msg_sent: 6294
tot_reconf_duration: 5.1
tot_sleeping_duration: 7385683.598360017
tot_uptimes: 1921
tot_uptimes_duration: 115200.0486399827
