comms_cons: 735.6904257089974
finished_reconf: true
global_termination_time: 7497860.227
local_termination_time: 3379790.97004
node_cons: 154273.36008558096
tot_aggregated_send: 104574
tot_msg_rcv: 2318
tot_msg_sent: 4928
tot_reconf_duration: 15.110000000000001
tot_sleeping_duration: 7382660.196600011
tot_uptimes: 1921
tot_uptimes_duration: 115200.03039998934
