comms_cons: 755.3900034041287
finished_reconf: true
global_termination_time: 7495767.371119989
local_termination_time: 121191.32059999995
node_cons: 154272.3641243486
tot_aggregated_send: 104284
tot_msg_rcv: 3607
tot_msg_sent: 6922
tot_reconf_duration: 22.65
tot_sleeping_duration: 7380575.731520024
tot_uptimes: 1920
tot_uptimes_duration: 115191.63959996548
