comms_cons: 735.7050689033999
finished_reconf: true
global_termination_time: 7498661.02
local_termination_time: 3711486.7929599998
node_cons: 154269.9841044632
tot_aggregated_send: 104806
tot_msg_rcv: 2518
tot_msg_sent: 4499
tot_reconf_duration: 12.629999999999999
tot_sleeping_duration: 7383460.995680008
tot_uptimes: 1921
tot_uptimes_duration: 115200.02431999147
