comms_cons: 752.2208258230944
finished_reconf: true
global_termination_time: 7496075.033
local_termination_time: 768304.0919599988
node_cons: 154180.98817116575
tot_aggregated_send: 103472
tot_msg_rcv: 3656
tot_msg_sent: 7203
tot_reconf_duration: 6.22
tot_sleeping_duration: 7380934.972200021
tot_uptimes: 1920
tot_uptimes_duration: 115140.06079997821
