comms_cons: 154.91384318845212
finished_reconf: true
global_termination_time: 1535670.427
local_termination_time: 934112.1543599999
node_cons: 31604.38684111691
tot_aggregated_send: 21286
tot_msg_rcv: 769
tot_msg_sent: 1491
tot_reconf_duration: 22.65
tot_sleeping_duration: 1512090.4209200023
tot_uptimes: 394
tot_uptimes_duration: 23580.006079997635
