comms_cons: 95.87028481274182
finished_reconf: true
global_termination_time: 482828.26320000016
local_termination_time: 2175.1883600000006
node_cons: 9906.905140164552
tot_aggregated_send: 0
tot_msg_rcv: 7419
tot_msg_sent: 7152
tot_reconf_duration: 8.09
tot_sleeping_duration: 475437.7337599968
tot_uptimes: 124
tot_uptimes_duration: 7390.529440003389
