comms_cons: 49.429184000468354
finished_reconf: true
global_termination_time: 485650.058
local_termination_time: 158352.34136000008
node_cons: 9982.695662242895
tot_aggregated_send: 6496
tot_msg_rcv: 331
tot_msg_sent: 686
tot_reconf_duration: 15.110000000000001
tot_sleeping_duration: 478210.0458399979
tot_uptimes: 125
tot_uptimes_duration: 7440.0121600021375
