comms_cons: 48.94169600073647
finished_reconf: true
global_termination_time: 486602.268
local_termination_time: 199787.76872000057
node_cons: 9987.56274112146
tot_aggregated_send: 6728
tot_msg_rcv: 262
tot_msg_sent: 448
tot_reconf_duration: 18.700000000000003
tot_sleeping_duration: 479162.2619199989
tot_uptimes: 125
tot_uptimes_duration: 7440.006080001069
