comms_cons: 50.430195200914675
finished_reconf: true
global_termination_time: 484345.417
local_termination_time: 166722.65672000058
node_cons: 9968.154184485755
tot_aggregated_send: 6322
tot_msg_rcv: 472
tot_msg_sent: 872
tot_reconf_duration: 4.390000000000001
tot_sleeping_duration: 476905.39267999574
tot_uptimes: 125
tot_uptimes_duration: 7440.024320004275
