comms_cons: 51.24538880035694
finished_reconf: true
global_termination_time: 522661.742
local_termination_time: 188330.47836000004
node_cons: 10695.839559999984
tot_aggregated_send: 7540
tot_msg_rcv: 81
tot_msg_sent: 168
tot_reconf_duration: 7.819999999999999
tot_sleeping_duration: 514681.742
tot_uptimes: 134
tot_uptimes_duration: 7980.0
