comms_cons: 92.85882879734245
finished_reconf: true
global_termination_time: 941775.3121200001
local_termination_time: 52465.18288000009
node_cons: 19398.842009680226
tot_aggregated_send: 13456
tot_msg_rcv: 194
tot_msg_sent: 464
tot_reconf_duration: 6.22
tot_sleeping_duration: 927294.061
tot_uptimes: 242
tot_uptimes_duration: 14481.251120000146
