comms_cons: 249.64774399699832
finished_reconf: true
global_termination_time: 2516476.6
local_termination_time: 326292.21236000006
node_cons: 51743.14263999925
tot_aggregated_send: 36076
tot_msg_rcv: 595
tot_msg_sent: 1274
tot_reconf_duration: 3.08
tot_sleeping_duration: 2477836.6
tot_uptimes: 645
tot_uptimes_duration: 38640.0
