comms_cons: 261.6795456081534
finished_reconf: true
global_termination_time: 2516121.388
local_termination_time: 915017.77736
node_cons: 51749.66911228543
tot_aggregated_send: 33350
tot_msg_rcv: 2413
tot_msg_sent: 4010
tot_reconf_duration: 7.819999999999999
tot_sleeping_duration: 2477481.321120025
tot_uptimes: 645
tot_uptimes_duration: 38640.06687997468
