comms_cons: 209.94885119148913
finished_reconf: true
global_termination_time: 2130944.764
local_termination_time: 1194378.515279999
node_cons: 43789.44189999932
tot_aggregated_send: 30682
tot_msg_rcv: 379
tot_msg_sent: 850
tot_reconf_duration: 3.05
tot_sleeping_duration: 2098244.764
tot_uptimes: 546
tot_uptimes_duration: 32700.0
