comms_cons: 186.39867519117928
finished_reconf: true
global_termination_time: 1889226.319
local_termination_time: 153255.1245600007
node_cons: 38828.96546223344
tot_aggregated_send: 26448
tot_msg_rcv: 629
tot_msg_sent: 1254
tot_reconf_duration: 18.21
tot_sleeping_duration: 1860246.3068400046
tot_uptimes: 484
tot_uptimes_duration: 28980.01215999527
