comms_cons: 191.112601582172
finished_reconf: true
global_termination_time: 1891103.875
local_termination_time: 60705.64288000009
node_cons: 38891.148967826804
tot_aggregated_send: 25868
tot_msg_rcv: 1139
tot_msg_sent: 2041
tot_reconf_duration: 4.8100000000000005
tot_sleeping_duration: 1862063.8324400096
tot_uptimes: 485
tot_uptimes_duration: 29040.04255999031
