comms_cons: 14.193843199729281
finished_reconf: true
global_termination_time: 117811.704
local_termination_time: 33126.17536000001
node_cons: 2417.804765598036
tot_aggregated_send: 1044
tot_msg_rcv: 415
tot_msg_sent: 700
tot_reconf_duration: 5.57
tot_sleeping_duration: 116011.67360000146
tot_uptimes: 31
tot_uptimes_duration: 1800.0303999985335
