comms_cons: 15.792934399610559
finished_reconf: true
global_termination_time: 119084.415
local_termination_time: 49452.41572000002
node_cons: 2417.1583644777443
tot_aggregated_send: 754
tot_msg_rcv: 657
tot_msg_sent: 991
tot_reconf_duration: 5.1
tot_sleeping_duration: 117284.39068000167
tot_uptimes: 31
tot_uptimes_duration: 1800.024319998316
