comms_cons: 12.093824000037964
finished_reconf: true
global_termination_time: 116802.55923999984
local_termination_time: 108137.55227999979
node_cons: 2402.2270038409374
tot_aggregated_send: 1160
tot_msg_rcv: 241
tot_msg_sent: 436
tot_reconf_duration: 25.299999999999997
tot_sleeping_duration: 115034.17267999913
tot_uptimes: 30
tot_uptimes_duration: 1768.386560000712
