comms_cons: 79.8209919994693
finished_reconf: true
global_termination_time: 806795.647
local_termination_time: 161362.58299999998
node_cons: 16562.96705400202
tot_aggregated_send: 11423
tot_msg_rcv: 186
tot_msg_sent: 523
tot_reconf_duration: 6.22
tot_sleeping_duration: 794432.3009999986
tot_uptimes: 207
tot_uptimes_duration: 12363.34600000149
