comms_cons: 173.95009282045422
finished_reconf: true
global_termination_time: 361630.2406000001
local_termination_time: 361630.19948000007
node_cons: 21824.670208003678
tot_aggregated_send: 0
tot_msg_rcv: 10721
tot_msg_sent: 15716
tot_reconf_duration: 24.59
tot_sleeping_duration: 345355.9485999974
tot_uptimes: 267
tot_uptimes_duration: 16274.292000002717
