comms_cons: 36.679667200747076
finished_reconf: true
global_termination_time: 361793.931
local_termination_time: 199587.63836000004
node_cons: 7395.446323364285
tot_aggregated_send: 4814
tot_msg_rcv: 237
tot_msg_sent: 525
tot_reconf_duration: 3.05
tot_sleeping_duration: 356273.9127599968
tot_uptimes: 93
tot_uptimes_duration: 5520.018240003206
