comms_cons: 37.29713920036056
finished_reconf: true
global_termination_time: 361885.204
local_termination_time: 9070.5126
node_cons: 7401.9239833643
tot_aggregated_send: 4756
tot_msg_rcv: 334
tot_msg_sent: 578
tot_reconf_duration: 7.819999999999999
tot_sleeping_duration: 356365.1857599968
tot_uptimes: 93
tot_uptimes_duration: 5520.018240003206
