comms_cons: 284.24812139987375
finished_reconf: true
global_termination_time: 2181242.471
local_termination_time: 381757.0623600001
node_cons: 44833.870041116425
tot_aggregated_send: 0
tot_msg_rcv: 21742
tot_msg_sent: 21462
tot_reconf_duration: 3.05
tot_sleeping_duration: 2147762.464920002
tot_uptimes: 559
tot_uptimes_duration: 33480.006079997635
