comms_cons: 14.247763199831184
finished_reconf: true
global_termination_time: 114260.60871999967
local_termination_time: 114260.56759999967
node_cons: 2418.2766934389992
tot_aggregated_send: 1044
tot_msg_rcv: 446
tot_msg_sent: 675
tot_reconf_duration: 24.59
tot_sleeping_duration: 112479.51576000042
tot_uptimes: 30
tot_uptimes_duration: 1781.0929599992578
