comms_cons: 14.735475199822158
finished_reconf: true
global_termination_time: 119765.138
local_termination_time: 59132.12060000002
node_cons: 2434.9536033585923
tot_aggregated_send: 928
tot_msg_rcv: 563
tot_msg_sent: 748
tot_reconf_duration: 18.21
tot_sleeping_duration: 117965.11976000105
tot_uptimes: 31
tot_uptimes_duration: 1800.0182399989499
