comms_cons: 12.95409919966216
finished_reconf: true
global_termination_time: 115471.578
local_termination_time: 46218.636
node_cons: 2380.359844799394
tot_aggregated_send: 1100
tot_msg_rcv: 392
tot_msg_sent: 477
tot_reconf_duration: 22.65
tot_sleeping_duration: 113716.83480000045
tot_uptimes: 30
tot_uptimes_duration: 1754.7431999995533
