comms_cons: 13.22419199984967
finished_reconf: true
global_termination_time: 114261.2764799999
local_termination_time: 72263.62207999964
node_cons: 2357.7563109581774
tot_aggregated_send: 1102
tot_msg_rcv: 326
tot_msg_sent: 581
tot_reconf_duration: 5.43
tot_sleeping_duration: 112505.94984000127
tot_uptimes: 30
tot_uptimes_duration: 1755.3266399986314
