comms_cons: 71.73301759903183
finished_reconf: true
global_termination_time: 720894.206
local_termination_time: 202672.42660000053
node_cons: 14786.742640000006
tot_aggregated_send: 10266
tot_msg_rcv: 233
tot_msg_sent: 404
tot_reconf_duration: 3.08
tot_sleeping_duration: 709854.206
tot_uptimes: 185
tot_uptimes_duration: 11040.0
