comms_cons: 71.85802239888677
finished_reconf: true
global_termination_time: 721600.005
local_termination_time: 121316.50535999997
node_cons: 14793.546220000017
tot_aggregated_send: 10266
tot_msg_rcv: 257
tot_msg_sent: 399
tot_reconf_duration: 8.09
tot_sleeping_duration: 710560.005
tot_uptimes: 185
tot_uptimes_duration: 11040.0
