comms_cons: 70.60238080023335
finished_reconf: true
global_termination_time: 719735.367
local_termination_time: 31808.664999999997
node_cons: 14813.17723560002
tot_aggregated_send: 10440
tot_msg_rcv: 73
tot_msg_sent: 219
tot_reconf_duration: 18.700000000000003
tot_sleeping_duration: 708691.4665999999
tot_uptimes: 185
tot_uptimes_duration: 11043.900400000002
