comms_cons: 212.64764798584494
finished_reconf: true
global_termination_time: 2144611.264
local_termination_time: 309801.3395600003
node_cons: 44127.56499005108
tot_aggregated_send: 29754
tot_msg_rcv: 806
tot_msg_sent: 1761
tot_reconf_duration: 15.34
tot_sleeping_duration: 2111671.2092800215
tot_uptimes: 550
tot_uptimes_duration: 32940.05471997871
