comms_cons: 1037.1000696179465
finished_reconf: true
global_termination_time: 2141683.9598399997
local_termination_time: 2141683.9187199995
node_cons: 130369.76876494325
tot_aggregated_send: 0
tot_msg_rcv: 63578
tot_msg_sent: 94053
tot_reconf_duration: 24.59
tot_sleeping_duration: 2044345.3672000088
tot_uptimes: 1598
tot_uptimes_duration: 97338.59263999065
