comms_cons: 0.9737216000021709
finished_reconf: true
global_termination_time: 4138.542
local_termination_time: 1160.51536
node_cons: 91.32621999999989
tot_aggregated_send: 0
tot_msg_rcv: 95
tot_msg_sent: 52
tot_reconf_duration: 8.09
tot_sleeping_duration: 4078.5420000000004
tot_uptimes: 2
tot_uptimes_duration: 60.0
