comms_cons: 440.3439101549453
finished_reconf: true
global_termination_time: 2225474.558159996
local_termination_time: 945.0425999999999
node_cons: 45802.92020405663
tot_aggregated_send: 0
tot_msg_rcv: 33876
tot_msg_sent: 33051
tot_reconf_duration: 11.31
tot_sleeping_duration: 2191279.217440013
tot_uptimes: 570
tot_uptimes_duration: 34195.34071998292
