comms_cons: 230.5310079884813
finished_reconf: true
global_termination_time: 2225474.2116799965
local_termination_time: 264493.81760000007
node_cons: 45758.160011099004
tot_aggregated_send: 29406
tot_msg_rcv: 2014
tot_msg_sent: 3621
tot_reconf_duration: 5.43
tot_sleeping_duration: 2191306.3356000115
tot_uptimes: 570
tot_uptimes_duration: 34167.87607998471
