comms_cons: 2.2632447999925214
finished_reconf: true
global_termination_time: 18817.346
local_termination_time: 7231.6993600000005
node_cons: 339.24486000000013
tot_aggregated_send: 0
tot_msg_rcv: 180
tot_msg_sent: 164
tot_reconf_duration: 13.17
tot_sleeping_duration: 18577.346
tot_uptimes: 5
tot_uptimes_duration: 240.0
