comms_cons: 113.62700159115629
finished_reconf: true
global_termination_time: 1131405.123
local_termination_time: 544450.2465599995
node_cons: 23249.03498223373
tot_aggregated_send: 15602
tot_msg_rcv: 525
tot_msg_sent: 1143
tot_reconf_duration: 22.65
tot_sleeping_duration: 1114065.1108400046
tot_uptimes: 290
tot_uptimes_duration: 17340.01215999527
