comms_cons: 0.8816127999970892
finished_reconf: true
global_termination_time: 4564.623
local_termination_time: 2475.4423600000005
node_cons: 92.71138000000016
tot_aggregated_send: 0
tot_msg_rcv: 84
tot_msg_sent: 50
tot_reconf_duration: 9.11
tot_sleeping_duration: 4504.623
tot_uptimes: 2
tot_uptimes_duration: 60.0
