comms_cons: 444.01829129093335
finished_reconf: true
global_termination_time: 4379788.730119992
local_termination_time: 26550.371600000002
node_cons: 90142.0573186144
tot_aggregated_send: 60146
tot_msg_rcv: 2534
tot_msg_sent: 4807
tot_reconf_duration: 22.65
tot_sleeping_duration: 4312491.27036001
tot_uptimes: 1122
tot_uptimes_duration: 67297.4597599827
