comms_cons: 434.8775680304226
finished_reconf: true
global_termination_time: 4380550.382
local_termination_time: 963988.0244799998
node_cons: 90076.53968558197
tot_aggregated_send: 60842
tot_msg_rcv: 1833
tot_msg_sent: 3424
tot_reconf_duration: 11.31
tot_sleeping_duration: 4313290.351600012
tot_uptimes: 1122
tot_uptimes_duration: 67260.0303999884
