comms_cons: 399.9323580629784
finished_reconf: true
global_termination_time: 2527142.889
local_termination_time: 1165988.8825999997
node_cons: 52010.77940558326
tot_aggregated_send: 0
tot_msg_rcv: 30808
tot_msg_sent: 29982
tot_reconf_duration: 22.65
tot_sleeping_duration: 2488322.8586000116
tot_uptimes: 648
tot_uptimes_duration: 38820.03039998817
