comms_cons: 259.50689280233723
finished_reconf: true
global_termination_time: 2525213.235
local_termination_time: 1225254.9243599996
node_cons: 51903.82260558313
tot_aggregated_send: 33930
tot_msg_rcv: 1968
tot_msg_sent: 3546
tot_reconf_duration: 3.05
tot_sleeping_duration: 2486453.204600012
tot_uptimes: 647
tot_uptimes_duration: 38760.03039998817
