comms_cons: 149.63732479562202
finished_reconf: true
global_termination_time: 1527988.777
local_termination_time: 885229.2166799995
node_cons: 31418.909761121504
tot_aggregated_send: 21170
tot_msg_rcv: 571
tot_msg_sent: 1003
tot_reconf_duration: 4.390000000000001
tot_sleeping_duration: 1504528.7709199989
tot_uptimes: 392
tot_uptimes_duration: 23460.00608000107
