comms_cons: 150.3952127981527
finished_reconf: true
global_termination_time: 1529864.408
local_termination_time: 273033.5693600001
node_cons: 31423.55956000006
tot_aggregated_send: 21692
tot_msg_rcv: 360
tot_msg_sent: 807
tot_reconf_duration: 7.819999999999999
tot_sleeping_duration: 1506404.408
tot_uptimes: 392
tot_uptimes_duration: 23460.0
