comms_cons: 247.3982847964775
finished_reconf: true
global_termination_time: 2505475.434
local_termination_time: 947640.3823599998
node_cons: 51518.459379999214
tot_aggregated_send: 36018
tot_msg_rcv: 495
tot_msg_sent: 1090
tot_reconf_duration: 15.110000000000001
tot_sleeping_duration: 2467015.434
tot_uptimes: 642
tot_uptimes_duration: 38460.0
