comms_cons: 243.7133055970802
finished_reconf: true
global_termination_time: 2504720.12
local_termination_time: 1710641.142599999
node_cons: 51514.100199999426
tot_aggregated_send: 36598
tot_msg_rcv: 121
tot_msg_sent: 324
tot_reconf_duration: 11.899999999999999
tot_sleeping_duration: 2466260.12
tot_uptimes: 642
tot_uptimes_duration: 38460.0
