comms_cons: 49.90483200099234
finished_reconf: true
global_termination_time: 491191.83224000013
local_termination_time: 39585.84152000017
node_cons: 10067.04601048166
tot_aggregated_send: 6612
tot_msg_rcv: 365
tot_msg_sent: 607
tot_reconf_duration: 3.05
tot_sleeping_duration: 483676.5939199989
tot_uptimes: 126
tot_uptimes_duration: 7515.238320001226
