comms_cons: 88.35687679151586
finished_reconf: true
global_termination_time: 865704.384
local_termination_time: 21223.211600000002
node_cons: 17776.012425584187
tot_aggregated_send: 11368
tot_msg_rcv: 616
tot_msg_sent: 1446
tot_reconf_duration: 15.34
tot_sleeping_duration: 852444.3536000118
tot_uptimes: 222
tot_uptimes_duration: 13260.030399988173
