comms_cons: 85.1570943990704
finished_reconf: true
global_termination_time: 861308.034
local_termination_time: 649249.2485599985
node_cons: 17690.960200000056
tot_aggregated_send: 12122
tot_msg_rcv: 248
tot_msg_sent: 572
tot_reconf_duration: 11.899999999999999
tot_sleeping_duration: 848108.034
tot_uptimes: 221
tot_uptimes_duration: 13200.0
