comms_cons: 86.68620799580314
finished_reconf: true
global_termination_time: 861526.746
local_termination_time: 331198.12736
node_cons: 17680.769761121395
tot_aggregated_send: 11948
tot_msg_rcv: 417
tot_msg_sent: 811
tot_reconf_duration: 4.390000000000001
tot_sleeping_duration: 848326.7399199989
tot_uptimes: 221
tot_uptimes_duration: 13200.006080001069
