comms_cons: 170.5831423345515
finished_reconf: true
global_termination_time: 859983.1576399982
local_termination_time: 952.619479999999
node_cons: 17758.632217191323
tot_aggregated_send: 0
tot_msg_rcv: 13110
tot_msg_sent: 12816
tot_reconf_duration: 3.05
tot_sleeping_duration: 846723.6428400046
tot_uptimes: 221
tot_uptimes_duration: 13259.514799993502
