comms_cons: 78.26021119768637
finished_reconf: true
global_termination_time: 769586.39
local_termination_time: 463661.52524000045
node_cons: 15834.560342233697
tot_aggregated_send: 10382
tot_msg_rcv: 470
tot_msg_sent: 1043
tot_reconf_duration: 5.57
tot_sleeping_duration: 757766.3778400047
tot_uptimes: 198
tot_uptimes_duration: 11820.012159995269
