comms_cons: 78.02398719837342
finished_reconf: true
global_termination_time: 768127.412
local_termination_time: 426178.47336000006
node_cons: 15777.42312335975
tot_aggregated_send: 10266
tot_msg_rcv: 505
tot_msg_sent: 1089
tot_reconf_duration: 22.65
tot_sleeping_duration: 756367.3937600002
tot_uptimes: 197
tot_uptimes_duration: 11760.018239999772
