comms_cons: 144.63055358695186
finished_reconf: true
global_termination_time: 1435052.5888399996
local_termination_time: 1435052.5477199997
node_cons: 29555.5076355936
tot_aggregated_send: 19868
tot_msg_rcv: 707
tot_msg_sent: 1408
tot_reconf_duration: 37.410000000000004
tot_sleeping_duration: 1413017.7084400046
tot_uptimes: 368
tot_uptimes_duration: 22034.880399995178
