comms_cons: 146.71188478912842
finished_reconf: true
global_termination_time: 1435937.465
local_termination_time: 627972.0743599999
node_cons: 29505.652425584165
tot_aggregated_send: 19198
tot_msg_rcv: 1019
tot_msg_sent: 2083
tot_reconf_duration: 15.34
tot_sleeping_duration: 1413917.434600012
tot_uptimes: 368
tot_uptimes_duration: 22020.030399988173
