comms_cons: 141.94747519357918
finished_reconf: true
global_termination_time: 1435473.7
local_termination_time: 560866.2253599998
node_cons: 29488.96263999999
tot_aggregated_send: 20648
tot_msg_rcv: 291
tot_msg_sent: 636
tot_reconf_duration: 3.08
tot_sleeping_duration: 1413453.7
tot_uptimes: 368
tot_uptimes_duration: 22020.0
