comms_cons: 147.0589055833973
finished_reconf: true
global_termination_time: 1438932.221
local_termination_time: 422517.4074800001
node_cons: 29569.30260558427
tot_aggregated_send: 19430
tot_msg_rcv: 999
tot_msg_sent: 1924
tot_reconf_duration: 3.05
tot_sleeping_duration: 1416852.1906000117
tot_uptimes: 369
tot_uptimes_duration: 22080.030399988173
