comms_cons: 283.9138558005599
finished_reconf: true
global_termination_time: 1435452.347
local_termination_time: 539227.0284799999
node_cons: 29493.267465584326
tot_aggregated_send: 0
tot_msg_rcv: 21860
tot_msg_sent: 21294
tot_reconf_duration: 6.22
tot_sleeping_duration: 1413432.316600012
tot_uptimes: 368
tot_uptimes_duration: 22020.030399988173
