comms_cons: 144.12775038553784
finished_reconf: true
global_termination_time: 1414271.4374799998
local_termination_time: 410289.39456000074
node_cons: 29127.011725420976
tot_aggregated_send: 19314
tot_msg_rcv: 911
tot_msg_sent: 1680
tot_reconf_duration: 18.21
tot_sleeping_duration: 1392537.096520014
tot_uptimes: 363
tot_uptimes_duration: 21734.34095998574
