comms_cons: 411.21450211331387
finished_reconf: true
global_termination_time: 1417051.801
local_termination_time: 637415.1501999997
node_cons: 57545.46370899909
tot_aggregated_send: 0
tot_msg_rcv: 20995
tot_msg_sent: 41507
tot_reconf_duration: 13.17
tot_sleeping_duration: 1374088.71
tot_uptimes: 710
tot_uptimes_duration: 42963.091000000015
