comms_cons: 277.9133310058682
finished_reconf: true
global_termination_time: 1417051.801
local_termination_time: 637407.1490799998
node_cons: 29091.54304223383
tot_aggregated_send: 0
tot_msg_rcv: 21246
tot_msg_sent: 20996
tot_reconf_duration: 6.22
tot_sleeping_duration: 1395331.7888400047
tot_uptimes: 363
tot_uptimes_duration: 21720.01215999527
