comms_cons: 45.86158079988767
finished_reconf: true
global_termination_time: 15119.41360000003
local_termination_time: 2239.5064800000023
node_cons: 6146.8756291200725
tot_aggregated_send: 0
tot_msg_rcv: 3685
tot_msg_sent: 3284
tot_reconf_duration: 18.21
tot_sleeping_duration: 10547.235519999982
tot_uptimes: 63
tot_uptimes_duration: 4572.178080000051
