comms_cons: 1.8421759999939133
finished_reconf: true
global_termination_time: 16125.549
local_termination_time: 10399.80736
node_cons: 333.7313800000008
tot_aggregated_send: 0
tot_msg_rcv: 146
tot_msg_sent: 134
tot_reconf_duration: 9.11
tot_sleeping_duration: 15885.549
tot_uptimes: 5
tot_uptimes_duration: 240.0
