comms_cons: 2.217190399995149
finished_reconf: true
global_termination_time: 18114.8
local_termination_time: 5792.961360000001
node_cons: 346.75459999999975
tot_aggregated_send: 0
tot_msg_rcv: 178
tot_msg_sent: 159
tot_reconf_duration: 18.700000000000003
tot_sleeping_duration: 17874.8
tot_uptimes: 5
tot_uptimes_duration: 239.99999999999906
