comms_cons: 99.74067199808829
finished_reconf: true
global_termination_time: 1028075.909
local_termination_time: 5990.653
node_cons: 21137.271942238294
tot_aggregated_send: 14551
tot_msg_rcv: 141
tot_msg_sent: 468
tot_reconf_duration: 5.77
tot_sleeping_duration: 1012295.8968400012
tot_uptimes: 264
tot_uptimes_duration: 15780.012159998703
