comms_cons: 101.93430399631352
finished_reconf: true
global_termination_time: 1029001.509
local_termination_time: 4501.028
node_cons: 21145.34390112146
tot_aggregated_send: 14662
tot_msg_rcv: 329
tot_msg_sent: 502
tot_reconf_duration: 11.719999999999999
tot_sleeping_duration: 1013221.502919999
tot_uptimes: 264
tot_uptimes_duration: 15780.006080001069
