comms_cons: 136.66761597735243
finished_reconf: true
global_termination_time: 682155.809
local_termination_time: 3603.8203600000006
node_cons: 14013.541823359714
tot_aggregated_send: 0
tot_msg_rcv: 10693
tot_msg_sent: 10078
tot_reconf_duration: 25.299999999999997
tot_sleeping_duration: 671715.7907600002
tot_uptimes: 175
tot_uptimes_duration: 10440.018239999772
