comms_cons: 68.83124479706525
finished_reconf: true
global_termination_time: 681871.073
local_termination_time: 56081.945600000014
node_cons: 13997.053001119168
tot_aggregated_send: 9396
tot_msg_rcv: 381
tot_msg_sent: 684
tot_reconf_duration: 13.17
tot_sleeping_duration: 671431.0669200007
tot_uptimes: 175
tot_uptimes_duration: 10440.006079999366
