comms_cons: 67.34469120029617
finished_reconf: true
global_termination_time: 681326.1496799996
local_termination_time: 681303.4773599999
node_cons: 14025.588556640876
tot_aggregated_send: 9802
tot_msg_rcv: 129
tot_msg_sent: 305
tot_reconf_duration: 4.390000000000001
tot_sleeping_duration: 670855.9279199989
tot_uptimes: 175
tot_uptimes_duration: 10470.221760000626
