comms_cons: 101.82032639527196
finished_reconf: true
global_termination_time: 1008207.193
local_termination_time: 347784.01664000086
node_cons: 20754.983526152566
tot_aggregated_send: 12528
tot_msg_rcv: 968
tot_msg_sent: 1981
tot_reconf_duration: 15.34
tot_sleeping_duration: 992722.3895600055
tot_uptimes: 259
tot_uptimes_duration: 15484.8034399944
