comms_cons: 100.99792639436573
finished_reconf: true
global_termination_time: 1009189.356
local_termination_time: 588764.143
node_cons: 20736.320124630623
tot_aggregated_send: 13917
tot_msg_rcv: 391
tot_msg_sent: 1043
tot_reconf_duration: 5.57
tot_sleeping_duration: 993708.582240007
tot_uptimes: 259
tot_uptimes_duration: 15480.773759993026
