comms_cons: 101.67558399625118
finished_reconf: true
global_termination_time: 1008862.229
local_termination_time: 146921.3816400004
node_cons: 20733.730466719437
tot_aggregated_send: 13630
tot_msg_rcv: 487
tot_msg_sent: 1338
tot_reconf_duration: 4.390000000000001
tot_sleeping_duration: 993382.1925200005
tot_uptimes: 259
tot_uptimes_duration: 15480.036479999544
