comms_cons: 101.97040639410922
finished_reconf: true
global_termination_time: 1008586.906
local_termination_time: 330867.52336000005
node_cons: 20735.15092783164
tot_aggregated_send: 12818
tot_msg_rcv: 846
tot_msg_sent: 1833
tot_reconf_duration: 5.43
tot_sleeping_duration: 993106.8634400063
tot_uptimes: 259
tot_uptimes_duration: 15480.042559993744
