comms_cons: 25.93679359878486
finished_reconf: true
global_termination_time: 125285.13967999979
local_termination_time: 1436.2820400000014
node_cons: 2628.837375519727
tot_aggregated_send: 0
tot_msg_rcv: 2074
tot_msg_sent: 1866
tot_reconf_duration: 18.21
tot_sleeping_duration: 123340.324
tot_uptimes: 33
tot_uptimes_duration: 1944.815679999796
