comms_cons: 61.32935679706867
finished_reconf: true
global_termination_time: 125284.53967999984
local_termination_time: 125284.49855999985
node_cons: 7753.427177999537
tot_aggregated_send: 0
tot_msg_rcv: 3760
tot_msg_sent: 5561
tot_reconf_duration: 24.59
tot_sleeping_duration: 119519.0176800002
tot_uptimes: 96
tot_uptimes_duration: 5765.521999999653
