comms_cons: 329.3882752065602
finished_reconf: true
global_termination_time: 3321777.878
local_termination_time: 2179497.8880000003
node_cons: 68300.43944734124
tot_aggregated_send: 45875
tot_msg_rcv: 1388
tot_msg_sent: 2802
tot_reconf_duration: 5.57
tot_sleeping_duration: 3270774.9837600132
tot_uptimes: 851
tot_uptimes_duration: 51002.89423998678
