comms_cons: 327.4940928069792
finished_reconf: true
global_termination_time: 3321265.685
local_termination_time: 2017444.3095999996
node_cons: 68295.94208223262
tot_aggregated_send: 45994
tot_msg_rcv: 1221
tot_msg_sent: 2563
tot_reconf_duration: 5.1
tot_sleeping_duration: 3270265.6728400043
tot_uptimes: 851
tot_uptimes_duration: 51000.012159995735
