comms_cons: 336.20995844089305
finished_reconf: true
global_termination_time: 3322833.153
local_termination_time: 849268.9573599999
node_cons: 68309.57636781727
tot_aggregated_send: 45762
tot_msg_rcv: 1805
tot_msg_sent: 3535
tot_reconf_duration: 15.110000000000001
tot_sleeping_duration: 3271833.110440016
tot_uptimes: 851
tot_uptimes_duration: 51000.04255998414
