comms_cons: 334.87702402510433
finished_reconf: true
global_termination_time: 3324019.858
local_termination_time: 81253.06259999996
node_cons: 68400.17197005557
tot_aggregated_send: 46400
tot_msg_rcv: 1667
tot_msg_sent: 2831
tot_reconf_duration: 22.65
tot_sleeping_duration: 3272959.8032800173
tot_uptimes: 852
tot_uptimes_duration: 51060.05471998284
