comms_cons: 336.04642564118126
finished_reconf: true
global_termination_time: 3324153.016
local_termination_time: 464884.72248000005
node_cons: 68394.81601116773
tot_aggregated_send: 46458
tot_msg_rcv: 1723
tot_msg_sent: 2897
tot_reconf_duration: 18.700000000000003
tot_sleeping_duration: 3273092.955200023
tot_uptimes: 852
tot_uptimes_duration: 51060.060799977044
