comms_cons: 654.7171207285465
finished_reconf: true
global_termination_time: 3320042.396
local_termination_time: 997.1254799999991
node_cons: 68305.20904670077
tot_aggregated_send: 0
tot_msg_rcv: 50207
tot_msg_sent: 49303
tot_reconf_duration: 11.899999999999999
tot_sleeping_duration: 3269042.3595200134
tot_uptimes: 851
tot_uptimes_duration: 51000.03647998674
