comms_cons: 63.98271999914297
finished_reconf: true
global_termination_time: 621700.808
local_termination_time: 247181.12712000048
node_cons: 12781.034646724012
tot_aggregated_send: 8062
tot_msg_rcv: 499
tot_msg_sent: 1164
tot_reconf_duration: 5.1
tot_sleeping_duration: 612160.771519997
tot_uptimes: 160
tot_uptimes_duration: 9540.036480002978
