comms_cons: 64.06090239892222
finished_reconf: true
global_termination_time: 621799.966
local_termination_time: 209739.0239600006
node_cons: 12780.62454448114
tot_aggregated_send: 8352
tot_msg_rcv: 512
tot_msg_sent: 873
tot_reconf_duration: 4.8100000000000005
tot_sleeping_duration: 612259.9416799991
tot_uptimes: 160
tot_uptimes_duration: 9540.02432000084
