comms_cons: 62.988287997931906
finished_reconf: true
global_termination_time: 622908.941
local_termination_time: 408197.5509600006
node_cons: 12784.695842233688
tot_aggregated_send: 8526
tot_msg_rcv: 354
tot_msg_sent: 694
tot_reconf_duration: 7.819999999999999
tot_sleeping_duration: 613368.9288400047
tot_uptimes: 160
tot_uptimes_duration: 9540.012159995269
