comms_cons: 223.63767678587556
finished_reconf: true
global_termination_time: 2262789.19
local_termination_time: 1576265.16636
node_cons: 46537.70800223323
tot_aggregated_send: 31552
tot_msg_rcv: 799
tot_msg_sent: 1640
tot_reconf_duration: 15.34
tot_sleeping_duration: 2228049.1778400047
tot_uptimes: 580
tot_uptimes_duration: 34740.01215999527
