comms_cons: 229.36337277919793
finished_reconf: true
global_termination_time: 2261747.909239997
local_termination_time: 106546.79991999983
node_cons: 46553.85356830422
tot_aggregated_send: 30798
tot_msg_rcv: 1390
tot_msg_sent: 2672
tot_reconf_duration: 13.17
tot_sleeping_duration: 2226993.6383600086
tot_uptimes: 580
tot_uptimes_duration: 34754.27087998862
