comms_cons: 157.06489598741146
finished_reconf: true
global_termination_time: 1539923.384
local_termination_time: 6506.666999999999
node_cons: 31683.482851197143
tot_aggregated_send: 21033
tot_msg_rcv: 1042
tot_msg_sent: 1799
tot_reconf_duration: 21.68
tot_sleeping_duration: 1516283.3232000023
tot_uptimes: 395
tot_uptimes_duration: 23640.06079999783
