comms_cons: 149.39928318527166
finished_reconf: true
global_termination_time: 1538240.255
local_termination_time: 4612.4980000000005
node_cons: 31581.689153425028
tot_aggregated_send: 19946
tot_msg_rcv: 1004
tot_msg_sent: 1759
tot_reconf_duration: 5.87
tot_sleeping_duration: 1514660.182040011
tot_uptimes: 394
tot_uptimes_duration: 23580.072959988785
