comms_cons: 153.19017598791453
finished_reconf: true
global_termination_time: 1541239.762
local_termination_time: 1521.6092400000002
node_cons: 31670.60904558881
tot_aggregated_send: 21170
tot_msg_rcv: 743
tot_msg_sent: 1371
tot_reconf_duration: 12.23
tot_sleeping_duration: 1517599.7316000084
tot_uptimes: 395
tot_uptimes_duration: 23640.030399991607
