comms_cons: 75.5621119983107
finished_reconf: true
global_termination_time: 768946.207
local_termination_time: 50026.25236000001
node_cons: 15755.168240000023
tot_aggregated_send: 11078
tot_msg_rcv: 131
tot_msg_sent: 276
tot_reconf_duration: 6.279999999999999
tot_sleeping_duration: 757186.207
tot_uptimes: 197
tot_uptimes_duration: 11760.0
