comms_cons: 74.99630080021072
finished_reconf: true
global_termination_time: 767057.69
local_termination_time: 503269.42436000006
node_cons: 15750.822640000046
tot_aggregated_send: 11252
tot_msg_rcv: 33
tot_msg_sent: 114
tot_reconf_duration: 3.08
tot_sleeping_duration: 755297.69
tot_uptimes: 197
tot_uptimes_duration: 11760.0
