comms_cons: 64.45047039926617
finished_reconf: true
global_termination_time: 633363.72424
local_termination_time: 93818.73635999998
node_cons: 13058.901606086374
tot_aggregated_send: 8352
tot_msg_rcv: 576
tot_msg_sent: 868
tot_reconf_duration: 18.21
tot_sleeping_duration: 623629.4655199953
tot_uptimes: 163
tot_uptimes_duration: 9734.258720004742
