comms_cons: 403.9510653217442
finished_reconf: true
global_termination_time: 1389251.38
local_termination_time: 510202.7406000001
node_cons: 56561.12597799911
tot_aggregated_send: 0
tot_msg_rcv: 20599
tot_msg_sent: 40799
tot_reconf_duration: 13.17
tot_sleeping_duration: 1347023.4179999998
tot_uptimes: 700
tot_uptimes_duration: 42227.96200000009
