comms_cons: 138.56636159108663
finished_reconf: true
global_termination_time: 1389321.895
local_termination_time: 910298.1902799992
node_cons: 28524.88263999999
tot_aggregated_send: 19720
tot_msg_rcv: 473
tot_msg_sent: 868
tot_reconf_duration: 3.08
tot_sleeping_duration: 1368021.895
tot_uptimes: 356
tot_uptimes_duration: 21300.0
