comms_cons: 815.5438530085931
finished_reconf: true
global_termination_time: 8169286.201
local_termination_time: 3755585.92336
node_cons: 168083.71650893113
tot_aggregated_send: 112868
tot_msg_rcv: 3834
tot_msg_sent: 7255
tot_reconf_duration: 9.11
tot_sleeping_duration: 8043766.152360017
tot_uptimes: 2093
tot_uptimes_duration: 125520.04863998294
