comms_cons: 805.9088257959578
finished_reconf: true
global_termination_time: 8170080.875
local_termination_time: 5212550.504959999
node_cons: 168084.1130655798
tot_aggregated_send: 112984
tot_msg_rcv: 2893
tot_msg_sent: 6614
tot_reconf_duration: 9.42
tot_sleeping_duration: 8044560.844600011
tot_uptimes: 2093
tot_uptimes_duration: 125520.03039998934
