comms_cons: 197.12958072257263
finished_reconf: true
global_termination_time: 852840.8912799992
local_termination_time: 852840.8501599992
node_cons: 17600.726568777154
tot_aggregated_send: 0
tot_msg_rcv: 17205
tot_msg_sent: 12759
tot_reconf_duration: 37.410000000000004
tot_sleeping_duration: 839734.1520800163
tot_uptimes: 219
tot_uptimes_duration: 13106.739199982927
