comms_cons: 26.310220800134644
finished_reconf: true
global_termination_time: 259589.374
local_termination_time: 125679.05079999984
node_cons: 5320.324860000002
tot_aggregated_send: 3538
tot_msg_rcv: 181
tot_msg_sent: 280
tot_reconf_duration: 13.17
tot_sleeping_duration: 255629.374
tot_uptimes: 67
tot_uptimes_duration: 3960.0
