comms_cons: 26.34969600044157
finished_reconf: true
global_termination_time: 259190.93
local_termination_time: 155123.60888000042
node_cons: 5306.638922242849
tot_aggregated_send: 3480
tot_msg_rcv: 177
tot_msg_sent: 348
tot_reconf_duration: 3.08
tot_sleeping_duration: 255230.91783999786
tot_uptimes: 67
tot_uptimes_duration: 3960.0121600021375
