comms_cons: 26.85629440042364
finished_reconf: true
global_termination_time: 261179.49
local_termination_time: 50380.644
node_cons: 5313.434361120301
tot_aggregated_send: 3187
tot_msg_rcv: 259
tot_msg_sent: 636
tot_reconf_duration: 8.09
tot_sleeping_duration: 257219.48391999977
tot_uptimes: 67
tot_uptimes_duration: 3960.0060800002175
