comms_cons: 27.797747200144364
finished_reconf: true
global_termination_time: 259185.66236000016
local_termination_time: 33729.596
node_cons: 5353.945125439967
tot_aggregated_send: 3129
tot_msg_rcv: 396
tot_msg_sent: 701
tot_reconf_duration: 15.110000000000001
tot_sleeping_duration: 255202.5214000002
tot_uptimes: 67
tot_uptimes_duration: 3983.1409599999715
