comms_cons: 246.32427518226055
finished_reconf: true
global_termination_time: 2494245.86
local_termination_time: 624286.5703599999
node_cons: 51281.68988558336
tot_aggregated_send: 34510
tot_msg_rcv: 1080
tot_msg_sent: 1850
tot_reconf_duration: 18.21
tot_sleeping_duration: 2455965.829600012
tot_uptimes: 639
tot_uptimes_duration: 38280.03039998817
