comms_cons: 247.25291519034263
finished_reconf: true
global_termination_time: 2492555.97748
local_termination_time: 2492555.9363599997
node_cons: 51308.69608319066
tot_aggregated_send: 35946
tot_msg_rcv: 580
tot_msg_sent: 1054
tot_reconf_duration: 24.59
tot_sleeping_duration: 2454262.248680006
tot_uptimes: 639
tot_uptimes_duration: 38293.72879999381
