comms_cons: 243.51781117657134
finished_reconf: true
global_termination_time: 2493409.598
local_termination_time: 1527954.021999999
node_cons: 51265.407465583376
tot_aggregated_send: 33234
tot_msg_rcv: 1218
tot_msg_sent: 2564
tot_reconf_duration: 6.22
tot_sleeping_duration: 2455129.5676000123
tot_uptimes: 639
tot_uptimes_duration: 38280.03039998817
