comms_cons: 52.074995200534346
finished_reconf: true
global_termination_time: 525716.499
local_termination_time: 402324.0643600001
node_cons: 10790.289180000043
tot_aggregated_send: 7424
tot_msg_rcv: 174
tot_msg_sent: 317
tot_reconf_duration: 18.21
tot_sleeping_duration: 517676.49899999995
tot_uptimes: 135
tot_uptimes_duration: 8040.0
