comms_cons: 52.811238400822624
finished_reconf: true
global_termination_time: 520808.597
local_termination_time: 80236.58531999988
node_cons: 10695.880265605752
tot_aggregated_send: 6960
tot_msg_rcv: 315
tot_msg_sent: 752
tot_reconf_duration: 7.819999999999999
tot_sleeping_duration: 512828.5665999957
tot_uptimes: 134
tot_uptimes_duration: 7980.03040000428
