comms_cons: 2511.602139185356
finished_reconf: true
global_termination_time: 8615830.799279999
local_termination_time: 8615830.758159999
node_cons: 351711.98763005604
tot_aggregated_send: 0
tot_msg_rcv: 127963
tot_msg_sent: 253787
tot_reconf_duration: 37.410000000000004
tot_sleeping_duration: 8353201.086920001
tot_uptimes: 4338
tot_uptimes_duration: 262629.7123599986
