comms_cons: 859.4041730357592
finished_reconf: true
global_termination_time: 8619187.738
local_termination_time: 2688004.55636
node_cons: 177331.30941339897
tot_aggregated_send: 118726
tot_msg_rcv: 3948
tot_msg_sent: 7945
tot_reconf_duration: 15.34
tot_sleeping_duration: 8486767.665040025
tot_uptimes: 2208
tot_uptimes_duration: 132420.07295997418
