comms_cons: 854.6344065871561
finished_reconf: true
global_termination_time: 8617293.058
local_termination_time: 2955632.9463600004
node_cons: 177237.69361228243
tot_aggregated_send: 119712
tot_msg_rcv: 3447
tot_msg_sent: 6739
tot_reconf_duration: 5.57
tot_sleeping_duration: 8484932.991120024
tot_uptimes: 2207
tot_uptimes_duration: 132360.0668799763
