comms_cons: 851.1801281747083
finished_reconf: true
global_termination_time: 8617193.963
local_termination_time: 3024761.412239999
node_cons: 177237.0390700482
tot_aggregated_send: 119828
tot_msg_rcv: 3292
tot_msg_sent: 6254
tot_reconf_duration: 5.1
tot_sleeping_duration: 8484833.908280019
tot_uptimes: 2207
tot_uptimes_duration: 132360.0547199808
