comms_cons: 846.4878785901828
finished_reconf: true
global_termination_time: 8621719.636
local_termination_time: 3341590.866
node_cons: 177344.80252893065
tot_aggregated_send: 118879
tot_msg_rcv: 3377
tot_msg_sent: 6406
tot_reconf_duration: 25.299999999999997
tot_sleeping_duration: 8489299.587360017
tot_uptimes: 2208
tot_uptimes_duration: 132420.04863998294
