comms_cons: 846.8946369390478
finished_reconf: true
global_termination_time: 8617248.896
local_termination_time: 3993990.009
node_cons: 177252.7064673372
tot_aggregated_send: 119304
tot_msg_rcv: 3086
tot_msg_sent: 6333
tot_reconf_duration: 9.42
tot_sleeping_duration: 8484881.521760011
tot_uptimes: 2207
tot_uptimes_duration: 132367.37423998723
