comms_cons: 861.8918594513818
finished_reconf: true
global_termination_time: 8621704.739
local_termination_time: 224626.97136000005
node_cons: 177317.06666122223
tot_aggregated_send: 119190
tot_msg_rcv: 3780
tot_msg_sent: 8030
tot_reconf_duration: 4.8100000000000005
tot_sleeping_duration: 8489284.623480037
tot_uptimes: 2208
tot_uptimes_duration: 132420.11551996152
