comms_cons: 175.0063551788341
finished_reconf: true
global_termination_time: 1712738.491
local_termination_time: 226546.625
node_cons: 35197.488945584104
tot_aggregated_send: 23024
tot_msg_rcv: 1192
tot_msg_sent: 2385
tot_reconf_duration: 6.279999999999999
tot_sleeping_duration: 1686458.4606000117
tot_uptimes: 439
tot_uptimes_duration: 26280.030399988173
