comms_cons: 170.5657599920648
finished_reconf: true
global_termination_time: 1711747.081
local_termination_time: 465864.79836
node_cons: 35214.322741121316
tot_aggregated_send: 24418
tot_msg_rcv: 536
tot_msg_sent: 971
tot_reconf_duration: 18.700000000000003
tot_sleeping_duration: 1685467.0749199989
tot_uptimes: 439
tot_uptimes_duration: 26280.00608000107
