comms_cons: 170.02689279452343
finished_reconf: true
global_termination_time: 1712166.372
local_termination_time: 305955.572
node_cons: 35213.231442562836
tot_aggregated_send: 24588
tot_msg_rcv: 442
tot_msg_sent: 813
tot_reconf_duration: 10.95
tot_sleeping_duration: 1685879.3209599978
tot_uptimes: 439
tot_uptimes_duration: 26287.051040002145
