comms_cons: 168.30325119073328
finished_reconf: true
global_termination_time: 1710648.992
local_termination_time: 641538.9483599998
node_cons: 35196.334645584015
tot_aggregated_send: 23780
tot_msg_rcv: 645
tot_msg_sent: 1156
tot_reconf_duration: 5.43
tot_sleeping_duration: 1684368.961600012
tot_uptimes: 439
tot_uptimes_duration: 26280.030399988173
