comms_cons: 279.67583999703396
finished_reconf: false
global_termination_time: 2810366.486
local_termination_time: 0
node_cons: 57863.94506335406
tot_aggregated_send: 40354
tot_msg_rcv: 758
tot_msg_sent: 1397
tot_reconf_duration: 14.08
tot_sleeping_duration: 2767166.4677600036
tot_uptimes: 720
tot_uptimes_duration: 43200.01823999634
