comms_cons: 283.93042559341666
finished_reconf: false
global_termination_time: 2810003.498
local_termination_time: 0
node_cons: 57844.8081411158
tot_aggregated_send: 39034
tot_msg_rcv: 1393
tot_msg_sent: 2727
tot_reconf_duration: 0
tot_sleeping_duration: 2766803.4919200023
tot_uptimes: 720
tot_uptimes_duration: 43200.006079997635
