comms_cons: 284.9540864043752
finished_reconf: true
global_termination_time: 2809446.267
local_termination_time: 420830.88336000004
node_cons: 57851.38082669996
tot_aggregated_send: 38860
tot_msg_rcv: 1546
tot_msg_sent: 2904
tot_reconf_duration: 4.8100000000000005
tot_sleeping_duration: 2766246.230520014
tot_uptimes: 720
tot_uptimes_duration: 43200.03647998581
