comms_cons: 24.337088000303833
finished_reconf: true
global_termination_time: 237274.831
local_termination_time: 9840.106360000002
node_cons: 4826.931980000006
tot_aggregated_send: 3248
tot_msg_rcv: 221
tot_msg_sent: 231
tot_reconf_duration: 4.8100000000000005
tot_sleeping_duration: 233674.831
tot_uptimes: 61
tot_uptimes_duration: 3600.0
