comms_cons: 23.237734400323973
finished_reconf: true
global_termination_time: 235716.26
local_termination_time: 157167.89524000094
node_cons: 4830.030864482709
tot_aggregated_send: 3306
tot_msg_rcv: 57
tot_msg_sent: 169
tot_reconf_duration: 6.22
tot_sleeping_duration: 232115.375679998
tot_uptimes: 61
tot_uptimes_duration: 3600.88432000202
