comms_cons: 275.61584640411536
finished_reconf: true
global_termination_time: 2811007.984
local_termination_time: 4094.346
node_cons: 57877.332206707186
tot_aggregated_send: 39301
tot_msg_rcv: 840
tot_msg_sent: 1751
tot_reconf_duration: 23.919999999999998
tot_sleeping_duration: 2767807.947520009
tot_uptimes: 720
tot_uptimes_duration: 43200.036479991206
