comms_cons: 495.50101125700536
finished_reconf: true
global_termination_time: 5035233.194
local_termination_time: 2184088.0903600003
node_cons: 103565.85662446597
tot_aggregated_send: 69426
tot_msg_rcv: 1997
tot_msg_sent: 3890
tot_reconf_duration: 5.57
tot_sleeping_duration: 4957893.169680009
tot_uptimes: 1290
tot_uptimes_duration: 77340.02431999147
