comms_cons: 495.8569856271785
finished_reconf: true
global_termination_time: 5036088.375
local_termination_time: 2397734.21036
node_cons: 103592.62554111388
tot_aggregated_send: 69774
tot_msg_rcv: 1939
tot_msg_sent: 3654
tot_reconf_duration: 25.299999999999997
tot_sleeping_duration: 4958748.368920002
tot_uptimes: 1290
tot_uptimes_duration: 77340.00607999787
