comms_cons: 492.4465408140842
finished_reconf: true
global_termination_time: 5034571.295
local_termination_time: 3566812.0204799986
node_cons: 103576.14485999687
tot_aggregated_send: 72906
tot_msg_rcv: 634
tot_msg_sent: 1309
tot_reconf_duration: 13.17
tot_sleeping_duration: 4957231.295
tot_uptimes: 1290
tot_uptimes_duration: 77340.0
