comms_cons: 500.95609607692336
finished_reconf: true
global_termination_time: 5035054.686
local_termination_time: 1423262.3023599999
node_cons: 103564.840826699
tot_aggregated_send: 70586
tot_msg_rcv: 1770
tot_msg_sent: 3785
tot_reconf_duration: 4.8100000000000005
tot_sleeping_duration: 4957714.6495200135
tot_uptimes: 1290
tot_uptimes_duration: 77340.0364799865
