comms_cons: 497.4547008701683
finished_reconf: true
global_termination_time: 5035588.066
local_termination_time: 1530266.8953599997
node_cons: 103565.68278669915
tot_aggregated_send: 70354
tot_msg_rcv: 1607
tot_msg_sent: 3649
tot_reconf_duration: 5.43
tot_sleeping_duration: 4958248.029520012
tot_uptimes: 1290
tot_uptimes_duration: 77340.03647998674
