comms_cons: 320.39612165041467
finished_reconf: true
global_termination_time: 3175024.182
local_termination_time: 291183.51704000036
node_cons: 65347.26011116859
tot_aggregated_send: 43732
tot_msg_rcv: 1664
tot_msg_sent: 3301
tot_reconf_duration: 22.65
tot_sleeping_duration: 3126244.1212000228
tot_uptimes: 814
tot_uptimes_duration: 48780.06079997751
