comms_cons: 317.9126272222724
finished_reconf: true
global_termination_time: 3172275.682
local_termination_time: 440748.43936
node_cons: 65261.55601117643
tot_aggregated_send: 44022
tot_msg_rcv: 1400
tot_msg_sent: 2898
tot_reconf_duration: 18.700000000000003
tot_sleeping_duration: 3123555.6212000167
tot_uptimes: 813
tot_uptimes_duration: 48720.06079998345
