comms_cons: 316.4031551973203
finished_reconf: true
global_termination_time: 3172343.643
local_termination_time: 2044174.6787999985
node_cons: 65244.56746558372
tot_aggregated_send: 43964
tot_msg_rcv: 1231
tot_msg_sent: 2896
tot_reconf_duration: 6.22
tot_sleeping_duration: 3123623.6126000113
tot_uptimes: 813
tot_uptimes_duration: 48720.03039998887
