comms_cons: 14.415027199868558
finished_reconf: true
global_termination_time: 144089.21948000017
local_termination_time: 98739.93135999996
node_cons: 2916.896129839371
tot_aggregated_send: 1740
tot_msg_rcv: 99
tot_msg_sent: 351
tot_reconf_duration: 3.05
tot_sleeping_duration: 141913.89892000062
tot_uptimes: 37
tot_uptimes_duration: 2175.3205599995417
