comms_cons: 500.49779174132317
finished_reconf: true
global_termination_time: 1034296.3055999998
local_termination_time: 1034296.2644799999
node_cons: 62954.8437449547
tot_aggregated_send: 0
tot_msg_rcv: 30684
tot_msg_sent: 45388
tot_reconf_duration: 37.410000000000004
tot_sleeping_duration: 987317.9329600029
tot_uptimes: 776
tot_uptimes_duration: 46978.37263999694
