comms_cons: 104.48873599517214
finished_reconf: true
global_termination_time: 1034296.2740000003
local_termination_time: 248853.20296000014
node_cons: 21262.998521191756
tot_aggregated_send: 13630
tot_msg_rcv: 730
tot_msg_sent: 1521
tot_reconf_duration: 6.279999999999999
tot_sleeping_duration: 1018422.8832000066
tot_uptimes: 265
tot_uptimes_duration: 15873.390799993824
