comms_cons: 103.29343999491317
finished_reconf: true
global_termination_time: 1034972.719
local_termination_time: 477432.45384000055
node_cons: 21324.47368223368
tot_aggregated_send: 14384
tot_msg_rcv: 503
tot_msg_sent: 813
tot_reconf_duration: 25.299999999999997
tot_sleeping_duration: 1019072.7068400048
tot_uptimes: 266
tot_uptimes_duration: 15900.012159995269
