comms_cons: 103.05573759682052
finished_reconf: true
global_termination_time: 1037093.748
local_termination_time: 517605.7234800005
node_cons: 21308.009283355106
tot_aggregated_send: 13978
tot_msg_rcv: 505
tot_msg_sent: 1180
tot_reconf_duration: 13.17
tot_sleeping_duration: 1021193.7297600037
tot_uptimes: 266
tot_uptimes_duration: 15900.018239996338
