comms_cons: 101.64171519573061
finished_reconf: true
global_termination_time: 1036159.084
local_termination_time: 517594.87368000025
node_cons: 21294.339627831676
tot_aggregated_send: 13514
tot_msg_rcv: 529
tot_msg_sent: 1407
tot_reconf_duration: 3.08
tot_sleeping_duration: 1020259.0414400062
tot_uptimes: 266
tot_uptimes_duration: 15900.042559993744
