comms_cons: 107.37317119500531
finished_reconf: true
global_termination_time: 1036310.674
local_termination_time: 400331.21436000004
node_cons: 21302.536508957663
tot_aggregated_send: 13166
tot_msg_rcv: 1233
tot_msg_sent: 1922
tot_reconf_duration: 9.11
tot_sleeping_duration: 1020410.6253600017
tot_uptimes: 266
tot_uptimes_duration: 15900.048639998247
