comms_cons: 100.85739519700384
finished_reconf: true
global_termination_time: 1035521.496
local_termination_time: 596640.9193599999
node_cons: 21307.292245593395
tot_aggregated_send: 13920
tot_msg_rcv: 409
tot_msg_sent: 1002
tot_reconf_duration: 12.629999999999999
tot_sleeping_duration: 1019621.465600005
tot_uptimes: 266
tot_uptimes_duration: 15900.030399995041
