comms_cons: 101.00995199738125
finished_reconf: true
global_termination_time: 1036835.24
local_termination_time: 774282.3473599998
node_cons: 21315.5027411214
tot_aggregated_send: 14152
tot_msg_rcv: 395
tot_msg_sent: 805
tot_reconf_duration: 18.700000000000003
tot_sleeping_duration: 1020935.233919999
tot_uptimes: 266
tot_uptimes_duration: 15900.006080001069
