comms_cons: 106.79198719099924
finished_reconf: true
global_termination_time: 1036571.569
local_termination_time: 356546.85628000036
node_cons: 21296.688967831647
tot_aggregated_send: 13746
tot_msg_rcv: 856
tot_msg_sent: 1628
tot_reconf_duration: 4.8100000000000005
tot_sleeping_duration: 1020671.5264400062
tot_uptimes: 266
tot_uptimes_duration: 15900.042559993744
