comms_cons: 54.712627200836316
finished_reconf: true
global_termination_time: 545370.048
local_termination_time: 275686.2297600009
node_cons: 11173.800121121443
tot_aggregated_send: 7424
tot_msg_rcv: 316
tot_msg_sent: 576
tot_reconf_duration: 4.8100000000000005
tot_sleeping_duration: 537030.0419199989
tot_uptimes: 140
tot_uptimes_duration: 8340.006080001069
