comms_cons: 233.9300351810527
finished_reconf: true
global_termination_time: 2345037.549
local_termination_time: 220889.37236000004
node_cons: 48228.761798032334
tot_aggregated_send: 32016
tot_msg_rcv: 1133
tot_msg_sent: 2407
tot_reconf_duration: 18.21
tot_sleeping_duration: 2309037.5246400055
tot_uptimes: 601
tot_uptimes_duration: 36000.02435999474
