comms_cons: 230.33841919442713
finished_reconf: true
global_termination_time: 2342397.558
local_termination_time: 1854481.338
node_cons: 48128.488432076025
tot_aggregated_send: 34160
tot_msg_rcv: 270
tot_msg_sent: 580
tot_reconf_duration: 3.05
tot_sleeping_duration: 2306457.0452800025
tot_uptimes: 600
tot_uptimes_duration: 35940.51271999767
