comms_cons: 229.68049919576833
finished_reconf: true
global_termination_time: 2342540.131
local_termination_time: 282466.71224000095
node_cons: 48137.59792336068
tot_aggregated_send: 33930
tot_msg_rcv: 285
tot_msg_sent: 695
tot_reconf_duration: 7.819999999999999
tot_sleeping_duration: 2306597.652759999
tot_uptimes: 600
tot_uptimes_duration: 35942.47824000096
