comms_cons: 149.12969598820217
finished_reconf: true
global_termination_time: 1467770.4015999998
local_termination_time: 1467770.3604799998
node_cons: 30196.800690064327
tot_aggregated_send: 19778
tot_msg_rcv: 918
tot_msg_sent: 1971
tot_reconf_duration: 37.410000000000004
tot_sleeping_duration: 1445256.5868800117
tot_uptimes: 376
tot_uptimes_duration: 22513.81471998825
