comms_cons: 146.15034879570928
finished_reconf: true
global_termination_time: 1471079.215
local_termination_time: 647169.4479999989
node_cons: 30212.022639999992
tot_aggregated_send: 21054
tot_msg_rcv: 408
tot_msg_sent: 752
tot_reconf_duration: 3.08
tot_sleeping_duration: 1448519.215
tot_uptimes: 377
tot_uptimes_duration: 22560.0
