comms_cons: 150.48191359024634
finished_reconf: true
global_termination_time: 1469281.75
local_termination_time: 379.5587199999998
node_cons: 30238.69639342043
tot_aggregated_send: 19778
tot_msg_rcv: 1065
tot_msg_sent: 2030
tot_reconf_duration: 22.65
tot_sleeping_duration: 1446721.6770400146
tot_uptimes: 377
tot_uptimes_duration: 22560.07295998535
