comms_cons: 268.08266242068186
finished_reconf: true
global_termination_time: 2807963.384
local_termination_time: 5958.549
node_cons: 57850.35148334978
tot_aggregated_send: 39378
tot_msg_rcv: 443
tot_msg_sent: 926
tot_reconf_duration: 4.07
tot_sleeping_duration: 2764763.365760007
tot_uptimes: 720
tot_uptimes_duration: 43200.01823999314
