comms_cons: 264.38840963252665
finished_reconf: true
global_termination_time: 2808505.889
local_termination_time: 5874.848
node_cons: 57854.8736233501
tot_aggregated_send: 38620
tot_msg_rcv: 548
tot_msg_sent: 1017
tot_reconf_duration: 7.3999999999999995
tot_sleeping_duration: 2765305.8707600064
tot_uptimes: 720
tot_uptimes_duration: 43200.01823999337
