comms_cons: 282.9062271987218
finished_reconf: true
global_termination_time: 2809427.846
local_termination_time: 7190.058
node_cons: 57861.45718670059
tot_aggregated_send: 39021
tot_msg_rcv: 1368
tot_msg_sent: 2612
tot_reconf_duration: 12.23
tot_sleeping_duration: 2766227.8095200136
tot_uptimes: 720
tot_uptimes_duration: 43200.03647998627
