comms_cons: 277.16819201980377
finished_reconf: true
global_termination_time: 2809610.632
local_termination_time: 5276.116
node_cons: 57849.96850669996
tot_aggregated_send: 38683
tot_msg_rcv: 1248
tot_msg_sent: 2198
tot_reconf_duration: 3.77
tot_sleeping_duration: 2766410.5955200144
tot_uptimes: 720
tot_uptimes_duration: 43200.03647998581
