comms_cons: 39.32387840064966
finished_reconf: true
global_termination_time: 388277.592
local_termination_time: 237417.05748000008
node_cons: 7959.637902242891
tot_aggregated_send: 5336
tot_msg_rcv: 235
tot_msg_sent: 406
tot_reconf_duration: 4.390000000000001
tot_sleeping_duration: 382337.57983999787
tot_uptimes: 100
tot_uptimes_duration: 5940.0121600021375
