comms_cons: 141.71996799882882
finished_reconf: true
global_termination_time: 1441436.272
local_termination_time: 807404.2383599979
node_cons: 29679.82554111694
tot_aggregated_send: 20938
tot_msg_rcv: 217
tot_msg_sent: 385
tot_reconf_duration: 25.299999999999997
tot_sleeping_duration: 1419296.2659200025
tot_uptimes: 370
tot_uptimes_duration: 22140.006079997635
