comms_cons: 282.9336317995786
finished_reconf: true
global_termination_time: 1439707.2085999998
local_termination_time: 1156.9120400000013
node_cons: 29601.0645517504
tot_aggregated_send: 0
tot_msg_rcv: 21652
tot_msg_sent: 21349
tot_reconf_duration: 11.31
tot_sleeping_duration: 1417611.834760007
tot_uptimes: 369
tot_uptimes_duration: 22095.373839992797
