comms_cons: 143.41998079577553
finished_reconf: true
global_termination_time: 1443652.614
local_termination_time: 1123716.21236
node_cons: 29666.291720000158
tot_aggregated_send: 20648
tot_msg_rcv: 411
tot_msg_sent: 740
tot_reconf_duration: 15.34
tot_sleeping_duration: 1421512.614
tot_uptimes: 370
tot_uptimes_duration: 22140.0
