comms_cons: 362.2849023064278
finished_reconf: true
global_termination_time: 749419.245
local_termination_time: 75604.13059999996
node_cons: 45581.853431604395
tot_aggregated_send: 0
tot_msg_rcv: 22201
tot_msg_sent: 32864
tot_reconf_duration: 18.21
tot_sleeping_duration: 715396.0005999964
tot_uptimes: 558
tot_uptimes_duration: 34023.24440000364
