comms_cons: 165.25605754205176
finished_reconf: true
global_termination_time: 830416.435
local_termination_time: 1603.3454800000004
node_cons: 17056.849885593383
tot_aggregated_send: 0
tot_msg_rcv: 12824
tot_msg_sent: 12292
tot_reconf_duration: 18.21
tot_sleeping_duration: 817696.404600005
tot_uptimes: 213
tot_uptimes_duration: 12720.030399995041
