comms_cons: 86.58415359532422
finished_reconf: true
global_termination_time: 829822.617
local_termination_time: 233746.30036000005
node_cons: 17039.06278783625
tot_aggregated_send: 10614
tot_msg_rcv: 914
tot_msg_sent: 1635
tot_reconf_duration: 5.1
tot_sleeping_duration: 817102.5744400028
tot_uptimes: 213
tot_uptimes_duration: 12720.042559997179
