comms_cons: 84.83930879806124
finished_reconf: true
global_termination_time: 828270.024
local_termination_time: 283545.84848000004
node_cons: 17066.45368224287
tot_aggregated_send: 11426
tot_msg_rcv: 618
tot_msg_sent: 851
tot_reconf_duration: 25.299999999999997
tot_sleeping_duration: 815550.0118399978
tot_uptimes: 213
tot_uptimes_duration: 12720.012160002138
