comms_cons: 83.30645759963988
finished_reconf: true
global_termination_time: 831047.994
local_termination_time: 357461.29636000004
node_cons: 17044.888642238264
tot_aggregated_send: 11658
tot_msg_rcv: 371
tot_msg_sent: 634
tot_reconf_duration: 9.42
tot_sleeping_duration: 818327.9818400012
tot_uptimes: 213
tot_uptimes_duration: 12720.012159998703
