comms_cons: 84.64203519632828
finished_reconf: true
global_termination_time: 827230.993
local_termination_time: 308814.3449600006
node_cons: 16958.304544481147
tot_aggregated_send: 10962
tot_msg_rcv: 680
tot_msg_sent: 1224
tot_reconf_duration: 4.8100000000000005
tot_sleeping_duration: 814570.9686799992
tot_uptimes: 212
tot_uptimes_duration: 12660.02432000084
