comms_cons: 82.55986559957272
finished_reconf: true
global_termination_time: 831204.604
local_termination_time: 347676.66792000027
node_cons: 17039.478363364335
tot_aggregated_send: 11484
tot_msg_rcv: 345
tot_msg_sent: 719
tot_reconf_duration: 5.43
tot_sleeping_duration: 818484.5857599968
tot_uptimes: 213
tot_uptimes_duration: 12720.018240003228
