comms_cons: 133.98071039365976
finished_reconf: true
global_termination_time: 1325838.476
local_termination_time: 587310.3535999998
node_cons: 27266.034982233738
tot_aggregated_send: 18444
tot_msg_rcv: 719
tot_msg_sent: 1202
tot_reconf_duration: 22.65
tot_sleeping_duration: 1305498.4638400048
tot_uptimes: 340
tot_uptimes_duration: 20340.01215999527
