comms_cons: 52.79212800060223
finished_reconf: true
global_termination_time: 526332.8491200001
local_termination_time: 32944.61960000002
node_cons: 10831.08557080167
tot_aggregated_send: 7134
tot_msg_rcv: 327
tot_msg_sent: 563
tot_reconf_duration: 25.299999999999997
tot_sleeping_duration: 518269.5719199989
tot_uptimes: 135
tot_uptimes_duration: 8063.277200001234
