comms_cons: 106.01716481407816
finished_reconf: true
global_termination_time: 529441.016
local_termination_time: 2456.06836
node_cons: 10856.902502242876
tot_aggregated_send: 0
tot_msg_rcv: 8277
tot_msg_sent: 7837
tot_reconf_duration: 8.09
tot_sleeping_duration: 521341.0038399978
tot_uptimes: 136
tot_uptimes_duration: 8100.0121600021375
