comms_cons: 52.85729280084001
finished_reconf: true
global_termination_time: 530504.362
local_termination_time: 175886.52036000002
node_cons: 10858.700501121422
tot_aggregated_send: 7366
tot_msg_rcv: 212
tot_msg_sent: 456
tot_reconf_duration: 9.42
tot_sleeping_duration: 522404.3559199989
tot_uptimes: 136
tot_uptimes_duration: 8100.006080001069
