comms_cons: 53.52901120054787
finished_reconf: true
global_termination_time: 528064.296
local_termination_time: 187859.49248000004
node_cons: 10856.519559999984
tot_aggregated_send: 7250
tot_msg_rcv: 312
tot_msg_sent: 575
tot_reconf_duration: 7.819999999999999
tot_sleeping_duration: 519964.296
tot_uptimes: 136
tot_uptimes_duration: 8100.0
