comms_cons: 54.172160000880424
finished_reconf: true
global_termination_time: 529244.951
local_termination_time: 111653.6523599997
node_cons: 10866.73986112146
tot_aggregated_send: 7076
tot_msg_rcv: 414
tot_msg_sent: 744
tot_reconf_duration: 15.34
tot_sleeping_duration: 521144.94491999893
tot_uptimes: 136
tot_uptimes_duration: 8100.006080001069
