comms_cons: 30.998752000233612
finished_reconf: true
global_termination_time: 309485.592
local_termination_time: 21441.02936
node_cons: 6371.589180000005
tot_aggregated_send: 4350
tot_msg_rcv: 145
tot_msg_sent: 216
tot_reconf_duration: 18.21
tot_sleeping_duration: 304745.592
tot_uptimes: 80
tot_uptimes_duration: 4740.0
