comms_cons: 32.1879616005549
finished_reconf: true
global_termination_time: 308709.841
local_termination_time: 2360.8954400000007
node_cons: 6377.626841120015
tot_aggregated_send: 4060
tot_msg_rcv: 329
tot_msg_sent: 503
tot_reconf_duration: 22.65
tot_sleeping_duration: 303969.83492000005
tot_uptimes: 80
tot_uptimes_duration: 4740.0060800000065
