comms_cons: 49.50958080022566
finished_reconf: true
global_termination_time: 498385.655
local_termination_time: 137605.54304000078
node_cons: 10209.720121121441
tot_aggregated_send: 6960
tot_msg_rcv: 160
tot_msg_sent: 405
tot_reconf_duration: 4.8100000000000005
tot_sleeping_duration: 490765.64891999896
tot_uptimes: 128
tot_uptimes_duration: 7620.006080001069
