comms_cons: 49.46145280029663
finished_reconf: true
global_termination_time: 498409.905
local_termination_time: 296818.19336000003
node_cons: 10209.141619999953
tot_aggregated_send: 7018
tot_msg_rcv: 155
tot_msg_sent: 344
tot_reconf_duration: 4.390000000000001
tot_sleeping_duration: 490789.905
tot_uptimes: 128
tot_uptimes_duration: 7620.0
