comms_cons: 107.63114239464237
finished_reconf: true
global_termination_time: 1070036.857
local_termination_time: 9510.8726
node_cons: 22021.614901116864
tot_aggregated_send: 14848
tot_msg_rcv: 485
tot_msg_sent: 1026
tot_reconf_duration: 6.22
tot_sleeping_duration: 1053596.8509200024
tot_uptimes: 275
tot_uptimes_duration: 16440.006079997635
