comms_cons: 342.6938368205957
finished_reconf: true
global_termination_time: 3455099.044
local_termination_time: 2011166.5633599998
node_cons: 71045.29732111514
tot_aggregated_send: 49474
tot_msg_rcv: 830
tot_msg_sent: 1782
tot_reconf_duration: 18.21
tot_sleeping_duration: 3402059.0379200024
tot_uptimes: 885
tot_uptimes_duration: 53040.006079997605
