comms_cons: 350.3739008556833
finished_reconf: true
global_termination_time: 3454058.036
local_termination_time: 1284974.8301599985
node_cons: 71037.76852781767
tot_aggregated_send: 47618
tot_msg_rcv: 1986
tot_msg_sent: 3652
tot_reconf_duration: 12.629999999999999
tot_sleeping_duration: 3401017.9934400157
tot_uptimes: 885
tot_uptimes_duration: 53040.04255998439
