comms_cons: 48.179481600167804
finished_reconf: true
global_termination_time: 489957.373
local_termination_time: 24295.138000000006
node_cons: 10046.682640000015
tot_aggregated_send: 7076
tot_msg_rcv: 75
tot_msg_sent: 172
tot_reconf_duration: 3.08
tot_sleeping_duration: 482457.373
tot_uptimes: 126
tot_uptimes_duration: 7500.0
