comms_cons: 49.403212800331815
finished_reconf: true
global_termination_time: 495343.944
local_termination_time: 11936.69336
node_cons: 10138.198980000012
tot_aggregated_send: 6960
tot_msg_rcv: 211
tot_msg_sent: 338
tot_reconf_duration: 11.31
tot_sleeping_duration: 487783.944
tot_uptimes: 127
tot_uptimes_duration: 7560.0
