comms_cons: 18.08524799995779
finished_reconf: true
global_termination_time: 14512.819240000003
local_termination_time: 1115.6450400000015
node_cons: 2464.3879298400248
tot_aggregated_send: 0
tot_msg_rcv: 1301
tot_msg_sent: 1446
tot_reconf_duration: 18.21
tot_sleeping_duration: 12690.818679999984
tot_uptimes: 28
tot_uptimes_duration: 1822.0005600000184
