comms_cons: 155.5048256170359
finished_reconf: true
global_termination_time: 535546.6050399994
local_termination_time: 2400.819480000002
node_cons: 21657.583296559118
tot_aggregated_send: 0
tot_msg_rcv: 8027
tot_msg_sent: 15607
tot_reconf_duration: 5.57
tot_sleeping_duration: 519377.8080000001
tot_uptimes: 264
tot_uptimes_duration: 16168.797039999314
