comms_cons: 52.71255040034803
finished_reconf: true
global_termination_time: 536134.85
local_termination_time: 36024.37524000019
node_cons: 11020.526064481704
tot_aggregated_send: 7714
tot_msg_rcv: 71
tot_msg_sent: 227
tot_reconf_duration: 7.819999999999999
tot_sleeping_duration: 527912.3656799988
tot_uptimes: 138
tot_uptimes_duration: 8222.484320001262
