comms_cons: 159.7603263397406
finished_reconf: true
global_termination_time: 1166442.4603600004
local_termination_time: 142844.61692000073
node_cons: 24029.00231843665
tot_aggregated_send: 7540
tot_msg_rcv: 6854
tot_msg_sent: 9900
tot_reconf_duration: 18.21
tot_sleeping_duration: 1148515.4453200924
tot_uptimes: 299
tot_uptimes_duration: 17927.015039907885
