comms_cons: 115.44522239818079
finished_reconf: true
global_termination_time: 1168502.483
local_termination_time: 203503.09316000034
node_cons: 24056.017400000062
tot_aggregated_send: 16936
tot_msg_rcv: 229
tot_msg_sent: 382
tot_reconf_duration: 25.299999999999997
tot_sleeping_duration: 1150562.483
tot_uptimes: 300
tot_uptimes_duration: 17940.0
