comms_cons: 114.64053759880628
finished_reconf: true
global_termination_time: 1166910.083
local_termination_time: 438418.2905200004
node_cons: 23958.471540000042
tot_aggregated_send: 16994
tot_msg_rcv: 152
tot_msg_sent: 279
tot_reconf_duration: 12.629999999999999
tot_sleeping_duration: 1149030.083
tot_uptimes: 299
tot_uptimes_duration: 17880.0
