comms_cons: 115.66233599896805
finished_reconf: true
global_termination_time: 1168883.057
local_termination_time: 249968.38668000026
node_cons: 24037.82020000003
tot_aggregated_send: 16994
tot_msg_rcv: 249
tot_msg_sent: 337
tot_reconf_duration: 11.899999999999999
tot_sleeping_duration: 1150943.057
tot_uptimes: 300
tot_uptimes_duration: 17940.0
