comms_cons: 115.01002239922158
finished_reconf: true
global_termination_time: 1167705.51
local_termination_time: 167433.2087200001
node_cons: 24030.853660000023
tot_aggregated_send: 17052
tot_msg_rcv: 144
tot_msg_sent: 284
tot_reconf_duration: 6.77
tot_sleeping_duration: 1149765.51
tot_uptimes: 300
tot_uptimes_duration: 17940.0
