comms_cons: 115.00441599830287
finished_reconf: true
global_termination_time: 1170792.074
local_termination_time: 730695.8413599998
node_cons: 24032.70054000004
tot_aggregated_send: 17168
tot_msg_rcv: 145
tot_msg_sent: 167
tot_reconf_duration: 8.129999999999999
tot_sleeping_duration: 1152852.074
tot_uptimes: 300
tot_uptimes_duration: 17940.0
