comms_cons: 116.65642239740104
finished_reconf: true
global_termination_time: 1170136.854
local_termination_time: 442882.37136000005
node_cons: 24029.03394000003
tot_aggregated_send: 16762
tot_msg_rcv: 394
tot_msg_sent: 575
tot_reconf_duration: 5.43
tot_sleeping_duration: 1152196.854
tot_uptimes: 300
tot_uptimes_duration: 17940.0
