comms_cons: 144.23777279066846
finished_reconf: true
global_termination_time: 1432442.44348
local_termination_time: 1432442.40236
node_cons: 29473.62564319636
tot_aggregated_send: 20100
tot_msg_rcv: 706
tot_msg_sent: 1116
tot_reconf_duration: 37.41
tot_sleeping_duration: 1410468.7146800028
tot_uptimes: 367
tot_uptimes_duration: 21973.72879999724
