comms_cons: 145.2305151840534
finished_reconf: true
global_termination_time: 1436173.739
local_termination_time: 381261.06008000014
node_cons: 29493.377707309694
tot_aggregated_send: 18096
tot_msg_rcv: 1416
tot_msg_sent: 2563
tot_reconf_duration: 6.279999999999999
tot_sleeping_duration: 1414153.6871200076
tot_uptimes: 368
tot_uptimes_duration: 22020.0518799923
