comms_cons: 142.99975679045446
finished_reconf: true
global_termination_time: 1433984.941
local_termination_time: 444625.25836000004
node_cons: 29501.955963350552
tot_aggregated_send: 19198
tot_msg_rcv: 969
tot_msg_sent: 1568
tot_reconf_duration: 12.629999999999999
tot_sleeping_duration: 1411964.9227600072
tot_uptimes: 368
tot_uptimes_duration: 22020.018239992904
