comms_cons: 144.78139518565507
finished_reconf: true
global_termination_time: 1435235.514
local_termination_time: 693261.4684799998
node_cons: 29500.187826705558
tot_aggregated_send: 18850
tot_msg_rcv: 1098
tot_msg_sent: 2057
tot_reconf_duration: 11.31
tot_sleeping_duration: 1413215.4775200107
tot_uptimes: 368
tot_uptimes_duration: 22020.03647998924
