comms_cons: 143.7457919930852
finished_reconf: true
global_termination_time: 1445681.572
local_termination_time: 659483.745999999
node_cons: 29743.684860000103
tot_aggregated_send: 20764
tot_msg_rcv: 400
tot_msg_sent: 684
tot_reconf_duration: 13.17
tot_sleeping_duration: 1423481.572
tot_uptimes: 371
tot_uptimes_duration: 22200.0
