comms_cons: 142.95285759489184
finished_reconf: true
global_termination_time: 1448040.165
local_termination_time: 926129.7713599998
node_cons: 29733.173939999957
tot_aggregated_send: 20880
tot_msg_rcv: 273
tot_msg_sent: 575
tot_reconf_duration: 5.43
tot_sleeping_duration: 1425840.165
tot_uptimes: 371
tot_uptimes_duration: 22200.0
