comms_cons: 74.40951040029653
finished_reconf: true
global_termination_time: 760475.254
local_termination_time: 181928.9556400004
node_cons: 15601.32712112143
tot_aggregated_send: 10788
tot_msg_rcv: 224
tot_msg_sent: 297
tot_reconf_duration: 11.31
tot_sleeping_duration: 748835.2479199988
tot_uptimes: 195
tot_uptimes_duration: 11640.006080001054
