comms_cons: 841.8760706671376
finished_reconf: true
global_termination_time: 8347817.027
local_termination_time: 555298.9517599992
node_cons: 171693.2096733989
tot_aggregated_send: 115710
tot_msg_rcv: 4260
tot_msg_sent: 7987
tot_reconf_duration: 4.8100000000000005
tot_sleeping_duration: 8219596.954040025
tot_uptimes: 2138
tot_uptimes_duration: 128220.07295997371
