comms_cons: 185.25774079922203
finished_reconf: true
global_termination_time: 1886862.009
local_termination_time: 4761.751
node_cons: 38814.481041121224
tot_aggregated_send: 27426
tot_msg_rcv: 324
tot_msg_sent: 408
tot_reconf_duration: 7.55
tot_sleeping_duration: 1857882.002919999
tot_uptimes: 484
tot_uptimes_duration: 28980.00608000107
