comms_cons: 181.87603199783433
finished_reconf: true
global_termination_time: 1888850.257
local_termination_time: 6905.656999999999
node_cons: 38813.83463999979
tot_aggregated_send: 27020
tot_msg_rcv: 244
tot_msg_sent: 380
tot_reconf_duration: 7.08
tot_sleeping_duration: 1859870.257
tot_uptimes: 484
tot_uptimes_duration: 28980.0
