comms_cons: 182.63859199968434
finished_reconf: true
global_termination_time: 1886379.383
local_termination_time: 7304.149
node_cons: 38813.00082112122
tot_aggregated_send: 27311
tot_msg_rcv: 143
tot_msg_sent: 306
tot_reconf_duration: 6.46
tot_sleeping_duration: 1857399.376919999
tot_uptimes: 484
tot_uptimes_duration: 28980.00608000107
