comms_cons: 240.26643199235363
finished_reconf: true
global_termination_time: 2387811.589
local_termination_time: 1114232.837
node_cons: 49132.642610540715
tot_aggregated_send: 33290
tot_msg_rcv: 1087
tot_msg_sent: 2142
tot_reconf_duration: 22.65
tot_sleeping_duration: 2351141.025960014
tot_uptimes: 612
tot_uptimes_duration: 36670.563039986184
