comms_cons: 239.72967680310597
finished_reconf: true
global_termination_time: 2385321.963119998
local_termination_time: 337572.63536
node_cons: 49085.182259265326
tot_aggregated_send: 33176
tot_msg_rcv: 1003
tot_msg_sent: 2258
tot_reconf_duration: 4.390000000000001
tot_sleeping_duration: 2348668.325600009
tot_uptimes: 611
tot_uptimes_duration: 36653.63751998957
