comms_cons: 137.86118397531004
finished_reconf: true
global_termination_time: 909934.444
local_termination_time: 204820.64036000005
node_cons: 18749.986841116854
tot_aggregated_send: 0
tot_msg_rcv: 10583
tot_msg_sent: 10372
tot_reconf_duration: 22.65
tot_sleeping_duration: 895954.4379200024
tot_uptimes: 234
tot_uptimes_duration: 13980.006079997635
