comms_cons: 39.423193600755035
finished_reconf: true
global_termination_time: 376984.241
local_termination_time: 83584.59999999999
node_cons: 7736.907926562645
tot_aggregated_send: 4807
tot_msg_rcv: 428
tot_msg_sent: 758
tot_reconf_duration: 13.17
tot_sleeping_duration: 371219.47395999805
tot_uptimes: 97
tot_uptimes_duration: 5764.767040001971
