comms_cons: 38.90938880040333
finished_reconf: true
global_termination_time: 377209.348
local_termination_time: 7947.235880000002
node_cons: 7725.027662240591
tot_aggregated_send: 4930
tot_msg_rcv: 352
tot_msg_sent: 632
tot_reconf_duration: 9.11
tot_sleeping_duration: 371449.3358399996
tot_uptimes: 97
tot_uptimes_duration: 5760.012160000435
