comms_cons: 38.38963200002876
finished_reconf: true
global_termination_time: 377671.419
local_termination_time: 81686.32935999996
node_cons: 7719.188262238309
tot_aggregated_send: 5162
tot_msg_rcv: 269
tot_msg_sent: 404
tot_reconf_duration: 4.8100000000000005
tot_sleeping_duration: 371911.4068400013
tot_uptimes: 97
tot_uptimes_duration: 5760.012159998732
