comms_cons: 49.19925759988748
finished_reconf: true
global_termination_time: 15116.847240000003
local_termination_time: 354.2554799999991
node_cons: 6497.811517720022
tot_aggregated_send: 0
tot_msg_rcv: 3922
tot_msg_sent: 3555
tot_reconf_duration: 5.57
tot_sleeping_duration: 10269.761759999988
tot_uptimes: 63
tot_uptimes_duration: 4847.085480000014
