comms_cons: 311.9288448220974
finished_reconf: true
global_termination_time: 3117921.352239997
local_termination_time: 140286.8247200001
node_cons: 64155.1416060658
tot_aggregated_send: 43848
tot_msg_rcv: 1247
tot_msg_sent: 2316
tot_reconf_duration: 18.21
tot_sleeping_duration: 3070027.093520007
tot_uptimes: 799
tot_uptimes_duration: 47894.25871999038
