comms_cons: 15.16968959991879
finished_reconf: true
global_termination_time: 133706.761
local_termination_time: 63686.23884000003
node_cons: 2756.3136033574533
tot_aggregated_send: 1392
tot_msg_rcv: 346
tot_msg_sent: 567
tot_reconf_duration: 18.21
tot_sleeping_duration: 131666.74276000191
tot_uptimes: 35
tot_uptimes_duration: 2040.0182399980986
