comms_cons: 14.17562239998893
finished_reconf: true
global_termination_time: 132841.56908000022
local_termination_time: 121960.06135999942
node_cons: 2759.796581279829
tot_aggregated_send: 1624
tot_msg_rcv: 172
tot_msg_sent: 357
tot_reconf_duration: 4.390000000000001
tot_sleeping_duration: 130784.93356000035
tot_uptimes: 35
tot_uptimes_duration: 2056.6355199998725
