comms_cons: 746.8080129498601
finished_reconf: true
global_termination_time: 7575040.076
local_termination_time: 4917345.155359999
node_cons: 155804.6871644623
tot_aggregated_send: 105270
tot_msg_rcv: 2970
tot_msg_sent: 5270
tot_reconf_duration: 18.700000000000003
tot_sleeping_duration: 7458700.051680009
tot_uptimes: 1940
tot_uptimes_duration: 116340.02431999147
