comms_cons: 32.330188800023926
finished_reconf: true
global_termination_time: 329821.007
local_termination_time: 94891.8783599997
node_cons: 6759.179560000017
tot_aggregated_send: 4756
tot_msg_rcv: 49
tot_msg_sent: 109
tot_reconf_duration: 7.819999999999999
tot_sleeping_duration: 324781.007
tot_uptimes: 85
tot_uptimes_duration: 5040.0
