comms_cons: 95.3225856103787
finished_reconf: true
global_termination_time: 327598.34288000053
local_termination_time: 1843.6200400000014
node_cons: 13351.910993320704
tot_aggregated_send: 0
tot_msg_rcv: 4869
tot_msg_sent: 9618
tot_reconf_duration: 6.22
tot_sleeping_duration: 317633.097
tot_uptimes: 165
tot_uptimes_duration: 9965.245880000512
