comms_cons: 85.80592639627847
finished_reconf: true
global_termination_time: 879369.855
local_termination_time: 449589.92064000084
node_cons: 18083.433941116826
tot_aggregated_send: 11600
tot_msg_rcv: 495
tot_msg_sent: 947
tot_reconf_duration: 5.1
tot_sleeping_duration: 865869.8489200023
tot_uptimes: 226
tot_uptimes_duration: 13500.006079997635
