comms_cons: 87.43756799765181
finished_reconf: true
global_termination_time: 879416.991
local_termination_time: 132165.91136000006
node_cons: 18080.690746728596
tot_aggregated_send: 11774
tot_msg_rcv: 524
tot_msg_sent: 992
tot_reconf_duration: 3.05
tot_sleeping_duration: 865916.9545199936
tot_uptimes: 226
tot_uptimes_duration: 13500.036480006413
