comms_cons: 88.10955519836614
finished_reconf: true
global_termination_time: 878746.048
local_termination_time: 139106.84836000006
node_cons: 18091.891544485745
tot_aggregated_send: 11948
tot_msg_rcv: 516
tot_msg_sent: 928
tot_reconf_duration: 11.31
tot_sleeping_duration: 865246.0236799957
tot_uptimes: 226
tot_uptimes_duration: 13500.024320004275
