comms_cons: 157.2494591937459
finished_reconf: true
global_termination_time: 1579887.734
local_termination_time: 915800.3643599999
node_cons: 32482.08918
tot_aggregated_send: 22562
tot_msg_rcv: 486
tot_msg_sent: 853
tot_reconf_duration: 18.21
tot_sleeping_duration: 1555647.734
tot_uptimes: 405
tot_uptimes_duration: 24240.0
