comms_cons: 159.4416959904794
finished_reconf: true
global_termination_time: 1579548.786
local_termination_time: 1029654.5973599999
node_cons: 32465.89638111692
tot_aggregated_send: 21750
tot_msg_rcv: 802
tot_msg_sent: 1683
tot_reconf_duration: 6.279999999999999
tot_sleeping_duration: 1555308.7799200024
tot_uptimes: 405
tot_uptimes_duration: 24240.006079997635
