comms_cons: 161.09573758651064
finished_reconf: true
global_termination_time: 1580585.405
local_termination_time: 755530.89536
node_cons: 32463.916403355222
tot_aggregated_send: 21634
tot_msg_rcv: 1052
tot_msg_sent: 1801
tot_reconf_duration: 4.8100000000000005
tot_sleeping_duration: 1556345.3867600039
tot_uptimes: 405
tot_uptimes_duration: 24240.018239996338
