comms_cons: 156.75283839305774
finished_reconf: true
global_termination_time: 1577097.9231200002
local_termination_time: 149231.2411600008
node_cons: 32404.767414147493
tot_aggregated_send: 22272
tot_msg_rcv: 504
tot_msg_sent: 1050
tot_reconf_duration: 5.43
tot_sleeping_duration: 1552902.7076800095
tot_uptimes: 404
tot_uptimes_duration: 24195.21543999063
