comms_cons: 41.166681600150994
finished_reconf: true
global_termination_time: 415628.681
local_termination_time: 23770.408359999998
node_cons: 8532.200200000007
tot_aggregated_send: 5858
tot_msg_rcv: 120
tot_msg_sent: 279
tot_reconf_duration: 11.899999999999999
tot_sleeping_duration: 409268.681
tot_uptimes: 107
tot_uptimes_duration: 6360.0
