comms_cons: 181.04094078900545
finished_reconf: true
global_termination_time: 1837928.71
local_termination_time: 5148.075
node_cons: 37770.069182236955
tot_aggregated_send: 25860
tot_msg_rcv: 493
tot_msg_sent: 1164
tot_reconf_duration: 7.55
tot_sleeping_duration: 1809728.6978400021
tot_uptimes: 471
tot_uptimes_duration: 28200.012159997852
