comms_cons: 182.25762559591294
finished_reconf: true
global_termination_time: 1838166.83
local_termination_time: 5103.368
node_cons: 37775.73204223582
tot_aggregated_send: 26436
tot_msg_rcv: 463
tot_msg_sent: 803
tot_reconf_duration: 11.719999999999999
tot_sleeping_duration: 1809966.8178400032
tot_uptimes: 471
tot_uptimes_duration: 28200.012159997
