comms_cons: 182.81585279207007
finished_reconf: true
global_termination_time: 1837674.209
local_termination_time: 6400.973
node_cons: 37764.92780111899
tot_aggregated_send: 25921
tot_msg_rcv: 648
tot_msg_sent: 1217
tot_reconf_duration: 3.77
tot_sleeping_duration: 1809474.2029200005
tot_uptimes: 471
tot_uptimes_duration: 28200.006079999366
