comms_cons: 0.9079296000001421
finished_reconf: true
global_termination_time: 4247.841
local_termination_time: 144.16328000000004
node_cons: 84.48190000000004
tot_aggregated_send: 0
tot_msg_rcv: 80
tot_msg_sent: 58
tot_reconf_duration: 3.05
tot_sleeping_duration: 4187.841
tot_uptimes: 2
tot_uptimes_duration: 60.000000000000014
