comms_cons: 55.97646080069113
finished_reconf: true
global_termination_time: 557568.825
local_termination_time: 24858.403479999997
node_cons: 11433.674600000011
tot_aggregated_send: 7772
tot_msg_rcv: 289
tot_msg_sent: 447
tot_reconf_duration: 18.700000000000003
tot_sleeping_duration: 549048.825
tot_uptimes: 143
tot_uptimes_duration: 8520.0
