comms_cons: 278.5284736119055
finished_reconf: true
global_termination_time: 2767126.341
local_termination_time: 265034.9471600003
node_cons: 56886.74674893456
tot_aggregated_send: 38570
tot_msg_rcv: 1263
tot_msg_sent: 2501
tot_reconf_duration: 4.390000000000001
tot_sleeping_duration: 2724646.292360018
tot_uptimes: 709
tot_uptimes_duration: 42480.048639981775
