comms_cons: 277.87637762172636
finished_reconf: true
global_termination_time: 2765930.185
local_termination_time: 1138697.5753999993
node_cons: 56891.38840670104
tot_aggregated_send: 38512
tot_msg_rcv: 1284
tot_msg_sent: 2441
tot_reconf_duration: 7.819999999999999
tot_sleeping_duration: 2723450.148520014
tot_uptimes: 709
tot_uptimes_duration: 42480.036479986506
