comms_cons: 38.96492800009374
finished_reconf: true
global_termination_time: 388487.9833200003
local_termination_time: 296235.35948000103
node_cons: 8019.7001092017945
tot_aggregated_send: 5336
tot_msg_rcv: 170
tot_msg_sent: 415
tot_reconf_duration: 15.34
tot_sleeping_duration: 382514.220519999
tot_uptimes: 100
tot_uptimes_duration: 5973.7628000013065
