comms_cons: 302.077388835504
finished_reconf: true
global_termination_time: 2990193.102
local_termination_time: 285549.8419200003
node_cons: 61464.290746704784
tot_aggregated_send: 41296
tot_msg_rcv: 1538
tot_msg_sent: 3080
tot_reconf_duration: 3.05
tot_sleeping_duration: 2944293.0655200104
tot_uptimes: 766
tot_uptimes_duration: 45900.036479989474
