comms_cons: 588.9375428257736
finished_reconf: true
global_termination_time: 2986213.722919996
local_termination_time: 1871.5104800000004
node_cons: 61466.389022463016
tot_aggregated_send: 0
tot_msg_rcv: 45157
tot_msg_sent: 44355
tot_reconf_duration: 11.31
tot_sleeping_duration: 2940320.4966000076
tot_uptimes: 765
tot_uptimes_duration: 45893.2263199882
