comms_cons: 77.03507839847215
finished_reconf: true
global_termination_time: 780022.078
local_termination_time: 19927.955360000004
node_cons: 15994.593941121459
tot_aggregated_send: 11136
tot_msg_rcv: 169
tot_msg_sent: 403
tot_reconf_duration: 5.1
tot_sleeping_duration: 768082.071919999
tot_uptimes: 200
tot_uptimes_duration: 11940.006080001069
