comms_cons: 9.821068799990574
finished_reconf: true
global_termination_time: 3457.6636800000006
local_termination_time: 3457.6225600000007
node_cons: 1133.3344265200014
tot_aggregated_send: 0
tot_msg_rcv: 684
tot_msg_sent: 806
tot_reconf_duration: 24.59
tot_sleeping_duration: 2636.199
tot_uptimes: 13
tot_uptimes_duration: 821.4646800000005
