comms_cons: 0.7697664000017164
finished_reconf: true
global_termination_time: 6982.572
local_termination_time: 1880.4033600000005
node_cons: 87.26580000000018
tot_aggregated_send: 0
tot_msg_rcv: 63
tot_msg_sent: 54
tot_reconf_duration: 5.1
tot_sleeping_duration: 6922.572
tot_uptimes: 2
tot_uptimes_duration: 60.0
