comms_cons: 163.09081598877484
finished_reconf: true
global_termination_time: 1639694.11
local_termination_time: 80014.78235999997
node_cons: 33669.06525005382
tot_aggregated_send: 22214
tot_msg_rcv: 823
tot_msg_sent: 1753
tot_reconf_duration: 4.8100000000000005
tot_sleeping_duration: 1614554.0552800195
tot_uptimes: 420
tot_uptimes_duration: 25140.054719980442
