comms_cons: 160.052198397217
finished_reconf: true
global_termination_time: 1640667.683
local_termination_time: 1055173.59236
node_cons: 33758.15898000009
tot_aggregated_send: 23374
tot_msg_rcv: 308
tot_msg_sent: 645
tot_reconf_duration: 11.31
tot_sleeping_duration: 1615467.683
tot_uptimes: 421
tot_uptimes_duration: 25200.0
