comms_cons: 284.1010944038298
finished_reconf: true
global_termination_time: 2811028.323
local_termination_time: 364065.2723200007
node_cons: 57876.28036741949
tot_aggregated_send: 39266
tot_msg_rcv: 1433
tot_msg_sent: 2482
tot_reconf_duration: 22.65
tot_sleeping_duration: 2767827.7840400143
tot_uptimes: 720
tot_uptimes_duration: 43200.538959985424
