comms_cons: 285.434809607055
finished_reconf: false
global_termination_time: 2808508.597
local_termination_time: 0
node_cons: 57844.80814111611
tot_aggregated_send: 38570
tot_msg_rcv: 1623
tot_msg_sent: 3191
tot_reconf_duration: 0
tot_sleeping_duration: 2765308.590920002
tot_uptimes: 720
tot_uptimes_duration: 43200.00607999787
