comms_cons: 282.1072576099391
finished_reconf: false
global_termination_time: 2808579.816
local_termination_time: 0
node_cons: 57844.79999999896
tot_aggregated_send: 39556
tot_msg_rcv: 1118
tot_msg_sent: 2204
tot_reconf_duration: 0
tot_sleeping_duration: 2765379.816
tot_uptimes: 720
tot_uptimes_duration: 43200.0
