comms_cons: 32.01434239993037
finished_reconf: true
global_termination_time: 14166.542240000002
local_termination_time: 299.3470399999995
node_cons: 4120.28691744006
tot_aggregated_send: 0
tot_msg_rcv: 2449
tot_msg_sent: 2416
tot_reconf_duration: 18.21
tot_sleeping_duration: 11107.87327999996
tot_uptimes: 47
tot_uptimes_duration: 3058.668960000043
