comms_cons: 2.322457599996546
finished_reconf: true
global_termination_time: 17704.12
local_termination_time: 6811.384480000001
node_cons: 327.8919800000018
tot_aggregated_send: 0
tot_msg_rcv: 181
tot_msg_sent: 172
tot_reconf_duration: 4.8100000000000005
tot_sleeping_duration: 17464.119999999995
tot_uptimes: 5
tot_uptimes_duration: 240.0
