comms_cons: 2.282982399992456
finished_reconf: true
global_termination_time: 14851.788
local_termination_time: 6830.335360000001
node_cons: 248.3939400000004
tot_aggregated_send: 0
tot_msg_rcv: 178
tot_msg_sent: 169
tot_reconf_duration: 5.43
tot_sleeping_duration: 14671.788
tot_uptimes: 4
tot_uptimes_duration: 180.0
