comms_cons: 17.147903999582255
finished_reconf: true
global_termination_time: 187066.255
local_termination_time: 2456.45624
node_cons: 3790.3394644800273
tot_aggregated_send: 1508
tot_msg_rcv: 434
tot_msg_sent: 667
tot_reconf_duration: 10.55
tot_sleeping_duration: 184246.23067999998
tot_uptimes: 48
tot_uptimes_duration: 2820.0243200000186
