comms_cons: 182.07935992054044
finished_reconf: true
global_termination_time: 1436709.99
local_termination_time: 440929.3813600001
node_cons: 29488.92190000011
tot_aggregated_send: 0
tot_msg_rcv: 13925
tot_msg_sent: 13750
tot_reconf_duration: 3.05
tot_sleeping_duration: 1414689.99
tot_uptimes: 368
tot_uptimes_duration: 22020.0
