comms_cons: 280.1503744250252
finished_reconf: true
global_termination_time: 2777941.982
local_termination_time: 1004814.0493599998
node_cons: 57129.352906700246
tot_aggregated_send: 38628
tot_msg_rcv: 1339
tot_msg_sent: 2613
tot_reconf_duration: 5.57
tot_sleeping_duration: 2735281.945520014
tot_uptimes: 712
tot_uptimes_duration: 42660.03647998604
