comms_cons: 280.31402241637784
finished_reconf: true
global_termination_time: 2807869.011
local_termination_time: 5531.258
node_cons: 57861.44090446661
tot_aggregated_send: 39079
tot_msg_rcv: 1073
tot_msg_sent: 2455
tot_reconf_duration: 12.23
tot_sleeping_duration: 2764668.986680009
tot_uptimes: 720
tot_uptimes_duration: 43200.02431999077
