comms_cons: 17.659200000103557
finished_reconf: true
global_termination_time: 164714.40624000024
local_termination_time: 10199.55448
node_cons: 3432.9616138377987
tot_aggregated_send: 1856
tot_msg_rcv: 303
tot_msg_sent: 524
tot_reconf_duration: 18.21
tot_sleeping_duration: 162169.0496800019
tot_uptimes: 43
tot_uptimes_duration: 2545.356559998354
