comms_cons: 17.554560000686735
finished_reconf: true
global_termination_time: 167501.42
local_termination_time: 133713.71336000005
node_cons: 3405.054982242855
tot_aggregated_send: 2030
tot_msg_rcv: 249
tot_msg_sent: 391
tot_reconf_duration: 22.65
tot_sleeping_duration: 164981.40783999788
tot_uptimes: 43
tot_uptimes_duration: 2520.0121600021375
