comms_cons: 31.928857600139043
finished_reconf: true
global_termination_time: 325544.825
local_termination_time: 185201.08328000034
node_cons: 6683.578980000004
tot_aggregated_send: 4756
tot_msg_rcv: 49
tot_msg_sent: 48
tot_reconf_duration: 11.31
tot_sleeping_duration: 320564.825
tot_uptimes: 84
tot_uptimes_duration: 4980.0
