comms_cons: 64.50905600083176
finished_reconf: true
global_termination_time: 625738.72
local_termination_time: 244503.40836000006
node_cons: 12879.819023364325
tot_aggregated_send: 8294
tot_msg_rcv: 535
tot_msg_sent: 976
tot_reconf_duration: 18.700000000000003
tot_sleeping_duration: 616138.7017599967
tot_uptimes: 161
tot_uptimes_duration: 9600.018240003206
