comms_cons: 63.217862399446695
finished_reconf: true
global_termination_time: 627573.09
local_termination_time: 192253.6462000002
node_cons: 12860.377902242897
tot_aggregated_send: 8468
tot_msg_rcv: 330
tot_msg_sent: 810
tot_reconf_duration: 4.390000000000001
tot_sleeping_duration: 617973.0778399978
tot_uptimes: 161
tot_uptimes_duration: 9600.012160002138
