comms_cons: 64.54853119868471
finished_reconf: true
global_termination_time: 625379.982
local_termination_time: 230025.28436000005
node_cons: 12862.879324481144
tot_aggregated_send: 8294
tot_msg_rcv: 530
tot_msg_sent: 987
tot_reconf_duration: 6.22
tot_sleeping_duration: 615779.9576799992
tot_uptimes: 161
tot_uptimes_duration: 9600.02432000084
