comms_cons: 351.21112959692107
finished_reconf: true
global_termination_time: 3580328.639
local_termination_time: 2341175.1703600003
node_cons: 73599.99266334914
tot_aggregated_send: 49590
tot_msg_rcv: 1237
tot_msg_sent: 2554
tot_reconf_duration: 6.279999999999999
tot_sleeping_duration: 3525368.620760007
tot_uptimes: 917
tot_uptimes_duration: 54960.0182399929
