comms_cons: 361.55455364428576
finished_reconf: true
global_termination_time: 3579431.04
local_termination_time: 402761.11336
node_cons: 73616.9160111724
tot_aggregated_send: 49358
tot_msg_rcv: 1827
tot_msg_sent: 3767
tot_reconf_duration: 18.700000000000003
tot_sleeping_duration: 3524470.9792000195
tot_uptimes: 917
tot_uptimes_duration: 54960.06079998071
