comms_cons: 355.6320768251497
finished_reconf: true
global_termination_time: 3578179.349
local_termination_time: 1964399.84236
node_cons: 73606.83154446632
tot_aggregated_send: 48894
tot_msg_rcv: 1725
tot_msg_sent: 3435
tot_reconf_duration: 11.31
tot_sleeping_duration: 3523219.324680009
tot_uptimes: 917
tot_uptimes_duration: 54960.024319991004
