comms_cons: 0.13816319999954432
finished_reconf: true
global_termination_time: 3519.2399600000026
local_termination_time: 3504.8943600000002
node_cons: 31.656957440004007
tot_aggregated_send: 0
tot_msg_rcv: 12
tot_msg_sent: 8
tot_reconf_duration: 3.05
tot_sleeping_duration: 3498.691
tot_uptimes: 1
tot_uptimes_duration: 20.548960000002808
