comms_cons: 103.77445758650046
finished_reconf: true
global_termination_time: 785377.1684399985
local_termination_time: 785377.1684399985
node_cons: 16261.613825009788
tot_aggregated_send: 5336
tot_msg_rcv: 3990
tot_msg_sent: 6450
tot_reconf_duration: 37.410000000000004
tot_sleeping_duration: 773270.5134399913
tot_uptimes: 202
tot_uptimes_duration: 12106.655000007297
