comms_cons: 77.7651711994711
finished_reconf: true
global_termination_time: 786370.399
local_termination_time: 251293.72136000005
node_cons: 16173.069180000013
tot_aggregated_send: 11368
tot_msg_rcv: 178
tot_msg_sent: 273
tot_reconf_duration: 18.21
tot_sleeping_duration: 774310.399
tot_uptimes: 202
tot_uptimes_duration: 12060.0
