comms_cons: 13.039974400076652
finished_reconf: true
global_termination_time: 107734.508
local_termination_time: 53677.68036000001
node_cons: 2193.933603359732
tot_aggregated_send: 812
tot_msg_rcv: 440
tot_msg_sent: 730
tot_reconf_duration: 18.21
tot_sleeping_duration: 106114.4897600002
tot_uptimes: 28
tot_uptimes_duration: 1620.0182399998012
