comms_cons: 11.480703999810475
finished_reconf: true
global_termination_time: 110653.411
local_termination_time: 31562.3754
node_cons: 2264.895262239439
tot_aggregated_send: 1044
tot_msg_rcv: 212
tot_msg_sent: 489
tot_reconf_duration: 11.31
tot_sleeping_duration: 108973.3988400004
tot_uptimes: 29
tot_uptimes_duration: 1680.0121599995837
