comms_cons: 184.64524799310618
finished_reconf: true
global_termination_time: 1910493.768
local_termination_time: 718974.9393199985
node_cons: 39307.11614335022
tot_aggregated_send: 26448
tot_msg_rcv: 505
tot_msg_sent: 1112
tot_reconf_duration: 15.34
tot_sleeping_duration: 1881153.749760007
tot_uptimes: 490
tot_uptimes_duration: 29340.018239992904
