comms_cons: 189.52604159120003
finished_reconf: true
global_termination_time: 1911829.63
local_termination_time: 462239.53536000004
node_cons: 39293.21022335024
tot_aggregated_send: 26912
tot_msg_rcv: 578
tot_msg_sent: 1317
tot_reconf_duration: 5.1
tot_sleeping_duration: 1882489.611760007
tot_uptimes: 490
tot_uptimes_duration: 29340.018239992904
