comms_cons: 186.2045183906986
finished_reconf: true
global_termination_time: 1909847.943
local_termination_time: 1166371.0873599998
node_cons: 39294.73932446705
tot_aggregated_send: 26332
tot_msg_rcv: 709
tot_msg_sent: 1261
tot_reconf_duration: 6.22
tot_sleeping_duration: 1880507.9186800094
tot_uptimes: 490
tot_uptimes_duration: 29340.024319990538
