comms_cons: 184.88209919223212
finished_reconf: true
global_termination_time: 1911289.784
local_termination_time: 1043153.7183599998
node_cons: 39293.650222233344
tot_aggregated_send: 26158
tot_msg_rcv: 613
tot_msg_sent: 1330
tot_reconf_duration: 5.43
tot_sleeping_duration: 1881949.7718400047
tot_uptimes: 490
tot_uptimes_duration: 29340.01215999527
