comms_cons: 355.6164800572049
finished_reconf: true
global_termination_time: 3531983.107
local_termination_time: 100444.60947999997
node_cons: 72652.1950145319
tot_aggregated_send: 48662
tot_msg_rcv: 1618
tot_msg_sent: 3770
tot_reconf_duration: 18.21
tot_sleeping_duration: 3477743.0279600197
tot_uptimes: 905
tot_uptimes_duration: 54240.07903998025
