comms_cons: 340.8486143856072
finished_reconf: true
global_termination_time: 3533277.314
local_termination_time: 1935895.5350000001
node_cons: 72651.46691398909
tot_aggregated_send: 49287
tot_msg_rcv: 869
tot_msg_sent: 1651
tot_reconf_duration: 15.34
tot_sleeping_duration: 3479034.868000007
tot_uptimes: 905
tot_uptimes_duration: 54242.44599999301
