comms_cons: 347.356447986732
finished_reconf: true
global_termination_time: 3531992.896
local_termination_time: 1159346.37136
node_cons: 72638.39506669976
tot_aggregated_send: 49126
tot_msg_rcv: 1114
tot_msg_sent: 2556
tot_reconf_duration: 8.09
tot_sleeping_duration: 3477752.8595200144
tot_uptimes: 905
tot_uptimes_duration: 54240.03647998604
