comms_cons: 341.74439681340044
finished_reconf: true
global_termination_time: 3532846.161
local_termination_time: 1282265.51136
node_cons: 72642.75154446605
tot_aggregated_send: 48546
tot_msg_rcv: 1078
tot_msg_sent: 2318
tot_reconf_duration: 11.31
tot_sleeping_duration: 3478606.136680009
tot_uptimes: 905
tot_uptimes_duration: 54240.02431999077
