comms_cons: 96.62933759927115
finished_reconf: true
global_termination_time: 985944.451
local_termination_time: 5789.548
node_cons: 20255.57982000003
tot_aggregated_send: 14434
tot_msg_rcv: 79
tot_msg_sent: 174
tot_reconf_duration: 7.29
tot_sleeping_duration: 970824.451
tot_uptimes: 253
tot_uptimes_duration: 15120.0
