comms_cons: 47.12023040109881
finished_reconf: true
global_termination_time: 470595.396
local_termination_time: 253154.03636000006
node_cons: 9649.328240000012
tot_aggregated_send: 5974
tot_msg_rcv: 404
tot_msg_sent: 784
tot_reconf_duration: 6.279999999999999
tot_sleeping_duration: 463395.396
tot_uptimes: 121
tot_uptimes_duration: 7200.0
