comms_cons: 47.897203200921695
finished_reconf: true
global_termination_time: 470530.905
local_termination_time: 253112.9050800006
node_cons: 9649.265184644186
tot_aggregated_send: 6090
tot_msg_rcv: 432
tot_msg_sent: 758
tot_reconf_duration: 6.22
tot_sleeping_duration: 463330.89123999694
tot_uptimes: 121
tot_uptimes_duration: 7200.013760003116
