comms_cons: 66.93082879931042
finished_reconf: true
global_termination_time: 664357.225
local_termination_time: 247723.68736000007
node_cons: 13675.684860000038
tot_aggregated_send: 9222
tot_msg_rcv: 321
tot_msg_sent: 631
tot_reconf_duration: 13.17
tot_sleeping_duration: 654157.225
tot_uptimes: 171
tot_uptimes_duration: 10200.0
