comms_cons: 68.21937920097537
finished_reconf: true
global_termination_time: 661434.98624
local_termination_time: 61141.970360000014
node_cons: 13606.35157608414
tot_aggregated_send: 8642
tot_msg_rcv: 616
tot_msg_sent: 1110
tot_reconf_duration: 6.22
tot_sleeping_duration: 651279.7175199969
tot_uptimes: 170
tot_uptimes_duration: 10155.268720003078
