comms_cons: 0.7960831999995743
finished_reconf: true
global_termination_time: 6369.780000000001
local_termination_time: 619.8603599999999
node_cons: 84.52264000000005
tot_aggregated_send: 0
tot_msg_rcv: 65
tot_msg_sent: 56
tot_reconf_duration: 3.08
tot_sleeping_duration: 6309.780000000001
tot_uptimes: 2
tot_uptimes_duration: 60.00000000000091
