comms_cons: 31.84990720042843
finished_reconf: true
global_termination_time: 325053.9502400003
local_termination_time: 310008.66940000036
node_cons: 6725.4710604804495
tot_aggregated_send: 4466
tot_msg_rcv: 114
tot_msg_sent: 260
tot_reconf_duration: 6.22
tot_sleeping_duration: 320037.50191999995
tot_uptimes: 84
tot_uptimes_duration: 5016.448320000358
