comms_cons: 31.24695039992219
finished_reconf: true
global_termination_time: 13048.496240000002
local_termination_time: 278.47603999999984
node_cons: 3789.5639867200216
tot_aggregated_send: 0
tot_msg_rcv: 2361
tot_msg_sent: 2389
tot_reconf_duration: 18.21
tot_sleeping_duration: 10236.819759999988
tot_uptimes: 42
tot_uptimes_duration: 2811.6764800000155
