comms_cons: 2.1717631999937894
finished_reconf: true
global_termination_time: 13047.97848
local_termination_time: 13047.93736
node_cons: 292.7716598400071
tot_aggregated_send: 0
tot_msg_rcv: 161
tot_msg_sent: 168
tot_reconf_duration: 24.59
tot_sleeping_duration: 12854.267919999995
tot_uptimes: 4
tot_uptimes_duration: 193.71056000000502
