comms_cons: 70.0017152000579
finished_reconf: true
global_termination_time: 709291.159
local_termination_time: 137737.87836000006
node_cons: 14550.003042242884
tot_aggregated_send: 9628
tot_msg_rcv: 374
tot_msg_sent: 637
tot_reconf_duration: 6.22
tot_sleeping_duration: 698431.1468399978
tot_uptimes: 182
tot_uptimes_duration: 10860.012160002138
