comms_cons: 215.27205119530652
finished_reconf: true
global_termination_time: 2187485.147
local_termination_time: 785674.7740000001
node_cons: 45002.07276383358
tot_aggregated_send: 31838
tot_msg_rcv: 247
tot_msg_sent: 635
tot_reconf_duration: 7.819999999999999
tot_sleeping_duration: 2153884.3604400046
tot_uptimes: 561
tot_uptimes_duration: 33600.7865599955
