comms_cons: 217.4707455946761
finished_reconf: true
global_termination_time: 2185035.3564799996
local_termination_time: 2185035.3153599994
node_cons: 44961.81980095727
tot_aggregated_send: 31190
tot_msg_rcv: 637
tot_msg_sent: 1228
tot_reconf_duration: 24.59
tot_sleeping_duration: 2151481.6398400012
tot_uptimes: 560
tot_uptimes_duration: 33553.71663999854
