comms_cons: 30.494592000216386
finished_reconf: true
global_termination_time: 299597.999
local_termination_time: 37568.77536000001
node_cons: 6118.648642242865
tot_aggregated_send: 3944
tot_msg_rcv: 230
tot_msg_sent: 461
tot_reconf_duration: 9.42
tot_sleeping_duration: 295037.9868399979
tot_uptimes: 77
tot_uptimes_duration: 4560.0121600021375
