comms_cons: 353.4768704264593
finished_reconf: true
global_termination_time: 3501405.619
local_termination_time: 12476.836480000002
node_cons: 72009.46687341049
tot_aggregated_send: 48604
tot_msg_rcv: 1757
tot_msg_sent: 3367
tot_reconf_duration: 18.21
tot_sleeping_duration: 3447645.546040021
tot_uptimes: 897
tot_uptimes_duration: 53760.07295997918
