comms_cons: 342.0769791952623
finished_reconf: true
global_termination_time: 3500203.342
local_termination_time: 2107103.8274800004
node_cons: 71992.21220111559
tot_aggregated_send: 48604
tot_msg_rcv: 1001
tot_msg_sent: 2388
tot_reconf_duration: 5.57
tot_sleeping_duration: 3446443.3359200023
tot_uptimes: 897
tot_uptimes_duration: 53760.006079997635
