comms_cons: 344.23032319407514
finished_reconf: true
global_termination_time: 3501041.353
local_termination_time: 2371709.37836
node_cons: 71991.5902233496
tot_aggregated_send: 48372
tot_msg_rcv: 1281
tot_msg_sent: 2668
tot_reconf_duration: 5.1
tot_sleeping_duration: 3447281.3347600065
tot_uptimes: 897
tot_uptimes_duration: 53760.01823999337
