comms_cons: 348.97553281356085
finished_reconf: true
global_termination_time: 3500253.742
local_termination_time: 1162201.75036
node_cons: 71993.15188893424
tot_aggregated_send: 48720
tot_msg_rcv: 1558
tot_msg_sent: 2763
tot_reconf_duration: 6.22
tot_sleeping_duration: 3446493.693360018
tot_uptimes: 897
tot_uptimes_duration: 53760.04863998201
