comms_cons: 2.3092991999945167
finished_reconf: true
global_termination_time: 17659.402
local_termination_time: 4385.88836
node_cons: 334.1523600000003
tot_aggregated_send: 0
tot_msg_rcv: 182
tot_msg_sent: 168
tot_reconf_duration: 9.42
tot_sleeping_duration: 17419.402
tot_uptimes: 5
tot_uptimes_duration: 240.0000000000001
