comms_cons: 152.15120639018136
finished_reconf: true
global_termination_time: 1579911.98
local_termination_time: 5260.708
node_cons: 32489.86778335055
tot_aggregated_send: 21495
tot_msg_rcv: 510
tot_msg_sent: 1122
tot_reconf_duration: 23.919999999999998
tot_sleeping_duration: 1555671.961760007
tot_uptimes: 405
tot_uptimes_duration: 24240.018239992904
