comms_cons: 151.5114239821848
finished_reconf: true
global_termination_time: 1579621.351
local_termination_time: 5069.522
node_cons: 32473.373453406635
tot_aggregated_send: 20346
tot_msg_rcv: 802
tot_msg_sent: 1882
tot_reconf_duration: 11.719999999999999
tot_sleeping_duration: 1555381.2780400252
tot_uptimes: 405
tot_uptimes_duration: 24240.07295997505
