comms_cons: 48.73327360220592
finished_reconf: true
global_termination_time: 224890.88972000018
local_termination_time: 1645.5350400000013
node_cons: 4624.749811442275
tot_aggregated_send: 0
tot_msg_rcv: 4063
tot_msg_sent: 3334
tot_reconf_duration: 18.21
tot_sleeping_duration: 221455.4747599985
tot_uptimes: 58
tot_uptimes_duration: 3435.414960001697
