comms_cons: 22.467968000156247
finished_reconf: true
global_termination_time: 228436.731
local_termination_time: 178487.8832000002
node_cons: 4665.681620000022
tot_aggregated_send: 3306
tot_msg_rcv: 54
tot_msg_sent: 54
tot_reconf_duration: 4.390000000000001
tot_sleeping_duration: 224956.731
tot_uptimes: 59
tot_uptimes_duration: 3480.0
