comms_cons: 236.6159743886536
finished_reconf: true
global_termination_time: 2306914.316
local_termination_time: 172354.42208000016
node_cons: 47431.4075467096
tot_aggregated_send: 30856
tot_msg_rcv: 1749
tot_msg_sent: 3359
tot_reconf_duration: 22.65
tot_sleeping_duration: 2271514.2795200073
tot_uptimes: 591
tot_uptimes_duration: 35400.036479992676
