comms_cons: 2.118502399995837
finished_reconf: true
global_termination_time: 12583.395480000001
local_termination_time: 12583.354360000001
node_cons: 310.1812198400068
tot_aggregated_send: 0
tot_msg_rcv: 164
tot_msg_sent: 157
tot_reconf_duration: 37.410000000000004
tot_sleeping_duration: 12389.684919999996
tot_uptimes: 4
tot_uptimes_duration: 193.71056000000488
