comms_cons: 2.2572927999918324
finished_reconf: true
global_termination_time: 13149.315
local_termination_time: 10073.782360000001
node_cons: 253.3913800000008
tot_aggregated_send: 0
tot_msg_rcv: 177
tot_msg_sent: 166
tot_reconf_duration: 9.11
tot_sleeping_duration: 12969.315
tot_uptimes: 4
tot_uptimes_duration: 180.0
