comms_cons: 225.27180798887315
finished_reconf: true
global_termination_time: 2289349.557
local_termination_time: 435818.49436000007
node_cons: 47104.01802670505
tot_aggregated_send: 31552
tot_msg_rcv: 952
tot_msg_sent: 1736
tot_reconf_duration: 18.21
tot_sleeping_duration: 2254189.5205200105
tot_uptimes: 587
tot_uptimes_duration: 35160.03647998924
