comms_cons: 227.84875518061443
finished_reconf: true
global_termination_time: 2288989.441
local_termination_time: 310578.1293600001
node_cons: 47110.08825228921
tot_aggregated_send: 30798
tot_msg_rcv: 1279
tot_msg_sent: 2552
tot_reconf_duration: 22.65
tot_sleeping_duration: 2253829.3741200226
tot_uptimes: 587
tot_uptimes_duration: 35160.066879977414
