comms_cons: 224.759884791874
finished_reconf: true
global_termination_time: 2289478.819
local_termination_time: 571035.8911199981
node_cons: 47138.91403367683
tot_aggregated_send: 32770
tot_msg_rcv: 482
tot_msg_sent: 911
tot_reconf_duration: 25.299999999999997
tot_sleeping_duration: 2254299.9118800024
tot_uptimes: 587
tot_uptimes_duration: 35178.90711999801
