comms_cons: 227.88684160000335
finished_reconf: true
global_termination_time: 2288971.286119998
local_termination_time: 2288971.286119998
node_cons: 47198.50232591436
tot_aggregated_send: 32930
tot_msg_rcv: 607
tot_msg_sent: 1099
tot_reconf_duration: 24.59
tot_sleeping_duration: 2253747.1568400017
tot_uptimes: 587
tot_uptimes_duration: 35224.12927999644
