comms_cons: 224.44471038699808
finished_reconf: true
global_termination_time: 2291505.952
local_termination_time: 494132.40936000005
node_cons: 47087.72746558356
tot_aggregated_send: 31204
tot_msg_rcv: 1046
tot_msg_sent: 1866
tot_reconf_duration: 6.22
tot_sleeping_duration: 2256345.9216000116
tot_uptimes: 587
tot_uptimes_duration: 35160.03039998817
