comms_cons: 85.2670591960847
finished_reconf: true
global_termination_time: 841132.274
local_termination_time: 91560.78347999942
node_cons: 17277.323345600304
tot_aggregated_send: 11368
tot_msg_rcv: 486
tot_msg_sent: 1107
tot_reconf_duration: 3.08
tot_sleeping_duration: 828232.2435999997
tot_uptimes: 216
tot_uptimes_duration: 12900.030400000207
