comms_cons: 87.08194559295757
finished_reconf: true
global_termination_time: 840915.831
local_termination_time: 321480.00872000057
node_cons: 17284.15134894851
tot_aggregated_send: 10904
tot_msg_rcv: 759
tot_msg_sent: 1573
tot_reconf_duration: 8.09
tot_sleeping_duration: 828015.7823600087
tot_uptimes: 216
tot_uptimes_duration: 12900.048639991379
