comms_cons: 86.78187519714683
finished_reconf: true
global_termination_time: 840420.154
local_termination_time: 249194.62636000005
node_cons: 17281.611888962278
tot_aggregated_send: 10846
tot_msg_rcv: 722
tot_msg_sent: 1622
tot_reconf_duration: 6.22
tot_sleeping_duration: 827520.1053599983
tot_uptimes: 216
tot_uptimes_duration: 12900.048640001682
