comms_cons: 244.63147523577237
finished_reconf: true
global_termination_time: 505982.5606000001
local_termination_time: 505982.5194800001
node_cons: 30763.230533242855
tot_aggregated_send: 0
tot_msg_rcv: 15016
tot_msg_sent: 22166
tot_reconf_duration: 24.59
tot_sleeping_duration: 483032.719439998
tot_uptimes: 378
tot_uptimes_duration: 22949.84116000209
