comms_cons: 191.63612802424694
finished_reconf: true
global_termination_time: 397236.727
local_termination_time: 164440.17208000016
node_cons: 23974.458285364228
tot_aggregated_send: 0
tot_msg_rcv: 11830
tot_msg_sent: 17297
tot_reconf_duration: 4.390000000000001
tot_sleeping_duration: 379336.43075999693
tot_uptimes: 294
tot_uptimes_duration: 17900.296240003117
