comms_cons: 39.91663360022363
finished_reconf: true
global_termination_time: 397010.9602400003
local_termination_time: 64208.95636000001
node_cons: 8164.979380479506
tot_aggregated_send: 5394
tot_msg_rcv: 237
tot_msg_sent: 437
tot_reconf_duration: 11.31
tot_sleeping_duration: 390924.61192000064
tot_uptimes: 102
tot_uptimes_duration: 6086.348319999626
