comms_cons: 196.43047678444228
finished_reconf: true
global_termination_time: 1968203.24
local_termination_time: 903629.9041999986
node_cons: 40499.937086700746
tot_aggregated_send: 26100
tot_msg_rcv: 1208
tot_msg_sent: 2547
tot_reconf_duration: 6.279999999999999
tot_sleeping_duration: 1937963.2035200142
tot_uptimes: 505
tot_uptimes_duration: 30240.036479985807
