comms_cons: 193.82323199242913
finished_reconf: true
global_termination_time: 1969817.604
local_termination_time: 1068370.9635199993
node_cons: 40525.717399999776
tot_aggregated_send: 28130
tot_msg_rcv: 482
tot_msg_sent: 848
tot_reconf_duration: 25.299999999999997
tot_sleeping_duration: 1939577.604
tot_uptimes: 505
tot_uptimes_duration: 30240.0
