comms_cons: 198.10052478416515
finished_reconf: true
global_termination_time: 1970550.252
local_termination_time: 804965.3489599987
node_cons: 40502.03654781763
tot_aggregated_send: 26274
tot_msg_rcv: 1316
tot_msg_sent: 2519
tot_reconf_duration: 7.819999999999999
tot_sleeping_duration: 1940310.2094400167
tot_uptimes: 505
tot_uptimes_duration: 30240.04255998344
