comms_cons: 385.45752321038765
finished_reconf: true
global_termination_time: 3917751.044
local_termination_time: 2286131.9603600004
node_cons: 80588.58405999838
tot_aggregated_send: 56202
tot_msg_rcv: 763
tot_msg_sent: 1622
tot_reconf_duration: 5.57
tot_sleeping_duration: 3857571.044
tot_uptimes: 1004
tot_uptimes_duration: 60180.0
