comms_cons: 385.02696960534234
finished_reconf: true
global_termination_time: 3919986.247
local_termination_time: 2466701.38136
node_cons: 80598.91300111503
tot_aggregated_send: 55796
tot_msg_rcv: 825
tot_msg_sent: 1900
tot_reconf_duration: 13.17
tot_sleeping_duration: 3859806.240920002
tot_uptimes: 1004
tot_uptimes_duration: 60180.00607999787
