comms_cons: 399.8365440895645
finished_reconf: true
global_termination_time: 3915633.625
local_termination_time: 244705.55536000006
node_cons: 80506.73931340966
tot_aggregated_send: 52316
tot_msg_rcv: 2988
tot_msg_sent: 5468
tot_reconf_duration: 4.390000000000001
tot_sleeping_duration: 3855513.5520400214
tot_uptimes: 1003
tot_uptimes_duration: 60120.07295997883
