comms_cons: 548.5539136939826
finished_reconf: true
global_termination_time: 5455659.5532399975
local_termination_time: 252617.4438400001
node_cons: 112280.15399605423
tot_aggregated_send: 76328
tot_msg_rcv: 2390
tot_msg_sent: 4658
tot_reconf_duration: 18.21
tot_sleeping_duration: 5371824.284520014
tot_uptimes: 1398
tot_uptimes_duration: 83835.26871998329
