comms_cons: 533.737881630504
finished_reconf: true
global_termination_time: 5457429.833
local_termination_time: 2048953.5965199992
node_cons: 112255.828002231
tot_aggregated_send: 76618
tot_msg_rcv: 1614
tot_msg_sent: 2893
tot_reconf_duration: 15.34
tot_sleeping_duration: 5373609.820840004
tot_uptimes: 1398
tot_uptimes_duration: 83820.01215999573
