comms_cons: 520.8765184062997
finished_reconf: true
global_termination_time: 5461906.762
local_termination_time: 2380716.2714799996
node_cons: 112349.67739999635
tot_aggregated_send: 77024
tot_msg_rcv: 714
tot_msg_sent: 1433
tot_reconf_duration: 25.299999999999997
tot_sleeping_duration: 5378026.762
tot_uptimes: 1399
tot_uptimes_duration: 83880.0
