comms_cons: 64.3853055976347
finished_reconf: true
global_termination_time: 633240.257
local_termination_time: 268491.63636000006
node_cons: 13021.644544476541
tot_aggregated_send: 8410
tot_msg_rcv: 459
tot_msg_sent: 918
tot_reconf_duration: 4.8100000000000005
tot_sleeping_duration: 623520.2326800026
tot_uptimes: 163
tot_uptimes_duration: 9720.024319997407
