comms_cons: 20.40867839996728
finished_reconf: true
global_termination_time: 8018.776240000003
local_termination_time: 3036.2030400000012
node_cons: 2197.5301573600036
tot_aggregated_send: 0
tot_msg_rcv: 1572
tot_msg_sent: 1529
tot_reconf_duration: 18.21
tot_sleeping_duration: 6396.072
tot_uptimes: 25
tot_uptimes_duration: 1622.7042400000028
