comms_cons: 1.407948799995349
finished_reconf: true
global_termination_time: 8018.25848
local_termination_time: 8018.217360000001
node_cons: 212.4316598400069
tot_aggregated_send: 0
tot_msg_rcv: 103
tot_msg_sent: 110
tot_reconf_duration: 24.59
tot_sleeping_duration: 7884.547919999995
tot_uptimes: 3
tot_uptimes_duration: 133.710560000005
