comms_cons: 34.00260480036204
finished_reconf: true
global_termination_time: 294711.0790400003
local_termination_time: 294711.03792000026
node_cons: 6088.810979041536
tot_aggregated_send: 2958
tot_msg_rcv: 773
tot_msg_sent: 1436
tot_reconf_duration: 24.59
tot_sleeping_duration: 290188.7356799991
tot_uptimes: 76
tot_uptimes_duration: 4522.343360001134
