comms_cons: 278.43832321502515
finished_reconf: false
global_termination_time: 2810250.03
local_termination_time: 0
node_cons: 57880.119033359864
tot_aggregated_send: 40831
tot_msg_rcv: 587
tot_msg_sent: 903
tot_reconf_duration: 26.0
tot_sleeping_duration: 2767050.021759999
tot_uptimes: 720
tot_uptimes_duration: 43200.00824000093
