comms_cons: 267.0593920369194
finished_reconf: true
global_termination_time: 2809227.507
local_termination_time: 6043.454999999999
node_cons: 57854.724243350094
tot_aggregated_send: 38794
tot_msg_rcv: 664
tot_msg_sent: 1133
tot_reconf_duration: 7.29
tot_sleeping_duration: 2766027.488760007
tot_uptimes: 720
tot_uptimes_duration: 43200.01823999337
