comms_cons: 278.64023682588146
finished_reconf: true
global_termination_time: 2811315.35
local_termination_time: 7350.339
node_cons: 57860.77274781743
tot_aggregated_send: 39254
tot_msg_rcv: 1023
tot_msg_sent: 2075
tot_reconf_duration: 11.719999999999999
tot_sleeping_duration: 2768115.3074400164
tot_uptimes: 720
tot_uptimes_duration: 43200.04255998391
