comms_cons: 276.875212810012
finished_reconf: true
global_termination_time: 2809778.557
local_termination_time: 5631.738
node_cons: 57849.96850670059
tot_aggregated_send: 39261
tot_msg_rcv: 905
tot_msg_sent: 1916
tot_reconf_duration: 3.77
tot_sleeping_duration: 2766578.5205200138
tot_uptimes: 720
tot_uptimes_duration: 43200.03647998627
