comms_cons: 186.5182975818339
finished_reconf: true
global_termination_time: 1841750.846
local_termination_time: 502143.98664000083
node_cons: 37848.72522781762
tot_aggregated_send: 25056
tot_msg_rcv: 1025
tot_msg_sent: 2268
tot_reconf_duration: 6.279999999999999
tot_sleeping_duration: 1813490.8034400165
tot_uptimes: 472
tot_uptimes_duration: 28260.04255998344
