comms_cons: 183.11887358195824
finished_reconf: true
global_termination_time: 1842628.061
local_termination_time: 781545.7993599998
node_cons: 37847.73662446709
tot_aggregated_send: 24186
tot_msg_rcv: 1378
tot_msg_sent: 2269
tot_reconf_duration: 5.57
tot_sleeping_duration: 1814368.0366800094
tot_uptimes: 472
tot_uptimes_duration: 28260.024319990538
