comms_cons: 178.61212159445412
finished_reconf: true
global_termination_time: 1841773.673
local_termination_time: 762085.5237199988
node_cons: 37858.02485999989
tot_aggregated_send: 26274
tot_msg_rcv: 302
tot_msg_sent: 572
tot_reconf_duration: 13.17
tot_sleeping_duration: 1813513.673
tot_uptimes: 472
tot_uptimes_duration: 28260.0
