comms_cons: 182.59907199389306
finished_reconf: true
global_termination_time: 1841721.687
local_termination_time: 671826.5803999982
node_cons: 37852.94189367712
tot_aggregated_send: 26564
tot_msg_rcv: 442
tot_msg_sent: 747
tot_reconf_duration: 9.42
tot_sleeping_duration: 1813461.679880002
tot_uptimes: 472
tot_uptimes_duration: 28260.00711999793
