comms_cons: 182.54446079280672
finished_reconf: true
global_termination_time: 1842526.678
local_termination_time: 638483.6267199988
node_cons: 37857.29153999984
tot_aggregated_send: 26332
tot_msg_rcv: 439
tot_msg_sent: 975
tot_reconf_duration: 12.629999999999999
tot_sleeping_duration: 1814266.678
tot_uptimes: 472
tot_uptimes_duration: 28260.0
