comms_cons: 181.38196479369222
finished_reconf: true
global_termination_time: 1841006.905
local_termination_time: 810305.7851599982
node_cons: 37855.010099999774
tot_aggregated_send: 26390
tot_msg_rcv: 491
tot_msg_sent: 688
tot_reconf_duration: 10.95
tot_sleeping_duration: 1812746.905
tot_uptimes: 472
tot_uptimes_duration: 28260.0
