comms_cons: 187.8858047860168
finished_reconf: true
global_termination_time: 1840831.9671200004
local_termination_time: 249169.2316400009
node_cons: 37915.20183974571
tot_aggregated_send: 25230
tot_msg_rcv: 1226
tot_msg_sent: 2101
tot_reconf_duration: 4.390000000000001
tot_sleeping_duration: 1812520.361280011
tot_uptimes: 472
tot_uptimes_duration: 28311.60583998944
