comms_cons: 150.07112958818317
finished_reconf: true
global_termination_time: 1475637.955
local_termination_time: 153772.78248000005
node_cons: 30296.76522782707
tot_aggregated_send: 20010
tot_msg_rcv: 938
tot_msg_sent: 1863
tot_reconf_duration: 6.279999999999999
tot_sleeping_duration: 1453017.9124400099
tot_uptimes: 378
tot_uptimes_duration: 22620.04255999031
