comms_cons: 147.91357439210276
finished_reconf: true
global_termination_time: 1478760.036
local_termination_time: 358181.1028400006
node_cons: 30380.89138000003
tot_aggregated_send: 20938
tot_msg_rcv: 566
tot_msg_sent: 978
tot_reconf_duration: 9.11
tot_sleeping_duration: 1456080.036
tot_uptimes: 379
tot_uptimes_duration: 22680.0
