comms_cons: 147.57139199297526
finished_reconf: true
global_termination_time: 1478932.875
local_termination_time: 158758.24036000005
node_cons: 30375.10082670564
tot_aggregated_send: 20416
tot_msg_rcv: 669
tot_msg_sent: 1343
tot_reconf_duration: 4.8100000000000005
tot_sleeping_duration: 1456252.8385200107
tot_uptimes: 379
tot_uptimes_duration: 22680.03647998924
