comms_cons: 223.25221747440654
finished_reconf: true
global_termination_time: 1310072.66
local_termination_time: 357589.73188000085
node_cons: 26922.485227822424
tot_aggregated_send: 0
tot_msg_rcv: 17331
tot_msg_sent: 16603
tot_reconf_duration: 6.279999999999999
tot_sleeping_duration: 1289972.617440013
tot_uptimes: 336
tot_uptimes_duration: 20100.042559986876
