comms_cons: 462.6697088401735
finished_reconf: true
global_termination_time: 4646205.9212799985
local_termination_time: 4646205.880159998
node_cons: 95632.33407038893
tot_aggregated_send: 66454
tot_msg_rcv: 1325
tot_msg_sent: 2544
tot_reconf_duration: 24.59
tot_sleeping_duration: 4574810.147680005
tot_uptimes: 1190
tot_uptimes_duration: 71395.77359999395
