comms_cons: 51.6133184031031
finished_reconf: true
global_termination_time: 225340.14872000008
local_termination_time: 225340.10760000008
node_cons: 4648.749032650475
tot_aggregated_send: 0
tot_msg_rcv: 4494
tot_msg_sent: 3352
tot_reconf_duration: 37.410000000000004
tot_sleeping_duration: 221906.2829599923
tot_uptimes: 58
tot_uptimes_duration: 3433.865760007813
