comms_cons: 347.03384324729535
finished_reconf: true
global_termination_time: 3450057.311
local_termination_time: 2247243.2760799984
node_cons: 70971.00312334941
tot_aggregated_send: 48024
tot_msg_rcv: 1549
tot_msg_sent: 3174
tot_reconf_duration: 22.65
tot_sleeping_duration: 3397077.2927600066
tot_uptimes: 884
tot_uptimes_duration: 52980.01823999337
