comms_cons: 348.0640896491859
finished_reconf: true
global_termination_time: 3446099.6140399985
local_termination_time: 3446099.5729199983
node_cons: 70981.29403443169
tot_aggregated_send: 47940
tot_msg_rcv: 1708
tot_msg_sent: 3254
tot_reconf_duration: 37.410000000000004
tot_sleeping_duration: 3393126.879720033
tot_uptimes: 883
tot_uptimes_duration: 52972.7343199653
