comms_cons: 348.4057472438305
finished_reconf: true
global_termination_time: 3446812.049
local_termination_time: 1735348.17336
node_cons: 70877.09666893451
tot_aggregated_send: 47386
tot_msg_rcv: 1800
tot_msg_sent: 3769
tot_reconf_duration: 12.629999999999999
tot_sleeping_duration: 3393892.000360018
tot_uptimes: 883
tot_uptimes_duration: 52920.04863998201
