comms_cons: 352.1376320257347
finished_reconf: true
global_termination_time: 3446887.806
local_termination_time: 1120017.276879998
node_cons: 70864.07888781693
tot_aggregated_send: 47096
tot_msg_rcv: 2359
tot_msg_sent: 4067
tot_reconf_duration: 3.05
tot_sleeping_duration: 3393967.7634400157
tot_uptimes: 883
tot_uptimes_duration: 52920.04255998414
