comms_cons: 267.07568642129627
finished_reconf: true
global_termination_time: 551735.262
local_termination_time: 24763.15248
node_cons: 33566.72647348214
tot_aggregated_send: 0
tot_msg_rcv: 16397
tot_msg_sent: 24196
tot_reconf_duration: 18.21
tot_sleeping_duration: 526685.2266799983
tot_uptimes: 413
tot_uptimes_duration: 25050.03532000158
