comms_cons: 109.14199040900874
finished_reconf: true
global_termination_time: 552746.252
local_termination_time: 25153.13236
node_cons: 11333.909761121446
tot_aggregated_send: 0
tot_msg_rcv: 8411
tot_msg_sent: 8178
tot_reconf_duration: 4.390000000000001
tot_sleeping_duration: 544286.2459199989
tot_uptimes: 142
tot_uptimes_duration: 8460.006080001069
