comms_cons: 57.35710719955805
finished_reconf: true
global_termination_time: 551176.3965999997
local_termination_time: 551176.3554799998
node_cons: 11379.803707365214
tot_aggregated_send: 7294
tot_msg_rcv: 537
tot_msg_sent: 885
tot_reconf_duration: 24.59
tot_sleeping_duration: 542702.6023599958
tot_uptimes: 142
tot_uptimes_duration: 8473.794240003874
