comms_cons: 2.6807167999951185
finished_reconf: true
global_termination_time: 14276.45448
local_termination_time: 14276.41336
node_cons: 310.1730787200009
tot_aggregated_send: 0
tot_msg_rcv: 245
tot_msg_sent: 160
tot_reconf_duration: 37.410000000000004
tot_sleeping_duration: 14082.75
tot_uptimes: 4
tot_uptimes_duration: 193.70448000000033
