comms_cons: 2.7698431999908464
finished_reconf: true
global_termination_time: 15691.254
local_termination_time: 10342.67836
node_cons: 325.55078112000615
tot_aggregated_send: 0
tot_msg_rcv: 245
tot_msg_sent: 176
tot_reconf_duration: 3.08
tot_sleeping_duration: 15451.247919999996
tot_uptimes: 5
tot_uptimes_duration: 240.00608000000466
