comms_cons: 3.0066943999900633
finished_reconf: true
global_termination_time: 17275.21
local_termination_time: 8430.774360000001
node_cons: 332.3543611200064
tot_aggregated_send: 0
tot_msg_rcv: 287
tot_msg_sent: 170
tot_reconf_duration: 8.09
tot_sleeping_duration: 17035.203919999993
tot_uptimes: 5
tot_uptimes_duration: 240.00608000000466
