comms_cons: 3.09285119998907
finished_reconf: true
global_termination_time: 16020.176
local_termination_time: 8122.12136
node_cons: 338.5115400000002
tot_aggregated_send: 0
tot_msg_rcv: 303
tot_msg_sent: 168
tot_reconf_duration: 12.629999999999999
tot_sleeping_duration: 15780.176
tot_uptimes: 5
tot_uptimes_duration: 240.0
