comms_cons: 81.56359679640674
finished_reconf: true
global_termination_time: 818211.21724
local_termination_time: 92164.38947999997
node_cons: 16834.8653238366
tot_aggregated_send: 11020
tot_msg_rcv: 440
tot_msg_sent: 937
tot_reconf_duration: 18.21
tot_sleeping_duration: 805656.9706800026
tot_uptimes: 210
tot_uptimes_duration: 12554.246559997438
