comms_cons: 80.6287231989347
finished_reconf: true
global_termination_time: 818371.072
local_termination_time: 514518.2464000008
node_cons: 16806.427121116853
tot_aggregated_send: 11426
tot_msg_rcv: 227
tot_msg_sent: 603
tot_reconf_duration: 11.31
tot_sleeping_duration: 805831.0659200024
tot_uptimes: 210
tot_uptimes_duration: 12540.006079997635
