comms_cons: 217.35828478754019
finished_reconf: true
global_termination_time: 2175644.063239997
local_termination_time: 148906.52548000007
node_cons: 44794.562137187146
tot_aggregated_send: 30450
tot_msg_rcv: 758
tot_msg_sent: 1828
tot_reconf_duration: 18.21
tot_sleeping_duration: 2142208.788440006
tot_uptimes: 558
tot_uptimes_duration: 33435.27479999076
