comms_cons: 652.9651579599896
finished_reconf: true
global_termination_time: 1344357.3415999978
local_termination_time: 1344357.3415999978
node_cons: 82140.37494041851
tot_aggregated_send: 0
tot_msg_rcv: 40014
tot_msg_sent: 59232
tot_reconf_duration: 37.410000000000004
tot_sleeping_duration: 1283050.7156400124
tot_uptimes: 1007
tot_uptimes_duration: 61306.62595998543
