comms_cons: 138.07234558336467
finished_reconf: true
global_termination_time: 1346705.664
local_termination_time: 241316.41136000006
node_cons: 27657.856848939296
tot_aggregated_send: 18096
tot_msg_rcv: 1037
tot_msg_sent: 1854
tot_reconf_duration: 15.34
tot_sleeping_duration: 1326065.6153600155
tot_uptimes: 345
tot_uptimes_duration: 20640.04863998451
