comms_cons: 137.1975359867616
finished_reconf: true
global_termination_time: 1345133.723
local_termination_time: 532003.99336
node_cons: 27645.537086701075
tot_aggregated_send: 18270
tot_msg_rcv: 897
tot_msg_sent: 1686
tot_reconf_duration: 6.279999999999999
tot_sleeping_duration: 1324493.6865200142
tot_uptimes: 345
tot_uptimes_duration: 20640.036479985807
