comms_cons: 134.16304639724484
finished_reconf: true
global_termination_time: 1350592.485
local_termination_time: 498561.62736000004
node_cons: 27735.184860000023
tot_aggregated_send: 19314
tot_msg_rcv: 394
tot_msg_sent: 684
tot_reconf_duration: 13.17
tot_sleeping_duration: 1329892.485
tot_uptimes: 346
tot_uptimes_duration: 20700.0
