comms_cons: 132.9261567999153
finished_reconf: true
global_termination_time: 1348838.56
local_termination_time: 1228490.51936
node_cons: 27729.67138000018
tot_aggregated_send: 19546
tot_msg_rcv: 202
tot_msg_sent: 456
tot_reconf_duration: 9.11
tot_sleeping_duration: 1328138.56
tot_uptimes: 346
tot_uptimes_duration: 20700.0
