comms_cons: 268.56030702063396
finished_reconf: true
global_termination_time: 1349478.463
local_termination_time: 984.8494799999991
node_cons: 27748.13197006309
tot_aggregated_send: 0
tot_msg_rcv: 20809
tot_msg_sent: 20009
tot_reconf_duration: 22.65
tot_sleeping_duration: 1328778.4082800127
tot_uptimes: 346
tot_uptimes_duration: 20700.05471998734
