comms_cons: 137.18415359143123
finished_reconf: true
global_termination_time: 1345963.263
local_termination_time: 56927.358160000076
node_cons: 27643.003031195964
tot_aggregated_send: 18444
tot_msg_rcv: 888
tot_msg_sent: 1520
tot_reconf_duration: 4.390000000000001
tot_sleeping_duration: 1325323.2022000032
tot_uptimes: 345
tot_uptimes_duration: 20640.06079999695
