comms_cons: 138.03189758500446
finished_reconf: true
global_termination_time: 1346113.987
local_termination_time: 77723.51663999948
node_cons: 27641.20773453496
tot_aggregated_send: 17864
tot_msg_rcv: 1012
tot_msg_sent: 2106
tot_reconf_duration: 3.05
tot_sleeping_duration: 1325473.9079600188
tot_uptimes: 345
tot_uptimes_duration: 20640.079039981283
