comms_cons: 138.2215999894612
finished_reconf: true
global_termination_time: 1346320.652
local_termination_time: 29976.40244
node_cons: 27647.660971182162
tot_aggregated_send: 17922
tot_msg_rcv: 1048
tot_msg_sent: 2040
tot_reconf_duration: 7.819999999999999
tot_sleeping_duration: 1325680.5912000134
tot_uptimes: 345
tot_uptimes_duration: 20640.060799986648
