comms_cons: 82.38238720862269
finished_reconf: true
global_termination_time: 349025.0467200002
local_termination_time: 2369.597600000002
node_cons: 7195.751928260322
tot_aggregated_send: 0
tot_msg_rcv: 7277
tot_msg_sent: 5239
tot_reconf_duration: 18.21
tot_sleeping_duration: 343669.54055998503
tot_uptimes: 90
tot_uptimes_duration: 5355.506160015175
