comms_cons: 102.0272384105504
finished_reconf: true
global_termination_time: 349024.4056000001
local_termination_time: 349024.3644800001
node_cons: 14304.254144883596
tot_aggregated_send: 0
tot_msg_rcv: 5229
tot_msg_sent: 10278
tot_reconf_duration: 37.410000000000004
tot_sleeping_duration: 338379.55767999747
tot_uptimes: 178
tot_uptimes_duration: 10644.847920002663
