comms_cons: 35.40925440035127
finished_reconf: true
global_termination_time: 353767.781
local_termination_time: 29255.25284
node_cons: 7237.525800000011
tot_aggregated_send: 5046
tot_msg_rcv: 166
tot_msg_sent: 170
tot_reconf_duration: 5.1
tot_sleeping_duration: 348367.781
tot_uptimes: 91
tot_uptimes_duration: 5400.0
