comms_cons: 70.72971520761564
finished_reconf: true
global_termination_time: 354209.8782400006
local_termination_time: 2417.0273600000005
node_cons: 7306.870503603655
tot_aggregated_send: 0
tot_msg_rcv: 5509
tot_msg_sent: 5239
tot_reconf_duration: 18.21
tot_sleeping_duration: 348771.38583999785
tot_uptimes: 91
tot_uptimes_duration: 5438.492400002724
