comms_cons: 210.75934719061445
finished_reconf: true
global_termination_time: 2130708.696
local_termination_time: 1022586.307999998
node_cons: 43806.69081399689
tot_aggregated_send: 30508
tot_msg_rcv: 431
tot_msg_sent: 1096
tot_reconf_duration: 12.629999999999999
tot_sleeping_duration: 2098005.530000002
tot_uptimes: 546
tot_uptimes_duration: 32703.16599999799
