comms_cons: 214.33013117990228
finished_reconf: true
global_termination_time: 2131110.461
local_termination_time: 691328.98636
node_cons: 43789.49888781746
tot_aggregated_send: 29116
tot_msg_rcv: 1198
tot_msg_sent: 2263
tot_reconf_duration: 3.05
tot_sleeping_duration: 2098410.418440017
tot_uptimes: 546
tot_uptimes_duration: 32700.04255998344
