comms_cons: 621.4833089587315
finished_reconf: true
global_termination_time: 6183768.897
local_termination_time: 1381558.2019199985
node_cons: 127188.87212446431
tot_aggregated_send: 86594
tot_msg_rcv: 2760
tot_msg_sent: 5106
tot_reconf_duration: 7.819999999999999
tot_sleeping_duration: 6088788.872680008
tot_uptimes: 1584
tot_uptimes_duration: 94980.02431999124
