comms_cons: 117.47819519090925
finished_reconf: true
global_termination_time: 1159245.54
local_termination_time: 313661.2295200008
node_cons: 23800.602880874478
tot_aggregated_send: 15602
tot_msg_rcv: 691
tot_msg_sent: 1563
tot_reconf_duration: 13.17
tot_sleeping_duration: 1141483.9880800042
tot_uptimes: 297
tot_uptimes_duration: 17761.551919995865
