comms_cons: 115.64917759799641
finished_reconf: true
global_termination_time: 1159296.29
local_termination_time: 493821.43616000033
node_cons: 23801.17566223828
tot_aggregated_send: 15950
tot_msg_rcv: 540
tot_msg_sent: 1088
tot_reconf_duration: 15.110000000000001
tot_sleeping_duration: 1141536.2778400013
tot_uptimes: 297
tot_uptimes_duration: 17760.012159998703
