comms_cons: 119.59653119157934
finished_reconf: true
global_termination_time: 1163122.022
local_termination_time: 307216.07336000004
node_cons: 23867.560826714824
tot_aggregated_send: 15254
tot_msg_rcv: 945
tot_msg_sent: 1979
tot_reconf_duration: 4.8100000000000005
tot_sleeping_duration: 1145301.985520004
tot_uptimes: 298
tot_uptimes_duration: 17820.03647999611
