comms_cons: 116.48085119201666
finished_reconf: true
global_termination_time: 1162882.977
local_termination_time: 355858.20836000005
node_cons: 23869.48374782702
tot_aggregated_send: 15602
tot_msg_rcv: 695
tot_msg_sent: 1409
tot_reconf_duration: 6.22
tot_sleeping_duration: 1145062.9344400098
tot_uptimes: 298
tot_uptimes_duration: 17820.04255999031
