comms_cons: 140.30801919523515
finished_reconf: true
global_termination_time: 1420525.227
local_termination_time: 428820.4644800001
node_cons: 29170.984060000057
tot_aggregated_send: 20474
tot_msg_rcv: 277
tot_msg_sent: 575
tot_reconf_duration: 5.57
tot_sleeping_duration: 1398745.227
tot_uptimes: 364
tot_uptimes_duration: 21780.0
