comms_cons: 140.84421119537987
finished_reconf: true
global_termination_time: 1418123.431
local_termination_time: 1326113.6973599996
node_cons: 29183.93937999987
tot_aggregated_send: 20242
tot_msg_rcv: 366
tot_msg_sent: 798
tot_reconf_duration: 15.110000000000001
tot_sleeping_duration: 1396343.431
tot_uptimes: 364
tot_uptimes_duration: 21780.0
