comms_cons: 702.4987073603439
finished_reconf: true
global_termination_time: 7076893.3
local_termination_time: 4327349.13036
node_cons: 145587.12320781496
tot_aggregated_send: 97672
tot_msg_rcv: 2965
tot_msg_sent: 6138
tot_reconf_duration: 8.09
tot_sleeping_duration: 6968173.257440015
tot_uptimes: 1813
tot_uptimes_duration: 108720.04255998507
