comms_cons: 701.599206526132
finished_reconf: true
global_termination_time: 7077541.398
local_termination_time: 4352860.13848
node_cons: 145588.49208558133
tot_aggregated_send: 97962
tot_msg_rcv: 2759
tot_msg_sent: 5917
tot_reconf_duration: 9.11
tot_sleeping_duration: 6968821.367600011
tot_uptimes: 1813
tot_uptimes_duration: 108720.03039998934
