comms_cons: 697.0554176882372
finished_reconf: true
global_termination_time: 7077689.484
local_termination_time: 4355861.572
node_cons: 145610.01219653978
tot_aggregated_send: 98713
tot_msg_rcv: 2264
tot_msg_sent: 4970
tot_reconf_duration: 15.110000000000001
tot_sleeping_duration: 6968959.466960011
tot_uptimes: 1813
tot_uptimes_duration: 108730.01703998912
