comms_cons: 217.11934719015744
finished_reconf: true
global_termination_time: 2177267.51
local_termination_time: 492889.38432000065
node_cons: 44760.36621999957
tot_aggregated_send: 30798
tot_msg_rcv: 700
tot_msg_sent: 1502
tot_reconf_duration: 8.09
tot_sleeping_duration: 2143847.51
tot_uptimes: 558
tot_uptimes_duration: 33420.0
