comms_cons: 216.54120959132416
finished_reconf: true
global_termination_time: 2178329.397
local_termination_time: 546299.3633599998
node_cons: 44761.75137999951
tot_aggregated_send: 31088
tot_msg_rcv: 615
tot_msg_sent: 1210
tot_reconf_duration: 9.11
tot_sleeping_duration: 2144909.397
tot_uptimes: 558
tot_uptimes_duration: 33420.0
