comms_cons: 216.57410558558843
finished_reconf: true
global_termination_time: 2174658.69
local_termination_time: 1383797.5097599993
node_cons: 44694.43459999978
tot_aggregated_send: 30972
tot_msg_rcv: 687
tot_msg_sent: 1259
tot_reconf_duration: 18.700000000000003
tot_sleeping_duration: 2141298.69
tot_uptimes: 557
tot_uptimes_duration: 33360.0
