comms_cons: 223.45733757611958
finished_reconf: true
global_termination_time: 2176708.45
local_termination_time: 492885.74048000004
node_cons: 44756.827210051015
tot_aggregated_send: 28942
tot_msg_rcv: 1703
tot_msg_sent: 3319
tot_reconf_duration: 5.43
tot_sleeping_duration: 2143288.3952800217
tot_uptimes: 558
tot_uptimes_duration: 33420.05471997871
