comms_cons: 34.44773760008274
finished_reconf: true
global_termination_time: 350018.812
local_termination_time: 21441.02936
node_cons: 7174.989180000007
tot_aggregated_send: 4988
tot_msg_rcv: 90
tot_msg_sent: 157
tot_reconf_duration: 18.21
tot_sleeping_duration: 344678.812
tot_uptimes: 90
tot_uptimes_duration: 5340.0
