comms_cons: 34.71906560024477
finished_reconf: true
global_termination_time: 349024.2894400003
local_termination_time: 194088.9776000001
node_cons: 7199.910546160456
tot_aggregated_send: 4988
tot_msg_rcv: 114
tot_msg_sent: 174
tot_reconf_duration: 13.17
tot_sleeping_duration: 343660.566
tot_uptimes: 90
tot_uptimes_duration: 5363.723440000322
