comms_cons: 35.646105600480695
finished_reconf: true
global_termination_time: 353667.98
local_termination_time: 121581.30135999998
node_cons: 7246.76020000002
tot_aggregated_send: 4930
tot_msg_rcv: 209
tot_msg_sent: 279
tot_reconf_duration: 11.899999999999999
tot_sleeping_duration: 348267.98
tot_uptimes: 91
tot_uptimes_duration: 5400.0
