comms_cons: 35.16707840016625
finished_reconf: true
global_termination_time: 352360.932
local_termination_time: 21435.10236
node_cons: 7237.13198000001
tot_aggregated_send: 4930
tot_msg_rcv: 129
tot_msg_sent: 286
tot_reconf_duration: 4.8100000000000005
tot_sleeping_duration: 346960.932
tot_uptimes: 91
tot_uptimes_duration: 5400.0
