comms_cons: 34.607219200374566
finished_reconf: true
global_termination_time: 349287.646
local_termination_time: 41094.92536000001
node_cons: 7165.627121121436
tot_aggregated_send: 4930
tot_msg_rcv: 107
tot_msg_sent: 223
tot_reconf_duration: 11.31
tot_sleeping_duration: 343947.63991999894
tot_uptimes: 90
tot_uptimes_duration: 5340.006080001069
