comms_cons: 37.15274240003011
finished_reconf: true
global_termination_time: 379964.2439600003
local_termination_time: 379948.9294800001
node_cons: 7827.34173744047
tot_aggregated_send: 5626
tot_msg_rcv: 13
tot_msg_sent: 8
tot_reconf_duration: 3.05
tot_sleeping_duration: 374121.675
tot_uptimes: 98
tot_uptimes_duration: 5842.568960000295
