comms_cons: 82.33771521079824
finished_reconf: true
global_termination_time: 423604.737
local_termination_time: 75.41003999999997
node_cons: 8707.47870000001
tot_aggregated_send: 0
tot_msg_rcv: 6270
tot_msg_sent: 6245
tot_reconf_duration: 22.65
tot_sleeping_duration: 417124.737
tot_uptimes: 109
tot_uptimes_duration: 6480.0
