comms_cons: 186.9899519927603
finished_reconf: true
global_termination_time: 1899527.792
local_termination_time: 864792.908
node_cons: 39059.67890734089
tot_aggregated_send: 26794
tot_msg_rcv: 567
tot_msg_sent: 1061
tot_reconf_duration: 6.279999999999999
tot_sleeping_duration: 1870363.377760014
tot_uptimes: 487
tot_uptimes_duration: 29164.41423998587
