comms_cons: 185.50712318889683
finished_reconf: true
global_termination_time: 1898635.22
local_termination_time: 1155214.8146799994
node_cons: 39049.390041116356
tot_aggregated_send: 26216
tot_msg_rcv: 727
tot_msg_sent: 1253
tot_reconf_duration: 3.05
tot_sleeping_duration: 1869475.2139200023
tot_uptimes: 487
tot_uptimes_duration: 29160.006079997635
