comms_cons: 257.7598974301201
finished_reconf: true
global_termination_time: 1899768.347
local_termination_time: 1195827.3224799999
node_cons: 39060.61526223352
tot_aggregated_send: 0
tot_msg_rcv: 19692
tot_msg_sent: 19486
tot_reconf_duration: 11.31
tot_sleeping_duration: 1870608.3348400048
tot_uptimes: 487
tot_uptimes_duration: 29160.01215999527
