comms_cons: 105.85995519530856
finished_reconf: true
global_termination_time: 1065720.6504799998
local_termination_time: 1065720.60936
node_cons: 21899.676920958093
tot_aggregated_send: 15127
tot_msg_rcv: 317
tot_msg_sent: 646
tot_reconf_duration: 21.23
tot_sleeping_duration: 1049386.9338400015
tot_uptimes: 273
tot_uptimes_duration: 16333.716639998544
