comms_cons: 106.84620799530899
finished_reconf: true
global_termination_time: 1067084.06
local_termination_time: 370614.1523600001
node_cons: 21936.961900000097
tot_aggregated_send: 15196
tot_msg_rcv: 408
tot_msg_sent: 636
tot_reconf_duration: 3.05
tot_sleeping_duration: 1050704.06
tot_uptimes: 274
tot_uptimes_duration: 16380.0
