comms_cons: 68.68712959884974
finished_reconf: true
global_termination_time: 672973.717
local_termination_time: 142511.19436000005
node_cons: 13827.032663364309
tot_aggregated_send: 8932
tot_msg_rcv: 531
tot_msg_sent: 977
tot_reconf_duration: 6.279999999999999
tot_sleeping_duration: 662653.6987599968
tot_uptimes: 173
tot_uptimes_duration: 10320.018240003206
