comms_cons: 70.81635839667855
finished_reconf: true
global_termination_time: 671962.4294799998
local_termination_time: 671962.3883599999
node_cons: 13887.722631048677
tot_aggregated_send: 8442
tot_msg_rcv: 788
tot_msg_sent: 1531
tot_reconf_duration: 37.410000000000004
tot_sleeping_duration: 661628.6581199934
tot_uptimes: 173
tot_uptimes_duration: 10333.77136000646
