comms_cons: 68.38448639883723
finished_reconf: true
global_termination_time: 679164.587
local_termination_time: 69754.83835999997
node_cons: 13909.863207850029
tot_aggregated_send: 8642
tot_msg_rcv: 525
tot_msg_sent: 1228
tot_reconf_duration: 8.09
tot_sleeping_duration: 668784.5444399925
tot_uptimes: 174
tot_uptimes_duration: 10380.042560007481
