comms_cons: 68.43746559823312
finished_reconf: true
global_termination_time: 672106.663
local_termination_time: 610996.7521999996
node_cons: 13825.045240759897
tot_aggregated_send: 9106
tot_msg_rcv: 426
tot_msg_sent: 870
tot_reconf_duration: 4.8100000000000005
tot_sleeping_duration: 661786.6381600001
tot_uptimes: 173
tot_uptimes_duration: 10320.024839999853
