comms_cons: 13.611315199845325
finished_reconf: true
global_termination_time: 103585.48371999939
local_termination_time: 103585.48371999939
node_cons: 2232.566701998298
tot_aggregated_send: 812
tot_msg_rcv: 502
tot_msg_sent: 753
tot_reconf_duration: 37.410000000000004
tot_sleeping_duration: 101956.08572000066
tot_uptimes: 27
tot_uptimes_duration: 1629.397999998735
