comms_cons: 12.711014399978858
finished_reconf: true
global_termination_time: 106579.166
local_termination_time: 40489.605720000014
node_cons: 2193.9336033605896
tot_aggregated_send: 812
tot_msg_rcv: 490
tot_msg_sent: 630
tot_reconf_duration: 18.21
tot_sleeping_duration: 104959.14775999956
tot_uptimes: 28
tot_uptimes_duration: 1620.0182400004414
