comms_cons: 13.534668799743233
finished_reconf: true
global_termination_time: 104397.825
local_termination_time: 9067.33736
node_cons: 2096.2709278371926
tot_aggregated_send: 522
tot_msg_rcv: 655
tot_msg_sent: 882
tot_reconf_duration: 5.43
tot_sleeping_duration: 102837.78244000209
tot_uptimes: 27
tot_uptimes_duration: 1560.0425599979062
