comms_cons: 203.4413310962613
finished_reconf: true
global_termination_time: 1032571.7375999999
local_termination_time: 1282.4290400000014
node_cons: 21255.066610638154
tot_aggregated_send: 0
tot_msg_rcv: 15610
tot_msg_sent: 15310
tot_reconf_duration: 18.21
tot_sleeping_duration: 1016716.3698400012
tot_uptimes: 265
tot_uptimes_duration: 15855.367759998597
