comms_cons: 106.78041598996967
finished_reconf: true
global_termination_time: 1037470.064
local_termination_time: 395180.18136000005
node_cons: 21297.07464671251
tot_aggregated_send: 13804
tot_msg_rcv: 857
tot_msg_sent: 1569
tot_reconf_duration: 5.1
tot_sleeping_duration: 1021570.0275200056
tot_uptimes: 266
tot_uptimes_duration: 15900.036479994407
