comms_cons: 90.69427199821644
finished_reconf: true
global_termination_time: 921036.336
local_termination_time: 185395.62536000006
node_cons: 18905.294600000045
tot_aggregated_send: 13340
tot_msg_rcv: 172
tot_msg_sent: 273
tot_reconf_duration: 18.700000000000003
tot_sleeping_duration: 906936.336
tot_uptimes: 236
tot_uptimes_duration: 14100.0
