comms_cons: 20.53928960006409
finished_reconf: true
global_termination_time: 208332.05
local_termination_time: 147247.8147200001
node_cons: 4288.786841121426
tot_aggregated_send: 2958
tot_msg_rcv: 68
tot_msg_sent: 95
tot_reconf_duration: 22.65
tot_sleeping_duration: 205152.04391999892
tot_uptimes: 54
tot_uptimes_duration: 3180.0060800010688
