comms_cons: 20.73105919992858
finished_reconf: true
global_termination_time: 208352.694
local_termination_time: 45251.83448000001
node_cons: 4273.3789799999995
tot_aggregated_send: 2958
tot_msg_rcv: 87
tot_msg_sent: 106
tot_reconf_duration: 11.31
tot_sleeping_duration: 205172.694
tot_uptimes: 54
tot_uptimes_duration: 3180.0
