comms_cons: 685.590278524518
finished_reconf: true
global_termination_time: 6946031.681
local_termination_time: 1578670.6346399991
node_cons: 142865.40056669796
tot_aggregated_send: 96512
tot_msg_rcv: 2308
tot_msg_sent: 5385
tot_reconf_duration: 15.34
tot_sleeping_duration: 6839351.644520013
tot_uptimes: 1779
tot_uptimes_duration: 106680.03647998697
