comms_cons: 703.4861505818856
finished_reconf: true
global_termination_time: 6944047.311119997
local_termination_time: 89386.16200000001
node_cons: 142908.41305836514
tot_aggregated_send: 95698
tot_msg_rcv: 4085
tot_msg_sent: 7142
tot_reconf_duration: 22.65
tot_sleeping_duration: 6837342.565520019
tot_uptimes: 1779
tot_uptimes_duration: 106704.74559997748
