comms_cons: 680.0882817102034
finished_reconf: true
global_termination_time: 6947463.761
local_termination_time: 4328454.650599999
node_cons: 142950.28716446285
tot_aggregated_send: 96628
tot_msg_rcv: 2531
tot_msg_sent: 4210
tot_reconf_duration: 18.700000000000003
tot_sleeping_duration: 6840723.7366800085
tot_uptimes: 1780
tot_uptimes_duration: 106740.02431999147
