comms_cons: 696.0744833825571
finished_reconf: true
global_termination_time: 6946081.911
local_termination_time: 336956.3233600001
node_cons: 142848.7595934081
tot_aggregated_send: 96048
tot_msg_rcv: 3129
tot_msg_sent: 6622
tot_reconf_duration: 3.05
tot_sleeping_duration: 6839401.83804002
tot_uptimes: 1779
tot_uptimes_duration: 106680.07295997965
