comms_cons: 694.9632641485571
finished_reconf: true
global_termination_time: 6945843.401
local_termination_time: 1462921.075
node_cons: 142862.6487818055
tot_aggregated_send: 95410
tot_msg_rcv: 3484
tot_msg_sent: 6734
tot_reconf_duration: 11.31
tot_sleeping_duration: 6839161.332440021
tot_uptimes: 1779
tot_uptimes_duration: 106682.06855997769
