comms_cons: 448.1892224594464
finished_reconf: true
global_termination_time: 4476682.285
local_termination_time: 555493.2596399981
node_cons: 92093.554012774
tot_aggregated_send: 62930
tot_msg_rcv: 1709
tot_msg_sent: 3483
tot_reconf_duration: 15.110000000000001
tot_sleeping_duration: 4407919.749800017
tot_uptimes: 1147
tot_uptimes_duration: 68762.53519998246
