comms_cons: 447.87576325562037
finished_reconf: true
global_termination_time: 4475726.595
local_termination_time: 420767.974
node_cons: 92089.53227356837
tot_aggregated_send: 62870
tot_msg_rcv: 1598
tot_msg_sent: 3605
tot_reconf_duration: 9.42
tot_sleeping_duration: 4406961.292600022
tot_uptimes: 1147
tot_uptimes_duration: 68765.30239997827
