comms_cons: 451.6442816703651
finished_reconf: true
global_termination_time: 4474000.006
local_termination_time: 258273.28388000044
node_cons: 92005.58231676072
tot_aggregated_send: 61596
tot_msg_rcv: 2402
tot_msg_sent: 4648
tot_reconf_duration: 11.899999999999999
tot_sleeping_duration: 4405299.914800028
tot_uptimes: 1146
tot_uptimes_duration: 68700.09119997255
