comms_cons: 443.122060862017
finished_reconf: true
global_termination_time: 4474459.421
local_termination_time: 853288.0113599999
node_cons: 91995.33489004994
tot_aggregated_send: 62234
tot_msg_rcv: 1742
tot_msg_sent: 3374
tot_reconf_duration: 4.390000000000001
tot_sleeping_duration: 4405759.36628002
tot_uptimes: 1146
tot_uptimes_duration: 68700.05471997941
