comms_cons: 445.2354752518815
finished_reconf: true
global_termination_time: 4473101.649
local_termination_time: 934663.1593599999
node_cons: 91993.49074669949
tot_aggregated_send: 62292
tot_msg_rcv: 2007
tot_msg_sent: 3375
tot_reconf_duration: 3.05
tot_sleeping_duration: 4404401.612520014
tot_uptimes: 1146
tot_uptimes_duration: 68700.0364799865
