comms_cons: 438.6227328153716
finished_reconf: true
global_termination_time: 4476034.716
local_termination_time: 1079415.4233999993
node_cons: 92085.05596781634
tot_aggregated_send: 62466
tot_msg_rcv: 1359
tot_msg_sent: 2844
tot_reconf_duration: 11.31
tot_sleeping_duration: 4407274.673440016
tot_uptimes: 1147
tot_uptimes_duration: 68760.04255998414
