comms_cons: 37.37643520013765
finished_reconf: true
global_termination_time: 372130.243
local_termination_time: 68906.11799999974
node_cons: 7657.029180000018
tot_aggregated_send: 5278
tot_msg_rcv: 188
tot_msg_sent: 215
tot_reconf_duration: 18.21
tot_sleeping_duration: 366430.243
tot_uptimes: 96
tot_uptimes_duration: 5700.0
