comms_cons: 36.021120000032965
finished_reconf: true
global_termination_time: 369673.1869600002
local_termination_time: 369659.85136000003
node_cons: 7590.81405744023
tot_aggregated_send: 5452
tot_msg_rcv: 14
tot_msg_sent: 8
tot_reconf_duration: 6.22
tot_sleeping_duration: 364010.478
tot_uptimes: 95
tot_uptimes_duration: 5662.708960000193
