comms_cons: 0.29606399999902355
finished_reconf: true
global_termination_time: 3585.3360800000023
local_termination_time: 3572.00048
node_cons: 48.8919071200023
tot_aggregated_send: 0
tot_msg_rcv: 35
tot_msg_sent: 9
tot_reconf_duration: 9.42
tot_sleeping_duration: 3558.376
tot_uptimes: 1
tot_uptimes_duration: 26.960080000002108
