comms_cons: 71.62117120003735
finished_reconf: true
global_termination_time: 731764.432
local_termination_time: 277694.11536000005
node_cons: 15035.951380000004
tot_aggregated_send: 10730
tot_msg_rcv: 48
tot_msg_sent: 108
tot_reconf_duration: 9.11
tot_sleeping_duration: 720544.432
tot_uptimes: 188
tot_uptimes_duration: 11220.0
