comms_cons: 71.69977600006388
finished_reconf: true
global_termination_time: 729833.782
local_termination_time: 447025.03836000006
node_cons: 14963.767521121434
tot_aggregated_send: 10382
tot_msg_rcv: 179
tot_msg_sent: 336
tot_reconf_duration: 15.110000000000001
tot_sleeping_duration: 718673.775919999
tot_uptimes: 187
tot_uptimes_duration: 11160.006080001069
