comms_cons: 71.79285760014659
finished_reconf: true
global_termination_time: 730545.561
local_termination_time: 432407.05948000005
node_cons: 15030.11198000002
tot_aggregated_send: 10672
tot_msg_rcv: 70
tot_msg_sent: 170
tot_reconf_duration: 4.8100000000000005
tot_sleeping_duration: 719325.561
tot_uptimes: 188
tot_uptimes_duration: 11220.0
