comms_cons: 71.0757247996637
finished_reconf: true
global_termination_time: 732430.169
local_termination_time: 384865.6893600001
node_cons: 15034.199560000032
tot_aggregated_send: 10614
tot_msg_rcv: 33
tot_msg_sent: 156
tot_reconf_duration: 7.819999999999999
tot_sleeping_duration: 721210.169
tot_uptimes: 188
tot_uptimes_duration: 11220.0
