comms_cons: 0.5855488000000928
finished_reconf: true
global_termination_time: 6562.566
local_termination_time: 133.03848000000033
node_cons: 93.14189368000041
tot_aggregated_send: 0
tot_msg_rcv: 38
tot_msg_sent: 51
tot_reconf_duration: 9.42
tot_sleeping_duration: 6502.55888
tot_uptimes: 2
tot_uptimes_duration: 60.007120000000285
