comms_cons: 207.79150078072163
finished_reconf: true
global_termination_time: 2099396.623
local_termination_time: 736535.8013599999
node_cons: 43173.41197005112
tot_aggregated_send: 27956
tot_msg_rcv: 1252
tot_msg_sent: 2376
tot_reconf_duration: 22.65
tot_sleeping_duration: 2067176.5682800214
tot_uptimes: 538
tot_uptimes_duration: 32220.05471997871
