comms_cons: 202.33671679724722
finished_reconf: true
global_termination_time: 2099746.306
local_termination_time: 1019639.3188399996
node_cons: 43150.14405999953
tot_aggregated_send: 30160
tot_msg_rcv: 190
tot_msg_sent: 404
tot_reconf_duration: 5.57
tot_sleeping_duration: 2067526.3059999999
tot_uptimes: 538
tot_uptimes_duration: 32220.0
