comms_cons: 206.57372158478242
finished_reconf: true
global_termination_time: 2103213.766
local_termination_time: 1002054.0372799993
node_cons: 43229.50082670067
tot_aggregated_send: 28014
tot_msg_rcv: 1226
tot_msg_sent: 2158
tot_reconf_duration: 4.8100000000000005
tot_sleeping_duration: 2070933.729520014
tot_uptimes: 539
tot_uptimes_duration: 32280.036479985807
