comms_cons: 205.36509439144922
finished_reconf: true
global_termination_time: 2099848.963
local_termination_time: 1250428.4963599998
node_cons: 43149.95393999951
tot_aggregated_send: 30102
tot_msg_rcv: 390
tot_msg_sent: 722
tot_reconf_duration: 5.43
tot_sleeping_duration: 2067628.963
tot_uptimes: 538
tot_uptimes_duration: 32220.0
