comms_cons: 263.83409922208614
finished_reconf: true
global_termination_time: 2808364.655
local_termination_time: 4719.98
node_cons: 57863.6397881773
tot_aggregated_send: 38788
tot_msg_rcv: 435
tot_msg_sent: 878
tot_reconf_duration: 13.83
tot_sleeping_duration: 2765164.611200016
tot_uptimes: 720
tot_uptimes_duration: 43200.0437999838
