comms_cons: 1.6053247999946965
finished_reconf: true
global_termination_time: 15084.781
local_termination_time: 7496.87136
node_cons: 261.8517200000002
tot_aggregated_send: 0
tot_msg_rcv: 140
tot_msg_sent: 104
tot_reconf_duration: 15.34
tot_sleeping_duration: 14904.781
tot_uptimes: 4
tot_uptimes_duration: 180.0
