comms_cons: 2.276403199994589
finished_reconf: true
global_termination_time: 15042.18924000001
local_termination_time: 5232.4893600000005
node_cons: 323.570819360015
tot_aggregated_send: 0
tot_msg_rcv: 181
tot_msg_sent: 165
tot_reconf_duration: 11.899999999999999
tot_sleeping_duration: 14812.607
tot_uptimes: 4
tot_uptimes_duration: 229.58224000001064
