comms_cons: 60.620499199948036
finished_reconf: true
global_termination_time: 596613.9194799998
local_termination_time: 596613.8783599999
node_cons: 12263.439800962677
tot_aggregated_send: 7990
tot_msg_rcv: 398
tot_msg_sent: 828
tot_reconf_duration: 24.59
tot_sleeping_duration: 587480.2028399978
tot_uptimes: 153
tot_uptimes_duration: 9133.716640001978
