comms_cons: 58.042329600221834
finished_reconf: true
global_termination_time: 599983.93
local_termination_time: 452674.61236
node_cons: 12307.378980000014
tot_aggregated_send: 8294
tot_msg_rcv: 167
tot_msg_sent: 362
tot_reconf_duration: 11.31
tot_sleeping_duration: 590803.93
tot_uptimes: 154
tot_uptimes_duration: 9180.0
