comms_cons: 296.84692482735284
finished_reconf: true
global_termination_time: 2957159.573
local_termination_time: 366312.69908000063
node_cons: 60824.81906893903
tot_aggregated_send: 41180
tot_msg_rcv: 1208
tot_msg_sent: 2731
tot_reconf_duration: 5.43
tot_sleeping_duration: 2911739.5243600146
tot_uptimes: 758
tot_uptimes_duration: 45420.04863998521
