comms_cons: 50.835424000814776
finished_reconf: true
global_termination_time: 501858.456
local_termination_time: 417526.2793600001
node_cons: 10287.670041121508
tot_aggregated_send: 6844
tot_msg_rcv: 303
tot_msg_sent: 579
tot_reconf_duration: 3.05
tot_sleeping_duration: 494178.44991999894
tot_uptimes: 129
tot_uptimes_duration: 7680.006080001069
