comms_cons: 361.662246429867
finished_reconf: true
global_termination_time: 3597986.853239997
local_termination_time: 3090.41048
node_cons: 74038.3642353379
tot_aggregated_send: 50286
tot_msg_rcv: 1609
tot_msg_sent: 3074
tot_reconf_duration: 18.21
tot_sleeping_duration: 3542711.547000012
tot_uptimes: 922
tot_uptimes_duration: 55275.306239984784
