comms_cons: 355.4798528224561
finished_reconf: true
global_termination_time: 3598639.309
local_termination_time: 2066395.7155999998
node_cons: 74001.61932446649
tot_aggregated_send: 49880
tot_msg_rcv: 1305
tot_msg_sent: 2846
tot_reconf_duration: 6.22
tot_sleeping_duration: 3543379.284680009
tot_uptimes: 922
tot_uptimes_duration: 55260.02431999124
