comms_cons: 351.2758016166459
finished_reconf: true
global_termination_time: 3500619.398239997
local_termination_time: 29704.832600000005
node_cons: 72031.31336957678
tot_aggregated_send: 48778
tot_msg_rcv: 1644
tot_msg_sent: 2968
tot_reconf_duration: 11.31
tot_sleeping_duration: 3446836.0118400133
tot_uptimes: 897
tot_uptimes_duration: 53783.386399983894
