comms_cons: 352.42773761530384
finished_reconf: true
global_termination_time: 3555345.426
local_termination_time: 1441416.0111999996
node_cons: 73118.00151005079
tot_aggregated_send: 47792
tot_msg_rcv: 1992
tot_msg_sent: 3783
tot_reconf_duration: 6.279999999999999
tot_sleeping_duration: 3500745.3712800206
tot_uptimes: 911
tot_uptimes_duration: 54600.05471997941
