comms_cons: 352.08052481438244
finished_reconf: true
global_termination_time: 3556616.333
local_termination_time: 1379996.19636
node_cons: 73120.0846889337
tot_aggregated_send: 47792
tot_msg_rcv: 1920
tot_msg_sent: 3802
tot_reconf_duration: 7.819999999999999
tot_sleeping_duration: 3502016.2843600186
tot_uptimes: 911
tot_uptimes_duration: 54600.04863998154
