comms_cons: 353.1047232279072
finished_reconf: true
global_termination_time: 3555488.93
local_termination_time: 1450445.86136
node_cons: 73130.29684893403
tot_aggregated_send: 47792
tot_msg_rcv: 1813
tot_msg_sent: 4065
tot_reconf_duration: 15.34
tot_sleeping_duration: 3500888.8813600186
tot_uptimes: 911
tot_uptimes_duration: 54600.048639981775
