comms_cons: 21.10607359986818
finished_reconf: true
global_termination_time: 201207.66
local_termination_time: 4783.222360000001
node_cons: 4117.875662240585
tot_aggregated_send: 2552
tot_msg_rcv: 262
tot_msg_sent: 394
tot_reconf_duration: 15.110000000000001
tot_sleeping_duration: 198147.64783999955
tot_uptimes: 52
tot_uptimes_duration: 3060.012160000435
