comms_cons: 506.09838086081993
finished_reconf: true
global_termination_time: 5105086.629
local_termination_time: 2940584.444879999
node_cons: 105029.1091799975
tot_aggregated_send: 73022
tot_msg_rcv: 1249
tot_msg_sent: 2653
tot_reconf_duration: 18.21
tot_sleeping_duration: 5026666.629
tot_uptimes: 1308
tot_uptimes_duration: 78420.00000000047
