comms_cons: 517.8177601437002
finished_reconf: true
global_termination_time: 5105855.562
local_termination_time: 1083709.9863199997
node_cons: 105008.66847451804
tot_aggregated_send: 70064
tot_msg_rcv: 2884
tot_msg_sent: 5756
tot_reconf_duration: 3.08
tot_sleeping_duration: 5027435.482960029
tot_uptimes: 1308
tot_uptimes_duration: 78420.07903997088
