comms_cons: 517.2919169318661
finished_reconf: true
global_termination_time: 5105499.585
local_termination_time: 1250185.64036
node_cons: 105016.83279116695
tot_aggregated_send: 70702
tot_msg_rcv: 2814
tot_msg_sent: 5108
tot_reconf_duration: 9.11
tot_sleeping_duration: 5027079.524200022
tot_uptimes: 1308
tot_uptimes_duration: 78420.06079997751
