comms_cons: 514.816537722796
finished_reconf: true
global_termination_time: 5104825.232
local_termination_time: 1437849.7324799998
node_cons: 105017.2293478162
tot_aggregated_send: 70586
tot_msg_rcv: 2439
tot_msg_sent: 5222
tot_reconf_duration: 9.42
tot_sleeping_duration: 5026405.189440016
tot_uptimes: 1308
tot_uptimes_duration: 78420.0425599846
