comms_cons: 517.4500545282328
finished_reconf: true
global_termination_time: 5104160.041
local_termination_time: 2402360.8505999995
node_cons: 105019.2908055814
tot_aggregated_send: 70760
tot_msg_rcv: 2846
tot_msg_sent: 5043
tot_reconf_duration: 10.95
tot_sleeping_duration: 5025740.010600011
tot_uptimes: 1308
tot_uptimes_duration: 78420.0303999887
