comms_cons: 509.3012928855023
finished_reconf: true
global_termination_time: 5103852.043
local_termination_time: 2516493.4690799983
node_cons: 105020.54019999679
tot_aggregated_send: 73022
tot_msg_rcv: 1615
tot_msg_sent: 2773
tot_reconf_duration: 11.899999999999999
tot_sleeping_duration: 5025432.043
tot_uptimes: 1308
tot_uptimes_duration: 78420.0
