comms_cons: 507.8457152658834
finished_reconf: true
global_termination_time: 5106347.658
local_termination_time: 1441670.2729199994
node_cons: 105019.79596781639
tot_aggregated_send: 70354
tot_msg_rcv: 2420
tot_msg_sent: 4415
tot_reconf_duration: 11.31
tot_sleeping_duration: 5027927.615440015
tot_uptimes: 1308
tot_uptimes_duration: 78420.0425599846
