comms_cons: 66.02807040073296
finished_reconf: true
global_termination_time: 635961.2541200002
local_termination_time: 42006.024480000015
node_cons: 13060.242958641318
tot_aggregated_send: 8004
tot_msg_rcv: 689
tot_msg_sent: 1341
tot_reconf_duration: 6.279999999999999
tot_sleeping_duration: 626213.8943599992
tot_uptimes: 163
tot_uptimes_duration: 9747.359760000974
