comms_cons: 65.96817279798157
finished_reconf: true
global_termination_time: 639722.769
local_termination_time: 36327.897480000014
node_cons: 13129.785541121455
tot_aggregated_send: 8410
tot_msg_rcv: 595
tot_msg_sent: 1021
tot_reconf_duration: 25.299999999999997
tot_sleeping_duration: 629942.7629199988
tot_uptimes: 164
tot_uptimes_duration: 9780.00608000107
