comms_cons: 127.87706878709665
finished_reconf: true
global_termination_time: 636688.959
local_termination_time: 620.8234799999991
node_cons: 13106.446925603468
tot_aggregated_send: 0
tot_msg_rcv: 9974
tot_msg_sent: 9460
tot_reconf_duration: 8.09
tot_sleeping_duration: 626908.9285999975
tot_uptimes: 164
tot_uptimes_duration: 9780.030400002579
