comms_cons: 67.59532799951447
finished_reconf: true
global_termination_time: 668949.164
local_termination_time: 388102.1144000008
node_cons: 13762.89360336434
tot_aggregated_send: 9338
tot_msg_rcv: 368
tot_msg_sent: 569
tot_reconf_duration: 18.21
tot_sleeping_duration: 658689.1457599968
tot_uptimes: 172
tot_uptimes_duration: 10260.018240003206
