comms_cons: 69.6016383984483
finished_reconf: true
global_termination_time: 669722.568
local_termination_time: 311707.49536000006
node_cons: 13742.379627836266
tot_aggregated_send: 8642
tot_msg_rcv: 653
tot_msg_sent: 1284
tot_reconf_duration: 3.08
tot_sleeping_duration: 659462.5254400028
tot_uptimes: 172
tot_uptimes_duration: 10260.042559997182
