comms_cons: 68.68026880040217
finished_reconf: true
global_termination_time: 670711.075
local_termination_time: 388044.30736000004
node_cons: 13748.783983359723
tot_aggregated_send: 9106
tot_msg_rcv: 518
tot_msg_sent: 815
tot_reconf_duration: 7.819999999999999
tot_sleeping_duration: 660451.0567600002
tot_uptimes: 172
tot_uptimes_duration: 10260.018239999772
