comms_cons: 30.020889600139046
finished_reconf: true
global_termination_time: 306427.942
local_termination_time: 151659.04336000004
node_cons: 6277.506220000002
tot_aggregated_send: 4466
tot_msg_rcv: 46
tot_msg_sent: 51
tot_reconf_duration: 8.09
tot_sleeping_duration: 301747.942
tot_uptimes: 79
tot_uptimes_duration: 4680.0
