comms_cons: 86.40074879841326
finished_reconf: true
global_termination_time: 876867.603
local_termination_time: 138414.0522800008
node_cons: 18002.691980000025
tot_aggregated_send: 12702
tot_msg_rcv: 144
tot_msg_sent: 286
tot_reconf_duration: 4.8100000000000005
tot_sleeping_duration: 863427.603
tot_uptimes: 225
tot_uptimes_duration: 13440.0
