comms_cons: 87.45072639889075
finished_reconf: true
global_termination_time: 878040.791
local_termination_time: 124408.69459999996
node_cons: 18011.518980000044
tot_aggregated_send: 12470
tot_msg_rcv: 310
tot_msg_sent: 512
tot_reconf_duration: 11.31
tot_sleeping_duration: 864600.791
tot_uptimes: 225
tot_uptimes_duration: 13440.0
