comms_cons: 1.539532799994914
finished_reconf: true
global_termination_time: 13778.518
local_termination_time: 5934.07836
node_cons: 258.9048600000001
tot_aggregated_send: 0
tot_msg_rcv: 128
tot_msg_sent: 106
tot_reconf_duration: 13.17
tot_sleeping_duration: 13598.518
tot_uptimes: 4
tot_uptimes_duration: 180.0
