comms_cons: 0.9210880000011432
finished_reconf: true
global_termination_time: 9626.797
local_termination_time: 7510.236360000001
node_cons: 176.84020000000075
tot_aggregated_send: 0
tot_msg_rcv: 75
tot_msg_sent: 65
tot_reconf_duration: 11.899999999999999
tot_sleeping_duration: 9506.797
tot_uptimes: 3
tot_uptimes_duration: 120.0
