comms_cons: 140.4396031861096
finished_reconf: true
global_termination_time: 1392220.1465999999
local_termination_time: 1392220.10548
node_cons: 28670.353972928697
tot_aggregated_send: 18824
tot_msg_rcv: 701
tot_msg_sent: 1820
tot_reconf_duration: 37.410000000000004
tot_sleeping_duration: 1370846.3219600234
tot_uptimes: 357
tot_uptimes_duration: 21373.824639976578
