comms_cons: 138.0776703975245
finished_reconf: true
global_termination_time: 1393345.894
local_termination_time: 711338.1193199985
node_cons: 28607.965800000013
tot_aggregated_send: 20068
tot_msg_rcv: 343
tot_msg_sent: 576
tot_reconf_duration: 5.1
tot_sleeping_duration: 1371985.894
tot_uptimes: 357
tot_uptimes_duration: 21360.0
