comms_cons: 139.53623039482247
finished_reconf: true
global_termination_time: 1395113.383
local_termination_time: 908039.3293599999
node_cons: 28698.53154000005
tot_aggregated_send: 19836
tot_msg_rcv: 514
tot_msg_sent: 859
tot_reconf_duration: 12.629999999999999
tot_sleeping_duration: 1373693.383
tot_uptimes: 358
tot_uptimes_duration: 21420.0
