comms_cons: 178.46737918652133
finished_reconf: true
global_termination_time: 1753564.944
local_termination_time: 142022.05348000053
node_cons: 36079.2164033642
tot_aggregated_send: 24012
tot_msg_rcv: 1085
tot_msg_sent: 2029
tot_reconf_duration: 4.8100000000000005
tot_sleeping_duration: 1726624.9257599968
tot_uptimes: 450
tot_uptimes_duration: 26940.018240003206
