comms_cons: 605.8718398880352
finished_reconf: true
global_termination_time: 698132.8725999998
local_termination_time: 698132.8314799998
node_cons: 70183.4013523714
tot_aggregated_send: 0
tot_msg_rcv: 41456
tot_msg_sent: 50631
tot_reconf_duration: 24.59
tot_sleeping_duration: 645743.0233599902
tot_uptimes: 847
tot_uptimes_duration: 52389.84924000957
