comms_cons: 71.2076799978977
finished_reconf: true
global_termination_time: 700628.772
local_termination_time: 4250.804480000001
node_cons: 14387.802082242883
tot_aggregated_send: 9454
tot_msg_rcv: 441
tot_msg_sent: 928
tot_reconf_duration: 5.1
tot_sleeping_duration: 689888.7598399979
tot_uptimes: 180
tot_uptimes_duration: 10740.012160002138
