comms_cons: 71.1332031960107
finished_reconf: true
global_termination_time: 698132.8411200002
local_termination_time: 39970.57148000001
node_cons: 14356.522021923187
tot_aggregated_send: 8816
tot_msg_rcv: 659
tot_msg_sent: 1336
tot_reconf_duration: 11.31
tot_sleeping_duration: 687422.4878399979
tot_uptimes: 179
tot_uptimes_duration: 10710.353280002368
