comms_cons: 61.31877120114345
finished_reconf: true
global_termination_time: 603679.628
local_termination_time: 360541.1774800001
node_cons: 12390.253001121426
tot_aggregated_send: 8236
tot_msg_rcv: 397
tot_msg_sent: 688
tot_reconf_duration: 13.17
tot_sleeping_duration: 594439.6219199989
tot_uptimes: 155
tot_uptimes_duration: 9240.006080001069
