comms_cons: 66.85692159832385
finished_reconf: true
global_termination_time: 650775.235
local_termination_time: 46100.81308000012
node_cons: 13367.239405602566
tot_aggregated_send: 8410
tot_msg_rcv: 545
tot_msg_sent: 1206
tot_reconf_duration: 22.65
tot_sleeping_duration: 640815.2045999981
tot_uptimes: 167
tot_uptimes_duration: 9960.03040000191
