comms_cons: 62.798464000216455
finished_reconf: true
global_termination_time: 654241.023
local_termination_time: 516802.598
node_cons: 13422.741619999962
tot_aggregated_send: 9394
tot_msg_rcv: 31
tot_msg_sent: 120
tot_reconf_duration: 4.390000000000001
tot_sleeping_duration: 644221.023
tot_uptimes: 168
tot_uptimes_duration: 10020.000000000004
