comms_cons: 188.84277758007832
finished_reconf: true
global_termination_time: 649877.097
local_termination_time: 157058.27340000082
node_cons: 26459.718545000134
tot_aggregated_send: 0
tot_msg_rcv: 9627
tot_msg_sent: 19076
tot_reconf_duration: 11.31
tot_sleeping_duration: 630127.7619999999
tot_uptimes: 327
tot_uptimes_duration: 19749.335000000072
