comms_cons: 45.371417600816784
finished_reconf: true
global_termination_time: 442879.7072400006
local_termination_time: 168924.61212000047
node_cons: 9137.039411360785
tot_aggregated_send: 5974
tot_msg_rcv: 317
tot_msg_sent: 606
tot_reconf_duration: 6.22
tot_sleeping_duration: 436062.237
tot_uptimes: 114
tot_uptimes_duration: 6817.470240000577
