comms_cons: 97.85369599646518
finished_reconf: true
global_termination_time: 982200.1131599994
local_termination_time: 282186.74036000005
node_cons: 20228.935315356055
tot_aggregated_send: 13688
tot_msg_rcv: 310
tot_msg_sent: 876
tot_reconf_duration: 18.21
tot_sleeping_duration: 967111.0869200024
tot_uptimes: 252
tot_uptimes_duration: 15089.026239997009
