comms_cons: 0.5592319999999613
finished_reconf: true
global_termination_time: 6865.68
local_termination_time: 250.05003999999997
node_cons: 111.09870000000001
tot_aggregated_send: 0
tot_msg_rcv: 47
tot_msg_sent: 38
tot_reconf_duration: 22.65
tot_sleeping_duration: 6805.68
tot_uptimes: 2
tot_uptimes_duration: 60.0
