comms_cons: 31.94922240003658
finished_reconf: true
global_termination_time: 325441.952
local_termination_time: 4482.17
node_cons: 6674.464022881444
tot_aggregated_send: 4638
tot_msg_rcv: 44
tot_msg_sent: 174
tot_reconf_duration: 3.05
tot_sleeping_duration: 320460.3820799989
tot_uptimes: 84
tot_uptimes_duration: 4981.569920001073
