comms_cons: 36.975731200373154
finished_reconf: true
global_termination_time: 365930.448
local_termination_time: 25981.928
node_cons: 7484.716495759749
tot_aggregated_send: 4984
tot_msg_rcv: 228
tot_msg_sent: 408
tot_reconf_duration: 7.819999999999999
tot_sleeping_duration: 360348.59816000017
tot_uptimes: 94
tot_uptimes_duration: 5581.849839999806
