comms_cons: 62.937420806873135
finished_reconf: true
global_termination_time: 319081.112
local_termination_time: 729.6734799999998
node_cons: 6538.298700000007
tot_aggregated_send: 0
tot_msg_rcv: 4888
tot_msg_sent: 4678
tot_reconf_duration: 22.65
tot_sleeping_duration: 314221.112
tot_uptimes: 82
tot_uptimes_duration: 4860.0
