comms_cons: 33.08084480062478
finished_reconf: true
global_termination_time: 321718.481
local_termination_time: 126773.78847999996
node_cons: 6595.253940000017
tot_aggregated_send: 4292
tot_msg_rcv: 276
tot_msg_sent: 461
tot_reconf_duration: 5.43
tot_sleeping_duration: 316798.481
tot_uptimes: 83
tot_uptimes_duration: 4920.0
