comms_cons: 23.61932799990157
finished_reconf: true
global_termination_time: 241585.692
local_termination_time: 91717.50235999997
node_cons: 4907.271980000001
tot_aggregated_send: 3480
tot_msg_rcv: 56
tot_msg_sent: 54
tot_reconf_duration: 4.8100000000000005
tot_sleeping_duration: 237925.692
tot_uptimes: 62
tot_uptimes_duration: 3660.0
