comms_cons: 66.9038847991841
finished_reconf: true
global_termination_time: 678363.256
local_termination_time: 541707.8887199998
node_cons: 13916.704860000076
tot_aggregated_send: 9628
tot_msg_rcv: 147
tot_msg_sent: 394
tot_reconf_duration: 13.17
tot_sleeping_duration: 667983.256
tot_uptimes: 174
tot_uptimes_duration: 10380.0
