comms_cons: 69.49343999846221
finished_reconf: true
global_termination_time: 677394.66736
local_termination_time: 68450.43759999995
node_cons: 13927.187963521143
tot_aggregated_send: 8932
tot_msg_rcv: 521
tot_msg_sent: 1108
tot_reconf_duration: 4.8100000000000005
tot_sleeping_duration: 666998.3596799992
tot_uptimes: 174
tot_uptimes_duration: 10396.307680000842
