comms_cons: 72.9896448
finished_reconf: true
global_termination_time: 717790.816
local_termination_time: 79137.03559999996
node_cons: 14733.003123359767
tot_aggregated_send: 9686
tot_msg_rcv: 499
tot_msg_sent: 909
tot_reconf_duration: 22.65
tot_sleeping_duration: 706810.7977600002
tot_uptimes: 184
tot_uptimes_duration: 10980.018239999801
