comms_cons: 69.03554560125121
finished_reconf: true
global_termination_time: 717376.891
local_termination_time: 194099.06936000005
node_cons: 14710.683042242883
tot_aggregated_send: 9106
tot_msg_rcv: 501
tot_msg_sent: 886
tot_reconf_duration: 6.22
tot_sleeping_duration: 706396.8788399978
tot_uptimes: 184
tot_uptimes_duration: 10980.012160002138
