comms_cons: 92.8390911986881
finished_reconf: true
global_termination_time: 939804.813
local_termination_time: 115150.43935999997
node_cons: 19302.431720000044
tot_aggregated_send: 13514
tot_msg_rcv: 205
tot_msg_sent: 392
tot_reconf_duration: 15.34
tot_sleeping_duration: 925404.813
tot_uptimes: 241
tot_uptimes_duration: 14400.0
