comms_cons: 93.36605439713165
finished_reconf: true
global_termination_time: 935140.951
local_termination_time: 184472.308
node_cons: 19234.86230752098
tot_aggregated_send: 13280
tot_msg_rcv: 349
tot_msg_sent: 563
tot_reconf_duration: 22.65
tot_sleeping_duration: 920798.8273199993
tot_uptimes: 240
tot_uptimes_duration: 14342.123680000717
