comms_cons: 92.3238911994949
finished_reconf: true
global_termination_time: 939464.92
local_termination_time: 97196.65859999994
node_cons: 19298.751540000016
tot_aggregated_send: 13630
tot_msg_rcv: 124
tot_msg_sent: 279
tot_reconf_duration: 12.629999999999999
tot_sleeping_duration: 925064.92
tot_uptimes: 241
tot_uptimes_duration: 14400.0
