comms_cons: 35.20529920017198
finished_reconf: true
global_termination_time: 356940.249
local_termination_time: 21290.63948
node_cons: 7341.698700000011
tot_aggregated_send: 5162
tot_msg_rcv: 94
tot_msg_sent: 95
tot_reconf_duration: 22.65
tot_sleeping_duration: 351480.249
tot_uptimes: 92
tot_uptimes_duration: 5460.0
