comms_cons: 11.645183999793792
finished_reconf: true
global_termination_time: 109599.152
local_termination_time: 76016.52855999986
node_cons: 2255.497902239442
tot_aggregated_send: 1334
tot_msg_rcv: 147
tot_msg_sent: 289
tot_reconf_duration: 4.390000000000001
tot_sleeping_duration: 107919.13984000043
tot_uptimes: 29
tot_uptimes_duration: 1680.0121599995837
