comms_cons: 645.9689926837443
finished_reconf: true
global_termination_time: 3281418.7385999975
local_termination_time: 362.21047999999985
node_cons: 67530.9147517507
tot_aggregated_send: 0
tot_msg_rcv: 49462
tot_msg_sent: 48719
tot_reconf_duration: 18.21
tot_sleeping_duration: 3231003.3647600035
tot_uptimes: 841
tot_uptimes_duration: 50415.373839994136
