comms_cons: 327.72749441378414
finished_reconf: true
global_termination_time: 3282516.137
local_termination_time: 256042.77624000047
node_cons: 67489.79074670475
tot_aggregated_send: 45646
tot_msg_rcv: 1374
tot_msg_sent: 2793
tot_reconf_duration: 3.05
tot_sleeping_duration: 3232116.10052001
tot_uptimes: 841
tot_uptimes_duration: 50400.03647998971
