comms_cons: 326.0197248103268
finished_reconf: true
global_termination_time: 3281628.207
local_termination_time: 2311106.551399998
node_cons: 67494.06304223185
tot_aggregated_send: 45820
tot_msg_rcv: 1300
tot_msg_sent: 2434
tot_reconf_duration: 6.22
tot_sleeping_duration: 3231228.1948400047
tot_uptimes: 841
tot_uptimes_duration: 50400.01215999527
