comms_cons: 322.87044479215325
finished_reconf: true
global_termination_time: 3282682.449
local_termination_time: 2606244.403479998
node_cons: 67511.76535271581
tot_aggregated_send: 46748
tot_msg_rcv: 818
tot_msg_sent: 1508
tot_reconf_duration: 11.31
tot_sleeping_duration: 3232274.378520002
tot_uptimes: 841
tot_uptimes_duration: 50408.0704799979
