comms_cons: 28.239180800628255
finished_reconf: true
global_termination_time: 268906.521
local_termination_time: 62590.32536000001
node_cons: 5469.668262242863
tot_aggregated_send: 3480
tot_msg_rcv: 347
tot_msg_sent: 466
tot_reconf_duration: 4.8100000000000005
tot_sleeping_duration: 264826.50883999787
tot_uptimes: 69
tot_uptimes_duration: 4080.0121600021375
