comms_cons: 0.7944064000010609
finished_reconf: true
global_termination_time: 6459.031
local_termination_time: 1941.5093600000002
node_cons: 88.86823999999996
tot_aggregated_send: 0
tot_msg_rcv: 64
tot_msg_sent: 54
tot_reconf_duration: 6.279999999999999
tot_sleeping_duration: 6399.031
tot_uptimes: 2
tot_uptimes_duration: 60.0
