comms_cons: 121.99998719373069
finished_reconf: true
global_termination_time: 677957.278
local_termination_time: 188481.43592000028
node_cons: 13929.578700000013
tot_aggregated_send: 0
tot_msg_rcv: 9442
tot_msg_sent: 9104
tot_reconf_duration: 22.65
tot_sleeping_duration: 667577.278
tot_uptimes: 174
tot_uptimes_duration: 10380.0
