comms_cons: 70.26585599845241
finished_reconf: true
global_termination_time: 679055.928
local_termination_time: 238425.50196000017
node_cons: 13916.729283359731
tot_aggregated_send: 8758
tot_msg_rcv: 654
tot_msg_sent: 1269
tot_reconf_duration: 13.17
tot_sleeping_duration: 668675.9097600002
tot_uptimes: 174
tot_uptimes_duration: 10380.018239999772
