comms_cons: 70.17374719866814
finished_reconf: true
global_termination_time: 676621.7151200001
local_termination_time: 236392.1338800009
node_cons: 13931.613700889868
tot_aggregated_send: 8584
tot_msg_rcv: 682
tot_msg_sent: 1400
tot_reconf_duration: 9.11
tot_sleeping_duration: 666226.4631999927
tot_uptimes: 174
tot_uptimes_duration: 10395.251920007344
