comms_cons: 69.12170240006088
finished_reconf: true
global_termination_time: 680982.955
local_termination_time: 223302.02292000075
node_cons: 13994.062664481118
tot_aggregated_send: 9280
tot_msg_rcv: 417
tot_msg_sent: 810
tot_reconf_duration: 10.95
tot_sleeping_duration: 670542.9306799991
tot_uptimes: 175
tot_uptimes_duration: 10440.02432000084
