comms_cons: 69.77551360067956
finished_reconf: true
global_termination_time: 677902.318
local_termination_time: 237212.58136000007
node_cons: 13907.283042242883
tot_aggregated_send: 8874
tot_msg_rcv: 570
tot_msg_sent: 1161
tot_reconf_duration: 6.22
tot_sleeping_duration: 667522.3058399978
tot_uptimes: 174
tot_uptimes_duration: 10380.012160002138
