comms_cons: 93.2773247976682
finished_reconf: true
global_termination_time: 704343.038
local_termination_time: 37800.68064000008
node_cons: 14486.157131370286
tot_aggregated_send: 4176
tot_msg_rcv: 4176
tot_msg_sent: 5833
tot_reconf_duration: 18.21
tot_sleeping_duration: 693542.8677599923
tot_uptimes: 181
tot_uptimes_duration: 10800.170240007676
