comms_cons: 72.38435840096925
finished_reconf: true
global_termination_time: 701752.384
local_termination_time: 108641.26135999997
node_cons: 14385.050781121454
tot_aggregated_send: 9222
tot_msg_rcv: 674
tot_msg_sent: 1106
tot_reconf_duration: 3.08
tot_sleeping_duration: 691012.3779199988
tot_uptimes: 180
tot_uptimes_duration: 10740.006080001069
