comms_cons: 70.18032639936257
finished_reconf: true
global_termination_time: 700072.681
local_termination_time: 183803.90644000022
node_cons: 14393.231380000041
tot_aggregated_send: 9860
tot_msg_rcv: 293
tot_msg_sent: 514
tot_reconf_duration: 9.11
tot_sleeping_duration: 689332.681
tot_uptimes: 180
tot_uptimes_duration: 10740.0
