comms_cons: 71.33749759703815
finished_reconf: true
global_termination_time: 699797.893
local_termination_time: 61345.28292000006
node_cons: 14398.019681121457
tot_aggregated_send: 9686
tot_msg_rcv: 471
tot_msg_sent: 686
tot_reconf_duration: 12.629999999999999
tot_sleeping_duration: 689057.886919999
tot_uptimes: 180
tot_uptimes_duration: 10740.006080001069
