comms_cons: 70.64212479675547
finished_reconf: true
global_termination_time: 700932.33
local_termination_time: 82161.84935999996
node_cons: 14387.391980000019
tot_aggregated_send: 9570
tot_msg_rcv: 358
tot_msg_sent: 810
tot_reconf_duration: 4.8100000000000005
tot_sleeping_duration: 690192.33
tot_uptimes: 180
tot_uptimes_duration: 10740.0
