comms_cons: 45.33068800028376
finished_reconf: true
global_termination_time: 458666.132
local_termination_time: 16766.17936
node_cons: 9424.50918000001
tot_aggregated_send: 6554
tot_msg_rcv: 121
tot_msg_sent: 215
tot_reconf_duration: 18.21
tot_sleeping_duration: 451646.132
tot_uptimes: 118
tot_uptimes_duration: 7020.0
