comms_cons: 393.50922245507
finished_reconf: true
global_termination_time: 3880091.033
local_termination_time: 1697356.44736
node_cons: 79792.53080558337
tot_aggregated_send: 53418
tot_msg_rcv: 2220
tot_msg_sent: 4173
tot_reconf_duration: 10.95
tot_sleeping_duration: 3820511.002600011
tot_uptimes: 994
tot_uptimes_duration: 59580.03039998887
