comms_cons: 271.4709503919546
finished_reconf: true
global_termination_time: 2735715.587
local_termination_time: 1433543.883879999
node_cons: 56250.81678334974
tot_aggregated_send: 38222
tot_msg_rcv: 1063
tot_msg_sent: 1977
tot_reconf_duration: 9.42
tot_sleeping_duration: 2693715.5687600067
tot_uptimes: 701
tot_uptimes_duration: 42000.01823999314
