comms_cons: 274.9449024086376
finished_reconf: true
global_termination_time: 2735966.914
local_termination_time: 407820.55636
node_cons: 56244.03489005079
tot_aggregated_send: 37990
tot_msg_rcv: 1181
tot_msg_sent: 2619
tot_reconf_duration: 4.390000000000001
tot_sleeping_duration: 2693966.859280021
tot_uptimes: 701
tot_uptimes_duration: 42000.05471997894
