comms_cons: 215.20528638143134
finished_reconf: true
global_termination_time: 2132828.129
local_termination_time: 711632.0453599999
node_cons: 43872.59022335004
tot_aggregated_send: 29464
tot_msg_rcv: 1040
tot_msg_sent: 2206
tot_reconf_duration: 5.1
tot_sleeping_duration: 2100068.110760007
tot_uptimes: 547
tot_uptimes_duration: 32760.018239992904
