comms_cons: 214.95853438973853
finished_reconf: true
global_termination_time: 2131633.832
local_termination_time: 53005.65772000011
node_cons: 43792.73906893455
tot_aggregated_send: 29696
tot_msg_rcv: 1057
tot_msg_sent: 1919
tot_reconf_duration: 5.43
tot_sleeping_duration: 2098933.7833600184
tot_uptimes: 546
tot_uptimes_duration: 32700.04863998131
