comms_cons: 76.14828799833549
finished_reconf: true
global_termination_time: 764024.479
local_termination_time: 544427.0063599979
node_cons: 15672.394663037225
tot_aggregated_send: 10788
tot_msg_rcv: 268
tot_msg_sent: 519
tot_reconf_duration: 4.390000000000001
tot_sleeping_duration: 752324.3796400022
tot_uptimes: 196
tot_uptimes_duration: 11700.099359997897
