comms_cons: 63.35237120105857
finished_reconf: true
global_termination_time: 615758.58924
local_termination_time: 101171.82447999997
node_cons: 12658.553996084067
tot_aggregated_send: 7134
tot_msg_rcv: 786
tot_msg_sent: 1709
tot_reconf_duration: 18.21
tot_sleeping_duration: 606323.320519997
tot_uptimes: 158
tot_uptimes_duration: 9435.26872000302
