comms_cons: 61.29182720060432
finished_reconf: true
global_termination_time: 620457.351
local_termination_time: 167341.93228000033
node_cons: 12724.47870000001
tot_aggregated_send: 8758
tot_msg_rcv: 173
tot_msg_sent: 385
tot_reconf_duration: 22.65
tot_sleeping_duration: 610977.351
tot_uptimes: 159
tot_uptimes_duration: 9480.0
