comms_cons: 10.397644799884821
finished_reconf: true
global_termination_time: 108323.946
local_termination_time: 176.34112000000002
node_cons: 2181.9994855977534
tot_aggregated_send: 638
tot_msg_rcv: 391
tot_msg_sent: 552
tot_reconf_duration: 9.41
tot_sleeping_duration: 106703.91560000167
tot_uptimes: 28
tot_uptimes_duration: 1620.0303999983225
