comms_cons: 13.450393599474737
finished_reconf: true
global_termination_time: 108103.078
local_termination_time: 4919.089
node_cons: 2185.8209044797413
tot_aggregated_send: 570
tot_msg_rcv: 749
tot_msg_sent: 725
tot_reconf_duration: 12.23
tot_sleeping_duration: 106483.05368000019
tot_uptimes: 28
tot_uptimes_duration: 1620.0243199998076
