comms_cons: 190.2658175936791
finished_reconf: true
global_termination_time: 1921769.859
local_termination_time: 666483.3433599999
node_cons: 39561.64554111665
tot_aggregated_send: 27724
tot_msg_rcv: 406
tot_msg_sent: 789
tot_reconf_duration: 25.299999999999997
tot_sleeping_duration: 1892249.8529200023
tot_uptimes: 493
tot_uptimes_duration: 29520.006079997635
