comms_cons: 190.21783039332834
finished_reconf: true
global_termination_time: 1920306.687
local_termination_time: 912410.1521199989
node_cons: 39457.92621999972
tot_aggregated_send: 27550
tot_msg_rcv: 441
tot_msg_sent: 921
tot_reconf_duration: 8.09
tot_sleeping_duration: 1890846.687
tot_uptimes: 492
tot_uptimes_duration: 29460.0
