comms_cons: 201.18999037007117
finished_reconf: true
global_termination_time: 1922931.081
local_termination_time: 443405.22188000043
node_cons: 39533.90153228951
tot_aggregated_send: 24824
tot_msg_rcv: 2027
tot_msg_sent: 3727
tot_reconf_duration: 4.8100000000000005
tot_sleeping_duration: 1893411.0141200225
tot_uptimes: 493
tot_uptimes_duration: 29520.066879977414
