comms_cons: 458.6141696624785
finished_reconf: true
global_termination_time: 634446.343
local_termination_time: 319592.9244800001
node_cons: 63194.898745697654
tot_aggregated_send: 0
tot_msg_rcv: 31495
tot_msg_sent: 38210
tot_reconf_duration: 15.34
tot_sleeping_duration: 587266.307879986
tot_uptimes: 763
tot_uptimes_duration: 47180.03512001399
