comms_cons: 65.21766400009466
finished_reconf: true
global_termination_time: 636171.713
local_termination_time: 236581.03272000057
node_cons: 13045.846841121438
tot_aggregated_send: 8352
tot_msg_rcv: 574
tot_msg_sent: 986
tot_reconf_duration: 22.65
tot_sleeping_duration: 626451.706919999
tot_uptimes: 163
tot_uptimes_duration: 9720.006080001067
