comms_cons: 37.56128000066955
finished_reconf: true
global_termination_time: 369729.132
local_termination_time: 15848.664280000005
node_cons: 7564.347662242871
tot_aggregated_send: 4756
tot_msg_rcv: 262
tot_msg_sent: 692
tot_reconf_duration: 9.11
tot_sleeping_duration: 364089.11983999785
tot_uptimes: 95
tot_uptimes_duration: 5640.0121600021375
