comms_cons: 38.25804800135181
finished_reconf: true
global_termination_time: 370376.902
local_termination_time: 159376.19260000007
node_cons: 7564.760501121417
tot_aggregated_send: 4872
tot_msg_rcv: 370
tot_msg_sent: 573
tot_reconf_duration: 9.42
tot_sleeping_duration: 364736.89591999893
tot_uptimes: 95
tot_uptimes_duration: 5640.006080001069
