comms_cons: 37.42906880078934
finished_reconf: true
global_termination_time: 367971.149
local_termination_time: 55292.376600000025
node_cons: 7556.118182242874
tot_aggregated_send: 4872
tot_msg_rcv: 235
tot_msg_sent: 582
tot_reconf_duration: 3.05
tot_sleeping_duration: 362331.13683999784
tot_uptimes: 95
tot_uptimes_duration: 5640.0121600021375
