comms_cons: 258.683955030569
finished_reconf: true
global_termination_time: 1308232.5604799988
local_termination_time: 1385.9400400000015
node_cons: 26992.97726184005
tot_aggregated_send: 0
tot_msg_rcv: 19859
tot_msg_sent: 19456
tot_reconf_duration: 18.21
tot_sleeping_duration: 1288091.9719199988
tot_uptimes: 336
tot_uptimes_duration: 20140.588560000004
