comms_cons: 128.8016255991058
finished_reconf: true
global_termination_time: 1308569.727
local_termination_time: 662862.9824799998
node_cons: 26934.73986111683
tot_aggregated_send: 19082
tot_msg_rcv: 160
tot_msg_sent: 335
tot_reconf_duration: 15.34
tot_sleeping_duration: 1288469.7209200023
tot_uptimes: 336
tot_uptimes_duration: 20100.006079997635
