comms_cons: 130.05167359690603
finished_reconf: true
global_termination_time: 1309542.755
local_termination_time: 756020.2304799998
node_cons: 26920.83394111688
tot_aggregated_send: 18734
tot_msg_rcv: 340
tot_msg_sent: 693
tot_reconf_duration: 5.1
tot_sleeping_duration: 1289442.7489200023
tot_uptimes: 336
tot_uptimes_duration: 20100.006079997664
