comms_cons: 130.55169279716682
finished_reconf: true
global_termination_time: 1310786.992
local_termination_time: 170651.6366400004
node_cons: 26922.36304223371
tot_aggregated_send: 18676
tot_msg_rcv: 414
tot_msg_sent: 753
tot_reconf_duration: 6.22
tot_sleeping_duration: 1290686.9798400048
tot_uptimes: 336
tot_uptimes_duration: 20100.01215999527
