comms_cons: 237.30321917829087
finished_reconf: true
global_termination_time: 2378736.099
local_termination_time: 533657.2913599999
node_cons: 48931.218182233075
tot_aggregated_send: 32596
tot_msg_rcv: 1088
tot_msg_sent: 2384
tot_reconf_duration: 3.05
tot_sleeping_duration: 2342196.0868400047
tot_uptimes: 610
tot_uptimes_duration: 36540.01215999527
