comms_cons: 1.644799999994566
finished_reconf: true
global_termination_time: 12986.686
local_termination_time: 9868.48136
node_cons: 246.98161999999923
tot_aggregated_send: 0
tot_msg_rcv: 127
tot_msg_sent: 123
tot_reconf_duration: 4.390000000000001
tot_sleeping_duration: 12806.686
tot_uptimes: 4
tot_uptimes_duration: 180.0
