comms_cons: 80.93731839962288
finished_reconf: true
global_termination_time: 822837.3406799994
local_termination_time: 822837.2995599995
node_cons: 16937.250579999272
tot_aggregated_send: 11876
tot_msg_rcv: 115
tot_msg_sent: 310
tot_reconf_duration: 24.59
tot_sleeping_duration: 810213.10068
tot_uptimes: 211
tot_uptimes_duration: 12624.23999999943
