comms_cons: 38.17251840001112
finished_reconf: true
global_termination_time: 383802.994
local_termination_time: 14337.355600000003
node_cons: 7879.851980000011
tot_aggregated_send: 5510
tot_msg_rcv: 122
tot_msg_sent: 170
tot_reconf_duration: 4.8100000000000005
tot_sleeping_duration: 377922.994
tot_uptimes: 99
tot_uptimes_duration: 5880.0
