comms_cons: 38.57384960032607
finished_reconf: true
global_termination_time: 386075.65
local_termination_time: 67572.83995999991
node_cons: 7886.112360000005
tot_aggregated_send: 5452
tot_msg_rcv: 187
tot_msg_sent: 224
tot_reconf_duration: 9.42
tot_sleeping_duration: 380195.65
tot_uptimes: 99
tot_uptimes_duration: 5879.999999999998
