comms_cons: 38.17251840025637
finished_reconf: true
global_termination_time: 384006.793
local_termination_time: 9033.80748
node_cons: 7879.281620000009
tot_aggregated_send: 5452
tot_msg_rcv: 122
tot_msg_sent: 228
tot_reconf_duration: 4.390000000000001
tot_sleeping_duration: 378126.793
tot_uptimes: 99
tot_uptimes_duration: 5880.0
