comms_cons: 200.9533887822687
finished_reconf: true
global_termination_time: 1989170.773
local_termination_time: 78775.52635999997
node_cons: 40988.815967817536
tot_aggregated_send: 26680
tot_msg_rcv: 1374
tot_msg_sent: 2490
tot_reconf_duration: 11.31
tot_sleeping_duration: 1958570.7304400166
tot_uptimes: 510
tot_uptimes_duration: 30600.04255998344
