comms_cons: 103.17093757580743
finished_reconf: true
global_termination_time: 811005.7475999998
local_termination_time: 811005.7064799998
node_cons: 16738.98884764958
tot_aggregated_send: 6263
tot_msg_rcv: 3651
tot_msg_sent: 5769
tot_reconf_duration: 66.16000000000001
tot_sleeping_duration: 798571.7344800225
tot_uptimes: 208
tot_uptimes_duration: 12434.013119977339
