comms_cons: 80.15534719810906
finished_reconf: true
global_termination_time: 813571.852
local_termination_time: 4679.174999999999
node_cons: 16745.153441116858
tot_aggregated_send: 11762
tot_msg_rcv: 141
tot_msg_sent: 279
tot_reconf_duration: 25.35
tot_sleeping_duration: 801091.8459200023
tot_uptimes: 209
tot_uptimes_duration: 12480.006079997635
