comms_cons: 328.836940802442
finished_reconf: true
global_termination_time: 3325927.798
local_termination_time: 1000812.0013599999
node_cons: 68394.13430893312
tot_aggregated_send: 46458
tot_msg_rcv: 1167
tot_msg_sent: 2356
tot_reconf_duration: 18.21
tot_sleeping_duration: 3274867.749360019
tot_uptimes: 852
tot_uptimes_duration: 51060.048639981076
