comms_cons: 330.2501504168328
finished_reconf: true
global_termination_time: 3321632.7494799998
local_termination_time: 3321632.7083599996
node_cons: 68358.16936095167
tot_aggregated_send: 47766
tot_msg_rcv: 912
tot_msg_sent: 1518
tot_reconf_duration: 37.410000000000004
tot_sleeping_duration: 3270619.0328400047
tot_uptimes: 851
tot_uptimes_duration: 51013.71663999511
