comms_cons: 329.03237122622494
finished_reconf: true
global_termination_time: 3323798.181
local_termination_time: 1565405.8663599999
node_cons: 68381.71137999864
tot_aggregated_send: 48082
tot_msg_rcv: 660
tot_msg_sent: 1269
tot_reconf_duration: 9.11
tot_sleeping_duration: 3272738.181
tot_uptimes: 852
tot_uptimes_duration: 51060.0
