comms_cons: 325.3174207753891
finished_reconf: true
global_termination_time: 3326085.558
local_termination_time: 1107404.63736
node_cons: 68375.96967340058
tot_aggregated_send: 45008
tot_msg_rcv: 1406
tot_msg_sent: 3031
tot_reconf_duration: 4.8100000000000005
tot_sleeping_duration: 3275025.4850400286
tot_uptimes: 852
tot_uptimes_duration: 51060.072959971614
