comms_cons: 326.9557439789787
finished_reconf: true
global_termination_time: 3325949.734
local_termination_time: 1160368.7583199986
node_cons: 68380.03283005011
tot_aggregated_send: 44428
tot_msg_rcv: 1832
tot_msg_sent: 3435
tot_reconf_duration: 7.819999999999999
tot_sleeping_duration: 3274889.679280021
tot_uptimes: 852
tot_uptimes_duration: 51060.05471997871
