comms_cons: 339.7774592363709
finished_reconf: true
global_termination_time: 3321885.277
local_termination_time: 1070251.98436
node_cons: 68309.94569563492
tot_aggregated_send: 44834
tot_msg_rcv: 2340
tot_msg_sent: 4472
tot_reconf_duration: 15.34
tot_sleeping_duration: 3270885.1918800324
tot_uptimes: 851
tot_uptimes_duration: 51000.08511996735
