comms_cons: 9.493785599985511
finished_reconf: true
global_termination_time: 89426.99
local_termination_time: 45009.16656000005
node_cons: 1792.2173211202896
tot_aggregated_send: 1044
tot_msg_rcv: 183
tot_msg_sent: 216
tot_reconf_duration: 18.21
tot_sleeping_duration: 88106.9839199998
tot_uptimes: 23
tot_uptimes_duration: 1320.0060800002175
