comms_cons: 9.386419199846518
finished_reconf: true
global_termination_time: 85949.514
local_termination_time: 84809.92859999996
node_cons: 1782.8389800000164
tot_aggregated_send: 1044
tot_msg_rcv: 156
tot_msg_sent: 226
tot_reconf_duration: 11.31
tot_sleeping_duration: 84629.514
tot_uptimes: 23
tot_uptimes_duration: 1320.0
