comms_cons: 17.382246399946276
finished_reconf: true
global_termination_time: 14487.929240000003
local_termination_time: 884.3260399999995
node_cons: 2521.9902637200216
tot_aggregated_send: 0
tot_msg_rcv: 1297
tot_msg_sent: 1344
tot_reconf_duration: 18.21
tot_sleeping_duration: 12622.909759999986
tot_uptimes: 31
tot_uptimes_duration: 1865.0194800000163
