comms_cons: 166.20375038402182
finished_reconf: true
global_termination_time: 1615571.0
local_termination_time: 766298.1592399979
node_cons: 33214.72891565612
tot_aggregated_send: 21460
tot_msg_rcv: 1297
tot_msg_sent: 2505
tot_reconf_duration: 15.34
tot_sleeping_duration: 1590780.934880018
tot_uptimes: 414
tot_uptimes_duration: 24790.065119982173
