comms_cons: 160.02650879421262
finished_reconf: true
global_termination_time: 1614999.702
local_termination_time: 656708.00836
node_cons: 33214.78554111693
tot_aggregated_send: 23258
tot_msg_rcv: 392
tot_msg_sent: 673
tot_reconf_duration: 25.299999999999997
tot_sleeping_duration: 1590219.6959200024
tot_uptimes: 414
tot_uptimes_duration: 24780.006079997635
