comms_cons: 159.77631359326088
finished_reconf: true
global_termination_time: 1614285.918
local_termination_time: 1028651.0913599998
node_cons: 33192.79138000005
tot_aggregated_send: 23084
tot_msg_rcv: 339
tot_msg_sent: 862
tot_reconf_duration: 9.11
tot_sleeping_duration: 1589505.918
tot_uptimes: 414
tot_uptimes_duration: 24780.00000000003
