comms_cons: 163.3119551852079
finished_reconf: true
global_termination_time: 1617071.101
local_termination_time: 314284.6986000006
node_cons: 33264.942605588854
tot_aggregated_send: 21866
tot_msg_rcv: 1012
tot_msg_sent: 1945
tot_reconf_duration: 3.05
tot_sleeping_duration: 1592231.0706000086
tot_uptimes: 415
tot_uptimes_duration: 24840.030399991607
