comms_cons: 103.60924159488556
finished_reconf: true
global_termination_time: 1040280.166
local_termination_time: 388204.2903600001
node_cons: 21391.271720000066
tot_aggregated_send: 14906
tot_msg_rcv: 334
tot_msg_sent: 508
tot_reconf_duration: 15.34
tot_sleeping_duration: 1024320.166
tot_uptimes: 267
tot_uptimes_duration: 15960.0
