comms_cons: 104.00462079607078
finished_reconf: true
global_termination_time: 1039636.486
local_termination_time: 215652.96036000006
node_cons: 21378.968240000024
tot_aggregated_send: 14790
tot_msg_rcv: 385
tot_msg_sent: 633
tot_reconf_duration: 6.279999999999999
tot_sleeping_duration: 1023676.486
tot_uptimes: 267
tot_uptimes_duration: 15959.999999999993
