comms_cons: 107.53525118840751
finished_reconf: true
global_termination_time: 1042191.059
local_termination_time: 122693.94859999995
node_cons: 21376.458607822453
tot_aggregated_send: 13804
tot_msg_rcv: 909
tot_msg_sent: 1631
tot_reconf_duration: 4.390000000000001
tot_sleeping_duration: 1026231.0164400132
tot_uptimes: 267
tot_uptimes_duration: 15960.042559986876
