comms_cons: 259.35171837731394
finished_reconf: true
global_termination_time: 2644975.133
local_termination_time: 457394.8213200002
node_cons: 54421.052675639396
tot_aggregated_send: 35264
tot_msg_rcv: 1427
tot_msg_sent: 2730
tot_reconf_duration: 22.65
tot_sleeping_duration: 2604355.04788003
tot_uptimes: 678
tot_uptimes_duration: 40620.08511997032
