comms_cons: 528.7622209266553
finished_reconf: true
global_termination_time: 2644707.322
local_termination_time: 2970.550600000001
node_cons: 54405.64481452945
tot_aggregated_send: 0
tot_msg_rcv: 41094
tot_msg_sent: 39269
tot_reconf_duration: 11.31
tot_sleeping_duration: 2604087.2429600223
tot_uptimes: 678
tot_uptimes_duration: 40620.07903997785
