comms_cons: 842.6905153836576
finished_reconf: true
global_termination_time: 8502448.341
local_termination_time: 2882855.74636
node_cons: 174908.78151004852
tot_aggregated_send: 118900
tot_msg_rcv: 2965
tot_msg_sent: 6215
tot_reconf_duration: 6.279999999999999
tot_sleeping_duration: 8371828.286280019
tot_uptimes: 2178
tot_uptimes_duration: 130620.0547199808
