comms_cons: 842.6042433805118
finished_reconf: true
global_termination_time: 8500270.931
local_termination_time: 3611396.627679998
node_cons: 174854.26252893076
tot_aggregated_send: 117624
tot_msg_rcv: 3462
tot_msg_sent: 6983
tot_reconf_duration: 25.299999999999997
tot_sleeping_duration: 8369710.882360017
tot_uptimes: 2177
tot_uptimes_duration: 130560.04863998294
