comms_cons: 844.7717761973064
finished_reconf: true
global_termination_time: 8502572.755
local_termination_time: 3684354.01636
node_cons: 174918.12184781377
tot_aggregated_send: 117218
tot_msg_rcv: 3757
tot_msg_sent: 7424
tot_reconf_duration: 13.17
tot_sleeping_duration: 8371952.712440016
tot_uptimes: 2178
tot_uptimes_duration: 130620.04255998507
