comms_cons: 856.1183426441227
finished_reconf: true
global_termination_time: 8501384.861
local_termination_time: 266542.93336
node_cons: 174906.83409675868
tot_aggregated_send: 118320
tot_msg_rcv: 3976
tot_msg_sent: 7828
tot_reconf_duration: 4.8100000000000005
tot_sleeping_duration: 8370764.769800026
tot_uptimes: 2178
tot_uptimes_duration: 130620.09119997371
