comms_cons: 853.1762305946344
finished_reconf: true
global_termination_time: 8500798.96
local_termination_time: 470469.89088000037
node_cons: 174825.8993133986
tot_aggregated_send: 118436
tot_msg_rcv: 3800
tot_msg_sent: 7441
tot_reconf_duration: 4.390000000000001
tot_sleeping_duration: 8370238.887040027
tot_uptimes: 2177
tot_uptimes_duration: 130560.07295997371
