comms_cons: 19.554355200545988
finished_reconf: true
global_termination_time: 197999.117
local_termination_time: 4271.341
node_cons: 4025.805244481168
tot_aggregated_send: 1678
tot_msg_rcv: 575
tot_msg_sent: 720
tot_reconf_duration: 6.46
tot_sleeping_duration: 194999.09267999913
tot_uptimes: 51
tot_uptimes_duration: 3000.02432000087
