comms_cons: 133.42159358063523
finished_reconf: true
global_termination_time: 670125.244
local_termination_time: 1578.6583600000001
node_cons: 13745.752906719406
tot_aggregated_send: 0
tot_msg_rcv: 10352
tot_msg_sent: 9927
tot_reconf_duration: 5.57
tot_sleeping_duration: 659865.2075200004
tot_uptimes: 172
tot_uptimes_duration: 10260.036479999544
