comms_cons: 134.07834238102475
finished_reconf: true
global_termination_time: 669503.5895199983
local_termination_time: 1042.0724800000003
node_cons: 13827.44979312082
tot_aggregated_send: 0
tot_msg_rcv: 10399
tot_msg_sent: 9975
tot_reconf_duration: 8.09
tot_sleeping_duration: 659185.0954399976
tot_uptimes: 172
tot_uptimes_duration: 10318.4940800006
