comms_cons: 70.92440319765076
finished_reconf: true
global_termination_time: 670417.506
local_termination_time: 33341.099840000024
node_cons: 13750.527662240602
tot_aggregated_send: 8642
tot_msg_rcv: 865
tot_msg_sent: 1274
tot_reconf_duration: 9.11
tot_sleeping_duration: 660157.4938399995
tot_uptimes: 172
tot_uptimes_duration: 10260.012160000435
