comms_cons: 69.90885759884843
finished_reconf: true
global_termination_time: 672356.558
local_termination_time: 92420.21135999997
node_cons: 13839.007521121452
tot_aggregated_send: 8874
tot_msg_rcv: 659
tot_msg_sent: 1093
tot_reconf_duration: 15.110000000000001
tot_sleeping_duration: 662036.551919999
tot_uptimes: 173
tot_uptimes_duration: 10320.006080001069
