comms_cons: 69.0355455967217
finished_reconf: true
global_termination_time: 673959.112
local_termination_time: 114237.89059999994
node_cons: 13835.6559633551
tot_aggregated_send: 9106
tot_msg_rcv: 522
tot_msg_sent: 865
tot_reconf_duration: 12.629999999999999
tot_sleeping_duration: 663639.0937600037
tot_uptimes: 173
tot_uptimes_duration: 10320.018239996338
