comms_cons: 67.68806399941053
finished_reconf: true
global_termination_time: 672063.666
local_termination_time: 271682.91636000003
node_cons: 13834.648341121403
tot_aggregated_send: 9222
tot_msg_rcv: 321
tot_msg_sent: 746
tot_reconf_duration: 11.899999999999999
tot_sleeping_duration: 661743.659919999
tot_uptimes: 173
tot_uptimes_duration: 10320.006080001069
