comms_cons: 68.58158079987021
finished_reconf: true
global_termination_time: 673749.25
local_termination_time: 153553.89500000043
node_cons: 13829.140265602544
tot_aggregated_send: 9106
tot_msg_rcv: 450
tot_msg_sent: 868
tot_reconf_duration: 7.819999999999999
tot_sleeping_duration: 663429.2195999981
tot_uptimes: 173
tot_uptimes_duration: 10320.03040000191
