comms_cons: 9.013503999856844
finished_reconf: true
global_termination_time: 81071.928
local_termination_time: 25261.278360000004
node_cons: 1610.950041119155
tot_aggregated_send: 870
tot_msg_rcv: 211
tot_msg_sent: 289
tot_reconf_duration: 3.05
tot_sleeping_duration: 79871.92192000063
tot_uptimes: 21
tot_uptimes_duration: 1200.0060799993662
