comms_cons: 431.58112008787367
finished_reconf: true
global_termination_time: 4286323.612
local_termination_time: 162171.12536000006
node_cons: 88140.60918893295
tot_aggregated_send: 59450
tot_msg_rcv: 1963
tot_msg_sent: 4183
tot_reconf_duration: 5.57
tot_sleeping_duration: 4220503.563360018
tot_uptimes: 1098
tot_uptimes_duration: 65820.04863998154
