comms_cons: 429.89613446120916
finished_reconf: true
global_termination_time: 4284110.005
local_termination_time: 25090.772440000004
node_cons: 88139.97907005041
tot_aggregated_send: 60030
tot_msg_rcv: 1827
tot_msg_sent: 3484
tot_reconf_duration: 5.1
tot_sleeping_duration: 4218289.95028002
tot_uptimes: 1098
tot_uptimes_duration: 65820.05471997964
