comms_cons: 424.1829888210638
finished_reconf: true
global_termination_time: 4286587.667
local_termination_time: 827478.233
node_cons: 88144.01506669955
tot_aggregated_send: 60085
tot_msg_rcv: 1506
tot_msg_sent: 2882
tot_reconf_duration: 8.09
tot_sleeping_duration: 4220767.630520014
tot_uptimes: 1098
tot_uptimes_duration: 65820.0364799865
