comms_cons: 433.0207680819539
finished_reconf: true
global_termination_time: 4286389.307
local_termination_time: 876947.0623599999
node_cons: 88140.41906893316
tot_aggregated_send: 59508
tot_msg_rcv: 2184
tot_msg_sent: 4124
tot_reconf_duration: 5.43
tot_sleeping_duration: 4220569.258360018
tot_uptimes: 1098
tot_uptimes_duration: 65820.04863998177
