comms_cons: 229.48807679258175
finished_reconf: true
global_termination_time: 2274700.981
local_termination_time: 790468.7263599999
node_cons: 46766.424522233145
tot_aggregated_send: 31726
tot_msg_rcv: 1126
tot_msg_sent: 2029
tot_reconf_duration: 6.279999999999999
tot_sleeping_duration: 2239780.968840005
tot_uptimes: 583
tot_uptimes_duration: 34920.01215999527
