comms_cons: 229.62345599063036
finished_reconf: true
global_termination_time: 2277567.873
local_termination_time: 530506.1004799998
node_cons: 46845.80034223304
tot_aggregated_send: 31784
tot_msg_rcv: 1086
tot_msg_sent: 2031
tot_reconf_duration: 5.57
tot_sleeping_duration: 2242587.860840005
tot_uptimes: 584
tot_uptimes_duration: 34980.01215999527
