comms_cons: 227.52910078317714
finished_reconf: true
global_termination_time: 2275433.837
local_termination_time: 490337.96236000006
node_cons: 46788.68754670507
tot_aggregated_send: 31726
tot_msg_rcv: 953
tot_msg_sent: 1905
tot_reconf_duration: 22.65
tot_sleeping_duration: 2240513.8005200103
tot_uptimes: 583
tot_uptimes_duration: 34920.03647998924
