comms_cons: 229.20147838056985
finished_reconf: true
global_termination_time: 2275533.544
local_termination_time: 624023.0730799987
node_cons: 46764.43640335002
tot_aggregated_send: 31378
tot_msg_rcv: 1186
tot_msg_sent: 2273
tot_reconf_duration: 4.8100000000000005
tot_sleeping_duration: 2240613.5257600076
tot_uptimes: 583
tot_uptimes_duration: 34920.0182399929
