comms_cons: 300.28058858129157
finished_reconf: true
global_termination_time: 2277665.368
local_termination_time: 1526341.59548
node_cons: 46853.587121116194
tot_aggregated_send: 0
tot_msg_rcv: 22963
tot_msg_sent: 22676
tot_reconf_duration: 11.31
tot_sleeping_duration: 2242685.3619200024
tot_uptimes: 584
tot_uptimes_duration: 34980.00607999752
