comms_cons: 269.4729024046873
finished_reconf: true
global_termination_time: 2810137.708
local_termination_time: 6141.457
node_cons: 57852.8365889349
tot_aggregated_send: 39434
tot_msg_rcv: 526
tot_msg_sent: 998
tot_reconf_duration: 5.87
tot_sleeping_duration: 2766937.659360018
tot_uptimes: 720
tot_uptimes_duration: 43200.04863998201
