comms_cons: 280.47790719556156
finished_reconf: true
global_termination_time: 2808514.912
local_termination_time: 5096.751
node_cons: 57870.645407816795
tot_aggregated_send: 39421
tot_msg_rcv: 1107
tot_msg_sent: 2102
tot_reconf_duration: 18.990000000000002
tot_sleeping_duration: 2765314.869440017
tot_uptimes: 720
tot_uptimes_duration: 43200.04255998344
