comms_cons: 225.2652287823112
finished_reconf: true
global_termination_time: 2275769.22
local_termination_time: 1750948.4709599987
node_cons: 46766.34304223307
tot_aggregated_send: 31552
tot_msg_rcv: 907
tot_msg_sent: 1780
tot_reconf_duration: 6.22
tot_sleeping_duration: 2240849.207840005
tot_uptimes: 583
tot_uptimes_duration: 34920.01215999527
