comms_cons: 198.28072950430868
finished_reconf: true
global_termination_time: 1004493.9775999999
local_termination_time: 2222.0803600000004
node_cons: 20692.70289286722
tot_aggregated_send: 0
tot_msg_rcv: 15228
tot_msg_sent: 14905
tot_reconf_duration: 18.21
tot_sleeping_duration: 989058.5976800094
tot_uptimes: 258
tot_uptimes_duration: 15435.379919990432
