comms_cons: 102.35324158938455
finished_reconf: true
global_termination_time: 1004493.5591200002
local_termination_time: 87530.37607999991
node_cons: 20718.838729745636
tot_aggregated_send: 13398
tot_msg_rcv: 724
tot_msg_sent: 1435
tot_reconf_duration: 22.65
tot_sleeping_duration: 989043.163280011
tot_uptimes: 258
tot_uptimes_duration: 15450.395839989244
