comms_cons: 102.66187519536095
finished_reconf: true
global_termination_time: 1008405.948
local_termination_time: 605737.4361999995
node_cons: 20753.13088223823
tot_aggregated_send: 13630
tot_msg_rcv: 708
tot_msg_sent: 1265
tot_reconf_duration: 18.700000000000003
tot_sleeping_duration: 992925.9358400012
tot_uptimes: 259
tot_uptimes_duration: 15480.012159998703
