comms_cons: 169.2038655927365
finished_reconf: true
global_termination_time: 1701832.549
local_termination_time: 478168.76336000004
node_cons: 34955.46405999997
tot_aggregated_send: 24418
tot_msg_rcv: 493
tot_msg_sent: 807
tot_reconf_duration: 5.57
tot_sleeping_duration: 1675732.549
tot_uptimes: 436
tot_uptimes_duration: 26100.0
