comms_cons: 169.58671359500278
finished_reconf: true
global_termination_time: 1704019.459
local_termination_time: 306511.6823600001
node_cons: 35032.43078112141
tot_aggregated_send: 24360
tot_msg_rcv: 490
tot_msg_sent: 926
tot_reconf_duration: 3.08
tot_sleeping_duration: 1677859.452919999
tot_uptimes: 437
tot_uptimes_duration: 26160.00608000107
