comms_cons: 36.54745600001523
finished_reconf: true
global_termination_time: 368502.106
local_termination_time: 29443.13044
node_cons: 7564.33138000001
tot_aggregated_send: 5278
tot_msg_rcv: 111
tot_msg_sent: 166
tot_reconf_duration: 9.11
tot_sleeping_duration: 362862.106
tot_uptimes: 95
tot_uptimes_duration: 5640.0
