comms_cons: 36.95599360028551
finished_reconf: true
global_termination_time: 374338.341
local_termination_time: 101223.97835999996
node_cons: 7649.459681121426
tot_aggregated_send: 5220
tot_msg_rcv: 118
tot_msg_sent: 279
tot_reconf_duration: 12.629999999999999
tot_sleeping_duration: 368638.33491999895
tot_uptimes: 96
tot_uptimes_duration: 5700.006080001069
