comms_cons: 15.461119999765554
finished_reconf: true
global_termination_time: 152844.328
local_termination_time: 75598.25147999995
node_cons: 3137.4018999999853
tot_aggregated_send: 2088
tot_msg_rcv: 90
tot_msg_sent: 172
tot_reconf_duration: 3.05
tot_sleeping_duration: 150504.328
tot_uptimes: 40
tot_uptimes_duration: 2340.0
