comms_cons: 2.2770303999917676
finished_reconf: true
global_termination_time: 14966.631
local_termination_time: 7126.02836
node_cons: 248.58405999999962
tot_aggregated_send: 0
tot_msg_rcv: 177
tot_msg_sent: 169
tot_reconf_duration: 5.57
tot_sleeping_duration: 14786.631
tot_uptimes: 4
tot_uptimes_duration: 180.0
