comms_cons: 273.7389759983822
finished_reconf: true
global_termination_time: 2751956.509
local_termination_time: 2105941.4307999993
node_cons: 56577.25300111607
tot_aggregated_send: 39092
tot_msg_rcv: 785
tot_msg_sent: 1729
tot_reconf_duration: 13.17
tot_sleeping_duration: 2709716.502920002
tot_uptimes: 705
tot_uptimes_duration: 42240.00607999787
