comms_cons: 149.76443518222635
finished_reconf: true
global_termination_time: 1436325.456
local_termination_time: 449827.1553600001
node_cons: 29509.582450051566
tot_aggregated_send: 18908
tot_msg_rcv: 1481
tot_msg_sent: 2374
tot_reconf_duration: 18.21
tot_sleeping_duration: 1414305.4012800213
tot_uptimes: 368
tot_uptimes_duration: 22020.05471997871
