comms_cons: 142.82785279567008
finished_reconf: true
global_termination_time: 1434940.87
local_termination_time: 814722.2569599986
node_cons: 29492.34405999998
tot_aggregated_send: 20474
tot_msg_rcv: 428
tot_msg_sent: 807
tot_reconf_duration: 5.57
tot_sleeping_duration: 1412920.87
tot_uptimes: 368
tot_uptimes_duration: 22020.0
