comms_cons: 126.82879999544019
finished_reconf: true
global_termination_time: 1271287.595
local_termination_time: 357916.76436000003
node_cons: 26144.914387840843
tot_aggregated_send: 17052
tot_msg_rcv: 789
tot_msg_sent: 1436
tot_reconf_duration: 25.299999999999997
tot_sleeping_duration: 1251787.5524399995
tot_uptimes: 326
tot_uptimes_duration: 19500.042560000613
