comms_cons: 126.52746239160034
finished_reconf: true
global_termination_time: 1270079.599
local_termination_time: 488156.398
node_cons: 26123.341206701014
tot_aggregated_send: 17514
tot_msg_rcv: 544
tot_msg_sent: 1175
tot_reconf_duration: 9.42
tot_sleeping_duration: 1250579.5625200141
tot_uptimes: 326
tot_uptimes_duration: 19500.036479985807
