comms_cons: 126.31371519655285
finished_reconf: true
global_termination_time: 1270469.459
local_termination_time: 365620.33236
node_cons: 26116.469761121403
tot_aggregated_send: 17922
tot_msg_rcv: 405
tot_msg_sent: 871
tot_reconf_duration: 4.390000000000001
tot_sleeping_duration: 1250969.452919999
tot_uptimes: 326
tot_uptimes_duration: 19500.00608000106
