comms_cons: 198.87607670382056
finished_reconf: true
global_termination_time: 1269663.327
local_termination_time: 274572.2687200005
node_cons: 26118.963042238265
tot_aggregated_send: 0
tot_msg_rcv: 15309
tot_msg_sent: 14919
tot_reconf_duration: 6.22
tot_sleeping_duration: 1250163.3148400013
tot_uptimes: 326
tot_uptimes_duration: 19500.012159998703
