comms_cons: 228.25634559027327
finished_reconf: true
global_termination_time: 2247240.0011199964
local_termination_time: 5337.764999999999
node_cons: 46225.76404149333
tot_aggregated_send: 30447
tot_msg_rcv: 1386
tot_msg_sent: 2860
tot_reconf_duration: 4.390000000000001
tot_sleeping_duration: 2212721.851440016
tot_uptimes: 576
tot_uptimes_duration: 34518.14967998048
