comms_cons: 228.70082558542265
finished_reconf: true
global_termination_time: 2250139.378
local_termination_time: 1252229.0801599983
node_cons: 46284.33560670044
tot_aggregated_send: 30334
tot_msg_rcv: 1349
tot_msg_sent: 3080
tot_reconf_duration: 6.22
tot_sleeping_duration: 2215579.341520014
tot_uptimes: 577
tot_uptimes_duration: 34560.03647998581
