comms_cons: 369.67208962746105
finished_reconf: true
global_termination_time: 3717665.20148
local_termination_time: 3717665.1603599996
node_cons: 76552.87378431653
tot_aggregated_send: 53334
tot_msg_rcv: 988
tot_msg_sent: 1865
tot_reconf_duration: 37.410000000000004
tot_sleeping_duration: 3660531.4666000004
tot_uptimes: 953
tot_uptimes_duration: 57133.734879998985
