comms_cons: 368.86531841983697
finished_reconf: true
global_termination_time: 3719936.409
local_termination_time: 2059707.4756
node_cons: 76509.0745999984
tot_aggregated_send: 53128
tot_msg_rcv: 1011
tot_msg_sent: 1926
tot_reconf_duration: 18.700000000000003
tot_sleeping_duration: 3662816.409
tot_uptimes: 953
tot_uptimes_duration: 57120.0
