comms_cons: 365.27653759078515
finished_reconf: true
global_termination_time: 3718429.124
local_termination_time: 2624849.7041199985
node_cons: 76498.55009999778
tot_aggregated_send: 53824
tot_msg_rcv: 621
tot_msg_sent: 1074
tot_reconf_duration: 10.95
tot_sleeping_duration: 3661309.124
tot_uptimes: 953
tot_uptimes_duration: 57120.0
