comms_cons: 372.81740164512166
finished_reconf: true
global_termination_time: 3720086.518
local_termination_time: 1991004.0029199992
node_cons: 76487.93587563609
tot_aggregated_send: 50518
tot_msg_rcv: 2011
tot_msg_sent: 4138
tot_reconf_duration: 3.05
tot_sleeping_duration: 3662966.4328800314
tot_uptimes: 953
tot_uptimes_duration: 57120.085119968746
