comms_cons: 367.4627327911109
finished_reconf: true
global_termination_time: 3720320.374
local_termination_time: 1959650.7283599998
node_cons: 76492.1837478169
tot_aggregated_send: 49938
tot_msg_rcv: 1938
tot_msg_sent: 3978
tot_reconf_duration: 6.22
tot_sleeping_duration: 3663200.3314400157
tot_uptimes: 953
tot_uptimes_duration: 57120.04255998414
