comms_cons: 513.4084992500456
finished_reconf: true
global_termination_time: 5172137.7513999995
local_termination_time: 5172137.710279999
node_cons: 106444.45527806743
tot_aggregated_send: 74516
tot_msg_rcv: 1231
tot_msg_sent: 2288
tot_reconf_duration: 24.59
tot_sleeping_duration: 5092667.204680006
tot_uptimes: 1325
tot_uptimes_duration: 79470.54671999317
