comms_cons: 511.89057926450386
finished_reconf: true
global_termination_time: 5176739.519
local_termination_time: 2709093.7511599995
node_cons: 106459.06080446579
tot_aggregated_send: 72384
tot_msg_rcv: 1877
tot_msg_sent: 3542
tot_reconf_duration: 6.279999999999999
tot_sleeping_duration: 5097239.494680009
tot_uptimes: 1326
tot_uptimes_duration: 79500.02431999147
