comms_cons: 100.96764158253009
finished_reconf: true
global_termination_time: 838420.15524
local_termination_time: 80185.3543199999
node_cons: 17238.153806291444
tot_aggregated_send: 7076
tot_msg_rcv: 3291
tot_msg_sent: 4982
tot_reconf_duration: 18.21
tot_sleeping_duration: 825564.7223600213
tot_uptimes: 215
tot_uptimes_duration: 12855.43287997866
