comms_cons: 100.41077759645924
finished_reconf: true
global_termination_time: 1043839.898
local_termination_time: 1784.2424800000003
node_cons: 21475.574308953084
tot_aggregated_send: 12644
tot_msg_rcv: 959
tot_msg_sent: 1659
tot_reconf_duration: 18.21
tot_sleeping_duration: 1027819.8493600052
tot_uptimes: 268
tot_uptimes_duration: 16020.048639994813
