comms_cons: 101.99733759955988
finished_reconf: true
global_termination_time: 1040970.814
local_termination_time: 178811.87536000006
node_cons: 21376.40162000005
tot_aggregated_send: 14790
tot_msg_rcv: 236
tot_msg_sent: 477
tot_reconf_duration: 4.390000000000001
tot_sleeping_duration: 1025010.814
tot_uptimes: 267
tot_uptimes_duration: 15960.0
