comms_cons: 159.8219263952953
finished_reconf: true
global_termination_time: 1613417.626
local_termination_time: 1025797.8133599998
node_cons: 33195.29009999997
tot_aggregated_send: 23316
tot_msg_rcv: 348
tot_msg_sent: 628
tot_reconf_duration: 10.95
tot_sleeping_duration: 1588637.626
tot_uptimes: 414
tot_uptimes_duration: 24780.0
