comms_cons: 110.94373120693592
finished_reconf: true
global_termination_time: 560609.758
local_termination_time: 1254.9654800000023
node_cons: 11499.614361121447
tot_aggregated_send: 0
tot_msg_rcv: 8561
tot_msg_sent: 8302
tot_reconf_duration: 8.09
tot_sleeping_duration: 552029.751919999
tot_uptimes: 144
tot_uptimes_duration: 8580.006080001069
