comms_cons: 56.41068800176521
finished_reconf: true
global_termination_time: 524364.858879999
local_termination_time: 524364.8177599991
node_cons: 10845.55020577221
tot_aggregated_send: 6250
tot_msg_rcv: 773
tot_msg_sent: 1551
tot_reconf_duration: 24.59
tot_sleeping_duration: 516290.0590399899
tot_uptimes: 135
tot_uptimes_duration: 8074.799840009102
