comms_cons: 51.19933440020788
finished_reconf: true
global_termination_time: 524365.7132400001
local_termination_time: 469915.7099200003
node_cons: 10792.487949360067
tot_aggregated_send: 7598
tot_msg_rcv: 45
tot_msg_sent: 138
tot_reconf_duration: 4.8100000000000005
tot_sleeping_duration: 516310.481
tot_uptimes: 135
tot_uptimes_duration: 8055.232240000041
