comms_cons: 9.658892800161908
finished_reconf: true
global_termination_time: 80282.108
local_termination_time: 42457.505880000084
node_cons: 1631.5291799999984
tot_aggregated_send: 638
tot_msg_rcv: 432
tot_msg_sent: 399
tot_reconf_duration: 18.21
tot_sleeping_duration: 79082.108
tot_uptimes: 21
tot_uptimes_duration: 1200.0
