comms_cons: 9.745062399915522
finished_reconf: true
global_termination_time: 81646.626
local_termination_time: 38719.57636000001
node_cons: 1627.656143360869
tot_aggregated_send: 464
tot_msg_rcv: 329
tot_msg_sent: 688
tot_reconf_duration: 15.34
tot_sleeping_duration: 80446.60775999934
tot_uptimes: 21
tot_uptimes_duration: 1200.0182400006524
