comms_cons: 10.19811200002655
finished_reconf: true
global_termination_time: 80390.696
local_termination_time: 12026.211360000001
node_cons: 1613.348262240584
tot_aggregated_send: 522
tot_msg_rcv: 386
tot_msg_sent: 642
tot_reconf_duration: 4.8100000000000005
tot_sleeping_duration: 79190.68383999956
tot_uptimes: 21
tot_uptimes_duration: 1200.012160000435
