comms_cons: 171.11023358571146
finished_reconf: true
global_termination_time: 1735803.948
local_termination_time: 992599.5345999988
node_cons: 35701.75940558396
tot_aggregated_send: 23084
tot_msg_rcv: 936
tot_msg_sent: 1988
tot_reconf_duration: 22.65
tot_sleeping_duration: 1709163.917600012
tot_uptimes: 445
tot_uptimes_duration: 26640.030399988056
