comms_cons: 174.52048638446013
finished_reconf: true
global_termination_time: 1733938.181
local_termination_time: 446856.4416000001
node_cons: 35677.548967822346
tot_aggregated_send: 23432
tot_msg_rcv: 995
tot_msg_sent: 2100
tot_reconf_duration: 4.8100000000000005
tot_sleeping_duration: 1707298.1384400132
tot_uptimes: 445
tot_uptimes_duration: 26640.042559986876
