comms_cons: 170.44075519606486
finished_reconf: true
global_termination_time: 1736655.484
local_termination_time: 1189031.8606799995
node_cons: 35686.318980000004
tot_aggregated_send: 25172
tot_msg_rcv: 310
tot_msg_sent: 424
tot_reconf_duration: 11.31
tot_sleeping_duration: 1710015.484
tot_uptimes: 445
tot_uptimes_duration: 26640.0
