comms_cons: 109.19498239180848
finished_reconf: true
global_termination_time: 1059489.536
local_termination_time: 612306.6924799999
node_cons: 21784.56167281908
tot_aggregated_send: 13746
tot_msg_rcv: 995
tot_msg_sent: 1856
tot_reconf_duration: 9.11
tot_sleeping_duration: 1043229.4984400157
tot_uptimes: 272
tot_uptimes_duration: 16260.037559984368
