comms_cons: 106.47308159554956
finished_reconf: true
global_termination_time: 1061311.314
local_termination_time: 538269.5533599998
node_cons: 21787.55596783157
tot_aggregated_send: 13862
tot_msg_rcv: 692
tot_msg_sent: 1630
tot_reconf_duration: 11.31
tot_sleeping_duration: 1045051.2714400063
tot_uptimes: 272
tot_uptimes_duration: 16260.042559993744
