comms_cons: 105.84497279385828
finished_reconf: true
global_termination_time: 1060779.483
local_termination_time: 579867.3393599999
node_cons: 21779.538363355037
tot_aggregated_send: 14152
tot_msg_rcv: 616
tot_msg_sent: 1319
tot_reconf_duration: 5.43
tot_sleeping_duration: 1044519.4647600037
tot_uptimes: 272
tot_uptimes_duration: 16260.018239996338
