comms_cons: 16.89538559923692
finished_reconf: true
global_termination_time: 147670.893
local_termination_time: 53357.28036000001
node_cons: 2979.120121119149
tot_aggregated_send: 1624
tot_msg_rcv: 420
tot_msg_sent: 524
tot_reconf_duration: 4.8100000000000005
tot_sleeping_duration: 145450.88692000066
tot_uptimes: 38
tot_uptimes_duration: 2220.006079999366
