comms_cons: 49.17726079987585
finished_reconf: true
global_termination_time: 12522.693240000002
local_termination_time: 435.92307999999736
node_cons: 5445.47604296004
tot_aggregated_send: 0
tot_msg_rcv: 3886
tot_msg_sent: 3587
tot_reconf_duration: 18.21
tot_sleeping_duration: 8474.338599999974
tot_uptimes: 56
tot_uptimes_duration: 4048.354640000028
