comms_cons: 2.1043711999936994
finished_reconf: true
global_termination_time: 12522.17548
local_termination_time: 12522.13436
node_cons: 310.1730787200007
tot_aggregated_send: 0
tot_msg_rcv: 163
tot_msg_sent: 156
tot_reconf_duration: 37.410000000000004
tot_sleeping_duration: 12328.471
tot_uptimes: 4
tot_uptimes_duration: 193.70448000000033
