comms_cons: 2.302719999994484
finished_reconf: true
global_termination_time: 19175.954
local_termination_time: 8901.286479999999
node_cons: 328.285799999998
tot_aggregated_send: 0
tot_msg_rcv: 178
tot_msg_sent: 172
tot_reconf_duration: 5.1
tot_sleeping_duration: 18935.954
tot_uptimes: 5
tot_uptimes_duration: 240.0
