comms_cons: 2.2369279999926084
finished_reconf: true
global_termination_time: 13379.015
local_termination_time: 7207.4133600000005
node_cons: 257.18020000000075
tot_aggregated_send: 0
tot_msg_rcv: 177
tot_msg_sent: 163
tot_reconf_duration: 11.899999999999999
tot_sleeping_duration: 13199.015
tot_uptimes: 4
tot_uptimes_duration: 180.0
