comms_cons: 65.27734400069431
finished_reconf: true
global_termination_time: 609862.796
local_termination_time: 293355.36436000007
node_cons: 12557.793603364338
tot_aggregated_send: 7250
tot_msg_rcv: 882
tot_msg_sent: 1792
tot_reconf_duration: 18.21
tot_sleeping_duration: 600502.7777599967
tot_uptimes: 157
tot_uptimes_duration: 9360.018240003206
