comms_cons: 205.3825407827372
finished_reconf: true
global_termination_time: 2066776.128
local_termination_time: 314529.4233600001
node_cons: 42530.65940558842
tot_aggregated_send: 28304
tot_msg_rcv: 951
tot_msg_sent: 1961
tot_reconf_duration: 22.65
tot_sleeping_duration: 2035036.0976000084
tot_uptimes: 530
tot_uptimes_duration: 31740.030399991607
