comms_cons: 199.73793279412897
finished_reconf: true
global_termination_time: 2066115.008
local_termination_time: 473397.99436
node_cons: 42505.83790223323
tot_aggregated_send: 28826
tot_msg_rcv: 486
tot_msg_sent: 1047
tot_reconf_duration: 4.390000000000001
tot_sleeping_duration: 2034374.9958400046
tot_uptimes: 530
tot_uptimes_duration: 31740.01215999527
