comms_cons: 80.16097279814039
finished_reconf: true
global_termination_time: 817353.108
local_termination_time: 758154.6453599998
node_cons: 16821.81870000005
tot_aggregated_send: 11948
tot_msg_rcv: 82
tot_msg_sent: 154
tot_reconf_duration: 22.65
tot_sleeping_duration: 804813.108
tot_uptimes: 210
tot_uptimes_duration: 12539.999999999996
