comms_cons: 0.9737215999996014
finished_reconf: true
global_termination_time: 6254.328
local_termination_time: 256.95136
node_cons: 90.95956000000002
tot_aggregated_send: 0
tot_msg_rcv: 97
tot_msg_sent: 51
tot_reconf_duration: 7.819999999999999
tot_sleeping_duration: 6194.328
tot_uptimes: 2
tot_uptimes_duration: 60.0
