comms_cons: 51.187430400753314
finished_reconf: true
global_termination_time: 521830.304
local_termination_time: 234684.572480001
node_cons: 10694.661406085648
tot_aggregated_send: 7018
tot_msg_rcv: 234
tot_msg_sent: 529
tot_reconf_duration: 5.1
tot_sleeping_duration: 513848.4252799958
tot_uptimes: 134
tot_uptimes_duration: 7981.8787200042025
