comms_cons: 66.17952640222441
finished_reconf: true
global_termination_time: 616522.3822400001
local_termination_time: 123552.37115999954
node_cons: 12660.461589056627
tot_aggregated_send: 6786
tot_msg_rcv: 1151
tot_msg_sent: 2123
tot_reconf_duration: 18.21
tot_sleeping_duration: 607085.6888799876
tot_uptimes: 158
tot_uptimes_duration: 9436.693360012403
