comms_cons: 60.92987519968406
finished_reconf: true
global_termination_time: 620333.608
local_termination_time: 269577.30436
node_cons: 12699.681619999958
tot_aggregated_send: 8874
tot_msg_rcv: 116
tot_msg_sent: 270
tot_reconf_duration: 4.390000000000001
tot_sleeping_duration: 610853.608
tot_uptimes: 159
tot_uptimes_duration: 9480.0
