comms_cons: 160.7298559905697
finished_reconf: true
global_termination_time: 1617452.39124
local_termination_time: 133475.47748000006
node_cons: 33288.29104495343
tot_aggregated_send: 22446
tot_msg_rcv: 528
tot_msg_sent: 1455
tot_reconf_duration: 6.22
tot_sleeping_duration: 1592598.138600005
tot_uptimes: 415
tot_uptimes_duration: 24854.252639995073
