comms_cons: 1266.9086946553973
finished_reconf: true
global_termination_time: 6418069.342599997
local_termination_time: 1000.6210399999995
node_cons: 132043.9510339822
tot_aggregated_send: 0
tot_msg_rcv: 97262
tot_msg_sent: 95298
tot_reconf_duration: 18.21
tot_sleeping_duration: 6319473.956600007
tot_uptimes: 1644
tot_uptimes_duration: 98595.38599998987
