comms_cons: 640.1503873430755
finished_reconf: true
global_termination_time: 6421742.4
local_termination_time: 2644447.3526000003
node_cons: 132086.54848334758
tot_aggregated_send: 88914
tot_msg_rcv: 2812
tot_msg_sent: 5572
tot_reconf_duration: 5.57
tot_sleeping_duration: 6323102.381760007
tot_uptimes: 1645
tot_uptimes_duration: 98640.0182399936
