comms_cons: 637.7496449298224
finished_reconf: true
global_termination_time: 6418872.277
local_termination_time: 2729210.8376
node_cons: 132005.5702233473
tot_aggregated_send: 88740
tot_msg_rcv: 2768
tot_msg_sent: 5424
tot_reconf_duration: 5.1
tot_sleeping_duration: 6320292.258760006
tot_uptimes: 1644
tot_uptimes_duration: 98580.0182399936
