comms_cons: 640.5729729316243
finished_reconf: true
global_termination_time: 6420266.706
local_termination_time: 1220429.1997999984
node_cons: 132089.63654781552
tot_aggregated_send: 89726
tot_msg_rcv: 2584
tot_msg_sent: 5051
tot_reconf_duration: 7.819999999999999
tot_sleeping_duration: 6321626.663440016
tot_uptimes: 1645
tot_uptimes_duration: 98640.04255998484
