comms_cons: 82.77291519935217
finished_reconf: true
global_termination_time: 844255.354
local_termination_time: 259176.88304000074
node_cons: 17374.271720000022
tot_aggregated_send: 12354
tot_msg_rcv: 65
tot_msg_sent: 162
tot_reconf_duration: 15.34
tot_sleeping_duration: 831295.354
tot_uptimes: 217
tot_uptimes_duration: 12960.0
