comms_cons: 65.63409920022013
finished_reconf: true
global_termination_time: 666215.397
local_termination_time: 348663.2608400001
node_cons: 13666.246759999982
tot_aggregated_send: 9686
tot_msg_rcv: 121
tot_msg_sent: 169
tot_reconf_duration: 6.22
tot_sleeping_duration: 656015.397
tot_uptimes: 171
tot_uptimes_duration: 10200.0
