comms_cons: 206.97768949305856
finished_reconf: true
global_termination_time: 1367768.195
local_termination_time: 256642.60536000005
node_cons: 28149.783123355133
tot_aggregated_send: 0
tot_msg_rcv: 16040
tot_msg_sent: 15419
tot_reconf_duration: 22.65
tot_sleeping_duration: 1346768.1767600037
tot_uptimes: 351
tot_uptimes_duration: 21000.018239996338
