comms_cons: 208.2728382928262
finished_reconf: true
global_termination_time: 1367943.766
local_termination_time: 252707.36860000007
node_cons: 28125.58896784086
tot_aggregated_send: 0
tot_msg_rcv: 16215
tot_msg_sent: 15441
tot_reconf_duration: 4.8100000000000005
tot_sleeping_duration: 1346943.7234399994
tot_uptimes: 351
tot_uptimes_duration: 21000.042560000613
