comms_cons: 135.28773119483822
finished_reconf: true
global_termination_time: 1367448.57
local_termination_time: 252732.54736000003
node_cons: 28129.619560000017
tot_aggregated_send: 19140
tot_msg_rcv: 499
tot_msg_sent: 923
tot_reconf_duration: 7.819999999999999
tot_sleeping_duration: 1346448.57
tot_uptimes: 351
tot_uptimes_duration: 21000.0
