comms_cons: 123.03230078979703
finished_reconf: true
global_termination_time: 1208848.417
local_termination_time: 520944.0511200009
node_cons: 24831.054184467313
tot_aggregated_send: 15834
tot_msg_rcv: 970
tot_msg_sent: 1896
tot_reconf_duration: 4.390000000000001
tot_sleeping_duration: 1190308.3926800094
tot_uptimes: 310
tot_uptimes_duration: 18540.02431999054
