comms_cons: 280.42586867191744
finished_reconf: true
global_termination_time: 963088.133
local_termination_time: 369373.22924000095
node_cons: 39338.872837361276
tot_aggregated_send: 0
tot_msg_rcv: 14263
tot_msg_sent: 28360
tot_reconf_duration: 18.21
tot_sleeping_duration: 933727.3087599989
tot_uptimes: 487
tot_uptimes_duration: 29360.82424000109
