comms_cons: 97.74211839711532
finished_reconf: true
global_termination_time: 960895.6091199999
local_termination_time: 960895.568
node_cons: 19811.21815751739
tot_aggregated_send: 13210
tot_msg_rcv: 588
tot_msg_sent: 1057
tot_reconf_duration: 24.59
tot_sleeping_duration: 946125.0154400019
tot_uptimes: 247
tot_uptimes_duration: 14770.593679998019
