comms_cons: 202.41503997600375
finished_reconf: true
global_termination_time: 1957787.203
local_termination_time: 254316.0454800001
node_cons: 40256.39931341553
tot_aggregated_send: 25926
tot_msg_rcv: 1693
tot_msg_sent: 3146
tot_reconf_duration: 4.390000000000001
tot_sleeping_duration: 1927727.130040018
tot_uptimes: 502
tot_uptimes_duration: 30060.072959981917
