comms_cons: 144.38469118716762
finished_reconf: true
global_termination_time: 1438400.35
local_termination_time: 518018.91824000096
node_cons: 29599.38821006698
tot_aggregated_send: 19372
tot_msg_rcv: 923
tot_msg_sent: 1651
tot_reconf_duration: 15.34
tot_sleeping_duration: 1416310.31528001
tot_uptimes: 369
tot_uptimes_duration: 22090.034719990217
