comms_cons: 147.47997439045136
finished_reconf: true
global_termination_time: 1440565.131
local_termination_time: 822207.5974799998
node_cons: 29590.56344671017
tot_aggregated_send: 19372
tot_msg_rcv: 1171
tot_msg_sent: 1874
tot_reconf_duration: 18.700000000000003
tot_sleeping_duration: 1418485.0945200075
tot_uptimes: 369
tot_uptimes_duration: 22080.036479992676
