comms_cons: 142.43909119286008
finished_reconf: true
global_termination_time: 1439905.44
local_termination_time: 615368.1603599999
node_cons: 29572.526504467285
tot_aggregated_send: 19546
tot_msg_rcv: 673
tot_msg_sent: 1430
tot_reconf_duration: 5.43
tot_sleeping_duration: 1417825.4156800094
tot_uptimes: 369
tot_uptimes_duration: 22080.024319990538
