comms_cons: 15.349900799685816
finished_reconf: true
global_termination_time: 142458.299
local_termination_time: 21290.63948
node_cons: 2923.031264478888
tot_aggregated_send: 1160
tot_msg_rcv: 399
tot_msg_sent: 775
tot_reconf_duration: 22.65
tot_sleeping_duration: 140298.27468000082
tot_uptimes: 37
tot_uptimes_duration: 2160.0243199991673
