comms_cons: 15.053209599478532
finished_reconf: true
global_termination_time: 142169.102
local_termination_time: 81410.90823999944
node_cons: 2906.210487835871
tot_aggregated_send: 1102
tot_msg_rcv: 428
tot_msg_sent: 759
tot_reconf_duration: 7.819999999999999
tot_sleeping_duration: 140006.5994400031
tot_uptimes: 37
tot_uptimes_duration: 2162.5025599969085
