comms_cons: 16.88348159944312
finished_reconf: true
global_termination_time: 143186.995
local_termination_time: 9416.034040000002
node_cons: 2907.672250076639
tot_aggregated_send: 1044
tot_msg_rcv: 536
tot_msg_sent: 986
tot_reconf_duration: 11.31
tot_sleeping_duration: 141026.9402800025
tot_uptimes: 37
tot_uptimes_duration: 2160.05471999749
