comms_cons: 39.566963202601414
finished_reconf: true
global_termination_time: 330844.7826000001
local_termination_time: 330844.7414800001
node_cons: 6800.501530053992
tot_aggregated_send: 2596
tot_msg_rcv: 1105
tot_msg_sent: 2313
tot_reconf_duration: 24.59
tot_sleeping_duration: 325790.93023998966
tot_uptimes: 85
tot_uptimes_duration: 5053.852360010438
