comms_cons: 33.8062528003244
finished_reconf: true
global_termination_time: 335438.516
local_termination_time: 6514.268280000002
node_cons: 6837.354901121439
tot_aggregated_send: 4350
tot_msg_rcv: 210
tot_msg_sent: 579
tot_reconf_duration: 6.22
tot_sleeping_duration: 330338.50991999893
tot_uptimes: 86
tot_uptimes_duration: 5100.006080001069
