comms_cons: 85.81908479758938
finished_reconf: true
global_termination_time: 859583.572
local_termination_time: 478894.88752000034
node_cons: 17681.750223364288
tot_aggregated_send: 11716
tot_msg_rcv: 409
tot_msg_sent: 919
tot_reconf_duration: 5.1
tot_sleeping_duration: 846383.5537599968
tot_uptimes: 221
tot_uptimes_duration: 13200.018240003206
