comms_cons: 87.42440959748659
finished_reconf: true
global_termination_time: 862215.319
local_termination_time: 199725.075
node_cons: 17681.947009922245
tot_aggregated_send: 11539
tot_msg_rcv: 523
tot_msg_sent: 1226
tot_reconf_duration: 4.390000000000001
tot_sleeping_duration: 849014.4337199983
tot_uptimes: 221
tot_uptimes_duration: 13200.885280001647
