comms_cons: 2.823379199989922
finished_reconf: true
global_termination_time: 14039.385
local_termination_time: 11186.43436
node_cons: 271.7786999999995
tot_aggregated_send: 0
tot_msg_rcv: 273
tot_msg_sent: 156
tot_reconf_duration: 22.65
tot_sleeping_duration: 13859.385
tot_uptimes: 4
tot_uptimes_duration: 180.0
