comms_cons: 259.54869122414453
finished_reconf: true
global_termination_time: 2536976.504
local_termination_time: 1067141.4823999992
node_cons: 52228.61290670061
tot_aggregated_send: 34220
tot_msg_rcv: 1823
tot_msg_sent: 3406
tot_reconf_duration: 5.57
tot_sleeping_duration: 2497976.467520014
tot_uptimes: 650
tot_uptimes_duration: 39000.03647998604
