comms_cons: 249.97012479216278
finished_reconf: true
global_termination_time: 2539616.188
local_termination_time: 1804555.126879999
node_cons: 52241.51937999903
tot_aggregated_send: 36482
tot_msg_rcv: 476
tot_msg_sent: 1036
tot_reconf_duration: 15.110000000000001
tot_sleeping_duration: 2500616.188
tot_uptimes: 651
tot_uptimes_duration: 39000.0
