comms_cons: 250.67455998670647
finished_reconf: true
global_termination_time: 2540689.128
local_termination_time: 1687598.7244799999
node_cons: 52233.792359999105
tot_aggregated_send: 36192
tot_msg_rcv: 568
tot_msg_sent: 1342
tot_reconf_duration: 9.42
tot_sleeping_duration: 2501689.128
tot_uptimes: 651
tot_uptimes_duration: 39000.0
