comms_cons: 273.7770495986918
finished_reconf: true
global_termination_time: 2809759.734
local_termination_time: 784.9181199999999
node_cons: 57854.75680781743
tot_aggregated_send: 38512
tot_msg_rcv: 1105
tot_msg_sent: 1996
tot_reconf_duration: 7.29
tot_sleeping_duration: 2766559.6914400165
tot_uptimes: 720
tot_uptimes_duration: 43200.04255998391
