comms_cons: 27.685273600097997
finished_reconf: true
global_termination_time: 272615.275
local_termination_time: 228466.8722400005
node_cons: 5550.000121119154
tot_aggregated_send: 3654
tot_msg_rcv: 209
tot_msg_sent: 345
tot_reconf_duration: 4.8100000000000005
tot_sleeping_duration: 268475.26892000064
tot_uptimes: 70
tot_uptimes_duration: 4140.006079999366
