comms_cons: 204.35140479034536
finished_reconf: true
global_termination_time: 2056166.696
local_termination_time: 232273.85976000043
node_cons: 42267.37638111879
tot_aggregated_send: 29348
tot_msg_rcv: 556
tot_msg_sent: 1156
tot_reconf_duration: 6.279999999999999
tot_sleeping_duration: 2024606.6899200005
tot_uptimes: 527
tot_uptimes_duration: 31560.006079999366
