comms_cons: 202.2643455921123
finished_reconf: true
global_termination_time: 2055839.005
local_termination_time: 954234.9523599999
node_cons: 42276.7248599997
tot_aggregated_send: 29638
tot_msg_rcv: 361
tot_msg_sent: 744
tot_reconf_duration: 13.17
tot_sleeping_duration: 2024279.005
tot_uptimes: 527
tot_uptimes_duration: 31560.0
