comms_cons: 127.42302078720432
finished_reconf: true
global_termination_time: 642692.275
local_termination_time: 273547.1376000001
node_cons: 13206.543123359743
tot_aggregated_send: 0
tot_msg_rcv: 9870
tot_msg_sent: 9497
tot_reconf_duration: 22.65
tot_sleeping_duration: 632852.2567600003
tot_uptimes: 165
tot_uptimes_duration: 9840.018239999772
