comms_cons: 65.24408959977002
finished_reconf: true
global_termination_time: 642375.682
local_termination_time: 87111.42351999978
node_cons: 13181.721620000018
tot_aggregated_send: 8816
tot_msg_rcv: 406
tot_msg_sent: 694
tot_reconf_duration: 4.390000000000001
tot_sleeping_duration: 632535.682
tot_uptimes: 165
tot_uptimes_duration: 9840.0
