comms_cons: 67.48908799956688
finished_reconf: true
global_termination_time: 639505.82
local_termination_time: 87103.71747999996
node_cons: 13103.94817120513
tot_aggregated_send: 7946
tot_msg_rcv: 787
tot_msg_sent: 1524
tot_reconf_duration: 6.22
tot_sleeping_duration: 629725.7591999961
tot_uptimes: 164
tot_uptimes_duration: 9780.06080000382
