comms_cons: 27.508262399855823
finished_reconf: true
global_termination_time: 273007.087
local_termination_time: 108718.77447999996
node_cons: 5551.923042242868
tot_aggregated_send: 3538
tot_msg_rcv: 178
tot_msg_sent: 466
tot_reconf_duration: 6.22
tot_sleeping_duration: 268867.07483999786
tot_uptimes: 70
tot_uptimes_duration: 4140.0121600021375
