comms_cons: 27.257625599904205
finished_reconf: true
global_termination_time: 272752.291
local_termination_time: 120000.74803999983
node_cons: 5558.818980000022
tot_aggregated_send: 3712
tot_msg_rcv: 148
tot_msg_sent: 282
tot_reconf_duration: 11.31
tot_sleeping_duration: 268612.291
tot_uptimes: 70
tot_uptimes_duration: 4140.0
