comms_cons: 84.80147839737965
finished_reconf: true
global_termination_time: 826724.058
local_termination_time: 589063.62
node_cons: 16986.19616464001
tot_aggregated_send: 11057
tot_msg_rcv: 671
tot_msg_sent: 1161
tot_reconf_duration: 25.299999999999997
tot_sleeping_duration: 814063.98424
tot_uptimes: 212
tot_uptimes_duration: 12660.073759999941
