comms_cons: 162.4474239455091
finished_reconf: true
global_termination_time: 821748.7235999999
local_termination_time: 2214.14536
node_cons: 16897.939050638146
tot_aggregated_send: 0
tot_msg_rcv: 12495
tot_msg_sent: 12192
tot_reconf_duration: 4.390000000000001
tot_sleeping_duration: 809133.3558400013
tot_uptimes: 211
tot_uptimes_duration: 12615.367759998597
