comms_cons: 85.45528319589728
finished_reconf: true
global_termination_time: 824608.588
local_termination_time: 17471.470600000004
node_cons: 16955.93074671022
tot_aggregated_send: 11078
tot_msg_rcv: 741
tot_msg_sent: 1169
tot_reconf_duration: 3.05
tot_sleeping_duration: 811948.5515200073
tot_uptimes: 212
tot_uptimes_duration: 12660.036479992676
