comms_cons: 84.09658879311775
finished_reconf: true
global_termination_time: 822151.228
local_termination_time: 661201.0396399992
node_cons: 16879.87932447207
tot_aggregated_send: 10962
tot_msg_rcv: 602
tot_msg_sent: 1219
tot_reconf_duration: 6.22
tot_sleeping_duration: 809551.203680006
tot_uptimes: 211
tot_uptimes_duration: 12600.024319993972
