comms_cons: 84.51446399659943
finished_reconf: true
global_termination_time: 824490.075
local_termination_time: 124196.46435999997
node_cons: 16959.14650447656
tot_aggregated_send: 11020
tot_msg_rcv: 604
tot_msg_sent: 1222
tot_reconf_duration: 5.43
tot_sleeping_duration: 811830.0506800025
tot_uptimes: 212
tot_uptimes_duration: 12660.024319997407
