comms_cons: 86.09008639551362
finished_reconf: true
global_termination_time: 830406.927
local_termination_time: 21680.355960000004
node_cons: 17036.31148672861
tot_aggregated_send: 10672
tot_msg_rcv: 784
tot_msg_sent: 1630
tot_reconf_duration: 3.08
tot_sleeping_duration: 817686.8905199936
tot_uptimes: 213
tot_uptimes_duration: 12720.036480006413
