comms_cons: 165.36991354142256
finished_reconf: true
global_termination_time: 827439.637
local_termination_time: 1160.7754800000023
node_cons: 16967.13968559456
tot_aggregated_send: 0
tot_msg_rcv: 12887
tot_msg_sent: 12246
tot_reconf_duration: 11.31
tot_sleeping_duration: 814779.606600004
tot_uptimes: 212
tot_uptimes_duration: 12660.030399995921
