comms_cons: 92.14344321050619
finished_reconf: true
global_termination_time: 392114.0197200001
local_termination_time: 392113.9786000001
node_cons: 8103.3934560207545
tot_aggregated_send: 0
tot_msg_rcv: 8133
tot_msg_sent: 5876
tot_reconf_duration: 37.410000000000004
tot_sleeping_duration: 386100.1357199846
tot_uptimes: 101
tot_uptimes_duration: 6013.884000015489
