comms_cons: 38.80412160030677
finished_reconf: true
global_termination_time: 393296.907
local_termination_time: 213763.2856000001
node_cons: 8042.446760000013
tot_aggregated_send: 5684
tot_msg_rcv: 103
tot_msg_sent: 111
tot_reconf_duration: 6.22
tot_sleeping_duration: 387296.907
tot_uptimes: 101
tot_uptimes_duration: 6000.0
