comms_cons: 38.35673600007823
finished_reconf: true
global_termination_time: 393049.806
local_termination_time: 18170.05936
node_cons: 8041.382081119162
tot_aggregated_send: 5626
tot_msg_rcv: 35
tot_msg_sent: 169
tot_reconf_duration: 5.43
tot_sleeping_duration: 387049.79992000066
tot_uptimes: 101
tot_uptimes_duration: 6000.006079999366
