comms_cons: 240.67224957886714
finished_reconf: true
global_termination_time: 2344492.1991199953
local_termination_time: 238878.51460000005
node_cons: 48264.71770017772
tot_aggregated_send: 31204
tot_msg_rcv: 1883
tot_msg_sent: 3494
tot_reconf_duration: 22.65
tot_sleeping_duration: 2308469.8249600413
tot_uptimes: 601
tot_uptimes_duration: 36022.374159953964
