comms_cons: 232.46350079737107
finished_reconf: true
global_termination_time: 2345496.3
local_termination_time: 889576.2315199982
node_cons: 48222.465795276934
tot_aggregated_send: 33814
tot_msg_rcv: 544
tot_msg_sent: 976
tot_reconf_duration: 12.629999999999999
tot_sleeping_duration: 2309495.3184800018
tot_uptimes: 601
tot_uptimes_duration: 36000.98151999817
