comms_cons: 240.36234239483488
finished_reconf: true
global_termination_time: 2344491.895359997
local_termination_time: 22610.97048
node_cons: 48231.89529691844
tot_aggregated_send: 30856
tot_msg_rcv: 1711
tot_msg_sent: 3964
tot_reconf_duration: 4.390000000000001
tot_sleeping_duration: 2308475.514720028
tot_uptimes: 601
tot_uptimes_duration: 36016.38063996943
