comms_cons: 239.98852478768936
finished_reconf: true
global_termination_time: 2345917.536
local_termination_time: 373402.0582000002
node_cons: 48208.27215787369
tot_aggregated_send: 31204
tot_msg_rcv: 1815
tot_msg_sent: 3454
tot_reconf_duration: 3.05
tot_sleeping_duration: 2309917.438720034
tot_uptimes: 601
tot_uptimes_duration: 36000.09727996582
