comms_cons: 464.9840830613379
finished_reconf: true
global_termination_time: 2344491.955759997
local_termination_time: 3363.1005999999998
node_cons: 48265.30306933616
tot_aggregated_send: 0
tot_msg_rcv: 35838
tot_msg_sent: 34834
tot_reconf_duration: 11.31
tot_sleeping_duration: 2308457.6435200144
tot_uptimes: 601
tot_uptimes_duration: 36034.31223998265
