comms_cons: 526.8304065547793
finished_reconf: true
global_termination_time: 3182820.253
local_termination_time: 2168563.706919999
node_cons: 65484.042082233056
tot_aggregated_send: 0
tot_msg_rcv: 40396
tot_msg_sent: 39679
tot_reconf_duration: 5.1
tot_sleeping_duration: 3133920.2408400043
tot_uptimes: 816
tot_uptimes_duration: 48900.012159995735
