comms_cons: 320.150572820468
finished_reconf: true
global_termination_time: 3182835.972
local_termination_time: 1109895.4205999998
node_cons: 65489.52022670071
tot_aggregated_send: 44486
tot_msg_rcv: 1388
tot_msg_sent: 2785
tot_reconf_duration: 9.11
tot_sleeping_duration: 3133935.935520014
tot_uptimes: 816
tot_uptimes_duration: 48900.036479986506
