comms_cons: 323.3498304302324
finished_reconf: true
global_termination_time: 3184610.938
local_termination_time: 975275.8245999998
node_cons: 65497.67636781771
tot_aggregated_send: 43848
tot_msg_rcv: 1933
tot_msg_sent: 3365
tot_reconf_duration: 15.110000000000001
tot_sleeping_duration: 3135710.8954400155
tot_uptimes: 816
tot_uptimes_duration: 48900.04255998437
