comms_cons: 320.8791360341083
finished_reconf: true
global_termination_time: 3183005.64
local_termination_time: 728473.1431199989
node_cons: 65492.02708781703
tot_aggregated_send: 44196
tot_msg_rcv: 1567
tot_msg_sent: 3008
tot_reconf_duration: 10.95
tot_sleeping_duration: 3134105.597440016
tot_uptimes: 816
tot_uptimes_duration: 48900.04255998391
