comms_cons: 107.56334079779182
finished_reconf: true
global_termination_time: 1082371.799
local_termination_time: 520024.75760000007
node_cons: 22272.064860000013
tot_aggregated_send: 15544
tot_msg_rcv: 295
tot_msg_sent: 510
tot_reconf_duration: 13.17
tot_sleeping_duration: 1065751.799
tot_uptimes: 278
tot_uptimes_duration: 16620.0
