comms_cons: 166.78992633895305
finished_reconf: true
global_termination_time: 954898.831
local_termination_time: 304887.8714800001
node_cons: 19633.75940558882
tot_aggregated_send: 0
tot_msg_rcv: 12831
tot_msg_sent: 12521
tot_reconf_duration: 22.65
tot_sleeping_duration: 940258.8006000083
tot_uptimes: 245
tot_uptimes_duration: 14640.030399991607
