comms_cons: 0.8881920000012884
finished_reconf: true
global_termination_time: 10753.57
local_termination_time: 7349.098360000001
node_cons: 167.6058000000005
tot_aggregated_send: 0
tot_msg_rcv: 70
tot_msg_sent: 65
tot_reconf_duration: 5.1
tot_sleeping_duration: 10633.57
tot_uptimes: 3
tot_uptimes_duration: 120.0
