comms_cons: 94.71187200372523
finished_reconf: true
global_termination_time: 194611.60052000085
local_termination_time: 194611.55940000084
node_cons: 12011.808707997747
tot_aggregated_send: 0
tot_msg_rcv: 5760
tot_msg_sent: 8634
tot_reconf_duration: 24.59
tot_sleeping_duration: 185665.80852000255
tot_uptimes: 148
tot_uptimes_duration: 8945.791999998297
