comms_cons: 20.027711999782362
finished_reconf: true
global_termination_time: 194612.29136000018
local_termination_time: 50249.50484000002
node_cons: 3971.020512038562
tot_aggregated_send: 2436
tot_msg_rcv: 201
tot_msg_sent: 408
tot_reconf_duration: 7.819999999999999
tot_sleeping_duration: 191654.56100000127
tot_uptimes: 50
tot_uptimes_duration: 2957.7303599989245
