comms_cons: 676.9529096219369
finished_reconf: true
global_termination_time: 3442719.722
local_termination_time: 2930.9813599999998
node_cons: 70787.1447655878
tot_aggregated_send: 0
tot_msg_rcv: 51783
tot_msg_sent: 51107
tot_reconf_duration: 5.57
tot_sleeping_duration: 3389859.691600008
tot_uptimes: 882
tot_uptimes_duration: 52860.03039999207
