comms_cons: 1664.9739924299793
finished_reconf: true
global_termination_time: 3441518.7545999996
local_termination_time: 3441518.7134799995
node_cons: 209126.01160504643
tot_aggregated_send: 0
tot_msg_rcv: 102215
tot_msg_sent: 150849
tot_reconf_duration: 37.410000000000004
tot_sleeping_duration: 3285375.954880019
tot_uptimes: 2560
tot_uptimes_duration: 156142.79971998054
