comms_cons: 677.577940027685
finished_reconf: true
global_termination_time: 3441519.3545999974
local_termination_time: 739.9494799999991
node_cons: 70807.0839362174
tot_aggregated_send: 0
tot_msg_rcv: 51872
tot_msg_sent: 51113
tot_reconf_duration: 5.1
tot_sleeping_duration: 3388643.9564400134
tot_uptimes: 882
tot_uptimes_duration: 52875.39815998431
