comms_cons: 348.8227904461329
finished_reconf: true
global_termination_time: 3447200.051
local_termination_time: 1852803.63136
node_cons: 70877.07224558399
tot_aggregated_send: 47444
tot_msg_rcv: 1868
tot_msg_sent: 3708
tot_reconf_duration: 12.629999999999999
tot_sleeping_duration: 3394280.0206000106
tot_uptimes: 883
tot_uptimes_duration: 52920.030399989104
