comms_cons: 346.16990083225534
finished_reconf: true
global_termination_time: 3442655.669
local_termination_time: 1065154.3050799987
node_cons: 70790.21654781759
tot_aggregated_send: 48198
tot_msg_rcv: 1515
tot_msg_sent: 2902
tot_reconf_duration: 7.819999999999999
tot_sleeping_duration: 3389795.626440016
tot_uptimes: 882
tot_uptimes_duration: 52860.04255998437
