comms_cons: 173.94088959454092
finished_reconf: true
global_termination_time: 1787276.479
local_termination_time: 884556.7310799976
node_cons: 36740.12546223349
tot_aggregated_send: 24940
tot_msg_rcv: 470
tot_msg_sent: 1028
tot_reconf_duration: 18.21
tot_sleeping_duration: 1759856.4668400048
tot_uptimes: 458
tot_uptimes_duration: 27420.01215999527
