comms_cons: 173.6119295942515
finished_reconf: true
global_termination_time: 1787947.106
local_termination_time: 1040900.3823599999
node_cons: 36721.3416199999
tot_aggregated_send: 24940
tot_msg_rcv: 505
tot_msg_sent: 943
tot_reconf_duration: 4.390000000000001
tot_sleeping_duration: 1760527.106
tot_uptimes: 458
tot_uptimes_duration: 27420.0
