comms_cons: 174.92776959620437
finished_reconf: true
global_termination_time: 1786991.911
local_termination_time: 1145810.2884399996
node_cons: 36730.73897999996
tot_aggregated_send: 25578
tot_msg_rcv: 352
tot_msg_sent: 658
tot_reconf_duration: 11.31
tot_sleeping_duration: 1759571.911
tot_uptimes: 458
tot_uptimes_duration: 27420.0
