comms_cons: 2.3027199999966115
finished_reconf: true
global_termination_time: 15867.159
local_termination_time: 8123.317360000001
node_cons: 328.2858000000017
tot_aggregated_send: 0
tot_msg_rcv: 178
tot_msg_sent: 172
tot_reconf_duration: 5.1
tot_sleeping_duration: 15627.159
tot_uptimes: 5
tot_uptimes_duration: 240.00000000000045
