comms_cons: 2.2764031999966985
finished_reconf: true
global_termination_time: 15643.128
local_termination_time: 10045.772359999999
node_cons: 337.5201999999995
tot_aggregated_send: 0
tot_msg_rcv: 181
tot_msg_sent: 165
tot_reconf_duration: 11.899999999999999
tot_sleeping_duration: 15403.128
tot_uptimes: 5
tot_uptimes_duration: 240.0
