comms_cons: 68.62763519815182
finished_reconf: true
global_termination_time: 681535.741
local_termination_time: 7372.57
node_cons: 13995.800904476586
tot_aggregated_send: 9383
tot_msg_rcv: 390
tot_msg_sent: 658
tot_reconf_duration: 12.23
tot_sleeping_duration: 671095.7166800026
tot_uptimes: 175
tot_uptimes_duration: 10440.024319997436
