comms_cons: 169.6847743928356
finished_reconf: true
global_termination_time: 1716812.54
local_termination_time: 494176.96036
node_cons: 35303.62554112136
tot_aggregated_send: 24708
tot_msg_rcv: 352
tot_msg_sent: 731
tot_reconf_duration: 25.299999999999997
tot_sleeping_duration: 1690472.533919999
tot_uptimes: 440
tot_uptimes_duration: 26340.00608000107
