comms_cons: 170.7094399915976
finished_reconf: true
global_termination_time: 1716359.162
local_termination_time: 628409.2167999983
node_cons: 35284.61897999986
tot_aggregated_send: 24476
tot_msg_rcv: 493
tot_msg_sent: 976
tot_reconf_duration: 11.31
tot_sleeping_duration: 1690019.162
tot_uptimes: 440
tot_uptimes_duration: 26340.0
