comms_cons: 121.03754239174111
finished_reconf: true
global_termination_time: 1194548.598
local_termination_time: 123277.80635999997
node_cons: 24528.494308939302
tot_aggregated_send: 16356
tot_msg_rcv: 712
tot_msg_sent: 1329
tot_reconf_duration: 18.21
tot_sleeping_duration: 1176248.5493600157
tot_uptimes: 306
tot_uptimes_duration: 18300.04863998451
