comms_cons: 117.95189759761614
finished_reconf: true
global_termination_time: 1192678.272
local_termination_time: 219789.8910800006
node_cons: 24524.531720000035
tot_aggregated_send: 17168
tot_msg_rcv: 252
tot_msg_sent: 508
tot_reconf_duration: 15.34
tot_sleeping_duration: 1174378.272
tot_uptimes: 306
tot_uptimes_duration: 18300.0
