comms_cons: 625.8895291931512
finished_reconf: true
global_termination_time: 1293135.3671599992
local_termination_time: 1293135.3260399993
node_cons: 78628.03312508418
tot_aggregated_send: 0
tot_msg_rcv: 38419
tot_msg_sent: 56706
tot_reconf_duration: 24.59
tot_sleeping_duration: 1234438.8474399946
tot_uptimes: 961
tot_uptimes_duration: 58696.51972000448
