comms_cons: 128.12268159787993
finished_reconf: true
global_termination_time: 1293443.465
local_termination_time: 445408.12336
node_cons: 26607.898980000038
tot_aggregated_send: 18676
tot_msg_rcv: 284
tot_msg_sent: 513
tot_reconf_duration: 11.31
tot_sleeping_duration: 1273583.465
tot_uptimes: 332
tot_uptimes_duration: 19860.0
