comms_cons: 289.81714539442424
finished_reconf: true
global_termination_time: 1503763.621
local_termination_time: 982710.1823599999
node_cons: 30961.67498223374
tot_aggregated_send: 0
tot_msg_rcv: 22427
tot_msg_sent: 21623
tot_reconf_duration: 22.65
tot_sleeping_duration: 1480663.6088400048
tot_uptimes: 386
tot_uptimes_duration: 23100.01215999527
