comms_cons: 287.76432619650865
finished_reconf: true
global_termination_time: 1502764.505
local_termination_time: 980719.5379599987
node_cons: 30857.108262233785
tot_aggregated_send: 0
tot_msg_rcv: 22135
tot_msg_sent: 21602
tot_reconf_duration: 4.8100000000000005
tot_sleeping_duration: 1479724.4928400046
tot_uptimes: 385
tot_uptimes_duration: 23040.01215999527
