comms_cons: 113.91890559463187
finished_reconf: true
global_termination_time: 1190037.48
local_termination_time: 5126.589
node_cons: 24439.316465593398
tot_aggregated_send: 15126
tot_msg_rcv: 745
tot_msg_sent: 1444
tot_reconf_duration: 11.719999999999999
tot_sleeping_duration: 1171797.449600005
tot_uptimes: 305
tot_uptimes_duration: 18240.03039999504
