comms_cons: 111.68254719639907
finished_reconf: true
global_termination_time: 1124096.899
local_termination_time: 5346.239
node_cons: 23092.021582241476
tot_aggregated_send: 15983
tot_msg_rcv: 352
tot_msg_sent: 640
tot_reconf_duration: 25.35
tot_sleeping_duration: 1106876.886839999
tot_uptimes: 288
tot_uptimes_duration: 17220.012160001075
