comms_cons: 111.24174079679376
finished_reconf: true
global_termination_time: 1122491.735
local_termination_time: 4000.709
node_cons: 23063.775182241756
tot_aggregated_send: 16119
tot_msg_rcv: 265
tot_msg_sent: 524
tot_reconf_duration: 4.55
tot_sleeping_duration: 1105271.722839999
tot_uptimes: 288
tot_uptimes_duration: 17220.012160001286
