comms_cons: 111.44391679778893
finished_reconf: true
global_termination_time: 1123994.163
local_termination_time: 6400.999
node_cons: 23073.512042240618
tot_aggregated_send: 16054
tot_msg_rcv: 302
tot_msg_sent: 582
tot_reconf_duration: 11.719999999999999
tot_sleeping_duration: 1106774.1508399996
tot_uptimes: 288
tot_uptimes_duration: 17220.012160000435
