comms_cons: 616.1336325519902
finished_reconf: true
global_termination_time: 3665036.667
local_termination_time: 2170161.90936
node_cons: 75365.87022334915
tot_aggregated_send: 0
tot_msg_rcv: 47156
tot_msg_sent: 46493
tot_reconf_duration: 5.1
tot_sleeping_duration: 3608756.6487600068
tot_uptimes: 939
tot_uptimes_duration: 56280.01823999314
