comms_cons: 369.47471365177296
finished_reconf: true
global_termination_time: 3663960.354
local_termination_time: 909229.1551999996
node_cons: 75364.95489005528
tot_aggregated_send: 50982
tot_msg_rcv: 1747
tot_msg_sent: 3429
tot_reconf_duration: 4.390000000000001
tot_sleeping_duration: 3607680.299280017
tot_uptimes: 939
tot_uptimes_duration: 56280.05471998284
