comms_cons: 365.6061440224979
finished_reconf: true
global_termination_time: 3664333.925
local_termination_time: 1250313.9683599998
node_cons: 75367.4156066998
tot_aggregated_send: 51098
tot_msg_rcv: 1566
tot_msg_sent: 2906
tot_reconf_duration: 6.22
tot_sleeping_duration: 3608053.8885200135
tot_uptimes: 939
tot_uptimes_duration: 56280.03647998627
