comms_cons: 321.38887683040645
finished_reconf: true
global_termination_time: 3181754.773
local_termination_time: 244403.59136000005
node_cons: 65421.54616782137
tot_aggregated_send: 44254
tot_msg_rcv: 1642
tot_msg_sent: 2954
tot_reconf_duration: 18.21
tot_sleeping_duration: 3132914.7304400126
tot_uptimes: 815
tot_uptimes_duration: 48840.04255998711
