comms_cons: 315.4534720105894
finished_reconf: true
global_termination_time: 3180566.038
local_termination_time: 607500.0013599999
node_cons: 65405.3370867003
tot_aggregated_send: 44370
tot_msg_rcv: 1236
tot_msg_sent: 2341
tot_reconf_duration: 6.279999999999999
tot_sleeping_duration: 3131726.001520014
tot_uptimes: 815
tot_uptimes_duration: 48840.03647998627
