comms_cons: 318.9852224168928
finished_reconf: true
global_termination_time: 3181254.036
local_termination_time: 519714.41364000045
node_cons: 65427.56754669998
tot_aggregated_send: 44370
tot_msg_rcv: 1398
tot_msg_sent: 2716
tot_reconf_duration: 22.65
tot_sleeping_duration: 3132413.9995200136
tot_uptimes: 815
tot_uptimes_duration: 48840.03647998604
