comms_cons: 199.46063358919727
finished_reconf: true
global_termination_time: 2013410.786
local_termination_time: 191509.11884000013
node_cons: 41381.664544471605
tot_aggregated_send: 28014
tot_msg_rcv: 847
tot_msg_sent: 1455
tot_reconf_duration: 4.8100000000000005
tot_sleeping_duration: 1982510.7616800063
tot_uptimes: 516
tot_uptimes_duration: 30900.024319993972
