comms_cons: 194.6522111940965
finished_reconf: true
global_termination_time: 2014554.098
local_termination_time: 816967.5194799999
node_cons: 41381.08604335479
tot_aggregated_send: 28130
tot_msg_rcv: 466
tot_msg_sent: 990
tot_reconf_duration: 4.390000000000001
tot_sleeping_duration: 1983654.0797600036
tot_uptimes: 516
tot_uptimes_duration: 30900.018239996338
