comms_cons: 195.55356159633746
finished_reconf: true
global_termination_time: 2011227.624
local_termination_time: 1156996.81736
node_cons: 41390.45897999991
tot_aggregated_send: 29116
tot_msg_rcv: 194
tot_msg_sent: 413
tot_reconf_duration: 11.31
tot_sleeping_duration: 1980327.624
tot_uptimes: 516
tot_uptimes_duration: 30900.000000000116
