comms_cons: 59.00884480073179
finished_reconf: true
global_termination_time: 607678.282
local_termination_time: 467562.45936000004
node_cons: 12460.272201121457
tot_aggregated_send: 8236
tot_msg_rcv: 260
tot_msg_sent: 473
tot_reconf_duration: 5.57
tot_sleeping_duration: 598378.275919999
tot_uptimes: 156
tot_uptimes_duration: 9300.006080001069
