comms_cons: 61.46616320046327
finished_reconf: true
global_termination_time: 607915.248
local_termination_time: 205880.1879600006
node_cons: 12459.240121121446
tot_aggregated_send: 8352
tot_msg_rcv: 355
tot_msg_sent: 635
tot_reconf_duration: 4.8100000000000005
tot_sleeping_duration: 598615.241919999
tot_uptimes: 156
tot_uptimes_duration: 9300.006080001069
