comms_cons: 61.03586560072226
finished_reconf: true
global_termination_time: 605745.2552400001
local_termination_time: 162623.72636000006
node_cons: 12477.72148160294
tot_aggregated_send: 8352
tot_msg_rcv: 397
tot_msg_sent: 528
tot_reconf_duration: 4.390000000000001
tot_sleeping_duration: 596431.0208399979
tot_uptimes: 156
tot_uptimes_duration: 9314.23440000217
