comms_cons: 94.24692481285946
finished_reconf: true
global_termination_time: 608508.737
local_termination_time: 173442.98660000006
node_cons: 12460.131302768628
tot_aggregated_send: 0
tot_msg_rcv: 7354
tot_msg_sent: 6971
tot_reconf_duration: 5.43
tot_sleeping_duration: 599208.6941599934
tot_uptimes: 156
tot_uptimes_duration: 9300.042840006441
