comms_cons: 2.454041599994384
finished_reconf: true
global_termination_time: 18551.299
local_termination_time: 3995.20636
node_cons: 325.5426399999999
tot_aggregated_send: 0
tot_msg_rcv: 199
tot_msg_sent: 174
tot_reconf_duration: 3.08
tot_sleeping_duration: 18311.299
tot_uptimes: 5
tot_uptimes_duration: 240.0
