comms_cons: 27.198412800108944
finished_reconf: true
global_termination_time: 277697.76084000024
local_termination_time: 184472.308
node_cons: 5759.765965281242
tot_aggregated_send: 4058
tot_msg_rcv: 29
tot_msg_sent: 46
tot_reconf_duration: 22.65
tot_sleeping_duration: 273419.1893199993
tot_uptimes: 72
tot_uptimes_duration: 4278.571520000929
