comms_cons: 42.92928000012758
finished_reconf: true
global_termination_time: 439358.6471600004
local_termination_time: 181258.474
node_cons: 9049.983806001957
tot_aggregated_send: 6436
tot_msg_rcv: 13
tot_msg_sent: 75
tot_reconf_duration: 6.279999999999999
tot_sleeping_duration: 432606.2531599989
tot_uptimes: 113
tot_uptimes_duration: 6752.394000001455
