comms_cons: 41.073945602156094
finished_reconf: true
global_termination_time: 209531.229
local_termination_time: 250.05003999999997
node_cons: 4288.786841121434
tot_aggregated_send: 0
tot_msg_rcv: 3188
tot_msg_sent: 3055
tot_reconf_duration: 22.65
tot_sleeping_duration: 206351.22291999892
tot_uptimes: 54
tot_uptimes_duration: 3180.0060800010688
