comms_cons: 57.673894400438925
finished_reconf: true
global_termination_time: 571319.422
local_termination_time: 462457.4040800002
node_cons: 11736.171980000012
tot_aggregated_send: 7888
tot_msg_rcv: 356
tot_msg_sent: 523
tot_reconf_duration: 4.8100000000000005
tot_sleeping_duration: 562559.422
tot_uptimes: 147
tot_uptimes_duration: 8760.0
