comms_cons: 277.87055361328555
finished_reconf: true
global_termination_time: 2768255.709
local_termination_time: 1340072.8354799997
node_cons: 56884.894464466706
tot_aggregated_send: 38860
tot_msg_rcv: 1164
tot_msg_sent: 2212
tot_reconf_duration: 3.05
tot_sleeping_duration: 2725775.684680009
tot_uptimes: 709
tot_uptimes_duration: 42480.024319991004
