comms_cons: 277.86979842169694
finished_reconf: true
global_termination_time: 2765930.185
local_termination_time: 1340081.1403999992
node_cons: 56891.388406700724
tot_aggregated_send: 38512
tot_msg_rcv: 1282
tot_msg_sent: 2442
tot_reconf_duration: 7.819999999999999
tot_sleeping_duration: 2723450.148520014
tot_uptimes: 709
tot_uptimes_duration: 42480.03647998627
