comms_cons: 130.55827199854858
finished_reconf: true
global_termination_time: 1324361.528
local_termination_time: 226609.69380000027
node_cons: 27266.018700000037
tot_aggregated_send: 19140
tot_msg_rcv: 259
tot_msg_sent: 445
tot_reconf_duration: 22.65
tot_sleeping_duration: 1304021.528
tot_uptimes: 340
tot_uptimes_duration: 20340.0
