comms_cons: 130.0385151988395
finished_reconf: true
global_termination_time: 1323465.4254799997
local_termination_time: 1323465.3843599998
node_cons: 27224.08121984127
tot_aggregated_send: 19230
tot_msg_rcv: 178
tot_msg_sent: 357
tot_reconf_duration: 37.410000000000004
tot_sleeping_duration: 1303171.7149199988
tot_uptimes: 339
tot_uptimes_duration: 20293.71056000091
