comms_cons: 129.79445759782865
finished_reconf: true
global_termination_time: 1325829.668
local_termination_time: 434585.8672000006
node_cons: 27255.779380000025
tot_aggregated_send: 19024
tot_msg_rcv: 197
tot_msg_sent: 507
tot_reconf_duration: 15.110000000000001
tot_sleeping_duration: 1305489.668
tot_uptimes: 340
tot_uptimes_duration: 20340.0
