comms_cons: 127.88053759871025
finished_reconf: true
global_termination_time: 1326618.904
local_termination_time: 538166.3236399981
node_cons: 27255.133244957542
tot_aggregated_send: 19140
tot_msg_rcv: 46
tot_msg_sent: 252
tot_reconf_duration: 12.629999999999999
tot_sleeping_duration: 1306276.8713600019
tot_uptimes: 340
tot_uptimes_duration: 20342.032639998128
