comms_cons: 2.335615999992282
finished_reconf: true
global_termination_time: 17577.439
local_termination_time: 10908.40536
node_cons: 327.8919800000018
tot_aggregated_send: 0
tot_msg_rcv: 183
tot_msg_sent: 172
tot_reconf_duration: 4.8100000000000005
tot_sleeping_duration: 17337.439
tot_uptimes: 5
tot_uptimes_duration: 240.0
