comms_cons: 2.2044927999947195
finished_reconf: true
global_termination_time: 14957.86924000001
local_termination_time: 851.1983199999988
node_cons: 326.9649293600156
tot_aggregated_send: 0
tot_msg_rcv: 166
tot_msg_sent: 170
tot_reconf_duration: 9.42
tot_sleeping_duration: 14723.237
tot_uptimes: 4
tot_uptimes_duration: 234.63224000001173
