comms_cons: 334.0431168159734
finished_reconf: true
global_termination_time: 3392197.734
local_termination_time: 923101.1523599998
node_cons: 69759.90616781678
tot_aggregated_send: 47386
tot_msg_rcv: 1107
tot_msg_sent: 2277
tot_reconf_duration: 18.21
tot_sleeping_duration: 3340117.6914400165
tot_uptimes: 869
tot_uptimes_duration: 52080.04255998385
