comms_cons: 332.1509119929862
finished_reconf: true
global_termination_time: 3394450.67
local_termination_time: 2625046.8634799994
node_cons: 69830.33009999807
tot_aggregated_send: 48894
tot_msg_rcv: 539
tot_msg_sent: 1052
tot_reconf_duration: 10.95
tot_sleeping_duration: 3342310.67
tot_uptimes: 870
tot_uptimes_duration: 52140.0
