comms_cons: 344.0200192357663
finished_reconf: true
global_termination_time: 3392486.15
local_termination_time: 638205.2543599999
node_cons: 69739.38401675229
tot_aggregated_send: 46110
tot_msg_rcv: 2040
tot_msg_sent: 4138
tot_reconf_duration: 3.05
tot_sleeping_duration: 3340406.058800034
tot_uptimes: 869
tot_uptimes_duration: 52080.09119996545
