comms_cons: 348.44700163844493
finished_reconf: true
global_termination_time: 3393650.08
local_termination_time: 1109239.51336
node_cons: 69836.37313116813
tot_aggregated_send: 45008
tot_msg_rcv: 2558
tot_msg_sent: 5396
tot_reconf_duration: 15.34
tot_sleeping_duration: 3341510.019200023
tot_uptimes: 870
tot_uptimes_duration: 52140.06079997728
