comms_cons: 282.0042496081276
finished_reconf: true
global_termination_time: 2811008.885
local_termination_time: 149817.179
node_cons: 57869.61059117711
tot_aggregated_send: 39092
tot_msg_rcv: 1107
tot_msg_sent: 2664
tot_reconf_duration: 18.21
tot_sleeping_duration: 2767808.824200016
tot_uptimes: 720
tot_uptimes_duration: 43200.06079998368
