comms_cons: 281.54370560780745
finished_reconf: true
global_termination_time: 2808686.508
local_termination_time: 1849809.8620799987
node_cons: 57865.66428446705
tot_aggregated_send: 39440
tot_msg_rcv: 1043
tot_msg_sent: 2310
tot_reconf_duration: 15.34
tot_sleeping_duration: 2765486.483680009
tot_uptimes: 720
tot_uptimes_duration: 43200.024319991004
