comms_cons: 281.485619218144
finished_reconf: true
global_termination_time: 2808658.04
local_termination_time: 1787356.76236
node_cons: 57870.235305584334
tot_aggregated_send: 39266
tot_msg_rcv: 1033
tot_msg_sent: 2484
tot_reconf_duration: 18.700000000000003
tot_sleeping_duration: 2765458.009600011
tot_uptimes: 720
tot_uptimes_duration: 43200.03039998887
