comms_cons: 282.428492826348
finished_reconf: true
global_termination_time: 2811157.373
local_termination_time: 1150489.994879999
node_cons: 57864.416686856646
tot_aggregated_send: 39208
tot_msg_rcv: 1170
tot_msg_sent: 2548
tot_reconf_duration: 14.4
tot_sleeping_duration: 2767957.3270800165
tot_uptimes: 720
tot_uptimes_duration: 43200.045919983415
