comms_cons: 284.2082816083986
finished_reconf: true
global_termination_time: 2811221.558
local_termination_time: 539796.2931999996
node_cons: 57855.91381005141
tot_aggregated_send: 39092
tot_msg_rcv: 1434
tot_msg_sent: 2672
tot_reconf_duration: 8.129999999999999
tot_sleeping_duration: 2768021.503280021
tot_uptimes: 720
tot_uptimes_duration: 43200.05471997941
