comms_cons: 282.98192000534135
finished_reconf: true
global_termination_time: 2810837.779
local_termination_time: 1841813.1581999995
node_cons: 57852.198363350006
tot_aggregated_send: 39092
tot_msg_rcv: 1250
tot_msg_sent: 2668
tot_reconf_duration: 5.43
tot_sleeping_duration: 2767637.7607600065
tot_uptimes: 720
tot_uptimes_duration: 43200.01823999337
