comms_cons: 105.28098559056635
finished_reconf: true
global_termination_time: 1037553.167
local_termination_time: 387405.3357600004
node_cons: 21308.033706705603
tot_aggregated_send: 13920
tot_msg_rcv: 691
tot_msg_sent: 1392
tot_reconf_duration: 13.17
tot_sleeping_duration: 1021653.1305200107
tot_uptimes: 266
tot_uptimes_duration: 15900.036479989241
