comms_cons: 106.08704638972802
finished_reconf: true
global_termination_time: 1036356.599
local_termination_time: 535825.0483599989
node_cons: 21294.323345584136
tot_aggregated_send: 13630
tot_msg_rcv: 877
tot_msg_sent: 1618
tot_reconf_duration: 3.08
tot_sleeping_duration: 1020456.5686000119
tot_uptimes: 266
tot_uptimes_duration: 15900.030399988173
