comms_cons: 102.9509759981236
finished_reconf: true
global_termination_time: 1038326.554
local_termination_time: 678239.8643599999
node_cons: 21310.62752111684
tot_aggregated_send: 13978
tot_msg_rcv: 576
tot_msg_sent: 1094
tot_reconf_duration: 15.110000000000001
tot_sleeping_duration: 1022426.5479200024
tot_uptimes: 266
tot_uptimes_duration: 15900.00607999763
