comms_cons: 105.99874559416332
finished_reconf: true
global_termination_time: 1036001.1741200001
local_termination_time: 3289.7122800000016
node_cons: 21342.608987511787
tot_aggregated_send: 13804
tot_msg_rcv: 757
tot_msg_sent: 1551
tot_reconf_duration: 22.65
tot_sleeping_duration: 1020084.9304400062
tot_uptimes: 266
tot_uptimes_duration: 15916.243679993844
