comms_cons: 102.52783999613693
finished_reconf: true
global_termination_time: 1041545.118
local_termination_time: 676731.8174799999
node_cons: 21386.6246233506
tot_aggregated_send: 14558
tot_msg_rcv: 339
tot_msg_sent: 686
tot_reconf_duration: 11.899999999999999
tot_sleeping_duration: 1025585.099760007
tot_uptimes: 267
tot_uptimes_duration: 15960.018239992933
