comms_cons: 102.93816319814482
finished_reconf: true
global_termination_time: 1037037.409
local_termination_time: 674456.3919599997
node_cons: 21296.077902238314
tot_aggregated_send: 14732
tot_msg_rcv: 332
tot_msg_sent: 582
tot_reconf_duration: 4.390000000000001
tot_sleeping_duration: 1021137.3968400012
tot_uptimes: 266
tot_uptimes_duration: 15900.012159998703
