comms_cons: 69.46319360055092
finished_reconf: true
global_termination_time: 700687.275
local_termination_time: 89941.24435999998
node_cons: 14397.020200000034
tot_aggregated_send: 10034
tot_msg_rcv: 187
tot_msg_sent: 337
tot_reconf_duration: 11.899999999999999
tot_sleeping_duration: 689947.275
tot_uptimes: 180
tot_uptimes_duration: 10740.0
