comms_cons: 68.7131647986784
finished_reconf: true
global_termination_time: 700635.479
local_termination_time: 232579.815
node_cons: 14386.829761116873
tot_aggregated_send: 10203
tot_msg_rcv: 66
tot_msg_sent: 175
tot_reconf_duration: 4.390000000000001
tot_sleeping_duration: 689895.4729200024
tot_uptimes: 180
tot_uptimes_duration: 10740.006079997635
