comms_cons: 1.7040127999943702
finished_reconf: true
global_termination_time: 18869.447
local_termination_time: 10946.612360000001
node_cons: 339.24486000000013
tot_aggregated_send: 0
tot_msg_rcv: 136
tot_msg_sent: 123
tot_reconf_duration: 13.17
tot_sleeping_duration: 18629.447
tot_uptimes: 5
tot_uptimes_duration: 240.0
