comms_cons: 115.09119999211487
finished_reconf: true
global_termination_time: 1134659.75248
local_termination_time: 61851.017
node_cons: 23349.06140995696
tot_aggregated_send: 15425
tot_msg_rcv: 702
tot_msg_sent: 1368
tot_reconf_duration: 4.8100000000000005
tot_sleeping_duration: 1117226.9448400023
tot_uptimes: 291
tot_uptimes_duration: 17432.807639997707
