comms_cons: 111.76744959851108
finished_reconf: true
global_termination_time: 1135107.399
local_termination_time: 609777.5473599999
node_cons: 23304.561620000055
tot_aggregated_send: 16240
tot_msg_rcv: 302
tot_msg_sent: 446
tot_reconf_duration: 4.390000000000001
tot_sleeping_duration: 1117707.399
tot_uptimes: 291
tot_uptimes_duration: 17400.0
