comms_cons: 330.0102974094567
finished_reconf: true
global_termination_time: 1134659.1835999999
local_termination_time: 1134659.14248
node_cons: 46246.42903179554
tot_aggregated_send: 0
tot_msg_rcv: 16822
tot_msg_sent: 33336
tot_reconf_duration: 24.59
tot_sleeping_duration: 1100146.0874000026
tot_uptimes: 570
tot_uptimes_duration: 34513.096199997046
