comms_cons: 77.67527040064957
finished_reconf: true
global_termination_time: 770820.1644399986
local_termination_time: 770820.1233199986
node_cons: 15925.20192264378
tot_aggregated_send: 10774
tot_msg_rcv: 348
tot_msg_sent: 684
tot_reconf_duration: 24.59
tot_sleeping_duration: 758951.7486799958
tot_uptimes: 198
tot_uptimes_duration: 11868.415760002797
