comms_cons: 31.521574399925147
finished_reconf: true
global_termination_time: 12089.969240000002
local_termination_time: 1355.1767200000027
node_cons: 3544.5751907200256
tot_aggregated_send: 0
tot_msg_rcv: 2451
tot_msg_sent: 2340
tot_reconf_duration: 18.21
tot_sleeping_duration: 9461.256759999984
tot_uptimes: 38
tot_uptimes_duration: 2628.712480000018
