comms_cons: 2.2829823999966403
finished_reconf: true
global_termination_time: 14373.486
local_termination_time: 10158.587960000003
node_cons: 246.98161999999923
tot_aggregated_send: 0
tot_msg_rcv: 177
tot_msg_sent: 170
tot_reconf_duration: 4.390000000000001
tot_sleeping_duration: 14193.486
tot_uptimes: 4
tot_uptimes_duration: 180.0
