comms_cons: 106.77308159015719
finished_reconf: true
global_termination_time: 1059096.808
local_termination_time: 473934.59636
node_cons: 21806.55438782704
tot_aggregated_send: 13688
tot_msg_rcv: 923
tot_msg_sent: 1617
tot_reconf_duration: 25.299999999999997
tot_sleeping_duration: 1042836.7654400097
tot_uptimes: 272
tot_uptimes_duration: 16260.04255999031
