comms_cons: 107.95528959282076
finished_reconf: true
global_termination_time: 1057543.291
local_termination_time: 532223.1043599999
node_cons: 21696.039627827
tot_aggregated_send: 13572
tot_msg_rcv: 918
tot_msg_sent: 1918
tot_reconf_duration: 3.08
tot_sleeping_duration: 1041343.2484400097
tot_uptimes: 271
tot_uptimes_duration: 16200.04255999031
