comms_cons: 103.94443519199633
finished_reconf: true
global_termination_time: 1057053.231
local_termination_time: 495130.3495600007
node_cons: 21702.835066705655
tot_aggregated_send: 13688
tot_msg_rcv: 635
tot_msg_sent: 1477
tot_reconf_duration: 8.09
tot_sleeping_duration: 1040853.1945200107
tot_uptimes: 271
tot_uptimes_duration: 16200.036479989241
