comms_cons: 104.39342079201339
finished_reconf: true
global_termination_time: 1061644.325
local_termination_time: 706481.151999998
node_cons: 21786.778414107535
tot_aggregated_send: 13804
tot_msg_rcv: 604
tot_msg_sent: 1460
tot_reconf_duration: 9.11
tot_sleeping_duration: 1045382.6319200093
tot_uptimes: 272
tot_uptimes_duration: 16261.693079990684
