comms_cons: 107.9791423914962
finished_reconf: true
global_termination_time: 1061717.189
local_termination_time: 167031.45484000057
node_cons: 21802.939405597983
tot_aggregated_send: 14152
tot_msg_rcv: 763
tot_msg_sent: 1498
tot_reconf_duration: 22.65
tot_sleeping_duration: 1045457.1586000016
tot_uptimes: 272
tot_uptimes_duration: 16260.030399998475
