comms_cons: 103.5111807968891
finished_reconf: true
global_termination_time: 1057061.368
local_termination_time: 557096.4033599988
node_cons: 21717.219023350466
tot_aggregated_send: 14616
tot_msg_rcv: 370
tot_msg_sent: 748
tot_reconf_duration: 18.700000000000003
tot_sleeping_duration: 1040861.3497600071
tot_uptimes: 271
tot_uptimes_duration: 16200.018239992904
