comms_cons: 106.65535359619905
finished_reconf: true
global_termination_time: 1059181.63
local_termination_time: 678718.1577999995
node_cons: 21788.300200000063
tot_aggregated_send: 14674
tot_msg_rcv: 503
tot_msg_sent: 1033
tot_reconf_duration: 11.899999999999999
tot_sleeping_duration: 1042921.6299999999
tot_uptimes: 272
tot_uptimes_duration: 16260.0
