comms_cons: 105.43825919290506
finished_reconf: true
global_termination_time: 1057199.088
local_termination_time: 404717.76648
node_cons: 21697.77790223824
tot_aggregated_send: 14210
tot_msg_rcv: 561
tot_msg_sent: 1255
tot_reconf_duration: 4.390000000000001
tot_sleeping_duration: 1040999.0758400013
tot_uptimes: 271
tot_uptimes_duration: 16200.012159998703
