comms_cons: 107.66860799105524
finished_reconf: true
global_termination_time: 1057336.366
local_termination_time: 387043.88236000005
node_cons: 21699.230927831566
tot_aggregated_send: 14036
tot_msg_rcv: 756
tot_msg_sent: 1573
tot_reconf_duration: 5.43
tot_sleeping_duration: 1041136.3234400062
tot_uptimes: 271
tot_uptimes_duration: 16200.042559993686
