comms_cons: 24.770688000562146
finished_reconf: true
global_termination_time: 236745.804
local_termination_time: 113669.51135999996
node_cons: 4854.77368224285
tot_aggregated_send: 3074
tot_msg_rcv: 307
tot_msg_sent: 384
tot_reconf_duration: 25.299999999999997
tot_sleeping_duration: 233145.79183999787
tot_uptimes: 61
tot_uptimes_duration: 3600.0121600021375
