comms_cons: 24.651571200351352
finished_reconf: true
global_termination_time: 233702.329
local_termination_time: 11108.46048
node_cons: 4755.443403360591
tot_aggregated_send: 2784
tot_msg_rcv: 330
tot_msg_sent: 632
tot_reconf_duration: 11.31
tot_sleeping_duration: 230162.31075999956
tot_uptimes: 60
tot_uptimes_duration: 3540.0182400004396
