comms_cons: 110.3081215899305
finished_reconf: true
global_termination_time: 1067130.7
local_termination_time: 289830.12436
node_cons: 21950.73742447194
tot_aggregated_send: 14094
tot_msg_rcv: 937
tot_msg_sent: 1736
tot_reconf_duration: 13.17
tot_sleeping_duration: 1050750.675680006
tot_uptimes: 274
tot_uptimes_duration: 16380.024319993972
