comms_cons: 109.03175679351415
finished_reconf: true
global_termination_time: 1064972.294
local_termination_time: 368296.3660000005
node_cons: 21863.515066719454
tot_aggregated_send: 13630
tot_msg_rcv: 1089
tot_msg_sent: 1855
tot_reconf_duration: 8.09
tot_sleeping_duration: 1048652.2575200005
tot_uptimes: 273
tot_uptimes_duration: 16320.036479999544
