comms_cons: 108.62259199599069
finished_reconf: true
global_termination_time: 1068481.146
local_termination_time: 433685.10752000037
node_cons: 21945.62050112144
tot_aggregated_send: 14558
tot_msg_rcv: 683
tot_msg_sent: 1269
tot_reconf_duration: 9.42
tot_sleeping_duration: 1052101.1399199988
tot_uptimes: 274
tot_uptimes_duration: 16380.006080001069
