comms_cons: 109.288531188046
finished_reconf: true
global_termination_time: 1066584.95
local_termination_time: 382053.45336000004
node_cons: 21939.38454447196
tot_aggregated_send: 14094
tot_msg_rcv: 888
tot_msg_sent: 1629
tot_reconf_duration: 4.8100000000000005
tot_sleeping_duration: 1050204.925680006
tot_uptimes: 274
tot_uptimes_duration: 16380.024319993972
