comms_cons: 210.74229748810626
finished_reconf: true
global_termination_time: 1066939.494
local_termination_time: 2239.5654800000025
node_cons: 21936.98632335513
tot_aggregated_send: 0
tot_msg_rcv: 16186
tot_msg_sent: 15843
tot_reconf_duration: 3.05
tot_sleeping_duration: 1050559.4757600036
tot_uptimes: 274
tot_uptimes_duration: 16380.018239996338
