comms_cons: 41.347027201205876
finished_reconf: true
global_termination_time: 401531.495
local_termination_time: 218343.58036000005
node_cons: 8209.582664485708
tot_aggregated_send: 5220
tot_msg_rcv: 375
tot_msg_sent: 689
tot_reconf_duration: 10.95
tot_sleeping_duration: 395411.4706799957
tot_uptimes: 103
tot_uptimes_duration: 6120.024320004275
