comms_cons: 40.71136000076849
finished_reconf: true
global_termination_time: 398506.213
local_termination_time: 213994.6495600007
node_cons: 8202.062081121432
tot_aggregated_send: 5452
tot_msg_rcv: 275
tot_msg_sent: 461
tot_reconf_duration: 5.43
tot_sleeping_duration: 392386.2069199989
tot_uptimes: 103
tot_uptimes_duration: 6120.006080001069
