comms_cons: 120.15063678426993
finished_reconf: true
global_termination_time: 1216460.6432400001
local_termination_time: 189984.1658400001
node_cons: 25029.708146214623
tot_aggregated_send: 11484
tot_msg_rcv: 2600
tot_msg_sent: 4183
tot_reconf_duration: 18.21
tot_sleeping_duration: 1197786.2750800191
tot_uptimes: 312
tot_uptimes_duration: 18674.368159981037
