comms_cons: 118.12295679854866
finished_reconf: true
global_termination_time: 1219995.949
local_termination_time: 286799.33088000043
node_cons: 25076.69956000005
tot_aggregated_send: 17168
tot_msg_rcv: 269
tot_msg_sent: 517
tot_reconf_duration: 7.819999999999999
tot_sleeping_duration: 1201275.949
tot_uptimes: 313
tot_uptimes_duration: 18720.0
