comms_cons: 311.25274240122303
finished_reconf: true
global_termination_time: 3153308.002
local_termination_time: 2056183.92336
node_cons: 64868.75368223271
tot_aggregated_send: 44486
tot_msg_rcv: 910
tot_msg_sent: 1911
tot_reconf_duration: 25.299999999999997
tot_sleeping_duration: 3104887.989840004
tot_uptimes: 808
tot_uptimes_duration: 48420.0121599955
