comms_cons: 316.90095361609593
finished_reconf: true
global_termination_time: 3151987.665
local_termination_time: 1644987.127479998
node_cons: 64934.99265830116
tot_aggregated_send: 44602
tot_msg_rcv: 1300
tot_msg_sent: 2265
tot_reconf_duration: 9.11
tot_sleeping_duration: 3103501.7641200135
tot_uptimes: 808
tot_uptimes_duration: 48485.90087998682
