comms_cons: 319.0786688357487
finished_reconf: true
global_termination_time: 3152954.848
local_termination_time: 1443452.899879998
node_cons: 64857.12513213515
tot_aggregated_send: 43500
tot_msg_rcv: 1693
tot_msg_sent: 3306
tot_reconf_duration: 12.629999999999999
tot_sleeping_duration: 3104530.6705600177
tot_uptimes: 808
tot_uptimes_duration: 48424.177439982304
