comms_cons: 313.8596992033329
finished_reconf: true
global_termination_time: 3153103.238
local_termination_time: 2062269.656999998
node_cons: 64842.85332574673
tot_aggregated_send: 43848
tot_msg_rcv: 1299
tot_msg_sent: 2557
tot_reconf_duration: 6.22
tot_sleeping_duration: 3104683.218160009
tot_uptimes: 808
tot_uptimes_duration: 48420.01983999112
