comms_cons: 107.46325759463807
finished_reconf: true
global_termination_time: 1049277.509
local_termination_time: 247902.8442400005
node_cons: 21551.984284476555
tot_aggregated_send: 14210
tot_msg_rcv: 795
tot_msg_sent: 1328
tot_reconf_duration: 15.34
tot_sleeping_duration: 1033197.4846800027
tot_uptimes: 269
tot_uptimes_duration: 16080.024319997407
