comms_cons: 102.53617919930004
finished_reconf: true
global_termination_time: 1045757.932
local_termination_time: 334276.1076000005
node_cons: 21476.17459999997
tot_aggregated_send: 15254
tot_msg_rcv: 115
tot_msg_sent: 215
tot_reconf_duration: 18.700000000000003
tot_sleeping_duration: 1029737.932
tot_uptimes: 268
tot_uptimes_duration: 16020.0
