comms_cons: 103.86583039911017
finished_reconf: true
global_termination_time: 1050074.686
local_termination_time: 530138.7673599998
node_cons: 21545.990099999966
tot_aggregated_send: 15138
tot_msg_rcv: 253
tot_msg_sent: 396
tot_reconf_duration: 10.95
tot_sleeping_duration: 1033994.686
tot_uptimes: 269
tot_uptimes_duration: 16080.0
