comms_cons: 105.9652223938543
finished_reconf: true
global_termination_time: 1047421.003
local_termination_time: 383015.8939200008
node_cons: 21535.310746705687
tot_aggregated_send: 14152
tot_msg_rcv: 554
tot_msg_sent: 1400
tot_reconf_duration: 3.05
tot_sleeping_duration: 1031340.9665200107
tot_uptimes: 269
tot_uptimes_duration: 16080.036479989241
