comms_cons: 107.85521279401482
finished_reconf: true
global_termination_time: 1046830.746
local_termination_time: 208073.99216000034
node_cons: 21539.591183359727
tot_aggregated_send: 14210
tot_msg_rcv: 846
tot_msg_sent: 1338
tot_reconf_duration: 6.22
tot_sleeping_duration: 1030750.7277600003
tot_uptimes: 269
tot_uptimes_duration: 16080.018239999772
