comms_cons: 72.02473600398434
finished_reconf: true
global_termination_time: 708553.247
local_termination_time: 76743.32691999956
node_cons: 14568.156205936926
tot_aggregated_send: 5742
tot_msg_rcv: 1839
tot_msg_sent: 3369
tot_reconf_duration: 18.21
tot_sleeping_duration: 697691.8377199874
tot_uptimes: 182
tot_uptimes_duration: 10861.409280012624
