comms_cons: 68.95659520066069
finished_reconf: true
global_termination_time: 709467.184
local_termination_time: 158978.06936000008
node_cons: 14559.43300112145
tot_aggregated_send: 9744
tot_msg_rcv: 282
tot_msg_sent: 455
tot_reconf_duration: 13.17
tot_sleeping_duration: 698607.177919999
tot_uptimes: 182
tot_uptimes_duration: 10860.006080001054
