comms_cons: 251.31228158777472
finished_reconf: true
global_termination_time: 2575335.227
local_termination_time: 1898519.7925199992
node_cons: 52964.9190891479
tot_aggregated_send: 35786
tot_msg_rcv: 786
tot_msg_sent: 1626
tot_reconf_duration: 15.34
tot_sleeping_duration: 2535795.206560008
tot_uptimes: 660
tot_uptimes_duration: 39540.020439991495
