comms_cons: 256.19831039486473
finished_reconf: true
global_termination_time: 2574189.0581199965
local_termination_time: 46183.04400000019
node_cons: 53024.06873038508
tot_aggregated_send: 36250
tot_msg_rcv: 812
tot_msg_sent: 1878
tot_reconf_duration: 25.299999999999997
tot_sleeping_duration: 2534614.964520007
tot_uptimes: 660
tot_uptimes_duration: 39574.09359998947
