comms_cons: 255.56666878709882
finished_reconf: true
global_termination_time: 2575632.732
local_termination_time: 1745031.3876799985
node_cons: 52959.451544466894
tot_aggregated_send: 35786
tot_msg_rcv: 854
tot_msg_sent: 2203
tot_reconf_duration: 11.31
tot_sleeping_duration: 2536092.7076800093
tot_uptimes: 660
tot_uptimes_duration: 39540.02431999077
