comms_cons: 194.62589439002127
finished_reconf: true
global_termination_time: 1952850.7474799987
local_termination_time: 1952850.7063599988
node_cons: 40256.954184073285
tot_aggregated_send: 28000
tot_msg_rcv: 561
tot_msg_sent: 1020
tot_reconf_duration: 24.59
tot_sleeping_duration: 1922810.7467600035
tot_uptimes: 501
tot_uptimes_duration: 30040.00071999518
