comms_cons: 625.0023483944083
finished_reconf: true
global_termination_time: 1291830.679759998
local_termination_time: 1291830.679759998
node_cons: 78521.83762423007
tot_aggregated_send: 0
tot_msg_rcv: 38369
tot_msg_sent: 56627
tot_reconf_duration: 24.59
tot_sleeping_duration: 1233213.4696000041
tot_uptimes: 963
tot_uptimes_duration: 58617.21015999395
