comms_cons: 129.40033279543235
finished_reconf: true
global_termination_time: 1295573.681
local_termination_time: 352814.9694800001
node_cons: 26596.698182238368
tot_aggregated_send: 18328
tot_msg_rcv: 467
tot_msg_sent: 873
tot_reconf_duration: 3.05
tot_sleeping_duration: 1275713.6688400013
tot_uptimes: 332
tot_uptimes_duration: 19860.012159998703
