comms_cons: 126.9522239975049
finished_reconf: true
global_termination_time: 1293910.193
local_termination_time: 249419.33436000004
node_cons: 26603.159560000015
tot_aggregated_send: 18270
tot_msg_rcv: 326
tot_msg_sent: 701
tot_reconf_duration: 7.819999999999999
tot_sleeping_duration: 1274050.193
tot_uptimes: 332
tot_uptimes_duration: 19860.0
