comms_cons: 10.516070399966456
finished_reconf: true
global_termination_time: 90454.3295999994
local_termination_time: 90454.3295999994
node_cons: 1972.7284068797849
tot_aggregated_send: 682
tot_msg_rcv: 210
tot_msg_sent: 709
tot_reconf_duration: 24.59
tot_sleeping_duration: 89005.98367999955
tot_uptimes: 24
tot_uptimes_duration: 1448.3459199998451
