comms_cons: 10.414873600117657
finished_reconf: true
global_termination_time: 96429.339
local_termination_time: 7845.451120000001
node_cons: 1938.7958422402978
tot_aggregated_send: 986
tot_msg_rcv: 194
tot_msg_sent: 403
tot_reconf_duration: 7.819999999999999
tot_sleeping_duration: 94989.32683999978
tot_uptimes: 25
tot_uptimes_duration: 1440.0121600002221
