comms_cons: 449.53585925415354
finished_reconf: true
global_termination_time: 4536155.347
local_termination_time: 2132354.511959999
node_cons: 93278.96334558263
tot_aggregated_send: 62814
tot_msg_rcv: 1939
tot_msg_sent: 3573
tot_reconf_duration: 3.08
tot_sleeping_duration: 4466495.316600011
tot_uptimes: 1162
tot_uptimes_duration: 69660.03039998887
