comms_cons: 448.9981312292925
finished_reconf: true
global_termination_time: 4534391.959
local_termination_time: 1841841.020239999
node_cons: 93287.1439444652
tot_aggregated_send: 63394
tot_msg_rcv: 1657
tot_msg_sent: 3195
tot_reconf_duration: 9.11
tot_sleeping_duration: 4464731.934680009
tot_uptimes: 1162
tot_uptimes_duration: 69660.02431999077
