comms_cons: 448.07704324258464
finished_reconf: true
global_termination_time: 4534625.789
local_termination_time: 1548906.2263599997
node_cons: 93295.2919444652
tot_aggregated_send: 63510
tot_msg_rcv: 1671
tot_msg_sent: 2924
tot_reconf_duration: 15.110000000000001
tot_sleeping_duration: 4464965.764680008
tot_uptimes: 1162
tot_uptimes_duration: 69660.024319991
