comms_cons: 460.2987329264777
finished_reconf: true
global_termination_time: 4536473.903
local_termination_time: 682147.09436
node_cons: 93281.33710893341
tot_aggregated_send: 62466
tot_msg_rcv: 2614
tot_msg_sent: 4881
tot_reconf_duration: 4.8100000000000005
tot_sleeping_duration: 4466813.854360018
tot_uptimes: 1162
tot_uptimes_duration: 69660.04863998201
