comms_cons: 458.12864010286637
finished_reconf: true
global_termination_time: 4537030.009
local_termination_time: 684170.5724799999
node_cons: 93280.75046669938
tot_aggregated_send: 62698
tot_msg_rcv: 2288
tot_msg_sent: 4646
tot_reconf_duration: 4.390000000000001
tot_sleeping_duration: 4467369.972520013
tot_uptimes: 1162
tot_uptimes_duration: 69660.0364799865
