comms_cons: 453.1487488584453
finished_reconf: true
global_termination_time: 4534733.561
local_termination_time: 1302768.49036
node_cons: 93285.4165478166
tot_aggregated_send: 63742
tot_msg_rcv: 1648
tot_msg_sent: 3484
tot_reconf_duration: 7.819999999999999
tot_sleeping_duration: 4465073.518440016
tot_uptimes: 1162
tot_uptimes_duration: 69660.04255998437
