comms_cons: 61.47792640012429
finished_reconf: true
global_termination_time: 587963.85624
local_termination_time: 41440.613480000015
node_cons: 12079.90785832692
tot_aggregated_send: 7482
tot_msg_rcv: 686
tot_msg_sent: 1177
tot_reconf_duration: 6.22
tot_sleeping_duration: 578948.5753599949
tot_uptimes: 151
tot_uptimes_duration: 9015.280880005157
