comms_cons: 281.0173696018429
finished_reconf: true
global_termination_time: 2810928.74
local_termination_time: 5493.283
node_cons: 57851.67414781743
tot_aggregated_send: 39493
tot_msg_rcv: 1065
tot_msg_sent: 2155
tot_reconf_duration: 5.02
tot_sleeping_duration: 2767728.6974400165
tot_uptimes: 720
tot_uptimes_duration: 43200.04255998391
