comms_cons: 1.40199679999628
finished_reconf: true
global_termination_time: 9361.70648
local_termination_time: 9361.66536
node_cons: 212.43165984000706
tot_aggregated_send: 0
tot_msg_rcv: 102
tot_msg_sent: 110
tot_reconf_duration: 24.59
tot_sleeping_duration: 9227.995919999996
tot_uptimes: 3
tot_uptimes_duration: 133.710560000005
