comms_cons: 153.46641919120603
finished_reconf: true
global_termination_time: 1521114.37224
local_termination_time: 2300.7655200000017
node_cons: 31297.4095727198
tot_aggregated_send: 21054
tot_msg_rcv: 791
tot_msg_sent: 1480
tot_reconf_duration: 18.21
tot_sleeping_duration: 1497759.1217600002
tot_uptimes: 390
tot_uptimes_duration: 23355.250479999813
