comms_cons: 604.2227196200281
finished_reconf: true
global_termination_time: 1521490.072
local_termination_time: 473602.67660000006
node_cons: 92132.13039723564
tot_aggregated_send: 0
tot_msg_rcv: 37194
tot_msg_sent: 54643
tot_reconf_duration: 4.390000000000001
tot_sleeping_duration: 1452687.8548400013
tot_uptimes: 1127
tot_uptimes_duration: 68802.21715999857
