comms_cons: 0.26974719999911034
finished_reconf: true
global_termination_time: 3469.5589600000026
local_termination_time: 3455.21336
node_cons: 44.52164744000396
tot_aggregated_send: 0
tot_msg_rcv: 32
tot_msg_sent: 8
tot_reconf_duration: 7.819999999999999
tot_sleeping_duration: 3444.24
tot_uptimes: 1
tot_uptimes_duration: 25.31896000000279
