comms_cons: 787.5360065688421
finished_reconf: true
global_termination_time: 7881202.781
local_termination_time: 1791479.9384799988
node_cons: 162147.0087078139
tot_aggregated_send: 109794
tot_msg_rcv: 3235
tot_msg_sent: 6672
tot_reconf_duration: 15.34
tot_sleeping_duration: 7760122.738440015
tot_uptimes: 2019
tot_uptimes_duration: 121080.04255998458
