comms_cons: 777.8566465774921
finished_reconf: true
global_termination_time: 7879521.021
local_termination_time: 5324693.398359999
node_cons: 162062.9559633457
tot_aggregated_send: 108692
tot_msg_rcv: 3096
tot_msg_sent: 6441
tot_reconf_duration: 12.629999999999999
tot_sleeping_duration: 7758501.002760006
tot_uptimes: 2018
tot_uptimes_duration: 121020.0182399936
