comms_cons: 28.03459840030357
finished_reconf: true
global_termination_time: 280542.914
local_termination_time: 112295.403
node_cons: 5720.7880620792175
tot_aggregated_send: 3761
tot_msg_rcv: 153
tot_msg_sent: 348
tot_reconf_duration: 11.31
tot_sleeping_duration: 276281.95128000056
tot_uptimes: 72
tot_uptimes_duration: 4260.962719999399
