comms_cons: 338.2701952417532
finished_reconf: true
global_termination_time: 3365560.698
local_termination_time: 1574167.9653199983
node_cons: 69179.69022334958
tot_aggregated_send: 46864
tot_msg_rcv: 1477
tot_msg_sent: 3075
tot_reconf_duration: 5.1
tot_sleeping_duration: 3313900.6797600063
tot_uptimes: 862
tot_uptimes_duration: 51660.018239993486
