comms_cons: 333.09450241661546
finished_reconf: true
global_termination_time: 3366832.581
local_termination_time: 2339191.2147199996
node_cons: 69270.97300111529
tot_aggregated_send: 48662
tot_msg_rcv: 643
tot_msg_sent: 1323
tot_reconf_duration: 13.17
tot_sleeping_duration: 3315112.5749200024
tot_uptimes: 863
tot_uptimes_duration: 51720.00607999769
