comms_cons: 341.3946880432502
finished_reconf: true
global_termination_time: 3368463.269
local_termination_time: 177381.22136000005
node_cons: 69257.30331117693
tot_aggregated_send: 46342
tot_msg_rcv: 1886
tot_msg_sent: 3662
tot_reconf_duration: 3.05
tot_sleeping_duration: 3316743.208200016
tot_uptimes: 863
tot_uptimes_duration: 51720.06079998391
