comms_cons: 341.3404416390565
finished_reconf: true
global_termination_time: 3367996.849
local_termination_time: 199300.17000000045
node_cons: 69268.52039116774
tot_aggregated_send: 46226
tot_msg_rcv: 1884
tot_msg_sent: 3770
tot_reconf_duration: 11.31
tot_sleeping_duration: 3316276.788200023
tot_uptimes: 863
tot_uptimes_duration: 51720.060799977044
