comms_cons: 10.508236800035384
finished_reconf: true
global_termination_time: 80581.524
local_termination_time: 40852.874360000016
node_cons: 1623.0090467194696
tot_aggregated_send: 348
tot_msg_rcv: 441
tot_msg_sent: 808
tot_reconf_duration: 11.899999999999999
tot_sleeping_duration: 79381.4875200004
tot_uptimes: 21
tot_uptimes_duration: 1200.0364799996023
