comms_cons: 10.611039999983127
finished_reconf: true
global_termination_time: 81580.17
local_termination_time: 42179.44692000006
node_cons: 1613.372685599173
tot_aggregated_send: 522
tot_msg_rcv: 450
tot_msg_sent: 641
tot_reconf_duration: 4.8100000000000005
tot_sleeping_duration: 80380.1396000006
tot_uptimes: 21
tot_uptimes_duration: 1200.0303999993848
