comms_cons: 99.72093439927967
finished_reconf: true
global_termination_time: 1000666.403
local_termination_time: 458137.30952000036
node_cons: 20575.56823999999
tot_aggregated_send: 14326
tot_msg_rcv: 370
tot_msg_sent: 461
tot_reconf_duration: 6.279999999999999
tot_sleeping_duration: 985306.403
tot_uptimes: 257
tot_uptimes_duration: 15360.0
