comms_cons: 98.55109119752431
finished_reconf: true
global_termination_time: 997447.0413999982
local_termination_time: 997447.0002799983
node_cons: 20613.558515597637
tot_aggregated_send: 14358
tot_msg_rcv: 167
tot_msg_sent: 455
tot_reconf_duration: 37.41
tot_sleeping_duration: 982090.241
tot_uptimes: 256
tot_uptimes_duration: 15356.800399998203
