comms_cons: 97.98465279816591
finished_reconf: true
global_termination_time: 999090.601
local_termination_time: 493723.05536000006
node_cons: 20490.890781116887
tot_aggregated_send: 14326
tot_msg_rcv: 161
tot_msg_sent: 406
tot_reconf_duration: 3.08
tot_sleeping_duration: 983790.5949200024
tot_uptimes: 256
tot_uptimes_duration: 15300.006079997635
