comms_cons: 100.11400959623889
finished_reconf: true
global_termination_time: 1000948.255
local_termination_time: 336547.8602400005
node_cons: 20592.434599999968
tot_aggregated_send: 13978
tot_msg_rcv: 441
tot_msg_sent: 797
tot_reconf_duration: 18.700000000000003
tot_sleeping_duration: 985588.255
tot_uptimes: 257
tot_uptimes_duration: 15360.0
