comms_cons: 43.96346880031501
finished_reconf: true
global_termination_time: 435804.4502800009
local_termination_time: 90551.9496399995
node_cons: 8998.734857042658
tot_aggregated_send: 5974
tot_msg_rcv: 200
tot_msg_sent: 509
tot_reconf_duration: 3.08
tot_sleeping_duration: 429087.08491999895
tot_uptimes: 112
tot_uptimes_duration: 6717.365360001975
