comms_cons: 46.95886080161212
finished_reconf: true
global_termination_time: 437644.608
local_termination_time: 13616.713000000005
node_cons: 9012.739141850032
tot_aggregated_send: 5104
tot_msg_rcv: 637
tot_msg_sent: 1397
tot_reconf_duration: 9.11
tot_sleeping_duration: 430922.89943999256
tot_uptimes: 113
tot_uptimes_duration: 6721.708560007486
