comms_cons: 45.541222401600635
finished_reconf: true
global_termination_time: 436941.471
local_termination_time: 48086.450480000014
node_cons: 8924.2964033643
tot_aggregated_send: 5452
tot_msg_rcv: 479
tot_msg_sent: 990
tot_reconf_duration: 4.8100000000000005
tot_sleeping_duration: 430281.45275999676
tot_uptimes: 112
tot_uptimes_duration: 6660.018240003207
