comms_cons: 44.441728000725526
finished_reconf: true
global_termination_time: 435837.304
local_termination_time: 343081.18244000024
node_cons: 8934.89968112145
tot_aggregated_send: 5858
tot_msg_rcv: 326
tot_msg_sent: 572
tot_reconf_duration: 12.629999999999999
tot_sleeping_duration: 429177.29791999893
tot_uptimes: 112
tot_uptimes_duration: 6660.006080001069
