comms_cons: 45.830707201249226
finished_reconf: true
global_termination_time: 436143.007
local_termination_time: 200993.72236000004
node_cons: 8932.626382242848
tot_aggregated_send: 5452
tot_msg_rcv: 534
tot_msg_sent: 980
tot_reconf_duration: 10.95
tot_sleeping_duration: 429482.99483999785
tot_uptimes: 112
tot_uptimes_duration: 6660.0121600021375
