comms_cons: 90.05608959881248
finished_reconf: true
global_termination_time: 918825.391
local_termination_time: 241504.81636000006
node_cons: 18905.302741121475
tot_aggregated_send: 13282
tot_msg_rcv: 131
tot_msg_sent: 275
tot_reconf_duration: 18.700000000000003
tot_sleeping_duration: 904725.3849199988
tot_uptimes: 236
tot_uptimes_duration: 14100.006080001069
