comms_cons: 89.80821759924852
finished_reconf: true
global_termination_time: 917263.757
local_termination_time: 442135.783
node_cons: 18812.632072401408
tot_aggregated_send: 13162
tot_msg_rcv: 140
tot_msg_sent: 348
tot_reconf_duration: 7.819999999999999
tot_sleeping_duration: 903221.9253999989
tot_uptimes: 235
tot_uptimes_duration: 14041.831600001024
