comms_cons: 89.29290239802383
finished_reconf: true
global_termination_time: 896600.6874799998
local_termination_time: 896600.6463599999
node_cons: 18449.63608320327
tot_aggregated_send: 12688
tot_msg_rcv: 291
tot_msg_sent: 592
tot_reconf_duration: 24.59
tot_sleeping_duration: 882846.9586799975
tot_uptimes: 230
tot_uptimes_duration: 13753.728800002413
