comms_cons: 88.4968192001331
finished_reconf: true
global_termination_time: 901010.795
local_termination_time: 274828.4258400001
node_cons: 18486.66304224289
tot_aggregated_send: 12006
tot_msg_rcv: 573
tot_msg_sent: 872
tot_reconf_duration: 6.22
tot_sleeping_duration: 887210.7828399979
tot_uptimes: 231
tot_uptimes_duration: 13800.012160002167
