comms_cons: 64.54257920672414
finished_reconf: true
global_termination_time: 325931.651
local_termination_time: 40317.453160000165
node_cons: 6674.189761121447
tot_aggregated_send: 0
tot_msg_rcv: 4993
tot_msg_sent: 4818
tot_reconf_duration: 4.390000000000001
tot_sleeping_duration: 320951.64491999894
tot_uptimes: 84
tot_uptimes_duration: 4980.006080001069
