comms_cons: 68.93491200766502
finished_reconf: true
global_termination_time: 363207.132
local_termination_time: 42093.52848000002
node_cons: 7477.581620000018
tot_aggregated_send: 0
tot_msg_rcv: 5267
tot_msg_sent: 5210
tot_reconf_duration: 4.390000000000001
tot_sleeping_duration: 357627.132
tot_uptimes: 94
tot_uptimes_duration: 5580.0
