comms_cons: 108.04487679698593
finished_reconf: true
global_termination_time: 1097514.105
local_termination_time: 548186.7643599999
node_cons: 22581.54232558881
tot_aggregated_send: 15254
tot_msg_rcv: 275
tot_msg_sent: 894
tot_reconf_duration: 4.390000000000001
tot_sleeping_duration: 1080654.0746000085
tot_uptimes: 282
tot_uptimes_duration: 16860.030399991607
