comms_cons: 43.1332352003149
finished_reconf: true
global_termination_time: 422076.332
local_termination_time: 80244.94667999957
node_cons: 8689.512360000008
tot_aggregated_send: 5858
tot_msg_rcv: 300
tot_msg_sent: 398
tot_reconf_duration: 9.42
tot_sleeping_duration: 415596.332
tot_uptimes: 109
tot_uptimes_duration: 6480.0
