comms_cons: 396.6334012706151
finished_reconf: true
global_termination_time: 1977035.5500399985
local_termination_time: 1295.0424800000023
node_cons: 40749.43853102492
tot_aggregated_send: 0
tot_msg_rcv: 30882
tot_msg_sent: 29399
tot_reconf_duration: 18.21
tot_sleeping_duration: 1946621.2786800095
tot_uptimes: 507
tot_uptimes_duration: 30414.271359988954
