comms_cons: 196.80360959096964
finished_reconf: true
global_termination_time: 1979159.315
local_termination_time: 531389.7749199984
node_cons: 40658.97394111883
tot_aggregated_send: 28478
tot_msg_rcv: 568
tot_msg_sent: 867
tot_reconf_duration: 5.1
tot_sleeping_duration: 1948799.3089200004
tot_uptimes: 507
tot_uptimes_duration: 30360.006079999366
