comms_cons: 195.3825023935623
finished_reconf: true
global_termination_time: 1977712.958
local_termination_time: 254247.96436000007
node_cons: 40669.92485999973
tot_aggregated_send: 28594
tot_msg_rcv: 361
tot_msg_sent: 742
tot_reconf_duration: 13.17
tot_sleeping_duration: 1947352.958
tot_uptimes: 507
tot_uptimes_duration: 30360.0
