comms_cons: 205.09768957651886
finished_reconf: true
global_termination_time: 1978903.448
local_termination_time: 193612.4096000001
node_cons: 40658.64525006039
tot_aggregated_send: 26158
tot_msg_rcv: 1812
tot_msg_sent: 3201
tot_reconf_duration: 4.8100000000000005
tot_sleeping_duration: 1948543.3932800144
tot_uptimes: 507
tot_uptimes_duration: 30360.05471998558
