comms_cons: 203.54280317543044
finished_reconf: true
global_termination_time: 1977089.625
local_termination_time: 75704.30499999947
node_cons: 40743.59257629108
tot_aggregated_send: 26796
tot_msg_rcv: 1524
tot_msg_sent: 2617
tot_reconf_duration: 7.819999999999999
tot_sleeping_duration: 1946669.1821200214
tot_uptimes: 507
tot_uptimes_duration: 30420.44287997861
