comms_cons: 279.56994559443405
finished_reconf: true
global_termination_time: 2808999.396
local_termination_time: 4459.942
node_cons: 57855.07732334946
tot_aggregated_send: 38910
tot_msg_rcv: 1363
tot_msg_sent: 2220
tot_reconf_duration: 7.55
tot_sleeping_duration: 2765799.377760007
tot_uptimes: 720
tot_uptimes_duration: 43200.0182399929
