comms_cons: 278.6685951828126
finished_reconf: true
global_termination_time: 2807791.996
local_termination_time: 4772.961
node_cons: 57861.4409044663
tot_aggregated_send: 39485
tot_msg_rcv: 1098
tot_msg_sent: 1773
tot_reconf_duration: 12.23
tot_sleeping_duration: 2764591.9716800093
tot_uptimes: 720
tot_uptimes_duration: 43200.02431999054
