comms_cons: 155.03947519447834
finished_reconf: true
global_termination_time: 1571682.058
local_termination_time: 126500.88051999951
node_cons: 32305.15932447198
tot_aggregated_send: 22214
tot_msg_rcv: 411
tot_msg_sent: 940
tot_reconf_duration: 6.22
tot_sleeping_duration: 1547562.0336800062
tot_uptimes: 403
tot_uptimes_duration: 24120.024319993972
