comms_cons: 154.551987195952
finished_reconf: true
global_termination_time: 1575684.172
local_termination_time: 1334045.4234799978
node_cons: 32403.185352717315
tot_aggregated_send: 22852
tot_msg_rcv: 202
tot_msg_sent: 437
tot_reconf_duration: 11.31
tot_sleeping_duration: 1551496.1015200021
tot_uptimes: 404
tot_uptimes_duration: 24188.0704799979
