comms_cons: 154.65725439700947
finished_reconf: true
global_termination_time: 1570082.39312
local_termination_time: 1570082.352
node_cons: 32344.209310796843
tot_aggregated_send: 22780
tot_msg_rcv: 201
tot_msg_sent: 526
tot_reconf_duration: 24.59
tot_sleeping_duration: 1545951.8359200023
tot_uptimes: 403
tot_uptimes_duration: 24130.557199997595
