comms_cons: 64.54195200064335
finished_reconf: true
global_termination_time: 650953.3
local_termination_time: 173211.52936000007
node_cons: 13342.401620000037
tot_aggregated_send: 9280
tot_msg_rcv: 185
tot_msg_sent: 345
tot_reconf_duration: 4.390000000000001
tot_sleeping_duration: 640993.3
tot_uptimes: 167
tot_uptimes_duration: 9960.0
