comms_cons: 71.63432959794066
finished_reconf: true
global_termination_time: 720881.389
local_termination_time: 315408.1786000001
node_cons: 14789.933940000012
tot_aggregated_send: 10382
tot_msg_rcv: 221
tot_msg_sent: 285
tot_reconf_duration: 5.43
tot_sleeping_duration: 709841.389
tot_uptimes: 185
tot_uptimes_duration: 11040.0
