comms_cons: 72.24087039860987
finished_reconf: true
global_termination_time: 718786.611
local_termination_time: 48560.00960000001
node_cons: 14803.399861120308
tot_aggregated_send: 9860
tot_msg_rcv: 322
tot_msg_sent: 798
tot_reconf_duration: 15.34
tot_sleeping_duration: 707746.6049199998
tot_uptimes: 185
tot_uptimes_duration: 11040.006080000217
