comms_cons: 38.50805760032541
finished_reconf: true
global_termination_time: 388269.657
local_termination_time: 268570.2597200001
node_cons: 7960.191980000007
tot_aggregated_send: 5626
tot_msg_rcv: 115
tot_msg_sent: 112
tot_reconf_duration: 4.8100000000000005
tot_sleeping_duration: 382329.657
tot_uptimes: 100
tot_uptimes_duration: 5940.0
