comms_cons: 23.05414399991176
finished_reconf: true
global_termination_time: 230798.234
local_termination_time: 77640.39435999998
node_cons: 4755.418980000021
tot_aggregated_send: 3306
tot_msg_rcv: 92
tot_msg_sent: 106
tot_reconf_duration: 11.31
tot_sleeping_duration: 227258.234
tot_uptimes: 60
tot_uptimes_duration: 3540.0
