comms_cons: 53.31125760042094
finished_reconf: true
global_termination_time: 540494.585
local_termination_time: 55985.38036000001
node_cons: 11107.759861121442
tot_aggregated_send: 7772
tot_msg_rcv: 113
tot_msg_sent: 218
tot_reconf_duration: 15.34
tot_sleeping_duration: 532214.5789199988
tot_uptimes: 139
tot_uptimes_duration: 8280.006080001069
