comms_cons: 38.8962304003968
finished_reconf: true
global_termination_time: 389076.233
local_termination_time: 61531.272520000166
node_cons: 7969.018980000006
tot_aggregated_send: 5394
tot_msg_rcv: 179
tot_msg_sent: 338
tot_reconf_duration: 11.31
tot_sleeping_duration: 383136.233
tot_uptimes: 100
tot_uptimes_duration: 5940.0
