comms_cons: 462.69991048230355
finished_reconf: true
global_termination_time: 4600277.876239993
local_termination_time: 11115.215480000004
node_cons: 94695.6336638684
tot_aggregated_send: 64264
tot_msg_rcv: 2030
tot_msg_sent: 4032
tot_reconf_duration: 5.57
tot_sleeping_duration: 4529562.36496003
tot_uptimes: 1179
tot_uptimes_duration: 70715.51127996342
