comms_cons: 460.528486449281
finished_reconf: true
global_termination_time: 4603151.221
local_termination_time: 238702.68336000008
node_cons: 94674.96695229333
tot_aggregated_send: 64960
tot_msg_rcv: 1684
tot_msg_sent: 3353
tot_reconf_duration: 25.299999999999997
tot_sleeping_duration: 4532471.154120018
tot_uptimes: 1179
tot_uptimes_duration: 70680.06687998201
