comms_cons: 460.6025920774902
finished_reconf: true
global_termination_time: 4600594.213
local_termination_time: 1915313.9987999985
node_cons: 94656.68019999756
tot_aggregated_send: 65018
tot_msg_rcv: 1695
tot_msg_sent: 3295
tot_reconf_duration: 11.899999999999999
tot_sleeping_duration: 4529914.213
tot_uptimes: 1179
tot_uptimes_duration: 70680.0
