comms_cons: 457.6070400472467
finished_reconf: true
global_termination_time: 4601669.216
local_termination_time: 1118420.2217999995
node_cons: 94655.94410893337
tot_aggregated_send: 63800
tot_msg_rcv: 1941
tot_msg_sent: 3812
tot_reconf_duration: 11.31
tot_sleeping_duration: 4530989.167360018
tot_uptimes: 1179
tot_uptimes_duration: 70680.04863998201
