comms_cons: 368.2643966978136
finished_reconf: true
global_termination_time: 761674.8615999998
local_termination_time: 761674.8204799999
node_cons: 46265.75251572871
tot_aggregated_send: 0
tot_msg_rcv: 22619
tot_msg_sent: 33355
tot_reconf_duration: 24.59
tot_sleeping_duration: 727147.334119993
tot_uptimes: 564
tot_uptimes_duration: 34527.52748000687
