comms_cons: 79.16070399385869
finished_reconf: true
global_termination_time: 764860.807
local_termination_time: 103533.68091999955
node_cons: 15670.47446448573
tot_aggregated_send: 9918
tot_msg_rcv: 717
tot_msg_sent: 1396
tot_reconf_duration: 3.05
tot_sleeping_duration: 753160.7826799958
tot_uptimes: 196
tot_uptimes_duration: 11700.024320004275
