comms_cons: 49.54137600043886
finished_reconf: true
global_termination_time: 480376.72148000007
local_termination_time: 480376.68036000006
node_cons: 9933.596083202143
tot_aggregated_send: 6482
tot_msg_rcv: 394
tot_msg_sent: 653
tot_reconf_duration: 24.59
tot_sleeping_duration: 472982.9926799985
tot_uptimes: 124
tot_uptimes_duration: 7393.7288000015815
