comms_cons: 48.18073600096621
finished_reconf: true
global_termination_time: 481960.715
local_termination_time: 244918.9103200002
node_cons: 9890.274901121446
tot_aggregated_send: 6380
tot_msg_rcv: 306
tot_msg_sent: 638
tot_reconf_duration: 6.22
tot_sleeping_duration: 474580.70891999896
tot_uptimes: 124
tot_uptimes_duration: 7380.006080001069
