comms_cons: 179.4812031923686
finished_reconf: true
global_termination_time: 1809846.406
local_termination_time: 613398.0393599999
node_cons: 37215.313001116745
tot_aggregated_send: 26042
tot_msg_rcv: 437
tot_msg_sent: 801
tot_reconf_duration: 13.17
tot_sleeping_duration: 1782066.3999200023
tot_uptimes: 464
tot_uptimes_duration: 27780.006079997635
