comms_cons: 178.5923839939928
finished_reconf: true
global_termination_time: 1808497.916
local_termination_time: 790348.3303599999
node_cons: 37209.791379999835
tot_aggregated_send: 26216
tot_msg_rcv: 299
tot_msg_sent: 630
tot_reconf_duration: 9.11
tot_sleeping_duration: 1780717.916
tot_uptimes: 464
tot_uptimes_duration: 27780.0
