comms_cons: 179.6588415902007
finished_reconf: true
global_termination_time: 1808840.75
local_termination_time: 480620.31799999997
node_cons: 37224.10886208125
tot_aggregated_send: 25863
tot_msg_rcv: 459
tot_msg_sent: 986
tot_reconf_duration: 12.629999999999999
tot_sleeping_duration: 1781053.627279999
tot_uptimes: 464
tot_uptimes_duration: 27787.122720001033
