comms_cons: 179.45425919154732
finished_reconf: true
global_termination_time: 1809472.04
local_termination_time: 457491.72136
node_cons: 37222.814599999794
tot_aggregated_send: 25810
tot_msg_rcv: 439
tot_msg_sent: 1027
tot_reconf_duration: 18.700000000000003
tot_sleeping_duration: 1781692.04
tot_uptimes: 464
tot_uptimes_duration: 27780.0
