comms_cons: 180.27196158478958
finished_reconf: true
global_termination_time: 1809625.77
local_termination_time: 1342374.92236
node_cons: 37208.072124467275
tot_aggregated_send: 24418
tot_msg_rcv: 1121
tot_msg_sent: 1864
tot_reconf_duration: 7.819999999999999
tot_sleeping_duration: 1781845.7456800095
tot_uptimes: 464
tot_uptimes_duration: 27780.024319990538
