comms_cons: 72.40721920797066
finished_reconf: true
global_termination_time: 346417.6305200008
local_termination_time: 346417.5894000008
node_cons: 7178.112330884289
tot_aggregated_send: 0
tot_msg_rcv: 5847
tot_msg_sent: 5156
tot_reconf_duration: 24.59
tot_sleeping_duration: 341081.7685999977
tot_uptimes: 89
tot_uptimes_duration: 5335.861920003188
