comms_cons: 99.91078401289278
finished_reconf: true
global_termination_time: 457664.74408000073
local_termination_time: 992.5290399999996
node_cons: 9485.967780329576
tot_aggregated_send: 0
tot_msg_rcv: 8321
tot_msg_sent: 6856
tot_reconf_duration: 18.21
tot_sleeping_duration: 450598.84519999364
tot_uptimes: 118
tot_uptimes_duration: 7065.898880007146
