comms_cons: 134.4016000177645
finished_reconf: true
global_termination_time: 457664.14408000064
local_termination_time: 457664.10296000063
node_cons: 18857.161108120872
tot_aggregated_send: 0
tot_msg_rcv: 6848
tot_msg_sent: 13579
tot_reconf_duration: 24.59
tot_sleeping_duration: 443606.065
tot_uptimes: 232
tot_uptimes_duration: 14058.079080000622
