comms_cons: 24.24090880030898
finished_reconf: true
global_termination_time: 196409.3594400002
local_termination_time: 196409.3183200002
node_cons: 4078.6995728843226
tot_aggregated_send: 1900
tot_msg_rcv: 752
tot_msg_sent: 1034
tot_reconf_duration: 24.59
tot_sleeping_duration: 193388.219519997
tot_uptimes: 51
tot_uptimes_duration: 3021.1399200032174
