comms_cons: 20.086924800006365
finished_reconf: true
global_termination_time: 196409.39148000017
local_termination_time: 78634.89571999996
node_cons: 4056.985418720242
tot_aggregated_send: 2668
tot_msg_rcv: 161
tot_msg_sent: 224
tot_reconf_duration: 15.34
tot_sleeping_duration: 193395.087
tot_uptimes: 51
tot_uptimes_duration: 3014.304480000167
