comms_cons: 89.19421439738097
finished_reconf: true
global_termination_time: 899422.3203999993
local_termination_time: 53042.40236000001
node_cons: 18532.66525359908
tot_aggregated_send: 13050
tot_msg_rcv: 204
tot_msg_sent: 302
tot_reconf_duration: 9.42
tot_sleeping_duration: 885591.198
tot_uptimes: 231
tot_uptimes_duration: 13831.122399999294
