comms_cons: 89.10273279772225
finished_reconf: true
global_termination_time: 902481.403
local_termination_time: 102208.86035999998
node_cons: 18574.70020000004
tot_aggregated_send: 13050
tot_msg_rcv: 156
tot_msg_sent: 337
tot_reconf_duration: 11.899999999999999
tot_sleeping_duration: 888621.403
tot_uptimes: 232
tot_uptimes_duration: 13860.0
