comms_cons: 269.8261504020577
finished_reconf: true
global_termination_time: 2743751.99
local_termination_time: 1710450.2078399986
node_cons: 56405.60579999884
tot_aggregated_send: 39440
tot_msg_rcv: 530
tot_msg_sent: 1042
tot_reconf_duration: 5.1
tot_sleeping_duration: 2701631.99
tot_uptimes: 703
tot_uptimes_duration: 42120.0
