comms_cons: 540.7300866117656
finished_reconf: true
global_termination_time: 2741337.0150799975
local_termination_time: 3232.5056
node_cons: 56440.270632700034
tot_aggregated_send: 0
tot_msg_rcv: 41455
tot_msg_sent: 40728
tot_reconf_duration: 11.31
tot_sleeping_duration: 2699197.4246000117
tot_uptimes: 703
tot_uptimes_duration: 42139.59047998581
