comms_cons: 109.34348800873953
finished_reconf: true
global_termination_time: 555396.481
local_termination_time: 1224.50536
node_cons: 11416.832663359708
tot_aggregated_send: 0
tot_msg_rcv: 8384
tot_msg_sent: 8235
tot_reconf_duration: 6.279999999999999
tot_sleeping_duration: 546876.4627600003
tot_uptimes: 143
tot_uptimes_duration: 8520.018239999772
