comms_cons: 57.60747520036084
finished_reconf: true
global_termination_time: 561561.782
local_termination_time: 37514.83560000002
node_cons: 11499.255842242876
tot_aggregated_send: 7308
tot_msg_rcv: 463
tot_msg_sent: 985
tot_reconf_duration: 7.819999999999999
tot_sleeping_duration: 552981.7698399979
tot_uptimes: 144
tot_uptimes_duration: 8580.012160002138
