comms_cons: 56.09488639980308
finished_reconf: true
global_termination_time: 563101.3213199995
local_termination_time: 563101.2801999996
node_cons: 11647.973367600873
tot_aggregated_send: 7746
tot_msg_rcv: 185
tot_msg_sent: 594
tot_reconf_duration: 37.410000000000004
tot_sleeping_duration: 554440.252919999
tot_uptimes: 145
tot_uptimes_duration: 8661.06840000063
