comms_cons: 2.243507199996407
finished_reconf: true
global_termination_time: 16719.686
local_termination_time: 5607.563360000001
node_cons: 341.87938000000065
tot_aggregated_send: 0
tot_msg_rcv: 179
tot_msg_sent: 162
tot_reconf_duration: 15.110000000000001
tot_sleeping_duration: 16479.686
tot_uptimes: 5
tot_uptimes_duration: 239.9999999999999
