comms_cons: 2.2566655999967637
finished_reconf: true
global_termination_time: 19034.628
local_termination_time: 5355.148360000001
node_cons: 336.71898000000056
tot_aggregated_send: 0
tot_msg_rcv: 177
tot_msg_sent: 166
tot_reconf_duration: 11.31
tot_sleeping_duration: 18794.628
tot_uptimes: 5
tot_uptimes_duration: 240.0
