comms_cons: 2.23034879999263
finished_reconf: true
global_termination_time: 15723.019
local_termination_time: 9591.04036
node_cons: 342.19172000000026
tot_aggregated_send: 0
tot_msg_rcv: 177
tot_msg_sent: 162
tot_reconf_duration: 15.34
tot_sleeping_duration: 15483.019
tot_uptimes: 5
tot_uptimes_duration: 240.0
