comms_cons: 1.1102079999957595
finished_reconf: true
global_termination_time: 4920.735
local_termination_time: 3396.03136
node_cons: 88.86823999999964
tot_aggregated_send: 0
tot_msg_rcv: 113
tot_msg_sent: 54
tot_reconf_duration: 6.279999999999999
tot_sleeping_duration: 4860.735
tot_uptimes: 2
tot_uptimes_duration: 60.0
