comms_cons: 0.6184447999979593
finished_reconf: true
global_termination_time: 3522.485680000005
local_termination_time: 3477.5753600000003
node_cons: 77.32983752000621
tot_aggregated_send: 0
tot_msg_rcv: 54
tot_msg_sent: 39
tot_reconf_duration: 4.8100000000000005
tot_sleeping_duration: 3469.612
tot_uptimes: 1
tot_uptimes_duration: 52.8736800000047
