comms_cons: 192.1066879945784
finished_reconf: true
global_termination_time: 1944333.473
local_termination_time: 156660.75184000013
node_cons: 39934.94161999976
tot_aggregated_send: 27956
tot_msg_rcv: 377
tot_msg_sent: 866
tot_reconf_duration: 4.390000000000001
tot_sleeping_duration: 1914513.473
tot_uptimes: 498
tot_uptimes_duration: 29820.0
