comms_cons: 192.5145983933286
finished_reconf: true
global_termination_time: 1946197.065
local_termination_time: 195580.98260000005
node_cons: 40019.93955999971
tot_aggregated_send: 27260
tot_msg_rcv: 841
tot_msg_sent: 1160
tot_reconf_duration: 7.819999999999999
tot_sleeping_duration: 1916317.065
tot_uptimes: 499
tot_uptimes_duration: 29880.0
