comms_cons: 192.158694393326
finished_reconf: true
global_termination_time: 1947791.775
local_termination_time: 248722.1705200004
node_cons: 40017.76675999974
tot_aggregated_send: 28130
tot_msg_rcv: 328
tot_msg_sent: 749
tot_reconf_duration: 6.22
tot_sleeping_duration: 1917911.775
tot_uptimes: 499
tot_uptimes_duration: 29880.0
