comms_cons: 387.76979204792303
finished_reconf: true
global_termination_time: 3854786.769
local_termination_time: 2751425.25148
node_cons: 79304.1326633492
tot_aggregated_send: 52664
tot_msg_rcv: 2095
tot_msg_sent: 4180
tot_reconf_duration: 6.279999999999999
tot_sleeping_duration: 3795566.7507600067
tot_uptimes: 988
tot_uptimes_duration: 59220.01823999314
