comms_cons: 385.78209283315914
finished_reconf: true
global_termination_time: 3854799.636
local_termination_time: 2761918.5793999983
node_cons: 79303.16848334958
tot_aggregated_send: 53186
tot_msg_rcv: 1850
tot_msg_sent: 3600
tot_reconf_duration: 5.57
tot_sleeping_duration: 3795579.617760007
tot_uptimes: 988
tot_uptimes_duration: 59220.018239993384
