comms_cons: 381.655398424624
finished_reconf: true
global_termination_time: 3853962.318
local_termination_time: 3063001.5233599995
node_cons: 79329.95368223178
tot_aggregated_send: 53824
tot_msg_rcv: 1382
tot_msg_sent: 2802
tot_reconf_duration: 25.299999999999997
tot_sleeping_duration: 3794742.3058400047
tot_uptimes: 987
tot_uptimes_duration: 59220.0121599955
