comms_cons: 385.46573445223106
finished_reconf: true
global_termination_time: 3856256.177
local_termination_time: 1457712.9613599998
node_cons: 79308.42275994462
tot_aggregated_send: 53360
tot_msg_rcv: 1651
tot_msg_sent: 3577
tot_reconf_duration: 9.42
tot_sleeping_duration: 3797036.13936001
tot_uptimes: 988
tot_uptimes_duration: 59220.03763999004
