comms_cons: 389.9755008786722
finished_reconf: true
global_termination_time: 3857356.041
local_termination_time: 940249.1757999985
node_cons: 79299.8033111683
tot_aggregated_send: 53418
tot_msg_rcv: 2018
tot_msg_sent: 3838
tot_reconf_duration: 3.05
tot_sleeping_duration: 3798135.9802000225
tot_uptimes: 988
tot_uptimes_duration: 59220.06079997774
