comms_cons: 46.35046400044639
finished_reconf: true
global_termination_time: 461513.112
local_termination_time: 84088.29755999986
node_cons: 9498.00486000001
tot_aggregated_send: 6438
tot_msg_rcv: 213
tot_msg_sent: 394
tot_reconf_duration: 13.17
tot_sleeping_duration: 454433.112
tot_uptimes: 119
tot_uptimes_duration: 7080.0
