comms_cons: 46.04124160080276
finished_reconf: true
global_termination_time: 457761.6083600006
local_termination_time: 198617.2676000001
node_cons: 9460.026501040857
tot_aggregated_send: 6438
tot_msg_rcv: 188
tot_msg_sent: 372
tot_reconf_duration: 4.390000000000001
tot_sleeping_duration: 450701.067
tot_uptimes: 118
tot_uptimes_duration: 7060.541360000618
