comms_cons: 553.9107970765198
finished_reconf: true
global_termination_time: 2810826.776
local_termination_time: 2097.83336
node_cons: 57789.20546223263
tot_aggregated_send: 0
tot_msg_rcv: 42493
tot_msg_sent: 41696
tot_reconf_duration: 18.21
tot_sleeping_duration: 2767686.763840005
tot_uptimes: 720
tot_uptimes_duration: 43140.01215999527
