comms_cons: 274.2539839864619
finished_reconf: true
global_termination_time: 2814212.887
local_termination_time: 1656850.9583599998
node_cons: 57853.36894558318
tot_aggregated_send: 38860
tot_msg_rcv: 1100
tot_msg_sent: 1726
tot_reconf_duration: 6.279999999999999
tot_sleeping_duration: 2771012.8566000117
tot_uptimes: 721
tot_uptimes_duration: 43200.03039998817
