comms_cons: 278.2026175759939
finished_reconf: true
global_termination_time: 2810451.975
local_termination_time: 784321.6905999997
node_cons: 57768.68334558307
tot_aggregated_send: 38338
tot_msg_rcv: 1386
tot_msg_sent: 2561
tot_reconf_duration: 3.08
tot_sleeping_duration: 2767311.944600012
tot_uptimes: 720
tot_uptimes_duration: 43140.03039998817
