comms_cons: 283.9093120042369
finished_reconf: true
global_termination_time: 2809135.66
local_termination_time: 113600.36535999998
node_cons: 57789.93601117223
tot_aggregated_send: 38048
tot_msg_rcv: 1558
tot_msg_sent: 3545
tot_reconf_duration: 18.700000000000003
tot_sleeping_duration: 2765995.5992000205
tot_uptimes: 720
tot_uptimes_duration: 43140.06079998001
