comms_cons: 283.33976320743454
finished_reconf: true
global_termination_time: 2813453.389
local_termination_time: 1217904.980999998
node_cons: 57855.97187069747
tot_aggregated_send: 38570
tot_msg_rcv: 1532
tot_msg_sent: 2963
tot_reconf_duration: 7.819999999999999
tot_sleeping_duration: 2770252.976520016
tot_uptimes: 721
tot_uptimes_duration: 43200.412479983876
