comms_cons: 47.921516800823596
finished_reconf: true
global_termination_time: 487592.695
local_termination_time: 241255.494
node_cons: 9970.66561288287
tot_aggregated_send: 6551
tot_msg_rcv: 244
tot_msg_sent: 488
tot_reconf_duration: 4.390000000000001
tot_sleeping_duration: 480150.7950799979
tot_uptimes: 125
tot_uptimes_duration: 7441.899920002121
