comms_cons: 48.718976000887345
finished_reconf: true
global_termination_time: 486932.051
local_termination_time: 386785.6311600008
node_cons: 9977.51898000001
tot_aggregated_send: 6786
tot_msg_rcv: 224
tot_msg_sent: 395
tot_reconf_duration: 11.31
tot_sleeping_duration: 479492.051
tot_uptimes: 125
tot_uptimes_duration: 7440.0
