comms_cons: 70.49515519814616
finished_reconf: true
global_termination_time: 667330.461
local_termination_time: 137203.45936000007
node_cons: 13666.401510079088
tot_aggregated_send: 8352
tot_msg_rcv: 848
tot_msg_sent: 1514
tot_reconf_duration: 6.279999999999999
tot_sleeping_duration: 657130.4062800007
tot_uptimes: 171
tot_uptimes_duration: 10200.054719999309
