comms_cons: 69.55503359603803
finished_reconf: true
global_termination_time: 669203.49
local_termination_time: 269750.8328400001
node_cons: 13750.56022671479
tot_aggregated_send: 8816
tot_msg_rcv: 648
tot_msg_sent: 1108
tot_reconf_duration: 9.11
tot_sleeping_duration: 658943.4535200038
tot_uptimes: 172
tot_uptimes_duration: 10260.03647999611
