comms_cons: 70.50170239513555
finished_reconf: true
global_termination_time: 671239.106
local_termination_time: 331133.52160000004
node_cons: 13763.55088223822
tot_aggregated_send: 8584
tot_msg_rcv: 812
tot_msg_sent: 1319
tot_reconf_duration: 18.700000000000003
tot_sleeping_duration: 660979.0938400014
tot_uptimes: 172
tot_uptimes_duration: 10260.012159998703
