comms_cons: 1.513215999995001
finished_reconf: true
global_termination_time: 10060.641
local_termination_time: 7315.22448
node_cons: 166.64162000000044
tot_aggregated_send: 0
tot_msg_rcv: 118
tot_msg_sent: 112
tot_reconf_duration: 4.390000000000001
tot_sleeping_duration: 9940.641
tot_uptimes: 3
tot_uptimes_duration: 120.0
