comms_cons: 363.6847933054204
finished_reconf: true
global_termination_time: 2142626.595
local_termination_time: 334937.4613600001
node_cons: 44032.900826705154
tot_aggregated_send: 0
tot_msg_rcv: 28121
tot_msg_sent: 27158
tot_reconf_duration: 4.8100000000000005
tot_sleeping_duration: 2109746.558520011
tot_uptimes: 549
tot_uptimes_duration: 32880.03647998924
