comms_cons: 56.20673280050856
finished_reconf: true
global_termination_time: 572962.737
local_termination_time: 385372.7053600001
node_cons: 11745.007121121444
tot_aggregated_send: 8004
tot_msg_rcv: 153
tot_msg_sent: 386
tot_reconf_duration: 11.31
tot_sleeping_duration: 564202.7309199988
tot_uptimes: 147
tot_uptimes_duration: 8760.006080001069
