comms_cons: 110.7674111939758
finished_reconf: true
global_termination_time: 1142709.889
local_termination_time: 5134.872
node_cons: 23463.082365593393
tot_aggregated_send: 15482
tot_msg_rcv: 468
tot_msg_sent: 886
tot_reconf_duration: 2.77
tot_sleeping_duration: 1125189.858600005
tot_uptimes: 293
tot_uptimes_duration: 17520.03039999504
