comms_cons: 385.18329567745855
finished_reconf: true
global_termination_time: 1958938.03
local_termination_time: 1251.5083600000003
node_cons: 40268.249283354824
tot_aggregated_send: 0
tot_msg_rcv: 29486
tot_msg_sent: 29058
tot_reconf_duration: 13.17
tot_sleeping_duration: 1928878.0117600036
tot_uptimes: 502
tot_uptimes_duration: 30060.018239996338
