comms_cons: 192.25959679144245
finished_reconf: true
global_termination_time: 1957913.683
local_termination_time: 1207671.836519998
node_cons: 40256.31790223326
tot_aggregated_send: 27782
tot_msg_rcv: 414
tot_msg_sent: 1026
tot_reconf_duration: 4.390000000000001
tot_sleeping_duration: 1927853.6708400047
tot_uptimes: 502
tot_uptimes_duration: 30060.01215999527
