comms_cons: 257.61872623189646
finished_reconf: true
global_termination_time: 1305051.6671599995
local_termination_time: 3249.1386
node_cons: 26880.895604795132
tot_aggregated_send: 0
tot_msg_rcv: 19759
tot_msg_sent: 19394
tot_reconf_duration: 6.22
tot_sleeping_duration: 1284982.6239600033
tot_uptimes: 335
tot_uptimes_duration: 20069.043199996333
