comms_cons: 127.60106880040107
finished_reconf: true
global_termination_time: 1308518.255
local_termination_time: 652916.8823599998
node_cons: 26929.25897999996
tot_aggregated_send: 18734
tot_msg_rcv: 247
tot_msg_sent: 413
tot_reconf_duration: 11.31
tot_sleeping_duration: 1288418.255
tot_uptimes: 336
tot_uptimes_duration: 20100.0
