comms_cons: 555.7466111460059
finished_reconf: true
global_termination_time: 641900.6437199988
local_termination_time: 641900.6025999988
node_cons: 64195.74438461162
tot_aggregated_send: 0
tot_msg_rcv: 38178
tot_msg_sent: 46294
tot_reconf_duration: 24.59
tot_sleeping_duration: 593982.5323199893
tot_uptimes: 768
tot_uptimes_duration: 47918.11140000954
