comms_cons: 65.96734079943207
finished_reconf: true
global_termination_time: 642158.567
local_termination_time: 797.1984799999998
node_cons: 13193.644860000019
tot_aggregated_send: 8700
tot_msg_rcv: 526
tot_msg_sent: 800
tot_reconf_duration: 13.17
tot_sleeping_duration: 632318.567
tot_uptimes: 165
tot_uptimes_duration: 9840.0
