comms_cons: 62.837939201020966
finished_reconf: true
global_termination_time: 633794.583
local_termination_time: 278118.13136000006
node_cons: 13021.628262242877
tot_aggregated_send: 8410
tot_msg_rcv: 379
tot_msg_sent: 762
tot_reconf_duration: 4.8100000000000005
tot_sleeping_duration: 624074.5708399978
tot_uptimes: 163
tot_uptimes_duration: 9720.012160002138
