comms_cons: 64.16535680136943
finished_reconf: true
global_termination_time: 635692.048
local_termination_time: 315105.87048000004
node_cons: 13021.05790224282
tot_aggregated_send: 8352
tot_msg_rcv: 524
tot_msg_sent: 876
tot_reconf_duration: 4.390000000000001
tot_sleeping_duration: 625972.0358399978
tot_uptimes: 163
tot_uptimes_duration: 9720.012160002138
