comms_cons: 63.24215040103069
finished_reconf: true
global_termination_time: 632142.076
local_termination_time: 316553.0485200004
node_cons: 12945.359560000048
tot_aggregated_send: 8584
tot_msg_rcv: 379
tot_msg_sent: 649
tot_reconf_duration: 7.819999999999999
tot_sleeping_duration: 622482.0759999999
tot_uptimes: 162
tot_uptimes_duration: 9660.000000000015
