comms_cons: 186.09805439559204
finished_reconf: true
global_termination_time: 1889404.753
local_termination_time: 1671574.8577999985
node_cons: 38819.57897999987
tot_aggregated_send: 27492
tot_msg_rcv: 285
tot_msg_sent: 508
tot_reconf_duration: 11.31
tot_sleeping_duration: 1860424.753
tot_uptimes: 484
tot_uptimes_duration: 28980.0
