comms_cons: 201.59197438482659
finished_reconf: true
global_termination_time: 2029900.27324
local_termination_time: 6263.742480000001
node_cons: 41725.335293827055
tot_aggregated_send: 28072
tot_msg_rcv: 842
tot_msg_sent: 1725
tot_reconf_duration: 6.22
tot_sleeping_duration: 1998745.0166800094
tot_uptimes: 520
tot_uptimes_duration: 31155.25655999058
