comms_cons: 67.555852798925
finished_reconf: true
global_termination_time: 646969.1136799984
local_termination_time: 646969.0725599985
node_cons: 13373.259120954428
tot_aggregated_send: 8384
tot_msg_rcv: 668
tot_msg_sent: 1215
tot_reconf_duration: 37.410000000000004
tot_sleeping_duration: 637019.5570400025
tot_uptimes: 166
tot_uptimes_duration: 9949.556639995819
