comms_cons: 176.94451192992727
finished_reconf: true
global_termination_time: 915990.328
local_termination_time: 251940.88136000006
node_cons: 18808.161510069913
tot_aggregated_send: 0
tot_msg_rcv: 13834
tot_msg_sent: 13062
tot_reconf_duration: 6.279999999999999
tot_sleeping_duration: 901950.2732800075
tot_uptimes: 235
tot_uptimes_duration: 14040.054719992448
