comms_cons: 66.72875520303074
finished_reconf: true
global_termination_time: 590376.23824
local_termination_time: 73150.46447999997
node_cons: 12175.259299541261
tot_aggregated_send: 5684
tot_msg_rcv: 1552
tot_msg_sent: 2907
tot_reconf_duration: 18.21
tot_sleeping_duration: 581301.9065599841
tot_uptimes: 152
tot_uptimes_duration: 9074.331680015865
