comms_cons: 59.881932800603316
finished_reconf: true
global_termination_time: 591833.573
local_termination_time: 87402.31367999986
node_cons: 12162.106841121466
tot_aggregated_send: 8004
tot_msg_rcv: 362
tot_msg_sent: 735
tot_reconf_duration: 22.65
tot_sleeping_duration: 582773.566919999
tot_uptimes: 152
tot_uptimes_duration: 9060.006080001072
