comms_cons: 60.56172160114291
finished_reconf: true
global_termination_time: 593171.039
local_termination_time: 95333.55535999997
node_cons: 12137.896403362027
tot_aggregated_send: 7714
tot_msg_rcv: 448
tot_msg_sent: 1043
tot_reconf_duration: 4.8100000000000005
tot_sleeping_duration: 584111.0207599985
tot_uptimes: 152
tot_uptimes_duration: 9060.018240001504
