comms_cons: 121.11880319530843
finished_reconf: true
global_termination_time: 1225442.45
local_termination_time: 156638.49936000005
node_cons: 25154.948240000038
tot_aggregated_send: 17574
tot_msg_rcv: 260
tot_msg_sent: 575
tot_reconf_duration: 6.279999999999999
tot_sleeping_duration: 1206662.45
tot_uptimes: 314
tot_uptimes_duration: 18780.0
