comms_cons: 241.77829745179872
finished_reconf: true
global_termination_time: 1221901.325
local_termination_time: 2240.0483600000002
node_cons: 25096.863123357452
tot_aggregated_send: 0
tot_msg_rcv: 18660
tot_msg_sent: 18089
tot_reconf_duration: 22.65
tot_sleeping_duration: 1203181.306760002
tot_uptimes: 313
tot_uptimes_duration: 18720.01823999807
