comms_cons: 31.43444480031138
finished_reconf: true
global_termination_time: 310037.711
local_termination_time: 112136.94983999993
node_cons: 6351.050781121444
tot_aggregated_send: 4234
tot_msg_rcv: 196
tot_msg_sent: 347
tot_reconf_duration: 3.08
tot_sleeping_duration: 305297.70491999894
tot_uptimes: 80
tot_uptimes_duration: 4740.006080001072
