comms_cons: 56.61401600081956
finished_reconf: true
global_termination_time: 572459.756
local_termination_time: 141723.54236000008
node_cons: 11735.626043364326
tot_aggregated_send: 7598
tot_msg_rcv: 365
tot_msg_sent: 642
tot_reconf_duration: 4.390000000000001
tot_sleeping_duration: 563699.7377599968
tot_uptimes: 147
tot_uptimes_duration: 8760.018240003206
