comms_cons: 74.2242367992748
finished_reconf: true
global_termination_time: 742652.7154799999
local_termination_time: 31716.378120000005
node_cons: 15322.969894642802
tot_aggregated_send: 10382
tot_msg_rcv: 257
tot_msg_sent: 642
tot_reconf_duration: 18.21
tot_sleeping_duration: 731227.5917199978
tot_uptimes: 191
tot_uptimes_duration: 11425.123760002078
