comms_cons: 267.4896127999171
finished_reconf: true
global_termination_time: 2660534.64312
local_termination_time: 2660534.602
node_cons: 54759.13443973482
tot_aggregated_send: 37048
tot_msg_rcv: 1158
tot_msg_sent: 2450
tot_reconf_duration: 24.59
tot_sleeping_duration: 2619664.037280018
tot_uptimes: 682
tot_uptimes_duration: 40870.605839982105
