comms_cons: 266.5447808030664
finished_reconf: true
global_termination_time: 2661295.557
local_termination_time: 921804.9553599999
node_cons: 54720.108945583925
tot_aggregated_send: 37352
tot_msg_rcv: 1160
tot_msg_sent: 2001
tot_reconf_duration: 6.279999999999999
tot_sleeping_duration: 2620435.526600011
tot_uptimes: 682
tot_uptimes_duration: 40860.03039998864
