comms_cons: 263.0459519969327
finished_reconf: true
global_termination_time: 2661515.497
local_termination_time: 1178991.3393599996
node_cons: 54715.698182232816
tot_aggregated_send: 36714
tot_msg_rcv: 986
tot_msg_sent: 2282
tot_reconf_duration: 3.05
tot_sleeping_duration: 2620655.4848400042
tot_uptimes: 682
tot_uptimes_duration: 40860.0121599955
