comms_cons: 360.6105920050038
finished_reconf: true
global_termination_time: 3651539.21
local_termination_time: 2562890.0364399995
node_cons: 75138.75614334883
tot_aggregated_send: 50576
tot_msg_rcv: 1402
tot_msg_sent: 2832
tot_reconf_duration: 15.34
tot_sleeping_duration: 3595439.191760007
tot_uptimes: 936
tot_uptimes_duration: 56100.01823999314
