comms_cons: 369.3612928545077
finished_reconf: true
global_termination_time: 3654153.031
local_termination_time: 633210.3027199998
node_cons: 75124.50525005073
tot_aggregated_send: 49590
tot_msg_rcv: 2179
tot_msg_sent: 4370
tot_reconf_duration: 4.8100000000000005
tot_sleeping_duration: 3598052.9762800205
tot_uptimes: 936
tot_uptimes_duration: 56100.05471997941
