comms_cons: 361.032544017328
finished_reconf: true
global_termination_time: 3651305.029
local_termination_time: 1065153.37836
node_cons: 75128.56840670026
tot_aggregated_send: 50518
tot_msg_rcv: 1392
tot_msg_sent: 2964
tot_reconf_duration: 7.819999999999999
tot_sleeping_duration: 3595204.9925200134
tot_uptimes: 936
tot_uptimes_duration: 56100.03647998651
