comms_cons: 123.41241597512322
finished_reconf: true
global_termination_time: 1168334.7782400004
local_termination_time: 112439.83319999964
node_cons: 24126.493837336635
tot_aggregated_send: 10266
tot_msg_rcv: 3265
tot_msg_sent: 5229
tot_reconf_duration: 18.21
tot_sleeping_duration: 1150334.9540000178
tot_uptimes: 300
tot_uptimes_duration: 17999.824239982525
