comms_cons: 112.59110399857951
finished_reconf: true
global_termination_time: 1170197.252
local_termination_time: 433944.68936
node_cons: 24056.025541121453
tot_aggregated_send: 16646
tot_msg_rcv: 140
tot_msg_sent: 327
tot_reconf_duration: 25.299999999999997
tot_sleeping_duration: 1152257.245919999
tot_uptimes: 300
tot_uptimes_duration: 17940.00608000107
