comms_cons: 115.55964159911362
finished_reconf: true
global_termination_time: 1172311.899
local_termination_time: 368891.34636
node_cons: 24110.44676000002
tot_aggregated_send: 17052
tot_msg_rcv: 193
tot_msg_sent: 319
tot_reconf_duration: 6.22
tot_sleeping_duration: 1154311.899
tot_uptimes: 301
tot_uptimes_duration: 18000.000000000015
