comms_cons: 111.68849919870422
finished_reconf: true
global_termination_time: 1172852.157
local_termination_time: 738183.498999998
node_cons: 24109.373939999947
tot_aggregated_send: 16704
tot_msg_rcv: 101
tot_msg_sent: 171
tot_reconf_duration: 5.43
tot_sleeping_duration: 1154852.157
tot_uptimes: 301
tot_uptimes_duration: 18000.0
