comms_cons: 10.138828800118056
finished_reconf: true
global_termination_time: 92624.061
local_termination_time: 67985.20435999997
node_cons: 1872.5736033586024
tot_aggregated_send: 464
tot_msg_rcv: 387
tot_msg_sent: 690
tot_reconf_duration: 18.21
tot_sleeping_duration: 91244.04276000106
tot_uptimes: 24
tot_uptimes_duration: 1380.0182399989499
