comms_cons: 11.10287360003517
finished_reconf: true
global_termination_time: 90382.731
local_termination_time: 65894.42047999997
node_cons: 1868.6761433597476
tot_aggregated_send: 580
tot_msg_rcv: 357
tot_msg_sent: 752
tot_reconf_duration: 15.34
tot_sleeping_duration: 89002.7127600002
tot_uptimes: 24
tot_uptimes_duration: 1380.0182399998012
