comms_cons: 12.152480000109069
finished_reconf: true
global_termination_time: 92238.801
local_termination_time: 57912.37548000002
node_cons: 1860.2402267194682
tot_aggregated_send: 522
tot_msg_rcv: 508
tot_msg_sent: 818
tot_reconf_duration: 9.11
tot_sleeping_duration: 90858.7645200004
tot_uptimes: 24
tot_uptimes_duration: 1380.0364799996023
