comms_cons: 11.826099199750022
finished_reconf: true
global_termination_time: 91034.263
local_termination_time: 58850.79048000001
node_cons: 1868.3800855980369
tot_aggregated_send: 580
tot_msg_rcv: 466
tot_msg_sent: 752
tot_reconf_duration: 15.110000000000001
tot_sleeping_duration: 89654.23260000147
tot_uptimes: 24
tot_uptimes_duration: 1380.0303999985335
