comms_cons: 13.042688000234847
finished_reconf: true
global_termination_time: 91182.193
local_termination_time: 33607.912480000006
node_cons: 1862.7308056014517
tot_aggregated_send: 406
tot_msg_rcv: 647
tot_msg_sent: 930
tot_reconf_duration: 10.95
tot_sleeping_duration: 89802.16259999892
tot_uptimes: 24
tot_uptimes_duration: 1380.0304000010874
