comms_cons: 12.618815999758276
finished_reconf: true
global_termination_time: 92570.607
local_termination_time: 65679.76443999988
node_cons: 1863.988341119163
tot_aggregated_send: 580
tot_msg_rcv: 604
tot_msg_sent: 735
tot_reconf_duration: 11.899999999999999
tot_sleeping_duration: 91190.60092000064
tot_uptimes: 24
tot_uptimes_duration: 1380.0060799993662
