comms_cons: 197.6052991910453
finished_reconf: true
global_termination_time: 1978725.552
local_termination_time: 314999.91936000006
node_cons: 40656.22263999973
tot_aggregated_send: 28188
tot_msg_rcv: 688
tot_msg_sent: 1158
tot_reconf_duration: 3.08
tot_sleeping_duration: 1948365.552
tot_uptimes: 507
tot_uptimes_duration: 30360.0
