comms_cons: 196.06798719162424
finished_reconf: true
global_termination_time: 1976783.122
local_termination_time: 824802.7613999991
node_cons: 40664.41137999969
tot_aggregated_send: 28304
tot_msg_rcv: 461
tot_msg_sent: 1036
tot_reconf_duration: 9.11
tot_sleeping_duration: 1946423.122
tot_uptimes: 507
tot_uptimes_duration: 30360.0
