comms_cons: 199.10037758240472
finished_reconf: true
global_termination_time: 1978717.253
local_termination_time: 1142516.6947999995
node_cons: 40662.71654781763
tot_aggregated_send: 27028
tot_msg_rcv: 1139
tot_msg_sent: 2095
tot_reconf_duration: 7.819999999999999
tot_sleeping_duration: 1948357.2104400166
tot_uptimes: 507
tot_uptimes_duration: 30360.04255998344
