comms_cons: 15.937913599989054
finished_reconf: true
global_termination_time: 3627.4178800000013
local_termination_time: 3627.3767600000015
node_cons: 1801.735257320003
tot_aggregated_send: 0
tot_msg_rcv: 1135
tot_msg_sent: 1286
tot_reconf_duration: 37.410000000000004
tot_sleeping_duration: 2319.776
tot_uptimes: 20
tot_uptimes_duration: 1307.6418800000017
