comms_cons: 0.9373375999960228
finished_reconf: true
global_termination_time: 5296.464
local_termination_time: 3280.4503600000007
node_cons: 95.21010000000037
tot_aggregated_send: 0
tot_msg_rcv: 94
tot_msg_sent: 48
tot_reconf_duration: 10.95
tot_sleeping_duration: 5236.464
tot_uptimes: 2
tot_uptimes_duration: 60.0
