comms_cons: 511.19566725565784
finished_reconf: true
global_termination_time: 5212453.754
local_termination_time: 3755920.6097599985
node_cons: 107181.14848334836
tot_aggregated_send: 71862
tot_msg_rcv: 2005
tot_msg_sent: 3831
tot_reconf_duration: 5.57
tot_sleeping_duration: 5132413.735760006
tot_uptimes: 1335
tot_uptimes_duration: 80040.01823999337
