comms_cons: 523.3107521200606
finished_reconf: true
global_termination_time: 5214181.795
local_termination_time: 67330.3046399995
node_cons: 107260.49710894184
tot_aggregated_send: 72848
tot_msg_rcv: 2215
tot_msg_sent: 4477
tot_reconf_duration: 4.8100000000000005
tot_sleeping_duration: 5134081.746360011
tot_uptimes: 1336
tot_uptimes_duration: 80100.04863998882
