comms_cons: 523.3643520953948
finished_reconf: true
global_termination_time: 5211284.161
local_termination_time: 246830.80516000075
node_cons: 107177.76702893732
tot_aggregated_send: 71920
tot_msg_rcv: 2585
tot_msg_sent: 5043
tot_reconf_duration: 3.05
tot_sleeping_duration: 5131244.112360015
tot_uptimes: 1335
tot_uptimes_duration: 80040.04863998544
