comms_cons: 131.51162879499424
finished_reconf: true
global_termination_time: 1336639.684
local_termination_time: 4164.6539999999995
node_cons: 27481.652241121476
tot_aggregated_send: 19193
tot_msg_rcv: 246
tot_msg_sent: 549
tot_reconf_duration: 3.95
tot_sleeping_duration: 1316119.6779199988
tot_uptimes: 343
tot_uptimes_duration: 20520.00608000107
