comms_cons: 131.755686395328
finished_reconf: true
global_termination_time: 1338049.497
local_termination_time: 4198.952
node_cons: 27481.815201119196
tot_aggregated_send: 19194
tot_msg_rcv: 308
tot_msg_sent: 524
tot_reconf_duration: 4.07
tot_sleeping_duration: 1317529.4909200007
tot_uptimes: 343
tot_uptimes_duration: 20520.006079999366
