comms_cons: 130.34711039941982
finished_reconf: true
global_termination_time: 1333984.339
local_termination_time: 6649.279
node_cons: 27405.997341119193
tot_aggregated_send: 19364
tot_msg_rcv: 144
tot_msg_sent: 303
tot_reconf_duration: 7.3999999999999995
tot_sleeping_duration: 1313524.3329200004
tot_uptimes: 342
tot_uptimes_duration: 20460.006079999366
