comms_cons: 133.0577023962749
finished_reconf: true
global_termination_time: 1337136.588
local_termination_time: 6795.244000000001
node_cons: 27484.756622237168
tot_aggregated_send: 19133
tot_msg_rcv: 392
tot_msg_sent: 698
tot_reconf_duration: 6.23
tot_sleeping_duration: 1316616.5758400022
tot_uptimes: 343
tot_uptimes_duration: 20520.012159997852
