comms_cons: 131.96026879537166
finished_reconf: true
global_termination_time: 1333638.779
local_termination_time: 5651.996
node_cons: 27430.36530000004
tot_aggregated_send: 18883
tot_msg_rcv: 405
tot_msg_sent: 769
tot_reconf_duration: 25.35
tot_sleeping_duration: 1313178.779
tot_uptimes: 342
tot_uptimes_duration: 20460.0
