comms_cons: 580.8699777085055
finished_reconf: true
global_termination_time: 5863934.569
local_termination_time: 848260.3509199994
node_cons: 120596.36674893646
tot_aggregated_send: 81258
tot_msg_rcv: 2324
tot_msg_sent: 4705
tot_reconf_duration: 4.390000000000001
tot_sleeping_duration: 5773874.520360015
tot_uptimes: 1502
tot_uptimes_duration: 90060.04863998521
