comms_cons: 11.316089602131841
finished_reconf: true
global_termination_time: 291775.536
local_termination_time: 1591.09012
node_cons: 5945.228912242867
tot_aggregated_send: 0
tot_msg_rcv: 0
tot_msg_sent: 0
tot_reconf_duration: 2.77
tot_sleeping_duration: 287335.5238399979
tot_uptimes: 75
tot_uptimes_duration: 4440.0121600021375
