comms_cons: 13.141171199926495
finished_reconf: true
global_termination_time: 98819.006
local_termination_time: 43779.523280000074
node_cons: 2020.928367838054
tot_aggregated_send: 696
tot_msg_rcv: 547
tot_msg_sent: 754
tot_reconf_duration: 9.11
tot_sleeping_duration: 97318.96344000145
tot_uptimes: 26
tot_uptimes_duration: 1500.0425599985465
