comms_cons: 12.817190400052882
finished_reconf: true
global_termination_time: 99128.944
local_termination_time: 28002.630360000003
node_cons: 2021.342599279191
tot_aggregated_send: 522
tot_msg_rcv: 502
tot_msg_sent: 925
tot_reconf_duration: 9.42
tot_sleeping_duration: 97628.9064800006
tot_uptimes: 26
tot_uptimes_duration: 1500.0375199993941
