comms_cons: 11.503366400004698
finished_reconf: true
global_termination_time: 98928.341
local_termination_time: 2749.3654800000004
node_cons: 2025.6596811191507
tot_aggregated_send: 754
tot_msg_rcv: 362
tot_msg_sent: 633
tot_reconf_duration: 12.629999999999999
tot_sleeping_duration: 97428.33492000063
tot_uptimes: 26
tot_uptimes_duration: 1500.0060799993662
