comms_cons: 12.606374399629157
finished_reconf: true
global_termination_time: 99528.041
local_termination_time: 67413.84835999996
node_cons: 2015.0889678374742
tot_aggregated_send: 464
tot_msg_rcv: 460
tot_msg_sent: 992
tot_reconf_duration: 4.8100000000000005
tot_sleeping_duration: 98027.99844000189
tot_uptimes: 26
tot_uptimes_duration: 1500.0425599981172
