comms_cons: 10.854707199991037
finished_reconf: true
global_termination_time: 98799.077
local_termination_time: 81520.49735999996
node_cons: 2014.477902240581
tot_aggregated_send: 638
tot_msg_rcv: 316
tot_msg_sent: 696
tot_reconf_duration: 4.390000000000001
tot_sleeping_duration: 97299.06483999957
tot_uptimes: 26
tot_uptimes_duration: 1500.012160000435
