comms_cons: 11.528134400105117
finished_reconf: true
global_termination_time: 98644.476
local_termination_time: 51710.993080000124
node_cons: 2012.6663233605948
tot_aggregated_send: 812
tot_msg_rcv: 353
tot_msg_sent: 587
tot_reconf_duration: 3.05
tot_sleeping_duration: 97144.45775999955
tot_uptimes: 26
tot_uptimes_duration: 1500.0182400004414
