comms_cons: 14.259007999868711
finished_reconf: true
global_termination_time: 102789.183
local_termination_time: 27973.104520000004
node_cons: 2096.2546455988936
tot_aggregated_send: 696
tot_msg_rcv: 647
tot_msg_sent: 827
tot_reconf_duration: 5.43
tot_sleeping_duration: 101229.15260000083
tot_uptimes: 27
tot_uptimes_duration: 1560.0303999991738
