comms_cons: 83.4439935999272
finished_reconf: true
global_termination_time: 849058.05512
local_termination_time: 266586.20072000014
node_cons: 17484.895891918444
tot_aggregated_send: 11890
tot_msg_rcv: 228
tot_msg_sent: 565
tot_reconf_duration: 22.65
tot_sleeping_duration: 836022.8518400012
tot_uptimes: 218
tot_uptimes_duration: 13035.203279998794
