comms_cons: 50.73907200130371
finished_reconf: true
global_termination_time: 482254.597
local_termination_time: 167520.88436000003
node_cons: 9892.472124485705
tot_aggregated_send: 6090
tot_msg_rcv: 580
tot_msg_sent: 1041
tot_reconf_duration: 7.819999999999999
tot_sleeping_duration: 474874.57267999573
tot_uptimes: 124
tot_uptimes_duration: 7380.024320004275
