comms_cons: 432.96916462388964
finished_reconf: true
global_termination_time: 894530.5705999997
local_termination_time: 230504.86240000036
node_cons: 54434.41717811794
tot_aggregated_send: 0
tot_msg_rcv: 26551
tot_msg_sent: 39258
tot_reconf_duration: 18.21
tot_sleeping_duration: 853896.0015200006
tot_uptimes: 671
tot_uptimes_duration: 40634.56907999912
