comms_cons: 92.52328959296591
finished_reconf: true
global_termination_time: 895618.684
local_termination_time: 308091.68508000014
node_cons: 18404.834646719384
tot_aggregated_send: 11542
tot_msg_rcv: 813
tot_msg_sent: 1708
tot_reconf_duration: 5.1
tot_sleeping_duration: 881878.6475200005
tot_uptimes: 230
tot_uptimes_duration: 13740.036479999544
