comms_cons: 156.3602943991961
finished_reconf: true
global_termination_time: 1589734.429
local_termination_time: 1187168.4443599998
node_cons: 32713.73898000013
tot_aggregated_send: 23142
tot_msg_rcv: 210
tot_msg_sent: 413
tot_reconf_duration: 11.31
tot_sleeping_duration: 1565314.429
tot_uptimes: 408
tot_uptimes_duration: 24420.0
