comms_cons: 283.01482881251997
finished_reconf: true
global_termination_time: 2810801.721
local_termination_time: 513779.64536
node_cons: 57851.3889678171
tot_aggregated_send: 38918
tot_msg_rcv: 1250
tot_msg_sent: 2849
tot_reconf_duration: 4.8100000000000005
tot_sleeping_duration: 2767601.678440016
tot_uptimes: 720
tot_uptimes_duration: 43200.042559983674
