comms_cons: 199.44747517756645
finished_reconf: true
global_termination_time: 1968604.365
local_termination_time: 46035.8543600002
node_cons: 40553.881497510774
tot_aggregated_send: 27028
tot_msg_rcv: 1081
tot_msg_sent: 2205
tot_reconf_duration: 25.299999999999997
tot_sleeping_duration: 1938343.3313200066
tot_uptimes: 505
tot_uptimes_duration: 30261.03367999332
