comms_cons: 196.8891391853725
finished_reconf: true
global_termination_time: 1969159.149
local_termination_time: 899535.8623599998
node_cons: 40498.742081116456
tot_aggregated_send: 27202
tot_msg_rcv: 925
tot_msg_sent: 1799
tot_reconf_duration: 5.43
tot_sleeping_duration: 1938919.1429200023
tot_uptimes: 505
tot_uptimes_duration: 30240.006079997635
