comms_cons: 259.412185631232
finished_reconf: true
global_termination_time: 538356.355
local_termination_time: 156793.11548000007
node_cons: 32581.01112572873
tot_aggregated_send: 0
tot_msg_rcv: 15940
tot_msg_sent: 23488
tot_reconf_duration: 18.21
tot_sleeping_duration: 514042.47751999344
tot_uptimes: 402
tot_uptimes_duration: 24313.877480006497
