comms_cons: 106.82675201356527
finished_reconf: true
global_termination_time: 538411.298
local_termination_time: 156796.58660000007
node_cons: 11037.363123364303
tot_aggregated_send: 0
tot_msg_rcv: 8302
tot_msg_sent: 7937
tot_reconf_duration: 22.65
tot_sleeping_duration: 530191.2797599968
tot_uptimes: 138
tot_uptimes_duration: 8220.01824000321
