comms_cons: 55.268230401293636
finished_reconf: true
global_termination_time: 541188.183
local_termination_time: 385010.2529600001
node_cons: 11092.889761121387
tot_aggregated_send: 7366
tot_msg_rcv: 399
tot_msg_sent: 635
tot_reconf_duration: 4.390000000000001
tot_sleeping_duration: 532908.176919999
tot_uptimes: 139
tot_uptimes_duration: 8280.006080001069
