comms_cons: 55.245542400807096
finished_reconf: true
global_termination_time: 542056.569
local_termination_time: 73244.07035999997
node_cons: 11095.391183364309
tot_aggregated_send: 7540
tot_msg_rcv: 390
tot_msg_sent: 467
tot_reconf_duration: 6.22
tot_sleeping_duration: 533776.5507599969
tot_uptimes: 139
tot_uptimes_duration: 8280.018240003206
