comms_cons: 239.31539197806597
finished_reconf: true
global_termination_time: 2368376.36
local_termination_time: 770714.2534799998
node_cons: 48716.880111167724
tot_aggregated_send: 32132
tot_msg_rcv: 1490
tot_msg_sent: 2752
tot_reconf_duration: 22.65
tot_sleeping_duration: 2332016.2992000235
tot_uptimes: 607
tot_uptimes_duration: 36360.060799976345
