comms_cons: 232.15665278287128
finished_reconf: true
global_termination_time: 2365999.287
local_termination_time: 1310392.6826799996
node_cons: 48613.28034223312
tot_aggregated_send: 31900
tot_msg_rcv: 944
tot_msg_sent: 2443
tot_reconf_duration: 5.57
tot_sleeping_duration: 2329699.2748400047
tot_uptimes: 606
tot_uptimes_duration: 36300.01215999527
