comms_cons: 234.35768320352514
finished_reconf: true
global_termination_time: 2365359.875
local_termination_time: 384812.79436000006
node_cons: 48616.68621999938
tot_aggregated_send: 34162
tot_msg_rcv: 538
tot_msg_sent: 921
tot_reconf_duration: 8.09
tot_sleeping_duration: 2329059.875
tot_uptimes: 606
tot_uptimes_duration: 36299.999999999985
