comms_cons: 235.11535358668155
finished_reconf: true
global_termination_time: 2366686.292
local_termination_time: 500820.336
node_cons: 48698.41952111617
tot_aggregated_send: 33863
tot_msg_rcv: 596
tot_msg_sent: 1277
tot_reconf_duration: 9.11
tot_sleeping_duration: 2330326.2859200025
tot_uptimes: 607
tot_uptimes_duration: 36360.006079997635
