comms_cons: 97.16638719918491
finished_reconf: true
global_termination_time: 978877.574
local_termination_time: 18593.92348
node_cons: 20109.761744485753
tot_aggregated_send: 13572
tot_msg_rcv: 423
tot_msg_sent: 772
tot_reconf_duration: 18.21
tot_sleeping_duration: 963877.5496799957
tot_uptimes: 251
tot_uptimes_duration: 15000.024320004275
