comms_cons: 96.3991743991224
finished_reconf: true
global_termination_time: 975058.237
local_termination_time: 264830.7814800005
node_cons: 20035.42684112149
tot_aggregated_send: 13398
tot_msg_rcv: 452
tot_msg_sent: 802
tot_reconf_duration: 22.65
tot_sleeping_duration: 960118.2309199988
tot_uptimes: 250
tot_uptimes_duration: 14940.006080001069
