comms_cons: 74.93367679566889
finished_reconf: true
global_termination_time: 758083.455
local_termination_time: 4589.884999999999
node_cons: 15620.466711186738
tot_aggregated_send: 9732
tot_msg_rcv: 563
tot_msg_sent: 1094
tot_reconf_duration: 25.35
tot_sleeping_duration: 746443.3942000099
tot_uptimes: 195
tot_uptimes_duration: 11640.060799990082
