comms_cons: 67.57496319913474
finished_reconf: true
global_termination_time: 681329.461
local_termination_time: 35632.13444000013
node_cons: 13999.991720000015
tot_aggregated_send: 9628
tot_msg_rcv: 193
tot_msg_sent: 450
tot_reconf_duration: 15.34
tot_sleeping_duration: 670889.461
tot_uptimes: 175
tot_uptimes_duration: 10440.0
