comms_cons: 67.93149439948033
finished_reconf: true
global_termination_time: 683030.462
local_termination_time: 100078.60035999997
node_cons: 13985.12162000002
tot_aggregated_send: 9686
tot_msg_rcv: 237
tot_msg_sent: 402
tot_reconf_duration: 4.390000000000001
tot_sleeping_duration: 672590.462
tot_uptimes: 175
tot_uptimes_duration: 10440.0
