comms_cons: 257.7166654982138
finished_reconf: true
global_termination_time: 882994.7475999998
local_termination_time: 882994.7064799998
node_cons: 36053.76884763978
tot_aggregated_send: 0
tot_msg_rcv: 13197
tot_msg_sent: 25970
tot_reconf_duration: 37.410000000000004
tot_sleeping_duration: 856106.7968399998
tot_uptimes: 444
tot_uptimes_duration: 26887.950759999898
