comms_cons: 89.72353919671936
finished_reconf: true
global_termination_time: 883435.124
local_termination_time: 37553.86648000002
node_cons: 18173.99154000003
tot_aggregated_send: 12354
tot_msg_rcv: 539
tot_msg_sent: 743
tot_reconf_duration: 12.629999999999999
tot_sleeping_duration: 869875.124
tot_uptimes: 227
tot_uptimes_duration: 13560.0
