comms_cons: 15.845222399654574
finished_reconf: true
global_termination_time: 149408.085
local_termination_time: 10199.51336
node_cons: 3077.6817444786025
tot_aggregated_send: 1218
tot_msg_rcv: 431
tot_msg_sent: 760
tot_reconf_duration: 18.21
tot_sleeping_duration: 147128.06068000104
tot_uptimes: 39
tot_uptimes_duration: 2280.0243199989545
