comms_cons: 18.08406399988022
finished_reconf: true
global_termination_time: 149458.905
local_termination_time: 39991.587
node_cons: 3061.4808044766046
tot_aggregated_send: 1158
tot_msg_rcv: 578
tot_msg_sent: 1014
tot_reconf_duration: 6.279999999999999
tot_sleeping_duration: 147178.88068000253
tot_uptimes: 39
tot_uptimes_duration: 2280.0243199974648
