comms_cons: 16.066406399471926
finished_reconf: true
global_termination_time: 151267.356
local_termination_time: 69243.12147999997
node_cons: 3059.894646716057
tot_aggregated_send: 1044
tot_msg_rcv: 474
tot_msg_sent: 924
tot_reconf_duration: 5.1
tot_sleeping_duration: 148987.31952000296
tot_uptimes: 39
tot_uptimes_duration: 2280.0364799970484
