comms_cons: 15.981158399750415
finished_reconf: true
global_termination_time: 149266.499
local_termination_time: 13287.255360000005
node_cons: 3059.022804160297
tot_aggregated_send: 1392
tot_msg_rcv: 339
tot_msg_sent: 699
tot_reconf_duration: 4.390000000000001
tot_sleeping_duration: 146986.3935599998
tot_uptimes: 39
tot_uptimes_duration: 2280.1054400002213
