comms_cons: 70.71375360129612
finished_reconf: true
global_termination_time: 747460.09524
local_termination_time: 11788.526040000002
node_cons: 15390.105854966094
tot_aggregated_send: 9164
tot_msg_rcv: 538
tot_msg_sent: 1045
tot_reconf_duration: 18.21
tot_sleeping_duration: 735984.8325999954
tot_uptimes: 192
tot_uptimes_duration: 11475.262640004534
