comms_cons: 72.4962048007816
finished_reconf: true
global_termination_time: 747618.712
local_termination_time: 4358.676480000001
node_cons: 15375.706841121453
tot_aggregated_send: 10034
tot_msg_rcv: 363
tot_msg_sent: 622
tot_reconf_duration: 22.65
tot_sleeping_duration: 736158.7059199989
tot_uptimes: 192
tot_uptimes_duration: 11460.006080001069
