comms_cons: 36.722944000893754
finished_reconf: true
global_termination_time: 354235.092
local_termination_time: 33825.3566000001
node_cons: 7261.383123362013
tot_aggregated_send: 4350
tot_msg_rcv: 372
tot_msg_sent: 858
tot_reconf_duration: 22.65
tot_sleeping_duration: 348835.0737599985
tot_uptimes: 91
tot_uptimes_duration: 5400.018240001504
