comms_cons: 13.882739199752816
finished_reconf: true
global_termination_time: 124289.775
local_termination_time: 44986.692360000015
node_cons: 2524.921823357458
tot_aggregated_send: 1102
tot_msg_rcv: 444
tot_msg_sent: 564
tot_reconf_duration: 25.299999999999997
tot_sleeping_duration: 122429.7567600019
tot_uptimes: 32
tot_uptimes_duration: 1860.0182399980986
