comms_cons: 171.39980158556227
finished_reconf: true
global_termination_time: 1696794.641
local_termination_time: 1144758.4183599998
node_cons: 34871.718182233366
tot_aggregated_send: 23026
tot_msg_rcv: 1137
tot_msg_sent: 1888
tot_reconf_duration: 3.05
tot_sleeping_duration: 1670754.6288400048
tot_uptimes: 435
tot_uptimes_duration: 26040.01215999527
