comms_cons: 170.28907518352526
finished_reconf: true
global_termination_time: 1698235.146
local_termination_time: 1283579.4983599999
node_cons: 34878.187701116876
tot_aggregated_send: 23200
tot_msg_rcv: 943
tot_msg_sent: 1739
tot_reconf_duration: 7.819999999999999
tot_sleeping_duration: 1672195.1399200023
tot_uptimes: 435
tot_uptimes_duration: 26040.006079997635
