comms_cons: 117.0360703890961
finished_reconf: true
global_termination_time: 1149405.814
local_termination_time: 7195.491
node_cons: 23628.07800014672
tot_aggregated_send: 14494
tot_msg_rcv: 1172
tot_msg_sent: 2122
tot_reconf_duration: 5.87
tot_sleeping_duration: 1131765.7045600098
tot_uptimes: 295
tot_uptimes_duration: 17640.10943999006
