comms_cons: 115.5175935923427
finished_reconf: true
global_termination_time: 1150353.775
local_termination_time: 6998.252
node_cons: 23632.154771186793
tot_aggregated_send: 14781
tot_msg_rcv: 902
tot_msg_sent: 1875
tot_reconf_duration: 8.92
tot_sleeping_duration: 1132713.7142000098
tot_uptimes: 295
tot_uptimes_duration: 17640.06079999011
