comms_cons: 115.85375998756986
finished_reconf: true
global_termination_time: 1150136.905
local_termination_time: 4236.281
node_cons: 23634.42529901837
tot_aggregated_send: 14721
tot_msg_rcv: 893
tot_msg_sent: 1996
tot_reconf_duration: 10.55
tot_sleeping_duration: 1132496.801640016
tot_uptimes: 295
tot_uptimes_duration: 17640.103359983827
