comms_cons: 113.29430399367976
finished_reconf: true
global_termination_time: 1148973.647
local_termination_time: 7326.828
node_cons: 23625.11222447656
tot_aggregated_send: 15133
tot_msg_rcv: 845
tot_msg_sent: 1243
tot_reconf_duration: 3.77
tot_sleeping_duration: 1131333.6226800026
tot_uptimes: 295
tot_uptimes_duration: 17640.024319997407
