comms_cons: 72.16066559917304
finished_reconf: true
global_termination_time: 729749.184
local_termination_time: 145966.81536000004
node_cons: 14964.071720000016
tot_aggregated_send: 10382
tot_msg_rcv: 194
tot_msg_sent: 392
tot_reconf_duration: 15.34
tot_sleeping_duration: 718589.184
tot_uptimes: 187
tot_uptimes_duration: 11160.0
