comms_cons: 71.70012160007359
finished_reconf: true
global_termination_time: 727850.873
local_termination_time: 48518.24436000001
node_cons: 14949.77198000002
tot_aggregated_send: 10440
tot_msg_rcv: 169
tot_msg_sent: 289
tot_reconf_duration: 4.8100000000000005
tot_sleeping_duration: 716690.873
tot_uptimes: 187
tot_uptimes_duration: 11160.0
