comms_cons: 72.28567040068033
finished_reconf: true
global_termination_time: 726694.205
local_termination_time: 429684.6556000005
node_cons: 14950.613940000012
tot_aggregated_send: 10324
tot_msg_rcv: 203
tot_msg_sent: 459
tot_reconf_duration: 5.43
tot_sleeping_duration: 715534.205
tot_uptimes: 187
tot_uptimes_duration: 11160.0
