comms_cons: 69.17931519723243
finished_reconf: true
global_termination_time: 665463.714
local_termination_time: 277724.082
node_cons: 13663.802325588718
tot_aggregated_send: 8695
tot_msg_rcv: 652
tot_msg_sent: 1167
tot_reconf_duration: 4.390000000000001
tot_sleeping_duration: 655263.6836000084
tot_uptimes: 171
tot_uptimes_duration: 10200.030399991607
