comms_cons: 70.57507839751726
finished_reconf: true
global_termination_time: 662741.541
local_termination_time: 349390.21568000026
node_cons: 13581.64260559804
tot_aggregated_send: 8352
tot_msg_rcv: 920
tot_msg_sent: 1455
tot_reconf_duration: 3.05
tot_sleeping_duration: 652601.5106000016
tot_uptimes: 170
tot_uptimes_duration: 10140.030399998475
