comms_cons: 11.961612800052968
finished_reconf: true
global_termination_time: 112657.95747999995
local_termination_time: 112657.91635999996
node_cons: 2301.2798009602343
tot_aggregated_send: 1088
tot_msg_rcv: 186
tot_msg_sent: 543
tot_reconf_duration: 24.59
tot_sleeping_duration: 110964.24083999977
tot_uptimes: 29
tot_uptimes_duration: 1693.7166400001806
