comms_cons: 12.409625599985871
finished_reconf: true
global_termination_time: 115387.546
local_termination_time: 60166.132480000015
node_cons: 2338.3963811191497
tot_aggregated_send: 1160
tot_msg_rcv: 320
tot_msg_sent: 407
tot_reconf_duration: 6.279999999999999
tot_sleeping_duration: 113647.53992000064
tot_uptimes: 30
tot_uptimes_duration: 1740.0060799993662
