comms_cons: 12.278880000133366
finished_reconf: true
global_termination_time: 116552.38
local_termination_time: 18477.588160000003
node_cons: 2378.2907184805854
tot_aggregated_send: 1276
tot_msg_rcv: 193
tot_msg_sent: 398
tot_reconf_duration: 25.299999999999997
tot_sleeping_duration: 114801.86967999957
tot_uptimes: 30
tot_uptimes_duration: 1750.5103200004378
