comms_cons: 12.679161600133588
finished_reconf: true
global_termination_time: 114504.883
local_termination_time: 82812.985
node_cons: 2334.759773999739
tot_aggregated_send: 984
tot_msg_rcv: 356
tot_msg_sent: 587
tot_reconf_duration: 3.05
tot_sleeping_duration: 112764.31700000018
tot_uptimes: 30
tot_uptimes_duration: 1740.565999999817
