comms_cons: 13.605427199721898
finished_reconf: true
global_termination_time: 113301.776
local_termination_time: 30306.951
node_cons: 2338.355606717184
tot_aggregated_send: 928
tot_msg_rcv: 434
tot_msg_sent: 707
tot_reconf_duration: 6.22
tot_sleeping_duration: 111561.7395200021
tot_uptimes: 30
tot_uptimes_duration: 1740.0364799978997
