comms_cons: 85.08284159777764
finished_reconf: true
global_termination_time: 846433.9365199981
local_termination_time: 846433.8953999982
node_cons: 17481.75481199701
tot_aggregated_send: 11922
tot_msg_rcv: 374
tot_msg_sent: 635
tot_reconf_duration: 37.410000000000004
tot_sleeping_duration: 833416.0485200004
tot_uptimes: 217
tot_uptimes_duration: 13017.887999997736
