comms_cons: 83.4637311968033
finished_reconf: true
global_termination_time: 848390.226
local_termination_time: 203207.29836000004
node_cons: 17438.003345593366
tot_aggregated_send: 11136
tot_msg_rcv: 557
tot_msg_sent: 993
tot_reconf_duration: 3.08
tot_sleeping_duration: 835370.195600005
tot_uptimes: 218
tot_uptimes_duration: 13020.030399995041
