comms_cons: 85.22661119673901
finished_reconf: true
global_termination_time: 849994.4
local_termination_time: 118800.13591999984
node_cons: 17444.45654784431
tot_aggregated_send: 10730
tot_msg_rcv: 666
tot_msg_sent: 1557
tot_reconf_duration: 7.819999999999999
tot_sleeping_duration: 836974.3574399968
tot_uptimes: 218
tot_uptimes_duration: 13020.042560003196
