comms_cons: 175.018867181368
finished_reconf: true
global_termination_time: 1709533.418
local_termination_time: 474119.75856000074
node_cons: 35129.48499005607
tot_aggregated_send: 22794
tot_msg_rcv: 1274
tot_msg_sent: 2533
tot_reconf_duration: 15.34
tot_sleeping_duration: 1683313.3632800179
tot_uptimes: 438
tot_uptimes_duration: 26220.054719982145
