comms_cons: 84.77361919814777
finished_reconf: true
global_termination_time: 866560.034
local_termination_time: 390819.138
node_cons: 17768.220213518238
tot_aggregated_send: 11770
tot_msg_rcv: 357
tot_msg_sent: 759
tot_reconf_duration: 7.819999999999999
tot_sleeping_duration: 853298.1963200014
tot_uptimes: 222
tot_uptimes_duration: 13261.837679998658
