comms_cons: 170.3793727344996
finished_reconf: true
global_termination_time: 864783.201
local_termination_time: 1516.1440400000013
node_cons: 17770.51526223829
tot_aggregated_send: 0
tot_msg_rcv: 13087
tot_msg_sent: 12809
tot_reconf_duration: 11.31
tot_sleeping_duration: 851523.1888400012
tot_uptimes: 222
tot_uptimes_duration: 13260.012159998703
