comms_cons: 441.213337689068
finished_reconf: true
global_termination_time: 4375928.15923999
local_termination_time: 68906.15911999973
node_cons: 90070.62728940073
tot_aggregated_send: 60842
tot_msg_rcv: 2159
tot_msg_sent: 4059
tot_reconf_duration: 18.21
tot_sleeping_duration: 4308679.542280017
tot_uptimes: 1121
tot_uptimes_duration: 67248.61695997248
