comms_cons: 438.1214528767266
finished_reconf: true
global_termination_time: 4380520.054
local_termination_time: 1032856.86336
node_cons: 90067.72082669943
tot_aggregated_send: 61480
tot_msg_rcv: 1623
tot_msg_sent: 3487
tot_reconf_duration: 4.8100000000000005
tot_sleeping_duration: 4313260.017520013
tot_uptimes: 1122
tot_uptimes_duration: 67260.03647998639
