comms_cons: 35.067136000767725
finished_reconf: true
global_termination_time: 217789.86324000015
local_termination_time: 24330.57136
node_cons: 4444.283700481634
tot_aggregated_send: 0
tot_msg_rcv: 2718
tot_msg_sent: 2611
tot_reconf_duration: 4.8100000000000005
tot_sleeping_duration: 214475.63491999893
tot_uptimes: 56
tot_uptimes_duration: 3314.228320001217
