comms_cons: 35.527680000617956
finished_reconf: true
global_termination_time: 218776.227
local_termination_time: 26801.32236
node_cons: 4507.48676
tot_aggregated_send: 0
tot_msg_rcv: 2775
tot_msg_sent: 2625
tot_reconf_duration: 6.22
tot_sleeping_duration: 215416.227
tot_uptimes: 57
tot_uptimes_duration: 3360.0
