comms_cons: 9.665497599974568
finished_reconf: true
global_termination_time: 84900.089
local_termination_time: 43122.90232000013
node_cons: 1694.744765600033
tot_aggregated_send: 696
tot_msg_rcv: 304
tot_msg_sent: 469
tot_reconf_duration: 5.57
tot_sleeping_duration: 83640.05859999997
tot_uptimes: 22
tot_uptimes_duration: 1260.030400000025
