comms_cons: 10.027788800149578
finished_reconf: true
global_termination_time: 80906.183
local_termination_time: 2986.538120000002
node_cons: 1610.9989222405818
tot_aggregated_send: 580
tot_msg_rcv: 410
tot_msg_sent: 534
tot_reconf_duration: 3.08
tot_sleeping_duration: 79706.17083999957
tot_uptimes: 21
tot_uptimes_duration: 1200.012160000435
