comms_cons: 10.559526400092151
finished_reconf: true
global_termination_time: 80698.828
local_termination_time: 15921.968240000006
node_cons: 1624.2414767203154
tot_aggregated_send: 522
tot_msg_rcv: 438
tot_msg_sent: 644
tot_reconf_duration: 9.11
tot_sleeping_duration: 79495.04151999977
tot_uptimes: 21
tot_uptimes_duration: 1203.7864800002353
