comms_cons: 10.481209599906691
finished_reconf: true
global_termination_time: 79494.16251999966
local_termination_time: 21002.68236
node_cons: 1688.823266640425
tot_aggregated_send: 522
tot_msg_rcv: 420
tot_msg_sent: 654
tot_reconf_duration: 18.700000000000003
tot_sleeping_duration: 78251.87075999934
tot_uptimes: 21
tot_uptimes_duration: 1242.2917600003202
