comms_cons: 11.337843200128624
finished_reconf: true
global_termination_time: 79992.941
local_termination_time: 40925.18348000002
node_cons: 1612.8186078406252
tot_aggregated_send: 406
tot_msg_rcv: 557
tot_msg_sent: 762
tot_reconf_duration: 4.390000000000001
tot_sleeping_duration: 78792.89843999954
tot_uptimes: 21
tot_uptimes_duration: 1200.04256000046
