comms_cons: 13.10234879993257
finished_reconf: true
global_termination_time: 118901.285
local_termination_time: 59558.62948000001
node_cons: 2417.788483359733
tot_aggregated_send: 870
tot_msg_rcv: 361
tot_msg_sent: 760
tot_reconf_duration: 5.57
tot_sleeping_duration: 117101.2667600002
tot_uptimes: 31
tot_uptimes_duration: 1800.0182399998012
