comms_cons: 14.442252800207761
finished_reconf: true
global_termination_time: 120155.751
local_termination_time: 3271.128680000001
node_cons: 2444.6143878389084
tot_aggregated_send: 1102
tot_msg_rcv: 470
tot_msg_sent: 622
tot_reconf_duration: 25.299999999999997
tot_sleeping_duration: 118355.70844000082
tot_uptimes: 31
tot_uptimes_duration: 1800.042559999185
