comms_cons: 13.718886399674604
finished_reconf: true
global_termination_time: 118661.511
local_termination_time: 4771.681080000005
node_cons: 2416.797108957488
tot_aggregated_send: 1044
tot_msg_rcv: 396
tot_msg_sent: 646
tot_reconf_duration: 4.8100000000000005
tot_sleeping_duration: 116861.46236000187
tot_uptimes: 31
tot_uptimes_duration: 1800.0486399981237
