comms_cons: 12.33076479998546
finished_reconf: true
global_termination_time: 118948.541
local_termination_time: 51131.75680000015
node_cons: 2420.827701120291
tot_aggregated_send: 1102
tot_msg_rcv: 245
tot_msg_sent: 526
tot_reconf_duration: 7.819999999999999
tot_sleeping_duration: 117148.53491999979
tot_uptimes: 31
tot_uptimes_duration: 1800.0060800002175
