comms_cons: 11.38562560019885
finished_reconf: true
global_termination_time: 83515.566
local_termination_time: 2359.511560000001
node_cons: 1698.134361120291
tot_aggregated_send: 406
tot_msg_rcv: 637
tot_msg_sent: 687
tot_reconf_duration: 8.09
tot_sleeping_duration: 82255.5599199998
tot_uptimes: 22
tot_uptimes_duration: 1260.0060800002175
