comms_cons: 10.026700800063184
finished_reconf: true
global_termination_time: 87938.462
local_termination_time: 43064.208400000156
node_cons: 1778.0995599999992
tot_aggregated_send: 696
tot_msg_rcv: 361
tot_msg_sent: 467
tot_reconf_duration: 7.819999999999999
tot_sleeping_duration: 86618.462
tot_uptimes: 23
tot_uptimes_duration: 1320.0
