comms_cons: 13.476710400144842
finished_reconf: true
global_termination_time: 87464.246
local_termination_time: 43085.454480000015
node_cons: 1775.9430422405837
tot_aggregated_send: 348
tot_msg_rcv: 934
tot_msg_sent: 767
tot_reconf_duration: 6.22
tot_sleeping_duration: 86144.23383999956
tot_uptimes: 23
tot_uptimes_duration: 1320.012160000435
