comms_cons: 10.937766399956363
finished_reconf: true
global_termination_time: 83289.452
local_termination_time: 27800.90976
node_cons: 1702.5234033597303
tot_aggregated_send: 406
tot_msg_rcv: 561
tot_msg_sent: 698
tot_reconf_duration: 11.31
tot_sleeping_duration: 82029.4337600002
tot_uptimes: 22
tot_uptimes_duration: 1260.0182399998012
