comms_cons: 241.02467825161045
finished_reconf: true
global_termination_time: 1217032.046
local_termination_time: 217.26047999999994
node_cons: 25010.493603355135
tot_aggregated_send: 0
tot_msg_rcv: 18600
tot_msg_sent: 18035
tot_reconf_duration: 18.21
tot_sleeping_duration: 1198372.0277600037
tot_uptimes: 312
tot_uptimes_duration: 18660.018239996338
