comms_cons: 123.64290558899401
finished_reconf: true
global_termination_time: 1212748.282
local_termination_time: 619009.7374799998
node_cons: 24925.96822670561
tot_aggregated_send: 16182
tot_msg_rcv: 931
tot_msg_sent: 1680
tot_reconf_duration: 15.110000000000001
tot_sleeping_duration: 1194148.2455200106
tot_uptimes: 311
tot_uptimes_duration: 18600.03647998924
