comms_cons: 120.89966079365826
finished_reconf: true
global_termination_time: 1211256.088
local_termination_time: 840369.895
node_cons: 24945.893806712258
tot_aggregated_send: 16818
tot_msg_rcv: 511
tot_msg_sent: 1048
tot_reconf_duration: 18.700000000000003
tot_sleeping_duration: 1192644.8115200058
tot_uptimes: 311
tot_uptimes_duration: 18611.276479994238
