comms_cons: 121.15596799344944
finished_reconf: true
global_termination_time: 1211668.271
local_termination_time: 892141.80936
node_cons: 24921.584623350565
tot_aggregated_send: 16704
tot_msg_rcv: 592
tot_msg_sent: 1119
tot_reconf_duration: 11.899999999999999
tot_sleeping_duration: 1193068.252760007
tot_uptimes: 311
tot_uptimes_duration: 18600.018239992904
