comms_cons: 127.04497918259213
finished_reconf: true
global_termination_time: 1212692.697
local_termination_time: 290789.28004000033
node_cons: 24912.806504471955
tot_aggregated_send: 15602
tot_msg_rcv: 1328
tot_msg_sent: 2381
tot_reconf_duration: 5.43
tot_sleeping_duration: 1194092.672680006
tot_uptimes: 311
tot_uptimes_duration: 18600.024319993972
