comms_cons: 49.817990400297056
finished_reconf: true
global_termination_time: 500874.712
local_termination_time: 18539.552600000003
node_cons: 10314.278700000015
tot_aggregated_send: 7192
tot_msg_rcv: 168
tot_msg_sent: 211
tot_reconf_duration: 22.65
tot_sleeping_duration: 493194.712
tot_uptimes: 129
tot_uptimes_duration: 7680.0
