comms_cons: 30.507750400443932
finished_reconf: true
global_termination_time: 306282.804
local_termination_time: 1133.6064800000045
node_cons: 6273.8187449614525
tot_aggregated_send: 4118
tot_msg_rcv: 115
tot_msg_sent: 404
tot_reconf_duration: 4.8100000000000005
tot_sleeping_duration: 301602.2313599989
tot_uptimes: 79
tot_uptimes_duration: 4680.57264000108
