comms_cons: 59.13384960128128
finished_reconf: true
global_termination_time: 578200.8205999997
local_termination_time: 578200.7794799998
node_cons: 11942.151142885472
tot_aggregated_send: 7758
tot_msg_rcv: 395
tot_msg_sent: 834
tot_reconf_duration: 24.59
tot_sleeping_duration: 569307.0506799957
tot_uptimes: 149
tot_uptimes_duration: 8893.769920004066
