comms_cons: 58.02854399977972
finished_reconf: true
global_termination_time: 579623.697
local_termination_time: 393187.08036
node_cons: 11908.213001116826
tot_aggregated_send: 8004
tot_msg_rcv: 247
tot_msg_sent: 569
tot_reconf_duration: 13.17
tot_sleeping_duration: 570743.6909200024
tot_uptimes: 149
tot_uptimes_duration: 8880.006079997635
