comms_cons: 59.66692480062971
finished_reconf: true
global_termination_time: 578701.068
local_termination_time: 244616.64264000085
node_cons: 11897.734645602563
tot_aggregated_send: 7424
tot_msg_rcv: 484
tot_msg_sent: 1160
tot_reconf_duration: 5.43
tot_sleeping_duration: 569821.0375999981
tot_uptimes: 149
tot_uptimes_duration: 8880.03040000191
