comms_cons: 243.24617599918733
finished_reconf: true
global_termination_time: 2445228.724
local_termination_time: 971074.9064799999
node_cons: 50309.9915399993
tot_aggregated_send: 34916
tot_msg_rcv: 674
tot_msg_sent: 1381
tot_reconf_duration: 12.629999999999999
tot_sleeping_duration: 2407668.724
tot_uptimes: 627
tot_uptimes_duration: 37560.0
