comms_cons: 397.452192036902
finished_reconf: true
global_termination_time: 4036753.133
local_termination_time: 2598869.11236
node_cons: 82998.79220111543
tot_aggregated_send: 54984
tot_msg_rcv: 1801
tot_msg_sent: 3625
tot_reconf_duration: 5.57
tot_sleeping_duration: 3974773.126920002
tot_uptimes: 1034
tot_uptimes_duration: 61980.00607999787
