comms_cons: 391.9204224045327
finished_reconf: true
global_termination_time: 4038329.613
local_termination_time: 2670127.3080399996
node_cons: 83105.91739999762
tot_aggregated_send: 56608
tot_msg_rcv: 963
tot_msg_sent: 1998
tot_reconf_duration: 25.299999999999997
tot_sleeping_duration: 3976289.613
tot_uptimes: 1035
tot_uptimes_duration: 62040.0
