comms_cons: 559.2494337571122
finished_reconf: true
global_termination_time: 5491004.403
local_termination_time: 194059.01908000014
node_cons: 112988.89639340472
tot_aggregated_send: 75052
tot_msg_rcv: 3533
tot_msg_sent: 6417
tot_reconf_duration: 22.65
tot_sleeping_duration: 5406644.330040024
tot_uptimes: 1407
tot_uptimes_duration: 84360.07295997621
