comms_cons: 976.8732693571578
finished_reconf: true
global_termination_time: 5492857.199
local_termination_time: 925008.0233599999
node_cons: 112973.45596781526
tot_aggregated_send: 0
tot_msg_rcv: 74988
tot_msg_sent: 73489
tot_reconf_duration: 11.31
tot_sleeping_duration: 5408497.156440016
tot_uptimes: 1407
tot_uptimes_duration: 84360.04255998414
