comms_cons: 558.9422780708733
finished_reconf: true
global_termination_time: 1242668.835
local_termination_time: 266370.57264000084
node_cons: 74942.02753772019
tot_aggregated_send: 0
tot_msg_rcv: 34453
tot_msg_sent: 50504
tot_reconf_duration: 18.21
tot_sleeping_duration: 1186718.6495199986
tot_uptimes: 915
tot_uptimes_duration: 55950.18548000136
