comms_cons: 228.9561598648185
finished_reconf: true
global_termination_time: 1245147.551
local_termination_time: 268112.7406000001
node_cons: 25578.9112644674
tot_aggregated_send: 0
tot_msg_rcv: 17582
tot_msg_sent: 17219
tot_reconf_duration: 22.65
tot_sleeping_duration: 1226067.5266800094
tot_uptimes: 319
tot_uptimes_duration: 19080.024319990538
