comms_cons: 273.2428160378464
finished_reconf: true
global_termination_time: 2808099.882
local_termination_time: 7439.979
node_cons: 57850.20480558408
tot_aggregated_send: 38739
tot_msg_rcv: 887
tot_msg_sent: 1904
tot_reconf_duration: 3.95
tot_sleeping_duration: 2764899.8516000113
tot_uptimes: 720
tot_uptimes_duration: 43200.03039998887
