comms_cons: 269.9896576224098
finished_reconf: true
global_termination_time: 2807806.781
local_termination_time: 5994.4039999999995
node_cons: 57877.307783350094
tot_aggregated_send: 39243
tot_msg_rcv: 629
tot_msg_sent: 1165
tot_reconf_duration: 23.919999999999998
tot_sleeping_duration: 2764606.7627600064
tot_uptimes: 720
tot_uptimes_duration: 43200.01823999337
