comms_cons: 261.7797888143191
finished_reconf: true
global_termination_time: 2808633.884
local_termination_time: 5452.446
node_cons: 57850.33520111611
tot_aggregated_send: 39030
tot_msg_rcv: 292
tot_msg_sent: 467
tot_reconf_duration: 4.07
tot_sleeping_duration: 2765433.877920002
tot_uptimes: 720
tot_uptimes_duration: 43200.00607999787
