comms_cons: 106.62972159410593
finished_reconf: true
global_termination_time: 1075811.788
local_termination_time: 762814.588
node_cons: 22222.93239511423
tot_aggregated_send: 14498
tot_msg_rcv: 548
tot_msg_sent: 1162
tot_reconf_duration: 22.65
tot_sleeping_duration: 1059238.0959200042
tot_uptimes: 276
tot_uptimes_duration: 16573.692079995642
