comms_cons: 106.70804479769329
finished_reconf: true
global_termination_time: 1081331.214
local_termination_time: 841668.3210799996
node_cons: 22189.19897999995
tot_aggregated_send: 15486
tot_msg_rcv: 256
tot_msg_sent: 477
tot_reconf_duration: 11.31
tot_sleeping_duration: 1064771.214
tot_uptimes: 277
tot_uptimes_duration: 16560.0
