comms_cons: 53.77180160029359
finished_reconf: true
global_termination_time: 543409.01
local_termination_time: 14318.570920000002
node_cons: 11175.788240000013
tot_aggregated_send: 7888
tot_msg_rcv: 116
tot_msg_sent: 169
tot_reconf_duration: 6.279999999999999
tot_sleeping_duration: 535069.01
tot_uptimes: 140
tot_uptimes_duration: 8340.0
