comms_cons: 158.12052481622086
finished_reconf: true
global_termination_time: 541462.3014799999
local_termination_time: 541462.26036
node_cons: 22177.324608839845
tot_aggregated_send: 0
tot_msg_rcv: 8076
tot_msg_sent: 15955
tot_reconf_duration: 37.410000000000004
tot_sleeping_duration: 524937.6399200001
tot_uptimes: 274
tot_uptimes_duration: 16524.661559999848
