comms_cons: 53.495475199906046
finished_reconf: true
global_termination_time: 544240.296
local_termination_time: 10660.459320000002
node_cons: 11174.633940000012
tot_aggregated_send: 7946
tot_msg_rcv: 74
tot_msg_sent: 111
tot_reconf_duration: 5.43
tot_sleeping_duration: 535900.296
tot_uptimes: 140
tot_uptimes_duration: 8340.0
