comms_cons: 53.80469760042086
finished_reconf: true
global_termination_time: 543276.054
local_termination_time: 17682.471280000005
node_cons: 11190.227907041452
tot_aggregated_send: 7830
tot_msg_rcv: 129
tot_msg_sent: 219
tot_reconf_duration: 15.34
tot_sleeping_duration: 534934.4586399989
tot_uptimes: 140
tot_uptimes_duration: 8341.595360001073
