comms_cons: 236.67356158928834
finished_reconf: true
global_termination_time: 2412742.328
local_termination_time: 764148.4353599998
node_cons: 49577.15393999923
tot_aggregated_send: 34220
tot_msg_rcv: 568
tot_msg_sent: 1185
tot_reconf_duration: 5.43
tot_sleeping_duration: 2375722.328
tot_uptimes: 618
tot_uptimes_duration: 37020.0
