comms_cons: 21.375820799963922
finished_reconf: true
global_termination_time: 209139.77324000016
local_termination_time: 165844.8663200002
node_cons: 4284.393871598535
tot_aggregated_send: 2552
tot_msg_rcv: 286
tot_msg_sent: 410
tot_reconf_duration: 4.390000000000001
tot_sleeping_duration: 205944.52884000127
tot_uptimes: 54
tot_uptimes_duration: 3195.24439999889
