comms_cons: 184.69268471952557
finished_reconf: true
global_termination_time: 1104172.07
local_termination_time: 485073.4703600001
node_cons: 22660.03004112153
tot_aggregated_send: 0
tot_msg_rcv: 14160
tot_msg_sent: 13911
tot_reconf_duration: 3.05
tot_sleeping_duration: 1087252.063919999
tot_uptimes: 283
tot_uptimes_duration: 16920.00608000107
