comms_cons: 108.77454080012636
finished_reconf: true
global_termination_time: 1104805.938
local_termination_time: 659025.177
node_cons: 22671.775112873922
tot_aggregated_send: 15482
tot_msg_rcv: 409
tot_msg_sent: 642
tot_reconf_duration: 7.819999999999999
tot_sleeping_duration: 1087881.9980800047
tot_uptimes: 283
tot_uptimes_duration: 16923.93991999537
