comms_cons: 53.77180160083914
finished_reconf: true
global_termination_time: 533294.29
local_termination_time: 204406.50636000006
node_cons: 10950.977321121434
tot_aggregated_send: 7250
tot_msg_rcv: 302
tot_msg_sent: 621
tot_reconf_duration: 18.21
tot_sleeping_duration: 525134.2839199989
tot_uptimes: 137
tot_uptimes_duration: 8160.006080001069
