comms_cons: 55.371987200819945
finished_reconf: true
global_termination_time: 537028.451
local_termination_time: 106244.3574399996
node_cons: 11024.489283364304
tot_aggregated_send: 7134
tot_msg_rcv: 477
tot_msg_sent: 803
tot_reconf_duration: 13.17
tot_sleeping_duration: 528808.4327599967
tot_uptimes: 138
tot_uptimes_duration: 8220.018240003206
