comms_cons: 54.65466880017007
finished_reconf: true
global_termination_time: 537266.285
local_termination_time: 146564.8212800008
node_cons: 11013.136403364304
tot_aggregated_send: 7076
tot_msg_rcv: 358
tot_msg_sent: 874
tot_reconf_duration: 4.8100000000000005
tot_sleeping_duration: 529046.2667599968
tot_uptimes: 138
tot_uptimes_duration: 8220.018240003206
