comms_cons: 54.416563201095194
finished_reconf: true
global_termination_time: 533564.26
local_termination_time: 44130.56268000014
node_cons: 10941.150805604884
tot_aggregated_send: 6960
tot_msg_rcv: 387
tot_msg_sent: 924
tot_reconf_duration: 10.95
tot_sleeping_duration: 525404.2295999964
tot_uptimes: 137
tot_uptimes_duration: 8160.030400003641
