comms_cons: 53.305305600686445
finished_reconf: true
global_termination_time: 534407.455
local_termination_time: 227459.137
node_cons: 10950.4771551257
tot_aggregated_send: 7418
tot_msg_rcv: 217
tot_msg_sent: 468
tot_reconf_duration: 11.899999999999999
tot_sleeping_duration: 526241.4229199957
tot_uptimes: 137
tot_uptimes_duration: 8166.032080004254
