comms_cons: 56.64691200194743
finished_reconf: true
global_termination_time: 536410.481
local_termination_time: 101595.69299999974
node_cons: 11027.452425607182
tot_aggregated_send: 6902
tot_msg_rcv: 673
tot_msg_sent: 1035
tot_reconf_duration: 15.34
tot_sleeping_duration: 528190.4505999947
tot_uptimes: 138
tot_uptimes_duration: 8220.030400005344
