comms_cons: 375.1451904641647
finished_reconf: true
global_termination_time: 3713234.172
local_termination_time: 1702290.57736
node_cons: 76348.4353055829
tot_aggregated_send: 51272
tot_msg_rcv: 1929
tot_msg_sent: 3818
tot_reconf_duration: 18.700000000000003
tot_sleeping_duration: 3656234.1416000114
tot_uptimes: 951
tot_uptimes_duration: 57000.0303999884
