comms_cons: 373.86366724731784
finished_reconf: true
global_termination_time: 3710237.054
local_termination_time: 1580054.5963599999
node_cons: 76329.01046669997
tot_aggregated_send: 51388
tot_msg_rcv: 1722
tot_msg_sent: 3715
tot_reconf_duration: 4.390000000000001
tot_sleeping_duration: 3653237.0175200133
tot_uptimes: 951
tot_uptimes_duration: 57000.036479986506
