comms_cons: 371.15240966477853
finished_reconf: true
global_termination_time: 3711626.012
local_termination_time: 849280.40736
node_cons: 76333.65212446652
tot_aggregated_send: 51968
tot_msg_rcv: 1386
tot_msg_sent: 3059
tot_reconf_duration: 7.819999999999999
tot_sleeping_duration: 3654625.987680009
tot_uptimes: 951
tot_uptimes_duration: 57000.02431999124
