comms_cons: 122.14347519315615
finished_reconf: true
global_termination_time: 1206823.0994799999
local_termination_time: 1206823.05836
node_cons: 24876.852365439227
tot_aggregated_send: 16864
tot_msg_rcv: 643
tot_msg_sent: 1058
tot_reconf_duration: 24.59
tot_sleeping_duration: 1188269.3585200005
tot_uptimes: 310
tot_uptimes_duration: 18553.740959999384
