comms_cons: 113.43198719371141
finished_reconf: true
global_termination_time: 1139721.42524
local_termination_time: 182103.70348000005
node_cons: 23424.113996065673
tot_aggregated_send: 16008
tot_msg_rcv: 424
tot_msg_sent: 808
tot_reconf_duration: 18.21
tot_sleeping_duration: 1122246.1565200107
tot_uptimes: 292
tot_uptimes_duration: 17475.268719989283
