comms_cons: 117.54554238849721
finished_reconf: true
global_termination_time: 1140272.847
local_termination_time: 231916.14136000004
node_cons: 23480.168707831654
tot_aggregated_send: 15022
tot_msg_rcv: 936
tot_msg_sent: 1909
tot_reconf_duration: 15.34
tot_sleeping_duration: 1122752.8044400064
tot_uptimes: 293
tot_uptimes_duration: 17520.042559993744
