comms_cons: 118.52906878649057
finished_reconf: true
global_termination_time: 1140904.155
local_termination_time: 241561.25124000048
node_cons: 23467.89779230358
tot_aggregated_send: 14616
tot_msg_rcv: 1069
tot_msg_sent: 2332
tot_reconf_duration: 6.279999999999999
tot_sleeping_duration: 1123384.0881200123
tot_uptimes: 293
tot_uptimes_duration: 17520.066879987717
