comms_cons: 118.55060478661876
finished_reconf: true
global_termination_time: 1141531.959
local_termination_time: 397937.76468000025
node_cons: 23472.096783350513
tot_aggregated_send: 14906
tot_msg_rcv: 1088
tot_msg_sent: 2025
tot_reconf_duration: 9.42
tot_sleeping_duration: 1124011.9407600071
tot_uptimes: 293
tot_uptimes_duration: 17520.018239992904
