comms_cons: 208.68564478920834
finished_reconf: true
global_termination_time: 2097823.186
local_termination_time: 50385.16772000002
node_cons: 43146.76263999959
tot_aggregated_send: 29870
tot_msg_rcv: 575
tot_msg_sent: 1274
tot_reconf_duration: 3.08
tot_sleeping_duration: 2065603.1860000002
tot_uptimes: 538
tot_uptimes_duration: 32220.0
