comms_cons: 208.86328319061346
finished_reconf: true
global_termination_time: 2097671.876
local_termination_time: 606583.7654799978
node_cons: 43243.1600938335
tot_aggregated_send: 30160
tot_msg_rcv: 545
tot_msg_sent: 1041
tot_reconf_duration: 9.11
tot_sleeping_duration: 2065385.9994400048
tot_uptimes: 538
tot_uptimes_duration: 32285.876559995464
