comms_cons: 206.7065599837862
finished_reconf: true
global_termination_time: 2098090.68
local_termination_time: 586369.9333199986
node_cons: 43149.18525005117
tot_aggregated_send: 27724
tot_msg_rcv: 1168
tot_msg_sent: 2527
tot_reconf_duration: 4.8100000000000005
tot_sleeping_duration: 2065870.6252800215
tot_uptimes: 538
tot_uptimes_duration: 32220.05471997871
