comms_cons: 213.67801597804294
finished_reconf: true
global_termination_time: 2097665.609119997
local_termination_time: 117960.91311999944
node_cons: 43169.01278755387
tot_aggregated_send: 28478
tot_msg_rcv: 1368
tot_msg_sent: 2632
tot_reconf_duration: 4.390000000000001
tot_sleeping_duration: 2065430.3207200312
tot_uptimes: 538
tot_uptimes_duration: 32235.28839996585
