comms_cons: 213.98493437428456
finished_reconf: true
global_termination_time: 2097844.194
local_termination_time: 460308.2913600001
node_cons: 43146.795170051155
tot_aggregated_send: 28014
tot_msg_rcv: 1642
tot_msg_sent: 2869
tot_reconf_duration: 3.05
tot_sleeping_duration: 2065624.1392800214
tot_uptimes: 538
tot_uptimes_duration: 32220.05471997871
