comms_cons: 205.78685438325644
finished_reconf: true
global_termination_time: 2099602.627
local_termination_time: 656489.25
node_cons: 43151.05118335022
tot_aggregated_send: 28181
tot_msg_rcv: 996
tot_msg_sent: 2102
tot_reconf_duration: 6.22
tot_sleeping_duration: 2067382.608760007
tot_uptimes: 538
tot_uptimes_duration: 32220.018239992904
