comms_cons: 11.705651199810063
finished_reconf: true
global_termination_time: 103732.9094799999
local_termination_time: 90473.00835999996
node_cons: 2116.448599839024
tot_aggregated_send: 1044
tot_msg_rcv: 270
tot_msg_sent: 465
tot_reconf_duration: 6.22
tot_sleeping_duration: 102158.59892000063
tot_uptimes: 27
tot_uptimes_duration: 1574.3105599992705
