comms_cons: 88.79946239824166
finished_reconf: true
global_termination_time: 871633.185
local_termination_time: 324268.2178400002
node_cons: 17946.594982238323
tot_aggregated_send: 11948
tot_msg_rcv: 580
tot_msg_sent: 969
tot_reconf_duration: 22.65
tot_sleeping_duration: 858253.1728400014
tot_uptimes: 224
tot_uptimes_duration: 13380.012159998703
