comms_cons: 87.77310719534634
finished_reconf: true
global_termination_time: 872697.716
local_termination_time: 483004.54960000014
node_cons: 17919.97004111692
tot_aggregated_send: 11890
tot_msg_rcv: 452
tot_msg_sent: 999
tot_reconf_duration: 3.05
tot_sleeping_duration: 859317.7099200024
tot_uptimes: 224
tot_uptimes_duration: 13380.006079997635
