comms_cons: 86.05854719970881
finished_reconf: true
global_termination_time: 870216.5054399996
local_termination_time: 149931.27180000072
node_cons: 17881.252276159506
tot_aggregated_send: 12412
tot_msg_rcv: 195
tot_msg_sent: 472
tot_reconf_duration: 11.31
tot_sleeping_duration: 856873.792
tot_uptimes: 223
tot_uptimes_duration: 13342.713439999614
