comms_cons: 166.0043647402391
finished_reconf: true
global_termination_time: 839741.337
local_termination_time: 2294.6963600000004
node_cons: 17297.86174448115
tot_aggregated_send: 0
tot_msg_rcv: 12764
tot_msg_sent: 12467
tot_reconf_duration: 18.21
tot_sleeping_duration: 826841.3126799993
tot_uptimes: 216
tot_uptimes_duration: 12900.02432000084
