comms_cons: 86.32693759639321
finished_reconf: true
global_termination_time: 839235.896
local_termination_time: 115508.08035999996
node_cons: 17200.40547118905
tot_aggregated_send: 10614
tot_msg_rcv: 873
tot_msg_sent: 1635
tot_reconf_duration: 5.57
tot_sleeping_duration: 826395.8352000081
tot_uptimes: 215
tot_uptimes_duration: 12840.060799991814
