comms_cons: 85.97040639709759
finished_reconf: true
global_termination_time: 842024.963
local_termination_time: 177333.60336000004
node_cons: 17280.539068957663
tot_aggregated_send: 11310
tot_msg_rcv: 591
tot_msg_sent: 1166
tot_reconf_duration: 5.43
tot_sleeping_duration: 829124.9143600018
tot_uptimes: 216
tot_uptimes_duration: 12900.048639998247
