comms_cons: 200.59980799216402
finished_reconf: true
global_termination_time: 2026017.555
local_termination_time: 1070373.3703599998
node_cons: 41640.84917999961
tot_aggregated_send: 29232
tot_msg_rcv: 462
tot_msg_sent: 796
tot_reconf_duration: 18.21
tot_sleeping_duration: 1994937.555
tot_uptimes: 519
tot_uptimes_duration: 31080.0
