comms_cons: 208.18695677557972
finished_reconf: true
global_termination_time: 2024053.925
local_termination_time: 687652.9260399983
node_cons: 41622.12232558385
tot_aggregated_send: 27318
tot_msg_rcv: 1596
tot_msg_sent: 2729
tot_reconf_duration: 4.390000000000001
tot_sleeping_duration: 1992973.8946000119
tot_uptimes: 519
tot_uptimes_duration: 31080.030399988173
