comms_cons: 205.20650238026874
finished_reconf: true
global_termination_time: 2024281.649
local_termination_time: 13644.01248
node_cons: 41624.67259452887
tot_aggregated_send: 27724
tot_msg_rcv: 1136
tot_msg_sent: 2331
tot_reconf_duration: 6.22
tot_sleeping_duration: 1993201.569960023
tot_uptimes: 519
tot_uptimes_duration: 31080.079039976998
