comms_cons: 556.0591488505995
finished_reconf: true
global_termination_time: 5657020.37
local_termination_time: 2684928.4827599977
node_cons: 116360.9177057506
tot_aggregated_send: 79518
tot_msg_rcv: 1718
tot_msg_sent: 3281
tot_reconf_duration: 15.34
tot_sleeping_duration: 5570134.570160004
tot_uptimes: 1449
tot_uptimes_duration: 86885.7998399958
