comms_cons: 546.7782016392571
finished_reconf: true
global_termination_time: 5653021.332
local_termination_time: 2998616.2495999997
node_cons: 116286.33739999618
tot_aggregated_send: 79402
tot_msg_rcv: 1345
tot_msg_sent: 2361
tot_reconf_duration: 25.299999999999997
tot_sleeping_duration: 5566201.332
tot_uptimes: 1448
tot_uptimes_duration: 86820.0
