comms_cons: 558.337433689282
finished_reconf: true
global_termination_time: 5653614.946
local_termination_time: 278413.73748000007
node_cons: 116258.5852500541
tot_aggregated_send: 79286
tot_msg_rcv: 1796
tot_msg_sent: 3782
tot_reconf_duration: 4.8100000000000005
tot_sleeping_duration: 5566794.891280018
tot_uptimes: 1448
tot_uptimes_duration: 86820.05471998331
