comms_cons: 62.33854720045983
finished_reconf: true
global_termination_time: 625393.9272400002
local_termination_time: 310195.039
node_cons: 12934.211947362755
tot_aggregated_send: 8930
tot_msg_rcv: 211
tot_msg_sent: 334
tot_reconf_duration: 22.65
tot_sleeping_duration: 615757.2929999982
tot_uptimes: 161
tot_uptimes_duration: 9636.634240002022
