comms_cons: 61.594470399491534
finished_reconf: true
global_termination_time: 627996.557
local_termination_time: 505300.78036000003
node_cons: 12862.93638111681
tot_aggregated_send: 9106
tot_msg_rcv: 87
tot_msg_sent: 169
tot_reconf_duration: 6.279999999999999
tot_sleeping_duration: 618396.5509200024
tot_uptimes: 161
tot_uptimes_duration: 9600.006079997635
