comms_cons: 62.41749759989217
finished_reconf: true
global_termination_time: 628151.904
local_termination_time: 478900.65936000005
node_cons: 12861.325799999988
tot_aggregated_send: 8990
tot_msg_rcv: 211
tot_msg_sent: 286
tot_reconf_duration: 5.1
tot_sleeping_duration: 618551.904
tot_uptimes: 161
tot_uptimes_duration: 9600.0
