comms_cons: 89.41916159695602
finished_reconf: true
global_termination_time: 885851.534
local_termination_time: 219258.82636000097
node_cons: 18164.44476560491
tot_aggregated_send: 12064
tot_msg_rcv: 483
tot_msg_sent: 1044
tot_reconf_duration: 5.57
tot_sleeping_duration: 872291.5035999963
tot_uptimes: 227
tot_uptimes_duration: 13560.030400003641
