comms_cons: 88.97710079818492
finished_reconf: true
global_termination_time: 883489.469
local_termination_time: 164240.07740000082
node_cons: 18175.387290082286
tot_aggregated_send: 11948
tot_msg_rcv: 506
tot_msg_sent: 1070
tot_reconf_duration: 13.17
tot_sleeping_duration: 869928.9742799983
tot_uptimes: 227
tot_uptimes_duration: 13560.494720001676
