comms_cons: 88.32638719869357
finished_reconf: true
global_termination_time: 885298.323
local_termination_time: 200822.80304000076
node_cons: 18161.05520447971
tot_aggregated_send: 11774
tot_msg_rcv: 600
tot_msg_sent: 1052
tot_reconf_duration: 3.08
tot_sleeping_duration: 871738.2986800001
tot_uptimes: 227
tot_uptimes_duration: 13560.024319999777
