comms_cons: 87.84547839890976
finished_reconf: true
global_termination_time: 885692.307
local_termination_time: 179776.07232000018
node_cons: 18173.000200000017
tot_aggregated_send: 12006
tot_msg_rcv: 431
tot_msg_sent: 915
tot_reconf_duration: 11.899999999999999
tot_sleeping_duration: 872132.307
tot_uptimes: 227
tot_uptimes_duration: 13560.0
