comms_cons: 313.4462463975396
finished_reconf: true
global_termination_time: 3162739.583
local_termination_time: 2089418.2584799998
node_cons: 65029.43368223269
tot_aggregated_send: 44370
tot_msg_rcv: 1096
tot_msg_sent: 2176
tot_reconf_duration: 25.299999999999997
tot_sleeping_duration: 3114199.5708400044
tot_uptimes: 810
tot_uptimes_duration: 48540.0121599955
