comms_cons: 315.13105281847226
finished_reconf: true
global_termination_time: 3162718.249
local_termination_time: 1069092.0733599998
node_cons: 65015.61194446612
tot_aggregated_send: 43906
tot_msg_rcv: 1271
tot_msg_sent: 2721
tot_reconf_duration: 15.110000000000001
tot_sleeping_duration: 3114178.224680009
tot_uptimes: 810
tot_uptimes_duration: 48540.02431999077
