comms_cons: 315.5581696273286
finished_reconf: true
global_termination_time: 3164339.573
local_termination_time: 560205.1469599997
node_cons: 65079.61517005575
tot_aggregated_send: 43964
tot_msg_rcv: 1354
tot_msg_sent: 2645
tot_reconf_duration: 3.05
tot_sleeping_duration: 3115739.518280017
tot_uptimes: 811
tot_uptimes_duration: 48600.05471998284
