comms_cons: 311.20931840351324
finished_reconf: true
global_termination_time: 3163377.114
local_termination_time: 1532110.2493599998
node_cons: 65082.79836334937
tot_aggregated_send: 44138
tot_msg_rcv: 936
tot_msg_sent: 2228
tot_reconf_duration: 5.43
tot_sleeping_duration: 3114777.095760007
tot_uptimes: 811
tot_uptimes_duration: 48600.01823999314
