comms_cons: 40.65287680037701
finished_reconf: true
global_termination_time: 411012.934
local_termination_time: 337465.78036000003
node_cons: 8442.231980000008
tot_aggregated_send: 5916
tot_msg_rcv: 93
tot_msg_sent: 170
tot_reconf_duration: 4.8100000000000005
tot_sleeping_duration: 404712.934
tot_uptimes: 106
tot_uptimes_duration: 6300.0
