comms_cons: 1.7632255999941744
finished_reconf: true
global_termination_time: 12678.545
local_termination_time: 10637.459359999999
node_cons: 247.94579999999803
tot_aggregated_send: 0
tot_msg_rcv: 145
tot_msg_sent: 123
tot_reconf_duration: 5.1
tot_sleeping_duration: 12498.545
tot_uptimes: 4
tot_uptimes_duration: 180.0
