comms_cons: 561.3040961090819
finished_reconf: true
global_termination_time: 5606218.778
local_termination_time: 282025.92628000036
node_cons: 115294.49271701323
tot_aggregated_send: 78706
tot_msg_rcv: 2153
tot_msg_sent: 4455
tot_reconf_duration: 4.8100000000000005
tot_sleeping_duration: 5520118.732640017
tot_uptimes: 1436
tot_uptimes_duration: 86100.04535998264
