comms_cons: 168.19129599539016
finished_reconf: true
global_termination_time: 1701897.799
local_termination_time: 134743.33488000088
node_cons: 34977.89701432115
tot_aggregated_send: 24592
tot_msg_rcv: 342
tot_msg_sent: 631
tot_reconf_duration: 15.34
tot_sleeping_duration: 1675790.9541199992
tot_uptimes: 436
tot_uptimes_duration: 26106.844880000892
