comms_cons: 338.9390077347632
finished_reconf: true
global_termination_time: 1704113.264
local_termination_time: 2605.7773600000005
node_cons: 35059.03126447506
tot_aggregated_send: 0
tot_msg_rcv: 26234
tot_msg_sent: 25281
tot_reconf_duration: 22.65
tot_sleeping_duration: 1677953.2396800036
tot_uptimes: 437
tot_uptimes_duration: 26160.024319996344
