comms_cons: 60.949708799614655
finished_reconf: true
global_termination_time: 616123.411
local_termination_time: 297629.12836000003
node_cons: 12620.322082242848
tot_aggregated_send: 8352
tot_msg_rcv: 244
tot_msg_sent: 668
tot_reconf_duration: 5.1
tot_sleeping_duration: 606703.3988399978
tot_uptimes: 158
tot_uptimes_duration: 9420.012160002138
