comms_cons: 44.92145920258961
finished_reconf: true
global_termination_time: 229049.397
local_termination_time: 1004.9094799999998
node_cons: 4663.870041119155
tot_aggregated_send: 0
tot_msg_rcv: 3460
tot_msg_sent: 3367
tot_reconf_duration: 3.05
tot_sleeping_duration: 225569.39092000062
tot_uptimes: 59
tot_uptimes_duration: 3480.006079999366
