comms_cons: 2.256665599994636
finished_reconf: true
global_termination_time: 19006.769
local_termination_time: 4527.902360000001
node_cons: 336.71898000000056
tot_aggregated_send: 0
tot_msg_rcv: 177
tot_msg_sent: 166
tot_reconf_duration: 11.31
tot_sleeping_duration: 18766.769
tot_uptimes: 5
tot_uptimes_duration: 239.99999999999994
