comms_cons: 1214.9769045642838
finished_reconf: true
global_termination_time: 4164683.855
local_termination_time: 3062711.03948
node_cons: 170261.21502799352
tot_aggregated_send: 0
tot_msg_rcv: 61814
tot_msg_sent: 122856
tot_reconf_duration: 18.21
tot_sleeping_duration: 4037546.8230000003
tot_uptimes: 2105
tot_uptimes_duration: 127137.03199999954
