comms_cons: 819.2070030630259
finished_reconf: true
global_termination_time: 4164685.35
local_termination_time: 3062714.5106
node_cons: 85673.23126446527
tot_aggregated_send: 0
tot_msg_rcv: 62700
tot_msg_sent: 61814
tot_reconf_duration: 22.65
tot_sleeping_duration: 4100725.3256800096
tot_uptimes: 1067
tot_uptimes_duration: 63960.02431999077
