comms_cons: 421.33259527974496
finished_reconf: true
global_termination_time: 4162116.692
local_termination_time: 276246.44336000003
node_cons: 85596.56323452703
tot_aggregated_send: 57710
tot_msg_rcv: 2279
tot_msg_sent: 4051
tot_reconf_duration: 25.299999999999997
tot_sleeping_duration: 4098216.612960023
tot_uptimes: 1066
tot_uptimes_duration: 63900.07903997705
