comms_cons: 171.6287743896788
finished_reconf: true
global_termination_time: 1708645.8736799995
local_termination_time: 1708645.8325599995
node_cons: 35174.463144469984
tot_aggregated_send: 23708
tot_msg_rcv: 726
tot_msg_sent: 1655
tot_reconf_duration: 24.59
tot_sleeping_duration: 1682401.6093600069
tot_uptimes: 438
tot_uptimes_duration: 26244.26431999255
