comms_cons: 170.61867519024366
finished_reconf: true
global_termination_time: 1708646.77424
local_termination_time: 206447.08736000003
node_cons: 35153.78656054211
tot_aggregated_send: 23548
tot_msg_rcv: 814
tot_msg_sent: 1570
tot_reconf_duration: 18.21
tot_sleeping_duration: 1682411.4812000133
tot_uptimes: 438
tot_uptimes_duration: 26235.29303998669
