comms_cons: 177.08268797954943
finished_reconf: true
global_termination_time: 1710014.437
local_termination_time: 187007.341
node_cons: 35112.79517006522
tot_aggregated_send: 22560
tot_msg_rcv: 1556
tot_msg_sent: 2798
tot_reconf_duration: 3.05
tot_sleeping_duration: 1683794.382280011
tot_uptimes: 438
tot_uptimes_duration: 26220.054719989013
