comms_cons: 166.32217599755631
finished_reconf: true
global_termination_time: 1709851.172
local_termination_time: 1258117.78436
node_cons: 35117.026759999906
tot_aggregated_send: 24070
tot_msg_rcv: 474
tot_msg_sent: 736
tot_reconf_duration: 6.22
tot_sleeping_duration: 1683631.172
tot_uptimes: 438
tot_uptimes_duration: 26220.0
