comms_cons: 1.526374399999142
finished_reconf: true
global_termination_time: 10484.882
local_termination_time: 4165.06336
node_cons: 166.64161999999922
tot_aggregated_send: 0
tot_msg_rcv: 119
tot_msg_sent: 112
tot_reconf_duration: 4.390000000000001
tot_sleeping_duration: 10364.882
tot_uptimes: 3
tot_uptimes_duration: 120.0
