comms_cons: 25.133171200174907
finished_reconf: true
global_termination_time: 239367.036
local_termination_time: 1504.9244000000015
node_cons: 4921.579861119156
tot_aggregated_send: 2958
tot_msg_rcv: 292
tot_msg_sent: 569
tot_reconf_duration: 15.34
tot_sleeping_duration: 235707.0299200006
tot_uptimes: 62
tot_uptimes_duration: 3660.006079999366
