comms_cons: 23.658803200247593
finished_reconf: true
global_termination_time: 240718.932
local_termination_time: 49095.37836000001
node_cons: 4915.6101
tot_aggregated_send: 3364
tot_msg_rcv: 68
tot_msg_sent: 164
tot_reconf_duration: 10.95
tot_sleeping_duration: 237058.932
tot_uptimes: 62
tot_uptimes_duration: 3660.0
