comms_cons: 25.09369600037421
finished_reconf: true
global_termination_time: 241630.104
local_termination_time: 156572.40336000005
node_cons: 4908.130222242855
tot_aggregated_send: 2958
tot_msg_rcv: 278
tot_msg_sent: 579
tot_reconf_duration: 5.43
tot_sleeping_duration: 237970.09183999785
tot_uptimes: 62
tot_uptimes_duration: 3660.0121600021375
