comms_cons: 34.70894080070124
finished_reconf: true
global_termination_time: 177452.713
local_termination_time: 1256.1033600000003
node_cons: 3646.0668411214333
tot_aggregated_send: 0
tot_msg_rcv: 2681
tot_msg_sent: 2593
tot_reconf_duration: 22.65
tot_sleeping_duration: 174752.70691999892
tot_uptimes: 46
tot_uptimes_duration: 2700.0060800010688
