comms_cons: 35.07336960076027
finished_reconf: true
global_termination_time: 176522.1007200002
local_termination_time: 2727.0733600000003
node_cons: 3693.524353080257
tot_aggregated_send: 0
tot_msg_rcv: 2684
tot_msg_sent: 2645
tot_reconf_duration: 6.22
tot_sleeping_duration: 173769.989
tot_uptimes: 46
tot_uptimes_duration: 2752.11172000019
