comms_cons: 157.93505918748258
finished_reconf: true
global_termination_time: 1578767.58424
local_termination_time: 4772.961
node_cons: 32493.04448383662
tot_aggregated_send: 21621
tot_msg_rcv: 875
tot_msg_sent: 1509
tot_reconf_duration: 12.23
tot_sleeping_duration: 1554513.3376800024
tot_uptimes: 405
tot_uptimes_duration: 24254.24655999744
