comms_cons: 152.3725503868549
finished_reconf: true
global_termination_time: 1578767.6660000002
local_termination_time: 4972.281
node_cons: 32504.225671187065
tot_aggregated_send: 20811
tot_msg_rcv: 804
tot_msg_sent: 1544
tot_reconf_duration: 10.55
tot_sleeping_duration: 1554503.36520001
tot_uptimes: 405
tot_uptimes_duration: 24264.300799990306
