comms_cons: 53.71916800025903
finished_reconf: true
global_termination_time: 543993.236
local_termination_time: 113531.46347999995
node_cons: 11174.824060000004
tot_aggregated_send: 7830
tot_msg_rcv: 108
tot_msg_sent: 227
tot_reconf_duration: 5.57
tot_sleeping_duration: 535653.236
tot_uptimes: 140
tot_uptimes_duration: 8340.0
