comms_cons: 53.82506239988467
finished_reconf: true
global_termination_time: 542842.297
local_termination_time: 10715.768600000001
node_cons: 11173.800121121449
tot_aggregated_send: 7714
tot_msg_rcv: 127
tot_msg_sent: 340
tot_reconf_duration: 4.8100000000000005
tot_sleeping_duration: 534502.2909199989
tot_uptimes: 140
tot_uptimes_duration: 8340.006080001069
