comms_cons: 157.8766336171842
finished_reconf: true
global_termination_time: 541462.3014799999
local_termination_time: 541462.26036
node_cons: 22165.936531839965
tot_aggregated_send: 0
tot_msg_rcv: 8029
tot_msg_sent: 15965
tot_reconf_duration: 24.59
tot_sleeping_duration: 524933.1429199999
tot_uptimes: 275
tot_uptimes_duration: 16529.158559999938
