comms_cons: 53.469158399906135
finished_reconf: true
global_termination_time: 544240.296
local_termination_time: 10666.339320000003
node_cons: 11182.618980000014
tot_aggregated_send: 7946
tot_msg_rcv: 75
tot_msg_sent: 106
tot_reconf_duration: 11.31
tot_sleeping_duration: 535900.296
tot_uptimes: 140
tot_uptimes_duration: 8340.0
