comms_cons: 1541.9480430816252
finished_reconf: true
global_termination_time: 7832622.9175999975
local_termination_time: 714.9004799999991
node_cons: 161127.05545733328
tot_aggregated_send: 0
tot_msg_rcv: 118068
tot_msg_sent: 116295
tot_reconf_duration: 18.21
tot_sleeping_duration: 7712307.513360013
tot_uptimes: 2006
tot_uptimes_duration: 120315.40423998417
