comms_cons: 779.2760897696025
finished_reconf: true
global_termination_time: 7834175.065
local_termination_time: 3237790.501359999
node_cons: 161169.00650558033
tot_aggregated_send: 109156
tot_msg_rcv: 3135
tot_msg_sent: 6156
tot_reconf_duration: 5.1
tot_sleeping_duration: 7713815.034600011
tot_uptimes: 2007
tot_uptimes_duration: 120360.03039998934
