comms_cons: 782.4902146099492
finished_reconf: true
global_termination_time: 7834015.661
local_termination_time: 3353871.65036
node_cons: 161196.44624669675
tot_aggregated_send: 107880
tot_msg_rcv: 3824
tot_msg_sent: 7227
tot_reconf_duration: 25.299999999999997
tot_sleeping_duration: 7713655.624520014
tot_uptimes: 2007
tot_uptimes_duration: 120360.03647998697
