comms_cons: 764.3629569328145
finished_reconf: true
global_termination_time: 7836242.158
local_termination_time: 4640518.529359999
node_cons: 161182.60008557938
tot_aggregated_send: 109098
tot_msg_rcv: 2359
tot_msg_sent: 4721
tot_reconf_duration: 15.110000000000001
tot_sleeping_duration: 7715882.1276000105
tot_uptimes: 2007
tot_uptimes_duration: 120360.03039998934
