comms_cons: 768.5480129244113
finished_reconf: true
global_termination_time: 7835710.923
local_termination_time: 4649031.700199999
node_cons: 161174.86492446295
tot_aggregated_send: 108170
tot_msg_rcv: 2957
tot_msg_sent: 5687
tot_reconf_duration: 9.42
tot_sleeping_duration: 7715350.898680009
tot_uptimes: 2007
tot_uptimes_duration: 120360.02431999147
