comms_cons: 768.2217025189781
finished_reconf: true
global_termination_time: 7834340.661
local_termination_time: 4980880.940359999
node_cons: 161187.45088222777
tot_aggregated_send: 108982
tot_msg_rcv: 2745
tot_msg_sent: 5037
tot_reconf_duration: 18.700000000000003
tot_sleeping_duration: 7713980.648840005
tot_uptimes: 2007
tot_uptimes_duration: 120360.01215999573
