comms_cons: 782.2892225990153
finished_reconf: true
global_termination_time: 7836040.922
local_termination_time: 910103.1366799995
node_cons: 161172.76539451652
tot_aggregated_send: 108692
tot_msg_rcv: 3415
tot_msg_sent: 6795
tot_reconf_duration: 7.819999999999999
tot_sleeping_duration: 7715680.842960029
tot_uptimes: 2007
tot_uptimes_duration: 120360.07903997158
