comms_cons: 77.08743679590145
finished_reconf: true
global_termination_time: 747900.104
local_termination_time: 545597.5860399994
node_cons: 15353.492663350555
tot_aggregated_send: 9976
tot_msg_rcv: 639
tot_msg_sent: 1103
tot_reconf_duration: 6.279999999999999
tot_sleeping_duration: 736440.0857600071
tot_uptimes: 192
tot_uptimes_duration: 11460.018239992904
