comms_cons: 75.25779199760869
finished_reconf: true
global_termination_time: 748052.747
local_termination_time: 545643.7343599999
node_cons: 15362.841142233743
tot_aggregated_send: 10382
tot_msg_rcv: 371
tot_msg_sent: 685
tot_reconf_duration: 13.17
tot_sleeping_duration: 736592.7348400047
tot_uptimes: 192
tot_uptimes_duration: 11460.012159995269
