comms_cons: 75.14143359907068
finished_reconf: true
global_termination_time: 745365.144
local_termination_time: 484444.21736000007
node_cons: 15271.13198000002
tot_aggregated_send: 10266
tot_msg_rcv: 405
tot_msg_sent: 750
tot_reconf_duration: 4.8100000000000005
tot_sleeping_duration: 733965.144
tot_uptimes: 191
tot_uptimes_duration: 11400.0
