comms_cons: 75.46143359977494
finished_reconf: true
global_termination_time: 744588.6303600004
local_termination_time: 41752.914000000186
node_cons: 15343.329234640789
tot_aggregated_send: 10150
tot_msg_rcv: 438
tot_msg_sent: 881
tot_reconf_duration: 3.05
tot_sleeping_duration: 733132.9265999999
tot_uptimes: 191
tot_uptimes_duration: 11455.703760000571
