comms_cons: 150.62575999339305
finished_reconf: true
global_termination_time: 1517454.257
local_termination_time: 622007.6633599999
node_cons: 31184.29138000003
tot_aggregated_send: 21634
tot_msg_rcv: 432
tot_msg_sent: 827
tot_reconf_duration: 9.11
tot_sleeping_duration: 1494174.257
tot_uptimes: 389
tot_uptimes_duration: 23280.0
