comms_cons: 149.6774271973469
finished_reconf: true
global_termination_time: 1515500.52
local_termination_time: 576051.1033999982
node_cons: 31195.675046714437
tot_aggregated_send: 21982
tot_msg_rcv: 258
tot_msg_sent: 510
tot_reconf_duration: 15.110000000000001
tot_sleeping_duration: 1492218.103520004
tot_uptimes: 389
tot_uptimes_duration: 23282.416479995823
