comms_cons: 49.045913599875725
finished_reconf: true
global_termination_time: 12252.158240000002
local_termination_time: 1236.6024800000025
node_cons: 5012.920126960075
tot_aggregated_send: 0
tot_msg_rcv: 3910
tot_msg_sent: 3543
tot_reconf_duration: 18.21
tot_sleeping_duration: 8526.847599999948
tot_uptimes: 49
tot_uptimes_duration: 3725.3106400000547
