comms_cons: 2.1711359999970465
finished_reconf: true
global_termination_time: 12853.422
local_termination_time: 8255.87736
node_cons: 271.7786999999995
tot_aggregated_send: 0
tot_msg_rcv: 177
tot_msg_sent: 153
tot_reconf_duration: 22.65
tot_sleeping_duration: 12673.422
tot_uptimes: 4
tot_uptimes_duration: 180.0
