comms_cons: 2.2632447999967056
finished_reconf: true
global_termination_time: 14330.709
local_termination_time: 8914.573360000002
node_cons: 248.58406000000207
tot_aggregated_send: 0
tot_msg_rcv: 175
tot_msg_sent: 169
tot_reconf_duration: 5.57
tot_sleeping_duration: 14150.709
tot_uptimes: 4
tot_uptimes_duration: 180.0
