comms_cons: 2.2698239999924996
finished_reconf: true
global_termination_time: 14257.533
local_termination_time: 9703.544360000002
node_cons: 253.3913800000008
tot_aggregated_send: 0
tot_msg_rcv: 178
tot_msg_sent: 166
tot_reconf_duration: 9.11
tot_sleeping_duration: 14077.533
tot_uptimes: 4
tot_uptimes_duration: 180.0
