comms_cons: 2.2112383999919847
finished_reconf: true
global_termination_time: 13654.129
local_termination_time: 8681.35536
node_cons: 261.53937999999835
tot_aggregated_send: 0
tot_msg_rcv: 175
tot_msg_sent: 160
tot_reconf_duration: 15.110000000000001
tot_sleeping_duration: 13474.129
tot_uptimes: 4
tot_uptimes_duration: 180.0
