comms_cons: 2.2829823999956766
finished_reconf: true
global_termination_time: 14756.752
local_termination_time: 4163.78636
node_cons: 246.98161999999908
tot_aggregated_send: 0
tot_msg_rcv: 176
tot_msg_sent: 170
tot_reconf_duration: 4.390000000000001
tot_sleeping_duration: 14576.752
tot_uptimes: 4
tot_uptimes_duration: 179.9999999999999
