comms_cons: 2.2764031999949923
finished_reconf: true
global_termination_time: 14349.163
local_termination_time: 6993.3153600000005
node_cons: 249.46676000000033
tot_aggregated_send: 0
tot_msg_rcv: 176
tot_msg_sent: 169
tot_reconf_duration: 6.22
tot_sleeping_duration: 14169.163
tot_uptimes: 4
tot_uptimes_duration: 180.0
