comms_cons: 1.006617600000881
finished_reconf: true
global_termination_time: 4911.8
local_termination_time: 1010.1183599999998
node_cons: 93.1323600000001
tot_aggregated_send: 0
tot_msg_rcv: 103
tot_msg_sent: 50
tot_reconf_duration: 9.42
tot_sleeping_duration: 4851.8
tot_uptimes: 2
tot_uptimes_duration: 60.000000000000114
