comms_cons: 16.53816319995479
finished_reconf: true
global_termination_time: 11262.156240000002
local_termination_time: 331.6615999999991
node_cons: 1883.7623656000164
tot_aggregated_send: 0
tot_msg_rcv: 1196
tot_msg_sent: 1316
tot_reconf_duration: 4.390000000000001
tot_sleeping_duration: 9859.765839999991
tot_uptimes: 20
tot_uptimes_duration: 1402.3904000000123
