comms_cons: 88.45734399989124
finished_reconf: true
global_termination_time: 889902.554
local_termination_time: 78658.6821999999
node_cons: 18243.711980000026
tot_aggregated_send: 12586
tot_msg_rcv: 283
tot_msg_sent: 576
tot_reconf_duration: 4.8100000000000005
tot_sleeping_duration: 876282.554
tot_uptimes: 228
tot_uptimes_duration: 13620.0
