comms_cons: 87.48362239903885
finished_reconf: true
global_termination_time: 892911.364
local_termination_time: 354095.25336000003
node_cons: 18323.481619999966
tot_aggregated_send: 12876
tot_msg_rcv: 133
tot_msg_sent: 288
tot_reconf_duration: 4.390000000000001
tot_sleeping_duration: 879231.364
tot_uptimes: 229
tot_uptimes_duration: 13680.0
