comms_cons: 306.956863973279
finished_reconf: true
global_termination_time: 635134.354
local_termination_time: 361054.1766000001
node_cons: 38593.44093248529
tot_aggregated_send: 0
tot_msg_rcv: 18834
tot_msg_sent: 27820
tot_reconf_duration: 18.21
tot_sleeping_duration: 606330.2376799961
tot_uptimes: 474
tot_uptimes_duration: 28804.116320004076
