comms_cons: 63.57667200047224
finished_reconf: true
global_termination_time: 636680.931
local_termination_time: 362367.18644000066
node_cons: 13113.321142240578
tot_aggregated_send: 8526
tot_msg_rcv: 447
tot_msg_sent: 690
tot_reconf_duration: 13.17
tot_sleeping_duration: 626900.9188399995
tot_uptimes: 164
tot_uptimes_duration: 9780.012160000435
