comms_cons: 66.49597439854986
finished_reconf: true
global_termination_time: 638920.919
local_termination_time: 387232.5192000006
node_cons: 13102.834645607161
tot_aggregated_send: 8352
tot_msg_rcv: 653
tot_msg_sent: 1102
tot_reconf_duration: 5.43
tot_sleeping_duration: 629140.8885999946
tot_uptimes: 164
tot_uptimes_duration: 9780.030400005344
