comms_cons: 132.1695487953865
finished_reconf: true
global_termination_time: 1330592.38524
local_termination_time: 231163.05448000008
node_cons: 27343.114762710604
tot_aggregated_send: 18792
tot_msg_rcv: 421
tot_msg_sent: 875
tot_reconf_duration: 6.22
tot_sleeping_duration: 1310178.1447600068
tot_uptimes: 341
tot_uptimes_duration: 20414.24047999295
