comms_cons: 115.63692799536815
finished_reconf: true
global_termination_time: 1160478.6785599985
local_termination_time: 1160478.6374399986
node_cons: 23960.60937231914
tot_aggregated_send: 16400
tot_msg_rcv: 316
tot_msg_sent: 860
tot_reconf_duration: 24.59
tot_sleeping_duration: 1142609.2116799993
tot_uptimes: 298
tot_uptimes_duration: 17869.466879999323
