comms_cons: 118.84351359572938
finished_reconf: true
global_termination_time: 1162218.463
local_termination_time: 28416.622880000006
node_cons: 23866.96604335973
tot_aggregated_send: 15544
tot_msg_rcv: 829
tot_msg_sent: 1691
tot_reconf_duration: 4.390000000000001
tot_sleeping_duration: 1144398.44476
tot_uptimes: 298
tot_uptimes_duration: 17820.018239999772
