comms_cons: 76.50001920956066
finished_reconf: true
global_termination_time: 389034.701
local_termination_time: 2373.5623600000004
node_cons: 7984.41870000001
tot_aggregated_send: 0
tot_msg_rcv: 5903
tot_msg_sent: 5723
tot_reconf_duration: 22.65
tot_sleeping_duration: 383094.701
tot_uptimes: 100
tot_uptimes_duration: 5940.0
