comms_cons: 332.3386048038964
finished_reconf: true
global_termination_time: 3354798.08048
local_termination_time: 3354798.03936
node_cons: 69063.8116598348
tot_aggregated_send: 48648
tot_msg_rcv: 696
tot_msg_sent: 1168
tot_reconf_duration: 24.59
tot_sleeping_duration: 3303244.3699200023
tot_uptimes: 860
tot_uptimes_duration: 51553.710559997475
