comms_cons: 598.1091134945168
finished_reconf: true
global_termination_time: 871427.366
local_termination_time: 395317.66524000047
node_cons: 86292.53135110009
tot_aggregated_send: 0
tot_msg_rcv: 41246
tot_msg_sent: 49662
tot_reconf_duration: 5.57
tot_sleeping_duration: 806987.5099200135
tot_uptimes: 1039
tot_uptimes_duration: 64439.85607998658
