comms_cons: 89.83047679737179
finished_reconf: true
global_termination_time: 872548.298
local_termination_time: 490572.94136000006
node_cons: 17920.043345593407
tot_aggregated_send: 10962
tot_msg_rcv: 944
tot_msg_sent: 1748
tot_reconf_duration: 3.08
tot_sleeping_duration: 859168.2676000049
tot_uptimes: 224
tot_uptimes_duration: 13380.030399995041
