comms_cons: 87.73818879669199
finished_reconf: true
global_termination_time: 873912.865
local_termination_time: 532923.7823599998
node_cons: 17932.998105757415
tot_aggregated_send: 11716
tot_msg_rcv: 536
tot_msg_sent: 1084
tot_reconf_duration: 12.629999999999999
tot_sleeping_duration: 860532.845160002
tot_uptimes: 224
tot_uptimes_duration: 13380.019839998044
