comms_cons: 92.96472319878191
finished_reconf: true
global_termination_time: 947012.856
local_termination_time: 763962.6902399989
node_cons: 19467.02546224284
tot_aggregated_send: 12992
tot_msg_rcv: 349
tot_msg_sent: 790
tot_reconf_duration: 18.21
tot_sleeping_duration: 932492.8438399979
tot_uptimes: 243
tot_uptimes_duration: 14520.012160002138
