comms_cons: 96.14842879149904
finished_reconf: true
global_termination_time: 944301.746
local_termination_time: 29402.69636
node_cons: 19370.492663357447
tot_aggregated_send: 12702
tot_msg_rcv: 637
tot_msg_sent: 1275
tot_reconf_duration: 6.279999999999999
tot_sleeping_duration: 929841.727760002
tot_uptimes: 242
tot_uptimes_duration: 14460.01823999807
