comms_cons: 96.48337279441607
finished_reconf: true
global_termination_time: 942691.439
local_termination_time: 170753.41836000007
node_cons: 19368.914646719422
tot_aggregated_send: 12586
tot_msg_rcv: 682
tot_msg_sent: 1396
tot_reconf_duration: 5.1
tot_sleeping_duration: 928231.4025200005
tot_uptimes: 242
tot_uptimes_duration: 14460.036479999544
