comms_cons: 94.740479998404
finished_reconf: true
global_termination_time: 944641.384
local_termination_time: 436868.7933600001
node_cons: 19366.106323364384
tot_aggregated_send: 12702
tot_msg_rcv: 625
tot_msg_sent: 1073
tot_reconf_duration: 3.05
tot_sleeping_duration: 930181.3657599968
tot_uptimes: 242
tot_uptimes_duration: 14460.018240003206
