comms_cons: 95.73456639483051
finished_reconf: true
global_termination_time: 946223.543
local_termination_time: 143820.37248000005
node_cons: 19452.96468895305
tot_aggregated_send: 12296
tot_msg_rcv: 854
tot_msg_sent: 1403
tot_reconf_duration: 7.819999999999999
tot_sleeping_duration: 931703.4943600051
tot_uptimes: 243
tot_uptimes_duration: 14520.048639994813
