comms_cons: 965.6772162449558
finished_reconf: true
global_termination_time: 9634135.453
local_termination_time: 2817290.4673599997
node_cons: 198233.20252892977
tot_aggregated_send: 134038
tot_msg_rcv: 4376
tot_msg_sent: 8363
tot_reconf_duration: 25.299999999999997
tot_sleeping_duration: 9486115.404360017
tot_uptimes: 2468
tot_uptimes_duration: 148020.04863998294
