comms_cons: 955.0695874223918
finished_reconf: true
global_termination_time: 9636375.657
local_termination_time: 4411386.0396
node_cons: 198203.01148669585
tot_aggregated_send: 134154
tot_msg_rcv: 3634
tot_msg_sent: 7377
tot_reconf_duration: 3.08
tot_sleeping_duration: 9488355.620520012
tot_uptimes: 2468
tot_uptimes_duration: 148020.0364799872
