comms_cons: 969.7972547098528
finished_reconf: true
global_termination_time: 9630945.153119996
local_termination_time: 48468.42060000001
node_cons: 198169.66172642988
tot_aggregated_send: 133632
tot_msg_rcv: 4431
tot_msg_sent: 9336
tot_reconf_duration: 22.65
tot_sleeping_duration: 9482969.870800028
tot_uptimes: 2467
tot_uptimes_duration: 147975.28231996793
