comms_cons: 967.155526747646
finished_reconf: true
global_termination_time: 9633299.103
local_termination_time: 1282265.51136
node_cons: 198133.89667339774
tot_aggregated_send: 132240
tot_msg_rcv: 4846
tot_msg_sent: 9913
tot_reconf_duration: 11.31
tot_sleeping_duration: 9485339.030040026
tot_uptimes: 2467
tot_uptimes_duration: 147960.0729599737
