comms_cons: 1.75727359999767
finished_reconf: true
global_termination_time: 13322.226
local_termination_time: 4661.82736
node_cons: 261.8517200000002
tot_aggregated_send: 0
tot_msg_rcv: 163
tot_msg_sent: 104
tot_reconf_duration: 15.34
tot_sleeping_duration: 13142.226
tot_uptimes: 4
tot_uptimes_duration: 180.0
