comms_cons: 1.5263743999949575
finished_reconf: true
global_termination_time: 10841.168
local_termination_time: 2668.43548
node_cons: 164.86263999999989
tot_aggregated_send: 0
tot_msg_rcv: 118
tot_msg_sent: 114
tot_reconf_duration: 3.08
tot_sleeping_duration: 10721.168
tot_uptimes: 3
tot_uptimes_duration: 120.0
