comms_cons: 676.3856257501318
finished_reconf: true
global_termination_time: 6773549.962
local_termination_time: 2487805.9243199998
node_cons: 139317.19733004982
tot_aggregated_send: 93902
tot_msg_rcv: 3035
tot_msg_sent: 5869
tot_reconf_duration: 5.57
tot_sleeping_duration: 6669509.90728002
tot_uptimes: 1735
tot_uptimes_duration: 104040.05471998057
