comms_cons: 671.2225473439995
finished_reconf: true
global_termination_time: 6770529.751
local_termination_time: 3020452.737759999
node_cons: 139247.1537066979
tot_aggregated_send: 94308
tot_msg_rcv: 2435
tot_msg_sent: 5281
tot_reconf_duration: 13.17
tot_sleeping_duration: 6666549.714520014
tot_uptimes: 1734
tot_uptimes_duration: 103980.03647998697
