comms_cons: 668.2133377198326
finished_reconf: true
global_termination_time: 6769016.32
local_termination_time: 3808600.1683599995
node_cons: 139241.63208558067
tot_aggregated_send: 92626
tot_msg_rcv: 2799
tot_msg_sent: 6138
tot_reconf_duration: 9.11
tot_sleeping_duration: 6665036.289600012
tot_uptimes: 1734
tot_uptimes_duration: 103980.0303999891
