comms_cons: 663.3436032964773
finished_reconf: true
global_termination_time: 6772197.618
local_termination_time: 4744730.737679998
node_cons: 139324.44638222997
tot_aggregated_send: 94134
tot_msg_rcv: 2211
tot_msg_sent: 4479
tot_reconf_duration: 10.95
tot_sleeping_duration: 6668157.605840004
tot_uptimes: 1735
tot_uptimes_duration: 104040.01215999573
