comms_cons: 677.9496065651736
finished_reconf: true
global_termination_time: 6770961.287
local_termination_time: 1088777.9393599997
node_cons: 139236.6997745176
tot_aggregated_send: 94076
tot_msg_rcv: 2940
tot_msg_sent: 6028
tot_reconf_duration: 5.43
tot_sleeping_duration: 6666981.207960027
tot_uptimes: 1734
tot_uptimes_duration: 103980.07903997181
