comms_cons: 276.6080192005084
finished_reconf: true
global_termination_time: 2810387.39
local_termination_time: 7463.16
node_cons: 57861.489751167916
tot_aggregated_send: 39427
tot_msg_rcv: 875
tot_msg_sent: 1739
tot_reconf_duration: 12.23
tot_sleeping_duration: 2767187.3292000233
tot_uptimes: 720
tot_uptimes_duration: 43200.0607999768
