comms_cons: 275.39496963599487
finished_reconf: true
global_termination_time: 2809810.052
local_termination_time: 5451.687
node_cons: 57853.6378089352
tot_aggregated_send: 38563
tot_msg_rcv: 1217
tot_msg_sent: 2078
tot_reconf_duration: 6.46
tot_sleeping_duration: 2766610.003360018
tot_uptimes: 720
tot_uptimes_duration: 43200.04863998224
