comms_cons: 283.9901952177061
finished_reconf: true
global_termination_time: 2820024.89748
local_termination_time: 2820024.8563599996
node_cons: 58074.738913241155
tot_aggregated_send: 39008
tot_msg_rcv: 1292
tot_msg_sent: 2864
tot_reconf_duration: 37.410000000000004
tot_sleeping_duration: 2776691.113960028
tot_uptimes: 723
tot_uptimes_duration: 43333.783519971985
