comms_cons: 283.26424961659603
finished_reconf: true
global_termination_time: 2820489.708
local_termination_time: 1274485.3314799997
node_cons: 58013.97560669991
tot_aggregated_send: 38338
tot_msg_rcv: 1577
tot_msg_sent: 3139
tot_reconf_duration: 6.22
tot_sleeping_duration: 2777169.6715200143
tot_uptimes: 723
tot_uptimes_duration: 43320.03647998581
