comms_cons: 234.27722238709487
finished_reconf: true
global_termination_time: 2400896.618
local_termination_time: 1349749.32448
node_cons: 49344.14340334991
tot_aggregated_send: 32770
tot_msg_rcv: 855
tot_msg_sent: 1984
tot_reconf_duration: 11.31
tot_sleeping_duration: 2364056.5997600066
tot_uptimes: 615
tot_uptimes_duration: 36840.0182399929
