comms_cons: 487.2297728971813
finished_reconf: true
global_termination_time: 4819993.696479999
local_termination_time: 4819993.655359999
node_cons: 99208.82705436308
tot_aggregated_send: 67080
tot_msg_rcv: 2483
tot_msg_sent: 4489
tot_reconf_duration: 37.410000000000004
tot_sleeping_duration: 4745939.906880025
tot_uptimes: 1235
tot_uptimes_duration: 74053.78959997476
