comms_cons: 485.419430473371
finished_reconf: true
global_termination_time: 4825501.17
local_termination_time: 57574.645400000074
node_cons: 99254.34968384566
tot_aggregated_send: 67222
tot_msg_rcv: 2160
tot_msg_sent: 4397
tot_reconf_duration: 25.299999999999997
tot_sleeping_duration: 4751401.101080023
tot_uptimes: 1236
tot_uptimes_duration: 74100.06891997647
