comms_cons: 494.6264641414749
finished_reconf: true
global_termination_time: 4821336.37
local_termination_time: 1333749.4266
node_cons: 99150.62763116747
tot_aggregated_send: 65308
tot_msg_rcv: 3604
tot_msg_sent: 6269
tot_reconf_duration: 8.09
tot_sleeping_duration: 4747296.309200022
tot_uptimes: 1235
tot_uptimes_duration: 74040.06079997774
