comms_cons: 488.1795840971168
finished_reconf: true
global_termination_time: 4823633.888
local_termination_time: 1902246.348
node_cons: 99261.80939750299
tot_aggregated_send: 65946
tot_msg_rcv: 2569
tot_msg_sent: 5685
tot_reconf_duration: 18.700000000000003
tot_sleeping_duration: 4749521.554320011
tot_uptimes: 1236
tot_uptimes_duration: 74112.33367998921
