comms_cons: 485.26768008599674
finished_reconf: true
global_termination_time: 4821265.997
local_termination_time: 1726111.8237199998
node_cons: 99150.23279861866
tot_aggregated_send: 66990
tot_msg_rcv: 2181
tot_msg_sent: 4587
tot_reconf_duration: 7.819999999999999
tot_sleeping_duration: 4747225.957240014
tot_uptimes: 1235
tot_uptimes_duration: 74040.0397599861
