comms_cons: 485.78416649282735
finished_reconf: true
global_termination_time: 4820671.302
local_termination_time: 1572611.128
node_cons: 99148.30541053353
tot_aggregated_send: 66465
tot_msg_rcv: 2548
tot_msg_sent: 4823
tot_reconf_duration: 6.22
tot_sleeping_duration: 4746631.078960018
tot_uptimes: 1235
tot_uptimes_duration: 74040.22303998237
