comms_cons: 480.31220488529294
finished_reconf: true
global_termination_time: 4821059.864
local_termination_time: 327287.6128000003
node_cons: 99160.45684893343
tot_aggregated_send: 67686
tot_msg_rcv: 1759
tot_msg_sent: 3559
tot_reconf_duration: 15.34
tot_sleeping_duration: 4747019.815360018
tot_uptimes: 1235
tot_uptimes_duration: 74040.04863998224
