comms_cons: 95.91157759799285
finished_reconf: true
global_termination_time: 958289.788
local_termination_time: 4993.043
node_cons: 19715.824065602585
tot_aggregated_send: 13433
tot_msg_rcv: 406
tot_msg_sent: 739
tot_reconf_duration: 23.919999999999998
tot_sleeping_duration: 943589.757599998
tot_uptimes: 246
tot_uptimes_duration: 14700.03040000191
