comms_cons: 12.145203200169078
finished_reconf: true
global_termination_time: 112590.621
local_termination_time: 50917.87136000001
node_cons: 2256.0519799999965
tot_aggregated_send: 1218
tot_msg_rcv: 223
tot_msg_sent: 404
tot_reconf_duration: 4.8100000000000005
tot_sleeping_duration: 110910.621
tot_uptimes: 29
tot_uptimes_duration: 1680.0
