comms_cons: 87.13492479850612
finished_reconf: true
global_termination_time: 889811.379
local_termination_time: 370343.9493600001
node_cons: 18258.01172000006
tot_aggregated_send: 12644
tot_msg_rcv: 223
tot_msg_sent: 377
tot_reconf_duration: 15.34
tot_sleeping_duration: 876191.379
tot_uptimes: 228
tot_uptimes_duration: 13620.0
