comms_cons: 88.19417599940836
finished_reconf: true
global_termination_time: 890514.813
local_termination_time: 366494.12536
node_cons: 18326.048239999986
tot_aggregated_send: 12818
tot_msg_rcv: 239
tot_msg_sent: 348
tot_reconf_duration: 6.279999999999999
tot_sleeping_duration: 876834.813
tot_uptimes: 229
tot_uptimes_duration: 13680.0
