comms_cons: 262.78703349217716
finished_reconf: true
global_termination_time: 905294.189
local_termination_time: 450226.121360001
node_cons: 36833.21836604122
tot_aggregated_send: 0
tot_msg_rcv: 13395
tot_msg_sent: 26548
tot_reconf_duration: 18.21
tot_sleeping_duration: 877804.652639999
tot_uptimes: 455
tot_uptimes_duration: 27489.536360000973
