comms_cons: 1.493478399999287
finished_reconf: true
global_termination_time: 10894.159
local_termination_time: 5389.568360000001
node_cons: 176.84020000000075
tot_aggregated_send: 0
tot_msg_rcv: 120
tot_msg_sent: 105
tot_reconf_duration: 11.899999999999999
tot_sleeping_duration: 10774.159
tot_uptimes: 3
tot_uptimes_duration: 120.0
