comms_cons: 387.9425280316593
finished_reconf: true
global_termination_time: 3945810.447
local_termination_time: 1824826.84436
node_cons: 81150.99662446632
tot_aggregated_send: 54810
tot_msg_rcv: 1366
tot_msg_sent: 2789
tot_reconf_duration: 5.57
tot_sleeping_duration: 3885210.4226800087
tot_uptimes: 1011
tot_uptimes_duration: 60600.02431999124
