comms_cons: 387.4293504099072
finished_reconf: true
global_termination_time: 3946471.162
local_termination_time: 2608087.6993599995
node_cons: 81177.78182334916
tot_aggregated_send: 54984
tot_msg_rcv: 1251
tot_msg_sent: 2652
tot_reconf_duration: 25.299999999999997
tot_sleeping_duration: 3885871.1437600064
tot_uptimes: 1011
tot_uptimes_duration: 60600.0182399936
