comms_cons: 398.33692165574024
finished_reconf: true
global_termination_time: 3944614.307
local_termination_time: 185809.35984000014
node_cons: 81174.2563934012
tot_aggregated_send: 54462
tot_msg_rcv: 1972
tot_msg_sent: 4111
tot_reconf_duration: 22.65
tot_sleeping_duration: 3884014.2340400275
tot_uptimes: 1011
tot_uptimes_duration: 60600.072959972546
