comms_cons: 398.7908928712509
finished_reconf: true
global_termination_time: 3947198.854
local_termination_time: 1216423.5863599996
node_cons: 81147.59074669996
tot_aggregated_send: 54346
tot_msg_rcv: 2025
tot_msg_sent: 4243
tot_reconf_duration: 3.05
tot_sleeping_duration: 3886598.817520013
tot_uptimes: 1011
tot_uptimes_duration: 60600.03647998674
