comms_cons: 400.4356672757225
finished_reconf: true
global_termination_time: 3946182.639
local_termination_time: 1340620.4143599998
node_cons: 81151.90374781731
tot_aggregated_send: 54578
tot_msg_rcv: 2278
tot_msg_sent: 4008
tot_reconf_duration: 6.22
tot_sleeping_duration: 3885582.5964400154
tot_uptimes: 1011
tot_uptimes_duration: 60600.042559984606
