comms_cons: 2.164556799994959
finished_reconf: true
global_termination_time: 12020.788
local_termination_time: 4724.396360000001
node_cons: 271.77870000000075
tot_aggregated_send: 0
tot_msg_rcv: 176
tot_msg_sent: 153
tot_reconf_duration: 22.65
tot_sleeping_duration: 11840.788
tot_uptimes: 4
tot_uptimes_duration: 180.0
