comms_cons: 13.102323200166897
finished_reconf: true
global_termination_time: 105120.81
local_termination_time: 38336.95236
node_cons: 2093.0389222405743
tot_aggregated_send: 522
tot_msg_rcv: 601
tot_msg_sent: 869
tot_reconf_duration: 3.08
tot_sleeping_duration: 103560.79783999956
tot_uptimes: 27
tot_uptimes_duration: 1560.012160000435
