comms_cons: 92.68839679557682
finished_reconf: true
global_termination_time: 905364.382
local_termination_time: 137604.37448000006
node_cons: 18583.334308953068
tot_aggregated_send: 11948
tot_msg_rcv: 757
tot_msg_sent: 1383
tot_reconf_duration: 18.21
tot_sleeping_duration: 891504.3333600052
tot_uptimes: 232
tot_uptimes_duration: 13860.048639994813
