comms_cons: 92.12195839613983
finished_reconf: true
global_termination_time: 903713.199
local_termination_time: 283641.43392000033
node_cons: 18589.339405602535
tot_aggregated_send: 11658
tot_msg_rcv: 846
tot_msg_sent: 1498
tot_reconf_duration: 22.65
tot_sleeping_duration: 889853.1685999981
tot_uptimes: 232
tot_uptimes_duration: 13860.030400001851
