comms_cons: 307.833664007091
finished_reconf: true
global_termination_time: 3102842.116
local_termination_time: 1091703.037879999
node_cons: 63798.455606699674
tot_aggregated_send: 41818
tot_msg_rcv: 1596
tot_msg_sent: 3375
tot_reconf_duration: 6.22
tot_sleeping_duration: 3055202.079520014
tot_uptimes: 795
tot_uptimes_duration: 47640.03647998581
