comms_cons: 26.591596800800023
finished_reconf: true
global_termination_time: 245329.741
local_termination_time: 58202.312680000054
node_cons: 4989.551290480341
tot_aggregated_send: 2784
tot_msg_rcv: 447
tot_msg_sent: 810
tot_reconf_duration: 6.22
tot_sleeping_duration: 241609.72267999977
tot_uptimes: 63
tot_uptimes_duration: 3720.0183200002502
