comms_cons: 397.85799045294544
finished_reconf: true
global_termination_time: 3977258.813
local_termination_time: 2187121.0493599996
node_cons: 81816.90312334892
tot_aggregated_send: 55738
tot_msg_rcv: 1445
tot_msg_sent: 3289
tot_reconf_duration: 22.65
tot_sleeping_duration: 3916178.7947600065
tot_uptimes: 1019
tot_uptimes_duration: 61080.01823999337
