comms_cons: 31.59989760048242
finished_reconf: true
global_termination_time: 302241.05
local_termination_time: 5209.791080000001
node_cons: 6190.370781119138
tot_aggregated_send: 3886
tot_msg_rcv: 338
tot_msg_sent: 579
tot_reconf_duration: 3.08
tot_sleeping_duration: 297621.0439200006
tot_uptimes: 78
tot_uptimes_duration: 4620.006079999352
