comms_cons: 31.297254399986816
finished_reconf: true
global_termination_time: 302021.638
local_termination_time: 56259.81236000001
node_cons: 6194.64304224059
tot_aggregated_send: 4002
tot_msg_rcv: 294
tot_msg_sent: 461
tot_reconf_duration: 6.22
tot_sleeping_duration: 297401.6258399995
tot_uptimes: 78
tot_uptimes_duration: 4620.012160000435
