comms_cons: 453.34591368862635
finished_reconf: true
global_termination_time: 4538656.932
local_termination_time: 637988.8663599999
node_cons: 93389.5025289337
tot_aggregated_send: 63046
tot_msg_rcv: 1910
tot_msg_sent: 3949
tot_reconf_duration: 25.299999999999997
tot_sleeping_duration: 4468936.883360018
tot_uptimes: 1163
tot_uptimes_duration: 69720.04863998224
