comms_cons: 453.4253057001691
finished_reconf: true
global_termination_time: 4541046.101
local_termination_time: 933419.4569599987
node_cons: 93373.02998893338
tot_aggregated_send: 62524
tot_msg_rcv: 2184
tot_msg_sent: 4210
tot_reconf_duration: 13.17
tot_sleeping_duration: 4471326.052360018
tot_uptimes: 1163
tot_uptimes_duration: 69720.04863998201
