comms_cons: 453.87845767421715
finished_reconf: true
global_termination_time: 4538757.816
local_termination_time: 1291154.4243599998
node_cons: 93367.90492446559
tot_aggregated_send: 62814
tot_msg_rcv: 2168
tot_msg_sent: 4003
tot_reconf_duration: 9.42
tot_sleeping_duration: 4469037.791680008
tot_uptimes: 1163
tot_uptimes_duration: 69720.02431999124
