comms_cons: 453.54674570322015
finished_reconf: true
global_termination_time: 4537774.705
local_termination_time: 2811234.2343599997
node_cons: 93372.2559633484
tot_aggregated_send: 61944
tot_msg_rcv: 2238
tot_msg_sent: 4755
tot_reconf_duration: 12.629999999999999
tot_sleeping_duration: 4468054.6867600065
tot_uptimes: 1163
tot_uptimes_duration: 69720.01823999337
