comms_cons: 79.29715839755298
finished_reconf: true
global_termination_time: 791780.2477999994
local_termination_time: 791780.2066799995
node_cons: 16311.970776320655
tot_aggregated_send: 10994
tot_msg_rcv: 338
tot_msg_sent: 717
tot_reconf_duration: 37.410000000000004
tot_sleeping_duration: 779635.984919999
tot_uptimes: 203
tot_uptimes_duration: 12144.26288000046
