comms_cons: 78.72776960025149
finished_reconf: true
global_termination_time: 793376.832
local_termination_time: 354314.0034800001
node_cons: 16313.2433456072
tot_aggregated_send: 10440
tot_msg_rcv: 534
tot_msg_sent: 992
tot_reconf_duration: 3.08
tot_sleeping_duration: 781196.8015999948
tot_uptimes: 204
tot_uptimes_duration: 12180.030400005344
