comms_cons: 76.73098240141542
finished_reconf: true
global_termination_time: 792035.698
local_termination_time: 252610.65156000067
node_cons: 16243.590805607153
tot_aggregated_send: 10208
tot_msg_rcv: 516
tot_msg_sent: 938
tot_reconf_duration: 10.95
tot_sleeping_duration: 779915.6675999946
tot_uptimes: 203
tot_uptimes_duration: 12120.030400005344
