comms_cons: 96.71274241260846
finished_reconf: true
global_termination_time: 794366.415
local_termination_time: 224999.2642800008
node_cons: 16317.474901121457
tot_aggregated_send: 0
tot_msg_rcv: 7557
tot_msg_sent: 7141
tot_reconf_duration: 6.22
tot_sleeping_duration: 782186.4089199989
tot_uptimes: 204
tot_uptimes_duration: 12180.006080001069
