comms_cons: 80.4007232023167
finished_reconf: true
global_termination_time: 794700.782
local_termination_time: 257314.07656000069
node_cons: 16324.419685607176
tot_aggregated_send: 9976
tot_msg_rcv: 765
tot_msg_sent: 1478
tot_reconf_duration: 11.31
tot_sleeping_duration: 782520.7515999947
tot_uptimes: 204
tot_uptimes_duration: 12180.030400005344
