comms_cons: 43.02041600025332
finished_reconf: true
global_termination_time: 416490.829
local_termination_time: 47704.413520000075
node_cons: 8522.58012111916
tot_aggregated_send: 5452
tot_msg_rcv: 393
tot_msg_sent: 693
tot_reconf_duration: 4.8100000000000005
tot_sleeping_duration: 410130.82292000065
tot_uptimes: 107
tot_uptimes_duration: 6360.006079999366
