comms_cons: 99.36978559626162
finished_reconf: true
global_termination_time: 966385.9064799999
local_termination_time: 966385.8653599999
node_cons: 19895.804929924976
tot_aggregated_send: 12630
tot_msg_rcv: 766
tot_msg_sent: 1706
tot_reconf_duration: 24.59
tot_sleeping_duration: 951552.1411999962
tot_uptimes: 248
tot_uptimes_duration: 14833.765280003689
