comms_cons: 14.303180799846222
finished_reconf: true
global_termination_time: 135481.939
local_termination_time: 12527.17248
node_cons: 2762.343123359451
tot_aggregated_send: 1566
tot_msg_rcv: 221
tot_msg_sent: 387
tot_reconf_duration: 22.65
tot_sleeping_duration: 133441.92076000042
tot_uptimes: 35
tot_uptimes_duration: 2040.0182399995902
