comms_cons: 766.2051777546045
finished_reconf: true
global_termination_time: 7811095.87
local_termination_time: 2583615.46936
node_cons: 160688.5933689317
tot_aggregated_send: 108402
tot_msg_rcv: 2484
tot_msg_sent: 5571
tot_reconf_duration: 6.279999999999999
tot_sleeping_duration: 7691095.821360018
tot_uptimes: 2001
tot_uptimes_duration: 120000.0486399827
