comms_cons: 767.2989889387117
finished_reconf: true
global_termination_time: 7809400.015
local_termination_time: 3248290.0943599995
node_cons: 160634.05810557996
tot_aggregated_send: 107880
tot_msg_rcv: 2856
tot_msg_sent: 5889
tot_reconf_duration: 25.299999999999997
tot_sleeping_duration: 7689459.98460001
tot_uptimes: 2000
tot_uptimes_duration: 119940.03039998934
