comms_cons: 765.0872001090049
finished_reconf: true
global_termination_time: 7807995.131
local_termination_time: 4335591.70348
node_cons: 160620.21194446227
tot_aggregated_send: 109388
tot_msg_rcv: 2275
tot_msg_sent: 4625
tot_reconf_duration: 15.110000000000001
tot_sleeping_duration: 7688055.106680009
tot_uptimes: 2000
tot_uptimes_duration: 119940.02431999147
