comms_cons: 102.1947135981509
finished_reconf: true
global_termination_time: 1036769.17224
local_termination_time: 4870.837880000004
node_cons: 21345.5611581575
tot_aggregated_send: 14210
tot_msg_rcv: 440
tot_msg_sent: 882
tot_reconf_duration: 18.21
tot_sleeping_duration: 1020846.220800002
tot_uptimes: 266
tot_uptimes_duration: 15922.951439998109
