comms_cons: 319.2682880091935
finished_reconf: true
global_termination_time: 3219173.812
local_termination_time: 2227633.6331599983
node_cons: 66221.02428446636
tot_aggregated_send: 44486
tot_msg_rcv: 1328
tot_msg_sent: 2712
tot_reconf_duration: 15.34
tot_sleeping_duration: 3169733.787680009
tot_uptimes: 825
tot_uptimes_duration: 49440.024319991004
