comms_cons: 323.8735680226973
finished_reconf: true
global_termination_time: 3221078.51
local_termination_time: 1035467.4603199996
node_cons: 66204.35074670061
tot_aggregated_send: 44776
tot_msg_rcv: 1427
tot_msg_sent: 3023
tot_reconf_duration: 3.05
tot_sleeping_duration: 3171638.4735200135
tot_uptimes: 825
tot_uptimes_duration: 49440.036479986506
