comms_cons: 326.2461120334318
finished_reconf: true
global_termination_time: 3220686.492
local_termination_time: 1665980.2204399996
node_cons: 66208.66374781735
tot_aggregated_send: 44138
tot_msg_rcv: 1856
tot_msg_sent: 3594
tot_reconf_duration: 6.22
tot_sleeping_duration: 3171246.449440016
tot_uptimes: 825
tot_uptimes_duration: 49440.04255998414
