comms_cons: 142.49231359316343
finished_reconf: true
global_termination_time: 1411699.9474799999
local_termination_time: 1411699.90636
node_cons: 29054.532365436953
tot_aggregated_send: 19532
tot_msg_rcv: 719
tot_msg_sent: 1406
tot_reconf_duration: 24.59
tot_sleeping_duration: 1390026.2065200023
tot_uptimes: 362
tot_uptimes_duration: 21673.74095999768
