comms_cons: 277.94551020597845
finished_reconf: true
global_termination_time: 1413754.739
local_termination_time: 278478.19360000006
node_cons: 29093.699560000055
tot_aggregated_send: 0
tot_msg_rcv: 21253
tot_msg_sent: 20994
tot_reconf_duration: 7.819999999999999
tot_sleeping_duration: 1392034.739
tot_uptimes: 363
tot_uptimes_duration: 21720.0
