comms_cons: 140.7751423944219
finished_reconf: true
global_termination_time: 1421094.65
local_termination_time: 522299.95736
node_cons: 29171.948240000005
tot_aggregated_send: 20474
tot_msg_rcv: 348
tot_msg_sent: 575
tot_reconf_duration: 6.279999999999999
tot_sleeping_duration: 1399314.65
tot_uptimes: 364
tot_uptimes_duration: 21780.0
