comms_cons: 138.94612479317928
finished_reconf: true
global_termination_time: 1400504.446
local_termination_time: 919663.6420799986
node_cons: 28768.645800000035
tot_aggregated_send: 20068
tot_msg_rcv: 359
tot_msg_sent: 692
tot_reconf_duration: 5.1
tot_sleeping_duration: 1379024.446
tot_uptimes: 359
tot_uptimes_duration: 21480.000000000015
