comms_cons: 138.36213759544896
finished_reconf: true
global_termination_time: 1401315.798
local_termination_time: 614626.8743599999
node_cons: 28779.6048600001
tot_aggregated_send: 19952
tot_msg_rcv: 334
tot_msg_sent: 744
tot_reconf_duration: 13.17
tot_sleeping_duration: 1379835.798
tot_uptimes: 359
tot_uptimes_duration: 21480.0
