comms_cons: 32.95521280049152
finished_reconf: true
global_termination_time: 326033.847
local_termination_time: 43790.64956000004
node_cons: 6676.748240000005
tot_aggregated_send: 4524
tot_msg_rcv: 200
tot_msg_sent: 285
tot_reconf_duration: 6.279999999999999
tot_sleeping_duration: 321053.847
tot_uptimes: 84
tot_uptimes_duration: 4980.0
