comms_cons: 2.2961407999924126
finished_reconf: true
global_termination_time: 16623.215
local_termination_time: 3979.40736
node_cons: 328.2857999999999
tot_aggregated_send: 0
tot_msg_rcv: 177
tot_msg_sent: 172
tot_reconf_duration: 5.1
tot_sleeping_duration: 16383.215
tot_uptimes: 5
tot_uptimes_duration: 240.0
