comms_cons: 177.49983359333552
finished_reconf: true
global_termination_time: 1793105.044
local_termination_time: 833271.199119999
node_cons: 36893.21153999988
tot_aggregated_send: 25926
tot_msg_rcv: 367
tot_msg_sent: 685
tot_reconf_duration: 12.629999999999999
tot_sleeping_duration: 1765565.044
tot_uptimes: 460
tot_uptimes_duration: 27540.0
