comms_cons: 179.1845119912572
finished_reconf: true
global_termination_time: 1795757.391
local_termination_time: 833277.071999999
node_cons: 36901.45459999981
tot_aggregated_send: 25520
tot_msg_rcv: 630
tot_msg_sent: 1085
tot_reconf_duration: 18.700000000000003
tot_sleeping_duration: 1768217.391
tot_uptimes: 460
tot_uptimes_duration: 27540.0
