comms_cons: 183.4616191774604
finished_reconf: true
global_termination_time: 1794911.349
local_termination_time: 510193.9320800006
node_cons: 36882.10303116814
tot_aggregated_send: 24186
tot_msg_rcv: 1336
tot_msg_sent: 2364
tot_reconf_duration: 4.390000000000001
tot_sleeping_duration: 1767371.2882000236
tot_uptimes: 460
tot_uptimes_duration: 27540.060799976345
