comms_cons: 183.27627518621145
finished_reconf: true
global_termination_time: 1795963.859
local_termination_time: 791666.5381999987
node_cons: 36880.2670289346
tot_aggregated_send: 24476
tot_msg_rcv: 1223
tot_msg_sent: 2157
tot_reconf_duration: 3.05
tot_sleeping_duration: 1768423.8103600189
tot_uptimes: 460
tot_uptimes_duration: 27540.048639981076
