comms_cons: 180.76109438428531
finished_reconf: true
global_termination_time: 1793616.009
local_termination_time: 534641.2784799997
node_cons: 36883.48278670078
tot_aggregated_send: 24766
tot_msg_rcv: 848
tot_msg_sent: 1863
tot_reconf_duration: 5.43
tot_sleeping_duration: 1766075.9725200143
tot_uptimes: 460
tot_uptimes_duration: 27540.036479985807
