comms_cons: 86.40321279281304
finished_reconf: true
global_termination_time: 842376.87
local_termination_time: 305602.92299999995
node_cons: 17291.0092833551
tot_aggregated_send: 11297
tot_msg_rcv: 672
tot_msg_sent: 1163
tot_reconf_duration: 13.17
tot_sleeping_duration: 829476.8517600036
tot_uptimes: 216
tot_uptimes_duration: 12900.018239996338
