comms_cons: 86.97500799177833
finished_reconf: true
global_termination_time: 841096.329
local_termination_time: 220821.012
node_cons: 17299.81328543651
tot_aggregated_send: 11247
tot_msg_rcv: 749
tot_msg_sent: 1223
tot_reconf_duration: 12.629999999999999
tot_sleeping_duration: 828189.1880400026
tot_uptimes: 216
tot_uptimes_duration: 12907.14095999737
