comms_cons: 84.31307519955232
finished_reconf: true
global_termination_time: 844934.834
local_termination_time: 602886.925
node_cons: 17374.845973513915
tot_aggregated_send: 11652
tot_msg_rcv: 351
tot_msg_sent: 812
tot_reconf_duration: 11.899999999999999
tot_sleeping_duration: 831970.9163200046
tot_uptimes: 217
tot_uptimes_duration: 12963.917679995415
