comms_cons: 84.08406399846261
finished_reconf: true
global_termination_time: 842274.661
local_termination_time: 453316.293600001
node_cons: 17278.411864635167
tot_aggregated_send: 11484
tot_msg_rcv: 421
tot_msg_sent: 875
tot_reconf_duration: 3.05
tot_sleeping_duration: 829373.7872400037
tot_uptimes: 216
tot_uptimes_duration: 12900.873759996324
