comms_cons: 297.0439551964016
finished_reconf: true
global_termination_time: 3018249.635
local_termination_time: 1282056.7663599998
node_cons: 62040.397424466646
tot_aggregated_send: 42340
tot_msg_rcv: 840
tot_msg_sent: 1969
tot_reconf_duration: 13.17
tot_sleeping_duration: 2971929.610680009
tot_uptimes: 773
tot_uptimes_duration: 46320.024319991004
