comms_cons: 1359.613136670029
finished_reconf: true
global_termination_time: 6911050.605
local_termination_time: 2659.8114800000003
node_cons: 142146.24616781928
tot_aggregated_send: 0
tot_msg_rcv: 104057
tot_msg_sent: 102594
tot_reconf_duration: 18.21
tot_sleeping_duration: 6804910.562440013
tot_uptimes: 1770
tot_uptimes_duration: 106140.04255998804
