comms_cons: 683.0587777169687
finished_reconf: true
global_termination_time: 6910239.565
local_termination_time: 2180999.69436
node_cons: 142128.42650558116
tot_aggregated_send: 95990
tot_msg_rcv: 2673
tot_msg_sent: 5159
tot_reconf_duration: 5.1
tot_sleeping_duration: 6804099.534600011
tot_uptimes: 1770
tot_uptimes_duration: 106140.03039998934
