comms_cons: 693.9713025828426
finished_reconf: true
global_termination_time: 6906193.548119997
local_termination_time: 222746.10799999998
node_cons: 142111.97896484646
tot_aggregated_send: 95814
tot_msg_rcv: 3043
tot_msg_sent: 6619
tot_reconf_duration: 22.65
tot_sleeping_duration: 6800083.600200018
tot_uptimes: 1769
tot_uptimes_duration: 106109.94791997847
