comms_cons: 696.1762753972407
finished_reconf: true
global_termination_time: 6909855.498
local_termination_time: 305810.9680000004
node_cons: 142127.49489005323
tot_aggregated_send: 95468
tot_msg_rcv: 3662
tot_msg_sent: 6682
tot_reconf_duration: 4.390000000000001
tot_sleeping_duration: 6803715.443280016
tot_uptimes: 1770
tot_uptimes_duration: 106140.05471998354
