comms_cons: 684.7045505227086
finished_reconf: true
global_termination_time: 6909321.508
local_termination_time: 1691524.49736
node_cons: 142129.9718889315
tot_aggregated_send: 95584
tot_msg_rcv: 2801
tot_msg_sent: 5687
tot_reconf_duration: 6.22
tot_sleeping_duration: 6803181.459360018
tot_uptimes: 1770
tot_uptimes_duration: 106140.04863998224
