comms_cons: 135.03115519933456
finished_reconf: true
global_termination_time: 1375127.321
local_termination_time: 1123645.92936
node_cons: 28288.126760000003
tot_aggregated_send: 20010
tot_msg_rcv: 112
tot_msg_sent: 401
tot_reconf_duration: 6.22
tot_sleeping_duration: 1354007.321
tot_uptimes: 353
tot_uptimes_duration: 21120.0
