comms_cons: 88.4394879955131
finished_reconf: true
global_termination_time: 858328.6774799998
local_termination_time: 858328.6363599999
node_cons: 17646.284929924936
tot_aggregated_send: 11180
tot_msg_rcv: 732
tot_msg_sent: 1532
tot_reconf_duration: 24.59
tot_sleeping_duration: 845174.9121999962
tot_uptimes: 220
tot_uptimes_duration: 13153.76528000366
