comms_cons: 87.79311999875391
finished_reconf: true
global_termination_time: 860718.444
local_termination_time: 150804.46836000006
node_cons: 17683.36894560258
tot_aggregated_send: 11600
tot_msg_rcv: 581
tot_msg_sent: 1163
tot_reconf_duration: 6.279999999999999
tot_sleeping_duration: 847518.4135999981
tot_uptimes: 221
tot_uptimes_duration: 13200.03040000191
