comms_cons: 84.34597119931635
finished_reconf: true
global_termination_time: 861464.873
local_termination_time: 66724.81183999994
node_cons: 17681.733941119186
tot_aggregated_send: 11774
tot_msg_rcv: 346
tot_msg_sent: 700
tot_reconf_duration: 5.1
tot_sleeping_duration: 848264.8669200006
tot_uptimes: 221
tot_uptimes_duration: 13200.006079999366
