comms_cons: 88.03627519294463
finished_reconf: true
global_termination_time: 859562.512
local_termination_time: 420830.46336
node_cons: 17680.769761121395
tot_aggregated_send: 11832
tot_msg_rcv: 624
tot_msg_sent: 925
tot_reconf_duration: 4.390000000000001
tot_sleeping_duration: 846362.505919999
tot_uptimes: 221
tot_uptimes_duration: 13200.006080001069
