comms_cons: 0.7500287999995991
finished_reconf: true
global_termination_time: 6868.547999999999
local_termination_time: 496.4553599999999
node_cons: 93.13236000000009
tot_aggregated_send: 0
tot_msg_rcv: 64
tot_msg_sent: 50
tot_reconf_duration: 9.42
tot_sleeping_duration: 6808.547999999999
tot_uptimes: 2
tot_uptimes_duration: 59.99999999999915
