comms_cons: 0.8816128000001381
finished_reconf: true
global_termination_time: 4703.674
local_termination_time: 105.36048000000034
node_cons: 86.87198
tot_aggregated_send: 0
tot_msg_rcv: 76
tot_msg_sent: 57
tot_reconf_duration: 4.8100000000000005
tot_sleeping_duration: 4643.674
tot_uptimes: 2
tot_uptimes_duration: 60.0
