comms_cons: 267.63029757610576
finished_reconf: true
global_termination_time: 2690020.503
local_termination_time: 680820.4693599999
node_cons: 55279.91418446643
tot_aggregated_send: 36714
tot_msg_rcv: 1177
tot_msg_sent: 2787
tot_reconf_duration: 4.390000000000001
tot_sleeping_duration: 2648740.4786800095
tot_uptimes: 689
tot_uptimes_duration: 41280.02431999054
