comms_cons: 21.76399359995353
finished_reconf: true
global_termination_time: 10334.187240000003
local_termination_time: 3565.7460800000044
node_cons: 3187.6496903600073
tot_aggregated_send: 0
tot_msg_rcv: 1585
tot_msg_sent: 1722
tot_reconf_duration: 18.21
tot_sleeping_duration: 7972.035999999998
tot_uptimes: 35
tot_uptimes_duration: 2362.1512400000042
