comms_cons: 187.88879359425434
finished_reconf: true
global_termination_time: 1903081.851
local_termination_time: 1074672.66336
node_cons: 39159.937399999835
tot_aggregated_send: 27492
tot_msg_rcv: 392
tot_msg_sent: 674
tot_reconf_duration: 25.299999999999997
tot_sleeping_duration: 1873861.851
tot_uptimes: 488
tot_uptimes_duration: 29220.0
