comms_cons: 188.33617919370693
finished_reconf: true
global_termination_time: 1903020.069
local_termination_time: 735746.4465999989
node_cons: 39141.740199999804
tot_aggregated_send: 27260
tot_msg_rcv: 446
tot_msg_sent: 920
tot_reconf_duration: 11.899999999999999
tot_sleeping_duration: 1873800.069
tot_uptimes: 488
tot_uptimes_duration: 29220.0
