comms_cons: 191.5497983816802
finished_reconf: true
global_termination_time: 1904718.541
local_termination_time: 687343.234359998
node_cons: 39136.6915842055
tot_aggregated_send: 25404
tot_msg_rcv: 1210
tot_msg_sent: 2501
tot_reconf_duration: 6.22
tot_sleeping_duration: 1875496.5508400258
tot_uptimes: 488
tot_uptimes_duration: 29221.990159974317
