comms_cons: 283.42280960334506
finished_reconf: true
global_termination_time: 2811028.323
local_termination_time: 4453.236000000001
node_cons: 57848.60236558344
tot_aggregated_send: 39262
tot_msg_rcv: 1422
tot_msg_sent: 2394
tot_reconf_duration: 2.77
tot_sleeping_duration: 2767828.2926000115
tot_uptimes: 720
tot_uptimes_duration: 43200.030399988405
