comms_cons: 262.2205952131041
finished_reconf: true
global_termination_time: 2809191.711
local_termination_time: 7356.5
node_cons: 57850.98704111611
tot_aggregated_send: 39379
tot_msg_rcv: 166
tot_msg_sent: 311
tot_reconf_duration: 4.55
tot_sleeping_duration: 2765991.7049200023
tot_uptimes: 720
tot_uptimes_duration: 43200.00607999787
