comms_cons: 254.51635200000243
finished_reconf: true
global_termination_time: 2809449.758
local_termination_time: 7351.784999999999
node_cons: 57857.57877999896
tot_aggregated_send: 38676
tot_msg_rcv: 5
tot_msg_sent: 4
tot_reconf_duration: 9.41
tot_sleeping_duration: 2766249.758
tot_uptimes: 720
tot_uptimes_duration: 43200.0
