comms_cons: 30.444780800603265
finished_reconf: true
global_termination_time: 293690.42
local_termination_time: 123232.60611999973
node_cons: 6056.274982242879
tot_aggregated_send: 3886
tot_msg_rcv: 292
tot_msg_sent: 449
tot_reconf_duration: 22.65
tot_sleeping_duration: 289190.40783999785
tot_uptimes: 76
tot_uptimes_duration: 4500.0121600021375
