comms_cons: 251.39075842333293
finished_reconf: true
global_termination_time: 290795.4522800004
local_termination_time: 290795.41116000037
node_cons: 29028.962178728296
tot_aggregated_send: 0
tot_msg_rcv: 17275
tot_msg_sent: 20931
tot_reconf_duration: 24.59
tot_sleeping_duration: 269140.8077999942
tot_uptimes: 349
tot_uptimes_duration: 21654.644480006158
