comms_cons: 57.87893760505896
finished_reconf: true
global_termination_time: 294262.581
local_termination_time: 3468.90736
node_cons: 6034.036381119157
tot_aggregated_send: 0
tot_msg_rcv: 4445
tot_msg_sent: 4350
tot_reconf_duration: 6.279999999999999
tot_sleeping_duration: 289762.5749200006
tot_uptimes: 76
tot_uptimes_duration: 4500.006079999366
