comms_cons: 29.098892800267556
finished_reconf: true
global_termination_time: 290821.699
local_termination_time: 8831.628
node_cons: 6051.142811760014
tot_aggregated_send: 4053
tot_msg_rcv: 79
tot_msg_sent: 291
tot_reconf_duration: 13.17
tot_sleeping_duration: 286315.90516
tot_uptimes: 75
tot_uptimes_duration: 4505.793840000005
