comms_cons: 29.520870400353964
finished_reconf: true
global_termination_time: 290796.2263600002
local_termination_time: 63211.583480000016
node_cons: 5974.3536412831045
tot_aggregated_send: 3886
tot_msg_rcv: 190
tot_msg_sent: 411
tot_reconf_duration: 5.43
tot_sleeping_duration: 286339.9308399979
tot_uptimes: 75
tot_uptimes_duration: 4456.295520002313
