comms_cons: 152.56652799081388
finished_reconf: true
global_termination_time: 1525177.15624
local_termination_time: 45549.187440000045
node_cons: 31376.397182710585
tot_aggregated_send: 20880
tot_msg_rcv: 747
tot_msg_sent: 1562
tot_reconf_duration: 18.21
tot_sleeping_duration: 1501762.915760007
tot_uptimes: 391
tot_uptimes_duration: 23414.240479992935
