comms_cons: 246.39933424521186
finished_reconf: true
global_termination_time: 1525773.842
local_termination_time: 263614.5443600001
node_cons: 31336.758182238376
tot_aggregated_send: 0
tot_msg_rcv: 18777
tot_msg_sent: 18674
tot_reconf_duration: 3.05
tot_sleeping_duration: 1502373.8298400014
tot_uptimes: 391
tot_uptimes_duration: 23400.012159998703
