comms_cons: 2.2895615999924344
finished_reconf: true
global_termination_time: 14599.227
local_termination_time: 6960.535360000001
node_cons: 248.3939400000004
tot_aggregated_send: 0
tot_msg_rcv: 179
tot_msg_sent: 169
tot_reconf_duration: 5.43
tot_sleeping_duration: 14419.227
tot_uptimes: 4
tot_uptimes_duration: 180.0
