comms_cons: 112.90339199176252
finished_reconf: true
global_termination_time: 1112627.68248
local_termination_time: 72092.78571999994
node_cons: 22861.868538782972
tot_aggregated_send: 15196
tot_msg_rcv: 688
tot_msg_sent: 1275
tot_reconf_duration: 18.21
tot_sleeping_duration: 1095572.3132800127
tot_uptimes: 285
tot_uptimes_duration: 17055.369199987254
