comms_cons: 219.02769907794448
finished_reconf: true
global_termination_time: 1113874.835
local_termination_time: 652202.140359998
node_cons: 22906.585924154257
tot_aggregated_send: 0
tot_msg_rcv: 16761
tot_msg_sent: 16529
tot_reconf_duration: 6.22
tot_sleeping_duration: 1096773.9095600045
tot_uptimes: 286
tot_uptimes_duration: 17100.925439995597
