comms_cons: 42.95905280059626
finished_reconf: true
global_termination_time: 414199.7262000006
local_termination_time: 414199.6850800006
node_cons: 8611.422599922309
tot_aggregated_send: 5612
tot_msg_rcv: 352
tot_msg_sent: 566
tot_reconf_duration: 24.59
tot_sleeping_duration: 407793.4309199989
tot_uptimes: 107
tot_uptimes_duration: 6406.295280001708
