comms_cons: 41.902924800878395
finished_reconf: true
global_termination_time: 414200.08024000016
local_termination_time: 217785.44640000034
node_cons: 8549.967258724504
tot_aggregated_send: 5684
tot_msg_rcv: 274
tot_msg_sent: 411
tot_reconf_duration: 3.05
tot_sleeping_duration: 407817.8357599968
tot_uptimes: 107
tot_uptimes_duration: 6382.24448000337
