comms_cons: 58.554880000213345
finished_reconf: true
global_termination_time: 567012.675
local_termination_time: 332799.6229600006
node_cons: 11659.919560000026
tot_aggregated_send: 7598
tot_msg_rcv: 497
tot_msg_sent: 805
tot_reconf_duration: 7.819999999999999
tot_sleeping_duration: 558312.675
tot_uptimes: 146
tot_uptimes_duration: 8700.0
