comms_cons: 203.62241277915015
finished_reconf: true
global_termination_time: 1986709.787
local_termination_time: 803746.19236
node_cons: 40819.325250060465
tot_aggregated_send: 26448
tot_msg_rcv: 1475
tot_msg_sent: 3025
tot_reconf_duration: 4.8100000000000005
tot_sleeping_duration: 1956229.7322800145
tot_uptimes: 509
tot_uptimes_duration: 30480.05471998558
