comms_cons: 154.07135998871206
finished_reconf: true
global_termination_time: 1506229.764
local_termination_time: 153900.58648000006
node_cons: 30937.48896783167
tot_aggregated_send: 20184
tot_msg_rcv: 1079
tot_msg_sent: 2156
tot_reconf_duration: 4.8100000000000005
tot_sleeping_duration: 1483129.7214400063
tot_uptimes: 386
tot_uptimes_duration: 23100.042559993744
