comms_cons: 148.4925439946139
finished_reconf: true
global_termination_time: 1506168.021
local_termination_time: 1015863.3761599992
node_cons: 30938.27393999996
tot_aggregated_send: 21576
tot_msg_rcv: 301
tot_msg_sent: 693
tot_reconf_duration: 5.43
tot_sleeping_duration: 1483068.021
tot_uptimes: 386
tot_uptimes_duration: 23100.0
