comms_cons: 2023.4709732242993
finished_reconf: true
global_termination_time: 4180111.1036
local_termination_time: 4180111.06248
node_cons: 254268.39849570155
tot_aggregated_send: 0
tot_msg_rcv: 124117
tot_msg_sent: 183437
tot_reconf_duration: 37.410000000000004
tot_sleeping_duration: 3990254.7961200066
tot_uptimes: 3118
tot_uptimes_duration: 189856.3074799932
