comms_cons: 413.0677184334189
finished_reconf: true
global_termination_time: 4180962.535
local_termination_time: 1570284.32136
node_cons: 85974.8513489338
tot_aggregated_send: 57768
tot_msg_rcv: 1586
tot_msg_sent: 3428
tot_reconf_duration: 8.09
tot_sleeping_duration: 4116762.486360018
tot_uptimes: 1071
tot_uptimes_duration: 64200.04863998201
