comms_cons: 416.1885824536932
finished_reconf: true
global_termination_time: 4185851.86
local_termination_time: 1403813.322
node_cons: 86064.73265005065
tot_aggregated_send: 57881
tot_msg_rcv: 1747
tot_msg_sent: 3630
tot_reconf_duration: 15.110000000000001
tot_sleeping_duration: 4121591.80528002
tot_uptimes: 1072
tot_uptimes_duration: 64260.054719979875
