comms_cons: 410.34476801631
finished_reconf: true
global_termination_time: 4180165.037
local_termination_time: 1421752.06536
node_cons: 86054.79212446547
tot_aggregated_send: 57768
tot_msg_rcv: 1468
tot_msg_sent: 3134
tot_reconf_duration: 7.819999999999999
tot_sleeping_duration: 4115905.0126800095
tot_uptimes: 1071
tot_uptimes_duration: 64260.02431999077
