comms_cons: 139.79546879491943
finished_reconf: true
global_termination_time: 1418731.183
local_termination_time: 1100854.9913599999
node_cons: 29171.88304223367
tot_aggregated_send: 19778
tot_msg_rcv: 425
tot_msg_sent: 1046
tot_reconf_duration: 6.22
tot_sleeping_duration: 1396951.1708400047
tot_uptimes: 364
tot_uptimes_duration: 21780.01215999527
