comms_cons: 139.80799999745622
finished_reconf: true
global_termination_time: 1419522.892
local_termination_time: 1110372.294119998
node_cons: 29185.371144794302
tot_aggregated_send: 20416
tot_msg_rcv: 231
tot_msg_sent: 603
tot_reconf_duration: 11.31
tot_sleeping_duration: 1397737.9688000043
tot_uptimes: 364
tot_uptimes_duration: 21784.923199995654
