comms_cons: 10.77077759998394
finished_reconf: true
global_termination_time: 79799.951
local_termination_time: 28401.094360000003
node_cons: 1615.3732304011805
tot_aggregated_send: 464
tot_msg_rcv: 475
tot_msg_sent: 698
tot_reconf_duration: 6.279999999999999
tot_sleeping_duration: 78599.91739999912
tot_uptimes: 21
tot_uptimes_duration: 1200.0336000008792
