comms_cons: 10.86492799996419
finished_reconf: true
global_termination_time: 78984.762
local_termination_time: 24425.082
node_cons: 1640.2912116394702
tot_aggregated_send: 522
tot_msg_rcv: 488
tot_msg_sent: 642
tot_reconf_duration: 18.700000000000003
tot_sleeping_duration: 77778.7152400004
tot_uptimes: 21
tot_uptimes_duration: 1206.0467599996082
