comms_cons: 11.285811200064918
finished_reconf: true
global_termination_time: 81278.458
local_termination_time: 12016.43336
node_cons: 1613.372685600318
tot_aggregated_send: 522
tot_msg_rcv: 545
tot_msg_sent: 651
tot_reconf_duration: 4.8100000000000005
tot_sleeping_duration: 80078.42759999976
tot_uptimes: 21
tot_uptimes_duration: 1200.030400000236
