comms_cons: 116.56733439375074
finished_reconf: true
global_termination_time: 1180232.764
local_termination_time: 945232.5733599999
node_cons: 24271.224522233737
tot_aggregated_send: 15950
tot_msg_rcv: 652
tot_msg_sent: 1117
tot_reconf_duration: 6.279999999999999
tot_sleeping_duration: 1162112.7518400047
tot_uptimes: 303
tot_uptimes_duration: 18120.01215999527
