comms_cons: 115.94498559686167
finished_reconf: true
global_termination_time: 1182048.253
local_termination_time: 444789.39148000005
node_cons: 24280.589283350513
tot_aggregated_send: 16414
tot_msg_rcv: 370
tot_msg_sent: 838
tot_reconf_duration: 13.17
tot_sleeping_duration: 1163928.2347600071
tot_uptimes: 303
tot_uptimes_duration: 18120.018239992904
