comms_cons: 115.92829439489019
finished_reconf: true
global_termination_time: 1181591.253
local_termination_time: 361556.6890800006
node_cons: 24293.454982233736
tot_aggregated_send: 16646
tot_msg_rcv: 353
tot_msg_sent: 621
tot_reconf_duration: 22.65
tot_sleeping_duration: 1163471.2408400048
tot_uptimes: 303
tot_uptimes_duration: 18120.01215999527
