comms_cons: 119.38021119188673
finished_reconf: true
global_termination_time: 1179835.05224
local_termination_time: 294697.24740000034
node_cons: 24289.06201271973
tot_aggregated_send: 15834
tot_msg_rcv: 794
tot_msg_sent: 1517
tot_reconf_duration: 4.390000000000001
tot_sleeping_duration: 1161699.8017600004
tot_uptimes: 303
tot_uptimes_duration: 18135.250479999813
