comms_cons: 117.3255039918797
finished_reconf: true
global_termination_time: 1180985.034
local_termination_time: 424454.20036
node_cons: 24271.159324467328
tot_aggregated_send: 15950
tot_msg_rcv: 659
tot_msg_sent: 1223
tot_reconf_duration: 6.22
tot_sleeping_duration: 1162865.0096800094
tot_uptimes: 303
tot_uptimes_duration: 18120.024319990538
