comms_cons: 357.48176641283305
finished_reconf: true
global_termination_time: 3652636.114
local_termination_time: 2538478.47436
node_cons: 75135.78485999843
tot_aggregated_send: 51968
tot_msg_rcv: 793
tot_msg_sent: 1573
tot_reconf_duration: 13.17
tot_sleeping_duration: 3596536.114
tot_uptimes: 936
tot_uptimes_duration: 56100.00000000023
