comms_cons: 53.330995201904855
finished_reconf: true
global_termination_time: 528255.82224
local_termination_time: 7174.027999999999
node_cons: 10895.802538328096
tot_aggregated_send: 6201
tot_msg_rcv: 642
tot_msg_sent: 1263
tot_reconf_duration: 21.68
tot_sleeping_duration: 520140.541359994
tot_uptimes: 136
tot_uptimes_duration: 8115.2808800060375
