comms_cons: 52.707168000018896
finished_reconf: true
global_termination_time: 528255.1093599979
local_termination_time: 528255.1093599979
node_cons: 10977.24711639721
tot_aggregated_send: 7539
tot_msg_rcv: 147
tot_msg_sent: 324
tot_reconf_duration: 31.42
tot_sleeping_duration: 520088.88176
tot_uptimes: 136
tot_uptimes_duration: 8166.227599997897
