comms_cons: 102.73744639558304
finished_reconf: true
global_termination_time: 1023834.192
local_termination_time: 332295.97336000006
node_cons: 21053.319627831675
tot_aggregated_send: 13282
tot_msg_rcv: 813
tot_msg_sent: 1519
tot_reconf_duration: 3.08
tot_sleeping_duration: 1008114.1494400062
tot_uptimes: 263
tot_uptimes_duration: 15720.042559993744
