comms_cons: 104.01777919486297
finished_reconf: true
global_termination_time: 1026255.19
local_termination_time: 396422.8663600001
node_cons: 21060.106925598022
tot_aggregated_send: 12818
tot_msg_rcv: 1016
tot_msg_sent: 1977
tot_reconf_duration: 8.09
tot_sleeping_duration: 1010535.1596000014
tot_uptimes: 263
tot_uptimes_duration: 15720.030399998475
