comms_cons: 102.5405567918241
finished_reconf: true
global_termination_time: 1026308.024
local_termination_time: 37477.20476000018
node_cons: 21053.246323350533
tot_aggregated_send: 13746
tot_msg_rcv: 618
tot_msg_sent: 1221
tot_reconf_duration: 3.05
tot_sleeping_duration: 1010588.0057600071
tot_uptimes: 263
tot_uptimes_duration: 15720.018239992904
