comms_cons: 103.12861439541142
finished_reconf: true
global_termination_time: 1022801.183
local_termination_time: 176735.73748000004
node_cons: 20979.42468895765
tot_aggregated_send: 13282
tot_msg_rcv: 818
tot_msg_sent: 1574
tot_reconf_duration: 7.819999999999999
tot_sleeping_duration: 1007141.1343600017
tot_uptimes: 262
tot_uptimes_duration: 15660.048639998247
