comms_cons: 104.54072959427022
finished_reconf: true
global_termination_time: 1022717.989
local_termination_time: 176735.13936000096
node_cons: 20978.507335363258
tot_aggregated_send: 13282
tot_msg_rcv: 798
tot_msg_sent: 1810
tot_reconf_duration: 6.22
tot_sleeping_duration: 1007057.0027599976
tot_uptimes: 262
tot_uptimes_duration: 15660.986240002414
