comms_cons: 50.74599680018454
finished_reconf: true
global_termination_time: 508856.05
local_termination_time: 22010.41136
node_cons: 10459.567121119162
tot_aggregated_send: 7250
tot_msg_rcv: 183
tot_msg_sent: 280
tot_reconf_duration: 11.31
tot_sleeping_duration: 501056.0439200006
tot_uptimes: 131
tot_uptimes_duration: 7800.006079999366
