comms_cons: 90.08240640094458
finished_reconf: true
global_termination_time: 915212.232
local_termination_time: 355510.3991200005
node_cons: 18810.179560000037
tot_aggregated_send: 12934
tot_msg_rcv: 298
tot_msg_sent: 460
tot_reconf_duration: 7.819999999999999
tot_sleeping_duration: 901172.232
tot_uptimes: 235
tot_uptimes_duration: 14040.0
