comms_cons: 111.45154561376316
finished_reconf: true
global_termination_time: 385541.2271600003
local_termination_time: 385541.1860400003
node_cons: 15621.415494240508
tot_aggregated_send: 0
tot_msg_rcv: 5703
tot_msg_sent: 11236
tot_reconf_duration: 24.59
tot_sleeping_duration: 373899.687
tot_uptimes: 193
tot_uptimes_duration: 11641.540160000353
