comms_cons: 38.5738495999968
finished_reconf: true
global_termination_time: 388172.404
local_termination_time: 78925.9614399996
node_cons: 7962.106760000012
tot_aggregated_send: 5568
tot_msg_rcv: 126
tot_msg_sent: 169
tot_reconf_duration: 6.22
tot_sleeping_duration: 382232.404
tot_uptimes: 100
tot_uptimes_duration: 5940.000000000001
