comms_cons: 137.74213119784625
finished_reconf: true
global_termination_time: 1396729.779
local_termination_time: 713293.1393599998
node_cons: 28696.25009999998
tot_aggregated_send: 20184
tot_msg_rcv: 240
tot_msg_sent: 512
tot_reconf_duration: 10.95
tot_sleeping_duration: 1375309.779
tot_uptimes: 358
tot_uptimes_duration: 21420.0
