comms_cons: 482.21857242922454
finished_reconf: true
global_termination_time: 1654119.8306799994
local_termination_time: 1654119.7895599995
node_cons: 67590.16144491392
tot_aggregated_send: 0
tot_msg_rcv: 24546
tot_msg_sent: 48747
tot_reconf_duration: 24.59
tot_sleeping_duration: 1603666.680400003
tot_uptimes: 838
tot_uptimes_duration: 50453.15027999651
