comms_cons: 13.764313599725519
finished_reconf: true
global_termination_time: 120593.186
local_termination_time: 60933.16748000002
node_cons: 2524.9299644766097
tot_aggregated_send: 1044
tot_msg_rcv: 369
tot_msg_sent: 679
tot_reconf_duration: 25.299999999999997
tot_sleeping_duration: 118733.16168000254
tot_uptimes: 31
tot_uptimes_duration: 1860.0243199974648
