comms_cons: 13.987379199572665
finished_reconf: true
global_termination_time: 122677.387
local_termination_time: 58862.5903600001
node_cons: 2521.3312644765974
tot_aggregated_send: 1218
tot_msg_rcv: 345
tot_msg_sent: 563
tot_reconf_duration: 22.65
tot_sleeping_duration: 120817.36268000254
tot_uptimes: 32
tot_uptimes_duration: 1860.0243199974648
