comms_cons: 14.027481599910269
finished_reconf: true
global_termination_time: 123111.52
local_termination_time: 57105.059360000196
node_cons: 2497.7836852785604
tot_aggregated_send: 1102
tot_msg_rcv: 388
tot_msg_sent: 643
tot_reconf_duration: 4.8100000000000005
tot_sleeping_duration: 121250.98848000108
tot_uptimes: 32
tot_uptimes_duration: 1860.5315199989273
