comms_cons: 208.9630783818086
finished_reconf: true
global_termination_time: 2057280.944
local_termination_time: 616308.8931599983
node_cons: 42263.022605583865
tot_aggregated_send: 27956
tot_msg_rcv: 1304
tot_msg_sent: 2501
tot_reconf_duration: 3.05
tot_sleeping_duration: 2025720.9136000117
tot_uptimes: 527
tot_uptimes_duration: 31560.030399988173
