comms_cons: 206.1919999887452
finished_reconf: true
global_termination_time: 2052746.703
local_termination_time: 474099.5744000004
node_cons: 42189.16840670382
tot_aggregated_send: 28420
tot_msg_rcv: 998
tot_msg_sent: 1921
tot_reconf_duration: 7.819999999999999
tot_sleeping_duration: 2021246.6665200118
tot_uptimes: 526
tot_uptimes_duration: 31500.03647998818
