comms_cons: 0.13158399999956602
finished_reconf: true
global_termination_time: 3107.9929600000028
local_termination_time: 3094.6573600000006
node_cons: 30.304567440003716
tot_aggregated_send: 0
tot_msg_rcv: 11
tot_msg_sent: 8
tot_reconf_duration: 3.05
tot_sleeping_duration: 3088.454
tot_uptimes: 1
tot_uptimes_duration: 19.53896000000259
