comms_cons: 350.75846404229145
finished_reconf: true
global_termination_time: 3450234.688
local_termination_time: 1013961.8996799994
node_cons: 70951.27134893397
tot_aggregated_send: 47096
tot_msg_rcv: 2095
tot_msg_sent: 4124
tot_reconf_duration: 8.09
tot_sleeping_duration: 3397254.639360018
tot_uptimes: 884
tot_uptimes_duration: 52980.048639981775
