comms_cons: 349.7376128487126
finished_reconf: true
global_termination_time: 3451534.123
local_termination_time: 894656.0054799998
node_cons: 70955.63596781646
tot_aggregated_send: 47560
tot_msg_rcv: 2149
tot_msg_sent: 3448
tot_reconf_duration: 11.31
tot_sleeping_duration: 3398554.0804400165
tot_uptimes: 884
tot_uptimes_duration: 52980.042559983674
