comms_cons: 26.7911296001275
finished_reconf: true
global_termination_time: 267875.216
local_termination_time: 64738.08052000018
node_cons: 5469.089761119166
tot_aggregated_send: 3596
tot_msg_rcv: 131
tot_msg_sent: 345
tot_reconf_duration: 4.390000000000001
tot_sleeping_duration: 263795.20992000063
tot_uptimes: 69
tot_uptimes_duration: 4080.006079999366
