comms_cons: 61.837900800090075
finished_reconf: true
global_termination_time: 636972.143
local_termination_time: 487717.4653600001
node_cons: 13120.149180000048
tot_aggregated_send: 9164
tot_msg_rcv: 111
tot_msg_sent: 124
tot_reconf_duration: 18.21
tot_sleeping_duration: 627192.143
tot_uptimes: 164
tot_uptimes_duration: 9780.0
