comms_cons: 64.14638719909375
finished_reconf: true
global_termination_time: 636181.925
local_termination_time: 164817.19136000006
node_cons: 13030.455262242876
tot_aggregated_send: 8700
tot_msg_rcv: 361
tot_msg_sent: 688
tot_reconf_duration: 11.31
tot_sleeping_duration: 626461.9128399979
tot_uptimes: 163
tot_uptimes_duration: 9720.012160002138
