comms_cons: 108.09698559410573
finished_reconf: true
global_termination_time: 1086111.96224
local_termination_time: 494158.97648000007
node_cons: 22379.661431593784
tot_aggregated_send: 14906
tot_msg_rcv: 485
tot_msg_sent: 1040
tot_reconf_duration: 18.21
tot_sleeping_duration: 1069416.7178400047
tot_uptimes: 279
tot_uptimes_duration: 16695.24439999531
