comms_cons: 111.55033599257834
finished_reconf: true
global_termination_time: 1088814.046
local_termination_time: 90278.91923999973
node_cons: 22365.319405588805
tot_aggregated_send: 14616
tot_msg_rcv: 841
tot_msg_sent: 1498
tot_reconf_duration: 22.65
tot_sleeping_duration: 1072134.0156000087
tot_uptimes: 279
tot_uptimes_duration: 16680.030399991607
