comms_cons: 106.11591679903951
finished_reconf: true
global_termination_time: 1088724.323
local_termination_time: 629328.2200000001
node_cons: 22340.48976111688
tot_aggregated_send: 15831
tot_msg_rcv: 54
tot_msg_sent: 244
tot_reconf_duration: 4.390000000000001
tot_sleeping_duration: 1072044.3169200025
tot_uptimes: 279
tot_uptimes_duration: 16680.006079997635
