comms_cons: 107.0108927986755
finished_reconf: true
global_termination_time: 1086803.564
local_termination_time: 696156.9263599999
node_cons: 22342.966760000152
tot_aggregated_send: 15834
tot_msg_rcv: 185
tot_msg_sent: 246
tot_reconf_duration: 6.22
tot_sleeping_duration: 1070123.564
tot_uptimes: 279
tot_uptimes_duration: 16680.0
