comms_cons: 316.86042222685916
finished_reconf: true
global_termination_time: 1086111.8248399997
local_termination_time: 186632.0725600007
node_cons: 44411.42888675943
tot_aggregated_send: 0
tot_msg_rcv: 16130
tot_msg_sent: 32031
tot_reconf_duration: 11.31
tot_sleeping_duration: 1052955.6859999998
tot_uptimes: 548
tot_uptimes_duration: 33156.13883999991
