comms_cons: 101.10135679875582
finished_reconf: true
global_termination_time: 1029920.061
local_termination_time: 469854.18948
node_cons: 21135.389761116803
tot_aggregated_send: 14558
tot_msg_rcv: 284
tot_msg_sent: 525
tot_reconf_duration: 4.390000000000001
tot_sleeping_duration: 1014140.0549200024
tot_uptimes: 264
tot_uptimes_duration: 15780.006079997635
