comms_cons: 100.41832959710248
finished_reconf: true
global_termination_time: 1026682.406
local_termination_time: 537014.71136
node_cons: 21059.69956000012
tot_aggregated_send: 14558
tot_msg_rcv: 187
tot_msg_sent: 518
tot_reconf_duration: 7.819999999999999
tot_sleeping_duration: 1010962.406
tot_uptimes: 263
tot_uptimes_duration: 15720.0
