comms_cons: 101.2670463980252
finished_reconf: true
global_termination_time: 1030317.006
local_termination_time: 574944.506879998
node_cons: 21148.55624543408
tot_aggregated_send: 14848
tot_msg_rcv: 202
tot_msg_sent: 342
tot_reconf_duration: 11.31
tot_sleeping_duration: 1014534.1850400044
tot_uptimes: 264
tot_uptimes_duration: 15782.820959995617
