comms_cons: 149.1057279934225
finished_reconf: true
global_termination_time: 1496800.041
local_termination_time: 306745.4674000004
node_cons: 30790.73938000003
tot_aggregated_send: 21286
tot_msg_rcv: 463
tot_msg_sent: 914
tot_reconf_duration: 15.110000000000001
tot_sleeping_duration: 1473820.041
tot_uptimes: 384
tot_uptimes_duration: 22980.0
