comms_cons: 153.2369215802667
finished_reconf: true
global_termination_time: 1493817.942
local_termination_time: 280750.76900000044
node_cons: 30705.328532294396
tot_aggregated_send: 19662
tot_msg_rcv: 1129
tot_msg_sent: 2499
tot_reconf_duration: 11.31
tot_sleeping_duration: 1470897.875120019
tot_uptimes: 383
tot_uptimes_duration: 22920.066879980848
