comms_cons: 2.7507327999910016
finished_reconf: true
global_termination_time: 14377.19
local_termination_time: 4646.422600000004
node_cons: 285.8578535200121
tot_aggregated_send: 0
tot_msg_rcv: 246
tot_msg_sent: 172
tot_reconf_duration: 18.21
tot_sleeping_duration: 14182.17231999999
tot_uptimes: 4
tot_uptimes_duration: 195.01768000000902
