comms_cons: 2.4678271999911368
finished_reconf: true
global_termination_time: 13233.536
local_termination_time: 5945.115360000001
node_cons: 256.3789800000005
tot_aggregated_send: 0
tot_msg_rcv: 208
tot_msg_sent: 166
tot_reconf_duration: 11.31
tot_sleeping_duration: 13053.536
tot_uptimes: 4
tot_uptimes_duration: 180.0
