comms_cons: 2.710630399996173
finished_reconf: true
global_termination_time: 15148.17
local_termination_time: 6528.35036
node_cons: 265.7573211200063
tot_aggregated_send: 0
tot_msg_rcv: 254
tot_msg_sent: 158
tot_reconf_duration: 18.21
tot_sleeping_duration: 14968.163919999995
tot_uptimes: 4
tot_uptimes_duration: 180.00608000000466
