comms_cons: 2.3421951999922603
finished_reconf: true
global_termination_time: 18255.532
local_termination_time: 8530.52536
node_cons: 341.8793799999984
tot_aggregated_send: 0
tot_msg_rcv: 193
tot_msg_sent: 163
tot_reconf_duration: 15.110000000000001
tot_sleeping_duration: 18015.532
tot_uptimes: 5
tot_uptimes_duration: 240.0
