comms_cons: 135.886796797488
finished_reconf: true
global_termination_time: 1401332.045
local_termination_time: 4319.483
node_cons: 28771.98104112148
tot_aggregated_send: 19944
tot_msg_rcv: 302
tot_msg_sent: 408
tot_reconf_duration: 7.55
tot_sleeping_duration: 1379852.0389199988
tot_uptimes: 359
tot_uptimes_duration: 21480.00608000107
