comms_cons: 2.1777151999945694
finished_reconf: true
global_termination_time: 13075.948
local_termination_time: 393.6445199999986
node_cons: 251.64770112000622
tot_aggregated_send: 0
tot_msg_rcv: 163
tot_msg_sent: 168
tot_reconf_duration: 7.819999999999999
tot_sleeping_duration: 12895.941919999996
tot_uptimes: 4
tot_uptimes_duration: 180.00608000000466
