comms_cons: 651.9453767117966
finished_reconf: true
global_termination_time: 3924059.702
local_termination_time: 2817697.49736
node_cons: 80669.92080446598
tot_aggregated_send: 0
tot_msg_rcv: 49824
tot_msg_sent: 49267
tot_reconf_duration: 6.279999999999999
tot_sleeping_duration: 3863819.677680009
tot_uptimes: 1005
tot_uptimes_duration: 60240.02431999077
