comms_cons: 394.69879686832587
finished_reconf: true
global_termination_time: 3920073.964
local_termination_time: 319017.9634800001
node_cons: 80611.85197005045
tot_aggregated_send: 54636
tot_msg_rcv: 1828
tot_msg_sent: 3527
tot_reconf_duration: 22.65
tot_sleeping_duration: 3859893.9092800207
tot_uptimes: 1004
tot_uptimes_duration: 60180.05471997941
