comms_cons: 397.6387328803477
finished_reconf: true
global_termination_time: 3919577.048
local_termination_time: 940126.0287599992
node_cons: 80591.70468893462
tot_aggregated_send: 54230
tot_msg_rcv: 2260
tot_msg_sent: 3948
tot_reconf_duration: 7.819999999999999
tot_sleeping_duration: 3859396.9993600175
tot_uptimes: 1004
tot_uptimes_duration: 60180.04863998247
