comms_cons: 395.2929344500182
finished_reconf: true
global_termination_time: 3922366.839
local_termination_time: 1945617.7335599994
node_cons: 80668.77464558299
tot_aggregated_send: 53998
tot_msg_rcv: 2249
tot_msg_sent: 3835
tot_reconf_duration: 5.43
tot_sleeping_duration: 3862126.8086000113
tot_uptimes: 1005
tot_uptimes_duration: 60240.03039998887
