comms_cons: 55.82576640045053
finished_reconf: true
global_termination_time: 551695.274
local_termination_time: 5940.6024800000005
node_cons: 11332.122640000016
tot_aggregated_send: 7598
tot_msg_rcv: 308
tot_msg_sent: 579
tot_reconf_duration: 3.08
tot_sleeping_duration: 543235.274
tot_uptimes: 142
tot_uptimes_duration: 8460.0
