comms_cons: 54.05070079985195
finished_reconf: true
global_termination_time: 549410.056
local_termination_time: 83383.92099999946
node_cons: 11263.046365118436
tot_aggregated_send: 7888
tot_msg_rcv: 102
tot_msg_sent: 225
tot_reconf_duration: 9.42
tot_sleeping_duration: 541008.0739200012
tot_uptimes: 141
tot_uptimes_duration: 8401.982079998823
