comms_cons: 54.73894400013333
finished_reconf: true
global_termination_time: 551178.494
local_termination_time: 22091.30972
node_cons: 11353.334600000011
tot_aggregated_send: 7946
tot_msg_rcv: 159
tot_msg_sent: 215
tot_reconf_duration: 18.700000000000003
tot_sleeping_duration: 542718.494
tot_uptimes: 142
tot_uptimes_duration: 8460.0
