comms_cons: 54.166553600743995
finished_reconf: true
global_termination_time: 550162.191
local_termination_time: 152816.24836000006
node_cons: 11256.046760000016
tot_aggregated_send: 7714
tot_msg_rcv: 118
tot_msg_sent: 401
tot_reconf_duration: 6.22
tot_sleeping_duration: 541762.191
tot_uptimes: 141
tot_uptimes_duration: 8400.0
