comms_cons: 0.7105536000000027
finished_reconf: true
global_termination_time: 5992.61
local_termination_time: 223.05736000000002
node_cons: 95.21010000000003
tot_aggregated_send: 0
tot_msg_rcv: 60
tot_msg_sent: 48
tot_reconf_duration: 10.95
tot_sleeping_duration: 5932.61
tot_uptimes: 2
tot_uptimes_duration: 60.0
