comms_cons: 50.929587200230905
finished_reconf: true
global_termination_time: 518887.498
local_termination_time: 75395.54247999997
node_cons: 10630.27460000003
tot_aggregated_send: 7424
tot_msg_rcv: 102
tot_msg_sent: 215
tot_reconf_duration: 18.700000000000003
tot_sleeping_duration: 510967.498
tot_uptimes: 133
tot_uptimes_duration: 7920.0
