comms_cons: 51.24115200043965
finished_reconf: true
global_termination_time: 514572.706
local_termination_time: 82592.75203999956
node_cons: 10540.700200000027
tot_aggregated_send: 7250
tot_msg_rcv: 201
tot_msg_sent: 337
tot_reconf_duration: 11.899999999999999
tot_sleeping_duration: 506712.706
tot_uptimes: 132
tot_uptimes_duration: 7860.0
