comms_cons: 95.9500799995407
finished_reconf: true
global_termination_time: 988625.619
local_termination_time: 507100.0035600003
node_cons: 20356.77870000006
tot_aggregated_send: 14094
tot_msg_rcv: 164
tot_msg_sent: 325
tot_reconf_duration: 22.65
tot_sleeping_duration: 973445.619
tot_uptimes: 254
tot_uptimes_duration: 15180.0
