comms_cons: 38.05409280086742
finished_reconf: true
global_termination_time: 361051.087
local_termination_time: 82111.6314399996
node_cons: 7401.91584224288
tot_aggregated_send: 4582
tot_msg_rcv: 453
tot_msg_sent: 749
tot_reconf_duration: 7.819999999999999
tot_sleeping_duration: 355531.07483999786
tot_uptimes: 93
tot_uptimes_duration: 5520.0121600021375
