comms_cons: 2.407987199992043
finished_reconf: true
global_termination_time: 18084.134
local_termination_time: 7261.291000000004
node_cons: 352.11869999999954
tot_aggregated_send: 0
tot_msg_rcv: 208
tot_msg_sent: 158
tot_reconf_duration: 22.65
tot_sleeping_duration: 17844.134
tot_uptimes: 5
tot_uptimes_duration: 240.0
