comms_cons: 120.562175996279
finished_reconf: true
global_termination_time: 649435.432
local_termination_time: 301900.79436000006
node_cons: 13347.442502242915
tot_aggregated_send: 0
tot_msg_rcv: 9330
tot_msg_sent: 8995
tot_reconf_duration: 8.09
tot_sleeping_duration: 639475.4198399979
tot_uptimes: 167
tot_uptimes_duration: 9960.012160002138
