comms_cons: 67.990988798594
finished_reconf: true
global_termination_time: 650705.238
local_termination_time: 321256.44644000067
node_cons: 13348.835803359694
tot_aggregated_send: 8352
tot_msg_rcv: 706
tot_msg_sent: 1276
tot_reconf_duration: 9.11
tot_sleeping_duration: 640745.2197600002
tot_uptimes: 167
tot_uptimes_duration: 9960.018239999772
