comms_cons: 65.11904640053758
finished_reconf: true
global_termination_time: 647917.432
local_termination_time: 337668.4431200005
node_cons: 13273.284104481148
tot_aggregated_send: 8584
tot_msg_rcv: 444
tot_msg_sent: 869
tot_reconf_duration: 12.629999999999999
tot_sleeping_duration: 638017.4076799992
tot_uptimes: 166
tot_uptimes_duration: 9900.02432000084
