comms_cons: 65.50154240129692
finished_reconf: true
global_termination_time: 650003.782
local_termination_time: 468058.33236
node_cons: 13352.600199999972
tot_aggregated_send: 8932
tot_msg_rcv: 337
tot_msg_sent: 687
tot_reconf_duration: 11.899999999999999
tot_sleeping_duration: 640043.782
tot_uptimes: 167
tot_uptimes_duration: 9960.0
