comms_cons: 67.08810240053582
finished_reconf: true
global_termination_time: 650943.246
local_termination_time: 91583.35363999975
node_cons: 13340.638887850017
tot_aggregated_send: 8410
tot_msg_rcv: 561
tot_msg_sent: 1226
tot_reconf_duration: 3.05
tot_sleeping_duration: 640983.2034399926
tot_uptimes: 167
tot_uptimes_duration: 9960.042560007481
