comms_cons: 121.15590399699425
finished_reconf: true
global_termination_time: 647880.768
local_termination_time: 302537.12936
node_cons: 13264.571183364273
tot_aggregated_send: 0
tot_msg_rcv: 9425
tot_msg_sent: 8992
tot_reconf_duration: 6.22
tot_sleeping_duration: 637980.7497599969
tot_uptimes: 166
tot_uptimes_duration: 9900.018240003206
