comms_cons: 111.68191999299857
finished_reconf: true
global_termination_time: 1105250.4100799996
local_termination_time: 1105250.3689599996
node_cons: 22793.680941591483
tot_aggregated_send: 15472
tot_msg_rcv: 557
tot_msg_sent: 945
tot_reconf_duration: 24.59
tot_sleeping_duration: 1088252.435680006
tot_uptimes: 284
tot_uptimes_duration: 16997.974399993604
