comms_cons: 110.04369919692468
finished_reconf: true
global_termination_time: 1108583.119
local_termination_time: 938153.34136
node_cons: 22740.361900000094
tot_aggregated_send: 15834
tot_msg_rcv: 314
tot_msg_sent: 578
tot_reconf_duration: 3.05
tot_sleeping_duration: 1091603.119
tot_uptimes: 284
tot_uptimes_duration: 16980.0
