comms_cons: 88.78630399771565
finished_reconf: true
global_termination_time: 901651.7404799998
local_termination_time: 901651.6993599999
node_cons: 18529.94351871982
tot_aggregated_send: 13094
tot_msg_rcv: 162
tot_msg_sent: 238
tot_reconf_duration: 24.59
tot_sleeping_duration: 887838.036
tot_uptimes: 231
tot_uptimes_duration: 13813.70447999984
