comms_cons: 324.0328061515066
finished_reconf: true
global_termination_time: 1846298.947
local_termination_time: 280761.49136000004
node_cons: 37927.06896781766
tot_aggregated_send: 0
tot_msg_rcv: 24962
tot_msg_sent: 24290
tot_reconf_duration: 4.8100000000000005
tot_sleeping_duration: 1817978.9044400165
tot_uptimes: 473
tot_uptimes_duration: 28320.04255998344
