comms_cons: 183.636499184081
finished_reconf: true
global_termination_time: 1850050.032
local_termination_time: 1450710.138119999
node_cons: 38011.45584223358
tot_aggregated_send: 25462
tot_msg_rcv: 822
tot_msg_sent: 1627
tot_reconf_duration: 7.819999999999999
tot_sleeping_duration: 1821670.0198400046
tot_uptimes: 474
tot_uptimes_duration: 28380.01215999527
