comms_cons: 415.8274748585146
finished_reconf: true
global_termination_time: 2114412.864
local_termination_time: 2359.16748
node_cons: 43488.677321116425
tot_aggregated_send: 0
tot_msg_rcv: 31835
tot_msg_sent: 31368
tot_reconf_duration: 18.21
tot_sleeping_duration: 2081952.8579200024
tot_uptimes: 542
tot_uptimes_duration: 32460.006079997635
