comms_cons: 213.11421438669566
finished_reconf: true
global_termination_time: 2111785.687
local_termination_time: 78270.11859999993
node_cons: 43418.02252894344
tot_aggregated_send: 29232
tot_msg_rcv: 1084
tot_msg_sent: 2075
tot_reconf_duration: 25.299999999999997
tot_sleeping_duration: 2079385.6383600119
tot_uptimes: 541
tot_uptimes_duration: 32400.048639987945
