comms_cons: 206.46187519184002
finished_reconf: true
global_termination_time: 2115205.925
local_termination_time: 1067681.1049599987
node_cons: 43479.323403350165
tot_aggregated_send: 29174
tot_msg_rcv: 706
tot_msg_sent: 1501
tot_reconf_duration: 11.31
tot_sleeping_duration: 2082745.906760007
tot_uptimes: 542
tot_uptimes_duration: 32460.018239992904
