comms_cons: 89.74714879275254
finished_reconf: true
global_termination_time: 861462.3125999998
local_termination_time: 861462.2714799999
node_cons: 17744.138396303584
tot_aggregated_send: 11052
tot_msg_rcv: 876
tot_msg_sent: 1712
tot_reconf_duration: 37.410000000000004
tot_sleeping_duration: 848248.4697200122
tot_uptimes: 221
tot_uptimes_duration: 13213.842879987715
