comms_cons: 87.97483519653471
finished_reconf: true
global_termination_time: 869670.1740399984
local_termination_time: 319394.4763600001
node_cons: 17932.87038991303
tot_aggregated_send: 11890
tot_msg_rcv: 462
tot_msg_sent: 1018
tot_reconf_duration: 18.21
tot_sleeping_duration: 856295.9087600036
tot_uptimes: 223
tot_uptimes_duration: 13374.265279994754
