comms_cons: 87.5494143962065
finished_reconf: true
global_termination_time: 874393.138
local_termination_time: 396040.36104000075
node_cons: 17922.360121116857
tot_aggregated_send: 12180
tot_msg_rcv: 374
tot_msg_sent: 753
tot_reconf_duration: 4.8100000000000005
tot_sleeping_duration: 861013.1319200024
tot_uptimes: 224
tot_uptimes_duration: 13380.006079997635
