comms_cons: 86.72701439905786
finished_reconf: true
global_termination_time: 874100.033
local_termination_time: 361429.85436
node_cons: 17921.781619999965
tot_aggregated_send: 12470
tot_msg_rcv: 252
tot_msg_sent: 460
tot_reconf_duration: 4.390000000000001
tot_sleeping_duration: 860720.033
tot_uptimes: 224
tot_uptimes_duration: 13380.0
