comms_cons: 40.791040000270726
finished_reconf: true
global_termination_time: 411736.7944800001
local_termination_time: 411736.7533600001
node_cons: 8487.459800962983
tot_aggregated_send: 5800
tot_msg_rcv: 114
tot_msg_sent: 285
tot_reconf_duration: 24.59
tot_sleeping_duration: 405423.0778399979
tot_uptimes: 106
tot_uptimes_duration: 6313.716640002211
