comms_cons: 128.87336959175872
finished_reconf: true
global_termination_time: 1269594.68224
local_termination_time: 1518.4694800000004
node_cons: 26155.70656055605
tot_aggregated_send: 17168
tot_msg_rcv: 797
tot_msg_sent: 1622
tot_reconf_duration: 18.21
tot_sleeping_duration: 1250079.389200003
tot_uptimes: 326
tot_uptimes_duration: 19515.29303999702
