comms_cons: 128.1669055907386
finished_reconf: true
global_termination_time: 1270079.599
local_termination_time: 751170.9788399998
node_cons: 26123.3263170279
tot_aggregated_send: 17516
tot_msg_rcv: 631
tot_msg_sent: 1332
tot_reconf_duration: 9.42
tot_sleeping_duration: 1250579.573640009
tot_uptimes: 326
tot_uptimes_duration: 19500.02535999089
