comms_cons: 131.49150079029138
finished_reconf: true
global_termination_time: 1272149.194
local_termination_time: 274568.50360000005
node_cons: 26121.217253420433
tot_aggregated_send: 16704
tot_msg_rcv: 1237
tot_msg_sent: 2046
tot_reconf_duration: 7.819999999999999
tot_sleeping_duration: 1252649.1210400146
tot_uptimes: 326
tot_uptimes_duration: 19500.07295998535
