comms_cons: 127.51930879516414
finished_reconf: true
global_termination_time: 1271603.661
local_termination_time: 765889.8775599994
node_cons: 26117.90650447188
tot_aggregated_send: 17748
tot_msg_rcv: 567
tot_msg_sent: 1068
tot_reconf_duration: 5.43
tot_sleeping_duration: 1252103.636680006
tot_uptimes: 326
tot_uptimes_duration: 19500.024319993972
