comms_cons: 11.856345600027508
finished_reconf: true
global_termination_time: 100324.316
local_termination_time: 34804.108
node_cons: 2020.0196043194474
tot_aggregated_send: 925
tot_msg_rcv: 351
tot_msg_sent: 526
tot_reconf_duration: 6.22
tot_sleeping_duration: 98822.02112000041
tot_uptimes: 26
tot_uptimes_duration: 1502.2948799995866
