comms_cons: 2.2961407999945056
finished_reconf: true
global_termination_time: 17394.192
local_termination_time: 6974.84636
node_cons: 333.73137999999955
tot_aggregated_send: 0
tot_msg_rcv: 181
tot_msg_sent: 168
tot_reconf_duration: 9.11
tot_sleeping_duration: 17154.192
tot_uptimes: 5
tot_uptimes_duration: 240.0
