comms_cons: 2.2961407999966332
finished_reconf: true
global_termination_time: 17184.998
local_termination_time: 7205.0383600000005
node_cons: 331.97956000000084
tot_aggregated_send: 0
tot_msg_rcv: 180
tot_msg_sent: 169
tot_reconf_duration: 7.819999999999999
tot_sleeping_duration: 16944.998
tot_uptimes: 5
tot_uptimes_duration: 240.0
