comms_cons: 1.5129791999976192
finished_reconf: true
global_termination_time: 14198.297
local_termination_time: 6875.795360000001
node_cons: 251.63956000000084
tot_aggregated_send: 0
tot_msg_rcv: 118
tot_msg_sent: 111
tot_reconf_duration: 7.819999999999999
tot_sleeping_duration: 14018.297
tot_uptimes: 4
tot_uptimes_duration: 180.0
