comms_cons: 34.42237440077026
finished_reconf: true
global_termination_time: 334243.192
local_termination_time: 43273.404360000015
node_cons: 6837.35490112144
tot_aggregated_send: 4408
tot_msg_rcv: 302
tot_msg_sent: 522
tot_reconf_duration: 6.22
tot_sleeping_duration: 329143.1859199989
tot_uptimes: 86
tot_uptimes_duration: 5100.006080001069
