comms_cons: 35.39609600061969
finished_reconf: true
global_termination_time: 334672.249
local_termination_time: 58924.71672000002
node_cons: 6844.267121121435
tot_aggregated_send: 4350
tot_msg_rcv: 457
tot_msg_sent: 573
tot_reconf_duration: 11.31
tot_sleeping_duration: 329572.24291999894
tot_uptimes: 86
tot_uptimes_duration: 5100.006080001069
