comms_cons: 243.50339839155868
finished_reconf: true
global_termination_time: 2433942.36
local_termination_time: 215164.41736000005
node_cons: 50072.7005667049
tot_aggregated_send: 33118
tot_msg_rcv: 1360
tot_msg_sent: 2533
tot_reconf_duration: 15.34
tot_sleeping_duration: 2396562.3235200103
tot_uptimes: 624
tot_uptimes_duration: 37380.03647998924
