comms_cons: 247.8448255931533
finished_reconf: true
global_termination_time: 2433966.952
local_termination_time: 57661.36092000006
node_cons: 50142.852830074095
tot_aggregated_send: 33466
tot_msg_rcv: 1474
tot_msg_sent: 2730
tot_reconf_duration: 7.819999999999999
tot_sleeping_duration: 2396526.897280004
tot_uptimes: 624
tot_uptimes_duration: 37440.054719996115
