comms_cons: 14.633203200740171
finished_reconf: true
global_termination_time: 184083.689
local_termination_time: 733.4501200000001
node_cons: 3790.336358002014
tot_aggregated_send: 0
tot_msg_rcv: 461
tot_msg_sent: 1764
tot_reconf_duration: 10.55
tot_sleeping_duration: 181263.66699999853
tot_uptimes: 48
tot_uptimes_duration: 2820.0220000015024
