comms_cons: 96.96540161296443
finished_reconf: true
global_termination_time: 464755.3887200007
local_termination_time: 118.77544000000012
node_cons: 9641.10271352866
tot_aggregated_send: 0
tot_msg_rcv: 7793
tot_msg_sent: 6943
tot_reconf_duration: 18.21
tot_sleeping_duration: 457573.6310399942
tot_uptimes: 120
tot_uptimes_duration: 7181.757680006462
