comms_cons: 45.87738880009293
finished_reconf: true
global_termination_time: 466241.881
local_termination_time: 13701.6366
node_cons: 9591.226841121443
tot_aggregated_send: 6728
tot_msg_rcv: 92
tot_msg_sent: 153
tot_reconf_duration: 22.65
tot_sleeping_duration: 459101.8749199989
tot_uptimes: 120
tot_uptimes_duration: 7140.006080001069
