comms_cons: 46.78733440042708
finished_reconf: true
global_termination_time: 467756.057
local_termination_time: 107.73372000000035
node_cons: 9568.908902400013
tot_aggregated_send: 6554
tot_msg_rcv: 212
tot_msg_sent: 345
tot_reconf_duration: 6.22
tot_sleeping_duration: 460616.05539999995
tot_uptimes: 120
tot_uptimes_duration: 7140.0016000000005
