comms_cons: 448.798828879947
finished_reconf: true
global_termination_time: 4483594.701
local_termination_time: 690171.7113599998
node_cons: 92241.37134893396
tot_aggregated_send: 62350
tot_msg_rcv: 1912
tot_msg_sent: 3951
tot_reconf_duration: 8.09
tot_sleeping_duration: 4414714.652360018
tot_uptimes: 1149
tot_uptimes_duration: 68880.04863998247
