comms_cons: 133.22626557851254
finished_reconf: true
global_termination_time: 677700.8351999987
local_termination_time: 729.3120399999995
node_cons: 13966.78422879826
tot_aggregated_send: 0
tot_msg_rcv: 10178
tot_msg_sent: 10069
tot_reconf_duration: 4.8100000000000005
tot_sleeping_duration: 667274.956
tot_uptimes: 174
tot_uptimes_duration: 10425.879199998686
