comms_cons: 68.2986751968205
finished_reconf: true
global_termination_time: 680433.908
local_termination_time: 512858.7890400008
node_cons: 13983.326323359775
tot_aggregated_send: 9396
tot_msg_rcv: 288
tot_msg_sent: 697
tot_reconf_duration: 3.05
tot_sleeping_duration: 669993.8897600003
tot_uptimes: 175
tot_uptimes_duration: 10440.018239999772
