comms_cons: 69.70398719784119
finished_reconf: true
global_termination_time: 678877.152
local_termination_time: 93009.34835999942
node_cons: 13909.874596403548
tot_aggregated_send: 9048
tot_msg_rcv: 558
tot_msg_sent: 988
tot_reconf_duration: 6.22
tot_sleeping_duration: 668495.2043999974
tot_uptimes: 174
tot_uptimes_duration: 10381.947600002633
