comms_cons: 128.49453441098407
finished_reconf: true
global_termination_time: 266929.30012000096
local_termination_time: 266929.30012000096
node_cons: 16138.39070052534
tot_aggregated_send: 0
tot_msg_rcv: 7917
tot_msg_sent: 11613
tot_reconf_duration: 24.59
tot_sleeping_duration: 254901.669439997
tot_uptimes: 197
tot_uptimes_duration: 12027.630680003962
