comms_cons: 75.9305471996853
finished_reconf: true
global_termination_time: 739487.211
local_termination_time: 89242.07435999997
node_cons: 15192.837086728605
tot_aggregated_send: 9860
tot_msg_rcv: 573
tot_msg_sent: 1108
tot_reconf_duration: 6.279999999999999
tot_sleeping_duration: 728147.1745199936
tot_uptimes: 190
tot_uptimes_duration: 11340.036480006413
