comms_cons: 66.66703359945866
finished_reconf: true
global_termination_time: 672317.768
local_termination_time: 425921.05236000003
node_cons: 13827.00823999998
tot_aggregated_send: 9744
tot_msg_rcv: 162
tot_msg_sent: 227
tot_reconf_duration: 6.279999999999999
tot_sleeping_duration: 661997.768
tot_uptimes: 173
tot_uptimes_duration: 10320.0
