comms_cons: 66.62097919977955
finished_reconf: true
global_termination_time: 674423.139
local_termination_time: 195565.90236000007
node_cons: 13825.405800000028
tot_aggregated_send: 9570
tot_msg_rcv: 210
tot_msg_sent: 346
tot_reconf_duration: 5.1
tot_sleeping_duration: 664103.139
tot_uptimes: 173
tot_uptimes_duration: 10320.0
