comms_cons: 65.98342399993906
finished_reconf: true
global_termination_time: 669635.6994799998
local_termination_time: 669635.6583599999
node_cons: 13789.89165984125
tot_aggregated_send: 9440
tot_msg_rcv: 118
tot_msg_sent: 471
tot_reconf_duration: 24.59
tot_sleeping_duration: 659361.9889199989
tot_uptimes: 172
tot_uptimes_duration: 10273.710560000909
