comms_cons: 139.13034239828315
finished_reconf: true
global_termination_time: 1427453.897
local_termination_time: 274440.25136000005
node_cons: 29344.93172000008
tot_aggregated_send: 20532
tot_msg_rcv: 221
tot_msg_sent: 394
tot_reconf_duration: 15.34
tot_sleeping_duration: 1405553.897
tot_uptimes: 366
tot_uptimes_duration: 21900.0
