comms_cons: 75.11472639935042
finished_reconf: true
global_termination_time: 763594.291
local_termination_time: 276322.7543600001
node_cons: 15672.83198000002
tot_aggregated_send: 11136
tot_msg_rcv: 111
tot_msg_sent: 170
tot_reconf_duration: 4.8100000000000005
tot_sleeping_duration: 751894.291
tot_uptimes: 196
tot_uptimes_duration: 11700.0
