comms_cons: 75.03577600008632
finished_reconf: true
global_termination_time: 760256.9634799998
local_termination_time: 760256.9223599999
node_cons: 15637.703518719823
tot_aggregated_send: 10890
tot_msg_rcv: 160
tot_msg_sent: 354
tot_reconf_duration: 24.59
tot_sleeping_duration: 748603.259
tot_uptimes: 195
tot_uptimes_duration: 11653.704479999842
