comms_cons: 9.391987200092288
finished_reconf: true
global_termination_time: 80516.467
local_termination_time: 30264.13148
node_cons: 1637.5831233608756
tot_aggregated_send: 696
tot_msg_rcv: 283
tot_msg_sent: 450
tot_reconf_duration: 22.65
tot_sleeping_duration: 79316.44875999934
tot_uptimes: 21
tot_uptimes_duration: 1200.0182400006524
