comms_cons: 9.256934399977247
finished_reconf: true
global_termination_time: 79011.664
local_termination_time: 62821.75136000002
node_cons: 1610.95004111916
tot_aggregated_send: 870
tot_msg_rcv: 248
tot_msg_sent: 289
tot_reconf_duration: 3.05
tot_sleeping_duration: 77811.65792000064
tot_uptimes: 21
tot_uptimes_duration: 1200.0060799993698
