comms_cons: 9.07835519989883
finished_reconf: true
global_termination_time: 81658.316
local_termination_time: 55938.55576000008
node_cons: 1615.281466878014
tot_aggregated_send: 638
tot_msg_rcv: 218
tot_msg_sent: 523
tot_reconf_duration: 6.22
tot_sleeping_duration: 80458.29008000149
tot_uptimes: 21
tot_uptimes_duration: 1200.0259199985157
