comms_cons: 1330.3778789351923
finished_reconf: true
global_termination_time: 7999903.271
local_termination_time: 2142051.0706000007
node_cons: 164544.8889455801
tot_aggregated_send: 0
tot_msg_rcv: 101858
tot_msg_sent: 100350
tot_reconf_duration: 6.279999999999999
tot_sleeping_duration: 7877023.24060001
tot_uptimes: 2049
tot_uptimes_duration: 122880.0303999891
