comms_cons: 3266.3578076295453
finished_reconf: true
global_termination_time: 7998738.975
local_termination_time: 2142051.3294800003
node_cons: 485276.87069072615
tot_aggregated_send: 0
tot_msg_rcv: 200694
tot_msg_sent: 295773
tot_reconf_duration: 5.57
tot_sleeping_duration: 7636327.244880009
tot_uptimes: 5933
tot_uptimes_duration: 362411.73011999065
