comms_cons: 787.2936385446653
finished_reconf: true
global_termination_time: 7999372.553
local_termination_time: 3590402.047599999
node_cons: 164548.73208557986
tot_aggregated_send: 110954
tot_msg_rcv: 3024
tot_msg_sent: 5684
tot_reconf_duration: 9.11
tot_sleeping_duration: 7876492.522600011
tot_uptimes: 2049
tot_uptimes_duration: 122880.03039998934
