comms_cons: 806.0411842434783
finished_reconf: true
global_termination_time: 7998901.505
local_termination_time: 742204.8253599999
node_cons: 164542.94967339828
tot_aggregated_send: 111128
tot_msg_rcv: 3945
tot_msg_sent: 7437
tot_reconf_duration: 4.8100000000000005
tot_sleeping_duration: 7876021.432040027
tot_uptimes: 2049
tot_uptimes_duration: 122880.07295997301
