comms_cons: 797.5858434055419
finished_reconf: true
global_termination_time: 7999106.817
local_termination_time: 1743292.20736
node_cons: 164551.7522500484
tot_aggregated_send: 111244
tot_msg_rcv: 3367
tot_msg_sent: 6616
tot_reconf_duration: 11.31
tot_sleeping_duration: 7876226.762280019
tot_uptimes: 2049
tot_uptimes_duration: 122880.05471998057
