comms_cons: 241.00988159392517
finished_reconf: true
global_termination_time: 2401231.479
local_termination_time: 875907.4157999994
node_cons: 49337.31266334987
tot_aggregated_send: 33524
tot_msg_rcv: 1046
tot_msg_sent: 2062
tot_reconf_duration: 6.279999999999999
tot_sleeping_duration: 2364391.4607600067
tot_uptimes: 615
tot_uptimes_duration: 36840.0182399929
