comms_cons: 241.43095039537243
finished_reconf: true
global_termination_time: 2402960.225
local_termination_time: 1638047.57736
node_cons: 49443.47368223307
tot_aggregated_send: 33640
tot_msg_rcv: 1046
tot_msg_sent: 2010
tot_reconf_duration: 25.299999999999997
tot_sleeping_duration: 2366060.212840005
tot_uptimes: 616
tot_uptimes_duration: 36900.01215999527
