comms_cons: 238.33151999380397
finished_reconf: true
global_termination_time: 2399686.222
local_termination_time: 1748784.6583199985
node_cons: 49346.644859999236
tot_aggregated_send: 34452
tot_msg_rcv: 624
tot_msg_sent: 1149
tot_reconf_duration: 13.17
tot_sleeping_duration: 2362846.222
tot_uptimes: 615
tot_uptimes_duration: 36840.0
