comms_cons: 32.04842879999284
finished_reconf: true
global_termination_time: 302982.172
local_termination_time: 1661.7614800000003
node_cons: 6199.006317039745
tot_aggregated_send: 3886
tot_msg_rcv: 408
tot_msg_sent: 577
tot_reconf_duration: 9.42
tot_sleeping_duration: 298362.1466400002
tot_uptimes: 78
tot_uptimes_duration: 4620.025359999805
