comms_cons: 0.7434496000016577
finished_reconf: true
global_termination_time: 5801.74
local_termination_time: 1232.2753600000003
node_cons: 88.86823999999996
tot_aggregated_send: 0
tot_msg_rcv: 60
tot_msg_sent: 53
tot_reconf_duration: 6.279999999999999
tot_sleeping_duration: 5741.74
tot_uptimes: 2
tot_uptimes_duration: 60.0
