comms_cons: 35.74479360049735
finished_reconf: true
global_termination_time: 367945.4012400003
local_termination_time: 79931.55267999959
node_cons: 7609.219201603346
tot_aggregated_send: 4814
tot_msg_rcv: 193
tot_msg_sent: 425
tot_reconf_duration: 6.22
tot_sleeping_duration: 362268.94683999784
tot_uptimes: 95
tot_uptimes_duration: 5676.454400002491
