comms_cons: 35.84348160011962
finished_reconf: true
global_termination_time: 367945.65524000017
local_termination_time: 231525.88016000032
node_cons: 7591.772119360255
tot_aggregated_send: 5220
tot_msg_rcv: 87
tot_msg_sent: 140
tot_reconf_duration: 11.31
tot_sleeping_duration: 362287.393
tot_uptimes: 95
tot_uptimes_duration: 5658.262240000186
