comms_cons: 216.62736638976943
finished_reconf: true
global_termination_time: 2159553.902239997
local_termination_time: 127862.35459999996
node_cons: 44473.17771383208
tot_aggregated_send: 30508
tot_msg_rcv: 913
tot_msg_sent: 1505
tot_reconf_duration: 18.21
tot_sleeping_duration: 2126358.6456800024
tot_uptimes: 554
tot_uptimes_duration: 33195.25655999442
