comms_cons: 2.0993919999923545
finished_reconf: true
global_termination_time: 14083.494480000001
local_termination_time: 14083.453360000001
node_cons: 310.18121984000715
tot_aggregated_send: 0
tot_msg_rcv: 162
tot_msg_sent: 156
tot_reconf_duration: 37.410000000000004
tot_sleeping_duration: 13889.783919999996
tot_uptimes: 4
tot_uptimes_duration: 193.710560000005
