comms_cons: 2.198079999992028
finished_reconf: true
global_termination_time: 14685.455
local_termination_time: 4447.514
node_cons: 262.1415143200111
tot_aggregated_send: 0
tot_msg_rcv: 169
tot_msg_sent: 165
tot_reconf_duration: 12.629999999999999
tot_sleeping_duration: 14502.490119999991
tot_uptimes: 4
tot_uptimes_duration: 182.96488000000818
