comms_cons: 96.68917759663184
finished_reconf: true
global_termination_time: 965204.381
local_termination_time: 146566.03136000005
node_cons: 19874.763123355115
tot_aggregated_send: 13282
tot_msg_rcv: 490
tot_msg_sent: 925
tot_reconf_duration: 22.65
tot_sleeping_duration: 950384.3627600038
tot_uptimes: 248
tot_uptimes_duration: 14820.018239996338
