comms_cons: 750.5487553732862
finished_reconf: true
global_termination_time: 7516028.662
local_termination_time: 2645777.84636
node_cons: 154595.0568489311
tot_aggregated_send: 103240
tot_msg_rcv: 3528
tot_msg_sent: 7310
tot_reconf_duration: 15.34
tot_sleeping_duration: 7400588.613360018
tot_uptimes: 1925
tot_uptimes_duration: 115440.04863998247
