comms_cons: 752.2298817855853
finished_reconf: true
global_termination_time: 7515748.966
local_termination_time: 1025571.8130000001
node_cons: 154584.8691122819
tot_aggregated_send: 103928
tot_msg_rcv: 3494
tot_msg_sent: 6912
tot_reconf_duration: 7.819999999999999
tot_sleeping_duration: 7400308.899120024
tot_uptimes: 1925
tot_uptimes_duration: 115440.06687997538
