comms_cons: 102.07395839432523
finished_reconf: true
global_termination_time: 997146.144
local_termination_time: 212376.73236000005
node_cons: 20511.461744471948
tot_aggregated_send: 13282
tot_msg_rcv: 737
tot_msg_sent: 1495
tot_reconf_duration: 18.21
tot_sleeping_duration: 981846.119680006
tot_uptimes: 256
tot_uptimes_duration: 15300.024319993972
