comms_cons: 97.60901119877083
finished_reconf: true
global_termination_time: 998158.514
local_termination_time: 298953.0120400003
node_cons: 20494.272201121472
tot_aggregated_send: 13746
tot_msg_rcv: 295
tot_msg_sent: 795
tot_reconf_duration: 5.57
tot_sleeping_duration: 982858.507919999
tot_uptimes: 256
tot_uptimes_duration: 15300.006080001069
