comms_cons: 96.62871039965873
finished_reconf: true
global_termination_time: 996365.863
local_termination_time: 525331.5453999982
node_cons: 20504.58486000009
tot_aggregated_send: 13862
tot_msg_rcv: 252
tot_msg_sent: 573
tot_reconf_duration: 13.17
tot_sleeping_duration: 981065.863
tot_uptimes: 256
tot_uptimes_duration: 15300.0
