comms_cons: 101.73479679520648
finished_reconf: true
global_termination_time: 994877.805
local_termination_time: 315136.75336000003
node_cons: 20413.35907007908
tot_aggregated_send: 12528
tot_msg_rcv: 1068
tot_msg_sent: 1868
tot_reconf_duration: 5.1
tot_sleeping_duration: 979637.7502800007
tot_uptimes: 255
tot_uptimes_duration: 15240.054719999316
