comms_cons: 99.90577919489304
finished_reconf: true
global_termination_time: 995071.837
local_termination_time: 558485.3103599999
node_cons: 20410.5752044719
tot_aggregated_send: 13398
tot_msg_rcv: 649
tot_msg_sent: 1139
tot_reconf_duration: 3.08
tot_sleeping_duration: 979831.8126800061
tot_uptimes: 255
tot_uptimes_duration: 15240.024319993972
