comms_cons: 102.46474239459486
finished_reconf: true
global_termination_time: 998193.057
local_termination_time: 215454.6446000001
node_cons: 20517.523828953075
tot_aggregated_send: 13224
tot_msg_rcv: 797
tot_msg_sent: 1552
tot_reconf_duration: 22.65
tot_sleeping_duration: 982893.0083600052
tot_uptimes: 256
tot_uptimes_duration: 15300.048639994813
