comms_cons: 99.33934079741971
finished_reconf: true
global_termination_time: 994148.402
local_termination_time: 684958.0503999991
node_cons: 20431.77088223823
tot_aggregated_send: 13688
tot_msg_rcv: 512
tot_msg_sent: 899
tot_reconf_duration: 18.700000000000003
tot_sleeping_duration: 978908.3898400012
tot_uptimes: 255
tot_uptimes_duration: 15240.012159998703
