comms_cons: 98.14192639880363
finished_reconf: true
global_termination_time: 994404.613
local_termination_time: 721734.8755999998
node_cons: 20422.520200000065
tot_aggregated_send: 13688
tot_msg_rcv: 423
tot_msg_sent: 806
tot_reconf_duration: 11.899999999999999
tot_sleeping_duration: 979164.613
tot_uptimes: 255
tot_uptimes_duration: 15240.0
