comms_cons: 103.69999999291359
finished_reconf: true
global_termination_time: 996092.892
local_termination_time: 346975.80036000005
node_cons: 20493.28082670562
tot_aggregated_send: 13108
tot_msg_rcv: 984
tot_msg_sent: 1670
tot_reconf_duration: 4.8100000000000005
tot_sleeping_duration: 980792.8555200107
tot_uptimes: 256
tot_uptimes_duration: 15300.036479989241
