comms_cons: 300.40188778086787
finished_reconf: true
global_termination_time: 1637295.77
local_termination_time: 95636.62159999997
node_cons: 33693.25940558878
tot_aggregated_send: 0
tot_msg_rcv: 23274
tot_msg_sent: 22384
tot_reconf_duration: 22.65
tot_sleeping_duration: 1612155.7396000084
tot_uptimes: 420
tot_uptimes_duration: 25140.030399991607
