comms_cons: 298.14167658392375
finished_reconf: true
global_termination_time: 1636373.408
local_termination_time: 93995.18459999995
node_cons: 33669.00012111688
tot_aggregated_send: 0
tot_msg_rcv: 22861
tot_msg_sent: 22456
tot_reconf_duration: 4.8100000000000005
tot_sleeping_duration: 1611233.4019200024
tot_uptimes: 420
tot_uptimes_duration: 25140.006079997664
