comms_cons: 116.26104319405258
finished_reconf: true
global_termination_time: 1162022.453
local_termination_time: 24983.15876000001
node_cons: 23865.138182233706
tot_aggregated_send: 16356
tot_msg_rcv: 442
tot_msg_sent: 873
tot_reconf_duration: 3.05
tot_sleeping_duration: 1144202.4408400047
tot_uptimes: 298
tot_uptimes_duration: 17820.01215999527
