comms_cons: 54.765260801513314
finished_reconf: true
global_termination_time: 534420.923
local_termination_time: 135106.01436000006
node_cons: 10950.993603364295
tot_aggregated_send: 7192
tot_msg_rcv: 449
tot_msg_sent: 683
tot_reconf_duration: 18.21
tot_sleeping_duration: 526260.9047599968
tot_uptimes: 137
tot_uptimes_duration: 8160.018240003206
