comms_cons: 53.23694080060774
finished_reconf: true
global_termination_time: 533441.55
local_termination_time: 228917.737480001
node_cons: 10933.766536084526
tot_aggregated_send: 7250
tot_msg_rcv: 201
tot_msg_sent: 639
tot_reconf_duration: 4.390000000000001
tot_sleeping_duration: 525280.3812799966
tot_uptimes: 137
tot_uptimes_duration: 8161.168720003356
