comms_cons: 105.81693441485203
finished_reconf: true
global_termination_time: 533819.545
local_termination_time: 3589.59736
node_cons: 10941.639685604889
tot_aggregated_send: 0
tot_msg_rcv: 8192
tot_msg_sent: 7889
tot_reconf_duration: 11.31
tot_sleeping_duration: 525659.5145999964
tot_uptimes: 137
tot_uptimes_duration: 8160.030400003641
