comms_cons: 53.96917760105037
finished_reconf: true
global_termination_time: 532638.284
local_termination_time: 158353.87336000006
node_cons: 10947.08800224287
tot_aggregated_send: 7250
tot_msg_rcv: 327
tot_msg_sent: 626
tot_reconf_duration: 15.34
tot_sleeping_duration: 524478.2718399978
tot_uptimes: 137
tot_uptimes_duration: 8160.0121600021375
