comms_cons: 269.53134082413465
finished_reconf: true
global_termination_time: 2808080.599
local_termination_time: 6205.594
node_cons: 57877.33220670131
tot_aggregated_send: 39301
tot_msg_rcv: 525
tot_msg_sent: 1142
tot_reconf_duration: 23.919999999999998
tot_sleeping_duration: 2764880.5625200127
tot_uptimes: 720
tot_uptimes_duration: 43200.0364799868
