comms_cons: 280.6938496136496
finished_reconf: true
global_termination_time: 2809378.275
local_termination_time: 5329.823
node_cons: 57859.175746700275
tot_aggregated_send: 38443
tot_msg_rcv: 1453
tot_msg_sent: 2766
tot_reconf_duration: 10.55
tot_sleeping_duration: 2766178.2385200136
tot_uptimes: 720
tot_uptimes_duration: 43200.03647998604
