comms_cons: 267.12867840000075
finished_reconf: true
global_termination_time: 2809316.738
local_termination_time: 4771.628
node_cons: 57850.68013999896
tot_aggregated_send: 40595
tot_msg_rcv: 4
tot_msg_sent: 3
tot_reconf_duration: 4.33
tot_sleeping_duration: 2766116.738
tot_uptimes: 720
tot_uptimes_duration: 43200.0
