comms_cons: 280.4318208304265
finished_reconf: true
global_termination_time: 2810151.614
local_termination_time: 5498.986
node_cons: 57860.748324466294
tot_aggregated_send: 39138
tot_msg_rcv: 1222
tot_msg_sent: 2264
tot_reconf_duration: 11.719999999999999
tot_sleeping_duration: 2766951.5896800095
tot_uptimes: 720
tot_uptimes_duration: 43200.02431999054
