comms_cons: 244.47054079018267
finished_reconf: true
global_termination_time: 2493409.804
local_termination_time: 904968.38836
node_cons: 51261.07818223289
tot_aggregated_send: 34626
tot_msg_rcv: 754
tot_msg_sent: 1779
tot_reconf_duration: 3.05
tot_sleeping_duration: 2455129.7918400047
tot_uptimes: 639
tot_uptimes_duration: 38280.01215999521
