comms_cons: 61.85763839967629
finished_reconf: true
global_termination_time: 613873.758
local_termination_time: 228465.86224000048
node_cons: 12619.944544485737
tot_aggregated_send: 8178
tot_msg_rcv: 374
tot_msg_sent: 850
tot_reconf_duration: 4.8100000000000005
tot_sleeping_duration: 604453.7336799958
tot_uptimes: 158
tot_uptimes_duration: 9420.024320004275
