comms_cons: 61.6674048004579
finished_reconf: true
global_termination_time: 613686.077
local_termination_time: 232416.18764000037
node_cons: 12624.00770112142
tot_aggregated_send: 8410
tot_msg_rcv: 273
tot_msg_sent: 690
tot_reconf_duration: 7.819999999999999
tot_sleeping_duration: 604266.0709199989
tot_uptimes: 158
tot_uptimes_duration: 9420.006080001069
