comms_cons: 27.645798400022624
finished_reconf: true
global_termination_time: 281869.141
local_termination_time: 22514.301080000005
node_cons: 5791.0119800000075
tot_aggregated_send: 4118
tot_msg_rcv: 30
tot_msg_sent: 54
tot_reconf_duration: 4.8100000000000005
tot_sleeping_duration: 277549.141
tot_uptimes: 73
tot_uptimes_duration: 4320.0
