comms_cons: 230.8586942661654
finished_reconf: true
global_termination_time: 1373180.525
local_termination_time: 374539.71436000004
node_cons: 28205.95339118216
tot_aggregated_send: 0
tot_msg_rcv: 17961
tot_msg_sent: 17128
tot_reconf_duration: 4.8100000000000005
tot_sleeping_duration: 1352120.4642000133
tot_uptimes: 352
tot_uptimes_duration: 21060.060799986648
