comms_cons: 139.9839935858909
finished_reconf: true
global_termination_time: 1377420.761
local_termination_time: 197209.48836000008
node_cons: 28285.698607827086
tot_aggregated_send: 17864
tot_msg_rcv: 1168
tot_msg_sent: 2244
tot_reconf_duration: 4.390000000000001
tot_sleeping_duration: 1356300.7184400097
tot_uptimes: 353
tot_uptimes_duration: 21120.04255999031
