comms_cons: 1.5395327999975532
finished_reconf: true
global_termination_time: 15216.315
local_termination_time: 4003.2273600000003
node_cons: 252.0062200000002
tot_aggregated_send: 0
tot_msg_rcv: 122
tot_msg_sent: 112
tot_reconf_duration: 8.09
tot_sleeping_duration: 15036.315
tot_uptimes: 4
tot_uptimes_duration: 180.0
