comms_cons: 1.5132159999984778
finished_reconf: true
global_termination_time: 11367.769
local_termination_time: 7411.40736
node_cons: 175.55009999999976
tot_aggregated_send: 0
tot_msg_rcv: 164
tot_msg_sent: 66
tot_reconf_duration: 10.95
tot_sleeping_duration: 11247.769
tot_uptimes: 3
tot_uptimes_duration: 120.0
