comms_cons: 8.198937600168419
finished_reconf: true
global_termination_time: 62863.2597200001
local_termination_time: 13609.79
node_cons: 1395.8385636807177
tot_aggregated_send: 520
tot_msg_rcv: 308
tot_msg_sent: 418
tot_reconf_duration: 22.65
tot_sleeping_duration: 61843.78259999956
tot_uptimes: 17
tot_uptimes_duration: 1019.4771200005362
