comms_cons: 7.20485120007705
finished_reconf: true
global_termination_time: 65253.402
local_termination_time: 8990.83736
node_cons: 1293.894901120289
tot_aggregated_send: 696
tot_msg_rcv: 170
tot_msg_sent: 230
tot_reconf_duration: 6.22
tot_sleeping_duration: 64293.395919999784
tot_uptimes: 17
tot_uptimes_duration: 960.0060800002175
