comms_cons: 52.71269760357433
finished_reconf: true
global_termination_time: 258337.81
local_termination_time: 2537.892040000001
node_cons: 5327.1936033597385
tot_aggregated_send: 0
tot_msg_rcv: 4186
tot_msg_sent: 3821
tot_reconf_duration: 18.21
tot_sleeping_duration: 254377.7917600002
tot_uptimes: 67
tot_uptimes_duration: 3960.018239999801
