comms_cons: 123.56469760898344
finished_reconf: true
global_termination_time: 253947.47624000095
local_termination_time: 253947.47624000095
node_cons: 15584.55748396303
tot_aggregated_send: 0
tot_msg_rcv: 7568
tot_msg_sent: 11212
tot_reconf_duration: 24.59
tot_sleeping_duration: 242333.46259999872
tot_uptimes: 190
tot_uptimes_duration: 11614.013640002237
