comms_cons: 77.68312319657015
finished_reconf: true
global_termination_time: 762813.068
local_termination_time: 403000.81024000095
node_cons: 15708.267894478184
tot_aggregated_send: 10324
tot_msg_rcv: 503
tot_msg_sent: 983
tot_reconf_duration: 18.21
tot_sleeping_duration: 751100.1936800013
tot_uptimes: 196
tot_uptimes_duration: 11712.874319998606
