comms_cons: 77.4306047978462
finished_reconf: true
global_termination_time: 762808.728
local_termination_time: 133465.37036000003
node_cons: 15676.943983359686
tot_aggregated_send: 10266
tot_msg_rcv: 461
tot_msg_sent: 1042
tot_reconf_duration: 7.819999999999999
tot_sleeping_duration: 751108.7097600002
tot_uptimes: 196
tot_uptimes_duration: 11700.018239999772
