comms_cons: 75.9568639979612
finished_reconf: true
global_termination_time: 763171.055
local_termination_time: 571795.0363999982
node_cons: 15674.74676000014
tot_aggregated_send: 10846
tot_msg_rcv: 240
tot_msg_sent: 459
tot_reconf_duration: 6.22
tot_sleeping_duration: 751471.055
tot_uptimes: 196
tot_uptimes_duration: 11700.0
