comms_cons: 163.82207999308054
finished_reconf: true
global_termination_time: 1662056.167
local_termination_time: 1076552.0550000002
node_cons: 34154.675852717104
tot_aggregated_send: 23546
tot_msg_rcv: 412
tot_msg_sent: 942
tot_reconf_duration: 6.279999999999999
tot_sleeping_duration: 1636554.936520002
tot_uptimes: 426
tot_uptimes_duration: 25501.230479997816
