comms_cons: 166.44245118430104
finished_reconf: true
global_termination_time: 1658838.158
local_termination_time: 925931.7197199988
node_cons: 34068.32632335055
tot_aggregated_send: 21808
tot_msg_rcv: 1039
tot_msg_sent: 2450
tot_reconf_duration: 3.05
tot_sleeping_duration: 1633398.1397600072
tot_uptimes: 425
tot_uptimes_duration: 25440.018239992904
