comms_cons: 40.48244480002882
finished_reconf: true
global_termination_time: 407133.568
local_termination_time: 32866.062000000005
node_cons: 8370.218072400025
tot_aggregated_send: 5797
tot_msg_rcv: 126
tot_msg_sent: 231
tot_reconf_duration: 8.09
tot_sleeping_duration: 400890.67640000005
tot_uptimes: 105
tot_uptimes_duration: 6242.891600000006
