comms_cons: 40.30480640002142
finished_reconf: true
global_termination_time: 408800.405
local_termination_time: 127863.35035999998
node_cons: 8386.11870000002
tot_aggregated_send: 5858
tot_msg_rcv: 115
tot_msg_sent: 153
tot_reconf_duration: 22.65
tot_sleeping_duration: 402560.405
tot_uptimes: 105
tot_uptimes_duration: 6240.0
