comms_cons: 261.8016895941978
finished_reconf: true
global_termination_time: 2645983.699
local_termination_time: 27443.775480000004
node_cons: 54394.36263999911
tot_aggregated_send: 38396
tot_msg_rcv: 527
tot_msg_sent: 868
tot_reconf_duration: 3.08
tot_sleeping_duration: 2605363.699
tot_uptimes: 678
tot_uptimes_duration: 40620.0
