comms_cons: 260.97054720179506
finished_reconf: true
global_termination_time: 2645839.958
local_termination_time: 1071934.3531599995
node_cons: 54401.16621999922
tot_aggregated_send: 38222
tot_msg_rcv: 407
tot_msg_sent: 1037
tot_reconf_duration: 8.09
tot_sleeping_duration: 2605219.958
tot_uptimes: 678
tot_uptimes_duration: 40620.0
