comms_cons: 263.5627455843456
finished_reconf: true
global_termination_time: 2646497.404
local_termination_time: 763450.1660799996
node_cons: 54396.785250050685
tot_aggregated_send: 35728
tot_msg_rcv: 1591
tot_msg_sent: 2740
tot_reconf_duration: 4.8100000000000005
tot_sleeping_duration: 2605877.349280021
tot_uptimes: 678
tot_uptimes_duration: 40620.05471997871
