comms_cons: 267.8185216127217
finished_reconf: true
global_termination_time: 2648833.507
local_termination_time: 762310.0006799994
node_cons: 54491.40870781753
tot_aggregated_send: 36018
tot_msg_rcv: 1614
tot_msg_sent: 3075
tot_reconf_duration: 15.34
tot_sleeping_duration: 2608153.464440016
tot_uptimes: 679
tot_uptimes_duration: 40680.04255998391
