comms_cons: 63.53596160037092
finished_reconf: true
global_termination_time: 640778.649
local_termination_time: 308978.50744000066
node_cons: 13215.729738160893
tot_aggregated_send: 9280
tot_msg_rcv: 165
tot_msg_sent: 213
tot_reconf_duration: 25.299999999999997
tot_sleeping_duration: 630934.4575599993
tot_uptimes: 165
tot_uptimes_duration: 9844.191440000664
