comms_cons: 284.5464256189382
finished_reconf: true
global_termination_time: 2807955.961
local_termination_time: 4194.790999999999
node_cons: 57874.28214559582
tot_aggregated_send: 39187
tot_msg_rcv: 1504
tot_msg_sent: 2559
tot_reconf_duration: 21.68
tot_sleeping_duration: 2764755.9306000024
tot_uptimes: 720
tot_uptimes_duration: 43200.030399997646
