comms_cons: 267.96217602615934
finished_reconf: true
global_termination_time: 2811262.667
local_termination_time: 4833.717
node_cons: 57863.597422232946
tot_aggregated_send: 38904
tot_msg_rcv: 637
tot_msg_sent: 1187
tot_reconf_duration: 13.83
tot_sleeping_duration: 2768062.654840004
tot_uptimes: 720
tot_uptimes_duration: 43200.0121599955
