comms_cons: 267.26684163759927
finished_reconf: true
global_termination_time: 2809188.639
local_termination_time: 7173.689
node_cons: 57852.69812111611
tot_aggregated_send: 39202
tot_msg_rcv: 576
tot_msg_sent: 845
tot_reconf_duration: 5.8100000000000005
tot_sleeping_duration: 2765988.632920002
tot_uptimes: 720
tot_uptimes_duration: 43200.00607999787
