comms_cons: 253.2926208000008
finished_reconf: true
global_termination_time: 2809154.412
local_termination_time: 7485.224
node_cons: 57866.541579998964
tot_aggregated_send: 38496
tot_msg_rcv: 1
tot_msg_sent: 2
tot_reconf_duration: 16.009999999999998
tot_sleeping_duration: 2765954.412
tot_uptimes: 720
tot_uptimes_duration: 43200.0
