comms_cons: 1.6974335999986128
finished_reconf: true
global_termination_time: 14520.198
local_termination_time: 6651.59136
node_cons: 253.81236000000013
tot_aggregated_send: 0
tot_msg_rcv: 144
tot_msg_sent: 114
tot_reconf_duration: 9.42
tot_sleeping_duration: 14340.198
tot_uptimes: 4
tot_uptimes_duration: 180.0
