comms_cons: 28.876108800055903
finished_reconf: true
global_termination_time: 294712.2730000006
local_termination_time: 294696.95852000045
node_cons: 6083.788382000882
tot_aggregated_send: 4350
tot_msg_rcv: 14
tot_msg_sent: 25
tot_reconf_duration: 3.05
tot_sleeping_duration: 290171.835
tot_uptimes: 76
tot_uptimes_duration: 4540.438000000606
