comms_cons: 28.995161599945764
finished_reconf: true
global_termination_time: 295539.68
local_termination_time: 69678.51591999985
node_cons: 6040.858980000023
tot_aggregated_send: 4234
tot_msg_rcv: 67
tot_msg_sent: 106
tot_reconf_duration: 11.31
tot_sleeping_duration: 291039.68
tot_uptimes: 76
tot_uptimes_duration: 4500.0
