comms_cons: 74.82586879642523
finished_reconf: true
global_termination_time: 741476.836
local_termination_time: 285841.843
node_cons: 15219.60778735936
tot_aggregated_send: 9857
tot_msg_rcv: 408
tot_msg_sent: 1108
tot_reconf_duration: 15.110000000000001
tot_sleeping_duration: 730125.7617600005
tot_uptimes: 190
tot_uptimes_duration: 11351.074239999522
