comms_cons: 77.94238719514385
finished_reconf: true
global_termination_time: 739943.86
local_termination_time: 192071.8246400004
node_cons: 15201.468527845434
tot_aggregated_send: 9222
tot_msg_rcv: 887
tot_msg_sent: 1738
tot_reconf_duration: 12.629999999999999
tot_sleeping_duration: 728603.8174399959
tot_uptimes: 190
tot_uptimes_duration: 11340.04256000404
