comms_cons: 74.09667839938407
finished_reconf: true
global_termination_time: 738666.526
local_termination_time: 430623.63412000006
node_cons: 15188.410041121517
tot_aggregated_send: 10266
tot_msg_rcv: 300
tot_msg_sent: 695
tot_reconf_duration: 3.05
tot_sleeping_duration: 727326.5199199988
tot_uptimes: 190
tot_uptimes_duration: 11340.00608000107
