comms_cons: 75.32526079994668
finished_reconf: true
global_termination_time: 741258.574
local_termination_time: 357861.03904000076
node_cons: 15205.116143364348
tot_aggregated_send: 9918
tot_msg_rcv: 496
tot_msg_sent: 1035
tot_reconf_duration: 15.34
tot_sleeping_duration: 729918.5557599968
tot_uptimes: 190
tot_uptimes_duration: 11340.018240003206
