comms_cons: 74.0183423993838
finished_reconf: true
global_termination_time: 152822.25316000078
local_termination_time: 152822.21204000077
node_cons: 9341.98394571852
tot_aggregated_send: 0
tot_msg_rcv: 4542
tot_msg_sent: 6707
tot_reconf_duration: 24.59
tot_sleeping_duration: 145870.3556800019
tot_uptimes: 114
tot_uptimes_duration: 6951.897479998877
