comms_cons: 466.418988850194
finished_reconf: true
global_termination_time: 540363.3007599982
local_termination_time: 540363.3007599982
node_cons: 53779.835580023944
tot_aggregated_send: 0
tot_msg_rcv: 32103
tot_msg_sent: 38789
tot_reconf_duration: 24.59
tot_sleeping_duration: 500224.0607599797
tot_uptimes: 651
tot_uptimes_duration: 40139.24000001844
