comms_cons: 106.66567041053587
finished_reconf: true
global_termination_time: 545322.694
local_termination_time: 3102.83836
node_cons: 11175.796381121445
tot_aggregated_send: 0
tot_msg_rcv: 8149
tot_msg_sent: 8062
tot_reconf_duration: 6.279999999999999
tot_sleeping_duration: 536982.687919999
tot_uptimes: 140
tot_uptimes_duration: 8340.006080001069
