comms_cons: 53.113881600436635
finished_reconf: true
global_termination_time: 541095.436
local_termination_time: 465755.35536000005
node_cons: 11094.484060000024
tot_aggregated_send: 7714
tot_msg_rcv: 120
tot_msg_sent: 239
tot_reconf_duration: 5.57
tot_sleeping_duration: 532815.436
tot_uptimes: 139
tot_uptimes_duration: 8280.0
