comms_cons: 55.752064000603745
finished_reconf: true
global_termination_time: 541022.711
local_termination_time: 6569.635480000002
node_cons: 11097.547701121444
tot_aggregated_send: 7134
tot_msg_rcv: 473
tot_msg_sent: 867
tot_reconf_duration: 7.819999999999999
tot_sleeping_duration: 532742.704919999
tot_uptimes: 139
tot_uptimes_duration: 8280.006080001069
