comms_cons: 54.39585280076463
finished_reconf: true
global_termination_time: 540363.6081200001
local_termination_time: 151230.70848000006
node_cons: 11114.634849680126
tot_aggregated_send: 7366
tot_msg_rcv: 360
tot_msg_sent: 542
tot_reconf_duration: 5.43
tot_sleeping_duration: 532068.417
tot_uptimes: 139
tot_uptimes_duration: 8295.19112000009
