comms_cons: 2196.3351361588334
finished_reconf: true
global_termination_time: 7546243.6106
local_termination_time: 7546243.56948
node_cons: 307362.73730439757
tot_aggregated_send: 0
tot_msg_rcv: 112055
tot_msg_sent: 221775
tot_reconf_duration: 37.410000000000004
tot_sleeping_duration: 7316735.071000005
tot_uptimes: 3796
tot_uptimes_duration: 229508.53959999513
