comms_cons: 739.2664641078915
finished_reconf: true
global_termination_time: 7551618.474
local_termination_time: 4822049.538359999
node_cons: 155322.63902334517
tot_aggregated_send: 105502
tot_msg_rcv: 2414
tot_msg_sent: 4446
tot_reconf_duration: 18.700000000000003
tot_sleeping_duration: 7435638.455760007
tot_uptimes: 1934
tot_uptimes_duration: 115980.0182399936
