comms_cons: 759.2093506141506
finished_reconf: true
global_termination_time: 7551511.995
local_termination_time: 201553.16036000004
node_cons: 155303.88223787115
tot_aggregated_send: 104574
tot_msg_rcv: 3378
tot_msg_sent: 7441
tot_reconf_duration: 4.8100000000000005
tot_sleeping_duration: 7435531.897720032
tot_uptimes: 1934
tot_uptimes_duration: 115980.09727996745
