comms_cons: 43.31446400193446
finished_reconf: true
global_termination_time: 317782.5108800009
local_termination_time: 317782.4697600009
node_cons: 6638.798041137824
tot_aggregated_send: 2120
tot_msg_rcv: 1793
tot_msg_sent: 2679
tot_reconf_duration: 37.410000000000004
tot_sleeping_duration: 312862.4247999876
tot_uptimes: 82
tot_uptimes_duration: 4920.0860800133
