comms_cons: 32.57361920037252
finished_reconf: true
global_termination_time: 319408.641
local_termination_time: 217663.21136000004
node_cons: 6514.080121121435
tot_aggregated_send: 3944
tot_msg_rcv: 256
tot_msg_sent: 751
tot_reconf_duration: 4.8100000000000005
tot_sleeping_duration: 314548.63491999893
tot_uptimes: 82
tot_uptimes_duration: 4860.006080001069
