comms_cons: 32.468979200966075
finished_reconf: true
global_termination_time: 313668.91908000025
local_termination_time: 31667.268360000002
node_cons: 6456.208254765778
tot_aggregated_send: 4060
tot_msg_rcv: 283
tot_msg_sent: 592
tot_reconf_duration: 3.05
tot_sleeping_duration: 308850.34823999595
tot_uptimes: 81
tot_uptimes_duration: 4818.570840004308
