comms_cons: 71.46415360708515
finished_reconf: true
global_termination_time: 319545.9167200001
local_termination_time: 319545.8756000001
node_cons: 6576.8927504090425
tot_aggregated_send: 0
tot_msg_rcv: 6114
tot_msg_sent: 4751
tot_reconf_duration: 37.410000000000004
tot_sleeping_duration: 314672.0631199933
tot_uptimes: 82
tot_uptimes_duration: 4873.85360000674
