comms_cons: 32.613094400870146
finished_reconf: true
global_termination_time: 323728.382
local_termination_time: 172676.95912000048
node_cons: 6596.416381121436
tot_aggregated_send: 4350
tot_msg_rcv: 205
tot_msg_sent: 402
tot_reconf_duration: 6.279999999999999
tot_sleeping_duration: 318808.3759199989
tot_uptimes: 83
tot_uptimes_duration: 4920.006080001069
