comms_cons: 32.12623360051463
finished_reconf: true
global_termination_time: 322022.754
local_termination_time: 188537.31368000025
node_cons: 6595.444060000016
tot_aggregated_send: 4524
tot_msg_rcv: 132
tot_msg_sent: 227
tot_reconf_duration: 5.57
tot_sleeping_duration: 317102.754
tot_uptimes: 83
tot_uptimes_duration: 4920.0
