comms_cons: 32.14001920024419
finished_reconf: true
global_termination_time: 322078.055
local_termination_time: 160577.12436000005
node_cons: 6598.515842242838
tot_aggregated_send: 4408
tot_msg_rcv: 134
tot_msg_sent: 343
tot_reconf_duration: 7.819999999999999
tot_sleeping_duration: 317158.04283999786
tot_uptimes: 83
tot_uptimes_duration: 4920.0121600021375
