comms_cons: 74.15352319924237
finished_reconf: true
global_termination_time: 750710.782
local_termination_time: 36250.13392000015
node_cons: 15432.844060000023
tot_aggregated_send: 10846
tot_msg_rcv: 138
tot_msg_sent: 286
tot_reconf_duration: 5.57
tot_sleeping_duration: 739190.782
tot_uptimes: 193
tot_uptimes_duration: 11520.0
