comms_cons: 74.91797759854738
finished_reconf: true
global_termination_time: 750446.668
local_termination_time: 24120.543280000005
node_cons: 15431.811980000024
tot_aggregated_send: 10614
tot_msg_rcv: 255
tot_msg_sent: 518
tot_reconf_duration: 4.8100000000000005
tot_sleeping_duration: 738926.668
tot_uptimes: 193
tot_uptimes_duration: 11520.0
