comms_cons: 74.95024639757132
finished_reconf: true
global_termination_time: 756623.401
local_termination_time: 9384.012160000002
node_cons: 15514.066760000022
tot_aggregated_send: 10672
tot_msg_rcv: 203
tot_msg_sent: 517
tot_reconf_duration: 6.22
tot_sleeping_duration: 745043.401
tot_uptimes: 194
tot_uptimes_duration: 11580.0
