comms_cons: 70.06252799661253
finished_reconf: true
global_termination_time: 662474.808
local_termination_time: 219127.40108000062
node_cons: 13584.459070083707
tot_aggregated_send: 8468
tot_msg_rcv: 840
tot_msg_sent: 1341
tot_reconf_duration: 5.1
tot_sleeping_duration: 652334.7532799972
tot_uptimes: 170
tot_uptimes_duration: 10140.05472000275
