comms_cons: 68.91900159938632
finished_reconf: true
global_termination_time: 665877.473
local_termination_time: 8011.43048
node_cons: 13692.173682242881
tot_aggregated_send: 8874
tot_msg_rcv: 630
tot_msg_sent: 973
tot_reconf_duration: 25.299999999999997
tot_sleeping_duration: 655677.4608399979
tot_uptimes: 171
tot_uptimes_duration: 10200.012160002138
