comms_cons: 67.19774719937759
finished_reconf: true
global_termination_time: 662666.384
local_termination_time: 347697.49136000004
node_cons: 13584.00012111685
tot_aggregated_send: 8816
tot_msg_rcv: 463
tot_msg_sent: 934
tot_reconf_duration: 4.8100000000000005
tot_sleeping_duration: 652526.3779200023
tot_uptimes: 170
tot_uptimes_duration: 10140.006079997635
