comms_cons: 13.206335999860592
finished_reconf: true
global_termination_time: 107951.179
local_termination_time: 2738.46524
node_cons: 2174.739624480882
tot_aggregated_send: 638
tot_msg_rcv: 710
tot_msg_sent: 661
tot_reconf_duration: 4.07
tot_sleeping_duration: 106331.15467999935
tot_uptimes: 28
tot_uptimes_duration: 1620.024320000659
