comms_cons: 56.227097601310966
finished_reconf: true
global_termination_time: 574680.9982400002
local_termination_time: 132848.93148000006
node_cons: 11883.546044967476
tot_aggregated_send: 6554
tot_msg_rcv: 600
tot_msg_sent: 1393
tot_reconf_duration: 18.21
tot_sleeping_duration: 565824.5255999946
tot_uptimes: 148
tot_uptimes_duration: 8856.47264000558
