comms_cons: 56.46269440029389
finished_reconf: true
global_termination_time: 574680.1244799999
local_termination_time: 574680.0833599999
node_cons: 11861.739800962678
tot_aggregated_send: 8338
tot_msg_rcv: 61
tot_msg_sent: 182
tot_reconf_duration: 24.59
tot_sleeping_duration: 565846.4078399979
tot_uptimes: 148
tot_uptimes_duration: 8833.716640001978
