comms_cons: 55.96988159996218
finished_reconf: true
global_termination_time: 576281.036
local_termination_time: 145622.34736000004
node_cons: 11818.434901121447
tot_aggregated_send: 8178
tot_msg_rcv: 89
tot_msg_sent: 240
tot_reconf_duration: 6.22
tot_sleeping_duration: 567461.029919999
tot_uptimes: 148
tot_uptimes_duration: 8820.006080001069
