comms_cons: 442.72158728187867
finished_reconf: true
global_termination_time: 4403204.164
local_termination_time: 574172.1513599998
node_cons: 90558.10708781626
tot_aggregated_send: 59972
tot_msg_rcv: 2309
tot_msg_sent: 5010
tot_reconf_duration: 10.95
tot_sleeping_duration: 4335584.121440016
tot_uptimes: 1128
tot_uptimes_duration: 67620.04255998414
