comms_cons: 442.46662408072996
finished_reconf: true
global_termination_time: 4403446.112
local_termination_time: 1154047.99936
node_cons: 90549.76082669989
tot_aggregated_send: 60668
tot_msg_rcv: 1957
tot_msg_sent: 4627
tot_reconf_duration: 4.8100000000000005
tot_sleeping_duration: 4335826.075520013
tot_uptimes: 1128
tot_uptimes_duration: 67620.03647998674
