comms_cons: 438.724704043492
finished_reconf: true
global_termination_time: 4401266.679
local_termination_time: 1681306.990359999
node_cons: 90558.57968558242
tot_aggregated_send: 60552
tot_msg_rcv: 2069
tot_msg_sent: 4062
tot_reconf_duration: 11.31
tot_sleeping_duration: 4333646.648600011
tot_uptimes: 1128
tot_uptimes_duration: 67620.03039998864
