comms_cons: 1298.0395204030244
finished_reconf: true
global_termination_time: 2779477.9089999995
local_termination_time: 356851.65048000007
node_cons: 168353.65398972706
tot_aggregated_send: 0
tot_msg_rcv: 79831
tot_msg_sent: 117464
tot_reconf_duration: 18.21
tot_sleeping_duration: 2653765.4931600196
tot_uptimes: 2063
tot_uptimes_duration: 125712.4158399795
