comms_cons: 533.2196225726124
finished_reconf: true
global_termination_time: 2783624.865
local_termination_time: 356855.1216000001
node_cons: 57232.89568782636
tot_aggregated_send: 0
tot_msg_rcv: 41129
tot_msg_sent: 39918
tot_reconf_duration: 22.65
tot_sleeping_duration: 2740904.8224400096
tot_uptimes: 713
tot_uptimes_duration: 42720.04255999054
