comms_cons: 274.45132799786813
finished_reconf: true
global_termination_time: 2779692.293
local_termination_time: 1430656.9713599999
node_cons: 57156.09739999905
tot_aggregated_send: 40194
tot_msg_rcv: 501
tot_msg_sent: 1020
tot_reconf_duration: 25.299999999999997
tot_sleeping_duration: 2737032.293
tot_uptimes: 712
tot_uptimes_duration: 42660.0
