comms_cons: 274.7605504037672
finished_reconf: true
global_termination_time: 2782043.996
local_termination_time: 1474125.9683599998
node_cons: 57219.96485999889
tot_aggregated_send: 40136
tot_msg_rcv: 514
tot_msg_sent: 1112
tot_reconf_duration: 13.17
tot_sleeping_duration: 2739323.996
tot_uptimes: 713
tot_uptimes_duration: 42720.0
