comms_cons: 275.38463360641146
finished_reconf: true
global_termination_time: 2782805.749
local_termination_time: 1647583.6134399988
node_cons: 57227.47459999925
tot_aggregated_send: 40136
tot_msg_rcv: 633
tot_msg_sent: 1087
tot_reconf_duration: 18.700000000000003
tot_sleeping_duration: 2740085.749
tot_uptimes: 713
tot_uptimes_duration: 42720.0
