comms_cons: 138.63690239709328
finished_reconf: true
global_termination_time: 1404888.245
local_termination_time: 881988.6817199996
node_cons: 28849.43393999996
tot_aggregated_send: 20358
tot_msg_rcv: 255
tot_msg_sent: 459
tot_reconf_duration: 5.43
tot_sleeping_duration: 1383348.245
tot_uptimes: 360
tot_uptimes_duration: 21540.0
