comms_cons: 117.38608639584685
finished_reconf: true
global_termination_time: 1169323.099
local_termination_time: 303218.9373600001
node_cons: 24042.49172000007
tot_aggregated_send: 16414
tot_msg_rcv: 514
tot_msg_sent: 914
tot_reconf_duration: 15.34
tot_sleeping_duration: 1151383.099
tot_uptimes: 300
tot_uptimes_duration: 17940.0
