comms_cons: 602.9188538859681
finished_reconf: true
global_termination_time: 2064801.9907199978
local_termination_time: 2064801.9907199978
node_cons: 84510.0044831915
tot_aggregated_send: 0
tot_msg_rcv: 30678
tot_msg_sent: 60960
tot_reconf_duration: 24.59
tot_sleeping_duration: 2001712.6619200024
tot_uptimes: 1047
tot_uptimes_duration: 63089.328799995244
