comms_cons: 205.90915838509102
finished_reconf: true
global_termination_time: 2066460.946
local_termination_time: 848546.85336
node_cons: 42506.44896782213
tot_aggregated_send: 27724
tot_msg_rcv: 1175
tot_msg_sent: 2397
tot_reconf_duration: 4.8100000000000005
tot_sleeping_duration: 2034720.903440013
tot_uptimes: 530
tot_uptimes_duration: 31740.042559986876
