comms_cons: 204.94270717932213
finished_reconf: true
global_termination_time: 2065005.822
local_termination_time: 908408.4704799999
node_cons: 42430.180265583884
tot_aggregated_send: 27782
tot_msg_rcv: 1101
tot_msg_sent: 2267
tot_reconf_duration: 7.819999999999999
tot_sleeping_duration: 2033325.7916000118
tot_uptimes: 529
tot_uptimes_duration: 31680.030399988173
