comms_cons: 204.61599999235315
finished_reconf: true
global_termination_time: 2068376.436
local_termination_time: 702580.3953599998
node_cons: 42507.23393999954
tot_aggregated_send: 29812
tot_msg_rcv: 453
tot_msg_sent: 835
tot_reconf_duration: 5.43
tot_sleeping_duration: 2036636.436
tot_uptimes: 530
tot_uptimes_duration: 31740.0
