comms_cons: 204.83534719347267
finished_reconf: true
global_termination_time: 2066232.934
local_termination_time: 964163.7468399986
node_cons: 42520.69171999959
tot_aggregated_send: 29754
tot_msg_rcv: 465
tot_msg_sent: 914
tot_reconf_duration: 15.34
tot_sleeping_duration: 2034492.934
tot_uptimes: 530
tot_uptimes_duration: 31740.0
