comms_cons: 693.5397886405837
finished_reconf: true
global_termination_time: 2380788.656
local_termination_time: 1584657.8925999997
node_cons: 97187.92609050505
tot_aggregated_send: 0
tot_msg_rcv: 35305
tot_msg_sent: 70109
tot_reconf_duration: 18.21
tot_sleeping_duration: 2308224.655320009
tot_uptimes: 1199
tot_uptimes_duration: 72564.00067999086
