comms_cons: 243.3628928010128
finished_reconf: true
global_termination_time: 2378789.162
local_termination_time: 861320.9483599998
node_cons: 48934.664765583446
tot_aggregated_send: 32596
tot_msg_rcv: 1665
tot_msg_sent: 2728
tot_reconf_duration: 5.57
tot_sleeping_duration: 2342249.1316000116
tot_uptimes: 610
tot_uptimes_duration: 36540.03039998817
