comms_cons: 40.74498560014764
finished_reconf: true
global_termination_time: 417143.006
local_termination_time: 337269.8800400003
node_cons: 8522.571980000008
tot_aggregated_send: 6090
tot_msg_rcv: 47
tot_msg_sent: 55
tot_reconf_duration: 4.8100000000000005
tot_sleeping_duration: 410783.006
tot_uptimes: 107
tot_uptimes_duration: 6360.0
