comms_cons: 120.04838401457278
finished_reconf: true
global_termination_time: 411893.4426000002
local_termination_time: 2977.0180400000013
node_cons: 16812.770358400194
tot_aggregated_send: 0
tot_msg_rcv: 6127
tot_msg_sent: 12117
tot_reconf_duration: 6.22
tot_sleeping_duration: 399343.53700000007
tot_uptimes: 209
tot_uptimes_duration: 12549.90560000013
