comms_cons: 358.18162530895404
finished_reconf: true
global_termination_time: 1822478.3996
local_termination_time: 2604.1594800000003
node_cons: 37483.77103399306
tot_aggregated_send: 0
tot_msg_rcv: 27416
tot_msg_sent: 27023
tot_reconf_duration: 18.21
tot_sleeping_duration: 1794503.013600005
tot_uptimes: 467
tot_uptimes_duration: 27975.385999994935
