comms_cons: 177.072588791082
finished_reconf: true
global_termination_time: 1824944.818
local_termination_time: 692376.8203599999
node_cons: 37529.40770111677
tot_aggregated_send: 25172
tot_msg_rcv: 483
tot_msg_sent: 1259
tot_reconf_duration: 7.819999999999999
tot_sleeping_duration: 1796924.8119200023
tot_uptimes: 468
tot_uptimes_duration: 28020.006079997635
