comms_cons: 237.19280638302104
finished_reconf: true
global_termination_time: 2367825.658
local_termination_time: 478338.92824000097
node_cons: 48726.68806894484
tot_aggregated_send: 32770
tot_msg_rcv: 1098
tot_msg_sent: 2184
tot_reconf_duration: 18.21
tot_sleeping_duration: 2331453.7693600105
tot_uptimes: 607
tot_uptimes_duration: 36371.888639989134
