comms_cons: 244.9418112017172
finished_reconf: true
global_termination_time: 2370703.466
local_termination_time: 980894.8383599999
node_cons: 48774.97336893406
tot_aggregated_send: 31378
tot_msg_rcv: 2016
tot_msg_sent: 3836
tot_reconf_duration: 6.279999999999999
tot_sleeping_duration: 2334283.417360019
tot_uptimes: 608
tot_uptimes_duration: 36420.048639981076
