comms_cons: 241.19770237936393
finished_reconf: true
global_termination_time: 2372098.496
local_termination_time: 965194.2293599999
node_cons: 48773.01781451826
tot_aggregated_send: 31610
tot_msg_rcv: 1713
tot_msg_sent: 3337
tot_reconf_duration: 4.8100000000000005
tot_sleeping_duration: 2335678.4169600303
tot_uptimes: 608
tot_uptimes_duration: 36420.07903996925
