comms_cons: 236.0925696082009
finished_reconf: true
global_termination_time: 2370641.729
local_termination_time: 1204390.9296799996
node_cons: 48783.53153999952
tot_aggregated_send: 33872
tot_msg_rcv: 690
tot_msg_sent: 1323
tot_reconf_duration: 12.629999999999999
tot_sleeping_duration: 2334221.729
tot_uptimes: 608
tot_uptimes_duration: 36420.0
