comms_cons: 234.9695487893717
finished_reconf: true
global_termination_time: 2368648.63
local_termination_time: 1067967.87436
node_cons: 48702.20019999955
tot_aggregated_send: 33872
tot_msg_rcv: 577
tot_msg_sent: 1265
tot_reconf_duration: 11.899999999999999
tot_sleeping_duration: 2332288.63
tot_uptimes: 607
tot_uptimes_duration: 36360.0
