comms_cons: 239.7929599814991
finished_reconf: true
global_termination_time: 2369674.905
local_termination_time: 234811.98468000072
node_cons: 48692.131877868705
tot_aggregated_send: 31610
tot_msg_rcv: 1540
tot_msg_sent: 3298
tot_reconf_duration: 4.390000000000001
tot_sleeping_duration: 2333314.8077200376
tot_uptimes: 607
tot_uptimes_duration: 36360.09727996215
