comms_cons: 26.47595520016634
finished_reconf: true
global_termination_time: 267047.421
local_termination_time: 36042.55836000001
node_cons: 5488.522741121434
tot_aggregated_send: 3654
tot_msg_rcv: 96
tot_msg_sent: 275
tot_reconf_duration: 18.700000000000003
tot_sleeping_duration: 262967.4149199989
tot_uptimes: 69
tot_uptimes_duration: 4080.0060800010688
