comms_cons: 284.4401536230536
finished_reconf: false
global_termination_time: 2810250.03
local_termination_time: 0
node_cons: 57962.23112277917
tot_aggregated_send: 39381
tot_msg_rcv: 1542
tot_msg_sent: 2310
tot_reconf_duration: 84.94999999999999
tot_sleeping_duration: 2767048.4848000146
tot_uptimes: 720
tot_uptimes_duration: 43201.545199985034
