comms_cons: 275.2671808253997
finished_reconf: true
global_termination_time: 2808668.802
local_termination_time: 7360.645
node_cons: 57852.7795322854
tot_aggregated_send: 38796
tot_msg_rcv: 1083
tot_msg_sent: 1960
tot_reconf_duration: 5.8100000000000005
tot_sleeping_duration: 2765468.7351200255
tot_uptimes: 720
tot_uptimes_duration: 43200.06687997491
