comms_cons: 275.76213120989945
finished_reconf: true
global_termination_time: 2809377.874
local_termination_time: 5244.665
node_cons: 57859.20017005204
tot_aggregated_send: 38559
tot_msg_rcv: 1194
tot_msg_sent: 2160
tot_reconf_duration: 10.55
tot_sleeping_duration: 2766177.81928002
tot_uptimes: 720
tot_uptimes_duration: 43200.054719979875
