comms_cons: 184.0991743946363
finished_reconf: true
global_termination_time: 1891212.819
local_termination_time: 1456701.7717199984
node_cons: 38888.701899999534
tot_aggregated_send: 27028
tot_msg_rcv: 314
tot_msg_sent: 640
tot_reconf_duration: 3.05
tot_sleeping_duration: 1862172.819
tot_uptimes: 485
tot_uptimes_duration: 29040.0
