comms_cons: 185.97424639330666
finished_reconf: true
global_termination_time: 1889000.017
local_termination_time: 1525282.2183599998
node_cons: 38819.57897999987
tot_aggregated_send: 26912
tot_msg_rcv: 478
tot_msg_sent: 877
tot_reconf_duration: 11.31
tot_sleeping_duration: 1860020.017
tot_uptimes: 484
tot_uptimes_duration: 28980.0
