comms_cons: 393.6615936661009
finished_reconf: true
global_termination_time: 3890097.2506
local_termination_time: 3890097.2094799997
node_cons: 80087.9702551604
tot_aggregated_send: 53566
tot_msg_rcv: 2065
tot_msg_sent: 4201
tot_reconf_duration: 37.410000000000004
tot_sleeping_duration: 3830323.4138000277
tot_uptimes: 997
tot_uptimes_duration: 59773.83679997211
