comms_cons: 385.72423683312053
finished_reconf: true
global_termination_time: 3893384.462
local_termination_time: 959713.1533599999
node_cons: 80110.02320781673
tot_aggregated_send: 54056
tot_msg_rcv: 1481
tot_msg_sent: 3090
tot_reconf_duration: 8.09
tot_sleeping_duration: 3833564.4194400157
tot_uptimes: 998
tot_uptimes_duration: 59820.04255998414
