comms_cons: 393.15643526597717
finished_reconf: true
global_termination_time: 3890801.269
local_termination_time: 167031.45484000057
node_cons: 80049.47197005076
tot_aggregated_send: 53940
tot_msg_rcv: 2054
tot_msg_sent: 3762
tot_reconf_duration: 22.65
tot_sleeping_duration: 3831041.21428002
tot_uptimes: 997
tot_uptimes_duration: 59760.05471997964
