comms_cons: 387.2334208534642
finished_reconf: true
global_termination_time: 3891875.931
local_termination_time: 700339.231
node_cons: 80059.19079452503
tot_aggregated_send: 54462
tot_msg_rcv: 1428
tot_msg_sent: 2967
tot_reconf_duration: 18.700000000000003
tot_sleeping_duration: 3832104.6119600246
tot_uptimes: 997
tot_uptimes_duration: 59771.31903997541
