comms_cons: 388.2517504259861
finished_reconf: true
global_termination_time: 3894448.412
local_termination_time: 1474186.17236
node_cons: 80109.64840669972
tot_aggregated_send: 53128
tot_msg_rcv: 1858
tot_msg_sent: 4026
tot_reconf_duration: 7.819999999999999
tot_sleeping_duration: 3834628.3755200137
tot_uptimes: 998
tot_uptimes_duration: 59820.03647998627
