comms_cons: 382.77580163321636
finished_reconf: true
global_termination_time: 3890356.792
local_termination_time: 1563740.200719999
node_cons: 80034.03154446636
tot_aggregated_send: 54172
tot_msg_rcv: 1222
tot_msg_sent: 2784
tot_reconf_duration: 11.31
tot_sleeping_duration: 3830596.7676800084
tot_uptimes: 997
tot_uptimes_duration: 59760.02431999124
