comms_cons: 309.84084456817413
finished_reconf: true
global_termination_time: 1573736.402
local_termination_time: 849768.1003999992
node_cons: 32407.77870000008
tot_aggregated_send: 0
tot_msg_rcv: 23738
tot_msg_sent: 23356
tot_reconf_duration: 22.65
tot_sleeping_duration: 1549556.402
tot_uptimes: 404
tot_uptimes_duration: 24180.0
