comms_cons: 125.66460159296352
finished_reconf: true
global_termination_time: 1243163.666
local_termination_time: 168154.02336000005
node_cons: 25572.881744481154
tot_aggregated_send: 16994
tot_msg_rcv: 731
tot_msg_sent: 1376
tot_reconf_duration: 18.21
tot_sleeping_duration: 1224083.6416799992
tot_uptimes: 319
tot_uptimes_duration: 19080.02432000084
