comms_cons: 127.94986878742063
finished_reconf: true
global_termination_time: 1242072.989
local_termination_time: 209078.24536000006
node_cons: 25555.1109289485
tot_aggregated_send: 16124
tot_msg_rcv: 1108
tot_msg_sent: 2216
tot_reconf_duration: 5.1
tot_sleeping_duration: 1222992.9403600087
tot_uptimes: 319
tot_uptimes_duration: 19080.04863999138
