comms_cons: 123.79236479112505
finished_reconf: true
global_termination_time: 1240987.657
local_termination_time: 291183.51704000036
node_cons: 25498.554982233738
tot_aggregated_send: 16588
tot_msg_rcv: 746
tot_msg_sent: 1481
tot_reconf_duration: 22.65
tot_sleeping_duration: 1221967.6448400046
tot_uptimes: 318
tot_uptimes_duration: 19020.01215999527
