comms_cons: 126.83457918999167
finished_reconf: true
global_termination_time: 1240438.939
local_termination_time: 105630.74335999998
node_cons: 25483.21225006994
tot_aggregated_send: 16066
tot_msg_rcv: 1058
tot_msg_sent: 2156
tot_reconf_duration: 11.31
tot_sleeping_duration: 1221418.8842800076
tot_uptimes: 318
tot_uptimes_duration: 19020.054719992448
