comms_cons: 251.7520512368081
finished_reconf: true
global_termination_time: 520323.36972000013
local_termination_time: 520323.3286000001
node_cons: 31624.265056685155
tot_aggregated_send: 0
tot_msg_rcv: 15478
tot_msg_sent: 22785
tot_reconf_duration: 24.59
tot_sleeping_duration: 496730.48559999635
tot_uptimes: 387
tot_uptimes_duration: 23592.884120003804
