comms_cons: 103.09011201529079
finished_reconf: true
global_termination_time: 526138.767
local_termination_time: 2882.7053600000004
node_cons: 10790.289180000014
tot_aggregated_send: 0
tot_msg_rcv: 7911
tot_msg_sent: 7759
tot_reconf_duration: 18.21
tot_sleeping_duration: 518098.767
tot_uptimes: 135
tot_uptimes_duration: 8040.0
