comms_cons: 52.791500800814035
finished_reconf: true
global_termination_time: 525629.301
local_termination_time: 323623.9705200004
node_cons: 10796.326841121478
tot_aggregated_send: 7366
tot_msg_rcv: 272
tot_msg_sent: 386
tot_reconf_duration: 22.65
tot_sleeping_duration: 517589.2949199989
tot_uptimes: 135
tot_uptimes_duration: 8040.006080001069
