comms_cons: 36.49006080043374
finished_reconf: true
global_termination_time: 167369.59400000088
local_termination_time: 167369.55288000088
node_cons: 3486.741598483504
tot_aggregated_send: 0
tot_msg_rcv: 3031
tot_msg_sent: 2511
tot_reconf_duration: 24.59
tot_sleeping_duration: 164790.54367999829
tot_uptimes: 43
tot_uptimes_duration: 2579.050320002607
