comms_cons: 33.148697600423
finished_reconf: true
global_termination_time: 167369.90428000042
local_termination_time: 4307.784360000001
node_cons: 3443.9517539205794
tot_aggregated_send: 0
tot_msg_rcv: 2600
tot_msg_sent: 2436
tot_reconf_duration: 22.65
tot_sleeping_duration: 164820.843
tot_uptimes: 43
tot_uptimes_duration: 2549.061280000431
