comms_cons: 17.26284799990088
finished_reconf: true
global_termination_time: 171154.456
local_termination_time: 71619.31035999997
node_cons: 3460.5816200000013
tot_aggregated_send: 2262
tot_msg_rcv: 133
tot_msg_sent: 229
tot_reconf_duration: 4.390000000000001
tot_sleeping_duration: 168574.456
tot_uptimes: 44
tot_uptimes_duration: 2580.0
