comms_cons: 212.15946239324498
finished_reconf: true
global_termination_time: 2146161.259
local_termination_time: 738416.1000399993
node_cons: 44115.188239999596
tot_aggregated_send: 30740
tot_msg_rcv: 546
tot_msg_sent: 961
tot_reconf_duration: 6.279999999999999
tot_sleeping_duration: 2113221.259
tot_uptimes: 550
tot_uptimes_duration: 32940.0
