comms_cons: 209.43289599350734
finished_reconf: true
global_termination_time: 2145648.36
local_termination_time: 815718.9532399978
node_cons: 44140.887504473525
tot_aggregated_send: 30624
tot_msg_rcv: 399
tot_msg_sent: 809
tot_reconf_duration: 15.34
tot_sleeping_duration: 2112698.355680004
tot_uptimes: 550
tot_uptimes_duration: 32950.004319995525
