comms_cons: 494.8808576822401
finished_reconf: true
global_termination_time: 4944305.878
local_termination_time: 727371.5353599999
node_cons: 101719.05779228444
tot_aggregated_send: 68730
tot_msg_rcv: 2165
tot_msg_sent: 4325
tot_reconf_duration: 6.279999999999999
tot_sleeping_duration: 4868345.811120024
tot_uptimes: 1267
tot_uptimes_duration: 75960.06687997561
