comms_cons: 494.9852672905122
finished_reconf: true
global_termination_time: 4942317.633
local_termination_time: 1773620.21636
node_cons: 101640.78468893399
tot_aggregated_send: 69078
tot_msg_rcv: 2205
tot_msg_sent: 3951
tot_reconf_duration: 7.819999999999999
tot_sleeping_duration: 4866417.584360017
tot_uptimes: 1266
tot_uptimes_duration: 75900.0486399827
