comms_cons: 496.2115521038149
finished_reconf: true
global_termination_time: 4945982.033
local_termination_time: 782104.0374799998
node_cons: 101731.35313116721
tot_aggregated_send: 68382
tot_msg_rcv: 2354
tot_msg_sent: 4686
tot_reconf_duration: 15.34
tot_sleeping_duration: 4870021.972200022
tot_uptimes: 1267
tot_uptimes_duration: 75960.06079997774
