comms_cons: 192.78515839391315
finished_reconf: true
global_termination_time: 1971531.262
local_termination_time: 445384.3890800001
node_cons: 40499.80675999968
tot_aggregated_send: 27666
tot_msg_rcv: 549
tot_msg_sent: 1088
tot_reconf_duration: 6.22
tot_sleeping_duration: 1941291.262
tot_uptimes: 505
tot_uptimes_duration: 30240.0
