comms_cons: 193.4100735983502
finished_reconf: true
global_termination_time: 1970749.999
local_termination_time: 1269329.7923599998
node_cons: 40506.718979999794
tot_aggregated_send: 28594
tot_msg_rcv: 286
tot_msg_sent: 517
tot_reconf_duration: 11.31
tot_sleeping_duration: 1940509.999
tot_uptimes: 505
tot_uptimes_duration: 30240.0
