comms_cons: 65.97524480755976
finished_reconf: true
global_termination_time: 337411.907
local_termination_time: 1101.9393600000003
node_cons: 6933.977321121439
tot_aggregated_send: 0
tot_msg_rcv: 5051
tot_msg_sent: 4976
tot_reconf_duration: 18.21
tot_sleeping_duration: 332251.90091999894
tot_uptimes: 87
tot_uptimes_duration: 5160.006080001069
