comms_cons: 34.139468800697024
finished_reconf: true
global_termination_time: 337270.90400000056
local_termination_time: 173567.80836000008
node_cons: 6965.264152000775
tot_aggregated_send: 4524
tot_msg_rcv: 180
tot_msg_sent: 485
tot_reconf_duration: 4.390000000000001
tot_sleeping_duration: 332073.516
tot_uptimes: 87
tot_uptimes_duration: 5197.388000000559
