comms_cons: 79.22014719894509
finished_reconf: true
global_termination_time: 799219.521
local_termination_time: 230025.28436000005
node_cons: 16397.806760000025
tot_aggregated_send: 11484
tot_msg_rcv: 213
tot_msg_sent: 343
tot_reconf_duration: 6.22
tot_sleeping_duration: 786979.521
tot_uptimes: 205
tot_uptimes_duration: 12240.0
