comms_cons: 159.0390016167114
finished_reconf: true
global_termination_time: 543598.785
local_termination_time: 458688.9279200003
node_cons: 22349.878980000027
tot_aggregated_send: 0
tot_msg_rcv: 8059
tot_msg_sent: 16114
tot_reconf_duration: 11.31
tot_sleeping_duration: 526918.785
tot_uptimes: 279
tot_uptimes_duration: 16680.0
