comms_cons: 284.2481792079833
finished_reconf: true
global_termination_time: 2808151.026
local_termination_time: 7385.456
node_cons: 57859.756950056086
tot_aggregated_send: 39139
tot_msg_rcv: 1591
tot_msg_sent: 2473
tot_reconf_duration: 10.96
tot_sleeping_duration: 2764950.971280017
tot_uptimes: 720
tot_uptimes_duration: 43200.0547199829
