comms_cons: 284.7720448149433
finished_reconf: true
global_termination_time: 2809772.822
local_termination_time: 6824.777
node_cons: 57848.65121228936
tot_aggregated_send: 38914
tot_msg_rcv: 1606
tot_msg_sent: 2763
tot_reconf_duration: 2.77
tot_sleeping_duration: 2766572.755120022
tot_uptimes: 720
tot_uptimes_duration: 43200.06687997788
