comms_cons: 278.537011201418
finished_reconf: true
global_termination_time: 2810606.16
local_termination_time: 6895.322999999999
node_cons: 57854.47976893426
tot_aggregated_send: 39316
tot_msg_rcv: 988
tot_msg_sent: 2032
tot_reconf_duration: 7.08
tot_sleeping_duration: 2767406.1113600186
tot_uptimes: 720
tot_uptimes_duration: 43200.04863998154
