comms_cons: 204.05388157585563
finished_reconf: true
global_termination_time: 2002534.089
local_termination_time: 315187.81636
node_cons: 41140.13117228479
tot_aggregated_send: 26912
tot_msg_rcv: 1412
tot_msg_sent: 2690
tot_reconf_duration: 4.390000000000001
tot_sleeping_duration: 1971814.022120026
tot_uptimes: 513
tot_uptimes_duration: 30720.06687997398
