comms_cons: 205.31918717793485
finished_reconf: true
global_termination_time: 2002945.51
local_termination_time: 628937.5833599999
node_cons: 41138.311559403235
tot_aggregated_send: 26912
tot_msg_rcv: 1498
tot_msg_sent: 2797
tot_reconf_duration: 3.05
tot_sleeping_duration: 1972225.4430400273
tot_uptimes: 513
tot_uptimes_duration: 30720.066959972726
