comms_cons: 205.68104958011392
finished_reconf: true
global_termination_time: 1998790.1072400003
local_termination_time: 16211.830479999999
node_cons: 41113.919380542095
tot_aggregated_send: 27028
tot_msg_rcv: 1670
tot_msg_sent: 2564
tot_reconf_duration: 11.31
tot_sleeping_duration: 1968096.6342000135
tot_uptimes: 512
tot_uptimes_duration: 30693.473039986857
