comms_cons: 203.50123517920503
finished_reconf: true
global_termination_time: 2001595.88
local_termination_time: 766201.5198799979
node_cons: 41141.51092781743
tot_aggregated_send: 27202
tot_msg_rcv: 1229
tot_msg_sent: 2500
tot_reconf_duration: 5.43
tot_sleeping_duration: 1970875.8374400164
tot_uptimes: 513
tot_uptimes_duration: 30720.04255998344
