comms_cons: 394.252608022709
finished_reconf: true
global_termination_time: 3926470.854
local_termination_time: 707559.92036
node_cons: 80748.27268558253
tot_aggregated_send: 54056
tot_msg_rcv: 1908
tot_msg_sent: 3960
tot_reconf_duration: 4.8100000000000005
tot_sleeping_duration: 3866170.8236000114
tot_uptimes: 1006
tot_uptimes_duration: 60300.030399988405
