comms_cons: 386.653004814
finished_reconf: true
global_termination_time: 3928843.785
local_termination_time: 1789608.3165999998
node_cons: 80830.52746558304
tot_aggregated_send: 54114
tot_msg_rcv: 1582
tot_msg_sent: 3073
tot_reconf_duration: 6.22
tot_sleeping_duration: 3868483.7546000113
tot_uptimes: 1007
tot_uptimes_duration: 60360.03039998887
