comms_cons: 66.30517760007037
finished_reconf: true
global_termination_time: 704435.438
local_termination_time: 434724.88636000006
node_cons: 14468.573940000013
tot_aggregated_send: 9860
tot_msg_rcv: 95
tot_msg_sent: 123
tot_reconf_duration: 5.43
tot_sleeping_duration: 693635.438
tot_uptimes: 181
tot_uptimes_duration: 10800.0
