comms_cons: 579.3709312855505
finished_reconf: true
global_termination_time: 5824911.013479999
local_termination_time: 5824910.972359999
node_cons: 119873.89418406953
tot_aggregated_send: 83042
tot_msg_rcv: 1562
tot_msg_sent: 3456
tot_reconf_duration: 24.59
tot_sleeping_duration: 5735411.012760004
tot_uptimes: 1492
tot_uptimes_duration: 89500.00071999518
