comms_cons: 34.534220800291
finished_reconf: true
global_termination_time: 350959.927
local_termination_time: 291413.05348000006
node_cons: 7158.706759999971
tot_aggregated_send: 5046
tot_msg_rcv: 91
tot_msg_sent: 112
tot_reconf_duration: 6.22
tot_sleeping_duration: 345619.927
tot_uptimes: 90
tot_uptimes_duration: 5340.0
