comms_cons: 82.69365759723082
finished_reconf: true
global_termination_time: 832803.39
local_termination_time: 74726.9704399996
node_cons: 17125.212360000023
tot_aggregated_send: 11948
tot_msg_rcv: 222
tot_msg_sent: 398
tot_reconf_duration: 9.42
tot_sleeping_duration: 820023.39
tot_uptimes: 214
tot_uptimes_duration: 12780.0
