comms_cons: 333.7371264249957
finished_reconf: true
global_termination_time: 3339415.444239998
local_termination_time: 3339415.444239998
node_cons: 68828.78747671023
tot_aggregated_send: 47650
tot_msg_rcv: 1104
tot_msg_sent: 1971
tot_reconf_duration: 37.410000000000004
tot_sleeping_duration: 3288050.2577600037
tot_uptimes: 856
tot_uptimes_duration: 51365.18647999404
