comms_cons: 332.14918402357546
finished_reconf: true
global_termination_time: 3342683.566
local_termination_time: 184027.75036000003
node_cons: 68775.22263999848
tot_aggregated_send: 47966
tot_msg_rcv: 838
tot_msg_sent: 1680
tot_reconf_duration: 3.08
tot_sleeping_duration: 3291323.566
tot_uptimes: 857
tot_uptimes_duration: 51360.0
