comms_cons: 339.9801600383038
finished_reconf: true
global_termination_time: 3341297.796
local_termination_time: 697631.0392399979
node_cons: 68698.26536340736
tot_aggregated_send: 44892
tot_msg_rcv: 2401
tot_msg_sent: 4382
tot_reconf_duration: 5.43
tot_sleeping_duration: 3289997.6530400235
tot_uptimes: 856
tot_uptimes_duration: 51300.1429599768
