comms_cons: 46.46809600143241
finished_reconf: true
global_termination_time: 442606.413
local_termination_time: 196565.77800000046
node_cons: 9085.353941121451
tot_aggregated_send: 5800
tot_msg_rcv: 508
tot_msg_sent: 755
tot_reconf_duration: 5.1
tot_sleeping_duration: 435826.40691999893
tot_uptimes: 114
tot_uptimes_duration: 6780.006080001069
