comms_cons: 183.53791999406988
finished_reconf: true
global_termination_time: 1865761.397
local_termination_time: 616088.5792399999
node_cons: 38339.33153999982
tot_aggregated_send: 26854
tot_msg_rcv: 250
tot_msg_sent: 793
tot_reconf_duration: 12.629999999999999
tot_sleeping_duration: 1837141.397
tot_uptimes: 478
tot_uptimes_duration: 28620.0
