comms_cons: 87.39214079812947
finished_reconf: true
global_termination_time: 862190.635
local_termination_time: 209310.20720000064
node_cons: 17705.574982238282
tot_aggregated_send: 11832
tot_msg_rcv: 541
tot_msg_sent: 911
tot_reconf_duration: 22.65
tot_sleeping_duration: 848990.6228400012
tot_uptimes: 221
tot_uptimes_duration: 13200.012159998703
