comms_cons: 87.13492479577437
finished_reconf: true
global_termination_time: 861586.929
local_termination_time: 153938.17748000007
node_cons: 17681.356403359718
tot_aggregated_send: 11774
tot_msg_rcv: 483
tot_msg_sent: 987
tot_reconf_duration: 4.8100000000000005
tot_sleeping_duration: 848386.9107600002
tot_uptimes: 221
tot_uptimes_duration: 13200.018239999772
