comms_cons: 86.15525119752651
finished_reconf: true
global_termination_time: 860590.548
local_termination_time: 424547.4693600001
node_cons: 17678.94190000009
tot_aggregated_send: 12006
tot_msg_rcv: 336
tot_msg_sent: 754
tot_reconf_duration: 3.05
tot_sleeping_duration: 847390.548
tot_uptimes: 221
tot_uptimes_duration: 13200.0
