comms_cons: 87.72830719512537
finished_reconf: true
global_termination_time: 860605.083
local_termination_time: 230493.42128000033
node_cons: 17685.452124471925
tot_aggregated_send: 11542
tot_msg_rcv: 575
tot_msg_sent: 1219
tot_reconf_duration: 7.819999999999999
tot_sleeping_duration: 847405.058680006
tot_uptimes: 221
tot_uptimes_duration: 13200.024319993972
