comms_cons: 40.936409601915116
finished_reconf: true
global_termination_time: 214209.278
local_termination_time: 14016.048600000002
node_cons: 4344.916403363159
tot_aggregated_send: 0
tot_msg_rcv: 3259
tot_msg_sent: 2964
tot_reconf_duration: 4.8100000000000005
tot_sleeping_duration: 210969.25975999763
tot_uptimes: 55
tot_uptimes_duration: 3240.018240002355
