comms_cons: 112.82012159363917
finished_reconf: true
global_termination_time: 1112216.718
local_termination_time: 172052.64636000007
node_cons: 22834.453001121485
tot_aggregated_send: 14906
tot_msg_rcv: 907
tot_msg_sent: 1335
tot_reconf_duration: 13.17
tot_sleeping_duration: 1095176.711919999
tot_uptimes: 285
tot_uptimes_duration: 17040.00608000107
