comms_cons: 111.75465599560525
finished_reconf: true
global_termination_time: 1116224.029
local_termination_time: 338592.84796000016
node_cons: 22907.926925588832
tot_aggregated_send: 14848
tot_msg_rcv: 743
tot_msg_sent: 1395
tot_reconf_duration: 8.09
tot_sleeping_duration: 1099123.9986000084
tot_uptimes: 286
tot_uptimes_duration: 17100.030399991607
