comms_cons: 110.0979391946386
finished_reconf: true
global_termination_time: 1115070.403
local_termination_time: 442803.1678800009
node_cons: 22916.060668797752
tot_aggregated_send: 15138
tot_msg_rcv: 552
tot_msg_sent: 1045
tot_reconf_duration: 11.31
tot_sleeping_duration: 1097967.5638000017
tot_uptimes: 286
tot_uptimes_duration: 17102.8391999983
