comms_cons: 53.12279040025366
finished_reconf: true
global_termination_time: 542288.586
local_termination_time: 2149.951120000004
node_cons: 11094.484060000015
tot_aggregated_send: 7830
tot_msg_rcv: 74
tot_msg_sent: 170
tot_reconf_duration: 5.57
tot_sleeping_duration: 534008.586
tot_uptimes: 139
tot_uptimes_duration: 8280.0
