comms_cons: 54.679731200820214
finished_reconf: true
global_termination_time: 545808.464
local_termination_time: 61945.79536000001
node_cons: 11177.879560000014
tot_aggregated_send: 7656
tot_msg_rcv: 256
tot_msg_sent: 399
tot_reconf_duration: 7.819999999999999
tot_sleeping_duration: 537468.464
tot_uptimes: 140
tot_uptimes_duration: 8340.0
