comms_cons: 53.66653440028249
finished_reconf: true
global_termination_time: 543176.646
local_termination_time: 108065.38719999963
node_cons: 11182.618979999972
tot_aggregated_send: 7830
tot_msg_rcv: 105
tot_msg_sent: 222
tot_reconf_duration: 11.31
tot_sleeping_duration: 534836.646
tot_uptimes: 140
tot_uptimes_duration: 8339.999999999956
