comms_cons: 51.443392000516944
finished_reconf: true
global_termination_time: 513789.058
local_termination_time: 346711.0473600001
node_cons: 10549.277321121474
tot_aggregated_send: 7250
tot_msg_rcv: 235
tot_msg_sent: 334
tot_reconf_duration: 18.21
tot_sleeping_duration: 505929.05191999895
tot_uptimes: 132
tot_uptimes_duration: 7860.006080001069
