comms_cons: 52.726336001094424
finished_reconf: true
global_termination_time: 514131.19
local_termination_time: 80635.13035999998
node_cons: 10539.931544485753
tot_aggregated_send: 6844
tot_msg_rcv: 422
tot_msg_sent: 748
tot_reconf_duration: 11.31
tot_sleeping_duration: 506271.1656799957
tot_uptimes: 132
tot_uptimes_duration: 7860.024320004275
