comms_cons: 51.751987200402056
finished_reconf: true
global_termination_time: 514273.373
local_termination_time: 447103.18136000005
node_cons: 10531.930222242867
tot_aggregated_send: 7134
tot_msg_rcv: 271
tot_msg_sent: 461
tot_reconf_duration: 5.43
tot_sleeping_duration: 506413.3608399979
tot_uptimes: 132
tot_uptimes_duration: 7860.0121600021375
