comms_cons: 52.65180800443322
finished_reconf: true
global_termination_time: 268628.962
local_termination_time: 7242.728360000001
node_cons: 5493.886841121436
tot_aggregated_send: 0
tot_msg_rcv: 4078
tot_msg_sent: 3924
tot_reconf_duration: 22.65
tot_sleeping_duration: 264548.95591999893
tot_uptimes: 69
tot_uptimes_duration: 4080.0060800010688
