comms_cons: 278.74231020679724
finished_reconf: true
global_termination_time: 1413003.713
local_termination_time: 340491.4109600001
node_cons: 29011.219324471935
tot_aggregated_send: 0
tot_msg_rcv: 21428
tot_msg_sent: 20940
tot_reconf_duration: 6.22
tot_sleeping_duration: 1391343.688680006
tot_uptimes: 362
tot_uptimes_duration: 21660.024319993972
