comms_cons: 53.758643200405686
finished_reconf: true
global_termination_time: 544818.81
local_termination_time: 407402.8123600001
node_cons: 11178.246220000048
tot_aggregated_send: 7888
tot_msg_rcv: 116
tot_msg_sent: 167
tot_reconf_duration: 8.09
tot_sleeping_duration: 536478.81
tot_uptimes: 140
tot_uptimes_duration: 8340.0
