comms_cons: 53.38362880079317
finished_reconf: true
global_termination_time: 527473.967
local_termination_time: 118222.95735999997
node_cons: 10866.419380000016
tot_aggregated_send: 7192
tot_msg_rcv: 352
tot_msg_sent: 570
tot_reconf_duration: 15.110000000000001
tot_sleeping_duration: 519373.96699999995
tot_uptimes: 136
tot_uptimes_duration: 8100.0
