comms_cons: 53.416524800835454
finished_reconf: true
global_termination_time: 529914.166
local_termination_time: 168920.09552000038
node_cons: 10858.708642242853
tot_aggregated_send: 7308
tot_msg_rcv: 295
tot_msg_sent: 516
tot_reconf_duration: 9.42
tot_sleeping_duration: 521814.15383999783
tot_uptimes: 136
tot_uptimes_duration: 8100.0121600021375
