comms_cons: 52.923084800644794
finished_reconf: true
global_termination_time: 526032.233
local_termination_time: 143248.992
node_cons: 10792.257003202832
tot_aggregated_send: 7245
tot_msg_rcv: 278
tot_msg_sent: 521
tot_reconf_duration: 12.629999999999999
tot_sleeping_duration: 517985.1041999979
tot_uptimes: 135
tot_uptimes_duration: 8047.128800002101
