comms_cons: 47.4942720004864
finished_reconf: true
global_termination_time: 468840.448
local_termination_time: 53809.690360000015
node_cons: 9649.263042242876
tot_aggregated_send: 6438
tot_msg_rcv: 261
tot_msg_sent: 519
tot_reconf_duration: 6.22
tot_sleeping_duration: 461640.43583999784
tot_uptimes: 121
tot_uptimes_duration: 7200.0121600021375
