comms_cons: 9.487206400056426
finished_reconf: true
global_termination_time: 77372.381
local_termination_time: 26905.55736
node_cons: 1547.316143359451
tot_aggregated_send: 580
tot_msg_rcv: 349
tot_msg_sent: 513
tot_reconf_duration: 15.34
tot_sleeping_duration: 76232.36276000041
tot_uptimes: 20
tot_uptimes_duration: 1140.0182399995902
