comms_cons: 28.185292799898324
finished_reconf: true
global_termination_time: 282701.186
local_termination_time: 168248.79048000008
node_cons: 5802.364860000022
tot_aggregated_send: 3944
tot_msg_rcv: 119
tot_msg_sent: 221
tot_reconf_duration: 13.17
tot_sleeping_duration: 278381.186
tot_uptimes: 73
tot_uptimes_duration: 4320.0
