comms_cons: 28.37608960061211
finished_reconf: true
global_termination_time: 284430.007
local_termination_time: 258607.29436000006
node_cons: 5804.9993800000275
tot_aggregated_send: 3886
tot_msg_rcv: 151
tot_msg_sent: 276
tot_reconf_duration: 15.110000000000001
tot_sleeping_duration: 280110.007
tot_uptimes: 73
tot_uptimes_duration: 4320.0
