comms_cons: 41.40679040049471
finished_reconf: true
global_termination_time: 411903.794360001
local_termination_time: 411903.794360001
node_cons: 8573.842536404472
tot_aggregated_send: 5716
tot_msg_rcv: 168
tot_msg_sent: 408
tot_reconf_duration: 37.410000000000004
tot_sleeping_duration: 405538.56675999763
tot_uptimes: 106
tot_uptimes_duration: 6365.2276000033235
