comms_cons: 43.23912960063022
finished_reconf: true
global_termination_time: 416444.095
local_termination_time: 91777.88535999943
node_cons: 8534.880785282105
tot_aggregated_send: 5336
tot_msg_rcv: 423
tot_msg_sent: 814
tot_reconf_duration: 9.11
tot_sleeping_duration: 410079.2634799984
tot_uptimes: 107
tot_uptimes_duration: 6364.831520001564
