comms_cons: 40.93640960028642
finished_reconf: true
global_termination_time: 415755.156
local_termination_time: 274042.54788000084
node_cons: 8536.767475442546
tot_aggregated_send: 5800
tot_msg_rcv: 81
tot_msg_sent: 342
tot_reconf_duration: 11.899999999999999
tot_sleeping_duration: 409391.7450399981
tot_uptimes: 107
tot_uptimes_duration: 6363.410960001929
