comms_cons: 41.679859200443076
finished_reconf: true
global_termination_time: 412219.681
local_termination_time: 409216.8147200001
node_cons: 8443.07394
tot_aggregated_send: 5742
tot_msg_rcv: 249
tot_msg_sent: 343
tot_reconf_duration: 5.43
tot_sleeping_duration: 405919.681
tot_uptimes: 106
tot_uptimes_duration: 6300.0
