comms_cons: 132.89983999879115
finished_reconf: true
global_termination_time: 1352685.288
local_termination_time: 500909.5563600001
node_cons: 27818.471720000078
tot_aggregated_send: 19778
tot_msg_rcv: 146
tot_msg_sent: 276
tot_reconf_duration: 15.34
tot_sleeping_duration: 1331925.288
tot_uptimes: 347
tot_uptimes_duration: 20760.0
