comms_cons: 136.17032958942275
finished_reconf: true
global_termination_time: 1351987.157
local_termination_time: 228494.26652000082
node_cons: 27808.332830060703
tot_aggregated_send: 18444
tot_msg_rcv: 623
tot_msg_sent: 1630
tot_reconf_duration: 7.819999999999999
tot_sleeping_duration: 1331227.1022800142
tot_uptimes: 347
tot_uptimes_duration: 20760.05471998558
