comms_cons: 49.65980160036996
finished_reconf: true
global_termination_time: 526811.876
local_termination_time: 285356.58336000005
node_cons: 10774.006759999938
tot_aggregated_send: 7134
tot_msg_rcv: 125
tot_msg_sent: 289
tot_reconf_duration: 6.22
tot_sleeping_duration: 518771.8760000001
tot_uptimes: 135
tot_uptimes_duration: 8039.999999999971
