comms_cons: 184.44159358520972
finished_reconf: true
global_termination_time: 1838852.4732400002
local_termination_time: 289245.1194800001
node_cons: 37819.83400383199
tot_aggregated_send: 25462
tot_msg_rcv: 897
tot_msg_sent: 1675
tot_reconf_duration: 18.21
tot_sleeping_duration: 1810626.106680006
tot_uptimes: 471
tot_uptimes_duration: 28226.366559994116
