comms_cons: 1.5197951999970905
finished_reconf: true
global_termination_time: 9957.887
local_termination_time: 5841.342360000001
node_cons: 167.21198000000055
tot_aggregated_send: 0
tot_msg_rcv: 119
tot_msg_sent: 112
tot_reconf_duration: 4.8100000000000005
tot_sleeping_duration: 9837.887
tot_uptimes: 3
tot_uptimes_duration: 120.0
