comms_cons: 1.513215999995001
finished_reconf: true
global_termination_time: 10235.138
local_termination_time: 6585.601360000001
node_cons: 173.47236000000012
tot_aggregated_send: 0
tot_msg_rcv: 122
tot_msg_sent: 108
tot_reconf_duration: 9.42
tot_sleeping_duration: 10115.138
tot_uptimes: 3
tot_uptimes_duration: 120.0
