comms_cons: 0.9605631999994628
finished_reconf: true
global_termination_time: 9021.546000000002
local_termination_time: 7499.985360000001
node_cons: 199.092790000004
tot_aggregated_send: 0
tot_msg_rcv: 81
tot_msg_sent: 65
tot_reconf_duration: 15.34
tot_sleeping_duration: 8888.416
tot_uptimes: 3
tot_uptimes_duration: 133.13000000000284
