comms_cons: 11.59317759997949
finished_reconf: true
global_termination_time: 8815.318240000002
local_termination_time: 2387.026040000001
node_cons: 1473.9023924800097
tot_aggregated_send: 0
tot_msg_rcv: 808
tot_msg_sent: 953
tot_reconf_duration: 4.390000000000001
tot_sleeping_duration: 7719.021919999995
tot_uptimes: 18
tot_uptimes_duration: 1096.2963200000074
