comms_cons: 367.0541308995892
finished_reconf: true
global_termination_time: 1869327.4105999998
local_termination_time: 3604.34148
node_cons: 38447.83475175476
tot_aggregated_send: 0
tot_msg_rcv: 28069
tot_msg_sent: 27721
tot_reconf_duration: 18.21
tot_sleeping_duration: 1840632.0367600035
tot_uptimes: 479
tot_uptimes_duration: 28695.37383999623
