comms_cons: 188.25228798374445
finished_reconf: true
global_termination_time: 1870805.293
local_termination_time: 357567.4021600003
node_cons: 38488.85418447169
tot_aggregated_send: 25462
tot_msg_rcv: 1036
tot_msg_sent: 2115
tot_reconf_duration: 4.390000000000001
tot_sleeping_duration: 1842065.268680006
tot_uptimes: 480
tot_uptimes_duration: 28740.024319993987
