comms_cons: 361.873388811069
finished_reconf: true
global_termination_time: 3649830.644
local_termination_time: 1555770.174119998
node_cons: 75045.18104781647
tot_aggregated_send: 49358
tot_msg_rcv: 1699
tot_msg_sent: 3946
tot_reconf_duration: 5.57
tot_sleeping_duration: 3593790.601440016
tot_uptimes: 935
tot_uptimes_duration: 56040.042559983674
