comms_cons: 357.6359104153773
finished_reconf: true
global_termination_time: 3647489.807
local_termination_time: 1511889.6204799998
node_cons: 75044.49394111487
tot_aggregated_send: 52548
tot_msg_rcv: 558
tot_msg_sent: 1252
tot_reconf_duration: 5.1
tot_sleeping_duration: 3591449.8009200026
tot_uptimes: 935
tot_uptimes_duration: 56040.006079997635
