comms_cons: 362.98106883507637
finished_reconf: true
global_termination_time: 3649350.665
local_termination_time: 552037.3133599998
node_cons: 75041.74263999816
tot_aggregated_send: 52200
tot_msg_rcv: 1001
tot_msg_sent: 1970
tot_reconf_duration: 3.08
tot_sleeping_duration: 3593310.665
tot_uptimes: 935
tot_uptimes_duration: 56040.0
