comms_cons: 359.42544002142824
finished_reconf: true
global_termination_time: 3645681.445
local_termination_time: 1996186.3117199996
node_cons: 74977.73937999805
tot_aggregated_send: 52606
tot_msg_rcv: 760
tot_msg_sent: 1264
tot_reconf_duration: 15.110000000000001
tot_sleeping_duration: 3589701.445
tot_uptimes: 934
tot_uptimes_duration: 55980.0
