comms_cons: 73.83836159975189
finished_reconf: true
global_termination_time: 722669.457
local_termination_time: 336812.52060000104
node_cons: 14909.098384644285
tot_aggregated_send: 9802
tot_msg_rcv: 494
tot_msg_sent: 927
tot_reconf_duration: 18.21
tot_sleeping_duration: 711553.4232399969
tot_uptimes: 186
tot_uptimes_duration: 11116.033760003163
