comms_cons: 17.54014719958371
finished_reconf: true
global_termination_time: 162878.341
local_termination_time: 362.21047999999985
node_cons: 3318.6854622383044
tot_aggregated_send: 1682
tot_msg_rcv: 356
tot_msg_sent: 628
tot_reconf_duration: 18.21
tot_sleeping_duration: 160418.32884000125
tot_uptimes: 42
tot_uptimes_duration: 2460.0121599987324
