comms_cons: 16.901964799919114
finished_reconf: true
global_termination_time: 167458.966
local_termination_time: 108451.96883999965
node_cons: 3382.7267600000027
tot_aggregated_send: 2262
tot_msg_rcv: 138
tot_msg_sent: 169
tot_reconf_duration: 6.22
tot_sleeping_duration: 164938.966
tot_uptimes: 43
tot_uptimes_duration: 2520.0
