comms_cons: 39.248684800814736
finished_reconf: true
global_termination_time: 392140.60324000055
local_termination_time: 18162.506480000004
node_cons: 8113.679300482139
tot_aggregated_send: 5220
tot_msg_rcv: 242
tot_msg_sent: 502
tot_reconf_duration: 4.8100000000000005
tot_sleeping_duration: 386085.97491999896
tot_uptimes: 101
tot_uptimes_duration: 6054.62832000159
