comms_cons: 39.231769600719836
finished_reconf: true
global_termination_time: 393002.451
local_termination_time: 283168.53772000055
node_cons: 8044.627701121451
tot_aggregated_send: 5162
tot_msg_rcv: 286
tot_msg_sent: 515
tot_reconf_duration: 7.819999999999999
tot_sleeping_duration: 387002.44491999893
tot_uptimes: 101
tot_uptimes_duration: 6000.006080001069
