comms_cons: 112.31415039851508
finished_reconf: true
global_termination_time: 1138686.428
local_termination_time: 351822.87136000005
node_cons: 23389.559560000045
tot_aggregated_send: 16124
tot_msg_rcv: 372
tot_msg_sent: 575
tot_reconf_duration: 7.819999999999999
tot_sleeping_duration: 1121226.428
tot_uptimes: 292
tot_uptimes_duration: 17460.0
