comms_cons: 135.94945277581166
finished_reconf: true
global_termination_time: 687669.3218399998
local_termination_time: 1603.3454800000004
node_cons: 14186.60097887659
tot_aggregated_send: 0
tot_msg_rcv: 10455
tot_msg_sent: 10205
tot_reconf_duration: 18.21
tot_sleeping_duration: 677092.8679200023
tot_uptimes: 177
tot_uptimes_duration: 10576.453919997439
