comms_cons: 68.08156159831553
finished_reconf: true
global_termination_time: 690328.421
local_termination_time: 36251.06232000014
node_cons: 14145.80162000003
tot_aggregated_send: 9976
tot_msg_rcv: 144
tot_msg_sent: 228
tot_reconf_duration: 4.390000000000001
tot_sleeping_duration: 679768.421
tot_uptimes: 177
tot_uptimes_duration: 10560.0
