comms_cons: 68.40394239994585
finished_reconf: true
global_termination_time: 687801.979
local_termination_time: 512431.04236
node_cons: 14148.294901116813
tot_aggregated_send: 9686
tot_msg_rcv: 193
tot_msg_sent: 518
tot_reconf_duration: 6.22
tot_sleeping_duration: 677241.9729200024
tot_uptimes: 177
tot_uptimes_duration: 10560.006079997635
