comms_cons: 112.37273599878975
finished_reconf: true
global_termination_time: 1142692.395
local_termination_time: 399893.4421200009
node_cons: 23467.726759999998
tot_aggregated_send: 16646
tot_msg_rcv: 149
tot_msg_sent: 285
tot_reconf_duration: 6.22
tot_sleeping_duration: 1125172.395
tot_uptimes: 293
tot_uptimes_duration: 17520.0
