comms_cons: 187.52693759275
finished_reconf: true
global_termination_time: 1923094.934
local_termination_time: 563263.4653599999
node_cons: 39535.832663350295
tot_aggregated_send: 27028
tot_msg_rcv: 428
tot_msg_sent: 1047
tot_reconf_duration: 6.279999999999999
tot_sleeping_duration: 1893574.915760007
tot_uptimes: 493
tot_uptimes_duration: 29520.018239992904
