comms_cons: 191.15274239094242
finished_reconf: true
global_termination_time: 1920428.726
local_termination_time: 901003.9093599998
node_cons: 39462.30712111651
tot_aggregated_send: 26274
tot_msg_rcv: 1036
tot_msg_sent: 1742
tot_reconf_duration: 11.31
tot_sleeping_duration: 1890968.7199200024
tot_uptimes: 492
tot_uptimes_duration: 29460.006079997635
