comms_cons: 67.20278399680817
finished_reconf: true
global_termination_time: 654434.5972400004
local_termination_time: 135161.92936000007
node_cons: 13499.623029439674
tot_aggregated_send: 8410
tot_msg_rcv: 653
tot_msg_sent: 1152
tot_reconf_duration: 5.1
tot_sleeping_duration: 644357.9002800006
tot_uptimes: 168
tot_uptimes_duration: 10076.69695999974
