comms_cons: 68.50920959819854
finished_reconf: true
global_termination_time: 654983.42
local_termination_time: 117650.49335999996
node_cons: 13421.044051200532
tot_aggregated_send: 8236
tot_msg_rcv: 717
tot_msg_sent: 1460
tot_reconf_duration: 3.08
tot_sleeping_duration: 644963.3591999996
tot_uptimes: 168
tot_uptimes_duration: 10020.060800000385
