comms_cons: 130.34836478413177
finished_reconf: true
global_termination_time: 658350.536
local_termination_time: 364908.27256000024
node_cons: 13507.74770112146
tot_aggregated_send: 0
tot_msg_rcv: 10069
tot_msg_sent: 9745
tot_reconf_duration: 7.819999999999999
tot_sleeping_duration: 648270.5299199988
tot_uptimes: 169
tot_uptimes_duration: 10080.006080001069
