comms_cons: 914.2340930018095
finished_reconf: true
global_termination_time: 9191974.681
local_termination_time: 1726662.2496
node_cons: 189060.92499004735
tot_aggregated_send: 127542
tot_msg_rcv: 3756
tot_msg_sent: 7660
tot_reconf_duration: 15.34
tot_sleeping_duration: 9050794.626280019
tot_uptimes: 2354
tot_uptimes_duration: 141180.05471998057
