comms_cons: 903.6453953661751
finished_reconf: true
global_termination_time: 9189029.712
local_termination_time: 2848742.1947199986
node_cons: 189051.06320781307
tot_aggregated_send: 128006
tot_msg_rcv: 3189
tot_msg_sent: 6153
tot_reconf_duration: 8.09
tot_sleeping_duration: 9047849.669440014
tot_uptimes: 2354
tot_uptimes_duration: 141180.04255998507
