comms_cons: 899.2275906008201
finished_reconf: true
global_termination_time: 9191865.708
local_termination_time: 4313938.433359999
node_cons: 189060.59636781245
tot_aggregated_send: 126672
tot_msg_rcv: 3337
tot_msg_sent: 6667
tot_reconf_duration: 15.110000000000001
tot_sleeping_duration: 9050685.665440015
tot_uptimes: 2354
tot_uptimes_duration: 141180.04255998507
