comms_cons: 899.0927233319491
finished_reconf: true
global_termination_time: 9190451.498
local_termination_time: 5609122.6113599995
node_cons: 189065.44716446087
tot_aggregated_send: 128354
tot_msg_rcv: 2684
tot_msg_sent: 5620
tot_reconf_duration: 18.700000000000003
tot_sleeping_duration: 9049271.473680008
tot_uptimes: 2354
tot_uptimes_duration: 141180.0243199915
