comms_cons: 914.5943298009347
finished_reconf: true
global_termination_time: 9188684.411
local_termination_time: 1714427.4583599998
node_cons: 189047.48349228146
tot_aggregated_send: 127716
tot_msg_rcv: 3862
tot_msg_sent: 7435
tot_reconf_duration: 5.43
tot_sleeping_duration: 9047504.344120024
tot_uptimes: 2354
tot_uptimes_duration: 141180.0668799763
