comms_cons: 230.29173758950114
finished_reconf: true
global_termination_time: 2308887.658
local_termination_time: 1123439.0340799994
node_cons: 47487.86579999922
tot_aggregated_send: 32712
tot_msg_rcv: 785
tot_msg_sent: 1506
tot_reconf_duration: 5.1
tot_sleeping_duration: 2273427.658
tot_uptimes: 592
tot_uptimes_duration: 35460.0
