comms_cons: 232.4748223785881
finished_reconf: true
global_termination_time: 2310840.013
local_termination_time: 1101855.53436
node_cons: 47489.42746558354
tot_aggregated_send: 30972
tot_msg_rcv: 1396
tot_msg_sent: 2966
tot_reconf_duration: 6.22
tot_sleeping_duration: 2275379.982600012
tot_uptimes: 592
tot_uptimes_duration: 35460.03039998817
