comms_cons: 233.2624959787498
finished_reconf: true
global_termination_time: 2308223.943239997
local_termination_time: 44585.004
node_cons: 47519.54423421494
tot_aggregated_send: 31079
tot_msg_rcv: 1509
tot_msg_sent: 2866
tot_reconf_duration: 11.31
tot_sleeping_duration: 2272746.5830800156
tot_uptimes: 592
tot_uptimes_duration: 35477.36015998173
