comms_cons: 35.132927999916035
finished_reconf: true
global_termination_time: 347165.626
local_termination_time: 5380.28848
node_cons: 7090.751720000008
tot_aggregated_send: 4582
tot_msg_rcv: 249
tot_msg_sent: 509
tot_reconf_duration: 15.34
tot_sleeping_duration: 341885.626
tot_uptimes: 89
tot_uptimes_duration: 5280.0
