comms_cons: 34.28483839980955
finished_reconf: true
global_termination_time: 345058.981
local_termination_time: 84088.29755999986
node_cons: 7087.804860000006
tot_aggregated_send: 4930
tot_msg_rcv: 119
tot_msg_sent: 162
tot_reconf_duration: 13.17
tot_sleeping_duration: 339778.981
tot_uptimes: 89
tot_uptimes_duration: 5280.0
