comms_cons: 46.16601600250221
finished_reconf: true
global_termination_time: 218860.75856000077
local_termination_time: 3422.3106
node_cons: 4590.816873444508
tot_aggregated_send: 0
tot_msg_rcv: 3721
tot_msg_sent: 3289
tot_reconf_duration: 18.21
tot_sleeping_duration: 215450.6855999974
tot_uptimes: 57
tot_uptimes_duration: 3410.0729600033646
