comms_cons: 805.9183490303665
finished_reconf: true
global_termination_time: 8018572.532
local_termination_time: 1813706.9404399986
node_cons: 164958.9249900481
tot_aggregated_send: 111070
tot_msg_rcv: 3939
tot_msg_sent: 7482
tot_reconf_duration: 15.34
tot_sleeping_duration: 7895392.47728002
tot_uptimes: 2054
tot_uptimes_duration: 123180.05471998034
