comms_cons: 793.5896833779854
finished_reconf: true
global_termination_time: 8022303.894
local_termination_time: 2398674.3543599998
node_cons: 165022.59148669697
tot_aggregated_send: 110432
tot_msg_rcv: 3436
tot_msg_sent: 6753
tot_reconf_duration: 3.08
tot_sleeping_duration: 7899063.857520014
tot_uptimes: 2055
tot_uptimes_duration: 123240.03647998697
