comms_cons: 789.3808897365029
finished_reconf: true
global_termination_time: 8022067.315
local_termination_time: 5438142.42236
node_cons: 165035.54410446275
tot_aggregated_send: 111592
tot_msg_rcv: 2823
tot_msg_sent: 5566
tot_reconf_duration: 12.629999999999999
tot_sleeping_duration: 7898827.290680009
tot_uptimes: 2055
tot_uptimes_duration: 123240.02431999147
