comms_cons: 787.2616001247802
finished_reconf: true
global_termination_time: 8019502.455
local_termination_time: 5674524.164759999
node_cons: 164952.914523346
tot_aggregated_send: 112172
tot_msg_rcv: 2485
tot_msg_sent: 5002
tot_reconf_duration: 10.95
tot_sleeping_duration: 7896322.4367600065
tot_uptimes: 2054
tot_uptimes_duration: 123180.0182399936
