comms_cons: 186.99402238777213
finished_reconf: true
global_termination_time: 1909926.491
local_termination_time: 1310165.27736
node_cons: 39294.71490111656
tot_aggregated_send: 26158
tot_msg_rcv: 856
tot_msg_sent: 1408
tot_reconf_duration: 6.22
tot_sleeping_duration: 1880586.4849200023
tot_uptimes: 490
tot_uptimes_duration: 29340.006079997635
