comms_cons: 15.034726399434664
finished_reconf: true
global_termination_time: 119145.188
local_termination_time: 16109.727360000003
node_cons: 2434.9373211202924
tot_aggregated_send: 928
tot_msg_rcv: 559
tot_msg_sent: 800
tot_reconf_duration: 18.21
tot_sleeping_duration: 117345.18191999977
tot_uptimes: 31
tot_uptimes_duration: 1800.0060800002175
