comms_cons: 15.566707199739186
finished_reconf: true
global_termination_time: 122738.678
local_termination_time: 2243.0593599999997
node_cons: 2498.152906718902
tot_aggregated_send: 986
tot_msg_rcv: 566
tot_msg_sent: 813
tot_reconf_duration: 5.57
tot_sleeping_duration: 120878.64152000082
tot_uptimes: 32
tot_uptimes_duration: 1860.0364799991803
