comms_cons: 377.4487360133639
finished_reconf: true
global_termination_time: 3861662.439
local_termination_time: 1421113.6609599986
node_cons: 79380.0863233486
tot_aggregated_send: 53824
tot_msg_rcv: 1103
tot_msg_sent: 2442
tot_reconf_duration: 3.05
tot_sleeping_duration: 3802382.4207600066
tot_uptimes: 989
tot_uptimes_duration: 59280.01823999314
