comms_cons: 2.72378879999755
finished_reconf: true
global_termination_time: 16314.912
local_termination_time: 9052.443360000001
node_cons: 332.3462200000002
tot_aggregated_send: 0
tot_msg_rcv: 245
tot_msg_sent: 169
tot_reconf_duration: 8.09
tot_sleeping_duration: 16074.912
tot_uptimes: 5
tot_uptimes_duration: 240.0
