comms_cons: 3.9409407999890855
finished_reconf: true
global_termination_time: 17501.88
local_termination_time: 6347.01136
node_cons: 341.879380000002
tot_aggregated_send: 0
tot_msg_rcv: 432
tot_msg_sent: 167
tot_reconf_duration: 15.110000000000001
tot_sleeping_duration: 17261.88
tot_uptimes: 5
tot_uptimes_duration: 240.0000000000009
