comms_cons: 115.07771520247204
finished_reconf: true
global_termination_time: 659431.242
local_termination_time: 134087.50936000005
node_cons: 13505.664522242878
tot_aggregated_send: 0
tot_msg_rcv: 8902
tot_msg_sent: 8589
tot_reconf_duration: 6.279999999999999
tot_sleeping_duration: 649351.2298399978
tot_uptimes: 169
tot_uptimes_duration: 10080.012160002138
