comms_cons: 66.49597440040357
finished_reconf: true
global_termination_time: 660198.69
local_termination_time: 115899.67363999978
node_cons: 13584.41022335972
tot_aggregated_send: 8526
tot_msg_rcv: 443
tot_msg_sent: 1138
tot_reconf_duration: 5.1
tot_sleeping_duration: 650058.6717600002
tot_uptimes: 170
tot_uptimes_duration: 10140.018239999772
