comms_cons: 63.55507200068649
finished_reconf: true
global_termination_time: 662464.512
local_termination_time: 178723.69536000004
node_cons: 13608.243123364302
tot_aggregated_send: 8758
tot_msg_rcv: 300
tot_msg_sent: 602
tot_reconf_duration: 22.65
tot_sleeping_duration: 652324.4937599967
tot_uptimes: 170
tot_uptimes_duration: 10140.018240003206
