comms_cons: 199.7774079936577
finished_reconf: true
global_termination_time: 2016781.375
local_termination_time: 955030.5831599993
node_cons: 41459.5981822334
tot_aggregated_send: 28594
tot_msg_rcv: 612
tot_msg_sent: 1159
tot_reconf_duration: 3.05
tot_sleeping_duration: 1985821.3628400047
tot_uptimes: 517
tot_uptimes_duration: 30960.01215999527
