comms_cons: 315.279814161271
finished_reconf: true
global_termination_time: 2018309.668
local_termination_time: 970930.3083599998
node_cons: 41470.79897999959
tot_aggregated_send: 0
tot_msg_rcv: 24009
tot_msg_sent: 23912
tot_reconf_duration: 11.31
tot_sleeping_duration: 1987349.668
tot_uptimes: 517
tot_uptimes_duration: 30960.0
