comms_cons: 77.93765119477071
finished_reconf: true
global_termination_time: 764882.896
local_termination_time: 398617.857
node_cons: 15702.74163023156
tot_aggregated_send: 10438
tot_msg_rcv: 549
tot_msg_sent: 860
tot_reconf_duration: 22.65
tot_sleeping_duration: 753178.6518400064
tot_uptimes: 196
tot_uptimes_duration: 11704.244159993657
