comms_cons: 77.41710079717758
finished_reconf: true
global_termination_time: 760319.5003599989
local_termination_time: 760319.459239999
node_cons: 15688.96894388113
tot_aggregated_send: 10092
tot_msg_rcv: 493
tot_msg_sent: 1181
tot_reconf_duration: 37.410000000000004
tot_sleeping_duration: 748640.5114399982
tot_uptimes: 195
tot_uptimes_duration: 11678.988920000818
