comms_cons: 79.16943359894056
finished_reconf: true
global_termination_time: 762046.671
local_termination_time: 345366.55736000004
node_cons: 15686.843803359698
tot_aggregated_send: 10150
tot_msg_rcv: 733
tot_msg_sent: 1151
tot_reconf_duration: 15.110000000000001
tot_sleeping_duration: 750346.6527600002
tot_uptimes: 196
tot_uptimes_duration: 11700.018239999772
