comms_cons: 78.28506239664571
finished_reconf: true
global_termination_time: 760320.43024
local_termination_time: 10819.23336
node_cons: 15621.780078322325
tot_aggregated_send: 9744
tot_msg_rcv: 694
tot_msg_sent: 1458
tot_reconf_duration: 11.31
tot_sleeping_duration: 748665.1493599983
tot_uptimes: 195
tot_uptimes_duration: 11655.280880001723
