comms_cons: 79.3523583972892
finished_reconf: true
global_termination_time: 762814.533
local_termination_time: 186847.51848000006
node_cons: 15673.7227867194
tot_aggregated_send: 9744
tot_msg_rcv: 744
tot_msg_sent: 1574
tot_reconf_duration: 5.43
tot_sleeping_duration: 751114.4965200005
tot_uptimes: 196
tot_uptimes_duration: 11700.036479999544
