comms_cons: 130.9580031980306
finished_reconf: true
global_termination_time: 1332958.217
local_termination_time: 260949.31436000008
node_cons: 27401.901620000062
tot_aggregated_send: 19314
tot_msg_rcv: 176
tot_msg_sent: 414
tot_reconf_duration: 4.390000000000001
tot_sleeping_duration: 1312498.217
tot_uptimes: 342
tot_uptimes_duration: 20460.0
