comms_cons: 117.36641279864301
finished_reconf: true
global_termination_time: 1177285.511
local_termination_time: 510968.649
node_cons: 24195.43740627838
tot_aggregated_send: 16410
tot_msg_rcv: 440
tot_msg_sent: 988
tot_reconf_duration: 7.819999999999999
tot_sleeping_duration: 1159223.6604800012
tot_uptimes: 302
tot_uptimes_duration: 18061.850519998756
