comms_cons: 122.21383679519302
finished_reconf: true
global_termination_time: 611600.857
local_termination_time: 1114.51536
node_cons: 12540.636624478862
tot_aggregated_send: 0
tot_msg_rcv: 9516
tot_msg_sent: 9058
tot_reconf_duration: 5.57
tot_sleeping_duration: 602240.8326800008
tot_uptimes: 157
tot_uptimes_duration: 9360.024319999138
