comms_cons: 64.09582079897665
finished_reconf: true
global_termination_time: 611611.416
local_termination_time: 9055.055479999999
node_cons: 12541.528697484295
tot_aggregated_send: 7888
tot_msg_rcv: 691
tot_msg_sent: 1164
tot_reconf_duration: 6.22
tot_sleeping_duration: 602251.3846799968
tot_uptimes: 157
tot_uptimes_duration: 9360.031320003196
