comms_cons: 74.91860479854837
finished_reconf: true
global_termination_time: 734797.52048
local_termination_time: 8979.442480000002
node_cons: 15160.635986079573
tot_aggregated_send: 9918
tot_msg_rcv: 492
tot_msg_sent: 977
tot_reconf_duration: 4.8100000000000005
tot_sleeping_duration: 723480.0417600003
tot_uptimes: 189
tot_uptimes_duration: 11317.478719999664
