comms_cons: 94.11192320837618
finished_reconf: true
global_termination_time: 322203.91792000027
local_termination_time: 322203.87680000026
node_cons: 13188.781663122154
tot_aggregated_send: 0
tot_msg_rcv: 4834
tot_msg_sent: 9473
tot_reconf_duration: 37.410000000000004
tot_sleeping_duration: 312392.1338399987
tot_uptimes: 162
tot_uptimes_duration: 9811.784080001587
