comms_cons: 31.665689600127216
finished_reconf: true
global_termination_time: 322897.839
local_termination_time: 7436.887240000005
node_cons: 6648.969624481444
tot_aggregated_send: 4640
tot_msg_rcv: 62
tot_msg_sent: 111
tot_reconf_duration: 25.299999999999997
tot_sleeping_duration: 317957.8746799989
tot_uptimes: 83
tot_uptimes_duration: 4939.964320001073
