comms_cons: 45.383321600625464
finished_reconf: true
global_termination_time: 456134.753
local_termination_time: 21922.142480000002
node_cons: 9327.968240000015
tot_aggregated_send: 6322
tot_msg_rcv: 175
tot_msg_sent: 401
tot_reconf_duration: 6.279999999999999
tot_sleeping_duration: 449174.753
tot_uptimes: 117
tot_uptimes_duration: 6960.0
