comms_cons: 91.8047616122719
finished_reconf: true
global_termination_time: 453778.554
local_termination_time: 3568.20636
node_cons: 9326.439070086906
tot_aggregated_send: 0
tot_msg_rcv: 7212
tot_msg_sent: 6740
tot_reconf_duration: 5.1
tot_sleeping_duration: 446818.4992799948
tot_uptimes: 117
tot_uptimes_duration: 6960.0547200051515
