comms_cons: 46.495833601404286
finished_reconf: true
global_termination_time: 454698.364
local_termination_time: 92833.37847999994
node_cons: 9353.846246726302
tot_aggregated_send: 5684
tot_msg_rcv: 356
tot_msg_sent: 1028
tot_reconf_duration: 25.299999999999997
tot_sleeping_duration: 447738.3275199953
tot_uptimes: 117
tot_uptimes_duration: 6960.03648000471
