comms_cons: 46.83074560144415
finished_reconf: true
global_termination_time: 455666.129
local_termination_time: 58694.46660000002
node_cons: 9331.843944485734
tot_aggregated_send: 5858
tot_msg_rcv: 394
tot_msg_sent: 866
tot_reconf_duration: 9.11
tot_sleeping_duration: 448706.10467999574
tot_uptimes: 117
tot_uptimes_duration: 6960.024320004275
