comms_cons: 45.63333120056082
finished_reconf: true
global_termination_time: 455027.868
local_termination_time: 88935.2935199995
node_cons: 9325.434184485734
tot_aggregated_send: 6090
tot_msg_rcv: 206
tot_msg_sent: 640
tot_reconf_duration: 4.390000000000001
tot_sleeping_duration: 448067.84367999574
tot_uptimes: 117
tot_uptimes_duration: 6960.024320004275
