comms_cons: 46.113881601234176
finished_reconf: true
global_termination_time: 451739.217
local_termination_time: 184417.41980000073
node_cons: 9259.939861121438
tot_aggregated_send: 5974
tot_msg_rcv: 351
tot_msg_sent: 684
tot_reconf_duration: 15.34
tot_sleeping_duration: 444839.21091999894
tot_uptimes: 116
tot_uptimes_duration: 6900.006080001069
