comms_cons: 31.33077759993328
finished_reconf: true
global_termination_time: 14333.598240000003
local_termination_time: 1398.3310400000014
node_cons: 4004.907536960033
tot_aggregated_send: 0
tot_msg_rcv: 2396
tot_msg_sent: 2366
tot_reconf_duration: 18.21
tot_sleeping_duration: 11361.097599999981
tot_uptimes: 46
tot_uptimes_duration: 2972.5006400000234
