comms_cons: 690.9877952672911
finished_reconf: true
global_termination_time: 6955094.31748
local_termination_time: 6955094.27636
node_cons: 143154.7419254241
tot_aggregated_send: 100198
tot_msg_rcv: 1740
tot_msg_sent: 3086
tot_reconf_duration: 37.410000000000004
tot_sleeping_duration: 6848220.576520007
tot_uptimes: 1782
tot_uptimes_duration: 106873.7409599919
