comms_cons: 688.8488193277584
finished_reconf: true
global_termination_time: 6956344.748
local_termination_time: 1691747.40536
node_cons: 143106.42870781507
tot_aggregated_send: 97266
tot_msg_rcv: 2333
tot_msg_sent: 5102
tot_reconf_duration: 15.34
tot_sleeping_duration: 6849484.705440015
tot_uptimes: 1782
tot_uptimes_duration: 106860.04255998484
