comms_cons: 1173.525206242796
finished_reconf: true
global_termination_time: 6957268.076
local_termination_time: 1716290.1613599998
node_cons: 143092.51464669764
tot_aggregated_send: 0
tot_msg_rcv: 89900
tot_msg_sent: 88467
tot_reconf_duration: 5.1
tot_sleeping_duration: 6850408.039520013
tot_uptimes: 1782
tot_uptimes_duration: 106860.03647998697
