comms_cons: 689.1365185504619
finished_reconf: true
global_termination_time: 6958091.411
local_termination_time: 1841304.6841999986
node_cons: 143103.47370669772
tot_aggregated_send: 95642
tot_msg_rcv: 3005
tot_msg_sent: 6098
tot_reconf_duration: 13.17
tot_sleeping_duration: 6851231.374520013
tot_uptimes: 1782
tot_uptimes_duration: 106860.03647998697
