comms_cons: 690.0559873408695
finished_reconf: true
global_termination_time: 6961736.015
local_termination_time: 1535767.9513999992
node_cons: 143173.31092781457
tot_aggregated_send: 97382
tot_msg_rcv: 2449
tot_msg_sent: 5053
tot_reconf_duration: 5.43
tot_sleeping_duration: 6854815.972440015
tot_uptimes: 1783
tot_uptimes_duration: 106920.0425599846
