comms_cons: 119.49143039732633
finished_reconf: true
global_termination_time: 1202381.088
local_termination_time: 744905.7813599999
node_cons: 24672.908240000077
tot_aggregated_send: 17110
tot_msg_rcv: 361
tot_msg_sent: 691
tot_reconf_duration: 6.279999999999999
tot_sleeping_duration: 1183961.088
tot_uptimes: 308
tot_uptimes_duration: 18420.0
