comms_cons: 349.06603498864666
finished_reconf: true
global_termination_time: 1200195.57
local_termination_time: 711316.05224
node_cons: 48867.603202353836
tot_aggregated_send: 0
tot_msg_rcv: 17808
tot_msg_sent: 35248
tot_reconf_duration: 13.17
tot_sleeping_duration: 1163713.3307600042
tot_uptimes: 605
tot_uptimes_duration: 36482.23923999582
