comms_cons: 118.97230079506117
finished_reconf: true
global_termination_time: 1199957.652
local_termination_time: 647931.8944799998
node_cons: 24679.738979999955
tot_aggregated_send: 17226
tot_msg_rcv: 287
tot_msg_sent: 570
tot_reconf_duration: 11.31
tot_sleeping_duration: 1181537.652
tot_uptimes: 308
tot_uptimes_duration: 18420.0
