comms_cons: 155.2582527550747
finished_reconf: true
global_termination_time: 783463.341
local_termination_time: 2197.03748
node_cons: 16092.745462238287
tot_aggregated_send: 0
tot_msg_rcv: 12001
tot_msg_sent: 11593
tot_reconf_duration: 18.21
tot_sleeping_duration: 771463.3288400013
tot_uptimes: 201
tot_uptimes_duration: 12000.012159998703
