comms_cons: 80.58687359796373
finished_reconf: true
global_termination_time: 783435.761
local_termination_time: 3229.3976000000002
node_cons: 16083.424108956251
tot_aggregated_send: 10092
tot_msg_rcv: 701
tot_msg_sent: 1456
tot_reconf_duration: 11.31
tot_sleeping_duration: 771435.7123600029
tot_uptimes: 201
tot_uptimes_duration: 12000.048639997185
