comms_cons: 286.3478719891704
finished_reconf: true
global_termination_time: 2857681.989
local_termination_time: 185524.55576000042
node_cons: 58754.03229340157
tot_aggregated_send: 39324
tot_msg_rcv: 1414
tot_msg_sent: 2783
tot_reconf_duration: 18.700000000000003
tot_sleeping_duration: 2813821.916040028
tot_uptimes: 732
tot_uptimes_duration: 43860.07295997208
