comms_cons: 288.12753920739965
finished_reconf: true
global_termination_time: 2859602.347
local_termination_time: 40246.60360000002
node_cons: 58823.831511176766
tot_aggregated_send: 39324
tot_msg_rcv: 1505
tot_msg_sent: 2964
tot_reconf_duration: 10.95
tot_sleeping_duration: 2815682.2862000167
tot_uptimes: 733
tot_uptimes_duration: 43920.06079998345
