comms_cons: 284.979916809233
finished_reconf: true
global_termination_time: 2857596.373
local_termination_time: 1604311.2533599997
node_cons: 58732.7226055838
tot_aggregated_send: 40194
tot_msg_rcv: 912
tot_msg_sent: 2209
tot_reconf_duration: 3.05
tot_sleeping_duration: 2813736.3426000113
tot_uptimes: 732
tot_uptimes_duration: 43860.03039998887
