comms_cons: 69.97363199684722
finished_reconf: true
global_termination_time: 691798.769
local_termination_time: 188628.48936000004
node_cons: 14250.979405597967
tot_aggregated_send: 9396
tot_msg_rcv: 385
tot_msg_sent: 855
tot_reconf_duration: 22.65
tot_sleeping_duration: 681178.7386000016
tot_uptimes: 178
tot_uptimes_duration: 10620.030399998475
