comms_cons: 593.820185495115
finished_reconf: true
global_termination_time: 690293.1547199998
local_termination_time: 690293.1135999998
node_cons: 68310.27841914365
tot_aggregated_send: 0
tot_msg_rcv: 40988
tot_msg_sent: 49263
tot_reconf_duration: 37.410000000000004
tot_sleeping_duration: 639315.204280011
tot_uptimes: 816
tot_uptimes_duration: 50977.95043998873
