comms_cons: 69.36913919909958
finished_reconf: true
global_termination_time: 694369.773
local_termination_time: 225218.19136000006
node_cons: 14241.036143362886
tot_aggregated_send: 9570
tot_msg_rcv: 287
tot_msg_sent: 687
tot_reconf_duration: 15.34
tot_sleeping_duration: 683749.754759998
tot_uptimes: 178
tot_uptimes_duration: 10620.018240002144
