comms_cons: 70.57121919881024
finished_reconf: true
global_termination_time: 656689.98
local_termination_time: 20084.416360000003
node_cons: 13521.914308957706
tot_aggregated_send: 7134
tot_msg_rcv: 1269
tot_msg_sent: 2325
tot_reconf_duration: 18.21
tot_sleeping_duration: 646609.9313600017
tot_uptimes: 169
tot_uptimes_duration: 10080.048639998276
