comms_cons: 341.87105921250577
finished_reconf: true
global_termination_time: 3457589.896
local_termination_time: 2203701.14144
node_cons: 71109.45266334986
tot_aggregated_send: 47908
tot_msg_rcv: 1476
tot_msg_sent: 2578
tot_reconf_duration: 6.279999999999999
tot_sleeping_duration: 3404489.877760007
tot_uptimes: 886
tot_uptimes_duration: 53100.01823999337
