comms_cons: 349.5831936367536
finished_reconf: true
global_termination_time: 3458023.455
local_termination_time: 330018.9493200002
node_cons: 71107.48896782144
tot_aggregated_send: 47560
tot_msg_rcv: 1857
tot_msg_sent: 3717
tot_reconf_duration: 4.8100000000000005
tot_sleeping_duration: 3404923.4124400127
tot_uptimes: 886
tot_uptimes_duration: 53100.04255998734
