comms_cons: 346.03873282961786
finished_reconf: true
global_termination_time: 3458286.364
local_termination_time: 794111.8053599999
node_cons: 71105.09074669976
tot_aggregated_send: 47444
tot_msg_rcv: 1835
tot_msg_sent: 3315
tot_reconf_duration: 3.05
tot_sleeping_duration: 3405186.3275200143
tot_uptimes: 886
tot_uptimes_duration: 53100.03647998604
