comms_cons: 342.38156803323193
finished_reconf: true
global_termination_time: 3458804.324
local_termination_time: 955441.638
node_cons: 71109.39560670014
tot_aggregated_send: 47847
tot_msg_rcv: 1456
tot_msg_sent: 2737
tot_reconf_duration: 6.22
tot_sleeping_duration: 3405704.2875200137
tot_uptimes: 886
tot_uptimes_duration: 53100.03647998627
