comms_cons: 341.1239680130325
finished_reconf: true
global_termination_time: 3458607.081
local_termination_time: 1096144.1163599999
node_cons: 71108.30650446657
tot_aggregated_send: 47270
tot_msg_rcv: 1500
tot_msg_sent: 3079
tot_reconf_duration: 5.43
tot_sleeping_duration: 3405507.056680009
tot_uptimes: 886
tot_uptimes_duration: 53100.02431999124
