comms_cons: 96.8146239942653
finished_reconf: true
global_termination_time: 946818.222
local_termination_time: 450689.88236000005
node_cons: 19476.653682238277
tot_aggregated_send: 12760
tot_msg_rcv: 698
tot_msg_sent: 1258
tot_reconf_duration: 25.299999999999997
tot_sleeping_duration: 932298.2098400013
tot_uptimes: 243
tot_uptimes_duration: 14520.012159998703
