comms_cons: 96.33167359402609
finished_reconf: true
global_termination_time: 948345.038
local_termination_time: 389829.80736000004
node_cons: 19448.2497611214
tot_aggregated_send: 12818
tot_msg_rcv: 609
tot_msg_sent: 1214
tot_reconf_duration: 4.390000000000001
tot_sleeping_duration: 933825.0319199988
tot_uptimes: 243
tot_uptimes_duration: 14520.006080001069
