comms_cons: 88.50997759946603
finished_reconf: true
global_termination_time: 892787.798
local_termination_time: 203241.02436000004
node_cons: 18326.048240000026
tot_aggregated_send: 12760
tot_msg_rcv: 233
tot_msg_sent: 459
tot_reconf_duration: 6.279999999999999
tot_sleeping_duration: 879107.798
tot_uptimes: 229
tot_uptimes_duration: 13680.0
