comms_cons: 259.92383349366565
finished_reconf: true
global_termination_time: 891801.6375999998
local_termination_time: 891801.5964799998
node_cons: 36357.751305642494
tot_aggregated_send: 0
tot_msg_rcv: 13312
tot_msg_sent: 26193
tot_reconf_duration: 37.410000000000004
tot_sleeping_duration: 864686.6648399978
tot_uptimes: 449
tot_uptimes_duration: 27114.972760001925
