comms_cons: 88.26654719747297
finished_reconf: true
global_termination_time: 892121.696
local_termination_time: 60451.22860000002
node_cons: 18324.445800000027
tot_aggregated_send: 12818
tot_msg_rcv: 196
tot_msg_sent: 402
tot_reconf_duration: 5.1
tot_sleeping_duration: 878441.696
tot_uptimes: 229
tot_uptimes_duration: 13680.0
