comms_cons: 88.35865599751517
finished_reconf: true
global_termination_time: 891995.591
local_termination_time: 228315.4378800009
node_cons: 18374.387275442703
tot_aggregated_send: 12818
tot_msg_rcv: 214
tot_msg_sent: 398
tot_reconf_duration: 25.299999999999997
tot_sleeping_duration: 878298.780039998
tot_uptimes: 229
tot_uptimes_duration: 13696.810960001982
