comms_cons: 88.02437119851866
finished_reconf: true
global_termination_time: 892126.189
local_termination_time: 269942.0878400005
node_cons: 18323.481619999966
tot_aggregated_send: 12818
tot_msg_rcv: 159
tot_msg_sent: 402
tot_reconf_duration: 4.390000000000001
tot_sleeping_duration: 878446.189
tot_uptimes: 229
tot_uptimes_duration: 13680.0
