comms_cons: 187.90915839874728
finished_reconf: true
global_termination_time: 1937936.062
local_termination_time: 1315416.6493599997
node_cons: 39852.79004111632
tot_aggregated_send: 28072
tot_msg_rcv: 140
tot_msg_sent: 349
tot_reconf_duration: 3.05
tot_sleeping_duration: 1908176.0559200023
tot_uptimes: 497
tot_uptimes_duration: 29760.006079997635
