comms_cons: 78.48709119607723
finished_reconf: true
global_termination_time: 757765.5892400002
local_termination_time: 220716.11884000013
node_cons: 15635.218906070455
tot_aggregated_send: 9860
tot_msg_rcv: 727
tot_msg_sent: 1341
tot_reconf_duration: 6.279999999999999
tot_sleeping_duration: 746095.1705200074
tot_uptimes: 195
tot_uptimes_duration: 11670.418719992856
