comms_cons: 75.43115520033793
finished_reconf: true
global_termination_time: 760196.03
local_termination_time: 623088.9433599999
node_cons: 15596.595842242974
tot_aggregated_send: 9918
tot_msg_rcv: 505
tot_msg_sent: 1042
tot_reconf_duration: 7.819999999999999
tot_sleeping_duration: 748556.0178399979
tot_uptimes: 195
tot_uptimes_duration: 11640.012160002138
