comms_cons: 77.16382720012909
finished_reconf: true
global_termination_time: 760534.117
local_termination_time: 101892.49135999997
node_cons: 15594.423042242886
tot_aggregated_send: 9976
tot_msg_rcv: 704
tot_msg_sent: 1048
tot_reconf_duration: 6.22
tot_sleeping_duration: 748894.1048399978
tot_uptimes: 195
tot_uptimes_duration: 11640.012160002138
