comms_cons: 77.72472319960117
finished_reconf: true
global_termination_time: 760035.545
local_termination_time: 307560.72732000065
node_cons: 15593.350222238276
tot_aggregated_send: 10034
tot_msg_rcv: 662
tot_msg_sent: 1117
tot_reconf_duration: 5.43
tot_sleeping_duration: 748395.5328400013
tot_uptimes: 195
tot_uptimes_duration: 11640.012159998703
