comms_cons: 128.71361916754196
finished_reconf: true
global_termination_time: 979740.71224
local_termination_time: 441763.3549200003
node_cons: 20128.951863935006
tot_aggregated_send: 7076
tot_msg_rcv: 4987
tot_msg_sent: 7508
tot_reconf_duration: 18.21
tot_sleeping_duration: 964726.3562400487
tot_uptimes: 251
tot_uptimes_duration: 15014.355999951425
