comms_cons: 96.99056639924571
finished_reconf: true
global_termination_time: 981207.082
local_termination_time: 573455.1490399993
node_cons: 20185.859380000013
tot_aggregated_send: 14210
tot_msg_rcv: 198
tot_msg_sent: 334
tot_reconf_duration: 15.110000000000001
tot_sleeping_duration: 966147.082
tot_uptimes: 252
tot_uptimes_duration: 15060.0
