comms_cons: 97.44515839736442
finished_reconf: true
global_termination_time: 980696.897
local_termination_time: 503265.7484000008
node_cons: 20178.132360000007
tot_aggregated_send: 13978
tot_msg_rcv: 261
tot_msg_sent: 572
tot_reconf_duration: 9.42
tot_sleeping_duration: 965636.897
tot_uptimes: 252
tot_uptimes_duration: 15060.0
