comms_cons: 97.40505599722002
finished_reconf: true
global_termination_time: 982707.345
local_termination_time: 512317.7943600001
node_cons: 20169.481900000097
tot_aggregated_send: 14152
tot_msg_rcv: 249
tot_msg_sent: 404
tot_reconf_duration: 3.05
tot_sleeping_duration: 967647.345
tot_uptimes: 252
tot_uptimes_duration: 15060.0
