comms_cons: 98.00439039804907
finished_reconf: true
global_termination_time: 982463.437
local_termination_time: 483344.785480001
node_cons: 20191.505352721346
tot_aggregated_send: 13920
tot_msg_rcv: 341
tot_msg_sent: 636
tot_reconf_duration: 11.31
tot_sleeping_duration: 967395.366519999
tot_uptimes: 252
tot_uptimes_duration: 15068.070480000984
