comms_cons: 123.85832960947445
finished_reconf: true
global_termination_time: 257158.68524000095
local_termination_time: 257158.64412000094
node_cons: 15587.592086441939
tot_aggregated_send: 0
tot_msg_rcv: 7605
tot_msg_sent: 11220
tot_reconf_duration: 24.59
tot_sleeping_duration: 245542.4052799995
tot_uptimes: 187
tot_uptimes_duration: 11616.279960001426
