comms_cons: 128.49021441618513
finished_reconf: true
global_termination_time: 438581.3904000009
local_termination_time: 2085.694480000002
node_cons: 17933.29319560125
tot_aggregated_send: 0
tot_msg_rcv: 6604
tot_msg_sent: 12924
tot_reconf_duration: 5.57
tot_sleeping_duration: 425193.99
tot_uptimes: 221
tot_uptimes_duration: 13387.400400000915
