comms_cons: 43.824051200373034
finished_reconf: true
global_termination_time: 444742.549
local_termination_time: 52263.57516000007
node_cons: 9089.406220000017
tot_aggregated_send: 6322
tot_msg_rcv: 114
tot_msg_sent: 225
tot_reconf_duration: 8.09
tot_sleeping_duration: 437962.549
tot_uptimes: 114
tot_uptimes_duration: 6780.0
