comms_cons: 62.36326400652543
finished_reconf: true
global_termination_time: 313002.314
local_termination_time: 2368.1133600000003
node_cons: 6461.565541121438
tot_aggregated_send: 0
tot_msg_rcv: 4858
tot_msg_sent: 4620
tot_reconf_duration: 25.299999999999997
tot_sleeping_duration: 308202.30791999894
tot_uptimes: 81
tot_uptimes_duration: 4800.006080001069
