comms_cons: 31.277516800363582
finished_reconf: true
global_termination_time: 311565.708
local_termination_time: 95156.55247999995
node_cons: 6364.744859999965
tot_aggregated_send: 4234
tot_msg_rcv: 184
tot_msg_sent: 336
tot_reconf_duration: 13.17
tot_sleeping_duration: 306825.70800000004
tot_uptimes: 80
tot_uptimes_duration: 4739.999999999971
