comms_cons: 31.69200640023803
finished_reconf: true
global_termination_time: 313081.915
local_termination_time: 102644.93535999997
node_cons: 6433.161620000006
tot_aggregated_send: 4292
tot_msg_rcv: 181
tot_msg_sent: 344
tot_reconf_duration: 4.390000000000001
tot_sleeping_duration: 308281.915
tot_uptimes: 81
tot_uptimes_duration: 4800.0
