comms_cons: 62.48197120622468
finished_reconf: true
global_termination_time: 314614.141
local_termination_time: 1959.8660400000015
node_cons: 6435.663042240589
tot_aggregated_send: 0
tot_msg_rcv: 4849
tot_msg_sent: 4648
tot_reconf_duration: 6.22
tot_sleeping_duration: 309814.12883999955
tot_uptimes: 81
tot_uptimes_duration: 4800.012160000435
