comms_cons: 31.762156800277307
finished_reconf: true
global_termination_time: 312796.951
local_termination_time: 99202.22187999949
node_cons: 6446.328104319329
tot_aggregated_send: 4292
tot_msg_rcv: 192
tot_msg_sent: 341
tot_reconf_duration: 11.31
tot_sleeping_duration: 307994.1361200005
tot_uptimes: 81
tot_uptimes_duration: 4802.8148799994815
