comms_cons: 43.15548160148158
finished_reconf: true
global_termination_time: 372123.0176400004
local_termination_time: 372122.9765200004
node_cons: 7705.409995291704
tot_aggregated_send: 3886
tot_msg_rcv: 1000
tot_msg_sent: 1674
tot_reconf_duration: 24.59
tot_sleeping_duration: 366393.35611999163
tot_uptimes: 96
tot_uptimes_duration: 5729.661520008725
