comms_cons: 37.44222720009911
finished_reconf: true
global_termination_time: 378132.495
local_termination_time: 80810.68535999996
node_cons: 7730.524860000007
tot_aggregated_send: 5336
tot_msg_rcv: 135
tot_msg_sent: 220
tot_reconf_duration: 13.17
tot_sleeping_duration: 372372.495
tot_uptimes: 97
tot_uptimes_duration: 5760.0
