comms_cons: 37.831609600976314
finished_reconf: true
global_termination_time: 373380.268
local_termination_time: 221059.64156000022
node_cons: 7647.667121121436
tot_aggregated_send: 5046
tot_msg_rcv: 246
tot_msg_sent: 457
tot_reconf_duration: 11.31
tot_sleeping_duration: 367680.2619199989
tot_uptimes: 96
tot_uptimes_duration: 5700.006080001069
