comms_cons: 10.534553599935338
finished_reconf: true
global_termination_time: 98518.85
local_termination_time: 8644.132480000002
node_cons: 2016.1210478389075
tot_aggregated_send: 406
tot_msg_rcv: 415
tot_msg_sent: 780
tot_reconf_duration: 5.57
tot_sleeping_duration: 97018.80744000082
tot_uptimes: 26
tot_uptimes_duration: 1500.0425599991831
