comms_cons: 11.107839999841646
finished_reconf: true
global_termination_time: 96935.323
local_termination_time: 44968.069360000016
node_cons: 1962.566246718331
tot_aggregated_send: 522
tot_msg_rcv: 480
tot_msg_sent: 686
tot_reconf_duration: 25.299999999999997
tot_sleeping_duration: 95495.28652000126
tot_uptimes: 25
tot_uptimes_duration: 1440.036479998751
