comms_cons: 13.403084799794797
finished_reconf: true
global_termination_time: 95004.762
local_termination_time: 32266.35036
node_cons: 1946.0692833597361
tot_aggregated_send: 580
tot_msg_rcv: 651
tot_msg_sent: 807
tot_reconf_duration: 13.17
tot_sleeping_duration: 93564.7437600002
tot_uptimes: 25
tot_uptimes_duration: 1440.0182399998012
