comms_cons: 12.492147199988771
finished_reconf: true
global_termination_time: 94313.38735999992
local_termination_time: 45435.568680000055
node_cons: 1960.7466235199201
tot_aggregated_send: 754
tot_msg_rcv: 507
tot_msg_sent: 637
tot_reconf_duration: 11.899999999999999
tot_sleeping_duration: 92861.11967999999
tot_uptimes: 25
tot_uptimes_duration: 1452.267679999939
