comms_cons: 13.318182399951805
finished_reconf: true
global_termination_time: 98743.743
local_termination_time: 51043.73548000002
node_cons: 2012.6744644800287
tot_aggregated_send: 522
tot_msg_rcv: 738
tot_msg_sent: 765
tot_reconf_duration: 3.05
tot_sleeping_duration: 97243.71867999998
tot_uptimes: 26
tot_uptimes_duration: 1500.0243200000186
