comms_cons: 11.429324800103522
finished_reconf: true
global_termination_time: 97207.12
local_termination_time: 27846.13236
node_cons: 1938.8039833597331
tot_aggregated_send: 754
tot_msg_rcv: 456
tot_msg_sent: 528
tot_reconf_duration: 7.819999999999999
tot_sleeping_duration: 95767.1017600002
tot_uptimes: 25
tot_uptimes_duration: 1440.0182399998012
