comms_cons: 11.56874239997159
finished_reconf: true
global_termination_time: 96937.285
local_termination_time: 45160.46352000017
node_cons: 1936.6230422394437
tot_aggregated_send: 754
tot_msg_rcv: 423
tot_msg_sent: 583
tot_reconf_duration: 6.22
tot_sleeping_duration: 95497.27284000043
tot_uptimes: 25
tot_uptimes_duration: 1440.0121599995837
