comms_cons: 129.9420799843202
finished_reconf: true
global_termination_time: 1239284.9911200004
local_termination_time: 172821.94836000007
node_cons: 25542.760667586685
tot_aggregated_send: 15718
tot_msg_rcv: 1393
tot_msg_sent: 2639
tot_reconf_duration: 6.279999999999999
tot_sleeping_duration: 1220215.3627200103
tot_uptimes: 318
tot_uptimes_duration: 19069.628399990033
