comms_cons: 124.682419191824
finished_reconf: true
global_termination_time: 1240875.314
local_termination_time: 401196.9174800005
node_cons: 25480.59817591488
tot_aggregated_send: 17284
tot_msg_rcv: 570
tot_msg_sent: 1097
tot_reconf_duration: 9.42
tot_sleeping_duration: 1221855.2947200038
tot_uptimes: 318
tot_uptimes_duration: 19020.019279996166
