comms_cons: 126.3123903930466
finished_reconf: true
global_termination_time: 1239665.315
local_termination_time: 208993.66136000006
node_cons: 25473.757902233723
tot_aggregated_send: 17110
tot_msg_rcv: 842
tot_msg_sent: 1246
tot_reconf_duration: 4.390000000000001
tot_sleeping_duration: 1220645.3028400047
tot_uptimes: 318
tot_uptimes_duration: 19020.01215999527
