comms_cons: 11.401753599975528
finished_reconf: true
global_termination_time: 11226.345240000002
local_termination_time: 2520.809040000001
node_cons: 1905.1220153600038
tot_aggregated_send: 0
tot_msg_rcv: 833
tot_msg_sent: 899
tot_reconf_duration: 18.21
tot_sleeping_duration: 9822.018999999998
tot_uptimes: 23
tot_uptimes_duration: 1404.3262400000033
