comms_cons: 146.4567551848755
finished_reconf: true
global_termination_time: 1415518.1035599986
local_termination_time: 1415518.0624399986
node_cons: 29264.78309409805
tot_aggregated_send: 18153
tot_msg_rcv: 1271
tot_msg_sent: 2835
tot_reconf_duration: 79.46000000000001
tot_sleeping_duration: 1393742.9904800148
tot_uptimes: 363
tot_uptimes_duration: 21775.11307998367
