comms_cons: 1069.470216972382
finished_reconf: true
global_termination_time: 7012774.744
local_termination_time: 1486644.4323599997
node_cons: 144217.27464669757
tot_aggregated_send: 0
tot_msg_rcv: 81993
tot_msg_sent: 80559
tot_reconf_duration: 5.1
tot_sleeping_duration: 6905074.707520014
tot_uptimes: 1796
tot_uptimes_duration: 107700.03647998697
