comms_cons: 694.4696001335546
finished_reconf: true
global_termination_time: 7014997.307
local_termination_time: 1528796.951359999
node_cons: 144325.0625289318
tot_aggregated_send: 97498
tot_msg_rcv: 2801
tot_msg_sent: 5256
tot_reconf_duration: 25.299999999999997
tot_sleeping_duration: 6907237.258360017
tot_uptimes: 1797
tot_uptimes_duration: 107760.04863998247
