comms_cons: 685.9626240921276
finished_reconf: true
global_termination_time: 7015876.631
local_termination_time: 4093791.2564800004
node_cons: 144303.44864222975
tot_aggregated_send: 96918
tot_msg_rcv: 2398
tot_msg_sent: 4946
tot_reconf_duration: 9.42
tot_sleeping_duration: 6908116.618840005
tot_uptimes: 1797
tot_uptimes_duration: 107760.0121599955
