comms_cons: 348.6778624206841
finished_reconf: true
global_termination_time: 3540616.625
local_termination_time: 2317272.060279999
node_cons: 72795.62848334985
tot_aggregated_send: 49764
tot_msg_rcv: 1047
tot_msg_sent: 2186
tot_reconf_duration: 5.57
tot_sleeping_duration: 3486256.6067600064
tot_uptimes: 907
tot_uptimes_duration: 54360.01823999337
