comms_cons: 348.3414847995611
finished_reconf: true
global_termination_time: 3543989.663
local_termination_time: 2802932.998479998
node_cons: 72872.57892223207
tot_aggregated_send: 49242
tot_msg_rcv: 1303
tot_msg_sent: 2400
tot_reconf_duration: 3.08
tot_sleeping_duration: 3489569.650840005
tot_uptimes: 908
tot_uptimes_duration: 54420.01215999527
