comms_cons: 350.856832025862
finished_reconf: true
global_termination_time: 3541331.822
local_termination_time: 511934.006
node_cons: 72827.13449814712
tot_aggregated_send: 49936
tot_msg_rcv: 1011
tot_msg_sent: 2382
tot_reconf_duration: 18.700000000000003
tot_sleeping_duration: 3486961.5905600083
tot_uptimes: 907
tot_uptimes_duration: 54370.23143999168
