comms_cons: 353.38140161970415
finished_reconf: true
global_termination_time: 3542479.145
local_termination_time: 41817.45636000001
node_cons: 72883.32337005963
tot_aggregated_send: 49126
tot_msg_rcv: 1379
tot_msg_sent: 3207
tot_reconf_duration: 10.95
tot_sleeping_duration: 3488059.0902800136
tot_uptimes: 908
tot_uptimes_duration: 54420.054719986045
