comms_cons: 353.31024643130996
finished_reconf: true
global_termination_time: 3540820.64
local_termination_time: 1930740.3573599998
node_cons: 72795.45464558397
tot_aggregated_send: 50170
tot_msg_rcv: 1238
tot_msg_sent: 2294
tot_reconf_duration: 5.43
tot_sleeping_duration: 3486460.609600011
tot_uptimes: 907
tot_uptimes_duration: 54360.03039998934
