comms_cons: 149.98602239004381
finished_reconf: true
global_termination_time: 1509716.056
local_termination_time: 93749.50395999991
node_cons: 31017.78012111688
tot_aggregated_send: 20648
tot_msg_rcv: 663
tot_msg_sent: 1486
tot_reconf_duration: 4.8100000000000005
tot_sleeping_duration: 1486556.0499200025
tot_uptimes: 387
tot_uptimes_duration: 23160.006079997635
