comms_cons: 145.1108351941601
finished_reconf: true
global_termination_time: 1510920.595
local_termination_time: 1115074.82836
node_cons: 31019.686760000008
tot_aggregated_send: 20706
tot_msg_rcv: 454
tot_msg_sent: 896
tot_reconf_duration: 6.22
tot_sleeping_duration: 1487760.595
tot_uptimes: 387
tot_uptimes_duration: 23160.0
