comms_cons: 144.21606399692476
finished_reconf: true
global_termination_time: 1510353.29
local_termination_time: 1115093.5393599998
node_cons: 31026.598980000126
tot_aggregated_send: 21460
tot_msg_rcv: 105
tot_msg_sent: 355
tot_reconf_duration: 11.31
tot_sleeping_duration: 1487193.29
tot_uptimes: 387
tot_uptimes_duration: 23160.0
