comms_cons: 91.56460799521636
finished_reconf: true
global_termination_time: 908165.465
local_termination_time: 624121.8150000001
node_cons: 18674.70976439052
tot_aggregated_send: 12449
tot_msg_rcv: 480
tot_msg_sent: 990
tot_reconf_duration: 25.299999999999997
tot_sleeping_duration: 894244.3654000071
tot_uptimes: 233
tot_uptimes_duration: 13921.099599992856
