comms_cons: 92.17167359663041
finished_reconf: true
global_termination_time: 907571.762
local_termination_time: 365655.19656000024
node_cons: 18643.087063355146
tot_aggregated_send: 11890
tot_msg_rcv: 720
tot_msg_sent: 1399
tot_reconf_duration: 3.08
tot_sleeping_duration: 893651.7437600036
tot_uptimes: 233
tot_uptimes_duration: 13920.018239996338
