comms_cons: 91.39824639627395
finished_reconf: true
global_termination_time: 909130.197
local_termination_time: 598319.4497999983
node_cons: 18653.758241116793
tot_aggregated_send: 12354
tot_msg_rcv: 443
tot_msg_sent: 1095
tot_reconf_duration: 10.95
tot_sleeping_duration: 895210.1909200024
tot_uptimes: 233
tot_uptimes_duration: 13920.006079997635
