comms_cons: 91.72125439305098
finished_reconf: true
global_termination_time: 909411.523
local_termination_time: 454139.2792000006
node_cons: 18644.8497611168
tot_aggregated_send: 12586
tot_msg_rcv: 487
tot_msg_sent: 869
tot_reconf_duration: 4.390000000000001
tot_sleeping_duration: 895491.5169200024
tot_uptimes: 233
tot_uptimes_duration: 13920.006079997635
