comms_cons: 1.5197951999992
finished_reconf: true
global_termination_time: 18887.276
local_termination_time: 4566.201480000001
node_cons: 329.8882400000009
tot_aggregated_send: 0
tot_msg_rcv: 118
tot_msg_sent: 113
tot_reconf_duration: 6.279999999999999
tot_sleeping_duration: 18647.276
tot_uptimes: 5
tot_uptimes_duration: 240.0
