comms_cons: 1.4934783999950663
finished_reconf: true
global_termination_time: 15285.52
local_termination_time: 5488.81736
node_cons: 255.89009999999976
tot_aggregated_send: 0
tot_msg_rcv: 119
tot_msg_sent: 108
tot_reconf_duration: 10.95
tot_sleeping_duration: 15105.52
tot_uptimes: 4
tot_uptimes_duration: 180.0
