comms_cons: 2.2829823999945673
finished_reconf: true
global_termination_time: 18391.584
local_termination_time: 4228.93436
node_cons: 336.71898000000056
tot_aggregated_send: 0
tot_msg_rcv: 181
tot_msg_sent: 166
tot_reconf_duration: 11.31
tot_sleeping_duration: 18151.584
tot_uptimes: 5
tot_uptimes_duration: 240.0
