comms_cons: 342.65212792982584
finished_reconf: true
global_termination_time: 971767.962
local_termination_time: 264679.606
node_cons: 58845.537420479915
tot_aggregated_send: 0
tot_msg_rcv: 21026
tot_msg_sent: 31056
tot_reconf_duration: 18.21
tot_sleeping_duration: 927839.0536799993
tot_uptimes: 722
tot_uptimes_duration: 43928.9083200007
