comms_cons: 49.731289601373206
finished_reconf: true
global_termination_time: 431992.0097200001
local_termination_time: 431991.9686000001
node_cons: 8889.375754894483
tot_aggregated_send: 4002
tot_msg_rcv: 1132
tot_msg_sent: 2429
tot_reconf_duration: 24.59
tot_sleeping_duration: 425378.13179998926
tot_uptimes: 111
tot_uptimes_duration: 6613.877920010804
