comms_cons: 43.23192320060803
finished_reconf: true
global_termination_time: 436080.243
local_termination_time: 54795.98936000001
node_cons: 8935.624860000009
tot_aggregated_send: 6090
tot_msg_rcv: 145
tot_msg_sent: 336
tot_reconf_duration: 13.17
tot_sleeping_duration: 429420.243
tot_uptimes: 112
tot_uptimes_duration: 6660.0
