comms_cons: 71.60863999876584
finished_reconf: true
global_termination_time: 731796.56
local_termination_time: 561459.32136
node_cons: 15032.034901116973
tot_aggregated_send: 10614
tot_msg_rcv: 71
tot_msg_sent: 199
tot_reconf_duration: 6.22
tot_sleeping_duration: 720576.5539200024
tot_uptimes: 188
tot_uptimes_duration: 11220.006079997635
