comms_cons: 1.717171199994545
finished_reconf: true
global_termination_time: 12037.568
local_termination_time: 5095.15736
node_cons: 245.20263999999992
tot_aggregated_send: 0
tot_msg_rcv: 144
tot_msg_sent: 117
tot_reconf_duration: 3.08
tot_sleeping_duration: 11857.568
tot_uptimes: 4
tot_uptimes_duration: 180.0
