comms_cons: 593.0533441182203
finished_reconf: true
global_termination_time: 5913889.11
local_termination_time: 2036001.6472799985
node_cons: 121649.67080558155
tot_aggregated_send: 82882
tot_msg_rcv: 2331
tot_msg_sent: 4927
tot_reconf_duration: 10.95
tot_sleeping_duration: 5823049.079600012
tot_uptimes: 1515
tot_uptimes_duration: 90840.03039998887
