comms_cons: 71.21983999873689
finished_reconf: true
global_termination_time: 719297.1564799999
local_termination_time: 4382.901
node_cons: 14812.688869839096
tot_aggregated_send: 10142
tot_msg_rcv: 219
tot_msg_sent: 463
tot_reconf_duration: 7.08
tot_sleeping_duration: 708241.8359200006
tot_uptimes: 185
tot_uptimes_duration: 11055.320559999309
