comms_cons: 1.7040127999970276
finished_reconf: true
global_termination_time: 10307.462
local_termination_time: 6856.778360000001
node_cons: 169.2082400000009
tot_aggregated_send: 0
tot_msg_rcv: 148
tot_msg_sent: 111
tot_reconf_duration: 6.279999999999999
tot_sleeping_duration: 10187.462
tot_uptimes: 3
tot_uptimes_duration: 120.0
