comms_cons: 1.460582399995175
finished_reconf: true
global_termination_time: 9089.89
local_termination_time: 4811.263360000001
node_cons: 181.1993800000008
tot_aggregated_send: 0
tot_msg_rcv: 120
tot_msg_sent: 102
tot_reconf_duration: 15.110000000000001
tot_sleeping_duration: 8969.89
tot_uptimes: 3
tot_uptimes_duration: 120.0
