comms_cons: 91.6758271935284
finished_reconf: true
global_termination_time: 893626.295
local_termination_time: 348372.1444800001
node_cons: 18325.157330079117
tot_aggregated_send: 11310
tot_msg_rcv: 863
tot_msg_sent: 1761
tot_reconf_duration: 5.57
tot_sleeping_duration: 879946.2402800007
tot_uptimes: 229
tot_uptimes_duration: 13680.054719999316
