comms_cons: 93.26460159360438
finished_reconf: true
global_termination_time: 895824.384
local_termination_time: 87452.50855999986
node_cons: 18402.140333427327
tot_aggregated_send: 11542
tot_msg_rcv: 880
tot_msg_sent: 1754
tot_reconf_duration: 3.08
tot_sleeping_duration: 882084.3110400095
tot_uptimes: 230
tot_uptimes_duration: 13740.072959990517
