comms_cons: 91.37116159582934
finished_reconf: true
global_termination_time: 894838.868
local_termination_time: 446134.80168000027
node_cons: 18415.076668957685
tot_aggregated_send: 11890
tot_msg_rcv: 662
tot_msg_sent: 1337
tot_reconf_duration: 12.629999999999999
tot_sleeping_duration: 881098.8193600017
tot_uptimes: 230
tot_uptimes_duration: 13740.048639998247
