comms_cons: 89.45143039856025
finished_reconf: true
global_termination_time: 895082.403
local_termination_time: 530707.361
node_cons: 18417.85038271714
tot_aggregated_send: 12464
tot_msg_rcv: 378
tot_msg_sent: 755
tot_reconf_duration: 11.899999999999999
tot_sleeping_duration: 881339.5425200022
tot_uptimes: 230
tot_uptimes_duration: 13742.86047999782
