comms_cons: 90.06827519319573
finished_reconf: true
global_termination_time: 896149.179
local_termination_time: 79587.57935999997
node_cons: 18408.528406724025
tot_aggregated_send: 11600
tot_msg_rcv: 580
tot_msg_sent: 1509
tot_reconf_duration: 7.819999999999999
tot_sleeping_duration: 882409.1425199971
tot_uptimes: 230
tot_uptimes_duration: 13740.036480002978
