comms_cons: 214.3371775916213
finished_reconf: true
global_termination_time: 2160439.723
local_termination_time: 1596229.9974399987
node_cons: 44435.58405999964
tot_aggregated_send: 31088
tot_msg_rcv: 555
tot_msg_sent: 935
tot_reconf_duration: 5.57
tot_sleeping_duration: 2127259.723
tot_uptimes: 554
tot_uptimes_duration: 33180.0
