comms_cons: 87.26456321201547
finished_reconf: true
global_termination_time: 437893.61284000025
local_termination_time: 877.4230399999996
node_cons: 9046.201510002029
tot_aggregated_send: 0
tot_msg_rcv: 6766
tot_msg_sent: 6495
tot_reconf_duration: 18.21
tot_sleeping_duration: 431156.14283999876
tot_uptimes: 113
tot_uptimes_duration: 6737.470000001507
