comms_cons: 58.79831040155043
finished_reconf: true
global_termination_time: 579396.4025599995
local_termination_time: 579396.3614399995
node_cons: 11954.763130325058
tot_aggregated_send: 7758
tot_msg_rcv: 345
tot_msg_sent: 833
tot_reconf_duration: 24.59
tot_sleeping_duration: 570493.2136799957
tot_uptimes: 149
tot_uptimes_duration: 8903.188880003756
