comms_cons: 57.50878720093941
finished_reconf: true
global_termination_time: 584494.638
local_termination_time: 338783.28652000084
node_cons: 12001.426841121489
tot_aggregated_send: 7946
tot_msg_rcv: 290
tot_msg_sent: 505
tot_reconf_duration: 22.65
tot_sleeping_duration: 575554.6319199989
tot_uptimes: 150
tot_uptimes_duration: 8940.006080001076
