comms_cons: 819.9471298109838
finished_reconf: true
global_termination_time: 8247863.571
local_termination_time: 4525250.30036
node_cons: 169682.3114866971
tot_aggregated_send: 114492
tot_msg_rcv: 3364
tot_msg_sent: 6771
tot_reconf_duration: 3.08
tot_sleeping_duration: 8121143.534520013
tot_uptimes: 2113
tot_uptimes_duration: 126720.0364799872
