comms_cons: 809.7610625032844
finished_reconf: true
global_termination_time: 8247758.598
local_termination_time: 4796208.521879999
node_cons: 169690.9049244626
tot_aggregated_send: 115652
tot_msg_rcv: 2383
tot_msg_sent: 5044
tot_reconf_duration: 9.42
tot_sleeping_duration: 8121038.573680009
tot_uptimes: 2113
tot_uptimes_duration: 126720.02431999147
