comms_cons: 88.20314239934439
finished_reconf: true
global_termination_time: 896153.608
local_termination_time: 326166.39836000005
node_cons: 18404.80208223826
tot_aggregated_send: 12180
tot_msg_rcv: 411
tot_msg_sent: 815
tot_reconf_duration: 5.1
tot_sleeping_duration: 882413.5958400012
tot_uptimes: 230
tot_uptimes_duration: 13740.012159998703
