comms_cons: 87.87349119950113
finished_reconf: true
global_termination_time: 896864.463
local_termination_time: 408754.9314800001
node_cons: 18402.050746724075
tot_aggregated_send: 11600
tot_msg_rcv: 468
tot_msg_sent: 1288
tot_reconf_duration: 3.05
tot_sleeping_duration: 883124.426519997
tot_uptimes: 230
tot_uptimes_duration: 13740.036480002978
