comms_cons: 87.93758719912984
finished_reconf: true
global_termination_time: 901669.305
local_termination_time: 502441.42436
node_cons: 18486.65490111682
tot_aggregated_send: 12296
tot_msg_rcv: 376
tot_msg_sent: 695
tot_reconf_duration: 6.22
tot_sleeping_duration: 887869.2989200024
tot_uptimes: 231
tot_uptimes_duration: 13800.006079997635
