comms_cons: 380.108435227907
finished_reconf: true
global_termination_time: 3828373.963
local_termination_time: 1765983.67236
node_cons: 78749.36834111509
tot_aggregated_send: 54636
tot_msg_rcv: 944
tot_msg_sent: 2194
tot_reconf_duration: 11.899999999999999
tot_sleeping_duration: 3769573.956920002
tot_uptimes: 981
tot_uptimes_duration: 58800.006079997635
