comms_cons: 382.8715200341196
finished_reconf: true
global_termination_time: 3827250.997
local_termination_time: 1060362.49636
node_cons: 78748.60782669978
tot_aggregated_send: 53070
tot_msg_rcv: 1582
tot_msg_sent: 3543
tot_reconf_duration: 11.31
tot_sleeping_duration: 3768450.9605200137
tot_uptimes: 981
tot_uptimes_duration: 58800.03647998627
