comms_cons: 368.90734084589116
finished_reconf: true
global_termination_time: 3654765.1855999986
local_termination_time: 3654765.1444799984
node_cons: 75223.73632269196
tot_aggregated_send: 50840
tot_msg_rcv: 1817
tot_msg_sent: 3414
tot_reconf_duration: 37.410000000000004
tot_sleeping_duration: 3598624.085120018
tot_uptimes: 936
tot_uptimes_duration: 56141.10047998058
