comms_cons: 364.19161603625264
finished_reconf: true
global_termination_time: 3658673.96
local_termination_time: 2561827.6451999997
node_cons: 75216.17370670039
tot_aggregated_send: 50286
tot_msg_rcv: 1754
tot_msg_sent: 3315
tot_reconf_duration: 13.17
tot_sleeping_duration: 3602513.923520013
tot_uptimes: 937
tot_uptimes_duration: 56160.03647998674
