comms_cons: 367.7260736448097
finished_reconf: true
global_termination_time: 3656610.315
local_termination_time: 176229.04800000045
node_cons: 75214.47347005557
tot_aggregated_send: 51040
tot_msg_rcv: 1601
tot_msg_sent: 3250
tot_reconf_duration: 11.899999999999999
tot_sleeping_duration: 3600450.260280017
tot_uptimes: 937
tot_uptimes_duration: 56160.05471998308
