comms_cons: 72.71892480885141
finished_reconf: true
global_termination_time: 394833.165
local_termination_time: 176498.96136000004
node_cons: 8122.786760000011
tot_aggregated_send: 0
tot_msg_rcv: 5674
tot_msg_sent: 5378
tot_reconf_duration: 6.22
tot_sleeping_duration: 388773.165
tot_uptimes: 102
tot_uptimes_duration: 6060.0
