comms_cons: 331.1931263986859
finished_reconf: true
global_termination_time: 3357677.895
local_termination_time: 1619715.8123599987
node_cons: 69016.21004111508
tot_aggregated_send: 47270
tot_msg_rcv: 1092
tot_msg_sent: 1976
tot_reconf_duration: 3.05
tot_sleeping_duration: 3306137.888920002
tot_uptimes: 860
tot_uptimes_duration: 51540.006079997635
