comms_cons: 22.481753600390583
finished_reconf: true
global_termination_time: 217039.348
local_termination_time: 37098.79112000019
node_cons: 4431.2386147994075
tot_aggregated_send: 2726
tot_msg_rcv: 232
tot_msg_sent: 460
tot_reconf_duration: 7.819999999999999
tot_sleeping_duration: 213737.91480000044
tot_uptimes: 56
tot_uptimes_duration: 3301.4331999995557
