comms_cons: 117.89989119111618
finished_reconf: true
global_termination_time: 1165294.0394799998
local_termination_time: 1165293.9983599999
node_cons: 24024.092564794944
tot_aggregated_send: 16065
tot_msg_rcv: 658
tot_msg_sent: 1196
tot_reconf_duration: 45.35
tot_sleeping_duration: 1147398.2162800035
tot_uptimes: 299
tot_uptimes_duration: 17895.823199996183
