comms_cons: 111.68849919597753
finished_reconf: true
global_termination_time: 1165756.89
local_termination_time: 5498.986
node_cons: 23957.284606710225
tot_aggregated_send: 15590
tot_msg_rcv: 440
tot_msg_sent: 946
tot_reconf_duration: 11.719999999999999
tot_sleeping_duration: 1147876.853520007
tot_uptimes: 299
tot_uptimes_duration: 17880.036479992676
