comms_cons: 112.13588479679554
finished_reconf: true
global_termination_time: 1169115.767
local_termination_time: 5246.0289999999995
node_cons: 24030.465244467367
tot_aggregated_send: 16117
tot_msg_rcv: 280
tot_msg_sent: 647
tot_reconf_duration: 6.46
tot_sleeping_duration: 1151175.7426800095
tot_uptimes: 300
tot_uptimes_duration: 17940.024319990538
