comms_cons: 194.43537919453394
finished_reconf: true
global_termination_time: 1984860.533
local_termination_time: 801810.4883599998
node_cons: 40818.72232558848
tot_aggregated_send: 27782
tot_msg_rcv: 587
tot_msg_sent: 1185
tot_reconf_duration: 4.390000000000001
tot_sleeping_duration: 1954380.5026000084
tot_uptimes: 509
tot_uptimes_duration: 30480.030399991607
