comms_cons: 193.48111359634981
finished_reconf: true
global_termination_time: 1986028.109
local_termination_time: 1330353.2633599997
node_cons: 40816.86189999944
tot_aggregated_send: 28420
tot_msg_rcv: 401
tot_msg_sent: 587
tot_reconf_duration: 3.05
tot_sleeping_duration: 1955548.109
tot_uptimes: 509
tot_uptimes_duration: 30480.0
