comms_cons: 91.46391039440438
finished_reconf: true
global_termination_time: 886051.1992400001
local_termination_time: 150545.74636000005
node_cons: 18189.669022794315
tot_aggregated_send: 11542
tot_msg_rcv: 808
tot_msg_sent: 1550
tot_reconf_duration: 5.1
tot_sleeping_duration: 872471.8540400044
tot_uptimes: 227
tot_uptimes_duration: 13579.345199995732
