comms_cons: 91.741619196128
finished_reconf: true
global_termination_time: 887253.051
local_termination_time: 226176.06136000008
node_cons: 18257.764508966895
tot_aggregated_send: 11948
tot_msg_rcv: 841
tot_msg_sent: 1155
tot_reconf_duration: 15.110000000000001
tot_sleeping_duration: 873633.0023599949
tot_uptimes: 228
tot_uptimes_duration: 13620.048640005116
