comms_cons: 89.65538559680442
finished_reconf: true
global_termination_time: 889852.169
local_termination_time: 719309.6207599991
node_cons: 18253.35648223832
tot_aggregated_send: 12470
tot_msg_rcv: 467
tot_msg_sent: 691
tot_reconf_duration: 11.899999999999999
tot_sleeping_duration: 876232.1568400012
tot_uptimes: 228
tot_uptimes_duration: 13620.012159998703
