comms_cons: 91.41861119547217
finished_reconf: true
global_termination_time: 916066.94
local_termination_time: 446836.8613600001
node_cons: 18830.343123350558
tot_aggregated_send: 12934
tot_msg_rcv: 341
tot_msg_sent: 621
tot_reconf_duration: 22.65
tot_sleeping_duration: 902026.921760007
tot_uptimes: 235
tot_uptimes_duration: 14040.018239992904
