comms_cons: 400.08115186347504
finished_reconf: true
global_termination_time: 915827.289
local_termination_time: 558933.9355999999
node_cons: 55427.90989103278
tot_aggregated_send: 0
tot_msg_rcv: 24599
tot_msg_sent: 36211
tot_reconf_duration: 4.390000000000001
tot_sleeping_duration: 874436.7376400047
tot_uptimes: 683
tot_uptimes_duration: 41390.55135999526
