comms_cons: 2.3158783999923473
finished_reconf: true
global_termination_time: 12161.656240000004
local_termination_time: 9946.027359999998
node_cons: 269.69415936000235
tot_aggregated_send: 0
tot_msg_rcv: 180
tot_msg_sent: 172
tot_reconf_duration: 5.1
tot_sleeping_duration: 11965.414
tot_uptimes: 4
tot_uptimes_duration: 196.24224000000322
