comms_cons: 2.250086399994676
finished_reconf: true
global_termination_time: 15309.875
local_termination_time: 5089.74536
node_cons: 255.89009999999976
tot_aggregated_send: 0
tot_msg_rcv: 178
tot_msg_sent: 164
tot_reconf_duration: 10.95
tot_sleeping_duration: 15129.875
tot_uptimes: 4
tot_uptimes_duration: 180.0
