comms_cons: 2.302719999992391
finished_reconf: true
global_termination_time: 12161.508240000006
local_termination_time: 8085.755360000001
node_cons: 299.08332936001074
tot_aggregated_send: 0
tot_msg_rcv: 181
tot_msg_sent: 169
tot_reconf_duration: 7.819999999999999
tot_sleeping_duration: 11946.076
tot_uptimes: 4
tot_uptimes_duration: 215.43224000000737
