comms_cons: 140.6902399969009
finished_reconf: true
global_termination_time: 1422335.318
local_termination_time: 770327.851
node_cons: 29281.422625114108
tot_aggregated_send: 20530
tot_msg_rcv: 281
tot_msg_sent: 573
tot_reconf_duration: 18.700000000000003
tot_sleeping_duration: 1400486.1559200045
tot_uptimes: 365
tot_uptimes_duration: 21849.162079995614
