comms_cons: 293.9942656084066
finished_reconf: true
global_termination_time: 2923747.129
local_termination_time: 1668967.8994799997
node_cons: 60112.25370670072
tot_aggregated_send: 40774
tot_msg_rcv: 1303
tot_msg_sent: 2608
tot_reconf_duration: 13.17
tot_sleeping_duration: 2878867.092520014
tot_uptimes: 749
tot_uptimes_duration: 44880.036479986506
