comms_cons: 291.7700096081916
finished_reconf: true
global_termination_time: 2922968.778
local_termination_time: 1396614.0834399986
node_cons: 60107.136783349975
tot_aggregated_send: 41122
tot_msg_rcv: 1062
tot_msg_sent: 2161
tot_reconf_duration: 9.42
tot_sleeping_duration: 2878088.7597600063
tot_uptimes: 749
tot_uptimes_duration: 44880.01823999343
