comms_cons: 295.64153604281944
finished_reconf: true
global_termination_time: 2924933.19
local_termination_time: 1097912.3610799988
node_cons: 60191.860386701286
tot_aggregated_send: 40484
tot_msg_rcv: 1562
tot_msg_sent: 2890
tot_reconf_duration: 12.629999999999999
tot_sleeping_duration: 2879993.153520013
tot_uptimes: 750
tot_uptimes_duration: 44940.03647998674
