comms_cons: 138.59404158615683
finished_reconf: true
global_termination_time: 1350764.28724
local_termination_time: 2313.3789600000027
node_cons: 27762.498419425385
tot_aggregated_send: 17922
tot_msg_rcv: 1093
tot_msg_sent: 2050
tot_reconf_duration: 18.21
tot_sleeping_duration: 1330049.000280011
tot_uptimes: 346
tot_uptimes_duration: 20715.286959989055
