comms_cons: 269.040947020696
finished_reconf: true
global_termination_time: 1354281.659
local_termination_time: 629507.672119998
node_cons: 27806.145890224325
tot_aggregated_send: 0
tot_msg_rcv: 20816
tot_msg_sent: 20076
tot_reconf_duration: 6.22
tot_sleeping_duration: 1333521.6148400118
tot_uptimes: 347
tot_uptimes_duration: 20760.044159988174
