comms_cons: 138.1430143869382
finished_reconf: true
global_termination_time: 1354465.443
local_termination_time: 712481.9353599998
node_cons: 27813.064108943814
tot_aggregated_send: 18212
tot_msg_rcv: 926
tot_msg_sent: 1858
tot_reconf_duration: 11.31
tot_sleeping_duration: 1333705.394360012
tot_uptimes: 347
tot_uptimes_duration: 20760.048639987945
