comms_cons: 1.5526911999990913
finished_reconf: true
global_termination_time: 13167.372
local_termination_time: 7029.869360000001
node_cons: 247.9458000000005
tot_aggregated_send: 0
tot_msg_rcv: 122
tot_msg_sent: 114
tot_reconf_duration: 5.1
tot_sleeping_duration: 12987.372
tot_uptimes: 4
tot_uptimes_duration: 180.0
