comms_cons: 2.23034879999263
finished_reconf: true
global_termination_time: 13316.299
local_termination_time: 10410.91736
node_cons: 258.9048600000001
tot_aggregated_send: 0
tot_msg_rcv: 177
tot_msg_sent: 162
tot_reconf_duration: 13.17
tot_sleeping_duration: 13136.299
tot_uptimes: 4
tot_uptimes_duration: 180.0
