comms_cons: 61.798080006258324
finished_reconf: true
global_termination_time: 315569.01
local_termination_time: 3270.0623600000004
node_cons: 6457.966841121438
tot_aggregated_send: 0
tot_msg_rcv: 4771
tot_msg_sent: 4621
tot_reconf_duration: 22.65
tot_sleeping_duration: 310769.00391999894
tot_uptimes: 81
tot_uptimes_duration: 4800.006080001069
