comms_cons: 32.47555840096751
finished_reconf: true
global_termination_time: 313669.88796000025
local_termination_time: 31669.370600000002
node_cons: 6457.505585085779
tot_aggregated_send: 4060
tot_msg_rcv: 286
tot_msg_sent: 591
tot_reconf_duration: 3.05
tot_sleeping_duration: 308850.34823999595
tot_uptimes: 81
tot_uptimes_duration: 4819.539720004308
