comms_cons: 427.6414208294948
finished_reconf: true
global_termination_time: 4317390.319
local_termination_time: 1153154.6210399983
node_cons: 88810.06554111451
tot_aggregated_send: 61712
tot_msg_rcv: 1024
tot_msg_sent: 2263
tot_reconf_duration: 25.299999999999997
tot_sleeping_duration: 4251090.312920002
tot_uptimes: 1106
tot_uptimes_duration: 66300.00607999763
