comms_cons: 426.8298496472969
finished_reconf: true
global_termination_time: 4317004.895
local_termination_time: 1216772.7064799997
node_cons: 88793.58485999753
tot_aggregated_send: 61770
tot_msg_rcv: 996
tot_msg_sent: 2109
tot_reconf_duration: 13.17
tot_sleeping_duration: 4250704.895
tot_uptimes: 1106
tot_uptimes_duration: 66300.0
