comms_cons: 254.36207357141924
finished_reconf: true
global_termination_time: 2539700.476
local_termination_time: 753212.8514799998
node_cons: 52251.872675634906
tot_aggregated_send: 33756
tot_msg_rcv: 1667
tot_msg_sent: 3238
tot_reconf_duration: 22.65
tot_sleeping_duration: 2500700.390880033
tot_uptimes: 651
tot_uptimes_duration: 39000.08511996688
