comms_cons: 258.00458240591945
finished_reconf: true
global_termination_time: 2541304.236
local_termination_time: 965901.9403599999
node_cons: 52229.60965116821
tot_aggregated_send: 34800
tot_msg_rcv: 1507
tot_msg_sent: 2909
tot_reconf_duration: 6.279999999999999
tot_sleeping_duration: 2502304.175200023
tot_uptimes: 651
tot_uptimes_duration: 39000.06079997681
