comms_cons: 250.69784959263947
finished_reconf: true
global_termination_time: 2540380.283
local_termination_time: 1633561.77636
node_cons: 52255.35739999911
tot_aggregated_send: 36598
tot_msg_rcv: 469
tot_msg_sent: 1036
tot_reconf_duration: 25.299999999999997
tot_sleeping_duration: 2501380.283
tot_uptimes: 651
tot_uptimes_duration: 38999.99999999988
