comms_cons: 250.41813759239685
finished_reconf: true
global_termination_time: 2540517.926
local_termination_time: 1586544.12336
node_cons: 52235.870099999454
tot_aggregated_send: 36482
tot_msg_rcv: 486
tot_msg_sent: 1094
tot_reconf_duration: 10.95
tot_sleeping_duration: 2501517.926
tot_uptimes: 651
tot_uptimes_duration: 39000.0
