comms_cons: 251.70703360173556
finished_reconf: true
global_termination_time: 2539926.436
local_termination_time: 1496428.3464399998
node_cons: 52237.1601999994
tot_aggregated_send: 36482
tot_msg_rcv: 569
tot_msg_sent: 1207
tot_reconf_duration: 11.899999999999999
tot_sleeping_duration: 2500926.436
tot_uptimes: 651
tot_uptimes_duration: 39000.0
