comms_cons: 890.5088322435888
finished_reconf: true
global_termination_time: 8897186.028
local_termination_time: 1207671.836519998
node_cons: 183020.5793133982
tot_aggregated_send: 124758
tot_msg_rcv: 3504
tot_msg_sent: 7089
tot_reconf_duration: 4.390000000000001
tot_sleeping_duration: 8760505.955040026
tot_uptimes: 2279
tot_uptimes_duration: 136680.0729599737
