comms_cons: 893.0398338323595
finished_reconf: true
global_termination_time: 8895637.741
local_termination_time: 1485763.0122799983
node_cons: 183029.94410893045
tot_aggregated_send: 123134
tot_msg_rcv: 4071
tot_msg_sent: 8531
tot_reconf_duration: 11.31
tot_sleeping_duration: 8758957.692360017
tot_uptimes: 2279
tot_uptimes_duration: 136680.0486399827
