comms_cons: 887.714701029877
finished_reconf: true
global_termination_time: 8896537.876
local_termination_time: 1529445.1593599997
node_cons: 183021.9590689306
tot_aggregated_send: 123830
tot_msg_rcv: 3385
tot_msg_sent: 7714
tot_reconf_duration: 5.43
tot_sleeping_duration: 8759857.827360017
tot_uptimes: 2279
tot_uptimes_duration: 136680.04863998294
