comms_cons: 112.18284799462819
finished_reconf: true
global_termination_time: 211801.06500000012
local_termination_time: 45536.41856000006
node_cons: 21225.860367315458
tot_aggregated_send: 0
tot_msg_rcv: 7713
tot_msg_sent: 9338
tot_reconf_duration: 4.390000000000001
tot_sleeping_duration: 195953.49312000352
tot_uptimes: 257
tot_uptimes_duration: 15847.57187999658
