comms_cons: 220.8148863921496
finished_reconf: true
global_termination_time: 2240939.253
local_termination_time: 1348236.4173599998
node_cons: 46045.43955999956
tot_aggregated_send: 31552
tot_msg_rcv: 657
tot_msg_sent: 1354
tot_reconf_duration: 7.819999999999999
tot_sleeping_duration: 2206559.253
tot_uptimes: 574
tot_uptimes_duration: 34380.0
