comms_cons: 218.7914367924069
finished_reconf: true
global_termination_time: 2243654.14
local_termination_time: 1572460.8314799997
node_cons: 46126.19167271894
tot_aggregated_send: 31378
tot_msg_rcv: 671
tot_msg_sent: 1206
tot_reconf_duration: 6.22
tot_sleeping_duration: 2209212.2095200005
tot_uptimes: 575
tot_uptimes_duration: 34441.93047999963
