comms_cons: 217.62019839539474
finished_reconf: true
global_termination_time: 2238768.482
local_termination_time: 1665184.0464799998
node_cons: 46050.17897999956
tot_aggregated_send: 32190
tot_msg_rcv: 299
tot_msg_sent: 588
tot_reconf_duration: 11.31
tot_sleeping_duration: 2204388.482
tot_uptimes: 574
tot_uptimes_duration: 34380.0
