comms_cons: 114.6162431943901
finished_reconf: true
global_termination_time: 1149814.64524
local_termination_time: 1066.5684800000004
node_cons: 23665.117713841217
tot_aggregated_send: 15486
tot_msg_rcv: 710
tot_msg_sent: 1224
tot_reconf_duration: 18.21
tot_sleeping_duration: 1132159.3886799992
tot_uptimes: 295
tot_uptimes_duration: 17655.256560000882
