comms_cons: 114.90732799739861
finished_reconf: true
global_termination_time: 1151419.811
local_termination_time: 274402.1853600001
node_cons: 23624.135267880716
tot_aggregated_send: 15892
tot_msg_rcv: 573
tot_msg_sent: 1000
tot_reconf_duration: 3.05
tot_sleeping_duration: 1133779.7860799995
tot_uptimes: 295
tot_uptimes_duration: 17640.024920000462
