comms_cons: 2.2961407999924126
finished_reconf: true
global_termination_time: 18115.41
local_termination_time: 9109.846360000001
node_cons: 328.9240600000021
tot_aggregated_send: 0
tot_msg_rcv: 178
tot_msg_sent: 171
tot_reconf_duration: 5.57
tot_sleeping_duration: 17875.41
tot_uptimes: 5
tot_uptimes_duration: 240.0
