comms_cons: 1.7704319999934421
finished_reconf: true
global_termination_time: 18163.053
local_termination_time: 11342.34636
node_cons: 352.11869999999954
tot_aggregated_send: 0
tot_msg_rcv: 146
tot_msg_sent: 123
tot_reconf_duration: 22.65
tot_sleeping_duration: 17923.053
tot_uptimes: 5
tot_uptimes_duration: 240.0
