comms_cons: 63.91034879930655
finished_reconf: true
global_termination_time: 644427.67
local_termination_time: 457662.12548000005
node_cons: 13271.458980000016
tot_aggregated_send: 8874
tot_msg_rcv: 324
tot_msg_sent: 516
tot_reconf_duration: 11.31
tot_sleeping_duration: 634527.67
tot_uptimes: 166
tot_uptimes_duration: 9900.0
