comms_cons: 103.1158015943547
finished_reconf: true
global_termination_time: 1005072.243
local_termination_time: 316970.28636
node_cons: 20665.313706719397
tot_aggregated_send: 13688
tot_msg_rcv: 773
tot_msg_sent: 1212
tot_reconf_duration: 13.17
tot_sleeping_duration: 989652.2065200005
tot_uptimes: 258
tot_uptimes_duration: 15420.036479999544
