comms_cons: 101.43810559400708
finished_reconf: true
global_termination_time: 1003048.593
local_termination_time: 307008.11348
node_cons: 20592.467164467296
tot_aggregated_send: 13862
tot_msg_rcv: 580
tot_msg_sent: 976
tot_reconf_duration: 18.700000000000003
tot_sleeping_duration: 987688.5686800095
tot_uptimes: 257
tot_uptimes_duration: 15360.024319990538
