comms_cons: 104.29442558939239
finished_reconf: true
global_termination_time: 1005559.508
local_termination_time: 224395.12936000005
node_cons: 20655.891888957685
tot_aggregated_send: 12818
tot_msg_rcv: 942
tot_msg_sent: 2093
tot_reconf_duration: 6.22
tot_sleeping_duration: 990139.4593600018
tot_uptimes: 258
tot_uptimes_duration: 15420.048639998247
