comms_cons: 104.07636478884642
finished_reconf: true
global_termination_time: 1004962.236
local_termination_time: 224720.55836000005
node_cons: 20662.79596783625
tot_aggregated_send: 13108
tot_msg_rcv: 914
tot_msg_sent: 1797
tot_reconf_duration: 11.31
tot_sleeping_duration: 989542.1934400029
tot_uptimes: 258
tot_uptimes_duration: 15420.04255999718
