comms_cons: 12.160243199489093
finished_reconf: true
global_termination_time: 130230.747
local_termination_time: 4667.452
node_cons: 2659.248447837197
tot_aggregated_send: 752
tot_msg_rcv: 334
tot_msg_sent: 763
tot_reconf_duration: 5.87
tot_sleeping_duration: 128250.7044400021
tot_uptimes: 34
tot_uptimes_duration: 1980.0425599979062
