comms_cons: 12.343833599860048
finished_reconf: true
global_termination_time: 130185.832
local_termination_time: 542.81324
node_cons: 2655.0223655990108
tot_aggregated_send: 928
tot_msg_rcv: 414
tot_msg_sent: 534
tot_reconf_duration: 2.77
tot_sleeping_duration: 128205.80160000073
tot_uptimes: 34
tot_uptimes_duration: 1980.0303999992611
