comms_cons: 10.297075199864306
finished_reconf: true
global_termination_time: 131392.585
local_termination_time: 3345.0321200000003
node_cons: 2659.7291867183285
tot_aggregated_send: 638
tot_msg_rcv: 305
tot_msg_sent: 623
tot_reconf_duration: 6.23
tot_sleeping_duration: 129412.54852000125
tot_uptimes: 34
tot_uptimes_duration: 1980.036479998751
