comms_cons: 11.424153599881807
finished_reconf: true
global_termination_time: 132797.682
local_termination_time: 7501.892
node_cons: 2736.7040833605915
tot_aggregated_send: 751
tot_msg_rcv: 430
tot_msg_sent: 556
tot_reconf_duration: 3.77
tot_sleeping_duration: 130757.66375999956
tot_uptimes: 35
tot_uptimes_duration: 2040.0182400004414
