comms_cons: 177.8193023927051
finished_reconf: true
global_termination_time: 1781031.3465999998
local_termination_time: 1781031.3054799999
node_cons: 36704.34583182919
tot_aggregated_send: 25146
tot_msg_rcv: 583
tot_msg_sent: 1297
tot_reconf_duration: 37.410000000000004
tot_sleeping_duration: 1753657.5280400077
tot_uptimes: 457
tot_uptimes_duration: 27373.81855999201
