comms_cons: 182.1934527825362
finished_reconf: true
global_termination_time: 1782774.241
local_termination_time: 839027.5192399989
node_cons: 36655.912425584
tot_aggregated_send: 24070
tot_msg_rcv: 1248
tot_msg_sent: 2373
tot_reconf_duration: 15.34
tot_sleeping_duration: 1755414.2106000117
tot_uptimes: 457
tot_uptimes_duration: 27360.030399988173
