comms_cons: 185.21666557475527
finished_reconf: true
global_termination_time: 1781176.506
local_termination_time: 233681.3650400003
node_cons: 36641.68595565393
tot_aggregated_send: 23316
tot_msg_rcv: 1688
tot_msg_sent: 3147
tot_reconf_duration: 4.8100000000000005
tot_sleeping_duration: 1753816.4208800194
tot_uptimes: 457
tot_uptimes_duration: 27360.08511998062
