comms_cons: 181.2503807829038
finished_reconf: true
global_termination_time: 1784263.098
local_termination_time: 760178.3036799985
node_cons: 36641.066748934565
tot_aggregated_send: 24360
tot_msg_rcv: 1093
tot_msg_sent: 2096
tot_reconf_duration: 4.390000000000001
tot_sleeping_duration: 1756903.049360019
tot_uptimes: 457
tot_uptimes_duration: 27360.048639981076
