comms_cons: 0.9624895999964755
finished_reconf: true
global_termination_time: 7296.936
local_termination_time: 2931.7083600000005
node_cons: 95.21010000000037
tot_aggregated_send: 0
tot_msg_rcv: 96
tot_msg_sent: 50
tot_reconf_duration: 10.95
tot_sleeping_duration: 7236.936
tot_uptimes: 2
tot_uptimes_duration: 60.0
