comms_cons: 591.9028351013976
finished_reconf: true
global_termination_time: 681898.7635999998
local_termination_time: 681898.7224799999
node_cons: 68479.92784457051
tot_aggregated_send: 0
tot_msg_rcv: 40571
tot_msg_sent: 49392
tot_reconf_duration: 37.410000000000004
tot_sleeping_duration: 630794.114559991
tot_uptimes: 825
tot_uptimes_duration: 51104.64904000885
