comms_cons: 135.59272957715316
finished_reconf: true
global_termination_time: 685618.268
local_termination_time: 1603.5093600000002
node_cons: 14070.510643362033
tot_aggregated_send: 0
tot_msg_rcv: 10450
tot_msg_sent: 10157
tot_reconf_duration: 8.09
tot_sleeping_duration: 675118.2497599985
tot_uptimes: 176
tot_uptimes_duration: 10500.018240001504
