comms_cons: 70.46786559841948
finished_reconf: true
global_termination_time: 684838.385
local_termination_time: 9487.77548
node_cons: 14067.995606721726
tot_aggregated_send: 9048
tot_msg_rcv: 563
tot_msg_sent: 1098
tot_reconf_duration: 6.22
tot_sleeping_duration: 674338.3485199987
tot_uptimes: 176
tot_uptimes_duration: 10500.036480001276
