comms_cons: 96.55884799637333
finished_reconf: true
global_termination_time: 960924.003879998
local_termination_time: 960923.962759998
node_cons: 19896.85942991485
tot_aggregated_send: 13629
tot_msg_rcv: 383
tot_msg_sent: 662
tot_reconf_duration: 39.92
tot_sleeping_duration: 946104.9986000018
tot_uptimes: 247
tot_uptimes_duration: 14819.005279996163
