comms_cons: 42.586188802355444
finished_reconf: true
global_termination_time: 215553.00060000017
local_termination_time: 606.1960399999995
node_cons: 4445.222768400251
tot_aggregated_send: 0
tot_msg_rcv: 3279
tot_msg_sent: 3193
tot_reconf_duration: 4.390000000000001
tot_sleeping_duration: 212237.645
tot_uptimes: 56
tot_uptimes_duration: 3315.3556000001845
