comms_cons: 21.144576000030852
finished_reconf: true
global_termination_time: 215553.29028000045
local_termination_time: 43907.91860000002
node_cons: 4472.297925040909
tot_aggregated_send: 3074
tot_msg_rcv: 11
tot_msg_sent: 128
tot_reconf_duration: 7.819999999999999
tot_sleeping_duration: 212221.19291999977
tot_uptimes: 56
tot_uptimes_duration: 3332.0973600006764
