comms_cons: 1.8158591999940004
finished_reconf: true
global_termination_time: 15864.255
local_termination_time: 11311.751360000002
node_cons: 355.7174000000015
tot_aggregated_send: 0
tot_msg_rcv: 153
tot_msg_sent: 123
tot_reconf_duration: 25.299999999999997
tot_sleeping_duration: 15624.255
tot_uptimes: 5
tot_uptimes_duration: 240.0
