comms_cons: 2.7961599999907594
finished_reconf: true
global_termination_time: 18420.604
local_termination_time: 6862.31636
node_cons: 325.5426399999999
tot_aggregated_send: 0
tot_msg_rcv: 249
tot_msg_sent: 176
tot_reconf_duration: 3.08
tot_sleeping_duration: 18180.604
tot_uptimes: 5
tot_uptimes_duration: 240.0
