comms_cons: 2.6711551999976875
finished_reconf: true
global_termination_time: 17082.753
local_termination_time: 10567.82936
node_cons: 336.7189799999993
tot_aggregated_send: 0
tot_msg_rcv: 240
tot_msg_sent: 166
tot_reconf_duration: 11.31
tot_sleeping_duration: 16842.753
tot_uptimes: 5
tot_uptimes_duration: 240.0
