comms_cons: 89.65054719419824
finished_reconf: true
global_termination_time: 869981.8552400001
local_termination_time: 14171.164280000003
node_cons: 17879.301606074856
tot_aggregated_send: 11426
tot_msg_rcv: 809
tot_msg_sent: 1391
tot_reconf_duration: 18.21
tot_sleeping_duration: 856647.596520004
tot_uptimes: 223
tot_uptimes_duration: 13334.258719996142
