comms_cons: 91.72804479431636
finished_reconf: true
global_termination_time: 872030.226
local_termination_time: 602928.005759999
node_cons: 17926.846925588743
tot_aggregated_send: 11194
tot_msg_rcv: 1008
tot_msg_sent: 1740
tot_reconf_duration: 8.09
tot_sleeping_duration: 858650.1956000085
tot_uptimes: 224
tot_uptimes_duration: 13380.030399991607
