comms_cons: 87.70731519724308
finished_reconf: true
global_termination_time: 870850.224
local_termination_time: 555198.2555999998
node_cons: 17931.98834111689
tot_aggregated_send: 12238
tot_msg_rcv: 405
tot_msg_sent: 688
tot_reconf_duration: 11.899999999999999
tot_sleeping_duration: 857470.2179200024
tot_uptimes: 224
tot_uptimes_duration: 13380.006079997635
