comms_cons: 92.2209343946732
finished_reconf: true
global_termination_time: 871827.099
local_termination_time: 189243.54012000092
node_cons: 17928.449934590455
tot_aggregated_send: 11136
tot_msg_rcv: 1072
tot_msg_sent: 1809
tot_reconf_duration: 7.819999999999999
tot_sleeping_duration: 858445.5976000072
tot_uptimes: 224
tot_uptimes_duration: 13381.501399992878
