comms_cons: 104.18329599826875
finished_reconf: true
global_termination_time: 1056577.434
local_termination_time: 742659.8254799998
node_cons: 21716.529179999983
tot_aggregated_send: 15312
tot_msg_rcv: 192
tot_msg_sent: 331
tot_reconf_duration: 18.21
tot_sleeping_duration: 1040377.4339999999
tot_uptimes: 271
tot_uptimes_duration: 16200.0
