comms_cons: 106.77985919071145
finished_reconf: true
global_termination_time: 1054576.6874799998
local_termination_time: 1054576.64636
node_cons: 21743.58422431319
tot_aggregated_send: 14384
tot_msg_rcv: 566
tot_msg_sent: 1279
tot_reconf_duration: 24.59
tot_sleeping_duration: 1038362.952600005
tot_uptimes: 271
tot_uptimes_duration: 16213.734879994881
