comms_cons: 105.92574719158138
finished_reconf: true
global_termination_time: 1054576.8380000005
local_termination_time: 357273.09336000006
node_cons: 21752.4824133556
tot_aggregated_send: 14500
tot_msg_rcv: 498
tot_msg_sent: 1103
tot_reconf_duration: 7.819999999999999
tot_sleeping_duration: 1038339.4497600038
tot_uptimes: 271
tot_uptimes_duration: 16237.388239996682
