comms_cons: 147.19111679643404
finished_reconf: true
global_termination_time: 1498044.253
local_termination_time: 1050919.2663599998
node_cons: 30774.361899999793
tot_aggregated_send: 21576
tot_msg_rcv: 271
tot_msg_sent: 526
tot_reconf_duration: 3.05
tot_sleeping_duration: 1475064.253
tot_uptimes: 384
tot_uptimes_duration: 22980.0
