comms_cons: 41.501593600395644
finished_reconf: true
global_termination_time: 419666.062
local_termination_time: 177234.77836000005
node_cons: 8602.911980000008
tot_aggregated_send: 6032
tot_msg_rcv: 106
tot_msg_sent: 170
tot_reconf_duration: 4.8100000000000005
tot_sleeping_duration: 413246.062
tot_uptimes: 108
tot_uptimes_duration: 6420.0
