comms_cons: 39.38274560109036
finished_reconf: true
global_termination_time: 378410.64
local_termination_time: 26829.989999999998
node_cons: 7739.353285443161
tot_aggregated_send: 4693
tot_msg_rcv: 418
tot_msg_sent: 876
tot_reconf_duration: 12.629999999999999
tot_sleeping_duration: 372643.4990399977
tot_uptimes: 97
tot_uptimes_duration: 5767.140960002358
