comms_cons: 91.12975359796599
finished_reconf: true
global_termination_time: 924700.389
local_termination_time: 423783.8235600007
node_cons: 18975.598980000024
tot_aggregated_send: 13224
tot_msg_rcv: 228
tot_msg_sent: 400
tot_reconf_duration: 11.31
tot_sleeping_duration: 910540.389
tot_uptimes: 237
tot_uptimes_duration: 14160.0
