comms_cons: 619.8005377248445
finished_reconf: true
global_termination_time: 6255413.687
local_termination_time: 1849069.16236
node_cons: 128645.22870781571
tot_aggregated_send: 87058
tot_msg_rcv: 2505
tot_msg_sent: 4643
tot_reconf_duration: 15.34
tot_sleeping_duration: 6159353.644440015
tot_uptimes: 1602
tot_uptimes_duration: 96060.04255998484
