comms_cons: 623.6765185243933
finished_reconf: true
global_termination_time: 6258618.876
local_termination_time: 2002352.9004399984
node_cons: 128711.63836446367
tot_aggregated_send: 86536
tot_msg_rcv: 2864
tot_msg_sent: 5396
tot_reconf_duration: 5.1
tot_sleeping_duration: 6162498.85168001
tot_uptimes: 1603
tot_uptimes_duration: 96120.024319991
