comms_cons: 94.54373119763267
finished_reconf: true
global_termination_time: 946812.611
local_termination_time: 47195.15636000001
node_cons: 19448.82826223601
tot_aggregated_send: 13224
tot_msg_rcv: 334
tot_msg_sent: 812
tot_reconf_duration: 4.8100000000000005
tot_sleeping_duration: 932292.598840003
tot_uptimes: 243
tot_uptimes_duration: 14520.012159997
