comms_cons: 93.66149119738412
finished_reconf: true
global_termination_time: 943603.047
local_termination_time: 358437.0653600001
node_cons: 19366.081900000092
tot_aggregated_send: 13514
tot_msg_rcv: 260
tot_msg_sent: 462
tot_reconf_duration: 3.05
tot_sleeping_duration: 929143.047
tot_uptimes: 242
tot_uptimes_duration: 14460.0
