comms_cons: 53.9638528006743
finished_reconf: true
global_termination_time: 537959.266
local_termination_time: 133741.42636000007
node_cons: 11015.034901121446
tot_aggregated_send: 7192
tot_msg_rcv: 314
tot_msg_sent: 697
tot_reconf_duration: 6.22
tot_sleeping_duration: 529739.2599199989
tot_uptimes: 138
tot_uptimes_duration: 8220.006080001069
