comms_cons: 53.065055999963135
finished_reconf: true
global_termination_time: 535922.35
local_termination_time: 310466.2097600009
node_cons: 11024.300654641183
tot_aggregated_send: 7714
tot_msg_rcv: 128
tot_msg_sent: 224
tot_reconf_duration: 11.31
tot_sleeping_duration: 527700.5862399992
tot_uptimes: 138
tot_uptimes_duration: 8221.763760000875
