comms_cons: 105.27377919542742
finished_reconf: true
global_termination_time: 1149914.841
local_termination_time: 2602.9471200000003
node_cons: 23636.617186710228
tot_aggregated_send: 14558
tot_msg_rcv: 462
tot_msg_sent: 981
tot_reconf_duration: 12.23
tot_sleeping_duration: 1132274.8045200072
tot_uptimes: 295
tot_uptimes_duration: 17640.036479992676
