comms_cons: 107.99066879714066
finished_reconf: true
global_termination_time: 1148397.761
local_termination_time: 1936.9421200000002
node_cons: 23629.60720447656
tot_aggregated_send: 15486
tot_msg_rcv: 309
tot_msg_sent: 618
tot_reconf_duration: 7.08
tot_sleeping_duration: 1130757.7366800027
tot_uptimes: 295
tot_uptimes_duration: 17640.024319997407
