comms_cons: 320.65802882662456
finished_reconf: true
global_termination_time: 3177265.99748
local_termination_time: 3177265.9563599997
node_cons: 65385.70333661197
tot_aggregated_send: 43996
tot_msg_rcv: 1585
tot_msg_sent: 3156
tot_reconf_duration: 37.410000000000004
tot_sleeping_duration: 3128472.1957200193
tot_uptimes: 814
tot_uptimes_duration: 48793.8017599803
