comms_cons: 312.6497471900136
finished_reconf: true
global_termination_time: 3181465.382
local_termination_time: 1969495.04336
node_cons: 65417.63242558322
tot_aggregated_send: 44312
tot_msg_rcv: 1070
tot_msg_sent: 2138
tot_reconf_duration: 15.34
tot_sleeping_duration: 3132625.351600012
tot_uptimes: 815
tot_uptimes_duration: 48840.030399988405
