comms_cons: 459.6766654576796
finished_reconf: true
global_termination_time: 3177266.3039999977
local_termination_time: 2314765.0817599986
node_cons: 65339.86523558018
tot_aggregated_send: 0
tot_msg_rcv: 35120
tot_msg_sent: 34747
tot_reconf_duration: 6.279999999999999
tot_sleeping_duration: 3128475.1636000117
tot_uptimes: 814
tot_uptimes_duration: 48791.14039998595
