comms_cons: 312.0389247927629
finished_reconf: true
global_termination_time: 3179837.288
local_termination_time: 1269569.9743599999
node_cons: 65414.66928334934
tot_aggregated_send: 43964
tot_msg_rcv: 1089
tot_msg_sent: 2376
tot_reconf_duration: 13.17
tot_sleeping_duration: 3130997.269760007
tot_uptimes: 815
tot_uptimes_duration: 48840.01823999314
