comms_cons: 315.1172799917301
finished_reconf: true
global_termination_time: 3177933.086
local_termination_time: 1213727.902359999
node_cons: 65327.44692558292
tot_aggregated_send: 43616
tot_msg_rcv: 1491
tot_msg_sent: 2788
tot_reconf_duration: 8.09
tot_sleeping_duration: 3129153.0556000117
tot_uptimes: 814
tot_uptimes_duration: 48780.03039998817
