comms_cons: 316.85455363403537
finished_reconf: true
global_termination_time: 3177833.812
local_termination_time: 217173.3343600005
node_cons: 65347.26011117647
tot_aggregated_send: 43674
tot_msg_rcv: 1420
tot_msg_sent: 3067
tot_reconf_duration: 22.65
tot_sleeping_duration: 3129053.7512000166
tot_uptimes: 814
tot_uptimes_duration: 48780.06079998345
