comms_cons: 322.49532803438234
finished_reconf: true
global_termination_time: 3177398.243
local_termination_time: 390567.3
node_cons: 65337.544192300134
tot_aggregated_send: 43321
tot_msg_rcv: 1863
tot_msg_sent: 3834
tot_reconf_duration: 12.629999999999999
tot_sleeping_duration: 3128615.276120014
tot_uptimes: 814
tot_uptimes_duration: 48782.96687998617
