comms_cons: 209.63904639011702
finished_reconf: true
global_termination_time: 2135516.858
local_termination_time: 1233504.10236
node_cons: 43873.03022223314
tot_aggregated_send: 29870
tot_msg_rcv: 600
tot_msg_sent: 1394
tot_reconf_duration: 5.43
tot_sleeping_duration: 2102756.8458400047
tot_uptimes: 547
tot_uptimes_duration: 32760.012159995265
