comms_cons: 712.508722957632
finished_reconf: true
global_termination_time: 985364.778
local_termination_time: 371601.93460000056
node_cons: 98539.65264583229
tot_aggregated_send: 0
tot_msg_rcv: 48924
tot_msg_sent: 59370
tot_reconf_duration: 5.57
tot_sleeping_duration: 911778.4534400039
tot_uptimes: 1197
tot_uptimes_duration: 73586.32455999608
