comms_cons: 94.54373119965693
finished_reconf: true
global_termination_time: 986436.873
local_termination_time: 508075.527
node_cons: 20261.284795594936
tot_aggregated_send: 13454
tot_msg_rcv: 288
tot_msg_sent: 628
tot_reconf_duration: 9.42
tot_sleeping_duration: 971314.7726000038
tot_uptimes: 253
tot_uptimes_duration: 15122.100399996212
