comms_cons: 38.42910719997011
finished_reconf: true
global_termination_time: 391954.137
local_termination_time: 48837.488200000036
node_cons: 8058.7291800000085
tot_aggregated_send: 5684
tot_msg_rcv: 58
tot_msg_sent: 99
tot_reconf_duration: 18.21
tot_sleeping_duration: 385954.137
tot_uptimes: 101
tot_uptimes_duration: 6000.0
