comms_cons: 113.96552961443086
finished_reconf: true
global_termination_time: 391791.6806000002
local_termination_time: 2978.280040000001
node_cons: 15965.326675400318
tot_aggregated_send: 0
tot_msg_rcv: 5813
tot_msg_sent: 11508
tot_reconf_duration: 4.390000000000001
tot_sleeping_duration: 379872.812
tot_uptimes: 199
tot_uptimes_duration: 11918.86860000022
