comms_cons: 201.7906431921707
finished_reconf: true
global_termination_time: 2043433.479
local_termination_time: 782115.5303599999
node_cons: 42026.34823999969
tot_aggregated_send: 29522
tot_msg_rcv: 342
tot_msg_sent: 807
tot_reconf_duration: 6.279999999999999
tot_sleeping_duration: 2012053.479
tot_uptimes: 524
tot_uptimes_duration: 31380.0
