comms_cons: 206.82860797557026
finished_reconf: true
global_termination_time: 2048286.849
local_termination_time: 694754.3763599999
node_cons: 42104.732685583884
tot_aggregated_send: 27144
tot_msg_rcv: 1438
tot_msg_sent: 2855
tot_reconf_duration: 4.8100000000000005
tot_sleeping_duration: 2016846.8186000118
tot_uptimes: 525
tot_uptimes_duration: 31440.030399988173
