comms_cons: 207.80670717578928
finished_reconf: true
global_termination_time: 2045298.439
local_termination_time: 838224.3215199983
node_cons: 42028.49654781757
tot_aggregated_send: 27028
tot_msg_rcv: 1536
tot_msg_sent: 3020
tot_reconf_duration: 7.819999999999999
tot_sleeping_duration: 2013918.3964400166
tot_uptimes: 524
tot_uptimes_duration: 31380.04255998344
