comms_cons: 206.4499711851424
finished_reconf: true
global_termination_time: 2043241.3322400001
local_termination_time: 2387.401240000002
node_cons: 42053.607513836236
tot_aggregated_send: 28478
tot_msg_rcv: 1101
tot_msg_sent: 1801
tot_reconf_duration: 11.31
tot_sleeping_duration: 2011846.0756800026
tot_uptimes: 524
tot_uptimes_duration: 31395.256559997448
