comms_cons: 202.3493439916175
finished_reconf: true
global_termination_time: 2045221.552
local_termination_time: 659556.4353599998
node_cons: 42025.20208111639
tot_aggregated_send: 29174
tot_msg_rcv: 481
tot_msg_sent: 1100
tot_reconf_duration: 5.43
tot_sleeping_duration: 2013841.5459200023
tot_uptimes: 524
tot_uptimes_duration: 31380.006079997635
