comms_cons: 37.659340800218494
finished_reconf: true
global_termination_time: 380182.26212000014
local_termination_time: 97066.60955999985
node_cons: 7832.5581596802185
tot_aggregated_send: 5278
tot_msg_rcv: 155
tot_msg_sent: 291
tot_reconf_duration: 13.17
tot_sleeping_duration: 374346.061
tot_uptimes: 98
tot_uptimes_duration: 5836.201120000158
