comms_cons: 88.37794559267677
finished_reconf: true
global_termination_time: 873150.237
local_termination_time: 381950.4916400009
node_cons: 17920.05148671024
tot_aggregated_send: 11194
tot_msg_rcv: 661
tot_msg_sent: 1577
tot_reconf_duration: 3.08
tot_sleeping_duration: 859770.2005200073
tot_uptimes: 224
tot_uptimes_duration: 13380.036479992676
