comms_cons: 161.59950074687072
finished_reconf: true
global_termination_time: 870412.513
local_termination_time: 317014.6183600001
node_cons: 17846.523207827082
tot_aggregated_send: 0
tot_msg_rcv: 12550
tot_msg_sent: 12015
tot_reconf_duration: 8.09
tot_sleeping_duration: 857092.4704400097
tot_uptimes: 223
tot_uptimes_duration: 13320.04255999031
