comms_cons: 88.52376319404753
finished_reconf: true
global_termination_time: 872166.681
local_termination_time: 354243.8962400009
node_cons: 17931.90094559951
tot_aggregated_send: 11078
tot_msg_rcv: 883
tot_msg_sent: 1494
tot_reconf_duration: 9.11
tot_sleeping_duration: 858783.9106000004
tot_uptimes: 224
tot_uptimes_duration: 13382.77039999963
