comms_cons: 85.0361599994191
finished_reconf: true
global_termination_time: 872509.283
local_termination_time: 754132.873759999
node_cons: 17931.980200000056
tot_aggregated_send: 12296
tot_msg_rcv: 194
tot_msg_sent: 435
tot_reconf_duration: 11.899999999999999
tot_sleeping_duration: 859129.283
tot_uptimes: 224
tot_uptimes_duration: 13380.0
