comms_cons: 86.73359359958286
finished_reconf: true
global_termination_time: 880577.443
local_termination_time: 242753.79336000004
node_cons: 18097.331720000024
tot_aggregated_send: 12644
tot_msg_rcv: 147
tot_msg_sent: 392
tot_reconf_duration: 15.34
tot_sleeping_duration: 867077.443
tot_uptimes: 226
tot_uptimes_duration: 13500.0
