comms_cons: 72.04224000035819
finished_reconf: true
global_termination_time: 737208.383
local_termination_time: 476464.05536000006
node_cons: 15128.665462242912
tot_aggregated_send: 10208
tot_msg_rcv: 286
tot_msg_sent: 456
tot_reconf_duration: 18.21
tot_sleeping_duration: 725928.3708399979
tot_uptimes: 189
tot_uptimes_duration: 11280.012160002138
