comms_cons: 77.30622719542052
finished_reconf: true
global_termination_time: 735225.903
local_termination_time: 59091.86136000001
node_cons: 15112.497086724006
tot_aggregated_send: 9396
tot_msg_rcv: 842
tot_msg_sent: 1513
tot_reconf_duration: 6.279999999999999
tot_sleeping_duration: 723945.8665199971
tot_uptimes: 189
tot_uptimes_duration: 11280.036480002978
