comms_cons: 109.60289279069235
finished_reconf: true
global_termination_time: 1065165.455
local_termination_time: 109829.33535999997
node_cons: 21877.225462238304
tot_aggregated_send: 14152
tot_msg_rcv: 896
tot_msg_sent: 1611
tot_reconf_duration: 18.21
tot_sleeping_duration: 1048845.4428400015
tot_uptimes: 273
tot_uptimes_duration: 16320.012159998703
