comms_cons: 112.48248959108902
finished_reconf: true
global_termination_time: 1063580.199
local_termination_time: 391228.22356000025
node_cons: 21860.141753415824
tot_aggregated_send: 13340
tot_msg_rcv: 1308
tot_msg_sent: 2448
tot_reconf_duration: 5.57
tot_sleeping_duration: 1047260.126040018
tot_uptimes: 273
tot_uptimes_duration: 16320.072959981917
