comms_cons: 104.93228799561935
finished_reconf: true
global_termination_time: 1059811.333
local_termination_time: 633007.9857999984
node_cons: 21787.034523350463
tot_aggregated_send: 14268
tot_msg_rcv: 465
tot_msg_sent: 1217
tot_reconf_duration: 10.95
tot_sleeping_duration: 1043551.3147600072
tot_uptimes: 272
tot_uptimes_duration: 16260.018239992904
