comms_cons: 111.3457279901912
finished_reconf: true
global_termination_time: 1060030.068
local_termination_time: 368619.3434000008
node_cons: 21780.68445341578
tot_aggregated_send: 13514
tot_msg_rcv: 1195
tot_msg_sent: 2215
tot_reconf_duration: 6.22
tot_sleeping_duration: 1043769.995040018
tot_uptimes: 272
tot_uptimes_duration: 16260.072959981917
