comms_cons: 568.9930051400066
finished_reconf: true
global_termination_time: 4110239.473
local_termination_time: 2892492.2386000007
node_cons: 84526.22452223214
tot_aggregated_send: 0
tot_msg_rcv: 43550
tot_msg_sent: 42933
tot_reconf_duration: 6.279999999999999
tot_sleeping_duration: 4047119.4608400045
tot_uptimes: 1053
tot_uptimes_duration: 63120.0121599955
