comms_cons: 1398.9526472474743
finished_reconf: true
global_termination_time: 4109480.279
local_termination_time: 2890447.8116
node_cons: 249274.92455122664
tot_aggregated_send: 0
tot_msg_rcv: 85914
tot_msg_sent: 126718
tot_reconf_duration: 5.57
tot_sleeping_duration: 3923320.9358400037
tot_uptimes: 3049
tot_uptimes_duration: 186159.34315999635
