comms_cons: 406.1405952186563
finished_reconf: true
global_termination_time: 4110474.244
local_termination_time: 2040073.07336
node_cons: 84521.87892223189
tot_aggregated_send: 57478
tot_msg_rcv: 1427
tot_msg_sent: 2826
tot_reconf_duration: 3.08
tot_sleeping_duration: 4047354.231840004
tot_uptimes: 1053
tot_uptimes_duration: 63120.0121599955
