comms_cons: 417.27233927572706
finished_reconf: true
global_termination_time: 4108695.972
local_termination_time: 134333.58236000006
node_cons: 84533.93789340105
tot_aggregated_send: 56434
tot_msg_rcv: 2403
tot_msg_sent: 4585
tot_reconf_duration: 11.899999999999999
tot_sleeping_duration: 4045575.8990400275
tot_uptimes: 1053
tot_uptimes_duration: 63120.072959972546
