comms_cons: 409.09465603082543
finished_reconf: true
global_termination_time: 4110081.605
local_termination_time: 385117.3853600001
node_cons: 84524.29339116708
tot_aggregated_send: 57884
tot_msg_rcv: 1298
tot_msg_sent: 2998
tot_reconf_duration: 4.8100000000000005
tot_sleeping_duration: 4046961.544200023
tot_uptimes: 1053
tot_uptimes_duration: 63120.060799977044
