comms_cons: 401.56209921063316
finished_reconf: true
global_termination_time: 4109456.728
local_termination_time: 1207505.9693599998
node_cons: 84526.17560669908
tot_aggregated_send: 57072
tot_msg_rcv: 1406
tot_msg_sent: 2558
tot_reconf_duration: 6.22
tot_sleeping_duration: 4046336.691520014
tot_uptimes: 1053
tot_uptimes_duration: 63120.03647998604
