comms_cons: 235.36430079550087
finished_reconf: true
global_termination_time: 2388725.1838399987
local_termination_time: 2388725.1427199985
node_cons: 49178.90025087899
tot_aggregated_send: 34670
tot_msg_rcv: 313
tot_msg_sent: 790
tot_reconf_duration: 24.59
tot_sleeping_duration: 2352022.041919999
tot_uptimes: 612
tot_uptimes_duration: 36703.141919999965
