comms_cons: 238.54387197965698
finished_reconf: true
global_termination_time: 2393162.399
local_termination_time: 494910.9442000006
node_cons: 49174.64454446667
tot_aggregated_send: 32538
tot_msg_rcv: 1277
tot_msg_sent: 2442
tot_reconf_duration: 4.8100000000000005
tot_sleeping_duration: 2356442.3746800097
tot_uptimes: 613
tot_uptimes_duration: 36720.02431999054
