comms_cons: 81.53665279879174
finished_reconf: true
global_termination_time: 798432.523
local_termination_time: 664847.7823599998
node_cons: 16409.936367840823
tot_aggregated_send: 10614
tot_msg_rcv: 622
tot_msg_sent: 1157
tot_reconf_duration: 15.110000000000001
tot_sleeping_duration: 786192.4804399995
tot_uptimes: 205
tot_uptimes_duration: 12240.042560000613
