comms_cons: 84.7367743985103
finished_reconf: true
global_termination_time: 799362.539
local_termination_time: 71595.29243999987
node_cons: 16400.003983362047
tot_aggregated_send: 10092
tot_msg_rcv: 1079
tot_msg_sent: 1707
tot_reconf_duration: 7.819999999999999
tot_sleeping_duration: 787122.5207599985
tot_uptimes: 205
tot_uptimes_duration: 12240.018240001504
