comms_cons: 82.30636159591315
finished_reconf: true
global_termination_time: 801188.862
local_termination_time: 662958.073
node_cons: 16487.828781826745
tot_aggregated_send: 10373
tot_msg_rcv: 733
tot_msg_sent: 1403
tot_reconf_duration: 11.31
tot_sleeping_duration: 788886.7934400098
tot_uptimes: 206
tot_uptimes_duration: 12302.068559990148
