comms_cons: 1.532953599999193
finished_reconf: true
global_termination_time: 12085.933
local_termination_time: 5383.01936
node_cons: 248.58405999999962
tot_aggregated_send: 0
tot_msg_rcv: 120
tot_msg_sent: 113
tot_reconf_duration: 5.57
tot_sleeping_duration: 11905.933
tot_uptimes: 4
tot_uptimes_duration: 180.0
