comms_cons: 2.026393599996217
finished_reconf: true
global_termination_time: 13028.598
local_termination_time: 6315.281360000002
node_cons: 247.55197999999936
tot_aggregated_send: 0
tot_msg_rcv: 190
tot_msg_sent: 118
tot_reconf_duration: 4.8100000000000005
tot_sleeping_duration: 12848.598000000002
tot_uptimes: 4
tot_uptimes_duration: 180.0
