comms_cons: 221.85720319550978
finished_reconf: true
global_termination_time: 2259553.045
local_termination_time: 563943.2764799999
node_cons: 46447.139559999545
tot_aggregated_send: 32770
tot_msg_rcv: 318
tot_msg_sent: 633
tot_reconf_duration: 7.819999999999999
tot_sleeping_duration: 2224873.045
tot_uptimes: 579
tot_uptimes_duration: 34680.0
