comms_cons: 112.75495679776556
finished_reconf: true
global_termination_time: 1139132.678
local_termination_time: 594417.5025999998
node_cons: 23403.68546223825
tot_aggregated_send: 15892
tot_msg_rcv: 443
tot_msg_sent: 803
tot_reconf_duration: 18.21
tot_sleeping_duration: 1121672.6658400013
tot_uptimes: 292
tot_uptimes_duration: 17460.012159998703
