comms_cons: 115.1892607894464
finished_reconf: true
global_termination_time: 1135245.59
local_termination_time: 147128.32436000006
node_cons: 23307.201510069917
tot_aggregated_send: 15428
tot_msg_rcv: 683
tot_msg_sent: 1398
tot_reconf_duration: 6.279999999999999
tot_sleeping_duration: 1117845.5352800076
tot_uptimes: 291
tot_uptimes_duration: 17400.054719992448
