comms_cons: 112.59543039736928
finished_reconf: true
global_termination_time: 1136031.482
local_termination_time: 168107.15236000007
node_cons: 23311.044650079137
tot_aggregated_send: 15254
tot_msg_rcv: 691
tot_msg_sent: 1168
tot_reconf_duration: 9.11
tot_sleeping_duration: 1118631.4272800006
tot_uptimes: 291
tot_uptimes_duration: 17400.054719999316
