comms_cons: 115.61433599496574
finished_reconf: true
global_termination_time: 1134855.792
local_termination_time: 185589.72736000005
node_cons: 23314.007826705623
tot_aggregated_send: 15022
tot_msg_rcv: 862
tot_msg_sent: 1688
tot_reconf_duration: 11.31
tot_sleeping_duration: 1117455.7555200108
tot_uptimes: 291
tot_uptimes_duration: 17400.03647998924
