comms_cons: 119.15119359758593
finished_reconf: true
global_termination_time: 1209116.585
local_termination_time: 5849.092
node_cons: 24830.43224111919
tot_aggregated_send: 16873
tot_msg_rcv: 333
tot_msg_sent: 904
tot_reconf_duration: 3.95
tot_sleeping_duration: 1190576.5789200007
tot_uptimes: 310
tot_uptimes_duration: 18540.006079999366
