comms_cons: 92.10810239630095
finished_reconf: true
global_termination_time: 904618.305
local_termination_time: 74722.1661599998
node_cons: 18564.5423256003
tot_aggregated_send: 12180
tot_msg_rcv: 595
tot_msg_sent: 1224
tot_reconf_duration: 4.390000000000001
tot_sleeping_duration: 890758.2745999998
tot_uptimes: 232
tot_uptimes_duration: 13860.030400000207
