comms_cons: 92.59603839493563
finished_reconf: true
global_termination_time: 904399.008
local_termination_time: 408754.8903600001
node_cons: 18562.763311191404
tot_aggregated_send: 11716
tot_msg_rcv: 681
tot_msg_sent: 1678
tot_reconf_duration: 3.05
tot_sleeping_duration: 890538.9472000065
tot_uptimes: 232
tot_uptimes_duration: 13860.060799993516
