comms_cons: 89.06920959779315
finished_reconf: true
global_termination_time: 901669.305
local_termination_time: 550715.5405599995
node_cons: 18486.657043518717
tot_aggregated_send: 12296
tot_msg_rcv: 425
tot_msg_sent: 817
tot_reconf_duration: 6.22
tot_sleeping_duration: 887869.2973200011
tot_uptimes: 231
tot_uptimes_duration: 13800.007679998933
