comms_cons: 91.9633151969989
finished_reconf: true
global_termination_time: 904980.182
local_termination_time: 318948.68236000004
node_cons: 18573.915262242885
tot_aggregated_send: 12354
tot_msg_rcv: 585
tot_msg_sent: 1039
tot_reconf_duration: 11.31
tot_sleeping_duration: 891120.1698399979
tot_uptimes: 232
tot_uptimes_duration: 13860.012160002138
