comms_cons: 330.6514816286908
finished_reconf: true
global_termination_time: 3351535.5074799997
local_termination_time: 3351535.4663599995
node_cons: 68983.4716598394
tot_aggregated_send: 48532
tot_msg_rcv: 498
tot_msg_sent: 1227
tot_reconf_duration: 24.59
tot_sleeping_duration: 3300041.7969199987
tot_uptimes: 859
tot_uptimes_duration: 51493.71056000091
