comms_cons: 335.3911808286978
finished_reconf: true
global_termination_time: 3355048.946
local_termination_time: 1476287.0308399997
node_cons: 69022.7284067002
tot_aggregated_send: 45762
tot_msg_rcv: 1726
tot_msg_sent: 3488
tot_reconf_duration: 7.819999999999999
tot_sleeping_duration: 3303508.9095200137
tot_uptimes: 860
tot_uptimes_duration: 51540.03647998627
