comms_cons: 39.30911360146994
finished_reconf: true
global_termination_time: 379465.9442400003
local_termination_time: 111393.85835999997
node_cons: 7853.054709453242
tot_aggregated_send: 4176
tot_msg_rcv: 493
tot_msg_sent: 1306
tot_reconf_duration: 18.21
tot_sleeping_duration: 373619.5472799904
tot_uptimes: 98
tot_uptimes_duration: 5846.396960009879
