comms_cons: 37.206003200228224
finished_reconf: true
global_termination_time: 379739.687
local_termination_time: 233429.36436000007
node_cons: 7801.426760000012
tot_aggregated_send: 5220
tot_msg_rcv: 145
tot_msg_sent: 291
tot_reconf_duration: 6.22
tot_sleeping_duration: 373919.687
tot_uptimes: 98
tot_uptimes_duration: 5820.0
