comms_cons: 126.20757759694425
finished_reconf: true
global_termination_time: 1275030.64
local_termination_time: 1060617.0032799991
node_cons: 26194.981899999788
tot_aggregated_send: 18154
tot_msg_rcv: 286
tot_msg_sent: 742
tot_reconf_duration: 3.05
tot_sleeping_duration: 1255470.64
tot_uptimes: 327
tot_uptimes_duration: 19560.0
