comms_cons: 248.45399024125024
finished_reconf: true
global_termination_time: 1272072.5266
local_termination_time: 1797.6520400000015
node_cons: 26139.516049516733
tot_aggregated_send: 0
tot_msg_rcv: 18906
tot_msg_sent: 18855
tot_reconf_duration: 6.22
tot_sleeping_duration: 1252557.1649200025
tot_uptimes: 326
tot_uptimes_duration: 19515.361679997528
