comms_cons: 1.5000575999987555
finished_reconf: true
global_termination_time: 10125.04348
local_termination_time: 10125.00236
node_cons: 212.42351872000063
tot_aggregated_send: 0
tot_msg_rcv: 117
tot_msg_sent: 110
tot_reconf_duration: 24.59
tot_sleeping_duration: 9991.339
tot_uptimes: 3
tot_uptimes_duration: 133.70448000000033
