comms_cons: 259.2533760197395
finished_reconf: true
global_termination_time: 2810084.129
local_termination_time: 6587.380999999999
node_cons: 57863.58928111611
tot_aggregated_send: 38730
tot_msg_rcv: 209
tot_msg_sent: 466
tot_reconf_duration: 13.83
tot_sleeping_duration: 2766884.1229200023
tot_uptimes: 720
tot_uptimes_duration: 43200.00607999787
