comms_cons: 29.62018560011504
finished_reconf: true
global_termination_time: 300135.532
local_termination_time: 10366.108880000003
node_cons: 6128.632134320012
tot_aggregated_send: 4176
tot_msg_rcv: 102
tot_msg_sent: 224
tot_reconf_duration: 13.17
tot_sleeping_duration: 295571.86712
tot_uptimes: 77
tot_uptimes_duration: 4563.664880000004
