comms_cons: 215.37697278221188
finished_reconf: true
global_termination_time: 2126530.5908799977
local_termination_time: 2126530.5908799977
node_cons: 43821.489105539295
tot_aggregated_send: 29044
tot_msg_rcv: 1133
tot_msg_sent: 2560
tot_reconf_duration: 24.59
tot_sleeping_duration: 2093828.5028400128
tot_uptimes: 545
tot_uptimes_duration: 32702.088039985087
