comms_cons: 212.99240958253583
finished_reconf: true
global_termination_time: 2130243.914
local_termination_time: 386712.75036000006
node_cons: 43819.71438782199
tot_aggregated_send: 29522
tot_msg_rcv: 888
tot_msg_sent: 1966
tot_reconf_duration: 25.299999999999997
tot_sleeping_duration: 2097543.871440013
tot_uptimes: 546
tot_uptimes_duration: 32700.042559986876
