comms_cons: 213.51769598264883
finished_reconf: true
global_termination_time: 2126531.588239997
local_termination_time: 17518.760000000002
node_cons: 43745.48536826392
tot_aggregated_send: 29225
tot_msg_rcv: 915
tot_msg_sent: 2315
tot_reconf_duration: 13.17
tot_sleeping_duration: 2093874.6797200087
tot_uptimes: 545
tot_uptimes_duration: 32656.90851998831
