comms_cons: 205.87632639035812
finished_reconf: true
global_termination_time: 2128597.716
local_termination_time: 927444.0693199995
node_cons: 43792.698363354575
tot_aggregated_send: 29406
tot_msg_rcv: 622
tot_msg_sent: 1264
tot_reconf_duration: 5.43
tot_sleeping_duration: 2095897.6977600036
tot_uptimes: 546
tot_uptimes_duration: 32700.018239996338
