comms_cons: 339.3090816015658
finished_reconf: true
global_termination_time: 3392129.766
local_termination_time: 1208101.0183599999
node_cons: 69759.89802670003
tot_aggregated_send: 47502
tot_msg_rcv: 1409
tot_msg_sent: 2662
tot_reconf_duration: 18.21
tot_sleeping_duration: 3340049.7295200136
tot_uptimes: 869
tot_uptimes_duration: 52080.03647998627
