comms_cons: 335.57867520973804
finished_reconf: true
global_termination_time: 3391566.658
local_termination_time: 1664495.1414799998
node_cons: 69753.00485999836
tot_aggregated_send: 48488
tot_msg_rcv: 962
tot_msg_sent: 1556
tot_reconf_duration: 13.17
tot_sleeping_duration: 3339486.658
tot_uptimes: 869
tot_uptimes_duration: 52080.0
