comms_cons: 335.28602241127106
finished_reconf: true
global_termination_time: 3394507.281
local_termination_time: 611206.3030799996
node_cons: 69826.4462199984
tot_aggregated_send: 48952
tot_msg_rcv: 565
tot_msg_sent: 1443
tot_reconf_duration: 8.09
tot_sleeping_duration: 3342367.281
tot_uptimes: 870
tot_uptimes_duration: 52140.0
