comms_cons: 336.019481605948
finished_reconf: true
global_termination_time: 3392515.708
local_termination_time: 1693801.848279999
node_cons: 69755.63937999828
tot_aggregated_send: 49126
tot_msg_rcv: 742
tot_msg_sent: 1205
tot_reconf_duration: 15.110000000000001
tot_sleeping_duration: 3340435.708
tot_uptimes: 869
tot_uptimes_duration: 52080.0
