comms_cons: 337.94016642257594
finished_reconf: true
global_termination_time: 3391139.792
local_termination_time: 1163030.2927999995
node_cons: 69752.27153999862
tot_aggregated_send: 48430
tot_msg_rcv: 1030
tot_msg_sent: 1904
tot_reconf_duration: 12.629999999999999
tot_sleeping_duration: 3339059.792
tot_uptimes: 869
tot_uptimes_duration: 52080.0
