comms_cons: 336.9391680203725
finished_reconf: true
global_termination_time: 3394356.546
local_termination_time: 1371257.26
node_cons: 69855.92938335604
tot_aggregated_send: 48428
tot_msg_rcv: 817
tot_msg_sent: 1968
tot_reconf_duration: 18.700000000000003
tot_sleeping_duration: 3342205.287760002
tot_uptimes: 870
tot_uptimes_duration: 52151.25823999802
