comms_cons: 279.97127680274264
finished_reconf: false
global_termination_time: 2811289.538
local_termination_time: 0
node_cons: 57881.362764466925
tot_aggregated_send: 40342
tot_msg_rcv: 814
tot_msg_sent: 1398
tot_reconf_duration: 26.9
tot_sleeping_duration: 2768089.513680009
tot_uptimes: 720
tot_uptimes_duration: 43200.024319991004
