comms_cons: 281.90004480490416
finished_reconf: true
global_termination_time: 2808030.497
local_termination_time: 143088.49948000006
node_cons: 57869.57802670058
tot_aggregated_send: 39730
tot_msg_rcv: 1097
tot_msg_sent: 2020
tot_reconf_duration: 18.21
tot_sleeping_duration: 2764830.4605200137
tot_uptimes: 720
tot_uptimes_duration: 43200.03647998627
