comms_cons: 284.39225602136776
finished_reconf: true
global_termination_time: 2810330.897
local_termination_time: 2760408.09404
node_cons: 57853.336381116154
tot_aggregated_send: 38918
tot_msg_rcv: 1466
tot_msg_sent: 2841
tot_reconf_duration: 6.279999999999999
tot_sleeping_duration: 2767130.8909200025
tot_uptimes: 720
tot_uptimes_duration: 43200.006079997635
