comms_cons: 284.2441856228135
finished_reconf: false
global_termination_time: 2808866.631
local_termination_time: 0
node_cons: 57844.79999999896
tot_aggregated_send: 38570
tot_msg_rcv: 1443
tot_msg_sent: 3190
tot_reconf_duration: 0
tot_sleeping_duration: 2765666.631
tot_uptimes: 720
tot_uptimes_duration: 43200.0
