comms_cons: 285.5450432303216
finished_reconf: true
global_termination_time: 2809795.807
local_termination_time: 674062.3897199997
node_cons: 57851.380826700355
tot_aggregated_send: 38860
tot_msg_rcv: 1634
tot_msg_sent: 2906
tot_reconf_duration: 4.8100000000000005
tot_sleeping_duration: 2766595.7705200138
tot_uptimes: 720
tot_uptimes_duration: 43200.03647998604
