comms_cons: 285.2526144291867
finished_reconf: true
global_termination_time: 2808095.009
local_termination_time: 748933.8739199984
node_cons: 57848.98260558383
tot_aggregated_send: 38802
tot_msg_rcv: 1591
tot_msg_sent: 2964
tot_reconf_duration: 3.05
tot_sleeping_duration: 2764894.978600011
tot_uptimes: 720
tot_uptimes_duration: 43200.03039998864
