comms_cons: 47.46200320041227
finished_reconf: true
global_termination_time: 462148.753
local_termination_time: 20785.643640000002
node_cons: 9498.021142240596
tot_aggregated_send: 6148
tot_msg_rcv: 379
tot_msg_sent: 687
tot_reconf_duration: 13.17
tot_sleeping_duration: 455068.7408399996
tot_uptimes: 119
tot_uptimes_duration: 7080.012160000435
