comms_cons: 47.067596800698404
finished_reconf: true
global_termination_time: 463765.912
local_termination_time: 69213.00403999983
node_cons: 9500.639380000013
tot_aggregated_send: 6264
tot_msg_rcv: 323
tot_msg_sent: 567
tot_reconf_duration: 15.110000000000001
tot_sleeping_duration: 456685.912
tot_uptimes: 119
tot_uptimes_duration: 7080.0
