comms_cons: 47.43481600023962
finished_reconf: true
global_termination_time: 462514.757
local_termination_time: 55875.78928000007
node_cons: 9486.08976112031
tot_aggregated_send: 6322
tot_msg_rcv: 366
tot_msg_sent: 521
tot_reconf_duration: 4.390000000000001
tot_sleeping_duration: 455434.75091999973
tot_uptimes: 119
tot_uptimes_duration: 7080.0060800002175
