comms_cons: 48.61496320128366
finished_reconf: true
global_termination_time: 462190.381
local_termination_time: 83164.98735999998
node_cons: 9495.519685607182
tot_aggregated_send: 6032
tot_msg_rcv: 550
tot_msg_sent: 807
tot_reconf_duration: 11.31
tot_sleeping_duration: 455110.35059999465
tot_uptimes: 119
tot_uptimes_duration: 7080.030400005344
