comms_cons: 9.133811200048616
finished_reconf: true
global_termination_time: 74847.96
local_termination_time: 29685.885360000004
node_cons: 1544.3530011202936
tot_aggregated_send: 580
tot_msg_rcv: 293
tot_msg_sent: 516
tot_reconf_duration: 13.17
tot_sleeping_duration: 73707.9539199998
tot_uptimes: 20
tot_uptimes_duration: 1140.0060800002175
