comms_cons: 8.587110400117988
finished_reconf: true
global_termination_time: 77526.053
local_termination_time: 39202.19084000002
node_cons: 1557.2268411202833
tot_aggregated_send: 522
tot_msg_rcv: 329
tot_msg_sent: 456
tot_reconf_duration: 22.65
tot_sleeping_duration: 76386.04691999979
tot_uptimes: 20
tot_uptimes_duration: 1140.0060800002175
