comms_cons: 8.841920000099057
finished_reconf: true
global_termination_time: 76987.828
local_termination_time: 26008.434040000004
node_cons: 1532.4379022405813
tot_aggregated_send: 754
tot_msg_rcv: 241
tot_msg_sent: 348
tot_reconf_duration: 4.390000000000001
tot_sleeping_duration: 75847.81583999956
tot_uptimes: 20
tot_uptimes_duration: 1140.012160000435
