comms_cons: 11.837862400107499
finished_reconf: true
global_termination_time: 76909.337
local_termination_time: 6227.391040000001
node_cons: 1541.8596856003167
tot_aggregated_send: 232
tot_msg_rcv: 693
tot_msg_sent: 874
tot_reconf_duration: 11.31
tot_sleeping_duration: 75769.30659999976
tot_uptimes: 20
tot_uptimes_duration: 1140.030400000236
