comms_cons: 10.890457599987972
finished_reconf: true
global_termination_time: 77389.07
local_termination_time: 50414.503480000014
node_cons: 1533.8665044800255
tot_aggregated_send: 464
tot_msg_rcv: 549
tot_msg_sent: 643
tot_reconf_duration: 5.43
tot_sleeping_duration: 76249.04567999998
tot_uptimes: 20
tot_uptimes_duration: 1140.0243200000186
