comms_cons: 33.37032960037217
finished_reconf: true
global_termination_time: 330917.947
local_termination_time: 280636.2044800001
node_cons: 6779.32684112147
tot_aggregated_send: 4350
tot_msg_rcv: 219
tot_msg_sent: 504
tot_reconf_duration: 22.65
tot_sleeping_duration: 325877.9409199989
tot_uptimes: 85
tot_uptimes_duration: 5040.006080001069
