comms_cons: 917.9024194214235
finished_reconf: true
global_termination_time: 9221450.152
local_termination_time: 3626437.77048
node_cons: 189709.79883100127
tot_aggregated_send: 127774
tot_msg_rcv: 4112
tot_msg_sent: 7628
tot_reconf_duration: 13.17
tot_sleeping_duration: 9079783.300640024
tot_uptimes: 2362
tot_uptimes_duration: 141666.85135997622
