comms_cons: 926.5412546751379
finished_reconf: true
global_termination_time: 9220662.518
local_termination_time: 319017.9634800001
node_cons: 189713.6045345146
tot_aggregated_send: 128412
tot_msg_rcv: 4243
tot_msg_sent: 8173
tot_reconf_duration: 22.65
tot_sleeping_duration: 9079002.438960027
tot_uptimes: 2362
tot_uptimes_duration: 141660.0790399711
