comms_cons: 931.484813113811
finished_reconf: true
global_termination_time: 9224593.33
local_termination_time: 659485.736
node_cons: 189769.72595563147
tot_aggregated_send: 127130
tot_msg_rcv: 4973
tot_msg_sent: 9475
tot_reconf_duration: 4.8100000000000005
tot_sleeping_duration: 9082873.244880032
tot_uptimes: 2363
tot_uptimes_duration: 141720.08511996875
