comms_cons: 926.9384706655123
finished_reconf: true
global_termination_time: 9221996.313
local_termination_time: 1945617.7335599994
node_cons: 189690.20349228109
tot_aggregated_send: 127484
tot_msg_rcv: 4896
tot_msg_sent: 8509
tot_reconf_duration: 5.43
tot_sleeping_duration: 9080336.246120023
tot_uptimes: 2362
tot_uptimes_duration: 141660.06687997608
