comms_cons: 421.80835809698203
finished_reconf: true
global_termination_time: 2153682.5
local_termination_time: 351.86103999999943
node_cons: 44292.08546223322
tot_aggregated_send: 0
tot_msg_rcv: 32160
tot_msg_sent: 31950
tot_reconf_duration: 18.21
tot_sleeping_duration: 2120622.4878400047
tot_uptimes: 552
tot_uptimes_duration: 33060.01215999527
