comms_cons: 15.131187199551395
finished_reconf: true
global_termination_time: 137880.9694800001
local_termination_time: 137880.92836000008
node_cons: 2863.6598009584145
tot_aggregated_send: 1494
tot_msg_rcv: 269
tot_msg_sent: 535
tot_reconf_duration: 24.59
tot_sleeping_duration: 135767.25284000128
tot_uptimes: 36
tot_uptimes_duration: 2113.7166399988055
