comms_cons: 15.217689599798799
finished_reconf: true
global_termination_time: 138890.262
local_termination_time: 73128.71835999997
node_cons: 2836.6536033574635
tot_aggregated_send: 1218
tot_msg_rcv: 297
tot_msg_sent: 798
tot_reconf_duration: 18.21
tot_sleeping_duration: 136790.2437600019
tot_uptimes: 36
tot_uptimes_duration: 2100.0182399980986
