comms_cons: 15.317004799741131
finished_reconf: true
global_termination_time: 138751.592
local_termination_time: 83465.99735999996
node_cons: 2820.444522238302
tot_aggregated_send: 1276
tot_msg_rcv: 341
tot_msg_sent: 712
tot_reconf_duration: 6.279999999999999
tot_sleeping_duration: 136651.57984000127
tot_uptimes: 36
tot_uptimes_duration: 2100.0121599987324
