comms_cons: 14.40249599967821
finished_reconf: true
global_termination_time: 137984.331
local_termination_time: 73410.09835999997
node_cons: 2818.8583644766127
tot_aggregated_send: 1160
tot_msg_rcv: 301
tot_msg_sent: 728
tot_reconf_duration: 5.1
tot_sleeping_duration: 135884.30668000254
tot_uptimes: 36
tot_uptimes_duration: 2100.0243199974648
