comms_cons: 17.033203199541298
finished_reconf: true
global_termination_time: 142273.592
local_termination_time: 40359.285360000016
node_cons: 2898.234184477755
tot_aggregated_send: 1160
tot_msg_rcv: 534
tot_msg_sent: 895
tot_reconf_duration: 4.390000000000001
tot_sleeping_duration: 140113.5676800017
tot_uptimes: 37
tot_uptimes_duration: 2160.024319998316
