comms_cons: 154.99342078581935
finished_reconf: true
global_termination_time: 1534299.998
local_termination_time: 1232226.2953599999
node_cons: 31501.759324467337
tot_aggregated_send: 21112
tot_msg_rcv: 822
tot_msg_sent: 1625
tot_reconf_duration: 6.22
tot_sleeping_duration: 1510779.9736800094
tot_uptimes: 393
tot_uptimes_duration: 23520.024319990538
