comms_cons: 73.08140800870277
finished_reconf: true
global_termination_time: 369055.777
local_termination_time: 218086.01760000008
node_cons: 7582.726841121432
tot_aggregated_send: 0
tot_msg_rcv: 5669
tot_msg_sent: 5439
tot_reconf_duration: 22.65
tot_sleeping_duration: 363415.77091999893
tot_uptimes: 95
tot_uptimes_duration: 5640.006080001069
