comms_cons: 63.628697598497446
finished_reconf: true
global_termination_time: 638584.529
local_termination_time: 275064.7624800001
node_cons: 13120.165462242909
tot_aggregated_send: 8990
tot_msg_rcv: 230
tot_msg_sent: 452
tot_reconf_duration: 18.21
tot_sleeping_duration: 628804.5168399978
tot_uptimes: 164
tot_uptimes_duration: 9780.012160002138
