comms_cons: 65.38700160135312
finished_reconf: true
global_termination_time: 642757.695
local_termination_time: 91243.40471999993
node_cons: 13179.967063364313
tot_aggregated_send: 8236
tot_msg_rcv: 616
tot_msg_sent: 1086
tot_reconf_duration: 3.08
tot_sleeping_duration: 632917.6767599967
tot_uptimes: 165
tot_uptimes_duration: 9840.018240003206
