comms_cons: 34.982233599956466
finished_reconf: true
global_termination_time: 344119.483
local_termination_time: 116423.84667999986
node_cons: 7077.302081121448
tot_aggregated_send: 4698
tot_msg_rcv: 214
tot_msg_sent: 405
tot_reconf_duration: 5.43
tot_sleeping_duration: 338839.47691999894
tot_uptimes: 89
tot_uptimes_duration: 5280.006080001069
