comms_cons: 68.10255360741672
finished_reconf: true
global_termination_time: 345691.268
local_termination_time: 3417.0223600000004
node_cons: 7090.776143362022
tot_aggregated_send: 0
tot_msg_rcv: 5253
tot_msg_sent: 5099
tot_reconf_duration: 15.34
tot_sleeping_duration: 340411.24975999846
tot_uptimes: 89
tot_uptimes_duration: 5280.018240001504
