comms_cons: 178.48824318613396
finished_reconf: true
global_termination_time: 1753564.944
local_termination_time: 142022.05348000053
node_cons: 36079.22454448103
tot_aggregated_send: 24012
tot_msg_rcv: 1085
tot_msg_sent: 2032
tot_reconf_duration: 4.8100000000000005
tot_sleeping_duration: 1726624.9196799991
tot_uptimes: 450
tot_uptimes_duration: 26940.02432000084
