comms_cons: 394.930892879855
finished_reconf: true
global_termination_time: 3892173.92384
local_termination_time: 3892173.8827199996
node_cons: 80092.11312116978
tot_aggregated_send: 53856
tot_msg_rcv: 2260
tot_msg_sent: 3911
tot_reconf_duration: 37.410000000000004
tot_sleeping_duration: 3832396.993040021
tot_uptimes: 997
tot_uptimes_duration: 59776.930799979134
