comms_cons: 378.5145343939611
finished_reconf: true
global_termination_time: 3895723.58
local_termination_time: 2603115.9263600004
node_cons: 80106.5440599984
tot_aggregated_send: 54868
tot_msg_rcv: 982
tot_msg_sent: 1682
tot_reconf_duration: 5.57
tot_sleeping_duration: 3835903.58
tot_uptimes: 998
tot_uptimes_duration: 59820.0
