comms_cons: 388.4158208319232
finished_reconf: true
global_termination_time: 3894561.47
local_termination_time: 1100482.323
node_cons: 80111.82934781698
tot_aggregated_send: 54801
tot_msg_rcv: 1346
tot_msg_sent: 2890
tot_reconf_duration: 9.42
tot_sleeping_duration: 3834741.427440016
tot_uptimes: 998
tot_uptimes_duration: 59820.04255998437
