comms_cons: 385.7030528472258
finished_reconf: true
global_termination_time: 3894782.539
local_termination_time: 1032856.86336
node_cons: 80105.5689678167
tot_aggregated_send: 54520
tot_msg_rcv: 1293
tot_msg_sent: 2811
tot_reconf_duration: 4.8100000000000005
tot_sleeping_duration: 3834962.4964400157
tot_uptimes: 998
tot_uptimes_duration: 59820.042559984024
