comms_cons: 0.6973951999996275
finished_reconf: true
global_termination_time: 6962.654
local_termination_time: 424.29135999999994
node_cons: 100.85938000000002
tot_aggregated_send: 0
tot_msg_rcv: 61
tot_msg_sent: 45
tot_reconf_duration: 15.110000000000001
tot_sleeping_duration: 6902.654
tot_uptimes: 2
tot_uptimes_duration: 60.0
