comms_cons: 0.6052863999998181
finished_reconf: true
global_termination_time: 5933.826
local_termination_time: 262.02447999999987
node_cons: 86.87197999999995
tot_aggregated_send: 0
tot_msg_rcv: 36
tot_msg_sent: 55
tot_reconf_duration: 4.8100000000000005
tot_sleeping_duration: 5873.826
tot_uptimes: 2
tot_uptimes_duration: 59.99999999999997
