comms_cons: 39.271244800551855
finished_reconf: true
global_termination_time: 393399.393
local_termination_time: 52166.575480000014
node_cons: 8054.839861119156
tot_aggregated_send: 5394
tot_msg_rcv: 182
tot_msg_sent: 393
tot_reconf_duration: 15.34
tot_sleeping_duration: 387399.38692000066
tot_uptimes: 101
tot_uptimes_duration: 6000.006079999366
