comms_cons: 40.140326400214356
finished_reconf: true
global_termination_time: 397126.946
local_termination_time: 18160.973479999997
node_cons: 8129.698980000008
tot_aggregated_send: 5510
tot_msg_rcv: 252
tot_msg_sent: 339
tot_reconf_duration: 11.31
tot_sleeping_duration: 391066.946
tot_uptimes: 102
tot_uptimes_duration: 6060.0
