comms_cons: 612.4681340103107
finished_reconf: true
global_termination_time: 1617976.336
local_termination_time: 225365.77848000007
node_cons: 97951.53229594091
tot_aggregated_send: 0
tot_msg_rcv: 37664
tot_msg_sent: 55425
tot_reconf_duration: 18.21
tot_sleeping_duration: 1544842.054360012
tot_uptimes: 1198
tot_uptimes_duration: 73134.28163998768
