comms_cons: 159.94620799423632
finished_reconf: true
global_termination_time: 1618662.804
local_termination_time: 872183.9403599999
node_cons: 33276.92020000006
tot_aggregated_send: 23142
tot_msg_rcv: 308
tot_msg_sent: 859
tot_reconf_duration: 11.899999999999999
tot_sleeping_duration: 1593822.804
tot_uptimes: 415
tot_uptimes_duration: 24840.0
