comms_cons: 158.87514879108141
finished_reconf: true
global_termination_time: 1622630.698
local_termination_time: 697116.2623599999
node_cons: 33345.26632335519
tot_aggregated_send: 21866
tot_msg_rcv: 703
tot_msg_sent: 1579
tot_reconf_duration: 3.05
tot_sleeping_duration: 1597730.6797600037
tot_uptimes: 416
tot_uptimes_duration: 24900.018239996338
