comms_cons: 165.93075198328287
finished_reconf: true
global_termination_time: 1620792.923
local_termination_time: 428706.5762800003
node_cons: 33351.800971172954
tot_aggregated_send: 21286
tot_msg_rcv: 1313
tot_msg_sent: 2621
tot_reconf_duration: 7.819999999999999
tot_sleeping_duration: 1595892.8622000203
tot_uptimes: 416
tot_uptimes_duration: 24900.06079997978
