comms_cons: 160.3187199926782
finished_reconf: true
global_termination_time: 1620250.174
local_termination_time: 247747.51936000097
node_cons: 33271.83901975151
tot_aggregated_send: 21866
tot_msg_rcv: 808
tot_msg_sent: 1693
tot_reconf_duration: 6.22
tot_sleeping_duration: 1595408.2081600067
tot_uptimes: 415
tot_uptimes_duration: 24841.965839993638
