comms_cons: 256.34418558402916
finished_reconf: true
global_termination_time: 2592054.815
local_termination_time: 893336.5676399982
node_cons: 53271.39790223284
tot_aggregated_send: 36192
tot_msg_rcv: 969
tot_msg_sent: 1801
tot_reconf_duration: 4.390000000000001
tot_sleeping_duration: 2552274.8028400047
tot_uptimes: 664
tot_uptimes_duration: 39780.01215999527
