comms_cons: 73.83178239828139
finished_reconf: true
global_termination_time: 729112.415
local_termination_time: 311212.25700000045
node_cons: 14950.198364478836
tot_aggregated_send: 9918
tot_msg_rcv: 434
tot_msg_sent: 870
tot_reconf_duration: 5.1
tot_sleeping_duration: 717952.390680001
tot_uptimes: 187
tot_uptimes_duration: 11160.024319999138
