comms_cons: 73.04885759988366
finished_reconf: true
global_termination_time: 731634.509
local_termination_time: 506092.59736
node_cons: 15044.131944485725
tot_aggregated_send: 10208
tot_msg_rcv: 314
tot_msg_sent: 581
tot_reconf_duration: 15.110000000000001
tot_sleeping_duration: 720414.4846799957
tot_uptimes: 188
tot_uptimes_duration: 11220.024320004275
