comms_cons: 74.0263359970763
finished_reconf: true
global_termination_time: 728301.558
local_termination_time: 153184.8746400004
node_cons: 14968.683446724022
tot_aggregated_send: 9744
tot_msg_rcv: 527
tot_msg_sent: 979
tot_reconf_duration: 18.700000000000003
tot_sleeping_duration: 717141.521519997
tot_uptimes: 187
tot_uptimes_duration: 11160.036480002978
