comms_cons: 73.51598079736584
finished_reconf: true
global_termination_time: 727282.8829599988
local_termination_time: 161963.79676000087
node_cons: 15025.256076322437
tot_aggregated_send: 10092
tot_msg_rcv: 361
tot_msg_sent: 721
tot_reconf_duration: 11.899999999999999
tot_sleeping_duration: 716073.700079997
tot_uptimes: 187
tot_uptimes_duration: 11209.182880001812
