comms_cons: 90.71961599779598
finished_reconf: true
global_termination_time: 888531.1671999996
local_termination_time: 888531.1260799996
node_cons: 18296.056532400908
tot_aggregated_send: 12108
tot_msg_rcv: 616
tot_msg_sent: 1064
tot_reconf_duration: 24.59
tot_sleeping_duration: 874892.135599999
tot_uptimes: 228
tot_uptimes_duration: 13639.03160000065
