comms_cons: 88.78630399692642
finished_reconf: true
global_termination_time: 893484.999
local_termination_time: 662144.0889599986
node_cons: 18332.878979999943
tot_aggregated_send: 12644
tot_msg_rcv: 281
tot_msg_sent: 570
tot_reconf_duration: 11.31
tot_sleeping_duration: 879804.999
tot_uptimes: 229
tot_uptimes_duration: 13680.0
