comms_cons: 512.9156352850456
finished_reconf: true
global_termination_time: 5200608.941
local_termination_time: 2896278.860719999
node_cons: 106953.41242558205
tot_aggregated_send: 70992
tot_msg_rcv: 2273
tot_msg_sent: 4694
tot_reconf_duration: 15.34
tot_sleeping_duration: 5120748.910600011
tot_uptimes: 1332
tot_uptimes_duration: 79860.0303999891
