comms_cons: 1497.3662796893034
finished_reconf: true
global_termination_time: 3098753.6575999996
local_termination_time: 3098753.6164799994
node_cons: 187920.03374446038
tot_aggregated_send: 0
tot_msg_rcv: 92041
tot_msg_sent: 135551
tot_reconf_duration: 37.410000000000004
tot_sleeping_duration: 2958448.033280009
tot_uptimes: 2298
tot_uptimes_duration: 140305.62431999028
