comms_cons: 305.36103678124994
finished_reconf: true
global_termination_time: 3101082.125
local_termination_time: 1843964.208
node_cons: 63803.03023510615
tot_aggregated_send: 43266
tot_msg_rcv: 1111
tot_msg_sent: 2036
tot_reconf_duration: 6.279999999999999
tot_sleeping_duration: 3053438.732920009
tot_uptimes: 795
tot_uptimes_duration: 47643.39207999059
