comms_cons: 304.4533055930167
finished_reconf: true
global_termination_time: 3099566.05
local_termination_time: 1726426.1813599998
node_cons: 63727.529283349424
tot_aggregated_send: 43616
tot_msg_rcv: 883
tot_msg_sent: 1776
tot_reconf_duration: 13.17
tot_sleeping_duration: 3051986.0317600067
tot_uptimes: 794
tot_uptimes_duration: 47580.01823999314
