comms_cons: 142.76766718550252
finished_reconf: true
global_termination_time: 1398708.79612
local_termination_time: 336153.814480001
node_cons: 28790.745626751785
tot_aggregated_send: 18560
tot_msg_rcv: 1099
tot_msg_sent: 2040
tot_reconf_duration: 4.8100000000000005
tot_sleeping_duration: 1377211.9972800063
tot_uptimes: 359
tot_uptimes_duration: 21496.798839993833
