comms_cons: 16.08159359966323
finished_reconf: true
global_termination_time: 126087.652
local_termination_time: 18102.494359999997
node_cons: 2588.080386716903
tot_aggregated_send: 812
tot_msg_rcv: 699
tot_msg_sent: 934
tot_reconf_duration: 12.629999999999999
tot_sleeping_duration: 124167.6155200023
tot_uptimes: 33
tot_uptimes_duration: 1920.0364799976887
