comms_cons: 16.402694399455406
finished_reconf: true
global_termination_time: 123852.646
local_termination_time: 1811.3558400000004
node_cons: 2515.975305596611
tot_aggregated_send: 754
tot_msg_rcv: 760
tot_msg_sent: 979
tot_reconf_duration: 18.700000000000003
tot_sleeping_duration: 121992.61560000252
tot_uptimes: 32
tot_uptimes_duration: 1860.0303999974694
