comms_cons: 17.431436799726143
finished_reconf: true
global_termination_time: 124591.813
local_termination_time: 10317.940120000001
node_cons: 2506.7670428795773
tot_aggregated_send: 638
tot_msg_rcv: 907
tot_msg_sent: 1106
tot_reconf_duration: 11.899999999999999
tot_sleeping_duration: 122731.76308000031
tot_uptimes: 32
tot_uptimes_duration: 1860.0499199996848
