comms_cons: 121.57045759448393
finished_reconf: true
global_termination_time: 1231995.2762400003
local_termination_time: 4316.102
node_cons: 25388.07494383463
tot_aggregated_send: 16857
tot_msg_rcv: 509
tot_msg_sent: 1111
tot_reconf_duration: 21.68
tot_sleeping_duration: 1213056.7896800044
tot_uptimes: 316
tot_uptimes_duration: 18938.48655999596
