comms_cons: 116.43868159832137
finished_reconf: true
global_termination_time: 1234788.394
local_termination_time: 4450.501
node_cons: 25402.331821116873
tot_aggregated_send: 17447
tot_msg_rcv: 104
tot_msg_sent: 147
tot_reconf_duration: 10.96
tot_sleeping_duration: 1215828.3879200025
tot_uptimes: 317
tot_uptimes_duration: 18960.006079997635
