comms_cons: 79.4767359990661
finished_reconf: true
global_termination_time: 803832.38
local_termination_time: 106365.71147999968
node_cons: 16504.05740000001
tot_aggregated_send: 11426
tot_msg_rcv: 238
tot_msg_sent: 416
tot_reconf_duration: 25.299999999999997
tot_sleeping_duration: 791532.38
tot_uptimes: 206
tot_uptimes_duration: 12300.0
