comms_cons: 428.61429743097545
finished_reconf: true
global_termination_time: 882005.6818399987
local_termination_time: 882005.6407199987
node_cons: 54011.02014296449
tot_aggregated_send: 0
tot_msg_rcv: 26190
tot_msg_sent: 38956
tot_reconf_duration: 24.59
tot_sleeping_duration: 841693.7871999948
tot_uptimes: 665
tot_uptimes_duration: 40311.894640003964
