comms_cons: 90.9837567936693
finished_reconf: true
global_termination_time: 886095.958
local_termination_time: 314198.1262000002
node_cons: 18167.500265593393
tot_aggregated_send: 11484
tot_msg_rcv: 779
tot_msg_sent: 1566
tot_reconf_duration: 7.819999999999999
tot_sleeping_duration: 872535.927600005
tot_uptimes: 227
tot_uptimes_duration: 13560.030399995041
