comms_cons: 446.62366700789977
finished_reconf: true
global_termination_time: 1001262.801
local_termination_time: 422979.6446400009
node_cons: 60883.98120967533
tot_aggregated_send: 0
tot_msg_rcv: 27374
tot_msg_sent: 40510
tot_reconf_duration: 18.21
tot_sleeping_duration: 955811.5298800027
tot_uptimes: 746
tot_uptimes_duration: 45451.2711199973
