comms_cons: 523.7041791770578
finished_reconf: true
global_termination_time: 814387.027
local_termination_time: 167063.91660000008
node_cons: 80728.94457435758
tot_aggregated_send: 0
tot_msg_rcv: 36217
tot_msg_sent: 43383
tot_reconf_duration: 5.57
tot_sleeping_duration: 754102.2021199707
tot_uptimes: 963
tot_uptimes_duration: 60284.824880029395
