comms_cons: 81.1873279990404
finished_reconf: true
global_termination_time: 816491.286
local_termination_time: 387541.45636000007
node_cons: 16825.4418233643
tot_aggregated_send: 11078
tot_msg_rcv: 425
tot_msg_sent: 837
tot_reconf_duration: 25.299999999999997
tot_sleeping_duration: 803951.2677599968
tot_uptimes: 210
tot_uptimes_duration: 12540.018240003206
