comms_cons: 77.69377279973948
finished_reconf: true
global_termination_time: 818810.775
local_termination_time: 348795.63436
node_cons: 16811.587521121437
tot_aggregated_send: 10788
tot_msg_rcv: 370
tot_msg_sent: 651
tot_reconf_duration: 15.110000000000001
tot_sleeping_duration: 806270.768919999
tot_uptimes: 210
tot_uptimes_duration: 12540.006080001069
