comms_cons: 79.55631359816897
finished_reconf: true
global_termination_time: 814755.185
local_termination_time: 145144.77536000006
node_cons: 16741.494982242875
tot_aggregated_send: 10846
tot_msg_rcv: 429
tot_msg_sent: 817
tot_reconf_duration: 22.65
tot_sleeping_duration: 802275.1728399979
tot_uptimes: 209
tot_uptimes_duration: 12480.012160002138
