comms_cons: 82.0181887974893
finished_reconf: true
global_termination_time: 815248.271
local_termination_time: 405088.9782000001
node_cons: 16736.130882238223
tot_aggregated_send: 10962
tot_msg_rcv: 587
tot_msg_sent: 919
tot_reconf_duration: 18.700000000000003
tot_sleeping_duration: 802768.2588400012
tot_uptimes: 209
tot_uptimes_duration: 12480.012159998703
