comms_cons: 81.91104000185037
finished_reconf: true
global_termination_time: 814926.901
local_termination_time: 180917.31236000004
node_cons: 16721.363983364285
tot_aggregated_send: 10556
tot_msg_rcv: 674
tot_msg_sent: 1220
tot_reconf_duration: 7.819999999999999
tot_sleeping_duration: 802446.8827599967
tot_uptimes: 209
tot_uptimes_duration: 12480.018240003206
