comms_cons: 276.0718592238137
finished_reconf: true
global_termination_time: 2728547.69448
local_termination_time: 2728547.65336
node_cons: 56164.07014324733
tot_aggregated_send: 37410
tot_msg_rcv: 1497
tot_msg_sent: 3052
tot_reconf_duration: 50.300000000000004
tot_sleeping_duration: 2686653.9209600235
tot_uptimes: 699
tot_uptimes_duration: 41893.77351997656
