comms_cons: 272.4161472268774
finished_reconf: true
global_termination_time: 2730949.176
local_termination_time: 7370.317
node_cons: 56165.729153407214
tot_aggregated_send: 37520
tot_msg_rcv: 1259
tot_msg_sent: 2626
tot_reconf_duration: 5.87
tot_sleeping_duration: 2689009.103040024
tot_uptimes: 700
tot_uptimes_duration: 41940.07295997621
