comms_cons: 1.2171520000027134
finished_reconf: true
global_termination_time: 5000.989
local_termination_time: 1681.8934800000004
node_cons: 84.48190000000024
tot_aggregated_send: 0
tot_msg_rcv: 127
tot_msg_sent: 58
tot_reconf_duration: 3.05
tot_sleeping_duration: 4940.989
tot_uptimes: 2
tot_uptimes_duration: 60.0
