comms_cons: 1.4013695999953708
finished_reconf: true
global_termination_time: 9424.949
local_termination_time: 5539.10036
node_cons: 195.03740000000025
tot_aggregated_send: 0
tot_msg_rcv: 119
tot_msg_sent: 93
tot_reconf_duration: 25.299999999999997
tot_sleeping_duration: 9304.949
tot_uptimes: 3
tot_uptimes_duration: 120.0
