comms_cons: 1.5263743999991783
finished_reconf: true
global_termination_time: 10964.781
local_termination_time: 6596.637360000001
node_cons: 169.12676000000033
tot_aggregated_send: 0
tot_msg_rcv: 121
tot_msg_sent: 111
tot_reconf_duration: 6.22
tot_sleeping_duration: 10844.781
tot_uptimes: 3
tot_uptimes_duration: 120.0
