comms_cons: 2.579046399995698
finished_reconf: true
global_termination_time: 18729.801
local_termination_time: 11060.48236
node_cons: 325.5426399999999
tot_aggregated_send: 0
tot_msg_rcv: 218
tot_msg_sent: 174
tot_reconf_duration: 3.08
tot_sleeping_duration: 18489.801
tot_uptimes: 5
tot_uptimes_duration: 240.0
