comms_cons: 3.237593599994633
finished_reconf: true
global_termination_time: 15857.232
local_termination_time: 4902.177
node_cons: 340.03350272000534
tot_aggregated_send: 0
tot_msg_rcv: 317
tot_msg_sent: 176
tot_reconf_duration: 10.95
tot_sleeping_duration: 15614.391519999996
tot_uptimes: 5
tot_uptimes_duration: 242.8404800000044
