comms_cons: 379.63555846170914
finished_reconf: true
global_termination_time: 3754271.336
local_termination_time: 175126.21236000006
node_cons: 77232.23229340171
tot_aggregated_send: 52084
tot_msg_rcv: 1965
tot_msg_sent: 3652
tot_reconf_duration: 18.700000000000003
tot_sleeping_duration: 3696611.2630400276
tot_uptimes: 962
tot_uptimes_duration: 57660.07295997278
