comms_cons: 374.85764483349436
finished_reconf: true
global_termination_time: 3753863.829
local_termination_time: 1537825.5667599982
node_cons: 77224.4932191043
tot_aggregated_send: 52200
tot_msg_rcv: 1583
tot_msg_sent: 3194
tot_reconf_duration: 11.31
tot_sleeping_duration: 3696202.0409200103
tot_uptimes: 962
tot_uptimes_duration: 57661.78807998961
