comms_cons: 94.30556159718063
finished_reconf: true
global_termination_time: 924674.507
local_termination_time: 142522.76036000004
node_cons: 18968.82522783625
tot_aggregated_send: 12296
tot_msg_rcv: 640
tot_msg_sent: 1396
tot_reconf_duration: 6.279999999999999
tot_sleeping_duration: 910514.4644400028
tot_uptimes: 237
tot_uptimes_duration: 14160.042559997182
