comms_cons: 93.83055999697868
finished_reconf: true
global_termination_time: 926989.065
local_termination_time: 163383.01736000006
node_cons: 19058.505565598003
tot_aggregated_send: 12528
tot_msg_rcv: 521
tot_msg_sent: 1213
tot_reconf_duration: 13.17
tot_sleeping_duration: 912769.0346000014
tot_uptimes: 238
tot_uptimes_duration: 14220.030399998475
