comms_cons: 94.62863359759464
finished_reconf: true
global_termination_time: 922921.793
local_termination_time: 296469.7620800006
node_cons: 18972.660226723994
tot_aggregated_send: 12470
tot_msg_rcv: 695
tot_msg_sent: 1218
tot_reconf_duration: 9.11
tot_sleeping_duration: 908761.756519997
tot_uptimes: 237
tot_uptimes_duration: 14160.036480002978
