comms_cons: 93.74044159612379
finished_reconf: true
global_termination_time: 925123.768
local_termination_time: 121418.72619999989
node_cons: 18966.812685597983
tot_aggregated_send: 12238
tot_msg_rcv: 611
tot_msg_sent: 1399
tot_reconf_duration: 4.8100000000000005
tot_sleeping_duration: 910963.7376000015
tot_uptimes: 237
tot_uptimes_duration: 14160.030399998475
