comms_cons: 93.32972799505143
finished_reconf: true
global_termination_time: 922594.908
local_termination_time: 307075.53236
node_cons: 19066.031587840782
tot_aggregated_send: 12586
tot_msg_rcv: 450
tot_msg_sent: 1149
tot_reconf_duration: 18.700000000000003
tot_sleeping_duration: 908374.8654399995
tot_uptimes: 237
tot_uptimes_duration: 14220.042560000613
