comms_cons: 95.65474559354227
finished_reconf: true
global_termination_time: 924506.479
local_termination_time: 356466.11620000016
node_cons: 18966.250466719357
tot_aggregated_send: 12122
tot_msg_rcv: 846
tot_msg_sent: 1570
tot_reconf_duration: 4.390000000000001
tot_sleeping_duration: 910346.4425200005
tot_uptimes: 237
tot_uptimes_duration: 14160.036479999544
