comms_cons: 90.6021631983553
finished_reconf: true
global_termination_time: 912392.075
local_termination_time: 594407.4540799996
node_cons: 18726.145799999995
tot_aggregated_send: 12992
tot_msg_rcv: 261
tot_msg_sent: 518
tot_reconf_duration: 5.1
tot_sleeping_duration: 898412.075
tot_uptimes: 234
tot_uptimes_duration: 13980.0
