comms_cons: 97.49619199582106
finished_reconf: true
global_termination_time: 966974.014
local_termination_time: 56518.98440000017
node_cons: 19852.532663355123
tot_aggregated_send: 13224
tot_msg_rcv: 663
tot_msg_sent: 932
tot_reconf_duration: 6.279999999999999
tot_sleeping_duration: 952153.9957600037
tot_uptimes: 248
tot_uptimes_duration: 14820.018239996338
