comms_cons: 193.06199031071412
finished_reconf: true
global_termination_time: 965905.5985999999
local_termination_time: 112.72248000000035
node_cons: 19872.162196240704
tot_aggregated_send: 0
tot_msg_rcv: 14994
tot_msg_sent: 14345
tot_reconf_duration: 5.57
tot_sleeping_duration: 951070.2004399993
tot_uptimes: 248
tot_uptimes_duration: 14835.398160000506
