comms_cons: 96.98904319944205
finished_reconf: true
global_termination_time: 965955.346
local_termination_time: 304945.7971600008
node_cons: 19940.488341121414
tot_aggregated_send: 13746
tot_msg_rcv: 367
tot_msg_sent: 628
tot_reconf_duration: 11.899999999999999
tot_sleeping_duration: 951075.3399199989
tot_uptimes: 248
tot_uptimes_duration: 14880.006080001069
