comms_cons: 192.51356150828158
finished_reconf: true
global_termination_time: 970902.52
local_termination_time: 3232.4233600000002
node_cons: 19939.703403352847
tot_aggregated_send: 0
tot_msg_rcv: 14873
tot_msg_sent: 14388
tot_reconf_duration: 11.31
tot_sleeping_duration: 956022.5017600054
tot_uptimes: 249
tot_uptimes_duration: 14880.018239994635
