comms_cons: 100.45780479220241
finished_reconf: true
global_termination_time: 971658.62
local_termination_time: 299449.96656000026
node_cons: 19945.184284485786
tot_aggregated_send: 12528
tot_msg_rcv: 895
tot_msg_sent: 1846
tot_reconf_duration: 15.34
tot_sleeping_duration: 956778.5956799957
tot_uptimes: 249
tot_uptimes_duration: 14880.024320004275
