comms_cons: 54.83105280038856
finished_reconf: true
global_termination_time: 556471.906
local_termination_time: 461103.49236000003
node_cons: 11414.811980000013
tot_aggregated_send: 7946
tot_msg_rcv: 148
tot_msg_sent: 240
tot_reconf_duration: 4.8100000000000005
tot_sleeping_duration: 547951.906
tot_uptimes: 143
tot_uptimes_duration: 8520.0
