comms_cons: 2.2441343999939876
finished_reconf: true
global_termination_time: 18264.673
local_termination_time: 4559.640360000001
node_cons: 341.87938000000076
tot_aggregated_send: 0
tot_msg_rcv: 179
tot_msg_sent: 162
tot_reconf_duration: 15.110000000000001
tot_sleeping_duration: 18024.673
tot_uptimes: 5
tot_uptimes_duration: 240.0
