comms_cons: 1.5329535999949357
finished_reconf: true
global_termination_time: 13281.116
local_termination_time: 7370.57448
node_cons: 253.81236000000135
tot_aggregated_send: 0
tot_msg_rcv: 123
tot_msg_sent: 110
tot_reconf_duration: 9.42
tot_sleeping_duration: 13101.115999999998
tot_uptimes: 4
tot_uptimes_duration: 180.0
