comms_cons: 1.6053247999946965
finished_reconf: true
global_termination_time: 14154.076
local_termination_time: 4634.424359999999
node_cons: 245.16189999999904
tot_aggregated_send: 0
tot_msg_rcv: 127
tot_msg_sent: 117
tot_reconf_duration: 3.05
tot_sleeping_duration: 13974.076
tot_uptimes: 4
tot_uptimes_duration: 180.0
