comms_cons: 95.77999359942375
finished_reconf: true
global_termination_time: 983387.902
local_termination_time: 231710.76036000004
node_cons: 20173.86824000003
tot_aggregated_send: 13862
tot_msg_rcv: 235
tot_msg_sent: 461
tot_reconf_duration: 6.279999999999999
tot_sleeping_duration: 968327.902
tot_uptimes: 252
tot_uptimes_duration: 15060.0
