comms_cons: 98.35371519808056
finished_reconf: true
global_termination_time: 982681.69
local_termination_time: 592762.6071599992
node_cons: 20172.91220112139
tot_aggregated_send: 13862
tot_msg_rcv: 395
tot_msg_sent: 692
tot_reconf_duration: 5.57
tot_sleeping_duration: 967621.6839199989
tot_uptimes: 252
tot_uptimes_duration: 15060.006080001069
