comms_cons: 97.48463359715088
finished_reconf: true
global_termination_time: 981817.0926799985
local_termination_time: 981817.0515599985
node_cons: 20283.77009976082
tot_aggregated_send: 14068
tot_msg_rcv: 242
tot_msg_sent: 507
tot_reconf_duration: 37.410000000000004
tot_sleeping_duration: 966706.5868399979
tot_uptimes: 252
tot_uptimes_duration: 15110.50584000058
