comms_cons: 96.61128319750607
finished_reconf: true
global_termination_time: 982356.884
local_termination_time: 321363.97252000036
node_cons: 20178.132360000007
tot_aggregated_send: 14036
tot_msg_rcv: 210
tot_msg_sent: 438
tot_reconf_duration: 9.42
tot_sleeping_duration: 967296.884
tot_uptimes: 252
tot_uptimes_duration: 15060.0
