comms_cons: 96.65502719999031
finished_reconf: true
global_termination_time: 987076.97
local_termination_time: 315863.34452000086
node_cons: 20260.550100000048
tot_aggregated_send: 14152
tot_msg_rcv: 141
tot_msg_sent: 398
tot_reconf_duration: 10.95
tot_sleeping_duration: 971956.97
tot_uptimes: 253
tot_uptimes_duration: 15120.0
