comms_cons: 96.76092159787862
finished_reconf: true
global_termination_time: 982154.16
local_termination_time: 460156.5780000009
node_cons: 20176.471165118102
tot_aggregated_send: 14152
tot_msg_rcv: 156
tot_msg_sent: 399
tot_reconf_duration: 7.819999999999999
tot_sleeping_duration: 967093.7779200014
tot_uptimes: 252
tot_uptimes_duration: 15060.382079998555
