comms_cons: 229.68645118715915
finished_reconf: true
global_termination_time: 2333846.237
local_termination_time: 1592918.1323599997
node_cons: 47969.9057999992
tot_aggregated_send: 32770
tot_msg_rcv: 667
tot_msg_sent: 1474
tot_reconf_duration: 5.1
tot_sleeping_duration: 2298026.237
tot_uptimes: 598
tot_uptimes_duration: 35820.0
