comms_cons: 234.98807038043938
finished_reconf: true
global_termination_time: 2333263.315
local_termination_time: 1053665.4553599998
node_cons: 47971.47560670028
tot_aggregated_send: 31494
tot_msg_rcv: 1473
tot_msg_sent: 2752
tot_reconf_duration: 6.22
tot_sleeping_duration: 2297443.278520014
tot_uptimes: 598
tot_uptimes_duration: 35820.03647998575
