comms_cons: 233.4569599989916
finished_reconf: true
global_termination_time: 2332472.562239996
local_termination_time: 152516.99548000007
node_cons: 48004.217779406004
tot_aggregated_send: 32828
tot_msg_rcv: 908
tot_msg_sent: 1748
tot_reconf_duration: 11.31
tot_sleeping_duration: 2296633.235280021
tot_uptimes: 598
tot_uptimes_duration: 35839.326959975064
