comms_cons: 650.7884288941665
finished_reconf: true
global_termination_time: 6539202.30948
local_termination_time: 6539202.26836
node_cons: 134540.92794207056
tot_aggregated_send: 93424
tot_msg_rcv: 1827
tot_msg_sent: 3665
tot_reconf_duration: 24.59
tot_sleeping_duration: 6438748.586760004
tot_uptimes: 1675
tot_uptimes_duration: 100453.72271999641
