comms_cons: 647.0708673030166
finished_reconf: true
global_termination_time: 6542240.987
local_termination_time: 1815992.20636
node_cons: 134584.92410893162
tot_aggregated_send: 92162
tot_msg_rcv: 2010
tot_msg_sent: 4179
tot_reconf_duration: 11.31
tot_sleeping_duration: 6441740.938360018
tot_uptimes: 1676
tot_uptimes_duration: 100500.04863998201
