comms_cons: 86.90590719953754
finished_reconf: true
global_termination_time: 873523.296
local_termination_time: 73479.55583999993
node_cons: 17936.05377375994
tot_aggregated_send: 12470
tot_msg_rcv: 278
tot_msg_sent: 462
tot_reconf_duration: 9.11
tot_sleeping_duration: 860137.42416
tot_uptimes: 224
tot_uptimes_duration: 13385.871839999934
