comms_cons: 87.1480831966376
finished_reconf: true
global_termination_time: 873274.431
local_termination_time: 29398.0952
node_cons: 17941.21460000002
tot_aggregated_send: 12296
tot_msg_rcv: 329
tot_msg_sent: 621
tot_reconf_duration: 18.700000000000003
tot_sleeping_duration: 859894.431
tot_uptimes: 224
tot_uptimes_duration: 13380.0
