comms_cons: 85.33880319948356
finished_reconf: true
global_termination_time: 872170.911
local_termination_time: 301040.5012800008
node_cons: 17924.266759999988
tot_aggregated_send: 12818
tot_msg_rcv: 42
tot_msg_sent: 111
tot_reconf_duration: 6.22
tot_sleeping_duration: 858790.911
tot_uptimes: 224
tot_uptimes_duration: 13380.0
