comms_cons: 94.23353599198956
finished_reconf: true
global_termination_time: 920639.868
local_termination_time: 5644.296
node_cons: 18887.808930063034
tot_aggregated_send: 12347
tot_msg_rcv: 689
tot_msg_sent: 1287
tot_reconf_duration: 5.77
tot_sleeping_duration: 906539.8132800127
tot_uptimes: 236
tot_uptimes_duration: 14100.05471998731
