comms_cons: 93.35947519192806
finished_reconf: true
global_termination_time: 924155.822
local_termination_time: 5997.897999999999
node_cons: 18970.237513434204
tot_aggregated_send: 11650
tot_msg_rcv: 819
tot_msg_sent: 1722
tot_reconf_duration: 7.29
tot_sleeping_duration: 909995.7490400043
tot_uptimes: 237
tot_uptimes_duration: 14160.072959995654
