comms_cons: 55.147481600656945
finished_reconf: true
global_termination_time: 545523.125
local_termination_time: 310354.39636000094
node_cons: 11178.29831416259
tot_aggregated_send: 7250
tot_msg_rcv: 380
tot_msg_sent: 752
tot_reconf_duration: 6.22
tot_sleeping_duration: 537181.1895599981
tot_uptimes: 140
tot_uptimes_duration: 8341.935440001951
