comms_cons: 353.4687744267267
finished_reconf: true
global_termination_time: 3501405.619
local_termination_time: 12476.836480000002
node_cons: 72009.4505911762
tot_aggregated_send: 48604
tot_msg_rcv: 1757
tot_msg_sent: 3366
tot_reconf_duration: 18.21
tot_sleeping_duration: 3447645.5582000166
tot_uptimes: 897
tot_uptimes_duration: 53760.06079998345
