comms_cons: 345.56590078706773
finished_reconf: true
global_termination_time: 3506062.93
local_termination_time: 2070506.1340799998
node_cons: 72085.81986111529
tot_aggregated_send: 49416
tot_msg_rcv: 1144
tot_msg_sent: 1964
tot_reconf_duration: 15.34
tot_sleeping_duration: 3452242.9239200023
tot_uptimes: 898
tot_uptimes_duration: 53820.006079997635
