comms_cons: 254.17486079595346
finished_reconf: true
global_termination_time: 2582457.712
local_termination_time: 1510941.607
node_cons: 53143.35531287303
tot_aggregated_send: 37389
tot_msg_rcv: 372
tot_msg_sent: 872
tot_reconf_duration: 25.299999999999997
tot_sleeping_duration: 2542794.5320800045
tot_uptimes: 662
tot_uptimes_duration: 39663.17991999537
