comms_cons: 133.26169598959524
finished_reconf: true
global_termination_time: 1320010.6536399992
local_termination_time: 1320010.6125199993
node_cons: 27244.271351908865
tot_aggregated_send: 18269
tot_msg_rcv: 645
tot_msg_sent: 1340
tot_reconf_duration: 33.589999999999996
tot_sleeping_duration: 1299697.9903600074
tot_uptimes: 339
tot_uptimes_duration: 20312.663279991684
