comms_cons: 474.19304326126644
finished_reconf: true
global_termination_time: 4711817.25
local_termination_time: 3360471.921
node_cons: 96932.11957006286
tot_aggregated_send: 65886
tot_msg_rcv: 2134
tot_msg_sent: 4055
tot_reconf_duration: 22.65
tot_sleeping_duration: 4639448.79528001
tot_uptimes: 1207
tot_uptimes_duration: 72368.45471998933
