comms_cons: 477.99170572641776
finished_reconf: true
global_termination_time: 4716788.686
local_termination_time: 775963.4913599999
node_cons: 96988.37883563487
tot_aggregated_send: 65076
tot_msg_rcv: 2640
tot_msg_sent: 4935
tot_reconf_duration: 13.17
tot_sleeping_duration: 4644368.6008800315
tot_uptimes: 1208
tot_uptimes_duration: 72420.08511996828
