comms_cons: 477.4339200743627
finished_reconf: true
global_termination_time: 4710902.449
local_termination_time: 1458479.149519998
node_cons: 96913.90709421066
tot_aggregated_send: 64902
tot_msg_rcv: 2617
tot_msg_sent: 5046
tot_reconf_duration: 15.110000000000001
tot_sleeping_duration: 4638539.948840019
tot_uptimes: 1207
tot_uptimes_duration: 72362.50015998026
