comms_cons: 474.2680896802529
finished_reconf: true
global_termination_time: 4712651.282
local_termination_time: 1385357.67936
node_cons: 96900.70026558214
tot_aggregated_send: 66120
tot_msg_rcv: 2135
tot_msg_sent: 3832
tot_reconf_duration: 7.819999999999999
tot_sleeping_duration: 4640291.251600011
tot_uptimes: 1207
tot_uptimes_duration: 72360.03039998864
