comms_cons: 52.05261440121477
finished_reconf: true
global_termination_time: 516646.943
local_termination_time: 16832.742720000006
node_cons: 10651.166008806324
tot_aggregated_send: 6612
tot_msg_rcv: 477
tot_msg_sent: 823
tot_reconf_duration: 18.21
tot_sleeping_duration: 508710.8437999953
tot_uptimes: 133
tot_uptimes_duration: 7936.099200004715
