comms_cons: 378.4688192007044
finished_reconf: true
global_termination_time: 3844796.372
local_termination_time: 2020251.782599998
node_cons: 79091.67374574613
tot_aggregated_send: 53418
tot_msg_rcv: 1431
tot_msg_sent: 2675
tot_reconf_duration: 15.34
tot_sleeping_duration: 3785744.212160009
tot_uptimes: 985
tot_uptimes_duration: 59052.159839991014
