comms_cons: 383.932716827615
finished_reconf: true
global_termination_time: 3843193.785
local_termination_time: 1748079.9028399999
node_cons: 79065.22026558753
tot_aggregated_send: 53476
tot_msg_rcv: 1756
tot_msg_sent: 3123
tot_reconf_duration: 7.819999999999999
tot_sleeping_duration: 3784153.754600008
tot_uptimes: 985
tot_uptimes_duration: 59040.03039999207
