comms_cons: 127.69324799549915
finished_reconf: true
global_termination_time: 1279358.296
local_termination_time: 479545.57536
node_cons: 26278.105800000012
tot_aggregated_send: 18096
tot_msg_rcv: 446
tot_msg_sent: 866
tot_reconf_duration: 5.1
tot_sleeping_duration: 1259738.296
tot_uptimes: 328
tot_uptimes_duration: 19620.0
