comms_cons: 126.96540159398148
finished_reconf: true
global_termination_time: 1277892.5
local_termination_time: 702975.42436
node_cons: 26289.064860000097
tot_aggregated_send: 18212
tot_msg_rcv: 344
tot_msg_sent: 742
tot_reconf_duration: 13.17
tot_sleeping_duration: 1258272.5
tot_uptimes: 328
tot_uptimes_duration: 19620.0
