comms_cons: 133.27948798464425
finished_reconf: true
global_termination_time: 1276589.8024799998
local_termination_time: 2598.2960800000005
node_cons: 26240.83380990207
tot_aggregated_send: 16704
tot_msg_rcv: 1349
tot_msg_sent: 2203
tot_reconf_duration: 22.65
tot_sleeping_duration: 1257015.4372000133
tot_uptimes: 327
tot_uptimes_duration: 19574.36527998658
