comms_cons: 165.84189438925804
finished_reconf: true
global_termination_time: 1659091.02212
local_termination_time: 88412.65963999975
node_cons: 34120.23512303061
tot_aggregated_send: 23200
tot_msg_rcv: 655
tot_msg_sent: 1352
tot_reconf_duration: 25.299999999999997
tot_sleeping_duration: 1633634.802760007
tot_uptimes: 425
tot_uptimes_duration: 25456.219359993003
