comms_cons: 167.74831998791075
finished_reconf: true
global_termination_time: 1661273.373
local_termination_time: 200914.5456000001
node_cons: 34175.283123350484
tot_aggregated_send: 23084
tot_msg_rcv: 862
tot_msg_sent: 1550
tot_reconf_duration: 22.65
tot_sleeping_duration: 1635773.354760007
tot_uptimes: 426
tot_uptimes_duration: 25500.018239992904
