comms_cons: 167.23072638869886
finished_reconf: true
global_termination_time: 1659732.176
local_termination_time: 1008197.9939999981
node_cons: 34148.66632335055
tot_aggregated_send: 23432
tot_msg_rcv: 765
tot_msg_sent: 1221
tot_reconf_duration: 3.05
tot_sleeping_duration: 1634232.157760007
tot_uptimes: 426
tot_uptimes_duration: 25500.018239992904
