comms_cons: 48.82014080340386
finished_reconf: true
global_termination_time: 415816.7392400002
local_termination_time: 173180.38960000098
node_cons: 8585.436827461597
tot_aggregated_send: 3306
tot_msg_rcv: 1504
tot_msg_sent: 2611
tot_reconf_duration: 18.21
tot_sleeping_duration: 409423.38027998403
tot_uptimes: 107
tot_uptimes_duration: 6393.358960016136
