comms_cons: 67.88418560746301
finished_reconf: true
global_termination_time: 473029.278
local_termination_time: 167238.2687200001
node_cons: 9727.688262242871
tot_aggregated_send: 0
tot_msg_rcv: 5322
tot_msg_sent: 4996
tot_reconf_duration: 4.8100000000000005
tot_sleeping_duration: 465769.26583999785
tot_uptimes: 122
tot_uptimes_duration: 7260.0121600021375
