comms_cons: 0.7216895999970422
finished_reconf: true
global_termination_time: 6885.416
local_termination_time: 2579.5743600000005
node_cons: 97.49154000000014
tot_aggregated_send: 0
tot_msg_rcv: 62
tot_msg_sent: 47
tot_reconf_duration: 12.629999999999999
tot_sleeping_duration: 6825.416
tot_uptimes: 2
tot_uptimes_duration: 60.0
