comms_cons: 10.501030399891118
finished_reconf: true
global_termination_time: 84864.246
local_termination_time: 35865.696160000065
node_cons: 1711.8936033597324
tot_aggregated_send: 754
tot_msg_rcv: 388
tot_msg_sent: 455
tot_reconf_duration: 18.21
tot_sleeping_duration: 83604.2277600002
tot_uptimes: 22
tot_uptimes_duration: 1260.0182399998012
