comms_cons: 9.494412799862422
finished_reconf: true
global_termination_time: 84640.64223999991
local_termination_time: 31888.173919999997
node_cons: 1723.712451598179
tot_aggregated_send: 580
tot_msg_rcv: 314
tot_msg_sent: 549
tot_reconf_duration: 11.899999999999999
tot_sleeping_duration: 83365.39784000127
tot_uptimes: 22
tot_uptimes_duration: 1275.2443999986426
