comms_cons: 12.706316800074982
finished_reconf: true
global_termination_time: 88894.786
local_termination_time: 35924.29472000002
node_cons: 1775.9614668802938
tot_aggregated_send: 290
tot_msg_rcv: 708
tot_msg_sent: 935
tot_reconf_duration: 6.22
tot_sleeping_duration: 87574.76007999977
tot_uptimes: 23
tot_uptimes_duration: 1320.0259200002183
