comms_cons: 87.9441663976676
finished_reconf: true
global_termination_time: 879579.1
local_termination_time: 583674.9403599999
node_cons: 18082.461620000046
tot_aggregated_send: 12470
tot_msg_rcv: 321
tot_msg_sent: 576
tot_reconf_duration: 4.390000000000001
tot_sleeping_duration: 866079.1
tot_uptimes: 226
tot_uptimes_duration: 13500.0
