comms_cons: 228.79287026552367
finished_reconf: true
global_termination_time: 1157764.424
local_termination_time: 250.00447999999994
node_cons: 23805.43430894849
tot_aggregated_send: 0
tot_msg_rcv: 17607
tot_msg_sent: 17169
tot_reconf_duration: 18.21
tot_sleeping_duration: 1140004.3753600088
tot_uptimes: 297
tot_uptimes_duration: 17760.04863999138
