comms_cons: 117.40770558963015
finished_reconf: true
global_termination_time: 1159379.242
local_termination_time: 2022.5094800000022
node_cons: 23801.52056670563
tot_aggregated_send: 15776
tot_msg_rcv: 682
tot_msg_sent: 1389
tot_reconf_duration: 15.34
tot_sleeping_duration: 1141619.2055200108
tot_uptimes: 297
tot_uptimes_duration: 17760.03647998924
