comms_cons: 118.30620158650827
finished_reconf: true
global_termination_time: 1158614.085
local_termination_time: 459048.6293600001
node_cons: 23797.864810056133
tot_aggregated_send: 15312
tot_msg_rcv: 816
tot_msg_sent: 1853
tot_reconf_duration: 12.629999999999999
tot_sleeping_duration: 1140854.0302800178
tot_uptimes: 297
tot_uptimes_duration: 17760.054719982145
