comms_cons: 118.6110719886268
finished_reconf: true
global_termination_time: 1162631.271
local_termination_time: 367220.23236
node_cons: 23867.56896782246
tot_aggregated_send: 15602
tot_msg_rcv: 854
tot_msg_sent: 1573
tot_reconf_duration: 4.8100000000000005
tot_sleeping_duration: 1144811.228440013
tot_uptimes: 298
tot_uptimes_duration: 17820.042559986876
