comms_cons: 116.43461119176756
finished_reconf: true
global_termination_time: 1157875.092
local_termination_time: 391983.954480001
node_cons: 23806.862340543776
tot_aggregated_send: 15080
tot_msg_rcv: 807
tot_msg_sent: 1813
tot_reconf_duration: 11.31
tot_sleeping_duration: 1140106.978960012
tot_uptimes: 297
tot_uptimes_duration: 17768.11303998786
