comms_cons: 230.7252799914145
finished_reconf: true
global_termination_time: 2322686.583
local_termination_time: 287619.30136
node_cons: 47727.94604335444
tot_aggregated_send: 32422
tot_msg_rcv: 901
tot_msg_sent: 1746
tot_reconf_duration: 4.390000000000001
tot_sleeping_duration: 2287046.5647600037
tot_uptimes: 595
tot_uptimes_duration: 35640.01823999634
