comms_cons: 8.862809599816996
finished_reconf: true
global_termination_time: 103008.548
local_termination_time: 4522.8060000000005
node_cons: 2092.60166
tot_aggregated_send: 576
tot_msg_rcv: 446
tot_msg_sent: 326
tot_reconf_duration: 2.77
tot_sleeping_duration: 101448.548
tot_uptimes: 27
tot_uptimes_duration: 1560.0
