comms_cons: 11.18595840011138
finished_reconf: true
global_termination_time: 104631.91
local_termination_time: 763.4611199999999
node_cons: 2093.9840833594503
tot_aggregated_send: 580
tot_msg_rcv: 632
tot_msg_sent: 489
tot_reconf_duration: 3.77
tot_sleeping_duration: 103071.89176000042
tot_uptimes: 27
tot_uptimes_duration: 1560.0182399995902
