comms_cons: 85.17363841115576
finished_reconf: true
global_termination_time: 436901.5994400003
local_termination_time: 91.49804000000002
node_cons: 8978.92013728186
tot_aggregated_send: 0
tot_msg_rcv: 6508
tot_msg_sent: 6436
tot_reconf_duration: 22.65
tot_sleeping_duration: 430218.87991999893
tot_uptimes: 112
tot_uptimes_duration: 6682.719520001381
