comms_cons: 42.955596800101546
finished_reconf: true
global_termination_time: 436925.826
local_termination_time: 5540.5026
node_cons: 9004.04162000001
tot_aggregated_send: 6380
tot_msg_rcv: 37
tot_msg_sent: 112
tot_reconf_duration: 4.390000000000001
tot_sleeping_duration: 430205.826
tot_uptimes: 112
tot_uptimes_duration: 6720.0
