comms_cons: 42.3443583999749
finished_reconf: true
global_termination_time: 436901.12612000015
local_termination_time: 78900.52711999946
node_cons: 8950.61138335949
tot_aggregated_send: 6090
tot_msg_rcv: 101
tot_msg_sent: 246
tot_reconf_duration: 7.819999999999999
tot_sleeping_duration: 430224.5078800005
tot_uptimes: 112
tot_uptimes_duration: 6676.618239999603
