comms_cons: 43.567462400366324
finished_reconf: true
global_termination_time: 440096.84
local_termination_time: 17180.391520000005
node_cons: 9006.526760000008
tot_aggregated_send: 6148
tot_msg_rcv: 130
tot_msg_sent: 344
tot_reconf_duration: 6.22
tot_sleeping_duration: 433376.84
tot_uptimes: 113
tot_uptimes_duration: 6720.0
