comms_cons: 65.47514879741186
finished_reconf: true
global_termination_time: 639049.075
local_termination_time: 110335.36935999995
node_cons: 13103.008483357422
tot_aggregated_send: 8526
tot_msg_rcv: 496
tot_msg_sent: 929
tot_reconf_duration: 5.57
tot_sleeping_duration: 629269.0567600018
tot_uptimes: 164
tot_uptimes_duration: 9780.01823999807
