comms_cons: 65.33048319775547
finished_reconf: true
global_termination_time: 636811.689
local_termination_time: 149750.41560000007
node_cons: 13106.055842238251
tot_aggregated_send: 8410
tot_msg_rcv: 480
tot_msg_sent: 1039
tot_reconf_duration: 7.819999999999999
tot_sleeping_duration: 627031.6768400014
tot_uptimes: 164
tot_uptimes_duration: 9780.012159998703
