comms_cons: 64.41829120026591
finished_reconf: true
global_termination_time: 637514.667
local_termination_time: 99766.18347999998
node_cons: 13110.81968560259
tot_aggregated_send: 8816
tot_msg_rcv: 341
tot_msg_sent: 634
tot_reconf_duration: 11.31
tot_sleeping_duration: 627734.6365999981
tot_uptimes: 164
tot_uptimes_duration: 9780.03040000191
