comms_cons: 2.164556799997032
finished_reconf: true
global_termination_time: 14992.879
local_termination_time: 6008.59536
node_cons: 275.37740000000025
tot_aggregated_send: 0
tot_msg_rcv: 177
tot_msg_sent: 151
tot_reconf_duration: 25.299999999999997
tot_sleeping_duration: 14812.879
tot_uptimes: 4
tot_uptimes_duration: 180.0
