comms_cons: 1.6908543999944137
finished_reconf: true
global_termination_time: 13423.637
local_termination_time: 11028.24936
node_cons: 251.63955999999962
tot_aggregated_send: 0
tot_msg_rcv: 134
tot_msg_sent: 123
tot_reconf_duration: 7.819999999999999
tot_sleeping_duration: 13243.637
tot_uptimes: 4
tot_uptimes_duration: 180.0
