comms_cons: 2.322457599996546
finished_reconf: true
global_termination_time: 13445.604
local_termination_time: 7360.022360000001
node_cons: 248.3939400000004
tot_aggregated_send: 0
tot_msg_rcv: 184
tot_msg_sent: 169
tot_reconf_duration: 5.43
tot_sleeping_duration: 13265.604
tot_uptimes: 4
tot_uptimes_duration: 180.0
