comms_cons: 194.54678402463563
finished_reconf: true
global_termination_time: 403967.009
local_termination_time: 178853.7318800004
node_cons: 24472.41966697151
tot_aggregated_send: 0
tot_msg_rcv: 11937
tot_msg_sent: 17633
tot_reconf_duration: 18.21
tot_sleeping_duration: 385708.83835999144
tot_uptimes: 299
tot_uptimes_duration: 18258.170640008582
