comms_cons: 40.83114240080417
finished_reconf: true
global_termination_time: 403520.464
local_termination_time: 181266.09736000004
node_cons: 8283.572663364299
tot_aggregated_send: 5394
tot_msg_rcv: 232
tot_msg_sent: 580
tot_reconf_duration: 6.279999999999999
tot_sleeping_duration: 397340.4457599968
tot_uptimes: 104
tot_uptimes_duration: 6180.018240003206
