comms_cons: 319.11156480115477
finished_reconf: true
global_termination_time: 3247478.661
local_termination_time: 2436965.70736
node_cons: 66777.89897999866
tot_aggregated_send: 46806
tot_msg_rcv: 530
tot_msg_sent: 1167
tot_reconf_duration: 11.31
tot_sleeping_duration: 3197618.661
tot_uptimes: 832
tot_uptimes_duration: 49860.0
