comms_cons: 85.3782784003467
finished_reconf: true
global_termination_time: 872777.695
local_termination_time: 346744.65304000076
node_cons: 17931.178980000022
tot_aggregated_send: 12470
tot_msg_rcv: 166
tot_msg_sent: 341
tot_reconf_duration: 11.31
tot_sleeping_duration: 859397.695
tot_uptimes: 224
tot_uptimes_duration: 13380.0
