comms_cons: 27.166144000261976
finished_reconf: true
global_termination_time: 275820.49
local_termination_time: 212554.96336000005
node_cons: 5632.254901121439
tot_aggregated_send: 3828
tot_msg_rcv: 74
tot_msg_sent: 227
tot_reconf_duration: 6.22
tot_sleeping_duration: 271620.4839199989
tot_uptimes: 71
tot_uptimes_duration: 4200.006080001069
