comms_cons: 33.63412480000502
finished_reconf: true
global_termination_time: 340272.012
local_termination_time: 335349.1873600001
node_cons: 6993.721900000072
tot_aggregated_send: 4872
tot_msg_rcv: 68
tot_msg_sent: 172
tot_reconf_duration: 3.05
tot_sleeping_duration: 335052.012
tot_uptimes: 88
tot_uptimes_duration: 5220.0
