comms_cons: 35.02736640048522
finished_reconf: true
global_termination_time: 340081.365
local_termination_time: 32263.68136
node_cons: 6998.043042240586
tot_aggregated_send: 4408
tot_msg_rcv: 276
tot_msg_sent: 639
tot_reconf_duration: 6.22
tot_sleeping_duration: 334861.3528399996
tot_uptimes: 88
tot_uptimes_duration: 5220.012160000435
