comms_cons: 61.81879039930483
finished_reconf: true
global_termination_time: 602529.397
local_termination_time: 27957.25456
node_cons: 12378.354184478861
tot_aggregated_send: 8062
tot_msg_rcv: 461
tot_msg_sent: 874
tot_reconf_duration: 4.390000000000001
tot_sleeping_duration: 593289.3726800008
tot_uptimes: 155
tot_uptimes_duration: 9240.024319999138
