comms_cons: 62.99544959949566
finished_reconf: true
global_termination_time: 602193.0283599979
local_termination_time: 602193.0283599979
node_cons: 12493.158105364671
tot_aggregated_send: 7526
tot_msg_rcv: 588
tot_msg_sent: 1460
tot_reconf_duration: 24.59
tot_sleeping_duration: 592887.7521199944
tot_uptimes: 155
tot_uptimes_duration: 9305.27624000347
