comms_cons: 164.27197441787453
finished_reconf: true
global_termination_time: 338504.12780000083
local_termination_time: 2868.3930400000013
node_cons: 20742.399449404158
tot_aggregated_send: 0
tot_msg_rcv: 10026
tot_msg_sent: 14941
tot_reconf_duration: 18.21
tot_sleeping_duration: 323031.63319999777
tot_uptimes: 255
tot_uptimes_duration: 15472.494600003085
