comms_cons: 284.0545344103169
finished_reconf: false
global_termination_time: 2810981.511
local_termination_time: 0
node_cons: 57844.79999999896
tot_aggregated_send: 39034
tot_msg_rcv: 1414
tot_msg_sent: 2726
tot_reconf_duration: 0
tot_sleeping_duration: 2767781.511
tot_uptimes: 720
tot_uptimes_duration: 43200.0
