comms_cons: 283.4287040200942
finished_reconf: false
global_termination_time: 2810453.928
local_termination_time: 0
node_cons: 57844.79999999896
tot_aggregated_send: 39034
tot_msg_rcv: 1319
tot_msg_sent: 2726
tot_reconf_duration: 0
tot_sleeping_duration: 2767253.928
tot_uptimes: 720
tot_uptimes_duration: 43200.0
