comms_cons: 286.5435904133364
finished_reconf: true
global_termination_time: 2809378.275
local_termination_time: 2120723.5743999984
node_cons: 57860.191544467314
tot_aggregated_send: 38454
tot_msg_rcv: 1796
tot_msg_sent: 3302
tot_reconf_duration: 11.31
tot_sleeping_duration: 2766178.2506800084
tot_uptimes: 720
tot_uptimes_duration: 43200.02431999124
