comms_cons: 2.250086399992565
finished_reconf: true
global_termination_time: 15709.073
local_termination_time: 6852.08736
node_cons: 336.23009999999977
tot_aggregated_send: 0
tot_msg_rcv: 176
tot_msg_sent: 166
tot_reconf_duration: 10.95
tot_sleeping_duration: 15469.073
tot_uptimes: 5
tot_uptimes_duration: 240.0
