comms_cons: 2.309299199992369
finished_reconf: true
global_termination_time: 18738.1
local_termination_time: 7841.421359999999
node_cons: 327.32161999999926
tot_aggregated_send: 0
tot_msg_rcv: 179
tot_msg_sent: 172
tot_reconf_duration: 4.390000000000001
tot_sleeping_duration: 18498.1
tot_uptimes: 5
tot_uptimes_duration: 240.0
