comms_cons: 2.342195199996481
finished_reconf: true
global_termination_time: 19085.182
local_termination_time: 4801.8103599999995
node_cons: 325.50189999999907
tot_aggregated_send: 0
tot_msg_rcv: 182
tot_msg_sent: 174
tot_reconf_duration: 3.05
tot_sleeping_duration: 18845.182
tot_uptimes: 5
tot_uptimes_duration: 240.0
