comms_cons: 435.11539203483653
finished_reconf: true
global_termination_time: 4403172.388
local_termination_time: 3202299.26736
node_cons: 90561.10556558285
tot_aggregated_send: 61190
tot_msg_rcv: 1770
tot_msg_sent: 3175
tot_reconf_duration: 13.17
tot_sleeping_duration: 4335552.357600012
tot_uptimes: 1128
tot_uptimes_duration: 67620.0303999891
