comms_cons: 410.2109376816341
finished_reconf: true
global_termination_time: 4098876.749
local_termination_time: 548454.1443599999
node_cons: 84293.89295116709
tot_aggregated_send: 55796
tot_msg_rcv: 2025
tot_msg_sent: 4530
tot_reconf_duration: 12.629999999999999
tot_sleeping_duration: 4035936.688200023
tot_uptimes: 1050
tot_uptimes_duration: 62940.060799977044
