comms_cons: 413.3118592807413
finished_reconf: true
global_termination_time: 4094371.3249999965
local_termination_time: 415282.48152000085
node_cons: 84231.55736116292
tot_aggregated_send: 56724
tot_msg_rcv: 2203
tot_msg_sent: 3894
tot_reconf_duration: 10.95
tot_sleeping_duration: 4031476.1142000225
tot_uptimes: 1049
tot_uptimes_duration: 62895.210799973924
