comms_cons: 400.6090048253837
finished_reconf: true
global_termination_time: 4096578.405
local_termination_time: 1183506.6303599998
node_cons: 84285.13932446606
tot_aggregated_send: 57130
tot_msg_rcv: 1147
tot_msg_sent: 2614
tot_reconf_duration: 6.22
tot_sleeping_duration: 4033638.3806800083
tot_uptimes: 1050
tot_uptimes_duration: 62940.02431999124
