comms_cons: 403.11621762187553
finished_reconf: true
global_termination_time: 4095044.195
local_termination_time: 2436965.74848
node_cons: 84211.69526223188
tot_aggregated_send: 56898
tot_msg_rcv: 1495
tot_msg_sent: 2877
tot_reconf_duration: 11.31
tot_sleeping_duration: 4032164.182840004
tot_uptimes: 1049
tot_uptimes_duration: 62880.0121599955
