comms_cons: 39.042227200101344
finished_reconf: true
global_termination_time: 389034.701
local_termination_time: 94816.52735999998
node_cons: 7984.434982242883
tot_aggregated_send: 5278
tot_msg_rcv: 210
tot_msg_sent: 447
tot_reconf_duration: 22.65
tot_sleeping_duration: 383094.68883999786
tot_uptimes: 100
tot_uptimes_duration: 5940.0121600021375
