comms_cons: 1.711219199993638
finished_reconf: true
global_termination_time: 14357.603
local_termination_time: 3260.7295200000035
node_cons: 265.4422752800052
tot_aggregated_send: 0
tot_msg_rcv: 152
tot_msg_sent: 108
tot_reconf_duration: 15.34
tot_sleeping_duration: 14174.921479999995
tot_uptimes: 4
tot_uptimes_duration: 182.68152000000373
