comms_cons: 19.02046719995878
finished_reconf: true
global_termination_time: 192893.356
local_termination_time: 18114.127360000002
node_cons: 3954.544860000005
tot_aggregated_send: 2668
tot_msg_rcv: 61
tot_msg_sent: 162
tot_reconf_duration: 13.17
tot_sleeping_duration: 189953.356
tot_uptimes: 50
tot_uptimes_duration: 2940.0
