comms_cons: 19.566540800318073
finished_reconf: true
global_termination_time: 193628.06
local_termination_time: 146497.30236000003
node_cons: 3947.279559999972
tot_aggregated_send: 2610
tot_msg_rcv: 139
tot_msg_sent: 225
tot_reconf_duration: 7.819999999999999
tot_sleeping_duration: 190688.06
tot_uptimes: 50
tot_uptimes_duration: 2940.0
