comms_cons: 435.379609634228
finished_reconf: true
global_termination_time: 4427555.949
local_termination_time: 2460386.88548
node_cons: 91033.77266334931
tot_aggregated_send: 60552
tot_msg_rcv: 1965
tot_msg_sent: 3657
tot_reconf_duration: 6.279999999999999
tot_sleeping_duration: 4359575.930760006
tot_uptimes: 1134
tot_uptimes_duration: 67980.0182399936
