comms_cons: 436.5665472348071
finished_reconf: true
global_termination_time: 4429608.99
local_termination_time: 1832920.5632799983
node_cons: 91116.22026558334
tot_aggregated_send: 61770
tot_msg_rcv: 1538
tot_msg_sent: 3047
tot_reconf_duration: 7.819999999999999
tot_sleeping_duration: 4361568.959600011
tot_uptimes: 1135
tot_uptimes_duration: 68040.03039998934
