comms_cons: 37.9159296005208
finished_reconf: true
global_termination_time: 373162.815
local_termination_time: 231657.147
node_cons: 7671.532106241061
tot_aggregated_send: 4870
tot_msg_rcv: 267
tot_msg_sent: 626
tot_reconf_duration: 22.65
tot_sleeping_duration: 367456.4868399992
tot_uptimes: 96
tot_uptimes_duration: 5706.328160000792
