comms_cons: 74.29265280901686
finished_reconf: true
global_termination_time: 374498.861
local_termination_time: 2250.7263600000006
node_cons: 7666.689964485732
tot_aggregated_send: 0
tot_msg_rcv: 5799
tot_msg_sent: 5493
tot_reconf_duration: 25.299999999999997
tot_sleeping_duration: 368798.8366799957
tot_uptimes: 96
tot_uptimes_duration: 5700.024320004275
