comms_cons: 74.68133760878892
finished_reconf: true
global_termination_time: 371855.951
local_termination_time: 1133.6643600000002
node_cons: 7653.1480022428705
tot_aggregated_send: 0
tot_msg_rcv: 5835
tot_msg_sent: 5513
tot_reconf_duration: 15.34
tot_sleeping_duration: 366155.93883999786
tot_uptimes: 96
tot_uptimes_duration: 5700.0121600021375
