comms_cons: 119.96513279670957
finished_reconf: true
global_termination_time: 1211190.109
local_termination_time: 828085.0694799998
node_cons: 24920.758979999955
tot_aggregated_send: 17516
tot_msg_rcv: 264
tot_msg_sent: 454
tot_reconf_duration: 11.31
tot_sleeping_duration: 1192590.109
tot_uptimes: 311
tot_uptimes_duration: 18600.0
