comms_cons: 121.89872639559661
finished_reconf: true
global_termination_time: 1208364.062
local_termination_time: 558539.5173599999
node_cons: 24833.628945593435
tot_aggregated_send: 15080
tot_msg_rcv: 1178
tot_msg_sent: 2270
tot_reconf_duration: 6.279999999999999
tot_sleeping_duration: 1189824.031600005
tot_uptimes: 310
tot_uptimes_duration: 18540.03039999504
