comms_cons: 119.642751994825
finished_reconf: true
global_termination_time: 1208237.588
local_termination_time: 581199.0113999982
node_cons: 24837.852360000095
tot_aggregated_send: 16646
tot_msg_rcv: 530
tot_msg_sent: 1009
tot_reconf_duration: 9.42
tot_sleeping_duration: 1189697.588
tot_uptimes: 310
tot_uptimes_duration: 18540.0
