comms_cons: 119.72302719629532
finished_reconf: true
global_termination_time: 1208077.548
local_termination_time: 756679.0203599998
node_cons: 24839.946382233637
tot_aggregated_send: 16298
tot_msg_rcv: 650
tot_msg_sent: 1249
tot_reconf_duration: 10.95
tot_sleeping_duration: 1189537.5358400047
tot_uptimes: 310
tot_uptimes_duration: 18540.01215999527
