comms_cons: 123.35307518948443
finished_reconf: true
global_termination_time: 1208675.067
local_termination_time: 408561.9274800001
node_cons: 24840.48410894389
tot_aggregated_send: 15312
tot_msg_rcv: 1078
tot_msg_sent: 2360
tot_reconf_duration: 11.31
tot_sleeping_duration: 1190135.018360012
tot_uptimes: 310
tot_uptimes_duration: 18540.048639987945
