comms_cons: 61.103897605553016
finished_reconf: true
global_termination_time: 294282.8080800003
local_termination_time: 2145.0653600000005
node_cons: 6107.415513360931
tot_aggregated_send: 0
tot_msg_rcv: 4906
tot_msg_sent: 4378
tot_reconf_duration: 18.21
tot_sleeping_duration: 289740.0998399996
tot_uptimes: 76
tot_uptimes_duration: 4542.708240000691
