comms_cons: 143.14554881382475
finished_reconf: true
global_termination_time: 294282.2478400006
local_termination_time: 294282.2067200006
node_cons: 18049.989252240663
tot_aggregated_send: 0
tot_msg_rcv: 8764
tot_msg_sent: 12993
tot_reconf_duration: 24.59
tot_sleeping_duration: 280826.9856800001
tot_uptimes: 221
tot_uptimes_duration: 13455.262160000468
