comms_cons: 30.317017600088754
finished_reconf: true
global_termination_time: 295937.498
local_termination_time: 64920.721480000015
node_cons: 6040.875262238305
tot_aggregated_send: 3944
tot_msg_rcv: 266
tot_msg_sent: 398
tot_reconf_duration: 11.31
tot_sleeping_duration: 291437.4858400013
tot_uptimes: 76
tot_uptimes_duration: 4500.012159998732
