comms_cons: 53.19283200059966
finished_reconf: true
global_termination_time: 534506.11
local_termination_time: 115946.01831999961
node_cons: 10946.759380000025
tot_aggregated_send: 7540
tot_msg_rcv: 210
tot_msg_sent: 335
tot_reconf_duration: 15.110000000000001
tot_sleeping_duration: 526346.1099999999
tot_uptimes: 137
tot_uptimes_duration: 8160.000000000007
