comms_cons: 52.40788480022607
finished_reconf: true
global_termination_time: 531253.104
local_termination_time: 195849.76008000062
node_cons: 10943.39154000002
tot_aggregated_send: 7714
tot_msg_rcv: 89
tot_msg_sent: 163
tot_reconf_duration: 12.629999999999999
tot_sleeping_duration: 523093.10400000005
tot_uptimes: 137
tot_uptimes_duration: 8160.0
