comms_cons: 51.916467199670535
finished_reconf: true
global_termination_time: 531737.886
local_termination_time: 453890.36
node_cons: 10954.042336240971
tot_aggregated_send: 7770
tot_msg_rcv: 29
tot_msg_sent: 92
tot_reconf_duration: 18.700000000000003
tot_sleeping_duration: 523576.0878399993
tot_uptimes: 137
tot_uptimes_duration: 8161.798160000762
