comms_cons: 246.73646079102997
finished_reconf: true
global_termination_time: 2458938.795
local_termination_time: 1146194.8891599993
node_cons: 50542.41266335013
tot_aggregated_send: 34626
tot_msg_rcv: 1018
tot_msg_sent: 1858
tot_reconf_duration: 6.279999999999999
tot_sleeping_duration: 2421198.776760007
tot_uptimes: 630
tot_uptimes_duration: 37740.01823999314
