comms_cons: 244.47837440557285
finished_reconf: true
global_termination_time: 2457970.53
local_termination_time: 1692598.17936
node_cons: 50568.23368223333
tot_aggregated_send: 35090
tot_msg_rcv: 698
tot_msg_sent: 1372
tot_reconf_duration: 25.299999999999997
tot_sleeping_duration: 2420230.5178400045
tot_uptimes: 630
tot_uptimes_duration: 37740.0121599955
