comms_cons: 14.329497600140279
finished_reconf: true
global_termination_time: 143081.39948000017
local_termination_time: 106079.28835999998
node_cons: 2936.1228787202317
tot_aggregated_send: 1682
tot_msg_rcv: 153
tot_msg_sent: 342
tot_reconf_duration: 18.21
tot_sleeping_duration: 140907.095
tot_uptimes: 37
tot_uptimes_duration: 2174.304480000166
