comms_cons: 53.46915840068379
finished_reconf: true
global_termination_time: 537875.213
local_termination_time: 183925.679
node_cons: 11014.152201121455
tot_aggregated_send: 7650
tot_msg_rcv: 186
tot_msg_sent: 291
tot_reconf_duration: 5.57
tot_sleeping_duration: 529655.2069199989
tot_uptimes: 138
tot_uptimes_duration: 8220.006080001069
