comms_cons: 53.200038400450204
finished_reconf: true
global_termination_time: 533865.348
local_termination_time: 114787.28911999945
node_cons: 10953.199423679269
tot_aggregated_send: 7540
tot_msg_rcv: 204
tot_msg_sent: 343
tot_reconf_duration: 13.17
tot_sleeping_duration: 525698.5708800005
tot_uptimes: 137
tot_uptimes_duration: 8166.777119999446
