comms_cons: 52.648012799948766
finished_reconf: true
global_termination_time: 536579.559
local_termination_time: 106050.55623999944
node_cons: 11020.52606447843
tot_aggregated_send: 7772
tot_msg_rcv: 61
tot_msg_sent: 169
tot_reconf_duration: 7.819999999999999
tot_sleeping_duration: 528357.0746800012
tot_uptimes: 138
tot_uptimes_duration: 8222.48431999881
