comms_cons: 978.5599947171829
finished_reconf: true
global_termination_time: 3357869.476
local_termination_time: 1475668.9956799995
node_cons: 137033.88048499564
tot_aggregated_send: 0
tot_msg_rcv: 49865
tot_msg_sent: 98871
tot_reconf_duration: 18.21
tot_sleeping_duration: 3255547.4809999997
tot_uptimes: 1693
tot_uptimes_duration: 102321.99500000004
