comms_cons: 337.35505922373113
finished_reconf: true
global_termination_time: 3359600.979
local_termination_time: 892054.7186799985
node_cons: 69098.9645444662
tot_aggregated_send: 47212
tot_msg_rcv: 1394
tot_msg_sent: 2670
tot_reconf_duration: 4.8100000000000005
tot_sleeping_duration: 3308000.9546800093
tot_uptimes: 861
tot_uptimes_duration: 51600.02431999077
