comms_cons: 143.0844415995372
finished_reconf: true
global_termination_time: 1471576.118
local_termination_time: 623398.1913199995
node_cons: 30223.198979999965
tot_aggregated_send: 21344
tot_msg_rcv: 122
tot_msg_sent: 282
tot_reconf_duration: 11.31
tot_sleeping_duration: 1449016.118
tot_uptimes: 377
tot_uptimes_duration: 22560.0
