comms_cons: 243.897523196846
finished_reconf: true
global_termination_time: 2443924.925
local_termination_time: 966253.8245999998
node_cons: 50221.02823999933
tot_aggregated_send: 34800
tot_msg_rcv: 826
tot_msg_sent: 1445
tot_reconf_duration: 6.279999999999999
tot_sleeping_duration: 2406424.925
tot_uptimes: 626
tot_uptimes_duration: 37500.0
