comms_cons: 242.05322238937376
finished_reconf: true
global_termination_time: 2445455.992
local_termination_time: 1735466.0623599996
node_cons: 50299.765799999106
tot_aggregated_send: 34800
tot_msg_rcv: 716
tot_msg_sent: 1274
tot_reconf_duration: 5.1
tot_sleeping_duration: 2407895.992
tot_uptimes: 627
tot_uptimes_duration: 37560.0
