comms_cons: 264.55088639971547
finished_reconf: true
global_termination_time: 2660843.688
local_termination_time: 796929.6344799978
node_cons: 54756.34721718376
tot_aggregated_send: 37120
tot_msg_rcv: 1114
tot_msg_sent: 1977
tot_reconf_duration: 18.21
tot_sleeping_duration: 2619968.6932000113
tot_uptimes: 682
tot_uptimes_duration: 40874.99479998858
