comms_cons: 262.7271935930268
finished_reconf: true
global_termination_time: 2658618.541
local_termination_time: 2278927.6020399993
node_cons: 54646.55897999933
tot_aggregated_send: 37700
tot_msg_rcv: 820
tot_msg_sent: 1413
tot_reconf_duration: 11.31
tot_sleeping_duration: 2617818.5409999997
tot_uptimes: 681
tot_uptimes_duration: 40800.00000000012
