comms_cons: 304.601408007045
finished_reconf: true
global_termination_time: 3015767.168
local_termination_time: 407028.6323600001
node_cons: 62053.36081675622
tot_aggregated_send: 40078
tot_msg_rcv: 2164
tot_msg_sent: 4057
tot_reconf_duration: 22.65
tot_sleeping_duration: 2969447.076800032
tot_uptimes: 773
tot_uptimes_duration: 46320.091199968185
