comms_cons: 297.7282368072658
finished_reconf: true
global_termination_time: 3017009.676
local_termination_time: 902824.2963199986
node_cons: 62031.00823999882
tot_aggregated_send: 43732
tot_msg_rcv: 537
tot_msg_sent: 983
tot_reconf_duration: 6.279999999999999
tot_sleeping_duration: 2970689.676
tot_uptimes: 773
tot_uptimes_duration: 46320.0
