comms_cons: 297.46599679671476
finished_reconf: true
global_termination_time: 3015846.904
local_termination_time: 1041472.196
node_cons: 62030.05220111554
tot_aggregated_send: 43378
tot_msg_rcv: 629
tot_msg_sent: 1206
tot_reconf_duration: 5.57
tot_sleeping_duration: 2969526.8979200027
tot_uptimes: 773
tot_uptimes_duration: 46320.006079997635
