comms_cons: 304.35461760208483
finished_reconf: true
global_termination_time: 3015492.704
local_termination_time: 358789.3921600003
node_cons: 62028.57187787328
tot_aggregated_send: 40136
tot_msg_rcv: 2104
tot_msg_sent: 4020
tot_reconf_duration: 4.390000000000001
tot_sleeping_duration: 2969172.6067200336
tot_uptimes: 773
tot_uptimes_duration: 46320.09727996605
