comms_cons: 300.6571967936173
finished_reconf: true
global_termination_time: 3017565.179
local_termination_time: 1034209.2506399981
node_cons: 62033.1321244662
tot_aggregated_send: 40484
tot_msg_rcv: 1770
tot_msg_sent: 3444
tot_reconf_duration: 7.819999999999999
tot_sleeping_duration: 2971245.1546800095
tot_uptimes: 773
tot_uptimes_duration: 46320.02431999054
