comms_cons: 45.21288960044538
finished_reconf: true
global_termination_time: 447840.799
local_termination_time: 317836.1833600001
node_cons: 9162.910041121506
tot_aggregated_send: 5916
tot_msg_rcv: 332
tot_msg_sent: 624
tot_reconf_duration: 3.05
tot_sleeping_duration: 441000.79291999893
tot_uptimes: 115
tot_uptimes_duration: 6840.006080001069
