comms_cons: 43.547724800508895
finished_reconf: true
global_termination_time: 443863.21312000015
local_termination_time: 356949.15880000027
node_cons: 9109.38861080165
tot_aggregated_send: 6264
tot_msg_rcv: 126
tot_msg_sent: 229
tot_reconf_duration: 7.819999999999999
tot_sleeping_duration: 437068.0159199989
tot_uptimes: 114
tot_uptimes_duration: 6795.197200001217
