comms_cons: 272.523276784623
finished_reconf: true
global_termination_time: 2736531.948
local_termination_time: 719786.8149199993
node_cons: 56262.77802669998
tot_aggregated_send: 38164
tot_msg_rcv: 1197
tot_msg_sent: 2062
tot_reconf_duration: 18.21
tot_sleeping_duration: 2694531.911520014
tot_uptimes: 701
tot_uptimes_duration: 42000.03647998581
