comms_cons: 278.3360192046742
finished_reconf: true
global_termination_time: 2736767.088
local_termination_time: 1287059.97736
node_cons: 56246.617792289464
tot_aggregated_send: 37236
tot_msg_rcv: 1697
tot_msg_sent: 3373
tot_reconf_duration: 6.279999999999999
tot_sleeping_duration: 2694767.021120022
tot_uptimes: 701
tot_uptimes_duration: 42000.06687997788
