comms_cons: 268.53045119175124
finished_reconf: true
global_termination_time: 2736314.938
local_termination_time: 1922258.54736
node_cons: 56252.87009999929
tot_aggregated_send: 39440
tot_msg_rcv: 455
tot_msg_sent: 920
tot_reconf_duration: 10.95
tot_sleeping_duration: 2694314.938
tot_uptimes: 701
tot_uptimes_duration: 42000.0
