comms_cons: 276.426969575438
finished_reconf: true
global_termination_time: 2736792.663
local_termination_time: 1247223.162
node_cons: 56251.1453424477
tot_aggregated_send: 36362
tot_msg_rcv: 1984
tot_msg_sent: 3671
tot_reconf_duration: 7.819999999999999
tot_sleeping_duration: 2694790.7766800234
tot_uptimes: 701
tot_uptimes_duration: 42001.88631997653
