comms_cons: 277.7211903932698
finished_reconf: true
global_termination_time: 2736534.201
local_termination_time: 1026697.8733599999
node_cons: 56258.93755451876
tot_aggregated_send: 37004
tot_msg_rcv: 1780
tot_msg_sent: 3428
tot_reconf_duration: 15.34
tot_sleeping_duration: 2694534.12196003
tot_uptimes: 701
tot_uptimes_duration: 42000.07903996995
