comms_cons: 434.33149447792744
finished_reconf: true
global_termination_time: 4331774.971
local_termination_time: 377614.41348000005
node_cons: 89103.69781452228
tot_aggregated_send: 59740
tot_msg_rcv: 1960
tot_msg_sent: 4316
tot_reconf_duration: 4.8100000000000005
tot_sleeping_duration: 4265234.891960026
tot_uptimes: 1110
tot_uptimes_duration: 66540.07903997361
