comms_cons: 422.98018561498355
finished_reconf: true
global_termination_time: 4336883.451
local_termination_time: 1504520.0364399985
node_cons: 89184.79836334864
tot_aggregated_send: 60436
tot_msg_rcv: 1296
tot_msg_sent: 2558
tot_reconf_duration: 5.43
tot_sleeping_duration: 4270283.432760007
tot_uptimes: 1111
tot_uptimes_duration: 66600.01823999337
