comms_cons: 232.57600003341017
finished_reconf: true
global_termination_time: 482502.208
local_termination_time: 281691.8700400007
node_cons: 29213.35047012145
tot_aggregated_send: 0
tot_msg_rcv: 14273
tot_msg_sent: 21078
tot_reconf_duration: 4.390000000000001
tot_sleeping_duration: 460689.3709199989
tot_uptimes: 358
tot_uptimes_duration: 21812.8370800011
