comms_cons: 47.52156160055476
finished_reconf: true
global_termination_time: 487099.37
local_termination_time: 233209.23036000005
node_cons: 9970.606760000015
tot_aggregated_send: 6728
tot_msg_rcv: 93
tot_msg_sent: 402
tot_reconf_duration: 6.22
tot_sleeping_duration: 479659.37
tot_uptimes: 125
tot_uptimes_duration: 7440.0
