comms_cons: 96.21724799997799
finished_reconf: true
global_termination_time: 957497.791
local_termination_time: 431209.05548000004
node_cons: 19691.787465602545
tot_aggregated_send: 12760
tot_msg_rcv: 758
tot_msg_sent: 1105
tot_reconf_duration: 6.22
tot_sleeping_duration: 942797.7605999981
tot_uptimes: 246
tot_uptimes_duration: 14700.03040000191
