comms_cons: 95.92993919561896
finished_reconf: true
global_termination_time: 957799.005
local_termination_time: 119312.9753599997
node_cons: 19698.715967845463
tot_aggregated_send: 12296
tot_msg_rcv: 716
tot_msg_sent: 1567
tot_reconf_duration: 11.31
tot_sleeping_duration: 943098.962439996
tot_uptimes: 246
tot_uptimes_duration: 14700.042560004047
