comms_cons: 71.17441279971801
finished_reconf: true
global_termination_time: 714218.763
local_termination_time: 227525.36148000008
node_cons: 14629.278363364303
tot_aggregated_send: 10034
tot_msg_rcv: 263
tot_msg_sent: 522
tot_reconf_duration: 5.43
tot_sleeping_duration: 703298.7447599968
tot_uptimes: 183
tot_uptimes_duration: 10920.018240003206
