comms_cons: 105.8988031986948
finished_reconf: true
global_termination_time: 1079589.468
local_termination_time: 1043825.8991199981
node_cons: 22182.286760000155
tot_aggregated_send: 15660
tot_msg_rcv: 149
tot_msg_sent: 287
tot_reconf_duration: 6.22
tot_sleeping_duration: 1063029.468
tot_uptimes: 277
tot_uptimes_duration: 16560.0
