comms_cons: 107.64229119348892
finished_reconf: true
global_termination_time: 1079651.2
local_termination_time: 618349.3053599998
node_cons: 22189.19897999995
tot_aggregated_send: 15428
tot_msg_rcv: 363
tot_msg_sent: 570
tot_reconf_duration: 11.31
tot_sleeping_duration: 1063091.2
tot_uptimes: 277
tot_uptimes_duration: 16560.0
