comms_cons: 615.3943936921738
finished_reconf: true
global_termination_time: 6213910.14
local_termination_time: 2007498.4446399992
node_cons: 127841.80428446399
tot_aggregated_send: 86246
tot_msg_rcv: 2580
tot_msg_sent: 4709
tot_reconf_duration: 15.34
tot_sleeping_duration: 6118450.115680009
tot_uptimes: 1592
tot_uptimes_duration: 95460.024319991
