comms_cons: 615.4914816704407
finished_reconf: true
global_termination_time: 6215579.194
local_termination_time: 3318248.8109999993
node_cons: 127829.50894558169
tot_aggregated_send: 86942
tot_msg_rcv: 2252
tot_msg_sent: 4356
tot_reconf_duration: 6.279999999999999
tot_sleeping_duration: 6120119.163600011
tot_uptimes: 1592
tot_uptimes_duration: 95460.0303999891
