comms_cons: 624.5393153584249
finished_reconf: true
global_termination_time: 6214827.478
local_termination_time: 706338.2788399988
node_cons: 127826.96299973261
tot_aggregated_send: 84680
tot_msg_rcv: 3270
tot_msg_sent: 6974
tot_reconf_duration: 4.390000000000001
tot_sleeping_duration: 6119367.432160018
tot_uptimes: 1592
tot_uptimes_duration: 95460.04583998257
