comms_cons: 1.7895423999940874
finished_reconf: true
global_termination_time: 16597.168
local_termination_time: 8891.48636
node_cons: 352.11869999999954
tot_aggregated_send: 0
tot_msg_rcv: 148
tot_msg_sent: 124
tot_reconf_duration: 22.65
tot_sleeping_duration: 16357.168000000001
tot_uptimes: 5
tot_uptimes_duration: 240.0
