comms_cons: 11.508236799913576
finished_reconf: true
global_termination_time: 97772.426
local_termination_time: 53082.22836000001
node_cons: 2019.1358422394417
tot_aggregated_send: 638
tot_msg_rcv: 457
tot_msg_sent: 654
tot_reconf_duration: 7.819999999999999
tot_sleeping_duration: 96272.41384000043
tot_uptimes: 26
tot_uptimes_duration: 1500.0121599995837
