comms_cons: 12.520844800087152
finished_reconf: true
global_termination_time: 99921.102
local_termination_time: 28757.884240000003
node_cons: 2018.1471467208723
tot_aggregated_send: 696
tot_msg_rcv: 465
tot_msg_sent: 742
tot_reconf_duration: 6.22
tot_sleeping_duration: 98420.20551999935
tot_uptimes: 26
tot_uptimes_duration: 1500.8964800006543
