comms_cons: 11.253024000086015
finished_reconf: true
global_termination_time: 100072.814
local_termination_time: 33779.65732000013
node_cons: 2023.8671211202875
tot_aggregated_send: 638
tot_msg_rcv: 488
tot_msg_sent: 584
tot_reconf_duration: 11.31
tot_sleeping_duration: 98572.80791999977
tot_uptimes: 26
tot_uptimes_duration: 1500.0060800002175
