comms_cons: 1.5197951999976185
finished_reconf: true
global_termination_time: 10883.721240000003
local_termination_time: 6488.6053600000005
node_cons: 186.2859693600037
tot_aggregated_send: 0
tot_msg_rcv: 120
tot_msg_sent: 111
tot_reconf_duration: 7.819999999999999
tot_sleeping_duration: 10752.529
tot_uptimes: 3
tot_uptimes_duration: 131.19224000000213
