comms_cons: 45.40963840044068
finished_reconf: true
global_termination_time: 442660.035
local_termination_time: 68906.11799999974
node_cons: 9103.165462240602
tot_aggregated_send: 6032
tot_msg_rcv: 363
tot_msg_sent: 507
tot_reconf_duration: 18.21
tot_sleeping_duration: 435880.0228399995
tot_uptimes: 114
tot_uptimes_duration: 6780.012160000435
