comms_cons: 45.89678080068741
finished_reconf: true
global_termination_time: 443301.862
local_termination_time: 5552.804920000001
node_cons: 9085.362082242873
tot_aggregated_send: 5974
tot_msg_rcv: 421
tot_msg_sent: 581
tot_reconf_duration: 5.1
tot_sleeping_duration: 436521.8498399979
tot_uptimes: 114
tot_uptimes_duration: 6780.0121600021375
