comms_cons: 45.12668160060434
finished_reconf: true
global_termination_time: 441545.0944800001
local_termination_time: 96791.79855999959
node_cons: 9101.934658720107
tot_aggregated_send: 5974
tot_msg_rcv: 311
tot_msg_sent: 572
tot_reconf_duration: 13.17
tot_sleeping_duration: 434760.89
tot_uptimes: 114
tot_uptimes_duration: 6784.204480000073
