comms_cons: 63.420211199962615
finished_reconf: true
global_termination_time: 625881.746
local_termination_time: 230621.117
node_cons: 12864.57585272134
tot_aggregated_send: 8582
tot_msg_rcv: 362
tot_msg_sent: 694
tot_reconf_duration: 6.279999999999999
tot_sleeping_duration: 616280.515519999
tot_uptimes: 161
tot_uptimes_duration: 9601.230480000988
