comms_cons: 62.93788160030762
finished_reconf: true
global_termination_time: 622845.025
local_termination_time: 71066.64715999953
node_cons: 12778.226323362014
tot_aggregated_send: 8410
tot_msg_rcv: 352
tot_msg_sent: 806
tot_reconf_duration: 3.05
tot_sleeping_duration: 613305.0067599985
tot_uptimes: 160
tot_uptimes_duration: 9540.018240001504
