comms_cons: 91.94229759805393
finished_reconf: true
global_termination_time: 925702.086
local_termination_time: 536648.5663599999
node_cons: 19057.75596335511
tot_aggregated_send: 12586
tot_msg_rcv: 445
tot_msg_sent: 944
tot_reconf_duration: 12.629999999999999
tot_sleeping_duration: 911482.0677600037
tot_uptimes: 238
tot_uptimes_duration: 14220.018239996323
