comms_cons: 96.64488959320582
finished_reconf: true
global_termination_time: 927076.178
local_termination_time: 33748.00188000009
node_cons: 19051.28097119024
tot_aggregated_send: 11948
tot_msg_rcv: 1049
tot_msg_sent: 1693
tot_reconf_duration: 7.819999999999999
tot_sleeping_duration: 912856.1172000072
tot_uptimes: 238
tot_uptimes_duration: 14220.060799992694
