comms_cons: 95.2756095942193
finished_reconf: true
global_termination_time: 925066.152
local_termination_time: 150364.15444000022
node_cons: 18968.768171189065
tot_aggregated_send: 11948
tot_msg_rcv: 956
tot_msg_sent: 1577
tot_reconf_duration: 6.22
tot_sleeping_duration: 910906.0912000082
tot_uptimes: 237
tot_uptimes_duration: 14160.060799991814
