comms_cons: 64.41694719825148
finished_reconf: true
global_termination_time: 651442.662
local_termination_time: 226072.46596000015
node_cons: 13367.206841119163
tot_aggregated_send: 9164
tot_msg_rcv: 239
tot_msg_sent: 388
tot_reconf_duration: 22.65
tot_sleeping_duration: 641482.6559200006
tot_uptimes: 167
tot_uptimes_duration: 9960.006079999366
