comms_cons: 64.39063040017167
finished_reconf: true
global_termination_time: 652367.807
local_termination_time: 356856.8872400005
node_cons: 13427.399560000029
tot_aggregated_send: 9396
tot_msg_rcv: 164
tot_msg_sent: 227
tot_reconf_duration: 7.819999999999999
tot_sleeping_duration: 642347.807
tot_uptimes: 168
tot_uptimes_duration: 10020.0
