comms_cons: 64.37152000012193
finished_reconf: true
global_termination_time: 652477.288
local_termination_time: 103693.89899999973
node_cons: 13425.234901121412
tot_aggregated_send: 9454
tot_msg_rcv: 102
tot_msg_sent: 228
tot_reconf_duration: 6.22
tot_sleeping_duration: 642457.2819199989
tot_uptimes: 168
tot_uptimes_duration: 10020.00608000104
