comms_cons: 960.018214672387
finished_reconf: true
global_termination_time: 9587857.521
local_termination_time: 2418465.6579999994
node_cons: 197242.3210478133
tot_aggregated_send: 133226
tot_msg_rcv: 4342
tot_msg_sent: 8345
tot_reconf_duration: 5.57
tot_sleeping_duration: 9440557.478440015
tot_uptimes: 2456
tot_uptimes_duration: 147300.04255998507
