comms_cons: 948.5282818088054
finished_reconf: true
global_termination_time: 9587536.969
local_termination_time: 6949061.47336
node_cons: 197251.88410446132
tot_aggregated_send: 133574
tot_msg_rcv: 3522
tot_msg_sent: 7072
tot_reconf_duration: 12.629999999999999
tot_sleeping_duration: 9440236.944680009
tot_uptimes: 2456
tot_uptimes_duration: 147300.02431999147
