comms_cons: 967.1729603069342
finished_reconf: true
global_termination_time: 9588632.279
local_termination_time: 646881.1775599995
node_cons: 197240.74303116344
tot_aggregated_send: 132704
tot_msg_rcv: 5067
tot_msg_sent: 9233
tot_reconf_duration: 4.390000000000001
tot_sleeping_duration: 9441332.21820002
tot_uptimes: 2456
tot_uptimes_duration: 147300.06079997797
