comms_cons: 959.163366690926
finished_reconf: true
global_termination_time: 9590192.572
local_termination_time: 1996768.3331999995
node_cons: 197242.13906892997
tot_aggregated_send: 133284
tot_msg_rcv: 4097
tot_msg_sent: 8406
tot_reconf_duration: 5.43
tot_sleeping_duration: 9442892.523360018
tot_uptimes: 2456
tot_uptimes_duration: 147300.04863998294
