comms_cons: 208.44677119422883
finished_reconf: true
global_termination_time: 2111067.939
local_termination_time: 971155.4973599999
node_cons: 43400.759681116426
tot_aggregated_send: 30508
tot_msg_rcv: 373
tot_msg_sent: 802
tot_reconf_duration: 12.629999999999999
tot_sleeping_duration: 2078667.9329200021
tot_uptimes: 541
tot_uptimes_duration: 32400.006079997635
