comms_cons: 2.3750911999921516
finished_reconf: true
global_termination_time: 16182.971
local_termination_time: 9461.37236
node_cons: 329.8882399999984
tot_aggregated_send: 0
tot_msg_rcv: 190
tot_msg_sent: 171
tot_reconf_duration: 6.279999999999999
tot_sleeping_duration: 15942.971
tot_uptimes: 5
tot_uptimes_duration: 240.0
