comms_cons: 95.09071361286901
finished_reconf: true
global_termination_time: 441544.35280000075
local_termination_time: 441544.31168000074
node_cons: 9179.568869534447
tot_aggregated_send: 0
tot_msg_rcv: 7825
tot_msg_sent: 6625
tot_reconf_duration: 24.59
tot_sleeping_duration: 434713.75111999
tot_uptimes: 114
tot_uptimes_duration: 6830.601680010775
