comms_cons: 213.37157122904722
finished_reconf: true
global_termination_time: 441544.91168000083
local_termination_time: 1490.6360400000015
node_cons: 26753.694962484315
tot_aggregated_send: 0
tot_msg_rcv: 13154
tot_msg_sent: 19276
tot_reconf_duration: 18.21
tot_sleeping_duration: 421583.02535999764
tot_uptimes: 330
tot_uptimes_duration: 19961.886320003192
