comms_cons: 13.17813759992036
finished_reconf: true
global_termination_time: 136355.987
local_termination_time: 110002.66523999971
node_cons: 2742.1795600000096
tot_aggregated_send: 1914
tot_msg_rcv: 37
tot_msg_sent: 51
tot_reconf_duration: 7.819999999999999
tot_sleeping_duration: 134315.987
tot_uptimes: 35
tot_uptimes_duration: 2040.0
