comms_cons: 93.6160064029851
finished_reconf: true
global_termination_time: 194566.701
local_termination_time: 2431.5044800000023
node_cons: 11772.633300679852
tot_aggregated_send: 0
tot_msg_rcv: 5750
tot_msg_sent: 8478
tot_reconf_duration: 18.21
tot_sleeping_duration: 185793.06088000012
tot_uptimes: 146
tot_uptimes_duration: 8773.640119999878
