comms_cons: 226.67792001888333
finished_reconf: true
global_termination_time: 264292.8157200001
local_termination_time: 264292.77460000006
node_cons: 26180.55953904456
tot_aggregated_send: 0
tot_msg_rcv: 15581
tot_msg_sent: 18872
tot_reconf_duration: 24.59
tot_sleeping_duration: 244765.4323599967
tot_uptimes: 314
tot_uptimes_duration: 19527.383360003372
