comms_cons: 52.32243200433859
finished_reconf: true
global_termination_time: 266626.989
local_termination_time: 532.7030399999994
node_cons: 5471.5749011191565
tot_aggregated_send: 0
tot_msg_rcv: 4006
tot_msg_sent: 3945
tot_reconf_duration: 6.22
tot_sleeping_duration: 262546.9829200006
tot_uptimes: 69
tot_uptimes_duration: 4080.006079999366
