comms_cons: 52.3910784039832
finished_reconf: true
global_termination_time: 264293.41572000016
local_termination_time: 945.76236
node_cons: 5424.244210320846
tot_aggregated_send: 0
tot_msg_rcv: 4075
tot_msg_sent: 3889
tot_reconf_duration: 15.34
tot_sleeping_duration: 260258.00683999952
tot_uptimes: 68
tot_uptimes_duration: 4035.4088800006284
