comms_cons: 110.65459199637458
finished_reconf: true
global_termination_time: 1100539.266
local_termination_time: 184407.46868000072
node_cons: 22582.97906896687
tot_aggregated_send: 14500
tot_msg_rcv: 743
tot_msg_sent: 1576
tot_reconf_duration: 5.43
tot_sleeping_duration: 1083679.217359995
tot_uptimes: 282
tot_uptimes_duration: 16860.048640005116
