comms_cons: 152.4748415904359
finished_reconf: true
global_termination_time: 1509695.7219599986
local_termination_time: 1509695.6808399986
node_cons: 31103.864688395948
tot_aggregated_send: 20808
tot_msg_rcv: 755
tot_msg_sent: 1613
tot_reconf_duration: 24.59
tot_sleeping_duration: 1486491.4863600016
tot_uptimes: 387
tot_uptimes_duration: 23204.23559999693
