comms_cons: 76.89173759967696
finished_reconf: true
global_termination_time: 780395.695
local_termination_time: 408611.95399999997
node_cons: 15995.232201116865
tot_aggregated_send: 10956
tot_msg_rcv: 205
tot_msg_sent: 526
tot_reconf_duration: 5.57
tot_sleeping_duration: 768455.6889200023
tot_uptimes: 200
tot_uptimes_duration: 11940.006079997635
