comms_cons: 77.49477760058437
finished_reconf: true
global_termination_time: 779671.254
local_termination_time: 332497.66860000003
node_cons: 16022.049964481132
tot_aggregated_send: 10150
tot_msg_rcv: 560
tot_msg_sent: 1068
tot_reconf_duration: 25.299999999999997
tot_sleeping_duration: 767731.2296799992
tot_uptimes: 200
tot_uptimes_duration: 11940.02432000084
