comms_cons: 78.48601599643992
finished_reconf: true
global_termination_time: 779423.80824
local_termination_time: 13287.296480000005
node_cons: 16012.902148804056
tot_aggregated_send: 10382
tot_msg_rcv: 492
tot_msg_sent: 1056
tot_reconf_duration: 4.390000000000001
tot_sleeping_duration: 767469.409039997
tot_uptimes: 200
tot_uptimes_duration: 11954.399200003014
