comms_cons: 77.50676480006092
finished_reconf: true
global_termination_time: 779451.774
local_termination_time: 295241.05308000016
node_cons: 15998.352830083752
tot_aggregated_send: 9918
tot_msg_rcv: 648
tot_msg_sent: 1217
tot_reconf_duration: 7.819999999999999
tot_sleeping_duration: 767511.7192799972
tot_uptimes: 200
tot_uptimes_duration: 11940.05472000278
