comms_cons: 78.0490495996619
finished_reconf: true
global_termination_time: 779827.013
local_termination_time: 295244.8260800006
node_cons: 15996.139324481112
tot_aggregated_send: 10324
tot_msg_rcv: 549
tot_msg_sent: 990
tot_reconf_duration: 6.22
tot_sleeping_duration: 767886.9886799991
tot_uptimes: 200
tot_uptimes_duration: 11940.02432000084
