comms_cons: 273.6106048191024
finished_reconf: true
global_termination_time: 2809792.743
local_termination_time: 5189.502
node_cons: 57851.64972446692
tot_aggregated_send: 38739
tot_msg_rcv: 1001
tot_msg_sent: 1847
tot_reconf_duration: 5.02
tot_sleeping_duration: 2766592.718680009
tot_uptimes: 720
tot_uptimes_duration: 43200.024319991004
