comms_cons: 281.39479680178414
finished_reconf: true
global_termination_time: 2808086.666
local_termination_time: 4747.052
node_cons: 57855.09360558836
tot_aggregated_send: 39432
tot_msg_rcv: 1156
tot_msg_sent: 2181
tot_reconf_duration: 7.55
tot_sleeping_duration: 2764886.635600008
tot_uptimes: 720
tot_uptimes_duration: 43200.03039999207
