comms_cons: 148.01882881359464
finished_reconf: true
global_termination_time: 305999.4276800007
local_termination_time: 305999.3865600007
node_cons: 18606.78020181569
tot_aggregated_send: 0
tot_msg_rcv: 9109
tot_msg_sent: 13388
tot_reconf_duration: 37.410000000000004
tot_sleeping_duration: 292141.34147998906
tot_uptimes: 225
tot_uptimes_duration: 13858.086200011692
