comms_cons: 673.1927741551544
finished_reconf: true
global_termination_time: 2313613.5015999996
local_termination_time: 2313613.4604799994
node_cons: 94245.02428939751
tot_aggregated_send: 0
tot_msg_rcv: 34340
tot_msg_sent: 67981
tot_reconf_duration: 24.59
tot_sleeping_duration: 2243253.8069999996
tot_uptimes: 1166
tot_uptimes_duration: 70359.69460000026
