comms_cons: 228.94763517636324
finished_reconf: true
global_termination_time: 2317821.498
local_termination_time: 1147726.7211999996
node_cons: 47652.29654781732
tot_aggregated_send: 30972
tot_msg_rcv: 1323
tot_msg_sent: 2503
tot_reconf_duration: 7.819999999999999
tot_sleeping_duration: 2282241.455440017
tot_uptimes: 594
tot_uptimes_duration: 35580.04255998344
