comms_cons: 47.916313600277434
finished_reconf: true
global_termination_time: 487321.731
local_termination_time: 35886.0052400001
node_cons: 9974.531380000013
tot_aggregated_send: 7018
tot_msg_rcv: 99
tot_msg_sent: 166
tot_reconf_duration: 9.11
tot_sleeping_duration: 479881.731
tot_uptimes: 125
tot_uptimes_duration: 7440.0
