comms_cons: 48.81852800053943
finished_reconf: true
global_termination_time: 487035.781
local_termination_time: 44426.31260000003
node_cons: 9968.129761119173
tot_aggregated_send: 6728
tot_msg_rcv: 232
tot_msg_sent: 460
tot_reconf_duration: 4.390000000000001
tot_sleeping_duration: 479595.77492000064
tot_uptimes: 125
tot_uptimes_duration: 7440.006079999366
