comms_cons: 48.384064000272744
finished_reconf: true
global_termination_time: 491182.022
local_termination_time: 524.5894799999999
node_cons: 10057.86712112002
tot_aggregated_send: 6902
tot_msg_rcv: 114
tot_msg_sent: 338
tot_reconf_duration: 11.31
tot_sleeping_duration: 483682.01592000003
tot_uptimes: 126
tot_uptimes_duration: 7500.006080000005
