comms_cons: 15.320934399982505
finished_reconf: true
global_termination_time: 3357.2760400000006
local_termination_time: 3357.234920000001
node_cons: 1689.3839985600023
tot_aggregated_send: 0
tot_msg_rcv: 1121
tot_msg_sent: 1205
tot_reconf_duration: 37.410000000000004
tot_sleeping_duration: 2133.5409999999993
tot_uptimes: 17
tot_uptimes_duration: 1223.7350400000014
