comms_cons: 304.52673277809055
finished_reconf: true
global_termination_time: 629559.668
local_termination_time: 271984.26472000056
node_cons: 38318.67432972364
tot_aggregated_send: 0
tot_msg_rcv: 18662
tot_msg_sent: 27624
tot_reconf_duration: 18.21
tot_sleeping_duration: 600960.754519997
tot_uptimes: 468
tot_uptimes_duration: 28598.913480002822
