comms_cons: 66.08711040032792
finished_reconf: true
global_termination_time: 628942.757
local_termination_time: 66052.36463999949
node_cons: 12942.377330088286
tot_aggregated_send: 8004
tot_msg_rcv: 696
tot_msg_sent: 1345
tot_reconf_duration: 5.57
tot_sleeping_duration: 619282.7022799938
tot_uptimes: 162
tot_uptimes_duration: 9660.054720006185
