comms_cons: 65.77946879741293
finished_reconf: true
global_termination_time: 628027.2055999999
local_termination_time: 36363.670280000166
node_cons: 12884.668248474272
tot_aggregated_send: 8178
tot_msg_rcv: 707
tot_msg_sent: 1113
tot_reconf_duration: 8.09
tot_sleeping_duration: 618412.8052800042
tot_uptimes: 161
tot_uptimes_duration: 9614.400319995708
