comms_cons: 67.89139199833372
finished_reconf: true
global_termination_time: 629952.155
local_termination_time: 263625.26936000003
node_cons: 12943.260030083658
tot_aggregated_send: 7714
tot_msg_rcv: 975
tot_msg_sent: 1630
tot_reconf_duration: 6.22
tot_sleeping_duration: 620292.1002799972
tot_uptimes: 162
tot_uptimes_duration: 9660.05472000275
