comms_cons: 126.34758399641119
finished_reconf: true
global_termination_time: 1273868.134
local_termination_time: 69845.05779999983
node_cons: 26196.82604335054
tot_aggregated_send: 18154
tot_msg_rcv: 381
tot_msg_sent: 670
tot_reconf_duration: 4.390000000000001
tot_sleeping_duration: 1254308.1157600072
tot_uptimes: 327
tot_uptimes_duration: 19560.018239992904
