comms_cons: 124.86005759884131
finished_reconf: true
global_termination_time: 1271797.749
local_termination_time: 422463.72636000003
node_cons: 26125.858980000037
tot_aggregated_send: 18560
tot_msg_rcv: 138
tot_msg_sent: 280
tot_reconf_duration: 11.31
tot_sleeping_duration: 1252297.749
tot_uptimes: 326
tot_uptimes_duration: 19500.0
