comms_cons: 207.1349503943063
finished_reconf: true
global_termination_time: 2106698.9225999997
local_termination_time: 2106698.8814799995
node_cons: 43373.82866951585
tot_aggregated_send: 30482
tot_msg_rcv: 238
tot_msg_sent: 764
tot_reconf_duration: 37.410000000000004
tot_sleeping_duration: 2074344.1609200023
tot_uptimes: 540
tot_uptimes_duration: 32354.761679997435
