comms_cons: 207.75797759437455
finished_reconf: true
global_termination_time: 2109285.543
local_termination_time: 728471.0210399983
node_cons: 43387.78263999955
tot_aggregated_send: 30740
tot_msg_rcv: 260
tot_msg_sent: 578
tot_reconf_duration: 3.08
tot_sleeping_duration: 2076885.543
tot_uptimes: 541
tot_uptimes_duration: 32400.000000000007
