comms_cons: 210.35912318970503
finished_reconf: true
global_termination_time: 2106863.126
local_termination_time: 1028064.6503599999
node_cons: 43315.63137999958
tot_aggregated_send: 29754
tot_msg_rcv: 833
tot_msg_sent: 1386
tot_reconf_duration: 9.11
tot_sleeping_duration: 2074523.1260000002
tot_uptimes: 540
tot_uptimes_duration: 32340.0
