comms_cons: 543.7711296403926
finished_reconf: true
global_termination_time: 5539712.776
local_termination_time: 4182938.78248
node_cons: 113940.00485999642
tot_aggregated_send: 79402
tot_msg_rcv: 1036
tot_msg_sent: 2212
tot_reconf_duration: 13.17
tot_sleeping_duration: 5454632.776
tot_uptimes: 1419
tot_uptimes_duration: 85080.0
