comms_cons: 552.3459072922175
finished_reconf: true
global_termination_time: 5535057.11
local_termination_time: 396570.46636
node_cons: 113847.77418446474
tot_aggregated_send: 77256
tot_msg_rcv: 2342
tot_msg_sent: 4355
tot_reconf_duration: 4.390000000000001
tot_sleeping_duration: 5450037.085680009
tot_uptimes: 1418
tot_uptimes_duration: 85020.02431999124
