comms_cons: 554.8797505030109
finished_reconf: true
global_termination_time: 5539487.625
local_termination_time: 1232270.0623599999
node_cons: 113932.76398334774
tot_aggregated_send: 76560
tot_msg_rcv: 2729
tot_msg_sent: 5049
tot_reconf_duration: 7.819999999999999
tot_sleeping_duration: 5454407.606760007
tot_uptimes: 1419
tot_uptimes_duration: 85080.01823999337
