comms_cons: 261.45082878581576
finished_reconf: true
global_termination_time: 2716287.24
local_termination_time: 1509542.7114799998
node_cons: 55844.74675999901
tot_aggregated_send: 37352
tot_msg_rcv: 726
tot_msg_sent: 1661
tot_reconf_duration: 6.22
tot_sleeping_duration: 2674587.24
tot_uptimes: 696
tot_uptimes_duration: 41700.0
