comms_cons: 39.73178880022852
finished_reconf: true
global_termination_time: 405080.452
local_termination_time: 90411.83459999994
node_cons: 8292.913001121438
tot_aggregated_send: 5800
tot_msg_rcv: 77
tot_msg_sent: 162
tot_reconf_duration: 13.17
tot_sleeping_duration: 398900.4459199989
tot_uptimes: 104
tot_uptimes_duration: 6180.006080001069
