comms_cons: 166.4722559578148
finished_reconf: true
global_termination_time: 737210.2871999996
local_termination_time: 737210.2871999996
node_cons: 15180.520703834796
tot_aggregated_send: 0
tot_msg_rcv: 14310
tot_msg_sent: 11007
tot_reconf_duration: 37.410000000000004
tot_sleeping_duration: 725911.0206400035
tot_uptimes: 189
tot_uptimes_duration: 11299.266559996102
