comms_cons: 72.3383040002136
finished_reconf: true
global_termination_time: 740255.791
local_termination_time: 319206.11936000007
node_cons: 15204.779380000004
tot_aggregated_send: 10846
tot_msg_rcv: 47
tot_msg_sent: 102
tot_reconf_duration: 15.110000000000001
tot_sleeping_duration: 728915.791
tot_uptimes: 190
tot_uptimes_duration: 11340.0
