comms_cons: 388.4564352185729
finished_reconf: true
global_termination_time: 3969896.505
local_termination_time: 2806368.7794800005
node_cons: 81633.02034223216
tot_aggregated_send: 55332
tot_msg_rcv: 1263
tot_msg_sent: 2448
tot_reconf_duration: 5.57
tot_sleeping_duration: 3908936.4928400046
tot_uptimes: 1017
tot_uptimes_duration: 60960.012159995385
