comms_cons: 390.27800321789005
finished_reconf: true
global_termination_time: 3966983.268
local_termination_time: 2620659.76472
node_cons: 81579.47368223166
tot_aggregated_send: 55448
tot_msg_rcv: 1294
tot_msg_sent: 2578
tot_reconf_duration: 25.299999999999997
tot_sleeping_duration: 3906083.2558400044
tot_uptimes: 1016
tot_uptimes_duration: 60900.0121599955
