comms_cons: 390.6849408136134
finished_reconf: true
global_termination_time: 3969905.007
local_termination_time: 2459029.6693199994
node_cons: 81643.34114223182
tot_aggregated_send: 54926
tot_msg_rcv: 1501
tot_msg_sent: 2954
tot_reconf_duration: 13.17
tot_sleeping_duration: 3908944.994840005
tot_uptimes: 1017
tot_uptimes_duration: 60960.0121599955
