comms_cons: 392.1741056148686
finished_reconf: true
global_termination_time: 3969031.457
local_termination_time: 2380380.8273599995
node_cons: 81636.46692558283
tot_aggregated_send: 54810
tot_msg_rcv: 1488
tot_msg_sent: 3309
tot_reconf_duration: 8.09
tot_sleeping_duration: 3908071.426600011
tot_uptimes: 1017
tot_uptimes_duration: 60960.030399988864
