comms_cons: 401.82410888316684
finished_reconf: true
global_termination_time: 3968452.179
local_termination_time: 317280.38036000007
node_cons: 81656.3126756444
tot_aggregated_send: 54694
tot_msg_rcv: 2151
tot_msg_sent: 4228
tot_reconf_duration: 22.65
tot_sleeping_duration: 3907492.093880025
tot_uptimes: 1017
tot_uptimes_duration: 60960.085119974916
