comms_cons: 396.4665920438391
finished_reconf: true
global_termination_time: 3968932.243
local_termination_time: 668430.6625199992
node_cons: 81642.65666893388
tot_aggregated_send: 54578
tot_msg_rcv: 1919
tot_msg_sent: 3763
tot_reconf_duration: 12.629999999999999
tot_sleeping_duration: 3907972.194360018
tot_uptimes: 1017
tot_uptimes_duration: 60960.04863998201
