comms_cons: 396.3524416532829
finished_reconf: true
global_termination_time: 3966876.541
local_termination_time: 605608.9639999999
node_cons: 81570.5760111681
tot_aggregated_send: 54618
tot_msg_rcv: 1952
tot_msg_sent: 3671
tot_reconf_duration: 18.700000000000003
tot_sleeping_duration: 3905976.4802000225
tot_uptimes: 1016
tot_uptimes_duration: 60900.06079997774
