comms_cons: 15.909132799857176
finished_reconf: true
global_termination_time: 157386.657
local_termination_time: 67252.9045599996
node_cons: 3228.958980000018
tot_aggregated_send: 2146
tot_msg_rcv: 108
tot_msg_sent: 164
tot_reconf_duration: 11.31
tot_sleeping_duration: 154986.657
tot_uptimes: 41
tot_uptimes_duration: 2400.0
