comms_cons: 82.14789119829196
finished_reconf: true
global_termination_time: 807232.223
local_termination_time: 196223.38988000088
node_cons: 16587.818109919157
tot_aggregated_send: 10962
tot_msg_rcv: 538
tot_msg_sent: 986
tot_reconf_duration: 18.21
tot_sleeping_duration: 794862.4777200007
tot_uptimes: 207
tot_uptimes_duration: 12369.745279999363
