comms_cons: 143.15935356878538
finished_reconf: true
global_termination_time: 809466.415
local_termination_time: 220711.91436000005
node_cons: 16638.95708671481
tot_aggregated_send: 0
tot_msg_rcv: 11132
tot_msg_sent: 10626
tot_reconf_duration: 6.279999999999999
tot_sleeping_duration: 797046.3785200039
tot_uptimes: 208
tot_uptimes_duration: 12420.03647999611
