comms_cons: 82.88127999696894
finished_reconf: true
global_termination_time: 811372.724
local_termination_time: 344330.15636
node_cons: 16650.9238033597
tot_aggregated_send: 10672
tot_msg_rcv: 686
tot_msg_sent: 1239
tot_reconf_duration: 15.110000000000001
tot_sleeping_duration: 798952.7057600003
tot_uptimes: 208
tot_uptimes_duration: 12420.018239999772
