comms_cons: 82.2258687968102
finished_reconf: true
global_termination_time: 811703.664
local_termination_time: 570694.5253599999
node_cons: 16637.78650446726
tot_aggregated_send: 10730
tot_msg_rcv: 604
tot_msg_sent: 1163
tot_reconf_duration: 5.43
tot_sleeping_duration: 799283.6396800095
tot_uptimes: 208
tot_uptimes_duration: 12420.024319990538
