comms_cons: 111.59436799103875
finished_reconf: true
global_termination_time: 1091402.662
local_termination_time: 182641.59236000007
node_cons: 22432.068527836258
tot_aggregated_send: 14616
tot_msg_rcv: 784
tot_msg_sent: 1562
tot_reconf_duration: 12.629999999999999
tot_sleeping_duration: 1074662.6194400028
tot_uptimes: 280
tot_uptimes_duration: 16740.04255999718
