comms_cons: 184.2957439208487
finished_reconf: true
global_termination_time: 1092865.476
local_termination_time: 54855.40840000007
node_cons: 22423.388171202903
tot_aggregated_send: 0
tot_msg_rcv: 14304
tot_msg_sent: 13708
tot_reconf_duration: 6.22
tot_sleeping_duration: 1076125.4151999978
tot_uptimes: 280
tot_uptimes_duration: 16740.060800002146
