comms_cons: 110.0738367923913
finished_reconf: true
global_termination_time: 1091107.951
local_termination_time: 462188.17436000006
node_cons: 22422.266504467356
tot_aggregated_send: 14558
tot_msg_rcv: 685
tot_msg_sent: 1485
tot_reconf_duration: 5.43
tot_sleeping_duration: 1074367.9266800093
tot_uptimes: 280
tot_uptimes_duration: 16740.024319990538
