comms_cons: 14.81103359993704
finished_reconf: true
global_termination_time: 138812.762
local_termination_time: 78842.08935999997
node_cons: 2842.691264479753
tot_aggregated_send: 1682
tot_msg_rcv: 237
tot_msg_sent: 333
tot_reconf_duration: 22.65
tot_sleeping_duration: 136712.7376800002
tot_uptimes: 36
tot_uptimes_duration: 2100.024319999806
