comms_cons: 14.435391999945104
finished_reconf: true
global_termination_time: 138892.463
local_termination_time: 88974.52935999999
node_cons: 2827.2671211191687
tot_aggregated_send: 1682
tot_msg_rcv: 173
tot_msg_sent: 339
tot_reconf_duration: 11.31
tot_sleeping_duration: 136792.45692000064
tot_uptimes: 36
tot_uptimes_duration: 2100.006079999366
