comms_cons: 225.77085438545632
finished_reconf: true
global_termination_time: 2270611.342
local_termination_time: 905377.4781999995
node_cons: 46702.31449174559
tot_aggregated_send: 31726
tot_msg_rcv: 772
tot_msg_sent: 1817
tot_reconf_duration: 18.21
tot_sleeping_duration: 2235751.3081600107
tot_uptimes: 582
tot_uptimes_duration: 34860.03383998969
