comms_cons: 222.38979199370993
finished_reconf: true
global_termination_time: 2267754.421
local_termination_time: 1338416.6433599999
node_cons: 46631.565541116346
tot_aggregated_send: 32480
tot_msg_rcv: 476
tot_msg_sent: 845
tot_reconf_duration: 25.299999999999997
tot_sleeping_duration: 2232954.4149200027
tot_uptimes: 581
tot_uptimes_duration: 34800.006079997635
