comms_cons: 222.96908799119055
finished_reconf: true
global_termination_time: 2267575.191
local_termination_time: 1608101.7833599998
node_cons: 46615.09300111619
tot_aggregated_send: 32538
tot_msg_rcv: 440
tot_msg_sent: 912
tot_reconf_duration: 13.17
tot_sleeping_duration: 2232775.1849200022
tot_uptimes: 581
tot_uptimes_duration: 34800.006079997635
