comms_cons: 659.8853884923233
finished_reconf: true
global_termination_time: 2267078.220119999
local_termination_time: 2267078.1789999986
node_cons: 92398.73668367665
tot_aggregated_send: 0
tot_msg_rcv: 33675
tot_msg_sent: 66623
tot_reconf_duration: 37.410000000000004
tot_sleeping_duration: 2198110.3829999994
tot_uptimes: 1141
tot_uptimes_duration: 68967.83711999955
