comms_cons: 225.55471358886848
finished_reconf: true
global_termination_time: 2269963.272
local_termination_time: 32233.33648
node_cons: 46681.722639999374
tot_aggregated_send: 32770
tot_msg_rcv: 586
tot_msg_sent: 927
tot_reconf_duration: 3.08
tot_sleeping_duration: 2235103.272
tot_uptimes: 582
tot_uptimes_duration: 34859.99999999994
