comms_cons: 223.4286591935905
finished_reconf: true
global_termination_time: 2268925.1
local_termination_time: 1629665.8823600002
node_cons: 46692.426382233374
tot_aggregated_send: 32770
tot_msg_rcv: 326
tot_msg_sent: 863
tot_reconf_duration: 10.95
tot_sleeping_duration: 2234065.087840005
tot_uptimes: 582
tot_uptimes_duration: 34860.01215999527
