comms_cons: 74.74650879892228
finished_reconf: true
global_termination_time: 751741.49
local_termination_time: 459140.30536000006
node_cons: 15450.009180000052
tot_aggregated_send: 10730
tot_msg_rcv: 241
tot_msg_sent: 391
tot_reconf_duration: 18.21
tot_sleeping_duration: 740221.49
tot_uptimes: 193
tot_uptimes_duration: 11520.0
