comms_cons: 313.3787903664212
finished_reconf: true
global_termination_time: 649178.2777599981
local_termination_time: 649178.2366399982
node_cons: 39316.37186660513
tot_aggregated_send: 0
tot_msg_rcv: 19295
tot_msg_sent: 28336
tot_reconf_duration: 24.59
tot_sleeping_duration: 619840.7283599941
tot_uptimes: 479
tot_uptimes_duration: 29337.54940000399
