comms_cons: 128.78056958612203
finished_reconf: true
global_termination_time: 649178.324
local_termination_time: 1507.8753600000002
node_cons: 13441.52546224288
tot_aggregated_send: 0
tot_msg_rcv: 9907
tot_msg_sent: 9666
tot_reconf_duration: 18.21
tot_sleeping_duration: 639158.3118399979
tot_uptimes: 167
tot_uptimes_duration: 10020.012160002138
