comms_cons: 66.27948799886431
finished_reconf: true
global_termination_time: 650113.761
local_termination_time: 375643.98732000066
node_cons: 13357.288002242913
tot_aggregated_send: 8816
tot_msg_rcv: 454
tot_msg_sent: 805
tot_reconf_duration: 15.34
tot_sleeping_duration: 640153.7488399979
tot_uptimes: 167
tot_uptimes_duration: 9960.012160002138
