comms_cons: 63.969561600852664
finished_reconf: true
global_termination_time: 655731.949
local_termination_time: 516896.00036000006
node_cons: 13434.664859999997
tot_aggregated_send: 9048
tot_msg_rcv: 204
tot_msg_sent: 471
tot_reconf_duration: 13.17
tot_sleeping_duration: 645711.949
tot_uptimes: 168
tot_uptimes_duration: 10020.0
