comms_cons: 68.3958719963041
finished_reconf: true
global_termination_time: 652637.081
local_termination_time: 132981.76736000006
node_cons: 13420.962605607163
tot_aggregated_send: 8178
tot_msg_rcv: 704
tot_msg_sent: 1513
tot_reconf_duration: 3.05
tot_sleeping_duration: 642617.0505999947
tot_uptimes: 168
tot_uptimes_duration: 10020.030400005347
