comms_cons: 209.66363519270166
finished_reconf: true
global_termination_time: 2130819.442
local_termination_time: 898769.149
node_cons: 43792.23394111637
tot_aggregated_send: 30620
tot_msg_rcv: 376
tot_msg_sent: 871
tot_reconf_duration: 5.1
tot_sleeping_duration: 2098119.435920002
tot_uptimes: 546
tot_uptimes_duration: 32700.006079997635
