comms_cons: 211.39726079061455
finished_reconf: true
global_termination_time: 2135662.279
local_termination_time: 1493585.8137199988
node_cons: 43899.99739999963
tot_aggregated_send: 30798
tot_msg_rcv: 487
tot_msg_sent: 846
tot_reconf_duration: 25.299999999999997
tot_sleeping_duration: 2102902.279
tot_uptimes: 547
tot_uptimes_duration: 32760.0
