comms_cons: 214.33059838515112
finished_reconf: true
global_termination_time: 2135556.345
local_termination_time: 287297.59936
node_cons: 43871.6748900602
tot_aggregated_send: 29522
tot_msg_rcv: 1070
tot_msg_sent: 1985
tot_reconf_duration: 4.390000000000001
tot_sleeping_duration: 2102796.2902800147
tot_uptimes: 547
tot_uptimes_duration: 32760.05471998558
