comms_cons: 696.5717952900113
finished_reconf: true
global_termination_time: 7004208.556599999
local_termination_time: 7004208.515479999
node_cons: 144155.3911937484
tot_aggregated_send: 100430
tot_msg_rcv: 1870
tot_msg_sent: 3573
tot_reconf_duration: 37.410000000000004
tot_sleeping_duration: 6896587.504760004
tot_uptimes: 1794
tot_uptimes_duration: 107621.05183999514
