comms_cons: 701.3098241443363
finished_reconf: true
global_termination_time: 7004694.31
local_termination_time: 2226089.243039998
node_cons: 144070.51684893185
tot_aggregated_send: 97034
tot_msg_rcv: 3389
tot_msg_sent: 6172
tot_reconf_duration: 15.34
tot_sleeping_duration: 6897114.261360017
tot_uptimes: 1794
tot_uptimes_duration: 107580.0486399827
