comms_cons: 694.8284737182948
finished_reconf: true
global_termination_time: 7007160.545
local_termination_time: 2346397.8761199987
node_cons: 144147.89370669768
tot_aggregated_send: 96512
tot_msg_rcv: 3157
tot_msg_sent: 5940
tot_reconf_duration: 13.17
tot_sleeping_duration: 6899520.508520013
tot_uptimes: 1795
tot_uptimes_duration: 107640.03647998697
