comms_cons: 687.6908353059728
finished_reconf: true
global_termination_time: 7008697.934
local_termination_time: 4265747.0434799995
node_cons: 144142.81074037543
tot_aggregated_send: 98020
tot_msg_rcv: 2235
tot_msg_sent: 4270
tot_reconf_duration: 9.42
tot_sleeping_duration: 6901057.890400015
tot_uptimes: 1795
tot_uptimes_duration: 107640.0435999853
