comms_cons: 686.8203393279205
finished_reconf: true
global_termination_time: 7005605.986
local_termination_time: 4609892.656479999
node_cons: 144155.37902334565
tot_aggregated_send: 95700
tot_msg_rcv: 2908
tot_msg_sent: 5784
tot_reconf_duration: 18.700000000000003
tot_sleeping_duration: 6897965.967760006
tot_uptimes: 1795
tot_uptimes_duration: 107640.0182399936
