comms_cons: 682.6379264589757
finished_reconf: true
global_termination_time: 7004530.665
local_termination_time: 4816815.815599999
node_cons: 144065.78019999448
tot_aggregated_send: 100398
tot_msg_rcv: 1145
tot_msg_sent: 2213
tot_reconf_duration: 11.899999999999999
tot_sleeping_duration: 6896950.665
tot_uptimes: 1794
tot_uptimes_duration: 107580.0
