comms_cons: 697.6737153648522
finished_reconf: true
global_termination_time: 7004577.914
local_termination_time: 796185.47136
node_cons: 144060.32097116613
tot_aggregated_send: 97382
tot_msg_rcv: 2851
tot_msg_sent: 5809
tot_reconf_duration: 7.819999999999999
tot_sleeping_duration: 6896997.853200021
tot_uptimes: 1794
tot_uptimes_duration: 107580.06079997821
