comms_cons: 97.60243199329122
finished_reconf: true
global_termination_time: 959723.891
local_termination_time: 432142.4825600002
node_cons: 19703.860085602566
tot_aggregated_send: 12934
tot_msg_rcv: 681
tot_msg_sent: 1220
tot_reconf_duration: 15.110000000000001
tot_sleeping_duration: 945023.860599998
tot_uptimes: 246
tot_uptimes_duration: 14700.03040000191
