comms_cons: 93.91605759687266
finished_reconf: true
global_termination_time: 957453.624
local_termination_time: 451577.16404000076
node_cons: 19700.459681116874
tot_aggregated_send: 12876
tot_msg_rcv: 480
tot_msg_sent: 919
tot_reconf_duration: 12.629999999999999
tot_sleeping_duration: 942753.6179200023
tot_uptimes: 246
tot_uptimes_duration: 14700.006079997638
