comms_cons: 98.43432319383597
finished_reconf: true
global_termination_time: 959055.454
local_termination_time: 224011.88284000012
node_cons: 19689.84826224289
tot_aggregated_send: 12528
tot_msg_rcv: 865
tot_msg_sent: 1569
tot_reconf_duration: 4.8100000000000005
tot_sleeping_duration: 944355.4418399979
tot_uptimes: 246
tot_uptimes_duration: 14700.012160002138
