comms_cons: 209.04750078684614
finished_reconf: true
global_termination_time: 2089202.528
local_termination_time: 772425.0574799988
node_cons: 42989.49662446687
tot_aggregated_send: 28942
tot_msg_rcv: 884
tot_msg_sent: 1948
tot_reconf_duration: 5.57
tot_sleeping_duration: 2057102.5036800094
tot_uptimes: 536
tot_uptimes_duration: 32100.024319990538
