comms_cons: 125.95513601218325
finished_reconf: true
global_termination_time: 541459.13812
local_termination_time: 541459.0970000001
node_cons: 11152.14381003288
tot_aggregated_send: 0
tot_msg_rcv: 11046
tot_msg_sent: 8088
tot_reconf_duration: 37.410000000000004
tot_sleeping_duration: 533168.3681199754
tot_uptimes: 139
tot_uptimes_duration: 8290.770000024546
