comms_cons: 54.24550400055398
finished_reconf: true
global_termination_time: 544098.194
local_termination_time: 101815.10611999972
node_cons: 11178.24622000001
tot_aggregated_send: 7714
tot_msg_rcv: 190
tot_msg_sent: 341
tot_reconf_duration: 8.09
tot_sleeping_duration: 535758.194
tot_uptimes: 140
tot_uptimes_duration: 8340.0
