comms_cons: 53.864537600285026
finished_reconf: true
global_termination_time: 545471.109
local_termination_time: 53183.262360000015
node_cons: 11187.787521119168
tot_aggregated_send: 7714
tot_msg_rcv: 139
tot_msg_sent: 334
tot_reconf_duration: 15.110000000000001
tot_sleeping_duration: 537131.1029200007
tot_uptimes: 140
tot_uptimes_duration: 8340.006079999366
