comms_cons: 53.62173440007527
finished_reconf: true
global_termination_time: 543132.471
local_termination_time: 30548.211000000007
node_cons: 11182.706365119177
tot_aggregated_send: 7714
tot_msg_rcv: 95
tot_msg_sent: 341
tot_reconf_duration: 9.42
tot_sleeping_duration: 534790.4889200007
tot_uptimes: 140
tot_uptimes_duration: 8341.982079999372
