comms_cons: 252.6541695900472
finished_reconf: true
global_termination_time: 2513791.676
local_termination_time: 589856.8033599999
node_cons: 51665.57836446653
tot_aggregated_send: 34858
tot_msg_rcv: 1105
tot_msg_sent: 2438
tot_reconf_duration: 5.1
tot_sleeping_duration: 2475211.6516800094
tot_uptimes: 644
tot_uptimes_duration: 38580.02431999054
