comms_cons: 249.74643198474635
finished_reconf: true
global_termination_time: 2513299.163999988
local_termination_time: 438912.28948000004
node_cons: 51736.29899556747
tot_aggregated_send: 34684
tot_msg_rcv: 1041
tot_msg_sent: 2235
tot_reconf_duration: 4.390000000000001
tot_sleeping_duration: 2474665.603600012
tot_uptimes: 644
tot_uptimes_duration: 38633.560399976326
