comms_cons: 41.65949440051699
finished_reconf: true
global_termination_time: 421114.442
local_termination_time: 209379.34352000084
node_cons: 8603.95220112145
tot_aggregated_send: 5800
tot_msg_rcv: 132
tot_msg_sent: 400
tot_reconf_duration: 5.57
tot_sleeping_duration: 414694.4359199989
tot_uptimes: 108
tot_uptimes_duration: 6420.006080001069
