comms_cons: 44.59272960059914
finished_reconf: true
global_termination_time: 424585.562
local_termination_time: 146259.99520000065
node_cons: 8685.183042242874
tot_aggregated_send: 5510
tot_msg_rcv: 515
tot_msg_sent: 752
tot_reconf_duration: 6.22
tot_sleeping_duration: 418105.54983999784
tot_uptimes: 109
tot_uptimes_duration: 6480.0121600021375
