comms_cons: 102.8187648148975
finished_reconf: true
global_termination_time: 511910.623
local_termination_time: 2243.12536
node_cons: 10532.136624484596
tot_aggregated_send: 0
tot_msg_rcv: 8024
tot_msg_sent: 7603
tot_reconf_duration: 5.57
tot_sleeping_duration: 504050.5986799966
tot_uptimes: 132
tot_uptimes_duration: 7860.024320003424
