comms_cons: 53.299353601059785
finished_reconf: true
global_termination_time: 513455.743
local_termination_time: 34641.667640000174
node_cons: 10531.096403364301
tot_aggregated_send: 6728
tot_msg_rcv: 503
tot_msg_sent: 871
tot_reconf_duration: 4.8100000000000005
tot_sleeping_duration: 505595.7247599968
tot_uptimes: 132
tot_uptimes_duration: 7860.018240003206
