comms_cons: 103.57207041506985
finished_reconf: true
global_termination_time: 513488.105
local_termination_time: 1776.9456000000005
node_cons: 10539.931544485737
tot_aggregated_send: 0
tot_msg_rcv: 8138
tot_msg_sent: 7604
tot_reconf_duration: 11.31
tot_sleeping_duration: 505628.0806799957
tot_uptimes: 132
tot_uptimes_duration: 7860.024320004275
