comms_cons: 858.4420240356883
finished_reconf: true
global_termination_time: 4362849.733
local_termination_time: 1041.1544800000006
node_cons: 89746.7546466989
tot_aggregated_send: 0
tot_msg_rcv: 65682
tot_msg_sent: 64796
tot_reconf_duration: 5.1
tot_sleeping_duration: 4295829.696520014
tot_uptimes: 1118
tot_uptimes_duration: 67020.03647998604
