comms_cons: 442.68602889506985
finished_reconf: true
global_termination_time: 4362867.229
local_termination_time: 1605590.854639998
node_cons: 89752.62934781688
tot_aggregated_send: 59682
tot_msg_rcv: 2498
tot_msg_sent: 5105
tot_reconf_duration: 9.42
tot_sleeping_duration: 4295847.186440016
tot_uptimes: 1118
tot_uptimes_duration: 67020.0425599846
