comms_cons: 444.53372809562876
finished_reconf: true
global_termination_time: 4362767.302
local_termination_time: 1806526.47836
node_cons: 89765.22344669978
tot_aggregated_send: 59740
tot_msg_rcv: 2789
tot_msg_sent: 5037
tot_reconf_duration: 18.700000000000003
tot_sleeping_duration: 4295747.265520014
tot_uptimes: 1118
tot_uptimes_duration: 67020.0364799865
