comms_cons: 444.5287040899551
finished_reconf: true
global_termination_time: 4366833.469
local_termination_time: 1846150.9375599998
node_cons: 89835.02266446577
tot_aggregated_send: 59856
tot_msg_rcv: 2725
tot_msg_sent: 4984
tot_reconf_duration: 10.95
tot_sleeping_duration: 4299753.444680009
tot_uptimes: 1119
tot_uptimes_duration: 67080.024319991
