comms_cons: 433.3198976387555
finished_reconf: true
global_termination_time: 4364517.185
local_termination_time: 2010593.963
node_cons: 89756.95548335512
tot_aggregated_send: 62692
tot_msg_rcv: 1087
tot_msg_sent: 2084
tot_reconf_duration: 11.899999999999999
tot_sleeping_duration: 4297496.426760001
tot_uptimes: 1118
tot_uptimes_duration: 67020.75823999802
