comms_cons: 436.8078528215019
finished_reconf: true
global_termination_time: 4364847.308
local_termination_time: 1141670.4563599997
node_cons: 89743.97074669864
tot_aggregated_send: 60610
tot_msg_rcv: 1990
tot_msg_sent: 3792
tot_reconf_duration: 3.05
tot_sleeping_duration: 4297827.271520014
tot_uptimes: 1118
tot_uptimes_duration: 67020.03647998604
