comms_cons: 439.1580544677899
finished_reconf: true
global_termination_time: 4366766.442
local_termination_time: 711785.5653599998
node_cons: 89827.58349228385
tot_aggregated_send: 60320
tot_msg_rcv: 2101
tot_msg_sent: 4329
tot_reconf_duration: 5.43
tot_sleeping_duration: 4299686.375120024
tot_uptimes: 1119
tot_uptimes_duration: 67080.06687997487
