comms_cons: 585.7955584694636
finished_reconf: true
global_termination_time: 5937418.931
local_termination_time: 2001458.9203599999
node_cons: 122137.67242558107
tot_aggregated_send: 81722
tot_msg_rcv: 2445
tot_msg_sent: 4868
tot_reconf_duration: 15.34
tot_sleeping_duration: 5846218.9006000105
tot_uptimes: 1521
tot_uptimes_duration: 91200.03039998864
