comms_cons: 595.7267521382507
finished_reconf: true
global_termination_time: 5935646.631119991
local_termination_time: 176367.3366000001
node_cons: 122203.11059637034
tot_aggregated_send: 82360
tot_msg_rcv: 2600
tot_msg_sent: 5586
tot_reconf_duration: 22.65
tot_sleeping_duration: 5844405.14352001
tot_uptimes: 1521
tot_uptimes_duration: 91241.48759998073
