comms_cons: 134.75517438091947
finished_reconf: true
global_termination_time: 1309140.275
local_termination_time: 671856.5450799987
node_cons: 26922.468945584238
tot_aggregated_send: 17168
tot_msg_rcv: 1048
tot_msg_sent: 2266
tot_reconf_duration: 6.279999999999999
tot_sleeping_duration: 1289040.2446000117
tot_uptimes: 336
tot_uptimes_duration: 20100.030399988173
