comms_cons: 129.06416639687123
finished_reconf: true
global_termination_time: 1311517.461
local_termination_time: 655234.1405999998
node_cons: 26956.699366516754
tot_aggregated_send: 18850
tot_msg_rcv: 205
tot_msg_sent: 562
tot_reconf_duration: 25.299999999999997
tot_sleeping_duration: 1291411.1563200024
tot_uptimes: 336
tot_uptimes_duration: 20106.304679997498
