comms_cons: 129.09706239714583
finished_reconf: true
global_termination_time: 1309608.933
local_termination_time: 720882.0191999995
node_cons: 26924.886219999997
tot_aggregated_send: 19024
tot_msg_rcv: 199
tot_msg_sent: 399
tot_reconf_duration: 8.09
tot_sleeping_duration: 1289508.933
tot_uptimes: 336
tot_uptimes_duration: 20100.0
