comms_cons: 132.4063999918314
finished_reconf: true
global_termination_time: 1309539.212
local_termination_time: 650932.0613599998
node_cons: 26934.419380000025
tot_aggregated_send: 18212
tot_msg_rcv: 709
tot_msg_sent: 1204
tot_reconf_duration: 15.110000000000001
tot_sleeping_duration: 1289439.212
tot_uptimes: 336
tot_uptimes_duration: 20100.0
