comms_cons: 129.80761599535845
finished_reconf: true
global_termination_time: 1308303.549
local_termination_time: 842569.9774799999
node_cons: 26931.05154000005
tot_aggregated_send: 18792
tot_msg_rcv: 311
tot_msg_sent: 627
tot_reconf_duration: 12.629999999999999
tot_sleeping_duration: 1288203.549
tot_uptimes: 336
tot_uptimes_duration: 20100.0
