comms_cons: 129.22927359661313
finished_reconf: true
global_termination_time: 1310969.257
local_termination_time: 953428.1799999999
node_cons: 26960.007323193746
tot_aggregated_send: 18964
tot_msg_rcv: 215
tot_msg_sent: 463
tot_reconf_duration: 18.700000000000003
tot_sleeping_duration: 1290853.7882000047
tot_uptimes: 336
tot_uptimes_duration: 20115.468799995346
