comms_cons: 132.26068478807196
finished_reconf: true
global_termination_time: 1309226.158
local_termination_time: 695238.5539599987
node_cons: 26929.283403350455
tot_aggregated_send: 18212
tot_msg_rcv: 675
tot_msg_sent: 1216
tot_reconf_duration: 11.31
tot_sleeping_duration: 1289126.1397600072
tot_uptimes: 336
tot_uptimes_duration: 20100.018239992904
