comms_cons: 87.9046911988875
finished_reconf: true
global_termination_time: 891208.377
local_termination_time: 754556.5963599999
node_cons: 18323.481620000046
tot_aggregated_send: 12992
tot_msg_rcv: 141
tot_msg_sent: 228
tot_reconf_duration: 4.390000000000001
tot_sleeping_duration: 877528.377
tot_uptimes: 229
tot_uptimes_duration: 13680.0
