comms_cons: 252.81233919173343
finished_reconf: true
global_termination_time: 2587095.846
local_termination_time: 883231.6483599999
node_cons: 53192.00579999913
tot_aggregated_send: 37120
tot_msg_rcv: 438
tot_msg_sent: 868
tot_reconf_duration: 5.1
tot_sleeping_duration: 2547375.846
tot_uptimes: 663
tot_uptimes_duration: 39720.0
