comms_cons: 255.4715903995819
finished_reconf: true
global_termination_time: 2586156.284
local_termination_time: 967024.6563599999
node_cons: 53205.60752111598
tot_aggregated_send: 37178
tot_msg_rcv: 466
tot_msg_sent: 1187
tot_reconf_duration: 15.110000000000001
tot_sleeping_duration: 2546436.277920002
tot_uptimes: 663
tot_uptimes_duration: 39720.006079997635
