comms_cons: 259.1462207784843
finished_reconf: true
global_termination_time: 2585506.27
local_termination_time: 839128.24136
node_cons: 53191.709673405836
tot_aggregated_send: 34510
tot_msg_rcv: 1754
tot_msg_sent: 3123
tot_reconf_duration: 4.8100000000000005
tot_sleeping_duration: 2545786.1970400247
tot_uptimes: 663
tot_uptimes_duration: 39720.07295997505
