comms_cons: 206.16581119311707
finished_reconf: true
global_termination_time: 2139306.473
local_termination_time: 930650.7033599999
node_cons: 43951.95790223325
tot_aggregated_send: 29696
tot_msg_rcv: 593
tot_msg_sent: 1048
tot_reconf_duration: 4.390000000000001
tot_sleeping_duration: 2106486.460840005
tot_uptimes: 548
tot_uptimes_duration: 32820.01215999527
