comms_cons: 1.1374080000005382
finished_reconf: true
global_termination_time: 6926.234
local_termination_time: 2009.0274800000004
node_cons: 87.26580000000048
tot_aggregated_send: 0
tot_msg_rcv: 117
tot_msg_sent: 55
tot_reconf_duration: 5.1
tot_sleeping_duration: 6866.234
tot_uptimes: 2
tot_uptimes_duration: 60.00000000000023
