comms_cons: 0.9210879999969587
finished_reconf: true
global_termination_time: 7055.701
local_termination_time: 3411.9533600000004
node_cons: 91.32622000000019
tot_aggregated_send: 0
tot_msg_rcv: 87
tot_msg_sent: 53
tot_reconf_duration: 8.09
tot_sleeping_duration: 6995.701
tot_uptimes: 2
tot_uptimes_duration: 60.0
