comms_cons: 171.38101113553907
finished_reconf: true
global_termination_time: 860023.348
local_termination_time: 382027.5563200007
node_cons: 17705.591264471983
tot_aggregated_send: 0
tot_msg_rcv: 13300
tot_msg_sent: 12750
tot_reconf_duration: 22.65
tot_sleeping_duration: 846823.323680006
tot_uptimes: 221
tot_uptimes_duration: 13200.024319993972
