comms_cons: 87.85268479429479
finished_reconf: true
global_termination_time: 861651.361
local_termination_time: 408468.30436
node_cons: 17683.368945588743
tot_aggregated_send: 11600
tot_msg_rcv: 593
tot_msg_sent: 1160
tot_reconf_duration: 6.279999999999999
tot_sleeping_duration: 848451.3306000084
tot_uptimes: 221
tot_uptimes_duration: 13200.030399991607
