comms_cons: 85.79745919755855
finished_reconf: true
global_termination_time: 858583.04
local_termination_time: 357530.5863600001
node_cons: 17611.652245602585
tot_aggregated_send: 11368
tot_msg_rcv: 458
tot_msg_sent: 1214
tot_reconf_duration: 12.629999999999999
tot_sleeping_duration: 845443.0095999981
tot_uptimes: 220
tot_uptimes_duration: 13140.03040000191
