comms_cons: 108.9159935925273
finished_reconf: true
global_termination_time: 1067007.465
local_termination_time: 581511.9327999994
node_cons: 21938.80604335055
tot_aggregated_send: 14210
tot_msg_rcv: 716
tot_msg_sent: 1630
tot_reconf_duration: 4.390000000000001
tot_sleeping_duration: 1050627.4467600072
tot_uptimes: 274
tot_uptimes_duration: 16380.018239992905
