comms_cons: 108.82780159143024
finished_reconf: true
global_termination_time: 1062695.323
local_termination_time: 369169.0874000003
node_cons: 21860.94304223366
tot_aggregated_send: 14442
tot_msg_rcv: 766
tot_msg_sent: 1335
tot_reconf_duration: 6.22
tot_sleeping_duration: 1046375.3108400048
tot_uptimes: 273
tot_uptimes_duration: 16320.012159995269
