comms_cons: 118.2031615888942
finished_reconf: true
global_termination_time: 1162734.333
local_termination_time: 442218.51048000006
node_cons: 23867.97092893926
tot_aggregated_send: 14964
tot_msg_rcv: 1211
tot_msg_sent: 1793
tot_reconf_duration: 5.1
tot_sleeping_duration: 1144914.2843600155
tot_uptimes: 298
tot_uptimes_duration: 17820.04863998451
