comms_cons: 116.3669375925253
finished_reconf: true
global_termination_time: 1159444.087
local_termination_time: 541120.8893999993
node_cons: 23815.021823355193
tot_aggregated_send: 15602
tot_msg_rcv: 770
tot_msg_sent: 1315
tot_reconf_duration: 25.299999999999997
tot_sleeping_duration: 1141684.0687600037
tot_uptimes: 297
tot_uptimes_duration: 17760.018239996338
