comms_cons: 116.14364799739118
finished_reconf: true
global_termination_time: 1161720.707
local_termination_time: 389651.55136000004
node_cons: 23878.139681121476
tot_aggregated_send: 15776
tot_msg_rcv: 722
tot_msg_sent: 1156
tot_reconf_duration: 12.629999999999999
tot_sleeping_duration: 1143900.7009199988
tot_uptimes: 298
tot_uptimes_duration: 17820.00608000107
