comms_cons: 117.41863679436432
finished_reconf: true
global_termination_time: 1159326.9432400002
local_termination_time: 17031.897520000006
node_cons: 23830.938408317983
tot_aggregated_send: 15660
tot_msg_rcv: 781
tot_msg_sent: 1405
tot_reconf_duration: 3.05
tot_sleeping_duration: 1141532.4723600016
tot_uptimes: 297
tot_uptimes_duration: 17794.470879998466
