comms_cons: 2.2829823999945673
finished_reconf: true
global_termination_time: 13997.699
local_termination_time: 5829.407480000001
node_cons: 252.00622000000143
tot_aggregated_send: 0
tot_msg_rcv: 179
tot_msg_sent: 167
tot_reconf_duration: 8.09
tot_sleeping_duration: 13817.698999999999
tot_uptimes: 4
tot_uptimes_duration: 180.0
