comms_cons: 2.2500863999948217
finished_reconf: true
global_termination_time: 17509.344
local_termination_time: 6438.315480000001
node_cons: 337.520200000002
tot_aggregated_send: 0
tot_msg_rcv: 177
tot_msg_sent: 165
tot_reconf_duration: 11.899999999999999
tot_sleeping_duration: 17269.344
tot_uptimes: 5
tot_uptimes_duration: 240.0000000000009
