comms_cons: 2.2237695999963263
finished_reconf: true
global_termination_time: 16858.868
local_termination_time: 1511.4289200000035
node_cons: 325.50190000000026
tot_aggregated_send: 0
tot_msg_rcv: 163
tot_msg_sent: 175
tot_reconf_duration: 3.05
tot_sleeping_duration: 16618.868
tot_uptimes: 5
tot_uptimes_duration: 240.0
