comms_cons: 293.09740799268724
finished_reconf: true
global_termination_time: 2998386.448
local_termination_time: 1857535.081
node_cons: 61655.1455411157
tot_aggregated_send: 43243
tot_msg_rcv: 395
tot_msg_sent: 911
tot_reconf_duration: 25.299999999999997
tot_sleeping_duration: 2952366.4419200025
tot_uptimes: 768
tot_uptimes_duration: 46020.006079997635
