comms_cons: 299.14964480930735
finished_reconf: true
global_termination_time: 2993825.951
local_termination_time: 1111536.6603599999
node_cons: 61553.2323599987
tot_aggregated_send: 42398
tot_msg_rcv: 1049
tot_msg_sent: 2022
tot_reconf_duration: 9.42
tot_sleeping_duration: 2947865.951
tot_uptimes: 767
tot_uptimes_duration: 45960.0
