comms_cons: 297.4567680133397
finished_reconf: true
global_termination_time: 2998340.457
local_termination_time: 1030614.8143599998
node_cons: 61637.931539998805
tot_aggregated_send: 42978
tot_msg_rcv: 763
tot_msg_sent: 1471
tot_reconf_duration: 12.629999999999999
tot_sleeping_duration: 2952320.457
tot_uptimes: 768
tot_uptimes_duration: 46020.0
