comms_cons: 105.89799679628446
finished_reconf: true
global_termination_time: 1044686.954
local_termination_time: 311450.7593600001
node_cons: 21461.44840671483
tot_aggregated_send: 13630
tot_msg_rcv: 893
tot_msg_sent: 1573
tot_reconf_duration: 7.819999999999999
tot_sleeping_duration: 1028666.917520004
tot_uptimes: 268
tot_uptimes_duration: 16020.03647999611
