comms_cons: 48.94924800094005
finished_reconf: true
global_termination_time: 479278.242
local_termination_time: 413053.6379200007
node_cons: 9807.44161999995
tot_aggregated_send: 6206
tot_msg_rcv: 368
tot_msg_sent: 866
tot_reconf_duration: 4.390000000000001
tot_sleeping_duration: 471958.242
tot_uptimes: 123
tot_uptimes_duration: 7320.0
