comms_cons: 49.25755520065123
finished_reconf: true
global_termination_time: 476894.975
local_termination_time: 337457.6969600002
node_cons: 9805.630041121507
tot_aggregated_send: 6322
tot_msg_rcv: 411
tot_msg_sent: 754
tot_reconf_duration: 3.05
tot_sleeping_duration: 469574.9689199989
tot_uptimes: 123
tot_uptimes_duration: 7320.006080001069
