comms_cons: 69.36450559955115
finished_reconf: true
global_termination_time: 684945.479
local_termination_time: 127862.31347999997
node_cons: 14084.245462238292
tot_aggregated_send: 9454
tot_msg_rcv: 404
tot_msg_sent: 685
tot_reconf_duration: 18.21
tot_sleeping_duration: 674445.4668400013
tot_uptimes: 176
tot_uptimes_duration: 10500.012159998703
