comms_cons: 68.36509440010343
finished_reconf: true
global_termination_time: 687993.341
local_termination_time: 86166.19259999995
node_cons: 14146.39640336431
tot_aggregated_send: 9570
tot_msg_rcv: 305
tot_msg_sent: 517
tot_reconf_duration: 4.8100000000000005
tot_sleeping_duration: 677433.3227599968
tot_uptimes: 177
tot_uptimes_duration: 10560.018240003206
