comms_cons: 67.48285439853674
finished_reconf: true
global_termination_time: 686696.02
local_termination_time: 532170.0153599998
node_cons: 14074.875262233601
tot_aggregated_send: 9686
tot_msg_rcv: 171
tot_msg_sent: 400
tot_reconf_duration: 11.31
tot_sleeping_duration: 676196.0078400047
tot_uptimes: 176
tot_uptimes_duration: 10500.012159995269
