comms_cons: 112.13588479715915
finished_reconf: true
global_termination_time: 1128900.029
local_termination_time: 296123.8130000009
node_cons: 23224.80012112146
tot_aggregated_send: 15602
tot_msg_rcv: 509
tot_msg_sent: 933
tot_reconf_duration: 4.8100000000000005
tot_sleeping_duration: 1111560.022919999
tot_uptimes: 290
tot_uptimes_duration: 17340.00608000107
