comms_cons: 1.4013695999995917
finished_reconf: true
global_termination_time: 14269.058
local_termination_time: 7269.81836
node_cons: 275.37740000000025
tot_aggregated_send: 0
tot_msg_rcv: 119
tot_msg_sent: 94
tot_reconf_duration: 25.299999999999997
tot_sleeping_duration: 14089.058
tot_uptimes: 4
tot_uptimes_duration: 180.0
