comms_cons: 1.526374399999142
finished_reconf: true
global_termination_time: 14147.911
local_termination_time: 5081.939359999999
node_cons: 246.98161999999923
tot_aggregated_send: 0
tot_msg_rcv: 118
tot_msg_sent: 114
tot_reconf_duration: 4.390000000000001
tot_sleeping_duration: 13967.911
tot_uptimes: 4
tot_uptimes_duration: 180.0
