comms_cons: 1.5461119999970034
finished_reconf: true
global_termination_time: 13886.572
local_termination_time: 5286.50236
node_cons: 248.3939400000004
tot_aggregated_send: 0
tot_msg_rcv: 122
tot_msg_sent: 113
tot_reconf_duration: 5.43
tot_sleeping_duration: 13706.572
tot_uptimes: 4
tot_uptimes_duration: 180.0
