comms_cons: 151.05087998916855
finished_reconf: true
global_termination_time: 1491926.001
local_termination_time: 225121.10708000063
node_cons: 30698.481510056146
tot_aggregated_send: 20184
tot_msg_rcv: 794
tot_msg_sent: 1981
tot_reconf_duration: 6.279999999999999
tot_sleeping_duration: 1469005.946280018
tot_uptimes: 383
tot_uptimes_duration: 22920.054719982152
