comms_cons: 149.98935039394794
finished_reconf: true
global_termination_time: 1494549.179
local_termination_time: 900091.9153599999
node_cons: 30707.76486000011
tot_aggregated_send: 21054
tot_msg_rcv: 653
tot_msg_sent: 1090
tot_reconf_duration: 13.17
tot_sleeping_duration: 1471629.179
tot_uptimes: 383
tot_uptimes_duration: 22920.0
