comms_cons: 155.77004797840286
finished_reconf: true
global_termination_time: 1493782.164
local_termination_time: 20627.309480000004
node_cons: 30720.760816773247
tot_aggregated_send: 19430
tot_msg_rcv: 1519
tot_msg_sent: 2727
tot_reconf_duration: 22.65
tot_sleeping_duration: 1470862.07280002
tot_uptimes: 383
tot_uptimes_duration: 22920.091199979986
