comms_cons: 147.46618879498925
finished_reconf: true
global_termination_time: 1492786.598
local_termination_time: 784993.9873599999
node_cons: 30706.04020000008
tot_aggregated_send: 21576
tot_msg_rcv: 269
tot_msg_sent: 569
tot_reconf_duration: 11.899999999999999
tot_sleeping_duration: 1469866.598
tot_uptimes: 383
tot_uptimes_duration: 22920.0
