comms_cons: 152.23850878682245
finished_reconf: true
global_termination_time: 1492283.519
local_termination_time: 283414.7724800005
node_cons: 30697.310927817864
tot_aggregated_send: 20068
tot_msg_rcv: 976
tot_msg_sent: 2096
tot_reconf_duration: 5.43
tot_sleeping_duration: 1469363.4764400166
tot_uptimes: 383
tot_uptimes_duration: 22920.04255998344
