comms_cons: 112.70169599776295
finished_reconf: true
global_termination_time: 1149310.646
local_termination_time: 777744.7493599999
node_cons: 23636.120200000067
tot_aggregated_send: 15892
tot_msg_rcv: 392
tot_msg_sent: 846
tot_reconf_duration: 11.899999999999999
tot_sleeping_duration: 1131670.646
tot_uptimes: 295
tot_uptimes_duration: 17640.0
