comms_cons: 113.04381439644122
finished_reconf: true
global_termination_time: 1150687.163
local_termination_time: 753337.7443599999
node_cons: 23625.929761116888
tot_aggregated_send: 16356
tot_msg_rcv: 209
tot_msg_sent: 617
tot_reconf_duration: 4.390000000000001
tot_sleeping_duration: 1133047.1569200023
tot_uptimes: 295
tot_uptimes_duration: 17640.006079997635
