comms_cons: 115.53630719213274
finished_reconf: true
global_termination_time: 1149868.534
local_termination_time: 639346.5433599998
node_cons: 23635.375967826974
tot_aggregated_send: 15196
tot_msg_rcv: 799
tot_msg_sent: 1564
tot_reconf_duration: 11.31
tot_sleeping_duration: 1132228.4914400098
tot_uptimes: 295
tot_uptimes_duration: 17640.04255999031
