comms_cons: 356.0352192449277
finished_reconf: true
global_termination_time: 3544282.654
local_termination_time: 2423562.219319999
node_cons: 72902.76182334889
tot_aggregated_send: 48662
tot_msg_rcv: 1815
tot_msg_sent: 3638
tot_reconf_duration: 25.299999999999997
tot_sleeping_duration: 3489862.635760007
tot_uptimes: 908
tot_uptimes_duration: 54420.01823999314
