comms_cons: 354.6777472550168
finished_reconf: true
global_termination_time: 3546241.141
local_termination_time: 1001675.6391599993
node_cons: 72961.11580334941
tot_aggregated_send: 49648
tot_msg_rcv: 1358
tot_msg_sent: 2904
tot_reconf_duration: 9.11
tot_sleeping_duration: 3491761.122760006
tot_uptimes: 909
tot_uptimes_duration: 54480.01823999337
