comms_cons: 353.0003968306195
finished_reconf: true
global_termination_time: 3546182.377
local_termination_time: 2297581.6422399995
node_cons: 72956.13464558365
tot_aggregated_send: 49474
tot_msg_rcv: 1390
tot_msg_sent: 2790
tot_reconf_duration: 5.43
tot_sleeping_duration: 3491702.346600011
tot_uptimes: 909
tot_uptimes_duration: 54480.03039998887
