comms_cons: 805.40106817642
finished_reconf: true
global_termination_time: 1668783.1136399992
local_termination_time: 1668783.0725199992
node_cons: 100970.83509698842
tot_aggregated_send: 0
tot_msg_rcv: 49609
tot_msg_sent: 72806
tot_reconf_duration: 37.410000000000004
tot_sleeping_duration: 1593413.4106400057
tot_uptimes: 1229
tot_uptimes_duration: 75369.70299999337
