comms_cons: 166.75658879222803
finished_reconf: true
global_termination_time: 1668986.902
local_termination_time: 321160.49436
node_cons: 34312.105799999954
tot_aggregated_send: 23838
tot_msg_rcv: 584
tot_msg_sent: 924
tot_reconf_duration: 5.1
tot_sleeping_duration: 1643366.902
tot_uptimes: 428
tot_uptimes_duration: 25620.0
