comms_cons: 165.875417592236
finished_reconf: true
global_termination_time: 1674677.004
local_termination_time: 338506.50836000004
node_cons: 34419.885541121395
tot_aggregated_send: 23896
tot_msg_rcv: 411
tot_msg_sent: 905
tot_reconf_duration: 25.299999999999997
tot_sleeping_duration: 1648996.9979199988
tot_uptimes: 429
tot_uptimes_duration: 25680.00608000107
