comms_cons: 84.19402241123082
finished_reconf: true
global_termination_time: 427411.2894800002
local_termination_time: 8449.89536
node_cons: 8803.65579984169
tot_aggregated_send: 0
tot_msg_rcv: 6485
tot_msg_sent: 6311
tot_reconf_duration: 18.21
tot_sleeping_duration: 420854.95891999896
tot_uptimes: 110
tot_uptimes_duration: 6556.330560001254
