comms_cons: 42.73253120041106
finished_reconf: true
global_termination_time: 430754.844
local_termination_time: 311781.7790000009
node_cons: 8848.523024001253
tot_aggregated_send: 6090
tot_msg_rcv: 122
tot_msg_sent: 284
tot_reconf_duration: 7.819999999999999
tot_sleeping_duration: 424154.46799999906
tot_uptimes: 111
tot_uptimes_duration: 6600.376000000921
