comms_cons: 149.7438463897172
finished_reconf: true
global_termination_time: 1573060.094
local_termination_time: 4729.2300000000005
node_cons: 32308.850347827076
tot_aggregated_send: 20871
tot_msg_rcv: 564
tot_msg_sent: 1326
tot_reconf_duration: 8.92
tot_sleeping_duration: 1548940.0514400096
tot_uptimes: 403
tot_uptimes_duration: 24120.04255999031
