comms_cons: 198.4023551020878
finished_reconf: true
global_termination_time: 1010489.788
local_termination_time: 789149.2925999998
node_cons: 20758.48989403707
tot_aggregated_send: 0
tot_msg_rcv: 15209
tot_msg_sent: 14947
tot_reconf_duration: 22.65
tot_sleeping_duration: 995009.7796400022
tot_uptimes: 259
tot_uptimes_duration: 15480.008359997766
