comms_cons: 101.81331839698747
finished_reconf: true
global_termination_time: 1010983.555
local_termination_time: 121614.00635999997
node_cons: 20734.26012111686
tot_aggregated_send: 14094
tot_msg_rcv: 510
tot_msg_sent: 871
tot_reconf_duration: 4.8100000000000005
tot_sleeping_duration: 995503.5489200024
tot_uptimes: 259
tot_uptimes_duration: 15480.006079997635
