comms_cons: 101.99138559476906
finished_reconf: true
global_termination_time: 1008613.851
local_termination_time: 396054.68636000005
node_cons: 20738.37212447197
tot_aggregated_send: 14036
tot_msg_rcv: 540
tot_msg_sent: 927
tot_reconf_duration: 7.819999999999999
tot_sleeping_duration: 993133.826680006
tot_uptimes: 259
tot_uptimes_duration: 15480.024319993972
