comms_cons: 300.6233856097559
finished_reconf: true
global_termination_time: 3020849.52
local_termination_time: 721708.2663199985
node_cons: 62127.54917999873
tot_aggregated_send: 43036
tot_msg_rcv: 876
tot_msg_sent: 1781
tot_reconf_duration: 18.21
tot_sleeping_duration: 2974469.52
tot_uptimes: 774
tot_uptimes_duration: 46380.0
