comms_cons: 301.6912128057194
finished_reconf: true
global_termination_time: 3021725.977
local_termination_time: 693431.4150399993
node_cons: 62123.684284466064
tot_aggregated_send: 41702
tot_msg_rcv: 1349
tot_msg_sent: 2804
tot_reconf_duration: 15.34
tot_sleeping_duration: 2975345.9526800094
tot_uptimes: 774
tot_uptimes_duration: 46380.02431999054
