comms_cons: 296.8624256047617
finished_reconf: true
global_termination_time: 3020946.852
local_termination_time: 1088419.617
node_cons: 62111.42012462953
tot_aggregated_send: 41873
tot_msg_rcv: 1095
tot_msg_sent: 2152
tot_reconf_duration: 5.57
tot_sleeping_duration: 2974566.0782400067
tot_uptimes: 774
tot_uptimes_duration: 46380.773759993026
