comms_cons: 298.0525375945187
finished_reconf: true
global_termination_time: 3019279.361
local_termination_time: 1380020.5700799995
node_cons: 62109.75394111542
tot_aggregated_send: 41934
tot_msg_rcv: 1046
tot_msg_sent: 2322
tot_reconf_duration: 5.1
tot_sleeping_duration: 2972899.354920002
tot_uptimes: 774
tot_uptimes_duration: 46380.006079997635
