comms_cons: 301.65029121128345
finished_reconf: true
global_termination_time: 3020096.777
local_termination_time: 565080.806
node_cons: 62109.3845444665
tot_aggregated_send: 42917
tot_msg_rcv: 1012
tot_msg_sent: 1920
tot_reconf_duration: 4.8100000000000005
tot_sleeping_duration: 2973716.7526800088
tot_uptimes: 774
tot_uptimes_duration: 46380.02431999077
