comms_cons: 592.1211844561624
finished_reconf: true
global_termination_time: 3018894.9123599967
local_termination_time: 711.9500399999995
node_cons: 62171.12775326795
tot_aggregated_send: 0
tot_msg_rcv: 45137
tot_msg_sent: 44859
tot_reconf_duration: 11.31
tot_sleeping_duration: 2972475.368840005
tot_uptimes: 774
tot_uptimes_duration: 46419.543519991916
