comms_cons: 136.5644543901956
finished_reconf: true
global_termination_time: 1342074.683
local_termination_time: 49762.67848000001
node_cons: 27643.52454447197
tot_aggregated_send: 18154
tot_msg_rcv: 803
tot_msg_sent: 1800
tot_reconf_duration: 4.8100000000000005
tot_sleeping_duration: 1321434.6586800062
tot_uptimes: 344
tot_uptimes_duration: 20640.024319993972
