comms_cons: 112.64311039448513
finished_reconf: true
global_termination_time: 1135070.067
local_termination_time: 541059.84136
node_cons: 23305.140121116943
tot_aggregated_send: 16008
tot_msg_rcv: 360
tot_msg_sent: 753
tot_reconf_duration: 4.8100000000000005
tot_sleeping_duration: 1117670.0609200024
tot_uptimes: 291
tot_uptimes_duration: 17400.006079997635
