comms_cons: 110.35292159762821
finished_reconf: true
global_termination_time: 1134413.899
local_termination_time: 990033.0563599999
node_cons: 23302.741900000095
tot_aggregated_send: 16472
tot_msg_rcv: 120
tot_msg_sent: 181
tot_reconf_duration: 3.05
tot_sleeping_duration: 1117013.899
tot_uptimes: 291
tot_uptimes_duration: 17400.0
