comms_cons: 44.942515200680575
finished_reconf: true
global_termination_time: 463486.293
local_termination_time: 363339.18048000004
node_cons: 9486.65198000001
tot_aggregated_send: 6206
tot_msg_rcv: 208
tot_msg_sent: 417
tot_reconf_duration: 4.8100000000000005
tot_sleeping_duration: 456406.293
tot_uptimes: 119
tot_uptimes_duration: 7080.0
