comms_cons: 45.567539200381546
finished_reconf: true
global_termination_time: 468272.195
local_termination_time: 64408.23388000009
node_cons: 9575.81898000001
tot_aggregated_send: 6496
tot_msg_rcv: 143
tot_msg_sent: 287
tot_reconf_duration: 11.31
tot_sleeping_duration: 461132.195
tot_uptimes: 120
tot_uptimes_duration: 7140.0
