comms_cons: 43.370086400261314
finished_reconf: true
global_termination_time: 438053.047
local_termination_time: 46981.70036000001
node_cons: 9004.611980000009
tot_aggregated_send: 6322
tot_msg_rcv: 100
tot_msg_sent: 170
tot_reconf_duration: 4.8100000000000005
tot_sleeping_duration: 431333.047
tot_uptimes: 113
tot_uptimes_duration: 6720.0
