comms_cons: 222.20618239340118
finished_reconf: true
global_termination_time: 2225486.0195599995
local_termination_time: 2225485.9784399993
node_cons: 45777.878706955315
tot_aggregated_send: 31538
tot_msg_rcv: 768
tot_msg_sent: 1469
tot_reconf_duration: 24.59
tot_sleeping_duration: 2191322.848920002
tot_uptimes: 570
tot_uptimes_duration: 34163.170639997115
