comms_cons: 222.5813055856762
finished_reconf: true
global_termination_time: 2225893.008
local_termination_time: 307216.07336000004
node_cons: 45800.36454447601
tot_aggregated_send: 30972
tot_msg_rcv: 942
tot_msg_sent: 1917
tot_reconf_duration: 4.8100000000000005
tot_sleeping_duration: 2191692.9836800024
tot_uptimes: 571
tot_uptimes_duration: 34200.02431999741
