comms_cons: 220.70584318558747
finished_reconf: true
global_termination_time: 2229000.652
local_termination_time: 389832.2166800003
node_cons: 45797.95818223321
tot_aggregated_send: 30914
tot_msg_rcv: 911
tot_msg_sent: 1721
tot_reconf_duration: 3.05
tot_sleeping_duration: 2194800.6398400045
tot_uptimes: 571
tot_uptimes_duration: 34200.01215999527
