comms_cons: 56.771916800115946
finished_reconf: true
global_termination_time: 577568.051
local_termination_time: 470522.9288800009
node_cons: 11817.544060000024
tot_aggregated_send: 8004
tot_msg_rcv: 153
tot_msg_sent: 472
tot_reconf_duration: 5.57
tot_sleeping_duration: 568748.051
tot_uptimes: 148
tot_uptimes_duration: 8820.0
