comms_cons: 98.9906432142617
finished_reconf: true
global_termination_time: 577048.247
local_termination_time: 299527.30536000006
node_cons: 11817.35394
tot_aggregated_send: 0
tot_msg_rcv: 7638
tot_msg_sent: 7408
tot_reconf_duration: 5.43
tot_sleeping_duration: 568228.247
tot_uptimes: 148
tot_uptimes_duration: 8819.999999999996
