comms_cons: 55.075110400946016
finished_reconf: true
global_termination_time: 537782.77
local_termination_time: 89012.98535999996
node_cons: 11015.034901120025
tot_aggregated_send: 6670
tot_msg_rcv: 668
tot_msg_sent: 1033
tot_reconf_duration: 6.22
tot_sleeping_duration: 529562.76392
tot_uptimes: 138
tot_uptimes_duration: 8220.006080000006
