comms_cons: 29.139904000701684
finished_reconf: true
global_termination_time: 227361.35312000045
local_termination_time: 227361.31200000044
node_cons: 4739.795901762964
tot_aggregated_send: 1856
tot_msg_rcv: 1005
tot_msg_sent: 1565
tot_reconf_duration: 24.59
tot_sleeping_duration: 223846.48927999826
tot_uptimes: 59
tot_uptimes_duration: 3514.863840002203
