comms_cons: 23.996224000151432
finished_reconf: true
global_termination_time: 233073.426
local_termination_time: 5990.5946
node_cons: 4787.136025400006
tot_aggregated_send: 2958
tot_msg_rcv: 238
tot_msg_sent: 453
tot_reconf_duration: 25.299999999999997
tot_sleeping_duration: 229523.92740000002
tot_uptimes: 60
tot_uptimes_duration: 3549.498600000001
