comms_cons: 249.50300159933616
finished_reconf: true
global_termination_time: 2513266.8994799997
local_termination_time: 2513266.8583599995
node_cons: 51710.37980095238
tot_aggregated_send: 36294
tot_msg_rcv: 634
tot_msg_sent: 994
tot_reconf_duration: 24.59
tot_sleeping_duration: 2474673.1828400046
tot_uptimes: 644
tot_uptimes_duration: 38593.71663999511
