comms_cons: 247.92461438539897
finished_reconf: true
global_termination_time: 2516720.969
local_termination_time: 1314798.4863599997
node_cons: 51743.126323349476
tot_aggregated_send: 35264
tot_msg_rcv: 905
tot_msg_sent: 1514
tot_reconf_duration: 3.05
tot_sleeping_duration: 2478080.950760007
tot_uptimes: 645
tot_uptimes_duration: 38640.0182399929
