comms_cons: 247.5392895866894
finished_reconf: true
global_termination_time: 2514507.92
local_termination_time: 1351335.25736
node_cons: 51669.25584223298
tot_aggregated_send: 35148
tot_msg_rcv: 901
tot_msg_sent: 1575
tot_reconf_duration: 7.819999999999999
tot_sleeping_duration: 2475927.9078400047
tot_uptimes: 644
tot_uptimes_duration: 38580.01215999527
