comms_cons: 1.5263743999991783
finished_reconf: true
global_termination_time: 8495.281
local_termination_time: 4927.335360000001
node_cons: 168.0539400000004
tot_aggregated_send: 0
tot_msg_rcv: 120
tot_msg_sent: 111
tot_reconf_duration: 5.43
tot_sleeping_duration: 8375.281
tot_uptimes: 3
tot_uptimes_duration: 120.0
