comms_cons: 90.05608959896604
finished_reconf: true
global_termination_time: 917340.92
local_termination_time: 764319.5701599993
node_cons: 18805.53790223831
tot_aggregated_send: 12876
tot_msg_rcv: 265
tot_msg_sent: 547
tot_reconf_duration: 4.390000000000001
tot_sleeping_duration: 903300.9078400014
tot_uptimes: 235
tot_uptimes_duration: 14040.012159998703
