comms_cons: 688.9083144764891
finished_reconf: true
global_termination_time: 3502348.508
local_termination_time: 1683.7654800000005
node_cons: 71991.60650558346
tot_aggregated_send: 0
tot_msg_rcv: 52729
tot_msg_sent: 51981
tot_reconf_duration: 5.1
tot_sleeping_duration: 3448588.477600011
tot_uptimes: 897
tot_uptimes_duration: 53760.03039998887
