comms_cons: 355.2353024492685
finished_reconf: true
global_termination_time: 3503800.305
local_termination_time: 1398580.83372
node_cons: 72082.16410446615
tot_aggregated_send: 48430
tot_msg_rcv: 1973
tot_msg_sent: 3591
tot_reconf_duration: 12.629999999999999
tot_sleeping_duration: 3449980.2806800096
tot_uptimes: 898
tot_uptimes_duration: 53820.02431999076
