comms_cons: 351.9615104305277
finished_reconf: true
global_termination_time: 3502402.266
local_termination_time: 1579450.7252799983
node_cons: 71993.12746558405
tot_aggregated_send: 48430
tot_msg_rcv: 1582
tot_msg_sent: 3484
tot_reconf_duration: 6.22
tot_sleeping_duration: 3448642.2356000105
tot_uptimes: 897
tot_uptimes_duration: 53760.03039998934
