comms_cons: 37.17248000045012
finished_reconf: true
global_termination_time: 377760.244
local_termination_time: 188813.86436000004
node_cons: 7737.369179999998
tot_aggregated_send: 5336
tot_msg_rcv: 99
tot_msg_sent: 215
tot_reconf_duration: 18.21
tot_sleeping_duration: 372000.244
tot_uptimes: 97
tot_uptimes_duration: 5760.0
