comms_cons: 54.69946880394896
finished_reconf: true
global_termination_time: 556772.449
local_termination_time: 2098.62212
node_cons: 11412.057942240597
tot_aggregated_send: 0
tot_msg_rcv: 79
tot_msg_sent: 8235
tot_reconf_duration: 2.77
tot_sleeping_duration: 548252.4368399995
tot_uptimes: 143
tot_uptimes_duration: 8520.012160000435
