comms_cons: 11.072793599462203
finished_reconf: true
global_termination_time: 557033.084
local_termination_time: 3157.95312
node_cons: 11418.532900000017
tot_aggregated_send: 0
tot_msg_rcv: 5
tot_msg_sent: 1678
tot_reconf_duration: 7.55
tot_sleeping_duration: 548513.084
tot_uptimes: 143
tot_uptimes_duration: 8520.0
