comms_cons: 130.97871359513175
finished_reconf: true
global_termination_time: 1325669.15
local_termination_time: 861367.2833599999
node_cons: 27250.138241116656
tot_aggregated_send: 19198
tot_msg_rcv: 256
tot_msg_sent: 454
tot_reconf_duration: 10.95
tot_sleeping_duration: 1305329.1439200023
tot_uptimes: 340
tot_uptimes_duration: 20340.006079997518
