comms_cons: 144.76871679660505
finished_reconf: true
global_termination_time: 1489440.007
local_termination_time: 267185.73892000073
node_cons: 30620.183983355153
tot_aggregated_send: 20648
tot_msg_rcv: 472
tot_msg_sent: 884
tot_reconf_duration: 7.819999999999999
tot_sleeping_duration: 1466579.9887600036
tot_uptimes: 382
tot_uptimes_duration: 22860.018239996338
