comms_cons: 144.79503359676204
finished_reconf: true
global_termination_time: 1485441.758
local_termination_time: 708164.1100399994
node_cons: 30537.663042238433
tot_aggregated_send: 20532
tot_msg_rcv: 508
tot_msg_sent: 968
tot_reconf_duration: 6.22
tot_sleeping_duration: 1462641.7458400012
tot_uptimes: 381
tot_uptimes_duration: 22800.012159998703
