comms_cons: 148.38446078325114
finished_reconf: true
global_termination_time: 1444352.413
local_termination_time: 45549.187440000045
node_cons: 29670.28108893192
tot_aggregated_send: 19198
tot_msg_rcv: 1149
tot_msg_sent: 2210
tot_reconf_duration: 18.21
tot_sleeping_duration: 1422212.344360021
tot_uptimes: 370
tot_uptimes_duration: 22140.068639979
