comms_cons: 142.70347519737734
finished_reconf: true
global_termination_time: 1445978.261
local_termination_time: 840842.2293599999
node_cons: 29732.725800000015
tot_aggregated_send: 20822
tot_msg_rcv: 289
tot_msg_sent: 579
tot_reconf_duration: 5.1
tot_sleeping_duration: 1423778.261
tot_uptimes: 371
tot_uptimes_duration: 22200.0
