comms_cons: 143.4462975948087
finished_reconf: true
global_termination_time: 1444510.509
local_termination_time: 524658.3691599993
node_cons: 29663.344860000103
tot_aggregated_send: 20706
tot_msg_rcv: 413
tot_msg_sent: 684
tot_reconf_duration: 13.17
tot_sleeping_duration: 1422370.509
tot_uptimes: 370
tot_uptimes_duration: 22140.0
