comms_cons: 143.17059839689824
finished_reconf: true
global_termination_time: 1448039.444
local_termination_time: 359392.659
node_cons: 29760.64772575796
tot_aggregated_send: 20878
tot_msg_rcv: 312
tot_msg_sent: 571
tot_reconf_duration: 18.700000000000003
tot_sleeping_duration: 1425832.3841600013
tot_uptimes: 371
tot_uptimes_duration: 22207.05983999849
