comms_cons: 285.005196798266
finished_reconf: true
global_termination_time: 2809317.285
local_termination_time: 2352886.6513599996
node_cons: 57865.65614334957
tot_aggregated_send: 38396
tot_msg_rcv: 1566
tot_msg_sent: 3356
tot_reconf_duration: 15.34
tot_sleeping_duration: 2766117.266760007
tot_uptimes: 720
tot_uptimes_duration: 43200.01823999314
