comms_cons: 285.6198144157337
finished_reconf: true
global_termination_time: 2809792.743
local_termination_time: 2653019.0154800005
node_cons: 57853.34452223329
tot_aggregated_send: 38744
tot_msg_rcv: 1652
tot_msg_sent: 3017
tot_reconf_duration: 6.279999999999999
tot_sleeping_duration: 2766592.7308400045
tot_uptimes: 720
tot_uptimes_duration: 43200.0121599955
