comms_cons: 151.55528962191096
finished_reconf: true
global_termination_time: 518308.23348000017
local_termination_time: 1582.3740400000015
node_cons: 21260.602820720247
tot_aggregated_send: 0
tot_msg_rcv: 7705
tot_msg_sent: 15328
tot_reconf_duration: 6.22
tot_sleeping_duration: 502436.571
tot_uptimes: 265
tot_uptimes_duration: 15871.66248000016
