comms_cons: 125.38933759722741
finished_reconf: true
global_termination_time: 1271377.25
local_termination_time: 287558.97348000004
node_cons: 26125.858980000037
tot_aggregated_send: 18270
tot_msg_rcv: 217
tot_msg_sent: 571
tot_reconf_duration: 11.31
tot_sleeping_duration: 1251877.25
tot_uptimes: 326
tot_uptimes_duration: 19500.0
