comms_cons: 133.05739518789784
finished_reconf: true
global_termination_time: 1318272.1152400002
local_termination_time: 88796.667
node_cons: 27160.488575018437
tot_aggregated_send: 17398
tot_msg_rcv: 883
tot_msg_sent: 1943
tot_reconf_duration: 22.65
tot_sleeping_duration: 1298010.9278800162
tot_uptimes: 338
tot_uptimes_duration: 20261.18735998386
