comms_cons: 134.47359998925845
finished_reconf: true
global_termination_time: 1319028.522
local_termination_time: 496122.55036
node_cons: 27080.58232558874
tot_aggregated_send: 17690
tot_msg_rcv: 888
tot_msg_sent: 1861
tot_reconf_duration: 4.390000000000001
tot_sleeping_duration: 1298808.4916000087
tot_uptimes: 338
tot_uptimes_duration: 20220.030399991607
