comms_cons: 29.82775040037805
finished_reconf: true
global_termination_time: 283077.027
local_termination_time: 22198.558680000002
node_cons: 5792.943042240585
tot_aggregated_send: 3712
tot_msg_rcv: 357
tot_msg_sent: 464
tot_reconf_duration: 6.22
tot_sleeping_duration: 278757.01483999955
tot_uptimes: 73
tot_uptimes_duration: 4320.012160000435
