comms_cons: 81.1921215955244
finished_reconf: true
global_termination_time: 781079.745
local_termination_time: 247417.92464000042
node_cons: 16074.950223359723
tot_aggregated_send: 10092
tot_msg_rcv: 738
tot_msg_sent: 1511
tot_reconf_duration: 5.1
tot_sleeping_duration: 769079.7267600002
tot_uptimes: 201
tot_uptimes_duration: 12000.018239999772
