comms_cons: 78.26616319853586
finished_reconf: true
global_termination_time: 781877.87
local_termination_time: 546221.3793599999
node_cons: 16072.158182242949
tot_aggregated_send: 10788
tot_msg_rcv: 350
tot_msg_sent: 758
tot_reconf_duration: 3.05
tot_sleeping_duration: 769877.8578399979
tot_uptimes: 201
tot_uptimes_duration: 12000.012160002138
