comms_cons: 81.16481279442317
finished_reconf: true
global_termination_time: 782410.289
local_termination_time: 282718.32636000006
node_cons: 16075.414645597972
tot_aggregated_send: 10382
tot_msg_rcv: 733
tot_msg_sent: 1221
tot_reconf_duration: 5.43
tot_sleeping_duration: 770410.2586000015
tot_uptimes: 201
tot_uptimes_duration: 12000.030399998475
