comms_cons: 280.43922560322983
finished_reconf: true
global_termination_time: 2809895.937
local_termination_time: 597888.2754799977
node_cons: 57888.2711094176
tot_aggregated_send: 39788
tot_msg_rcv: 860
tot_msg_sent: 1978
tot_reconf_duration: 18.21
tot_sleeping_duration: 2766681.9400400156
tot_uptimes: 720
tot_uptimes_duration: 43213.99695998407
