comms_cons: 286.2744576181306
finished_reconf: true
global_termination_time: 2811215.789
local_termination_time: 1174297.6949999998
node_cons: 57851.07658733971
tot_aggregated_send: 38454
tot_msg_rcv: 1745
tot_msg_sent: 3312
tot_reconf_duration: 3.05
tot_sleeping_duration: 2768014.1947600143
tot_uptimes: 720
tot_uptimes_duration: 43201.5942399858
