comms_cons: 12.862335999977676
finished_reconf: true
global_termination_time: 113412.50743999956
local_termination_time: 113398.16183999967
node_cons: 2415.2139703988614
tot_aggregated_send: 1276
tot_msg_rcv: 233
tot_msg_sent: 445
tot_reconf_duration: 7.819999999999999
tot_sleeping_duration: 111616.69384000043
tot_uptimes: 30
tot_uptimes_duration: 1795.8135999991428
