comms_cons: 203.34920951662596
finished_reconf: true
global_termination_time: 891800.6687199997
local_termination_time: 891800.6275999998
node_cons: 18387.046070553664
tot_aggregated_send: 0
tot_msg_rcv: 17597
tot_msg_sent: 13317
tot_reconf_duration: 37.410000000000004
tot_sleeping_duration: 878106.6856800045
tot_uptimes: 229
tot_uptimes_duration: 13693.983039995248
