comms_cons: 422.9767680276776
finished_reconf: true
global_termination_time: 4290617.529
local_termination_time: 2475852.104359998
node_cons: 88256.68720303471
tot_aggregated_send: 62582
tot_msg_rcv: 610
tot_msg_sent: 1098
tot_reconf_duration: 18.21
tot_sleeping_duration: 4224723.609640002
tot_uptimes: 1099
tot_uptimes_duration: 65893.91935999785
