comms_cons: 431.67412486892175
finished_reconf: true
global_termination_time: 4289208.683
local_termination_time: 178489.70048000006
node_cons: 88221.93779228406
tot_aggregated_send: 59450
tot_msg_rcv: 2032
tot_msg_sent: 4130
tot_reconf_duration: 6.279999999999999
tot_sleeping_duration: 4223328.6161200255
tot_uptimes: 1099
tot_uptimes_duration: 65880.06687997491
