comms_cons: 432.4602368848651
finished_reconf: true
global_termination_time: 4286729.181
local_termination_time: 396233.23836
node_cons: 88150.95441228437
tot_aggregated_send: 59682
tot_msg_rcv: 2104
tot_msg_sent: 3945
tot_reconf_duration: 13.17
tot_sleeping_duration: 4220909.114120024
tot_uptimes: 1098
tot_uptimes_duration: 65820.06687997514
