comms_cons: 424.46743683964064
finished_reconf: true
global_termination_time: 4289223.897
local_termination_time: 2324444.868519998
node_cons: 88229.82512639208
tot_aggregated_send: 61828
tot_msg_rcv: 843
tot_msg_sent: 1845
tot_reconf_duration: 11.899999999999999
tot_sleeping_duration: 4223343.6394000035
tot_uptimes: 1099
tot_uptimes_duration: 65880.25759999594
