comms_cons: 435.439155300096
finished_reconf: true
global_termination_time: 4289452.355
local_termination_time: 1681022.1390799994
node_cons: 88217.51888781617
tot_aggregated_send: 58754
tot_msg_rcv: 2492
tot_msg_sent: 4939
tot_reconf_duration: 3.05
tot_sleeping_duration: 4223572.312440016
tot_uptimes: 1099
tot_uptimes_duration: 65880.04255998414
