comms_cons: 436.6776065169214
finished_reconf: true
global_termination_time: 4290091.34
local_termination_time: 1236658.70836
node_cons: 88224.0128300508
tot_aggregated_send: 58580
tot_msg_rcv: 2684
tot_msg_sent: 5108
tot_reconf_duration: 7.819999999999999
tot_sleeping_duration: 4224211.28528002
tot_uptimes: 1099
tot_uptimes_duration: 65880.05471997987
