comms_cons: 435.79843208770626
finished_reconf: true
global_termination_time: 4288427.596
local_termination_time: 1115878.6124399996
node_cons: 88221.84003005036
tot_aggregated_send: 58812
tot_msg_rcv: 2548
tot_msg_sent: 4878
tot_reconf_duration: 6.22
tot_sleeping_duration: 4222547.54128002
tot_uptimes: 1099
tot_uptimes_duration: 65880.05471997964
