comms_cons: 80.06886399957729
finished_reconf: true
global_termination_time: 813774.905
local_termination_time: 22274.785
node_cons: 16719.174901121452
tot_aggregated_send: 11829
tot_msg_rcv: 112
tot_msg_sent: 229
tot_reconf_duration: 6.22
tot_sleeping_duration: 801294.898919999
tot_uptimes: 209
tot_uptimes_duration: 12480.006080001069
