comms_cons: 416.6092672433129
finished_reconf: true
global_termination_time: 4145773.827239991
local_termination_time: 313401.28748000006
node_cons: 85319.7534182856
tot_aggregated_send: 58174
tot_msg_rcv: 1842
tot_msg_sent: 3305
tot_reconf_duration: 18.21
tot_sleeping_duration: 4082073.286360015
tot_uptimes: 1062
tot_uptimes_duration: 63700.540879975946
