comms_cons: 415.3283456256059
finished_reconf: true
global_termination_time: 4149403.36
local_termination_time: 2891266.2503199987
node_cons: 85328.66034223215
tot_aggregated_send: 56666
tot_msg_rcv: 2358
tot_msg_sent: 4103
tot_reconf_duration: 5.57
tot_sleeping_duration: 4085683.3478400046
tot_uptimes: 1063
tot_uptimes_duration: 63720.0121599955
