comms_cons: 411.10311042251504
finished_reconf: true
global_termination_time: 4148122.74
local_termination_time: 2963013.7627999997
node_cons: 85328.0220822322
tot_aggregated_send: 57478
tot_msg_rcv: 1651
tot_msg_sent: 3356
tot_reconf_duration: 5.1
tot_sleeping_duration: 4084402.7278400045
tot_uptimes: 1063
tot_uptimes_duration: 63720.012159995735
