comms_cons: 1757.1734104321913
finished_reconf: true
global_termination_time: 4145803.415
local_termination_time: 1070797.988359999
node_cons: 252807.99396797366
tot_aggregated_send: 0
tot_msg_rcv: 107642
tot_msg_sent: 159439
tot_reconf_duration: 6.22
tot_sleeping_duration: 3957006.143000013
tot_uptimes: 3099
tot_uptimes_duration: 188797.2719999871
