comms_cons: 363.34241270384837
finished_reconf: true
global_termination_time: 754432.1398399987
local_termination_time: 754432.0987199987
node_cons: 45531.883572115905
tot_aggregated_send: 0
tot_msg_rcv: 22398
tot_msg_sent: 32815
tot_reconf_duration: 24.59
tot_sleeping_duration: 720452.6847600014
tot_uptimes: 558
tot_uptimes_duration: 33979.45507999729
