comms_cons: 73.56861439973117
finished_reconf: true
global_termination_time: 756730.235
local_termination_time: 634380.8011599983
node_cons: 15509.770041121516
tot_aggregated_send: 10382
tot_msg_rcv: 229
tot_msg_sent: 571
tot_reconf_duration: 3.05
tot_sleeping_duration: 745150.228919999
tot_uptimes: 194
tot_uptimes_duration: 11580.006080001069
