comms_cons: 75.96247039902264
finished_reconf: true
global_termination_time: 756714.517
local_termination_time: 481.13815999999946
node_cons: 15514.06890240002
tot_aggregated_send: 10672
tot_msg_rcv: 352
tot_msg_sent: 521
tot_reconf_duration: 6.22
tot_sleeping_duration: 745134.5153999999
tot_uptimes: 194
tot_uptimes_duration: 11580.0016
