comms_cons: 54.56033280105572
finished_reconf: true
global_termination_time: 544478.018
local_termination_time: 202549.6676400004
node_cons: 11174.832201121455
tot_aggregated_send: 7192
tot_msg_rcv: 403
tot_msg_sent: 697
tot_reconf_duration: 5.57
tot_sleeping_duration: 536138.0119199989
tot_uptimes: 140
tot_uptimes_duration: 8340.006080001069
