comms_cons: 54.68631040105974
finished_reconf: true
global_termination_time: 548227.919
local_termination_time: 157703.28848000008
node_cons: 11256.079324485738
tot_aggregated_send: 7134
tot_msg_rcv: 382
tot_msg_sent: 796
tot_reconf_duration: 6.22
tot_sleeping_duration: 539827.8946799957
tot_uptimes: 141
tot_uptimes_duration: 8400.024320004275
