comms_cons: 92.12258559631006
finished_reconf: true
global_termination_time: 920386.009
local_termination_time: 848.6853599999998
node_cons: 18890.51956000003
tot_aggregated_send: 12818
tot_msg_rcv: 379
tot_msg_sent: 805
tot_reconf_duration: 7.819999999999999
tot_sleeping_duration: 906286.009
tot_uptimes: 236
tot_uptimes_duration: 14100.0
