comms_cons: 91.0896511993368
finished_reconf: true
global_termination_time: 919393.766
local_termination_time: 22767.86736
node_cons: 18887.28208111918
tot_aggregated_send: 13050
tot_msg_rcv: 220
tot_msg_sent: 575
tot_reconf_duration: 5.43
tot_sleeping_duration: 905293.7599200006
tot_uptimes: 236
tot_uptimes_duration: 14100.006079999366
