comms_cons: 213.8086975826349
finished_reconf: true
global_termination_time: 2126570.069
local_termination_time: 333988.15824000054
node_cons: 43735.77568782663
tot_aggregated_send: 28478
tot_msg_rcv: 1300
tot_msg_sent: 2720
tot_reconf_duration: 22.65
tot_sleeping_duration: 2093930.02644001
tot_uptimes: 545
tot_uptimes_duration: 32640.04255999031
