comms_cons: 213.94815357612484
finished_reconf: true
global_termination_time: 2125064.325
local_termination_time: 1090272.8806399982
node_cons: 43711.537613104236
tot_aggregated_send: 28188
tot_msg_rcv: 1419
tot_msg_sent: 2912
tot_reconf_duration: 4.8100000000000005
tot_sleeping_duration: 2092424.2909200117
tot_uptimes: 545
tot_uptimes_duration: 32640.034079988487
