comms_cons: 409.16044801882606
finished_reconf: true
global_termination_time: 4134058.924
local_termination_time: 1585662.8307199986
node_cons: 85017.65370669964
tot_aggregated_send: 57594
tot_msg_rcv: 1523
tot_msg_sent: 3073
tot_reconf_duration: 13.17
tot_sleeping_duration: 4070578.8875200134
tot_uptimes: 1059
tot_uptimes_duration: 63480.036479986506
