comms_cons: 416.78679047910003
finished_reconf: true
global_termination_time: 4130454.751
local_termination_time: 384650.6642000002
node_cons: 84934.32765484952
tot_aggregated_send: 57304
tot_msg_rcv: 2040
tot_msg_sent: 4004
tot_reconf_duration: 10.95
tot_sleeping_duration: 4067034.693080021
tot_uptimes: 1058
tot_uptimes_duration: 63420.05791997886
