comms_cons: 417.9379520757508
finished_reconf: true
global_termination_time: 4129253.3471199963
local_termination_time: 377854.44136000006
node_cons: 84949.03093972601
tot_aggregated_send: 57130
tot_msg_rcv: 2262
tot_msg_sent: 4130
tot_reconf_duration: 4.8100000000000005
tot_sleeping_duration: 4065816.08128002
tot_uptimes: 1058
tot_uptimes_duration: 63437.26583997626
