comms_cons: 413.5622144381133
finished_reconf: true
global_termination_time: 4132281.835
local_termination_time: 630861.3986399982
node_cons: 85010.40468893411
tot_aggregated_send: 57710
tot_msg_rcv: 1721
tot_msg_sent: 3428
tot_reconf_duration: 7.819999999999999
tot_sleeping_duration: 4068801.786360018
tot_uptimes: 1059
tot_uptimes_duration: 63480.04863998224
