comms_cons: 646.5113217323379
finished_reconf: true
global_termination_time: 6472676.33
local_termination_time: 302011.7816800003
node_cons: 133154.22825228673
tot_aggregated_send: 90538
tot_msg_rcv: 2603
tot_msg_sent: 5125
tot_reconf_duration: 22.65
tot_sleeping_duration: 6373256.263120022
tot_uptimes: 1658
tot_uptimes_duration: 99420.06687997835
