comms_cons: 634.8654400780264
finished_reconf: true
global_termination_time: 6472620.989
local_termination_time: 3151845.7893199995
node_cons: 133136.2049244645
tot_aggregated_send: 89668
tot_msg_rcv: 2358
tot_msg_sent: 4469
tot_reconf_duration: 9.42
tot_sleeping_duration: 6373200.964680009
tot_uptimes: 1658
tot_uptimes_duration: 99420.02431999124
