comms_cons: 646.9659265581761
finished_reconf: true
global_termination_time: 6472956.98
local_termination_time: 1009996.4657199988
node_cons: 133127.60331117056
tot_aggregated_send: 89436
tot_msg_rcv: 3024
tot_msg_sent: 5874
tot_reconf_duration: 3.05
tot_sleeping_duration: 6373536.919200019
tot_uptimes: 1658
tot_uptimes_duration: 99420.06079998118
