comms_cons: 644.511590521165
finished_reconf: true
global_termination_time: 6473337.578
local_termination_time: 1250313.9683599998
node_cons: 133131.90817116585
tot_aggregated_send: 90132
tot_msg_rcv: 2739
tot_msg_sent: 5091
tot_reconf_duration: 6.22
tot_sleeping_duration: 6373917.517200022
tot_uptimes: 1658
tot_uptimes_duration: 99420.06079997774
