comms_cons: 180.29583358397463
finished_reconf: true
global_termination_time: 1781575.2847199987
local_termination_time: 1781575.2435999988
node_cons: 36742.29191350179
tot_aggregated_send: 24682
tot_msg_rcv: 934
tot_msg_sent: 1786
tot_reconf_duration: 37.410000000000004
tot_sleeping_duration: 1754173.1270400123
tot_uptimes: 457
tot_uptimes_duration: 27402.157679986485
