comms_cons: 733.1138816337266
finished_reconf: true
global_termination_time: 2527170.674
local_termination_time: 674128.4475199991
node_cons: 102480.09017603057
tot_aggregated_send: 0
tot_msg_rcv: 37508
tot_msg_sent: 73922
tot_reconf_duration: 18.21
tot_sleeping_duration: 2450654.347640005
tot_uptimes: 1263
tot_uptimes_duration: 76516.32635999513
