comms_cons: 255.15367680859683
finished_reconf: true
global_termination_time: 2527050.7383199995
local_termination_time: 2527050.6971999994
node_cons: 52041.62451318593
tot_aggregated_send: 35134
tot_msg_rcv: 1248
tot_msg_sent: 2399
tot_reconf_duration: 24.59
tot_sleeping_duration: 2488209.639520009
tot_uptimes: 648
tot_uptimes_duration: 38841.0987999903
