comms_cons: 539.9362047688556
finished_reconf: true
global_termination_time: 622422.1477199998
local_termination_time: 622422.1065999998
node_cons: 62495.54399284681
tot_aggregated_send: 0
tot_msg_rcv: 36995
tot_msg_sent: 45072
tot_reconf_duration: 24.59
tot_sleeping_duration: 575773.7901599939
tot_uptimes: 752
tot_uptimes_duration: 46648.35756000591
