comms_cons: 63.0024191997693
finished_reconf: true
global_termination_time: 625397.467
local_termination_time: 37850.53004000006
node_cons: 12872.284860000016
tot_aggregated_send: 8816
tot_msg_rcv: 308
tot_msg_sent: 452
tot_reconf_duration: 13.17
tot_sleeping_duration: 615797.467
tot_uptimes: 161
tot_uptimes_duration: 9600.0
