comms_cons: 63.68506240049667
finished_reconf: true
global_termination_time: 628178.647
local_termination_time: 9451.787480000005
node_cons: 12880.573493840315
tot_aggregated_send: 8352
tot_msg_rcv: 399
tot_msg_sent: 928
tot_reconf_duration: 11.31
tot_sleeping_duration: 618570.5704399998
tot_uptimes: 161
tot_uptimes_duration: 9608.076560000221
