comms_cons: 549.0957760610236
finished_reconf: true
global_termination_time: 5629342.486
local_termination_time: 2998588.437119998
node_cons: 115776.87394111374
tot_aggregated_send: 78010
tot_msg_rcv: 1861
tot_msg_sent: 3587
tot_reconf_duration: 5.1
tot_sleeping_duration: 5542882.479920002
tot_uptimes: 1442
tot_uptimes_duration: 86460.00607999787
