comms_cons: 561.5010112893048
finished_reconf: true
global_termination_time: 5634054.702
local_termination_time: 13349.3392
node_cons: 115881.12011116835
tot_aggregated_send: 78938
tot_msg_rcv: 2101
tot_msg_sent: 4304
tot_reconf_duration: 22.65
tot_sleeping_duration: 5547534.641200021
tot_uptimes: 1443
tot_uptimes_duration: 86520.06079997901
