comms_cons: 559.7320192925811
finished_reconf: true
global_termination_time: 5632241.796
local_termination_time: 1889515.6662799993
node_cons: 115860.93212446512
tot_aggregated_send: 78184
tot_msg_rcv: 2308
tot_msg_sent: 4584
tot_reconf_duration: 7.819999999999999
tot_sleeping_duration: 5545721.771680009
tot_uptimes: 1443
tot_uptimes_duration: 86520.02431999147
