comms_cons: 31.16469760023893
finished_reconf: true
global_termination_time: 309981.427
local_termination_time: 57107.828360000014
node_cons: 6355.306760000009
tot_aggregated_send: 4234
tot_msg_rcv: 159
tot_msg_sent: 343
tot_reconf_duration: 6.22
tot_sleeping_duration: 305241.427
tot_uptimes: 80
tot_uptimes_duration: 4740.0
