comms_cons: 30.71295999983132
finished_reconf: true
global_termination_time: 309998.446
local_termination_time: 157738.74736000007
node_cons: 6362.227121121434
tot_aggregated_send: 4350
tot_msg_rcv: 95
tot_msg_sent: 223
tot_reconf_duration: 11.31
tot_sleeping_duration: 305258.4399199989
tot_uptimes: 80
tot_uptimes_duration: 4740.006080001069
