comms_cons: 8.468057600024444
finished_reconf: true
global_termination_time: 71077.805
local_termination_time: 4041.54336
node_cons: 1464.0292833594513
tot_aggregated_send: 464
tot_msg_rcv: 250
tot_msg_sent: 574
tot_reconf_duration: 13.17
tot_sleeping_duration: 69997.78676000041
tot_uptimes: 19
tot_uptimes_duration: 1080.0182399995902
