comms_cons: 1589.9322961080381
finished_reconf: true
global_termination_time: 3289619.1286
local_termination_time: 3289619.0874799998
node_cons: 199581.6582218067
tot_aggregated_send: 0
tot_msg_rcv: 97689
tot_msg_sent: 143975
tot_reconf_duration: 37.410000000000004
tot_sleeping_duration: 3140604.3000400197
tot_uptimes: 2451
tot_uptimes_duration: 149014.82855998052
