comms_cons: 332.32855044216933
finished_reconf: true
global_termination_time: 3294621.904
local_termination_time: 1994577.70436
node_cons: 67752.03902334992
tot_aggregated_send: 45646
tot_msg_rcv: 1630
tot_msg_sent: 3236
tot_reconf_duration: 18.700000000000003
tot_sleeping_duration: 3244041.8857600065
tot_uptimes: 844
tot_uptimes_duration: 50580.01823999337
