comms_cons: 332.79489924087505
finished_reconf: true
global_termination_time: 3291020.63
local_termination_time: 1121936.0040399982
node_cons: 67650.46260558309
tot_aggregated_send: 45646
tot_msg_rcv: 1740
tot_msg_sent: 3196
tot_reconf_duration: 3.05
tot_sleeping_duration: 3240500.599600011
tot_uptimes: 843
tot_uptimes_duration: 50520.03039998864
