comms_cons: 329.3882752355855
finished_reconf: true
global_termination_time: 3291539.886
local_termination_time: 951968.7153599999
node_cons: 67654.75932446694
tot_aggregated_send: 46052
tot_msg_rcv: 1229
tot_msg_sent: 2785
tot_reconf_duration: 6.22
tot_sleeping_duration: 3241019.8616800085
tot_uptimes: 843
tot_uptimes_duration: 50520.02431999124
