comms_cons: 69.98952960091965
finished_reconf: true
global_termination_time: 702334.323
local_termination_time: 161060.33840000036
node_cons: 14405.621744485732
tot_aggregated_send: 9570
tot_msg_rcv: 380
tot_msg_sent: 688
tot_reconf_duration: 18.21
tot_sleeping_duration: 691594.2986799957
tot_uptimes: 180
tot_uptimes_duration: 10740.024320004275
