comms_cons: 68.39736320081155
finished_reconf: true
global_termination_time: 701030.873
local_termination_time: 371591.23032000015
node_cons: 14389.314901121412
tot_aggregated_send: 9570
tot_msg_rcv: 264
tot_msg_sent: 562
tot_reconf_duration: 6.22
tot_sleeping_duration: 690290.866919999
tot_uptimes: 180
tot_uptimes_duration: 10740.006080001069
