comms_cons: 117.96926079125016
finished_reconf: true
global_termination_time: 1148950.336
local_termination_time: 34857.30004000006
node_cons: 23640.87313118101
tot_aggregated_send: 15196
tot_msg_rcv: 874
tot_msg_sent: 1860
tot_reconf_duration: 15.34
tot_sleeping_duration: 1131310.2752000142
tot_uptimes: 295
tot_uptimes_duration: 17640.060799985797
