comms_cons: 118.92711039106925
finished_reconf: true
global_termination_time: 1145997.053
local_termination_time: 48629.263720000024
node_cons: 23543.867734539574
tot_aggregated_send: 15196
tot_msg_rcv: 1067
tot_msg_sent: 1814
tot_reconf_duration: 3.05
tot_sleeping_duration: 1128416.9739600152
tot_uptimes: 294
tot_uptimes_duration: 17580.079039984717
