comms_cons: 344.2718144098003
finished_reconf: true
global_termination_time: 3501097.675
local_termination_time: 2393930.41036
node_cons: 71991.57394111562
tot_aggregated_send: 48546
tot_msg_rcv: 1168
tot_msg_sent: 2612
tot_reconf_duration: 5.1
tot_sleeping_duration: 3447337.668920002
tot_uptimes: 897
tot_uptimes_duration: 53760.00607999787
