comms_cons: 351.17256963738583
finished_reconf: true
global_termination_time: 3500196.027
local_termination_time: 164477.234
node_cons: 71994.50416182137
tot_aggregated_send: 48485
tot_msg_rcv: 1570
tot_msg_sent: 3322
tot_reconf_duration: 4.8100000000000005
tot_sleeping_duration: 3446433.5384400124
tot_uptimes: 897
tot_uptimes_duration: 53762.48855998731
