comms_cons: 350.6530048412849
finished_reconf: true
global_termination_time: 3501539.932
local_termination_time: 389513.28976000036
node_cons: 71990.65046669992
tot_aggregated_send: 47850
tot_msg_rcv: 1785
tot_msg_sent: 3663
tot_reconf_duration: 4.390000000000001
tot_sleeping_duration: 3447779.8955200138
tot_uptimes: 897
tot_uptimes_duration: 53760.03647998627
