comms_cons: 351.08879365342887
finished_reconf: true
global_termination_time: 3502121.91
local_termination_time: 1570748.2022399988
node_cons: 71988.8226055829
tot_aggregated_send: 47734
tot_msg_rcv: 1818
tot_msg_sent: 3811
tot_reconf_duration: 3.05
tot_sleeping_duration: 3448361.8796000113
tot_uptimes: 897
tot_uptimes_duration: 53760.03039998864
