comms_cons: 68.68747519838824
finished_reconf: true
global_termination_time: 688770.663
local_termination_time: 7329.592
node_cons: 14154.183182240602
tot_aggregated_send: 9791
tot_msg_rcv: 241
tot_msg_sent: 408
tot_reconf_duration: 10.55
tot_sleeping_duration: 678210.6508399994
tot_uptimes: 177
tot_uptimes_duration: 10560.012160000435
