comms_cons: 52.10789120445465
finished_reconf: true
global_termination_time: 263252.144
local_termination_time: 9564.65936
node_cons: 5413.5549822428675
tot_aggregated_send: 0
tot_msg_rcv: 4052
tot_msg_sent: 3869
tot_reconf_duration: 22.65
tot_sleeping_duration: 259232.13183999783
tot_uptimes: 68
tot_uptimes_duration: 4020.0121600021375
