comms_cons: 277.93276800916186
finished_reconf: true
global_termination_time: 2809446.267
local_termination_time: 3970.6929999999993
node_cons: 57855.12617005141
tot_aggregated_send: 38852
tot_msg_rcv: 1259
tot_msg_sent: 2133
tot_reconf_duration: 7.55
tot_sleeping_duration: 2766246.2122800206
tot_uptimes: 720
tot_uptimes_duration: 43200.05471997941
