comms_cons: 170.424735992732
finished_reconf: true
global_termination_time: 1707781.748
local_termination_time: 687991.804
node_cons: 35126.48114223367
tot_aggregated_send: 24173
tot_msg_rcv: 568
tot_msg_sent: 1163
tot_reconf_duration: 13.17
tot_sleeping_duration: 1681561.7358400046
tot_uptimes: 438
tot_uptimes_duration: 26220.01215999527
