comms_cons: 0.7368703999996062
finished_reconf: true
global_termination_time: 7367.236
local_termination_time: 817.5213599999998
node_cons: 93.13235999999995
tot_aggregated_send: 0
tot_msg_rcv: 62
tot_msg_sent: 50
tot_reconf_duration: 9.42
tot_sleeping_duration: 7307.236
tot_uptimes: 2
tot_uptimes_duration: 60.0
