comms_cons: 257.9498111880282
finished_reconf: true
global_termination_time: 2555720.908
local_termination_time: 703655.6233599999
node_cons: 52573.22453451805
tot_aggregated_send: 34162
tot_msg_rcv: 1795
tot_msg_sent: 3251
tot_reconf_duration: 22.65
tot_sleeping_duration: 2516480.828960031
tot_uptimes: 655
tot_uptimes_duration: 39240.07903996925
