comms_cons: 253.14667519393205
finished_reconf: true
global_termination_time: 2551399.4504799997
local_termination_time: 2551399.4093599995
node_cons: 52513.78794207378
tot_aggregated_send: 36758
tot_msg_rcv: 606
tot_msg_sent: 1111
tot_reconf_duration: 24.59
tot_sleeping_duration: 2512205.7277600034
tot_uptimes: 654
tot_uptimes_duration: 39193.72271999618
