comms_cons: 38.04156160060287
finished_reconf: true
global_termination_time: 363818.13548000006
local_termination_time: 363818.09436000005
node_cons: 7523.387942082132
tot_aggregated_send: 4626
tot_msg_rcv: 388
tot_msg_sent: 767
tot_reconf_duration: 24.59
tot_sleeping_duration: 358224.41275999846
tot_uptimes: 94
tot_uptimes_duration: 5593.722720001577
