comms_cons: 38.46266880075293
finished_reconf: true
global_termination_time: 366531.664
local_termination_time: 141271.33036000005
node_cons: 7478.562082242878
tot_aggregated_send: 4756
tot_msg_rcv: 451
tot_msg_sent: 639
tot_reconf_duration: 5.1
tot_sleeping_duration: 360951.65183999785
tot_uptimes: 94
tot_uptimes_duration: 5580.0121600021375
