comms_cons: 36.230099200659545
finished_reconf: true
global_termination_time: 365471.845
local_termination_time: 126494.42899999999
node_cons: 7493.04860384066
tot_aggregated_send: 4865
tot_msg_rcv: 178
tot_msg_sent: 463
tot_reconf_duration: 13.17
tot_sleeping_duration: 359889.1984399995
tot_uptimes: 94
tot_uptimes_duration: 5582.6465600004885
