comms_cons: 30.106419200490258
finished_reconf: true
global_termination_time: 304074.956
local_termination_time: 143370.24648000006
node_cons: 6210.9173211214265
tot_aggregated_send: 4234
tot_msg_rcv: 126
tot_msg_sent: 216
tot_reconf_duration: 18.21
tot_sleeping_duration: 299454.94991999894
tot_uptimes: 78
tot_uptimes_duration: 4620.006080001069
