comms_cons: 59.48815360590238
finished_reconf: true
global_termination_time: 302479.479
local_termination_time: 244.51003999999998
node_cons: 6194.6267600000065
tot_aggregated_send: 0
tot_msg_rcv: 4578
tot_msg_sent: 4463
tot_reconf_duration: 6.22
tot_sleeping_duration: 297859.479
tot_uptimes: 78
tot_uptimes_duration: 4620.0
