comms_cons: 78.30880640968974
finished_reconf: true
global_termination_time: 395826.299
local_termination_time: 5541.848360000001
node_cons: 8145.0987000000105
tot_aggregated_send: 0
tot_msg_rcv: 6063
tot_msg_sent: 5839
tot_reconf_duration: 22.65
tot_sleeping_duration: 389766.299
tot_uptimes: 102
tot_uptimes_duration: 6060.0
