comms_cons: 1.1250432000025081
finished_reconf: true
global_termination_time: 7497.415
local_termination_time: 1760.8103600000002
node_cons: 105.73459999999974
tot_aggregated_send: 0
tot_msg_rcv: 130
tot_msg_sent: 41
tot_reconf_duration: 18.700000000000003
tot_sleeping_duration: 7437.415
tot_uptimes: 2
tot_uptimes_duration: 60.0
