comms_cons: 1.2566271999958494
finished_reconf: true
global_termination_time: 5848.786
local_termination_time: 3049.57036
node_cons: 86.87197999999992
tot_aggregated_send: 0
tot_msg_rcv: 134
tot_msg_sent: 56
tot_reconf_duration: 4.8100000000000005
tot_sleeping_duration: 5788.786
tot_uptimes: 2
tot_uptimes_duration: 60.0
