comms_cons: 210.80286719088284
finished_reconf: true
global_termination_time: 2115096.236
local_termination_time: 760797.7350000001
node_cons: 43472.50080446696
tot_aggregated_send: 29172
tot_msg_rcv: 910
tot_msg_sent: 1958
tot_reconf_duration: 6.279999999999999
tot_sleeping_duration: 2082636.2116800095
tot_uptimes: 542
tot_uptimes_duration: 32460.024319990538
