comms_cons: 205.97281279425496
finished_reconf: true
global_termination_time: 2114612.319
local_termination_time: 922460.3016399981
node_cons: 43480.26948719057
tot_aggregated_send: 29522
tot_msg_rcv: 524
tot_msg_sent: 1261
tot_reconf_duration: 11.31
tot_sleeping_duration: 2082151.594200007
tot_uptimes: 542
tot_uptimes_duration: 32460.72479999333
