comms_cons: 209.99678719524047
finished_reconf: true
global_termination_time: 2115083.8
local_termination_time: 841279.3443599999
node_cons: 43471.33836335
tot_aggregated_send: 29986
tot_msg_rcv: 695
tot_msg_sent: 1239
tot_reconf_duration: 5.43
tot_sleeping_duration: 2082623.781760007
tot_uptimes: 542
tot_uptimes_duration: 32460.018239992904
