comms_cons: 243.4307072003604
finished_reconf: true
global_termination_time: 2423181.898
local_termination_time: 146397.11236000006
node_cons: 49819.30374782205
tot_aggregated_send: 33988
tot_msg_rcv: 1035
tot_msg_sent: 1978
tot_reconf_duration: 6.22
tot_sleeping_duration: 2385981.8554400126
tot_uptimes: 621
tot_uptimes_duration: 37200.04255998711
