comms_cons: 23.652224000066386
finished_reconf: true
global_termination_time: 239131.871
local_termination_time: 119772.44203999954
node_cons: 4907.27198
tot_aggregated_send: 3422
tot_msg_rcv: 60
tot_msg_sent: 113
tot_reconf_duration: 4.8100000000000005
tot_sleeping_duration: 235471.871
tot_uptimes: 62
tot_uptimes_duration: 3660.0
