comms_cons: 150.08167681578058
finished_reconf: true
global_termination_time: 312541.02960000007
local_termination_time: 312540.98848000006
node_cons: 18833.577301119007
tot_aggregated_send: 0
tot_msg_rcv: 9260
tot_msg_sent: 13552
tot_reconf_duration: 24.59
tot_sleeping_duration: 298500.56352000084
tot_uptimes: 227
tot_uptimes_duration: 14040.46607999923
