comms_cons: 29.83667200002906
finished_reconf: true
global_termination_time: 314672.131
local_termination_time: 43125.23948000001
node_cons: 6442.558980000003
tot_aggregated_send: 4466
tot_msg_rcv: 16
tot_msg_sent: 53
tot_reconf_duration: 11.31
tot_sleeping_duration: 309872.131
tot_uptimes: 81
tot_uptimes_duration: 4800.0
