comms_cons: 88.17443839429897
finished_reconf: true
global_termination_time: 875462.1324399995
local_termination_time: 875462.0913199995
node_cons: 18059.195680638244
tot_aggregated_send: 12166
tot_msg_rcv: 403
tot_msg_sent: 832
tot_reconf_duration: 24.59
tot_sleeping_duration: 861999.9946800008
tot_uptimes: 225
tot_uptimes_duration: 13462.137759998659
