comms_cons: 501.8231808849433
finished_reconf: true
global_termination_time: 5054994.747
local_termination_time: 2418465.6579999994
node_cons: 103967.5484833488
tot_aggregated_send: 69948
tot_msg_rcv: 2199
tot_msg_sent: 4125
tot_reconf_duration: 5.57
tot_sleeping_duration: 4977354.728760007
tot_uptimes: 1295
tot_uptimes_duration: 77640.0182399936
