comms_cons: 136.75544959625012
finished_reconf: true
global_termination_time: 1387172.658
local_termination_time: 861221.4103599999
node_cons: 28607.001620000065
tot_aggregated_send: 19372
tot_msg_rcv: 544
tot_msg_sent: 870
tot_reconf_duration: 4.390000000000001
tot_sleeping_duration: 1365812.658
tot_uptimes: 356
tot_uptimes_duration: 21360.0
