comms_cons: 115.5576959939413
finished_reconf: true
global_termination_time: 1149814.64524
local_termination_time: 1076.028560000001
node_cons: 23665.11771383662
tot_aggregated_send: 15892
tot_msg_rcv: 576
tot_msg_sent: 1096
tot_reconf_duration: 18.21
tot_sleeping_duration: 1132159.3886800024
tot_uptimes: 295
tot_uptimes_duration: 17655.256559997448
