comms_cons: 115.64917759169793
finished_reconf: true
global_termination_time: 1150770.088
local_termination_time: 673870.2853599999
node_cons: 23636.13648223373
tot_aggregated_send: 15602
tot_msg_rcv: 648
tot_msg_sent: 1328
tot_reconf_duration: 11.899999999999999
tot_sleeping_duration: 1133130.0758400047
tot_uptimes: 295
tot_uptimes_duration: 17640.01215999527
