comms_cons: 114.55045119655837
finished_reconf: true
global_termination_time: 1153601.592
local_termination_time: 829559.0858399988
node_cons: 23706.26162000006
tot_aggregated_send: 16008
tot_msg_rcv: 476
tot_msg_sent: 927
tot_reconf_duration: 4.390000000000001
tot_sleeping_duration: 1135901.592
tot_uptimes: 296
tot_uptimes_duration: 17700.0
