comms_cons: 198.48972150441762
finished_reconf: true
global_termination_time: 1150171.449
local_termination_time: 531704.9164799999
node_cons: 23628.441466864624
tot_aggregated_send: 0
tot_msg_rcv: 15435
tot_msg_sent: 14732
tot_reconf_duration: 6.22
tot_sleeping_duration: 1132531.4230800117
tot_uptimes: 295
tot_uptimes_duration: 17640.025919988402
