comms_cons: 87.49986559830344
finished_reconf: true
global_termination_time: 863470.731
local_termination_time: 271013.86972000054
node_cons: 17767.519521116836
tot_aggregated_send: 11542
tot_msg_rcv: 569
tot_msg_sent: 1189
tot_reconf_duration: 9.11
tot_sleeping_duration: 850210.7249200024
tot_uptimes: 222
tot_uptimes_duration: 13260.00607999763
