comms_cons: 87.59729919677268
finished_reconf: true
global_termination_time: 863520.838
local_termination_time: 439798.7267200001
node_cons: 17761.696403359718
tot_aggregated_send: 11774
tot_msg_rcv: 494
tot_msg_sent: 1046
tot_reconf_duration: 4.8100000000000005
tot_sleeping_duration: 850260.8197600002
tot_uptimes: 222
tot_uptimes_duration: 13260.018239999772
