comms_cons: 87.20729599311844
finished_reconf: true
global_termination_time: 863890.532
local_termination_time: 490154.3829200007
node_cons: 17771.324623350472
tot_aggregated_send: 11890
tot_msg_rcv: 445
tot_msg_sent: 920
tot_reconf_duration: 11.899999999999999
tot_sleeping_duration: 850630.5137600071
tot_uptimes: 222
tot_uptimes_duration: 13260.018239992904
