comms_cons: 89.52380159354688
finished_reconf: true
global_termination_time: 861103.42824
local_termination_time: 43908.750360000005
node_cons: 17709.259547203197
tot_aggregated_send: 10904
tot_msg_rcv: 897
tot_msg_sent: 1807
tot_reconf_duration: 11.31
tot_sleeping_duration: 847889.1634399976
tot_uptimes: 221
tot_uptimes_duration: 13214.264800002376
