comms_cons: 9.171404800077672
finished_reconf: true
global_termination_time: 81120.19647999996
local_termination_time: 81120.15535999996
node_cons: 1658.559800960517
tot_aggregated_send: 580
tot_msg_rcv: 222
tot_msg_sent: 591
tot_reconf_duration: 24.59
tot_sleeping_duration: 79906.47983999956
tot_uptimes: 21
tot_uptimes_duration: 1213.7166400003916
