comms_cons: 9.006924800174207
finished_reconf: true
global_termination_time: 83713.45
local_termination_time: 39607.74636000011
node_cons: 1711.893603360872
tot_aggregated_send: 696
tot_msg_rcv: 276
tot_msg_sent: 397
tot_reconf_duration: 18.21
tot_sleeping_duration: 82453.43175999934
tot_uptimes: 22
tot_uptimes_duration: 1260.0182400006524
