comms_cons: 8.15162880010429
finished_reconf: true
global_termination_time: 81396.645
local_termination_time: 44674.87336000001
node_cons: 1613.74208224058
tot_aggregated_send: 696
tot_msg_rcv: 215
tot_msg_sent: 328
tot_reconf_duration: 5.1
tot_sleeping_duration: 80196.63283999957
tot_uptimes: 21
tot_uptimes_duration: 1200.012160000435
