comms_cons: 8.309529600106007
finished_reconf: true
global_termination_time: 81463.949
local_termination_time: 50818.34636000002
node_cons: 1612.7779022405916
tot_aggregated_send: 638
tot_msg_rcv: 217
tot_msg_sent: 408
tot_reconf_duration: 4.390000000000001
tot_sleeping_duration: 80263.93683999956
tot_uptimes: 21
tot_uptimes_duration: 1200.012160000435
