comms_cons: 7.763455999997532
finished_reconf: true
global_termination_time: 82759.847
local_termination_time: 64698.76136000001
node_cons: 1691.2819000000043
tot_aggregated_send: 986
tot_msg_rcv: 69
tot_msg_sent: 125
tot_reconf_duration: 3.05
tot_sleeping_duration: 81499.847
tot_uptimes: 22
tot_uptimes_duration: 1260.0000000000005
