comms_cons: 9.368780799995275
finished_reconf: true
global_termination_time: 83622.646
local_termination_time: 20520.922359999997
node_cons: 1695.6030422400122
tot_aggregated_send: 754
tot_msg_rcv: 266
tot_msg_sent: 404
tot_reconf_duration: 6.22
tot_sleeping_duration: 82362.63383999998
tot_uptimes: 22
tot_uptimes_duration: 1260.012160000013
