comms_cons: 99.45582081422377
finished_reconf: true
global_termination_time: 504024.28660000017
local_termination_time: 2882.7464800000002
node_cons: 10409.18289288456
tot_aggregated_send: 0
tot_msg_rcv: 7634
tot_msg_sent: 7480
tot_reconf_duration: 18.21
tot_sleeping_duration: 496268.9066799968
tot_uptimes: 130
tot_uptimes_duration: 7755.379920003397
