comms_cons: 495.2989952115507
finished_reconf: true
global_termination_time: 2516639.4215999977
local_termination_time: 156.76904000000007
node_cons: 51784.29103398473
tot_aggregated_send: 0
tot_msg_rcv: 37931
tot_msg_sent: 37349
tot_reconf_duration: 18.21
tot_sleeping_duration: 2477984.0356000084
tot_uptimes: 645
tot_uptimes_duration: 38655.38599998917
