comms_cons: 38.42440960054789
finished_reconf: true
global_termination_time: 378381.287
local_termination_time: 70605.35035999997
node_cons: 7725.043944484593
tot_aggregated_send: 5046
tot_msg_rcv: 276
tot_msg_sent: 518
tot_reconf_duration: 9.11
tot_sleeping_duration: 372621.26267999655
tot_uptimes: 97
tot_uptimes_duration: 5760.024320003424
