comms_cons: 40.4041216012826
finished_reconf: true
global_termination_time: 382254.349
local_termination_time: 21182.34348
node_cons: 7813.548226727455
tot_aggregated_send: 4814
tot_msg_rcv: 521
tot_msg_sent: 806
tot_reconf_duration: 15.110000000000001
tot_sleeping_duration: 376434.31251999445
tot_uptimes: 98
tot_uptimes_duration: 5820.036480005561
