comms_cons: 73.96994560934645
finished_reconf: true
global_termination_time: 377367.304
local_termination_time: 320.90947999999906
node_cons: 7743.423123362022
tot_aggregated_send: 0
tot_msg_rcv: 5691
tot_msg_sent: 5552
tot_reconf_duration: 22.65
tot_sleeping_duration: 371607.2857599985
tot_uptimes: 97
tot_uptimes_duration: 5760.018240001504
