comms_cons: 38.843596801003436
finished_reconf: true
global_termination_time: 377891.333
local_termination_time: 108634.73335999995
node_cons: 7716.806323364286
tot_aggregated_send: 4988
tot_msg_rcv: 335
tot_msg_sent: 581
tot_reconf_duration: 3.05
tot_sleeping_duration: 372131.3147599968
tot_uptimes: 97
tot_uptimes_duration: 5760.018240003206
