comms_cons: 38.396838400483816
finished_reconf: true
global_termination_time: 377157.0863600002
local_termination_time: 59497.91892000015
node_cons: 7743.726871283094
tot_aggregated_send: 4988
tot_msg_rcv: 267
tot_msg_sent: 582
tot_reconf_duration: 7.819999999999999
tot_sleeping_duration: 371381.8008399979
tot_uptimes: 97
tot_uptimes_duration: 5775.285520002304
