comms_cons: 131.801113593412
finished_reconf: true
global_termination_time: 1314036.6150799997
local_termination_time: 1314036.5739599997
node_cons: 27098.099396231584
tot_aggregated_send: 18327
tot_msg_rcv: 571
tot_msg_sent: 1134
tot_reconf_duration: 53.33
tot_sleeping_duration: 1293853.136920006
tot_uptimes: 337
tot_uptimes_duration: 20183.47815999372
