comms_cons: 630.0580161170789
finished_reconf: true
global_termination_time: 6353654.03
local_termination_time: 1864012.1433599999
node_cons: 130720.79290669813
tot_aggregated_send: 88798
tot_msg_rcv: 2497
tot_msg_sent: 4470
tot_reconf_duration: 5.57
tot_sleeping_duration: 6256033.993520014
tot_uptimes: 1628
tot_uptimes_duration: 97620.03647998674
