comms_cons: 622.5468608586217
finished_reconf: true
global_termination_time: 6356120.99
local_termination_time: 3690613.0851999996
node_cons: 130725.58394446419
tot_aggregated_send: 89378
tot_msg_rcv: 1707
tot_msg_sent: 3539
tot_reconf_duration: 9.11
tot_sleeping_duration: 6258500.965680009
tot_uptimes: 1628
tot_uptimes_duration: 97620.02431999147
