comms_cons: 630.7219841054106
finished_reconf: true
global_termination_time: 6354742.982
local_termination_time: 739380.4713599989
node_cons: 130717.37888781494
tot_aggregated_send: 88682
tot_msg_rcv: 2354
tot_msg_sent: 4830
tot_reconf_duration: 3.05
tot_sleeping_duration: 6257122.939440016
tot_uptimes: 1628
tot_uptimes_duration: 97620.04255998437
