comms_cons: 10.943718399574808
finished_reconf: true
global_termination_time: 113945.865
local_termination_time: 464.2601199999999
node_cons: 2364.301582238302
tot_aggregated_send: 0
tot_msg_rcv: 450
tot_msg_sent: 1215
tot_reconf_duration: 25.35
tot_sleeping_duration: 112205.85284000127
tot_uptimes: 30
tot_uptimes_duration: 1740.0121599987324
