comms_cons: 9.28874880018162
finished_reconf: true
global_termination_time: 114172.744
local_termination_time: 2896.42924
node_cons: 2335.411483359734
tot_aggregated_send: 0
tot_msg_rcv: 407
tot_msg_sent: 1006
tot_reconf_duration: 4.07
tot_sleeping_duration: 112432.7257600002
tot_uptimes: 30
tot_uptimes_duration: 1740.0182399998012
