comms_cons: 86.7599103954579
finished_reconf: true
global_termination_time: 855314.808
local_termination_time: 242395.8360800006
node_cons: 17605.103983355093
tot_aggregated_send: 11600
tot_msg_rcv: 489
tot_msg_sent: 1099
tot_reconf_duration: 7.819999999999999
tot_sleeping_duration: 842174.7897600037
tot_uptimes: 220
tot_uptimes_duration: 13140.018239996338
