comms_cons: 404.64677126542745
finished_reconf: true
global_termination_time: 4018815.268
local_termination_time: 1301331.018
node_cons: 82676.97444542585
tot_aggregated_send: 56431
tot_msg_rcv: 1819
tot_msg_sent: 3254
tot_reconf_duration: 4.390000000000001
tot_sleeping_duration: 3957074.407040009
tot_uptimes: 1030
tot_uptimes_duration: 61740.860959991114
