comms_cons: 100.60912639450544
finished_reconf: true
global_termination_time: 1000641.55524
local_termination_time: 148906.52548000007
node_cons: 20612.205854958032
tot_aggregated_send: 13572
tot_msg_rcv: 487
tot_msg_sent: 1232
tot_reconf_duration: 18.21
tot_sleeping_duration: 985266.2926000016
tot_uptimes: 257
tot_uptimes_duration: 15375.262639998517
