comms_cons: 361.6977536248212
finished_reconf: true
global_termination_time: 3617415.336
local_termination_time: 2210309.9643599996
node_cons: 74412.78184781724
tot_aggregated_send: 49880
tot_msg_rcv: 1661
tot_msg_sent: 3434
tot_reconf_duration: 13.17
tot_sleeping_duration: 3561855.2934400155
tot_uptimes: 927
tot_uptimes_duration: 55560.04255998437
