comms_cons: 366.59069446359223
finished_reconf: true
global_termination_time: 3616528.159
local_termination_time: 19942.4196
node_cons: 74409.76708782009
tot_aggregated_send: 49706
tot_msg_rcv: 2009
tot_msg_sent: 4004
tot_reconf_duration: 10.95
tot_sleeping_duration: 3560968.1164400135
tot_uptimes: 927
tot_uptimes_duration: 55560.04255998643
