comms_cons: 712.3906313796863
finished_reconf: true
global_termination_time: 3615444.621
local_termination_time: 1853.8244800000002
node_cons: 74330.69276446967
tot_aggregated_send: 0
tot_msg_rcv: 54623
tot_msg_sent: 53651
tot_reconf_duration: 11.899999999999999
tot_sleeping_duration: 3559944.5966800065
tot_uptimes: 926
tot_uptimes_duration: 55500.02431999359
