comms_cons: 39.92258560040366
finished_reconf: true
global_termination_time: 386090.032
local_termination_time: 47124.64720000004
node_cons: 7879.306043357473
tot_aggregated_send: 4872
tot_msg_rcv: 438
tot_msg_sent: 758
tot_reconf_duration: 4.390000000000001
tot_sleeping_duration: 380210.0137600019
tot_uptimes: 99
tot_uptimes_duration: 5880.018239998099
