comms_cons: 404.4388800468028
finished_reconf: true
global_termination_time: 4031687.227
local_termination_time: 93194.95059999994
node_cons: 82945.35137564232
tot_aggregated_send: 56840
tot_msg_rcv: 1622
tot_msg_sent: 3011
tot_reconf_duration: 25.299999999999997
tot_sleeping_duration: 3969767.1418800266
tot_uptimes: 1033
tot_uptimes_duration: 61920.085119973446
