comms_cons: 406.8171136718725
finished_reconf: true
global_termination_time: 4031307.04
local_termination_time: 1529225.4772799993
node_cons: 82928.0803867003
tot_aggregated_send: 55622
tot_msg_rcv: 1982
tot_msg_sent: 4229
tot_reconf_duration: 12.629999999999999
tot_sleeping_duration: 3969387.0035200133
tot_uptimes: 1033
tot_uptimes_duration: 61920.03647998674
