comms_cons: 233.8741439781728
finished_reconf: true
global_termination_time: 2306329.375
local_termination_time: 936427.099879998
node_cons: 47408.261753401355
tot_aggregated_send: 31436
tot_msg_rcv: 1316
tot_msg_sent: 2795
tot_reconf_duration: 5.57
tot_sleeping_duration: 2270929.3020400284
tot_uptimes: 591
tot_uptimes_duration: 35400.072959971614
