comms_cons: 231.01733117737257
finished_reconf: true
global_termination_time: 2306395.084
local_termination_time: 1101422.1460799994
node_cons: 47404.78260558333
tot_aggregated_send: 30856
tot_msg_rcv: 1363
tot_msg_sent: 2895
tot_reconf_duration: 3.05
tot_sleeping_duration: 2270995.0536000114
tot_uptimes: 591
tot_uptimes_duration: 35400.03039998817
