comms_cons: 241.75055999164672
finished_reconf: true
global_termination_time: 2437474.94
local_termination_time: 1173707.7359599988
node_cons: 50139.72405999939
tot_aggregated_send: 35090
tot_msg_rcv: 557
tot_msg_sent: 1097
tot_reconf_duration: 5.57
tot_sleeping_duration: 2400034.94
tot_uptimes: 625
tot_uptimes_duration: 37440.0
