comms_cons: 710.5456703235197
finished_reconf: true
global_termination_time: 2441432.375
local_termination_time: 770226.9819199984
node_cons: 99437.57994223252
tot_aggregated_send: 0
tot_msg_rcv: 36256
tot_msg_sent: 71743
tot_reconf_duration: 13.17
tot_sleeping_duration: 2367183.162840003
tot_uptimes: 1228
tot_uptimes_duration: 74249.21215999644
