comms_cons: 483.9412799525037
finished_reconf: true
global_termination_time: 2443359.136
local_termination_time: 770218.9807999985
node_cons: 50220.99560670532
tot_aggregated_send: 0
tot_msg_rcv: 37297
tot_msg_sent: 36258
tot_reconf_duration: 6.22
tot_sleeping_duration: 2405859.0995200104
tot_uptimes: 626
tot_uptimes_duration: 37500.036479989474
