comms_cons: 29.633971200080616
finished_reconf: true
global_termination_time: 298925.4237200002
local_termination_time: 220588.14524000097
node_cons: 6191.603002561913
tot_aggregated_send: 4234
tot_msg_rcv: 94
tot_msg_sent: 177
tot_reconf_duration: 25.299999999999997
tot_sleeping_duration: 294327.0326799988
tot_uptimes: 77
tot_uptimes_duration: 4598.3910400014065
