comms_cons: 31.303833600905925
finished_reconf: true
global_termination_time: 301667.636
local_termination_time: 27776.993280000002
node_cons: 6198.5758033643
tot_aggregated_send: 3828
tot_msg_rcv: 297
tot_msg_sent: 633
tot_reconf_duration: 9.11
tot_sleeping_duration: 297047.6177599968
tot_uptimes: 78
tot_uptimes_duration: 4620.018240003206
