comms_cons: 2.38167039999213
finished_reconf: true
global_termination_time: 13788.488
local_termination_time: 6538.727360000001
node_cons: 266.414600000001
tot_aggregated_send: 0
tot_msg_rcv: 204
tot_msg_sent: 157
tot_reconf_duration: 18.700000000000003
tot_sleeping_duration: 13608.488
tot_uptimes: 4
tot_uptimes_duration: 180.0
