comms_cons: 41.771340800362566
finished_reconf: true
global_termination_time: 421080.658
local_termination_time: 231299.41848000008
node_cons: 8602.920121121477
tot_aggregated_send: 5742
tot_msg_rcv: 147
tot_msg_sent: 460
tot_reconf_duration: 4.8100000000000005
tot_sleeping_duration: 414660.6519199989
tot_uptimes: 108
tot_uptimes_duration: 6420.006080001098
