comms_cons: 82.92711038985817
finished_reconf: true
global_termination_time: 694740.5452400002
local_termination_time: 38055.874
node_cons: 14290.482419902592
tot_aggregated_send: 6248
tot_msg_rcv: 2393
tot_msg_sent: 3967
tot_reconf_duration: 18.21
tot_sleeping_duration: 684086.5099600132
tot_uptimes: 178
tot_uptimes_duration: 10654.035279986994
