comms_cons: 69.7855744009719
finished_reconf: true
global_termination_time: 697953.449
local_termination_time: 140097.25236000004
node_cons: 14304.661900000005
tot_aggregated_send: 9860
tot_msg_rcv: 285
tot_msg_sent: 462
tot_reconf_duration: 3.05
tot_sleeping_duration: 687273.449
tot_uptimes: 179
tot_uptimes_duration: 10680.0
