comms_cons: 68.98826239741871
finished_reconf: true
global_termination_time: 694740.2044799998
local_termination_time: 694740.1633599999
node_cons: 14271.947942078375
tot_aggregated_send: 9846
tot_msg_rcv: 224
tot_msg_sent: 415
tot_reconf_duration: 24.59
tot_sleeping_duration: 684106.4817600012
tot_uptimes: 178
tot_uptimes_duration: 10633.722719998761
