comms_cons: 53.11450880036442
finished_reconf: true
global_termination_time: 537140.83
local_termination_time: 1935.3283600000002
node_cons: 11027.419861121445
tot_aggregated_send: 7656
tot_msg_rcv: 141
tot_msg_sent: 276
tot_reconf_duration: 15.34
tot_sleeping_duration: 528920.823919999
tot_uptimes: 138
tot_uptimes_duration: 8220.006080001069
