comms_cons: 52.48948480021457
finished_reconf: true
global_termination_time: 534641.043
local_termination_time: 91035.19499999945
node_cons: 10932.771980000012
tot_aggregated_send: 7598
tot_msg_rcv: 94
tot_msg_sent: 286
tot_reconf_duration: 4.8100000000000005
tot_sleeping_duration: 526481.043
tot_uptimes: 137
tot_uptimes_duration: 8160.0
