comms_cons: 378.268032051046
finished_reconf: true
global_termination_time: 3760742.2932399944
local_termination_time: 297167.0698000003
node_cons: 77427.478427169
tot_aggregated_send: 52780
tot_msg_rcv: 1653
tot_msg_sent: 3060
tot_reconf_duration: 18.21
tot_sleeping_duration: 3702935.908440016
tot_uptimes: 964
tot_uptimes_duration: 57806.38479997823
