comms_cons: 370.3510016084956
finished_reconf: true
global_termination_time: 3762957.123
local_termination_time: 1632964.18836
node_cons: 77388.27614334873
tot_aggregated_send: 52316
tot_msg_rcv: 1313
tot_msg_sent: 2662
tot_reconf_duration: 15.34
tot_sleeping_duration: 3705177.1047600075
tot_uptimes: 964
tot_uptimes_duration: 57780.0182399929
