comms_cons: 375.33274242330504
finished_reconf: true
global_termination_time: 3763831.66
local_termination_time: 605995.34836
node_cons: 77398.21940558263
tot_aggregated_send: 53186
tot_msg_rcv: 1340
tot_msg_sent: 2523
tot_reconf_duration: 22.65
tot_sleeping_duration: 3706051.6296000117
tot_uptimes: 964
tot_uptimes_duration: 57780.030399988405
