comms_cons: 374.46832643252435
finished_reconf: true
global_termination_time: 3760742.1599999936
local_termination_time: 1023926.5353599999
node_cons: 77411.28924557392
tot_aggregated_send: 51620
tot_msg_rcv: 1792
tot_msg_sent: 3505
tot_reconf_duration: 4.390000000000001
tot_sleeping_duration: 3702933.849600012
tot_uptimes: 964
tot_uptimes_duration: 57808.310399981914
