comms_cons: 1560.0702351572672
finished_reconf: true
global_termination_time: 3760974.889
local_termination_time: 1321221.539519998
node_cons: 228244.87841382864
tot_aggregated_send: 0
tot_msg_rcv: 95761
tot_msg_sent: 141361
tot_reconf_duration: 6.22
tot_sleeping_duration: 3590521.9900800325
tot_uptimes: 2796
tot_uptimes_duration: 170452.89891996764
