comms_cons: 166.72350719260606
finished_reconf: true
global_termination_time: 1667941.123
local_termination_time: 203736.8877600009
node_cons: 34312.74406
tot_aggregated_send: 23606
tot_msg_rcv: 579
tot_msg_sent: 1156
tot_reconf_duration: 5.57
tot_sleeping_duration: 1642321.123
tot_uptimes: 428
tot_uptimes_duration: 25620.0
