comms_cons: 165.90110719448526
finished_reconf: true
global_termination_time: 1668601.58
local_termination_time: 238769.91336000006
node_cons: 34339.53740000001
tot_aggregated_send: 23954
tot_msg_rcv: 474
tot_msg_sent: 788
tot_reconf_duration: 25.299999999999997
tot_sleeping_duration: 1642981.58
tot_uptimes: 428
tot_uptimes_duration: 25620.0
