comms_cons: 170.04293758220754
finished_reconf: true
global_termination_time: 1669283.08
local_termination_time: 342857.55036000005
node_cons: 34320.60410894384
tot_aggregated_send: 22330
tot_msg_rcv: 1076
tot_msg_sent: 2439
tot_reconf_duration: 11.31
tot_sleeping_duration: 1643663.0313600122
tot_uptimes: 428
tot_uptimes_duration: 25620.048639987945
