comms_cons: 1160.5401875180319
finished_reconf: true
global_termination_time: 3976951.864
local_termination_time: 2187117.6604799996
node_cons: 162657.29111599538
tot_aggregated_send: 0
tot_msg_rcv: 59027
tot_msg_sent: 117369
tot_reconf_duration: 18.21
tot_sleeping_duration: 3855493.639999999
tot_uptimes: 2010
tot_uptimes_duration: 121458.22400000069
