comms_cons: 781.7356876929716
finished_reconf: true
global_termination_time: 3977258.813
local_termination_time: 2187121.1316
node_cons: 81816.88684111462
tot_aggregated_send: 0
tot_msg_rcv: 59791
tot_msg_sent: 59029
tot_reconf_duration: 22.65
tot_sleeping_duration: 3916178.806920002
tot_uptimes: 1019
tot_uptimes_duration: 61080.006079997635
