comms_cons: 403.3260288710498
finished_reconf: true
global_termination_time: 3973465.9533199985
local_termination_time: 3973465.9121999983
node_cons: 81820.09358524326
tot_aggregated_send: 54668
tot_msg_rcv: 2285
tot_msg_sent: 4350
tot_reconf_duration: 37.410000000000004
tot_sleeping_duration: 3912398.521800024
tot_uptimes: 1018
tot_uptimes_duration: 61067.431519974314
