comms_cons: 403.29647366393016
finished_reconf: true
global_termination_time: 3974878.891
local_termination_time: 1738602.991759999
node_cons: 81711.77418446576
tot_aggregated_send: 54694
tot_msg_rcv: 2308
tot_msg_sent: 4296
tot_reconf_duration: 4.390000000000001
tot_sleeping_duration: 3913858.866680009
tot_uptimes: 1018
tot_uptimes_duration: 61020.024319991004
