comms_cons: 176.17781759384522
finished_reconf: true
global_termination_time: 1783671.7894799998
local_termination_time: 1783671.7483599999
node_cons: 36686.79165983651
tot_aggregated_send: 25796
tot_msg_rcv: 336
tot_msg_sent: 645
tot_reconf_duration: 24.59
tot_sleeping_duration: 1756298.0789200023
tot_uptimes: 457
tot_uptimes_duration: 27373.710559997475
