comms_cons: 136.065280010853
finished_reconf: true
global_termination_time: 278708.25364000094
local_termination_time: 1891.2024800000024
node_cons: 17192.252832772203
tot_aggregated_send: 0
tot_msg_rcv: 8296
tot_msg_sent: 12383
tot_reconf_duration: 18.21
tot_sleeping_duration: 265887.1007999918
tot_uptimes: 211
tot_uptimes_duration: 12821.1528400091
