comms_cons: 28.73136640062065
finished_reconf: true
global_termination_time: 278708.5844800002
local_termination_time: 82802.26835999997
node_cons: 5740.005068720257
tot_aggregated_send: 3770
tot_msg_rcv: 254
tot_msg_sent: 342
tot_reconf_duration: 11.31
tot_sleeping_duration: 274433.27
tot_uptimes: 72
tot_uptimes_duration: 4275.3144800001755
