comms_cons: 172.17185913632
finished_reconf: true
global_termination_time: 960190.78
local_termination_time: 443947.7673200002
node_cons: 19689.85640335052
tot_aggregated_send: 0
tot_msg_rcv: 13455
tot_msg_sent: 12713
tot_reconf_duration: 4.8100000000000005
tot_sleeping_duration: 945490.7617600071
tot_uptimes: 246
tot_uptimes_duration: 14700.018239992904
