comms_cons: 96.19809919872974
finished_reconf: true
global_termination_time: 959176.141
local_termination_time: 496963.17036
node_cons: 19689.2697611168
tot_aggregated_send: 13224
tot_msg_rcv: 465
tot_msg_sent: 930
tot_reconf_duration: 4.390000000000001
tot_sleeping_duration: 944476.1349200023
tot_uptimes: 246
tot_uptimes_duration: 14700.006079997635
