comms_cons: 0.7302911999975895
finished_reconf: true
global_termination_time: 4721.083
local_termination_time: 2884.5033600000006
node_cons: 90.95956000000021
tot_aggregated_send: 0
tot_msg_rcv: 60
tot_msg_sent: 51
tot_reconf_duration: 7.819999999999999
tot_sleeping_duration: 4661.083
tot_uptimes: 2
tot_uptimes_duration: 60.0
