comms_cons: 32.836787200268304
finished_reconf: true
global_termination_time: 325529.432
local_termination_time: 51135.169360000014
node_cons: 6674.181620000017
tot_aggregated_send: 4466
tot_msg_rcv: 181
tot_msg_sent: 344
tot_reconf_duration: 4.390000000000001
tot_sleeping_duration: 320549.432
tot_uptimes: 84
tot_uptimes_duration: 4980.0
