comms_cons: 386.4897792425054
finished_reconf: true
global_termination_time: 3825053.35623999
local_termination_time: 894.0768799999985
node_cons: 78753.02329820614
tot_aggregated_send: 52780
tot_msg_rcv: 2067
tot_msg_sent: 3898
tot_reconf_duration: 18.21
tot_sleeping_duration: 3766257.0200800137
tot_uptimes: 980
tot_uptimes_duration: 58796.33615997615
