comms_cons: 379.4485184185491
finished_reconf: true
global_termination_time: 3827760.66
local_termination_time: 689674.5557999985
node_cons: 78743.86840669978
tot_aggregated_send: 53476
tot_msg_rcv: 1429
tot_msg_sent: 2769
tot_reconf_duration: 7.819999999999999
tot_sleeping_duration: 3768960.623520014
tot_uptimes: 981
tot_uptimes_duration: 58800.03647998627
