comms_cons: 375.2292671961808
finished_reconf: true
global_termination_time: 3829413.697
local_termination_time: 1817695.7903599998
node_cons: 78740.59836334879
tot_aggregated_send: 53360
tot_msg_rcv: 1232
tot_msg_sent: 2441
tot_reconf_duration: 5.43
tot_sleeping_duration: 3770613.678760007
tot_uptimes: 981
tot_uptimes_duration: 58800.01823999314
