comms_cons: 101.3463807932703
finished_reconf: true
global_termination_time: 1002477.990879999
local_termination_time: 1002477.949759999
node_cons: 20646.973217907518
tot_aggregated_send: 13790
tot_msg_rcv: 533
tot_msg_sent: 1080
tot_reconf_duration: 24.59
tot_sleeping_duration: 987083.2336000084
tot_uptimes: 257
tot_uptimes_duration: 15394.757279990648
