comms_cons: 98.668262399239
finished_reconf: true
global_termination_time: 1004561.594
local_termination_time: 452224.0916400004
node_cons: 20662.738980000027
tot_aggregated_send: 14732
tot_msg_rcv: 101
tot_msg_sent: 164
tot_reconf_duration: 11.31
tot_sleeping_duration: 989141.594
tot_uptimes: 258
tot_uptimes_duration: 15420.0
