comms_cons: 32.40913920056358
finished_reconf: true
global_termination_time: 315446.778
local_termination_time: 113669.51135999996
node_cons: 6461.573682242853
tot_aggregated_send: 4234
tot_msg_rcv: 308
tot_msg_sent: 384
tot_reconf_duration: 25.299999999999997
tot_sleeping_duration: 310646.76583999785
tot_uptimes: 81
tot_uptimes_duration: 4800.0121600021375
