comms_cons: 31.16034560014763
finished_reconf: true
global_termination_time: 310354.836
local_termination_time: 186957.448
node_cons: 6369.4939028828
tot_aggregated_send: 4174
tot_msg_rcv: 156
tot_msg_sent: 406
tot_reconf_duration: 9.42
tot_sleeping_duration: 305607.4860799979
tot_uptimes: 80
tot_uptimes_duration: 4747.349920002103
