comms_cons: 253.83802877475193
finished_reconf: true
global_termination_time: 2509187.127
local_termination_time: 1052656.1884799998
node_cons: 51603.07430893386
tot_aggregated_send: 33640
tot_msg_rcv: 1636
tot_msg_sent: 3306
tot_reconf_duration: 18.21
tot_sleeping_duration: 2470667.078360019
tot_uptimes: 643
tot_uptimes_duration: 38520.048639981076
