comms_cons: 250.45036157775363
finished_reconf: true
global_termination_time: 2507869.677
local_termination_time: 1096053.9326399982
node_cons: 51584.885250050815
tot_aggregated_send: 33350
tot_msg_rcv: 1569
tot_msg_sent: 3148
tot_reconf_duration: 4.8100000000000005
tot_sleeping_duration: 2469349.622280021
tot_uptimes: 643
tot_uptimes_duration: 38520.05471997871
