comms_cons: 250.9897599773582
finished_reconf: true
global_termination_time: 2508663.375
local_termination_time: 1282963.6410399992
node_cons: 51582.4707467003
tot_aggregated_send: 33698
tot_msg_rcv: 1422
tot_msg_sent: 3030
tot_reconf_duration: 3.05
tot_sleeping_duration: 2470143.338520014
tot_uptimes: 643
tot_uptimes_duration: 38520.03647998604
