comms_cons: 251.87601917511577
finished_reconf: true
global_termination_time: 2509275.053
local_termination_time: 1143402.7078399998
node_cons: 51588.94840670032
tot_aggregated_send: 33756
tot_msg_rcv: 1611
tot_msg_sent: 2916
tot_reconf_duration: 7.819999999999999
tot_sleeping_duration: 2470755.016520014
tot_uptimes: 643
tot_uptimes_duration: 38520.03647998581
