comms_cons: 252.76317438890018
finished_reconf: true
global_termination_time: 2505550.3502399973
local_termination_time: 679734.4395599994
node_cons: 51532.38326493963
tot_aggregated_send: 34684
tot_msg_rcv: 1295
tot_msg_sent: 2438
tot_reconf_duration: 11.31
tot_sleeping_duration: 2467076.097600012
tot_uptimes: 642
tot_uptimes_duration: 38474.25263998541
