comms_cons: 43.935129601437055
finished_reconf: true
global_termination_time: 195996.37556000022
local_termination_time: 195996.3344400002
node_cons: 4077.385960324595
tot_aggregated_send: 0
tot_msg_rcv: 3738
tot_msg_sent: 2939
tot_reconf_duration: 24.59
tot_sleeping_duration: 192976.2166799968
tot_uptimes: 51
tot_uptimes_duration: 3020.1588800034206
