comms_cons: 20.873152000529608
finished_reconf: true
global_termination_time: 198132.166
local_termination_time: 19681.09836
node_cons: 4037.848002240585
tot_aggregated_send: 2378
tot_msg_rcv: 283
tot_msg_sent: 512
tot_reconf_duration: 15.34
tot_sleeping_duration: 195132.15383999958
tot_uptimes: 51
tot_uptimes_duration: 3000.012160000435
