comms_cons: 239.8529343850809
finished_reconf: true
global_termination_time: 2417739.775
local_termination_time: 1482698.93536
node_cons: 49745.83526223306
tot_aggregated_send: 33350
tot_msg_rcv: 1079
tot_msg_sent: 2027
tot_reconf_duration: 11.31
tot_sleeping_duration: 2380599.7628400046
tot_uptimes: 620
tot_uptimes_duration: 37140.01215999527
