comms_cons: 62.903731199434716
finished_reconf: true
global_termination_time: 638678.866
local_termination_time: 39607.74636000011
node_cons: 13120.149180000017
tot_aggregated_send: 9222
tot_msg_rcv: 124
tot_msg_sent: 215
tot_reconf_duration: 18.21
tot_sleeping_duration: 628898.866
tot_uptimes: 164
tot_uptimes_duration: 9780.0
