comms_cons: 185.5343871821174
finished_reconf: true
global_termination_time: 635221.6983199987
local_termination_time: 771.2314799999991
node_cons: 25928.656243478286
tot_aggregated_send: 0
tot_msg_rcv: 9504
tot_msg_sent: 18694
tot_reconf_duration: 5.57
tot_sleeping_duration: 615863.1529999999
tot_uptimes: 320
tot_uptimes_duration: 19358.545319998688
