comms_cons: 62.71874560012131
finished_reconf: true
global_termination_time: 639292.536
local_termination_time: 109402.13459999967
node_cons: 13101.381620000018
tot_aggregated_send: 9280
tot_msg_rcv: 82
tot_msg_sent: 170
tot_reconf_duration: 4.390000000000001
tot_sleeping_duration: 629512.536
tot_uptimes: 164
tot_uptimes_duration: 9780.0
