comms_cons: 48.406848002376776
finished_reconf: true
global_termination_time: 440043.8945200008
local_termination_time: 440043.8534000008
node_cons: 9104.96878761115
tot_aggregated_send: 4916
tot_msg_rcv: 800
tot_msg_sent: 1643
tot_reconf_duration: 24.59
tot_sleeping_duration: 433269.00611999247
tot_uptimes: 113
tot_uptimes_duration: 6774.888400008313
