comms_cons: 24.254387199949633
finished_reconf: true
global_termination_time: 11069.21236000001
local_termination_time: 2620.918560000005
node_cons: 3368.020060280029
tot_aggregated_send: 0
tot_msg_rcv: 1819
tot_msg_sent: 1868
tot_reconf_duration: 18.21
tot_sleeping_duration: 8572.35583999999
tot_uptimes: 35
tot_uptimes_duration: 2496.8565200000207
