comms_cons: 111.34926719881179
finished_reconf: true
global_termination_time: 1143301.271
local_termination_time: 723084.4393599989
node_cons: 23465.241620000055
tot_aggregated_send: 16414
tot_msg_rcv: 162
tot_msg_sent: 348
tot_reconf_duration: 4.390000000000001
tot_sleeping_duration: 1125781.271
tot_uptimes: 293
tot_uptimes_duration: 17520.0
