comms_cons: 113.62117119654329
finished_reconf: true
global_termination_time: 1139927.679
local_termination_time: 347811.03236000007
node_cons: 23389.58398335514
tot_aggregated_send: 15660
tot_msg_rcv: 565
tot_msg_sent: 1044
tot_reconf_duration: 7.819999999999999
tot_sleeping_duration: 1122467.6607600036
tot_uptimes: 292
tot_uptimes_duration: 17460.018239996338
