comms_cons: 95.46856319754612
finished_reconf: true
global_termination_time: 954835.66
local_termination_time: 307409.97208000015
node_cons: 19610.540342238302
tot_aggregated_send: 13166
tot_msg_rcv: 412
tot_msg_sent: 932
tot_reconf_duration: 5.57
tot_sleeping_duration: 940195.6478400013
tot_uptimes: 245
tot_uptimes_duration: 14640.012159998703
