comms_cons: 102.85921279668123
finished_reconf: true
global_termination_time: 1037744.929
local_termination_time: 348727.4219200003
node_cons: 21298.546759999994
tot_aggregated_send: 14790
tot_msg_rcv: 325
tot_msg_sent: 519
tot_reconf_duration: 6.22
tot_sleeping_duration: 1021844.929
tot_uptimes: 266
tot_uptimes_duration: 15900.0
