comms_cons: 45.22542080085514
finished_reconf: true
global_termination_time: 451056.203
local_termination_time: 17134.85736
node_cons: 9245.631980000013
tot_aggregated_send: 6206
tot_msg_rcv: 208
tot_msg_sent: 460
tot_reconf_duration: 4.8100000000000005
tot_sleeping_duration: 444156.203
tot_uptimes: 116
tot_uptimes_duration: 6900.0
