comms_cons: 386.5790784081157
finished_reconf: true
global_termination_time: 3898476.997
local_termination_time: 2208067.08536
node_cons: 80200.16800223177
tot_aggregated_send: 53940
tot_msg_rcv: 1634
tot_msg_sent: 3183
tot_reconf_duration: 15.34
tot_sleeping_duration: 3838596.9848400047
tot_uptimes: 999
tot_uptimes_duration: 59880.0121599955
