comms_cons: 382.24004481834567
finished_reconf: true
global_termination_time: 3897775.115
local_termination_time: 2743747.5755999996
node_cons: 80213.68554111458
tot_aggregated_send: 54346
tot_msg_rcv: 1315
tot_msg_sent: 2437
tot_reconf_duration: 25.299999999999997
tot_sleeping_duration: 3837895.1089200024
tot_uptimes: 999
tot_uptimes_duration: 59880.006079997635
