comms_cons: 382.3304704125896
finished_reconf: true
global_termination_time: 3897768.542
local_termination_time: 2763808.9413599996
node_cons: 80197.2048599979
tot_aggregated_send: 56376
tot_msg_rcv: 627
tot_msg_sent: 1109
tot_reconf_duration: 13.17
tot_sleeping_duration: 3837888.542
tot_uptimes: 999
tot_uptimes_duration: 59880.0
