comms_cons: 36.613248000434325
finished_reconf: true
global_termination_time: 364180.5143600002
local_termination_time: 250573.70736000003
node_cons: 7504.059261283077
tot_aggregated_send: 5046
tot_msg_rcv: 172
tot_msg_sent: 347
tot_reconf_duration: 7.819999999999999
tot_sleeping_duration: 358584.2188399979
tot_uptimes: 94
tot_uptimes_duration: 5596.295520002313
