comms_cons: 1274.667112833736
finished_reconf: true
global_termination_time: 4365933.874759998
local_termination_time: 4365933.833639998
node_cons: 178588.53407863056
tot_aggregated_send: 0
tot_msg_rcv: 64883
tot_msg_sent: 128858
tot_reconf_duration: 24.59
tot_sleeping_duration: 4232584.255
tot_uptimes: 2204
tot_uptimes_duration: 133349.61975999776
