comms_cons: 433.2794560488321
finished_reconf: true
global_termination_time: 4367200.754
local_termination_time: 1645107.6504399995
node_cons: 89841.00870781647
tot_aggregated_send: 60494
tot_msg_rcv: 1773
tot_msg_sent: 3588
tot_reconf_duration: 15.34
tot_sleeping_duration: 4300120.711440016
tot_uptimes: 1119
tot_uptimes_duration: 67080.04255998414
