comms_cons: 438.8071616478014
finished_reconf: true
global_termination_time: 4368696.43
local_termination_time: 161990.85736000005
node_cons: 89826.71710893778
tot_aggregated_send: 60552
tot_msg_rcv: 2073
tot_msg_sent: 4071
tot_reconf_duration: 4.8100000000000005
tot_sleeping_duration: 4301616.381360014
tot_uptimes: 1119
tot_uptimes_duration: 67080.04863998521
