comms_cons: 436.7338752310818
finished_reconf: true
global_termination_time: 4367135.915
local_termination_time: 1310165.27736
node_cons: 89828.63188893315
tot_aggregated_send: 60900
tot_msg_rcv: 2017
tot_msg_sent: 3464
tot_reconf_duration: 6.22
tot_sleeping_duration: 4300055.866360018
tot_uptimes: 1119
tot_uptimes_duration: 67080.04863998177
