comms_cons: 28.428723200041567
finished_reconf: true
global_termination_time: 290481.56396000023
local_termination_time: 290467.21836000006
node_cons: 6004.110597440271
tot_aggregated_send: 4292
tot_msg_rcv: 21
tot_msg_sent: 8
tot_reconf_duration: 13.17
tot_sleeping_duration: 286010.895
tot_uptimes: 75
tot_uptimes_duration: 4470.668960000214
