comms_cons: 29.245171200067283
finished_reconf: true
global_termination_time: 293708.546
local_termination_time: 10305.353760000004
node_cons: 6043.228795760301
tot_aggregated_send: 4118
tot_msg_rcv: 104
tot_msg_sent: 223
tot_reconf_duration: 11.31
tot_sleeping_duration: 289206.7761599997
tot_uptimes: 76
tot_uptimes_duration: 4501.769840000221
