comms_cons: 209.2214655818061
finished_reconf: true
global_termination_time: 2166373.623
local_termination_time: 3589.84512
node_cons: 44515.34212476997
tot_aggregated_send: 27782
tot_msg_rcv: 1425
tot_msg_sent: 2594
tot_reconf_duration: 5.02
tot_sleeping_duration: 2133133.499800022
tot_uptimes: 555
tot_uptimes_duration: 33240.12319997791
