comms_cons: 210.19281918041696
finished_reconf: true
global_termination_time: 2161847.556
local_termination_time: 2268.9121200000004
node_cons: 44444.0497356536
tot_aggregated_send: 28188
tot_msg_rcv: 1230
tot_msg_sent: 2531
tot_reconf_duration: 11.719999999999999
tot_sleeping_duration: 2128667.4708800195
tot_uptimes: 554
tot_uptimes_duration: 33180.08511998062
