comms_cons: 42.62663680033442
finished_reconf: true
global_termination_time: 423977.22
local_termination_time: 311827.67504000035
node_cons: 8701.44918000004
tot_aggregated_send: 5916
tot_msg_rcv: 238
tot_msg_sent: 325
tot_reconf_duration: 18.21
tot_sleeping_duration: 417497.22
tot_uptimes: 109
tot_uptimes_duration: 6480.0
