comms_cons: 39.25808640028229
finished_reconf: true
global_termination_time: 397094.413
local_termination_time: 51122.94236000001
node_cons: 8120.871980000007
tot_aggregated_send: 5684
tot_msg_rcv: 113
tot_msg_sent: 170
tot_reconf_duration: 4.8100000000000005
tot_sleeping_duration: 391034.413
tot_uptimes: 102
tot_uptimes_duration: 6060.0
