comms_cons: 712.2809601481019
finished_reconf: true
global_termination_time: 7167829.865
local_termination_time: 2604968.5796799986
node_cons: 147428.13148669802
tot_aggregated_send: 99760
tot_msg_rcv: 3076
tot_msg_sent: 5425
tot_reconf_duration: 3.08
tot_sleeping_duration: 7057729.828520013
tot_uptimes: 1836
tot_uptimes_duration: 110100.0364799872
