comms_cons: 288.61908481180683
finished_reconf: true
global_termination_time: 2837688.25
local_termination_time: 1138655.5302799982
node_cons: 58335.34374781738
tot_aggregated_send: 38628
tot_msg_rcv: 1868
tot_msg_sent: 3373
tot_reconf_duration: 6.22
tot_sleeping_duration: 2794128.2074400163
tot_uptimes: 727
tot_uptimes_duration: 43560.04255998391
