comms_cons: 160.64565757874476
finished_reconf: true
global_termination_time: 1528161.3322799993
local_termination_time: 4645.371480000004
node_cons: 31495.413715657487
tot_aggregated_send: 19894
tot_msg_rcv: 1697
tot_msg_sent: 2823
tot_reconf_duration: 18.21
tot_sleeping_duration: 1504658.207160016
tot_uptimes: 392
tot_uptimes_duration: 23503.125119983157
