comms_cons: 151.67687679312553
finished_reconf: true
global_termination_time: 1528867.734
local_termination_time: 472875.24936
node_cons: 31430.833001116862
tot_aggregated_send: 21750
tot_msg_rcv: 388
tot_msg_sent: 916
tot_reconf_duration: 13.17
tot_sleeping_duration: 1505407.7279200023
tot_uptimes: 392
tot_uptimes_duration: 23460.006079997635
