comms_cons: 151.8354047948023
finished_reconf: true
global_termination_time: 1528561.455
local_termination_time: 672336.369
node_cons: 31437.188241756896
tot_aggregated_send: 21920
tot_msg_rcv: 404
tot_msg_sent: 755
tot_reconf_duration: 10.95
tot_sleeping_duration: 1505094.4511600023
tot_uptimes: 392
tot_uptimes_duration: 23467.00383999769
