comms_cons: 130.64317439625964
finished_reconf: true
global_termination_time: 1319940.982
local_termination_time: 129691.23635999998
node_cons: 27185.686841121485
tot_aggregated_send: 18966
tot_msg_rcv: 330
tot_msg_sent: 561
tot_reconf_duration: 22.65
tot_sleeping_duration: 1299660.9759199992
tot_uptimes: 339
tot_uptimes_duration: 20280.00608000107
