comms_cons: 130.84055039502604
finished_reconf: true
global_termination_time: 1317136.229
local_termination_time: 662504.0972799982
node_cons: 27081.111980000118
tot_aggregated_send: 18908
tot_msg_rcv: 344
tot_msg_sent: 635
tot_reconf_duration: 4.8100000000000005
tot_sleeping_duration: 1296916.229
tot_uptimes: 338
tot_uptimes_duration: 20220.0
