comms_cons: 130.62984959643094
finished_reconf: true
global_termination_time: 1320906.028
local_termination_time: 797728.2933599999
node_cons: 27163.537861116827
tot_aggregated_send: 18966
tot_msg_rcv: 291
tot_msg_sent: 598
tot_reconf_duration: 6.34
tot_sleeping_duration: 1300626.0219200023
tot_uptimes: 339
tot_uptimes_duration: 20280.006079997635
