comms_cons: 130.5385343970807
finished_reconf: true
global_termination_time: 1322321.299
local_termination_time: 681858.5354799998
node_cons: 27159.061900000106
tot_aggregated_send: 19024
tot_msg_rcv: 239
tot_msg_sent: 578
tot_reconf_duration: 3.05
tot_sleeping_duration: 1302041.299
tot_uptimes: 339
tot_uptimes_duration: 20280.0
