comms_cons: 337.66535043023663
finished_reconf: true
global_termination_time: 3372578.583
local_termination_time: 1566843.38848
node_cons: 69337.63520446685
tot_aggregated_send: 47502
tot_msg_rcv: 1370
tot_msg_sent: 2451
tot_reconf_duration: 3.08
tot_sleeping_duration: 3320798.558680009
tot_uptimes: 864
tot_uptimes_duration: 51780.02431999124
