comms_cons: 341.441280034274
finished_reconf: true
global_termination_time: 3371729.171
local_termination_time: 1503727.3923599997
node_cons: 69354.01265005075
tot_aggregated_send: 46400
tot_msg_rcv: 1841
tot_msg_sent: 3652
tot_reconf_duration: 15.110000000000001
tot_sleeping_duration: 3319949.1162800207
tot_uptimes: 864
tot_uptimes_duration: 51780.05471997941
