comms_cons: 337.4932224409636
finished_reconf: true
global_termination_time: 3371672.54
local_termination_time: 1452191.175519999
node_cons: 69337.61888782159
tot_aggregated_send: 47038
tot_msg_rcv: 1505
tot_msg_sent: 2754
tot_reconf_duration: 3.05
tot_sleeping_duration: 3319892.4974400126
tot_uptimes: 864
tot_uptimes_duration: 51780.042559987574
