comms_cons: 336.0530048130355
finished_reconf: true
global_termination_time: 3371823.324
local_termination_time: 1652372.2043599999
node_cons: 69348.80340334936
tot_aggregated_send: 46922
tot_msg_rcv: 1375
tot_msg_sent: 2782
tot_reconf_duration: 11.31
tot_sleeping_duration: 3320043.305760007
tot_uptimes: 864
tot_uptimes_duration: 51780.01823999314
