comms_cons: 421.648511836721
finished_reconf: true
global_termination_time: 872635.3455999998
local_termination_time: 872635.3044799998
node_cons: 53025.207208883214
tot_aggregated_send: 0
tot_msg_rcv: 25853
tot_msg_sent: 38233
tot_reconf_duration: 24.59
tot_sleeping_duration: 833059.6816799968
tot_uptimes: 652
tot_uptimes_duration: 39575.663920003
