comms_cons: 171.2424447344917
finished_reconf: true
global_termination_time: 872635.9455999999
local_termination_time: 180.86903999999998
node_cons: 17961.118469516718
tot_aggregated_send: 0
tot_msg_rcv: 13100
tot_msg_sent: 12926
tot_reconf_duration: 18.21
tot_sleeping_duration: 859240.5839200023
tot_uptimes: 224
tot_uptimes_duration: 13395.361679997528
