comms_cons: 87.06255359691913
finished_reconf: true
global_termination_time: 872749.69
local_termination_time: 221274.58888000087
node_cons: 17926.45584223826
tot_aggregated_send: 12180
tot_msg_rcv: 302
tot_msg_sent: 751
tot_reconf_duration: 7.819999999999999
tot_sleeping_duration: 859369.6778400012
tot_uptimes: 224
tot_uptimes_duration: 13380.012159998703
