comms_cons: 96.69207681413138
finished_reconf: true
global_termination_time: 489723.375
local_termination_time: 23096.44636
node_cons: 10073.274982242876
tot_aggregated_send: 0
tot_msg_rcv: 7461
tot_msg_sent: 7235
tot_reconf_duration: 22.65
tot_sleeping_duration: 482223.36283999786
tot_uptimes: 126
tot_uptimes_duration: 7500.0121600021375
