comms_cons: 49.37031680072202
finished_reconf: true
global_termination_time: 486125.965
local_termination_time: 93285.9462399997
node_cons: 9968.700121121441
tot_aggregated_send: 6670
tot_msg_rcv: 315
tot_msg_sent: 519
tot_reconf_duration: 4.8100000000000005
tot_sleeping_duration: 478685.95891999896
tot_uptimes: 125
tot_uptimes_duration: 7440.006080001069
