comms_cons: 1.5395327999970252
finished_reconf: true
global_termination_time: 11844.473
local_termination_time: 4229.9493600000005
node_cons: 247.9458000000005
tot_aggregated_send: 0
tot_msg_rcv: 120
tot_msg_sent: 114
tot_reconf_duration: 5.1
tot_sleeping_duration: 11664.473
tot_uptimes: 4
tot_uptimes_duration: 180.0
