comms_cons: 1.5000575999950445
finished_reconf: true
global_termination_time: 15101.252
local_termination_time: 5297.96836
node_cons: 255.89009999999976
tot_aggregated_send: 0
tot_msg_rcv: 120
tot_msg_sent: 108
tot_reconf_duration: 10.95
tot_sleeping_duration: 14921.252
tot_uptimes: 4
tot_uptimes_duration: 180.0
