comms_cons: 1.4803199999977261
finished_reconf: true
global_termination_time: 12673.263
local_termination_time: 4367.250360000001
node_cons: 257.18020000000075
tot_aggregated_send: 0
tot_msg_rcv: 118
tot_msg_sent: 107
tot_reconf_duration: 11.899999999999999
tot_sleeping_duration: 12493.263
tot_uptimes: 4
tot_uptimes_duration: 180.0
