comms_cons: 1.532953599997552
finished_reconf: true
global_termination_time: 13336.833
local_termination_time: 4563.983359999999
node_cons: 246.9816199999992
tot_aggregated_send: 0
tot_msg_rcv: 119
tot_msg_sent: 114
tot_reconf_duration: 4.390000000000001
tot_sleeping_duration: 13156.833
tot_uptimes: 4
tot_uptimes_duration: 180.0
