comms_cons: 1.5197951999991637
finished_reconf: true
global_termination_time: 12305.552
local_termination_time: 5350.562360000001
node_cons: 248.3939400000004
tot_aggregated_send: 0
tot_msg_rcv: 118
tot_msg_sent: 113
tot_reconf_duration: 5.43
tot_sleeping_duration: 12125.552
tot_uptimes: 4
tot_uptimes_duration: 180.0
