comms_cons: 285.4768704010526
finished_reconf: true
global_termination_time: 2808490.044
local_termination_time: 786907.0903599999
node_cons: 57853.3689455838
tot_aggregated_send: 38686
tot_msg_rcv: 1627
tot_msg_sent: 3077
tot_reconf_duration: 6.279999999999999
tot_sleeping_duration: 2765290.013600012
tot_uptimes: 720
tot_uptimes_duration: 43200.03039998864
