comms_cons: 284.2242880204258
finished_reconf: true
global_termination_time: 2810831.159
local_termination_time: 762722.5143599998
node_cons: 57852.429188934824
tot_aggregated_send: 38918
tot_msg_rcv: 1434
tot_msg_sent: 2847
tot_reconf_duration: 5.57
tot_sleeping_duration: 2767631.110360018
tot_uptimes: 720
tot_uptimes_duration: 43200.04863998201
