comms_cons: 284.94515202389516
finished_reconf: true
global_termination_time: 2807785.189
local_termination_time: 757881.8350399983
node_cons: 57851.7827878174
tot_aggregated_send: 38570
tot_msg_rcv: 1544
tot_msg_sent: 3196
tot_reconf_duration: 5.1
tot_sleeping_duration: 2764585.146440016
tot_uptimes: 720
tot_uptimes_duration: 43200.04255998391
