comms_cons: 282.07626239320217
finished_reconf: true
global_termination_time: 2810695.243
local_termination_time: 238498.07844000022
node_cons: 57849.064051176785
tot_aggregated_send: 39324
tot_msg_rcv: 1103
tot_msg_sent: 2446
tot_reconf_duration: 3.08
tot_sleeping_duration: 2767495.1822000165
tot_uptimes: 720
tot_uptimes_duration: 43200.06079998345
