comms_cons: 281.6199872241646
finished_reconf: true
global_termination_time: 2810088.407
local_termination_time: 521483.642
node_cons: 57867.54394102145
tot_aggregated_send: 39495
tot_msg_rcv: 1047
tot_msg_sent: 2262
tot_reconf_duration: 15.110000000000001
tot_sleeping_duration: 2766886.7456400134
tot_uptimes: 720
tot_uptimes_duration: 43201.66135998693
