comms_cons: 283.69113600690156
finished_reconf: true
global_termination_time: 2808378.649
local_termination_time: 947242.8983599999
node_cons: 57861.96782223264
tot_aggregated_send: 39324
tot_msg_rcv: 1365
tot_msg_sent: 2430
tot_reconf_duration: 12.629999999999999
tot_sleeping_duration: 2765178.636840005
tot_uptimes: 720
tot_uptimes_duration: 43200.01215999527
