comms_cons: 283.14245122120144
finished_reconf: false
global_termination_time: 2810531.954
local_termination_time: 0
node_cons: 57844.80814111564
tot_aggregated_send: 38976
tot_msg_rcv: 1275
tot_msg_sent: 2785
tot_reconf_duration: 0
tot_sleeping_duration: 2767331.9479200025
tot_uptimes: 720
tot_uptimes_duration: 43200.00607999752
