comms_cons: 285.4517503975823
finished_reconf: true
global_termination_time: 2810322.619
local_termination_time: 856298.1403199985
node_cons: 57865.65614334942
tot_aggregated_send: 38686
tot_msg_rcv: 1636
tot_msg_sent: 3065
tot_reconf_duration: 15.34
tot_sleeping_duration: 2767122.6007600073
tot_uptimes: 720
tot_uptimes_duration: 43200.0182399929
