comms_cons: 174.36638079150399
finished_reconf: true
global_termination_time: 1743071.668
local_termination_time: 716809.243
node_cons: 35883.563576707675
tot_aggregated_send: 24184
tot_msg_rcv: 762
tot_msg_sent: 1556
tot_reconf_duration: 22.65
tot_sleeping_duration: 1716295.861520009
tot_uptimes: 447
tot_uptimes_duration: 26775.80647999083
