comms_cons: 303.07084777624556
finished_reconf: true
global_termination_time: 1743545.906
local_termination_time: 885998.3053599999
node_cons: 35835.798182233644
tot_aggregated_send: 0
tot_msg_rcv: 23178
tot_msg_sent: 22887
tot_reconf_duration: 3.05
tot_sleeping_duration: 1716785.8938400047
tot_uptimes: 447
tot_uptimes_duration: 26760.01215999527
