comms_cons: 64.23930879878779
finished_reconf: true
global_termination_time: 636156.406
local_termination_time: 466346.8437200006
node_cons: 13039.83360335974
tot_aggregated_send: 8758
tot_msg_rcv: 381
tot_msg_sent: 625
tot_reconf_duration: 18.21
tot_sleeping_duration: 626436.3877600002
tot_uptimes: 163
tot_uptimes_duration: 9720.018239999772
