comms_cons: 66.44384639828507
finished_reconf: true
global_termination_time: 635249.043
local_termination_time: 15894.8106
node_cons: 13049.518811202568
tot_aggregated_send: 7772
tot_msg_rcv: 712
tot_msg_sent: 1615
tot_reconf_duration: 25.299999999999997
tot_sleeping_duration: 625528.9821999981
tot_uptimes: 163
tot_uptimes_duration: 9720.060800001906
