comms_cons: 501.05836813871895
finished_reconf: true
global_termination_time: 4940606.807
local_termination_time: 100055.97267999985
node_cons: 101638.70965117613
tot_aggregated_send: 67512
tot_msg_rcv: 2779
tot_msg_sent: 5867
tot_reconf_duration: 6.279999999999999
tot_sleeping_duration: 4864706.746200016
tot_uptimes: 1266
tot_uptimes_duration: 75900.06079998438
