comms_cons: 2385.6480884706302
finished_reconf: true
global_termination_time: 4940094.351719998
local_termination_time: 4940094.351719998
node_cons: 299140.60309108254
tot_aggregated_send: 0
tot_msg_rcv: 146814
tot_msg_sent: 215789
tot_reconf_duration: 37.410000000000004
tot_sleeping_duration: 4716726.315640027
tot_uptimes: 3653
tot_uptimes_duration: 223368.03607997068
