comms_cons: 495.9018752728588
finished_reconf: true
global_termination_time: 4946578.769
local_termination_time: 735227.846879999
node_cons: 101714.70405116721
tot_aggregated_send: 69310
tot_msg_rcv: 2205
tot_msg_sent: 3861
tot_reconf_duration: 3.08
tot_sleeping_duration: 4870618.708200023
tot_uptimes: 1267
tot_uptimes_duration: 75960.06079997774
