comms_cons: 495.82883207901745
finished_reconf: true
global_termination_time: 4940527.473
local_termination_time: 1997419.7063599997
node_cons: 101650.66822669945
tot_aggregated_send: 68324
tot_msg_rcv: 2458
tot_msg_sent: 4581
tot_reconf_duration: 15.110000000000001
tot_sleeping_duration: 4864627.436520013
tot_uptimes: 1266
tot_uptimes_duration: 75900.03647998697
