comms_cons: 1.6579583999966336
finished_reconf: true
global_termination_time: 16633.658
local_termination_time: 10429.788360000002
node_cons: 328.9240600000021
tot_aggregated_send: 0
tot_msg_rcv: 129
tot_msg_sent: 123
tot_reconf_duration: 5.57
tot_sleeping_duration: 16393.658
tot_uptimes: 5
tot_uptimes_duration: 240.0
