comms_cons: 1.5592703999948487
finished_reconf: true
global_termination_time: 18204.477
local_termination_time: 7129.101360000001
node_cons: 325.5426399999999
tot_aggregated_send: 0
tot_msg_rcv: 121
tot_msg_sent: 116
tot_reconf_duration: 3.08
tot_sleeping_duration: 17964.477
tot_uptimes: 5
tot_uptimes_duration: 240.0
