comms_cons: 1.447423999999403
finished_reconf: true
global_termination_time: 16060.911
local_termination_time: 7519.268360000001
node_cons: 346.754600000001
tot_aggregated_send: 0
tot_msg_rcv: 119
tot_msg_sent: 101
tot_reconf_duration: 18.700000000000003
tot_sleeping_duration: 15820.911
tot_uptimes: 5
tot_uptimes_duration: 240.0
