comms_cons: 250.31287039435068
finished_reconf: true
global_termination_time: 2493733.966
local_termination_time: 959020.4129199993
node_cons: 51281.698026700826
tot_aggregated_send: 34742
tot_msg_rcv: 1221
tot_msg_sent: 2084
tot_reconf_duration: 18.21
tot_sleeping_duration: 2455453.9295200137
tot_uptimes: 639
tot_uptimes_duration: 38280.03647998627
