comms_cons: 255.33868799765236
finished_reconf: true
global_termination_time: 2494585.415
local_termination_time: 1153657.9383599998
node_cons: 51261.12702893857
tot_aggregated_send: 33872
tot_msg_rcv: 1794
tot_msg_sent: 3144
tot_reconf_duration: 3.05
tot_sleeping_duration: 2456305.3663600152
tot_uptimes: 639
tot_uptimes_duration: 38280.04863998474
