comms_cons: 320.5479488330952
finished_reconf: true
global_termination_time: 3199999.667
local_termination_time: 1122293.66336
node_cons: 65807.10221563622
tot_aggregated_send: 43384
tot_msg_rcv: 1724
tot_msg_sent: 3613
tot_reconf_duration: 6.279999999999999
tot_sleeping_duration: 3150859.5818800316
tot_uptimes: 820
tot_uptimes_duration: 49140.08511996828
