comms_cons: 318.49809920703564
finished_reconf: true
global_termination_time: 3200531.017
local_termination_time: 2170389.6753599998
node_cons: 65814.62019999849
tot_aggregated_send: 45356
tot_msg_rcv: 983
tot_msg_sent: 2070
tot_reconf_duration: 11.899999999999999
tot_sleeping_duration: 3151391.017
tot_uptimes: 820
tot_uptimes_duration: 49140.0
