comms_cons: 326.27392644416557
finished_reconf: true
global_termination_time: 3202303.197
local_termination_time: 346238.4633600001
node_cons: 65883.10472234184
tot_aggregated_send: 42572
tot_msg_rcv: 2468
tot_msg_sent: 4551
tot_reconf_duration: 3.05
tot_sleeping_duration: 3153103.0754000423
tot_uptimes: 821
tot_uptimes_duration: 49200.12159995752
