comms_cons: 56.719008001521864
finished_reconf: true
global_termination_time: 551840.853
local_termination_time: 213189.50400000002
node_cons: 11354.77174736557
tot_aggregated_send: 7015
tot_msg_rcv: 559
tot_msg_sent: 1047
tot_reconf_duration: 15.110000000000001
tot_sleeping_duration: 543376.1387599959
tot_uptimes: 142
tot_uptimes_duration: 8464.714240004134
