comms_cons: 56.826432000422635
finished_reconf: true
global_termination_time: 552327.606
local_termination_time: 234794.14868000068
node_cons: 11342.818241121422
tot_aggregated_send: 7250
tot_msg_rcv: 472
tot_msg_sent: 916
tot_reconf_duration: 10.95
tot_sleeping_duration: 543867.5999199989
tot_uptimes: 142
tot_uptimes_duration: 8460.006080001069
