comms_cons: 48.61853439988644
finished_reconf: true
global_termination_time: 12579.420360000002
local_termination_time: 1328.1214800000025
node_cons: 5162.730499880047
tot_aggregated_send: 0
tot_msg_rcv: 3856
tot_msg_sent: 3533
tot_reconf_duration: 18.21
tot_sleeping_duration: 8742.227439999968
tot_uptimes: 51
tot_uptimes_duration: 3837.1929200000336
