comms_cons: 1.704012799998591
finished_reconf: true
global_termination_time: 13238.066
local_termination_time: 10974.43736
node_cons: 257.1801999999995
tot_aggregated_send: 0
tot_msg_rcv: 136
tot_msg_sent: 123
tot_reconf_duration: 11.899999999999999
tot_sleeping_duration: 13058.066
tot_uptimes: 4
tot_uptimes_duration: 180.0
