comms_cons: 36.4493952001191
finished_reconf: true
global_termination_time: 370061.679
local_termination_time: 113834.57800000001
node_cons: 7601.052395118452
tot_aggregated_send: 5160
tot_msg_rcv: 97
tot_msg_sent: 283
tot_reconf_duration: 22.65
tot_sleeping_duration: 364407.98692000116
tot_uptimes: 95
tot_uptimes_duration: 5653.692079998829
