comms_cons: 140.70935039610256
finished_reconf: true
global_termination_time: 1420351.414
local_termination_time: 473455.46336000005
node_cons: 29170.345800000017
tot_aggregated_send: 20474
tot_msg_rcv: 337
tot_msg_sent: 576
tot_reconf_duration: 5.1
tot_sleeping_duration: 1398571.414
tot_uptimes: 364
tot_uptimes_duration: 21780.0
