comms_cons: 140.22248959408662
finished_reconf: true
global_termination_time: 1417976.641
local_termination_time: 1213465.4585199982
node_cons: 29175.791380000188
tot_aggregated_send: 20416
tot_msg_rcv: 267
tot_msg_sent: 630
tot_reconf_duration: 9.11
tot_sleeping_duration: 1396196.641
tot_uptimes: 364
tot_uptimes_duration: 21780.0
