comms_cons: 140.8086655959168
finished_reconf: true
global_termination_time: 1415088.164
local_termination_time: 585929.209
node_cons: 29130.5866317569
tot_aggregated_send: 20182
tot_msg_rcv: 408
tot_msg_sent: 813
tot_reconf_duration: 18.700000000000003
tot_sleeping_duration: 1393351.6501600025
tot_uptimes: 363
tot_uptimes_duration: 21736.5138399977
