comms_cons: 141.32190719543846
finished_reconf: true
global_termination_time: 1419070.202
local_termination_time: 1012732.1647999993
node_cons: 29178.290099999984
tot_aggregated_send: 20300
tot_msg_rcv: 435
tot_msg_sent: 744
tot_reconf_duration: 10.95
tot_sleeping_duration: 1397290.202
tot_uptimes: 364
tot_uptimes_duration: 21780.0
