comms_cons: 146.21415038270854
finished_reconf: true
global_termination_time: 1415563.342
local_termination_time: 396040.36104000075
node_cons: 29089.685250051534
tot_aggregated_send: 18734
tot_msg_rcv: 1214
tot_msg_sent: 2275
tot_reconf_duration: 4.8100000000000005
tot_sleeping_duration: 1393843.2872800212
tot_uptimes: 363
tot_uptimes_duration: 21720.05471997871
