comms_cons: 259.734284806811
finished_reconf: true
global_termination_time: 2638450.938
local_termination_time: 905349.9143599999
node_cons: 54247.39300111601
tot_aggregated_send: 38396
tot_msg_rcv: 340
tot_msg_sent: 742
tot_reconf_duration: 13.17
tot_sleeping_duration: 2597950.931920002
tot_uptimes: 676
tot_uptimes_duration: 40500.006079997635
