comms_cons: 265.6562623958278
finished_reconf: true
global_termination_time: 2637813.4926
local_termination_time: 2637813.45148
node_cons: 54281.37184846645
tot_aggregated_send: 36932
tot_msg_rcv: 1221
tot_msg_sent: 2222
tot_reconf_duration: 24.59
tot_sleeping_duration: 2597299.692280009
tot_uptimes: 676
tot_uptimes_duration: 40513.80031999077
