comms_cons: 472.09592326921256
finished_reconf: true
global_termination_time: 4754089.738
local_termination_time: 1094171.694399998
node_cons: 97777.95446446525
tot_aggregated_send: 65946
tot_msg_rcv: 1909
tot_msg_sent: 3901
tot_reconf_duration: 3.05
tot_sleeping_duration: 4681069.713680009
tot_uptimes: 1218
tot_uptimes_duration: 73020.02431999124
