comms_cons: 1.5461119999948922
finished_reconf: true
global_termination_time: 17994.513
local_termination_time: 6381.12736
node_cons: 327.89198000000056
tot_aggregated_send: 0
tot_msg_rcv: 121
tot_msg_sent: 114
tot_reconf_duration: 4.8100000000000005
tot_sleeping_duration: 17754.513
tot_uptimes: 5
tot_uptimes_duration: 240.0
