comms_cons: 16.668742399956912
finished_reconf: true
global_termination_time: 147233.58504000076
local_termination_time: 147233.54392000075
node_cons: 3077.814747680193
tot_aggregated_send: 1726
tot_msg_rcv: 342
tot_msg_sent: 463
tot_reconf_duration: 24.59
tot_sleeping_duration: 144959.93192000064
tot_uptimes: 38
tot_uptimes_duration: 2273.6531200001336
