comms_cons: 16.37562879989379
finished_reconf: true
global_termination_time: 149228.211
local_termination_time: 20459.14
node_cons: 3083.7868912008844
tot_aggregated_send: 1738
tot_msg_rcv: 298
tot_msg_sent: 453
tot_reconf_duration: 22.65
tot_sleeping_duration: 146948.13019999934
tot_uptimes: 39
tot_uptimes_duration: 2280.080800000658
