comms_cons: 15.500595199615127
finished_reconf: true
global_termination_time: 147549.769
local_termination_time: 45250.78336000001
node_cons: 2987.9634033585917
tot_aggregated_send: 1624
tot_msg_rcv: 273
tot_msg_sent: 459
tot_reconf_duration: 11.31
tot_sleeping_duration: 145329.75076000104
tot_uptimes: 38
tot_uptimes_duration: 2220.01823999895
