comms_cons: 795.4405122400873
finished_reconf: true
global_termination_time: 7872947.869239994
local_termination_time: 163073.72748000006
node_cons: 162029.62886722267
tot_aggregated_send: 108808
tot_msg_rcv: 4029
tot_msg_sent: 8062
tot_reconf_duration: 18.21
tot_sleeping_duration: 7751958.399720034
tot_uptimes: 2017
tot_uptimes_duration: 120989.46951996133
