comms_cons: 1207.6763551945733
finished_reconf: true
global_termination_time: 7874622.371
local_termination_time: 2203701.2236800003
node_cons: 161974.03336893165
tot_aggregated_send: 0
tot_msg_rcv: 92433
tot_msg_sent: 91126
tot_reconf_duration: 6.279999999999999
tot_sleeping_duration: 7753662.322360018
tot_uptimes: 2017
tot_uptimes_duration: 120960.0486399827
