comms_cons: 771.877625770766
finished_reconf: true
global_termination_time: 7873068.656
local_termination_time: 2649207.9274399984
node_cons: 161977.86022669682
tot_aggregated_send: 108112
tot_msg_rcv: 3038
tot_msg_sent: 6169
tot_reconf_duration: 9.11
tot_sleeping_duration: 7752108.619520013
tot_uptimes: 2017
tot_uptimes_duration: 120960.03647998697
