comms_cons: 794.2216834509541
finished_reconf: true
global_termination_time: 7875597.923
local_termination_time: 794111.8053599999
node_cons: 161969.67145228153
tot_aggregated_send: 108054
tot_msg_rcv: 4321
tot_msg_sent: 8339
tot_reconf_duration: 3.05
tot_sleeping_duration: 7754637.856120025
tot_uptimes: 2017
tot_uptimes_duration: 120960.06687997538
