comms_cons: 263.9838208012444
finished_reconf: true
global_termination_time: 2660342.095
local_termination_time: 1393156.1439599996
node_cons: 54718.46579999891
tot_aggregated_send: 38106
tot_msg_rcv: 688
tot_msg_sent: 1330
tot_reconf_duration: 5.1
tot_sleeping_duration: 2619482.095
tot_uptimes: 682
tot_uptimes_duration: 40860.0
