comms_cons: 265.0825472019569
finished_reconf: true
global_termination_time: 2660412.94
local_termination_time: 1285210.8624799997
node_cons: 54729.43300111591
tot_aggregated_send: 37932
tot_msg_rcv: 803
tot_msg_sent: 1556
tot_reconf_duration: 13.17
tot_sleeping_duration: 2619552.933920002
tot_uptimes: 682
tot_uptimes_duration: 40860.00607999769
