comms_cons: 263.8337536125922
finished_reconf: true
global_termination_time: 2659464.567359998
local_termination_time: 2659464.567359998
node_cons: 54851.0186441525
tot_aggregated_send: 38428
tot_msg_rcv: 570
tot_msg_sent: 1104
tot_reconf_duration: 37.410000000000004
tot_sleeping_duration: 2618538.341920003
tot_uptimes: 682
tot_uptimes_duration: 40926.225439995294
