comms_cons: 265.6511296035678
finished_reconf: true
global_termination_time: 2660184.579
local_termination_time: 720503.4774399995
node_cons: 54722.526219999054
tot_aggregated_send: 37932
tot_msg_rcv: 886
tot_msg_sent: 1559
tot_reconf_duration: 8.09
tot_sleeping_duration: 2619324.579
tot_uptimes: 682
tot_uptimes_duration: 40860.0
