comms_cons: 261.67934719608365
finished_reconf: true
global_termination_time: 2661062.21
local_termination_time: 1825233.1577999983
node_cons: 54724.332359998996
tot_aggregated_send: 38512
tot_msg_rcv: 457
tot_msg_sent: 804
tot_reconf_duration: 9.42
tot_sleeping_duration: 2620202.21
tot_uptimes: 682
tot_uptimes_duration: 40860.0
