comms_cons: 589.673957900948
finished_reconf: true
global_termination_time: 2025703.392
local_termination_time: 913165.4458399997
node_cons: 82620.34430799783
tot_aggregated_send: 0
tot_msg_rcv: 30027
tot_msg_sent: 59600
tot_reconf_duration: 18.21
tot_sleeping_duration: 1964018.84
tot_uptimes: 1023
tot_uptimes_duration: 61684.55199999997
