comms_cons: 202.357081583296
finished_reconf: true
global_termination_time: 2026364.504
local_termination_time: 777168.0063599999
node_cons: 41636.99242558379
tot_aggregated_send: 28072
tot_msg_rcv: 840
tot_msg_sent: 1845
tot_reconf_duration: 15.34
tot_sleeping_duration: 1995284.4736000118
tot_uptimes: 519
tot_uptimes_duration: 31080.030399988173
