comms_cons: 204.50617598326903
finished_reconf: true
global_termination_time: 2024005.148
local_termination_time: 473491.9613600001
node_cons: 41626.80468894239
tot_aggregated_send: 28014
tot_msg_rcv: 1036
tot_msg_sent: 2032
tot_reconf_duration: 7.819999999999999
tot_sleeping_duration: 1992925.0993600131
tot_uptimes: 519
tot_uptimes_duration: 31080.048639987093
