comms_cons: 203.71532798608519
finished_reconf: true
global_termination_time: 2022965.48624
local_termination_time: 156613.4922800008
node_cons: 41650.57140606072
tot_aggregated_send: 28246
tot_msg_rcv: 953
tot_msg_sent: 1763
tot_reconf_duration: 11.31
tot_sleeping_duration: 1991871.2275200142
tot_uptimes: 519
tot_uptimes_duration: 31094.258719985854
