comms_cons: 43.475353600396616
finished_reconf: true
global_termination_time: 434349.072
local_termination_time: 44368.40336000001
node_cons: 8928.36770112144
tot_aggregated_send: 5974
tot_msg_rcv: 176
tot_msg_sent: 458
tot_reconf_duration: 7.819999999999999
tot_sleeping_duration: 427689.0659199989
tot_uptimes: 112
tot_uptimes_duration: 6660.006080001069
