comms_cons: 43.13323520022661
finished_reconf: true
global_termination_time: 432328.532
local_termination_time: 130413.55487999947
node_cons: 8845.854901121444
tot_aggregated_send: 5974
tot_msg_rcv: 177
tot_msg_sent: 405
tot_reconf_duration: 6.22
tot_sleeping_duration: 425728.52591999894
tot_uptimes: 111
tot_uptimes_duration: 6600.006080001069
