comms_cons: 57.41667839968142
finished_reconf: true
global_termination_time: 584239.512
local_termination_time: 143225.98148000007
node_cons: 11979.188240000014
tot_aggregated_send: 8410
tot_msg_rcv: 90
tot_msg_sent: 227
tot_reconf_duration: 6.279999999999999
tot_sleeping_duration: 575299.512
tot_uptimes: 150
tot_uptimes_duration: 8940.0
