comms_cons: 58.06143999915531
finished_reconf: true
global_termination_time: 583311.302
local_termination_time: 86328.84447999996
node_cons: 11978.224060000006
tot_aggregated_send: 8352
tot_msg_rcv: 188
tot_msg_sent: 285
tot_reconf_duration: 5.57
tot_sleeping_duration: 574371.302
tot_uptimes: 150
tot_uptimes_duration: 8940.0
