comms_cons: 58.8318336005811
finished_reconf: true
global_termination_time: 585089.263
local_termination_time: 16971.84948
node_cons: 11988.544860000018
tot_aggregated_send: 8178
tot_msg_rcv: 312
tot_msg_sent: 452
tot_reconf_duration: 13.17
tot_sleeping_duration: 576149.263
tot_uptimes: 150
tot_uptimes_duration: 8940.0
