comms_cons: 57.81143040038842
finished_reconf: true
global_termination_time: 584569.238
local_termination_time: 105760.44991999984
node_cons: 11986.820200000027
tot_aggregated_send: 8352
tot_msg_rcv: 156
tot_msg_sent: 279
tot_reconf_duration: 11.899999999999999
tot_sleeping_duration: 575629.238
tot_uptimes: 150
tot_uptimes_duration: 8940.0
