comms_cons: 1.4671615999972645
finished_reconf: true
global_termination_time: 14773.307
local_termination_time: 5685.197360000001
node_cons: 266.414600000001
tot_aggregated_send: 0
tot_msg_rcv: 122
tot_msg_sent: 101
tot_reconf_duration: 18.700000000000003
tot_sleeping_duration: 14593.307
tot_uptimes: 4
tot_uptimes_duration: 180.0
