comms_cons: 806.6697601330883
finished_reconf: true
global_termination_time: 8112985.711839997
local_termination_time: 8112985.711839997
node_cons: 167011.3291484568
tot_aggregated_send: 116090
tot_msg_rcv: 2104
tot_msg_sent: 4415
tot_reconf_duration: 37.410000000000004
tot_sleeping_duration: 7988295.25152001
tot_uptimes: 2078
tot_uptimes_duration: 124690.4603199872
