comms_cons: 819.157984263173
finished_reconf: true
global_termination_time: 8112986.141239997
local_termination_time: 298999.2724800001
node_cons: 166910.06673499302
tot_aggregated_send: 112114
tot_msg_rcv: 4151
tot_msg_sent: 8240
tot_reconf_duration: 18.21
tot_sleeping_duration: 7988351.833880028
tot_uptimes: 2078
tot_uptimes_duration: 124634.30735996919
