comms_cons: 1411.080618499403
finished_reconf: true
global_termination_time: 8112997.656
local_termination_time: 1642962.6475999998
node_cons: 166874.73266334544
tot_aggregated_send: 0
tot_msg_rcv: 108097
tot_msg_sent: 106378
tot_reconf_duration: 6.279999999999999
tot_sleeping_duration: 7988377.637760007
tot_uptimes: 2078
tot_uptimes_duration: 124620.0182399934
