comms_cons: 803.0925505776322
finished_reconf: true
global_termination_time: 8114036.762
local_termination_time: 3369348.07536
node_cons: 166870.4114866972
tot_aggregated_send: 113390
tot_msg_rcv: 2897
tot_msg_sent: 5779
tot_reconf_duration: 3.08
tot_sleeping_duration: 7989416.725520013
tot_uptimes: 2078
tot_uptimes_duration: 124620.0364799872
