comms_cons: 802.6872129570803
finished_reconf: true
global_termination_time: 8113593.237
local_termination_time: 3666926.2263599997
node_cons: 166878.60022669693
tot_aggregated_send: 113564
tot_msg_rcv: 2868
tot_msg_sent: 5570
tot_reconf_duration: 9.11
tot_sleeping_duration: 7988973.2005200125
tot_uptimes: 2078
tot_uptimes_duration: 124620.0364799872
