comms_cons: 86.76648959754013
finished_reconf: true
global_termination_time: 857968.224
local_termination_time: 330617.7903600001
node_cons: 17625.259405593417
tot_aggregated_send: 11774
tot_msg_rcv: 498
tot_msg_sent: 916
tot_reconf_duration: 22.65
tot_sleeping_duration: 844828.193600005
tot_uptimes: 220
tot_uptimes_duration: 13140.030399995041
