comms_cons: 87.09765119980428
finished_reconf: true
global_termination_time: 861528.567
local_termination_time: 508233.1232000002
node_cons: 17681.340121116853
tot_aggregated_send: 11716
tot_msg_rcv: 537
tot_msg_sent: 985
tot_reconf_duration: 4.8100000000000005
tot_sleeping_duration: 848328.5609200024
tot_uptimes: 221
tot_uptimes_duration: 13200.006079997635
