comms_cons: 170.0428415368756
finished_reconf: true
global_termination_time: 857820.3205999999
local_termination_time: 2984.3863600000004
node_cons: 17619.20375399556
tot_aggregated_send: 0
tot_msg_rcv: 13128
tot_msg_sent: 12720
tot_reconf_duration: 3.05
tot_sleeping_duration: 844664.9346000032
tot_uptimes: 220
tot_uptimes_duration: 13155.385999996666
