comms_cons: 90.40446719509936
finished_reconf: true
global_termination_time: 860916.306
local_termination_time: 17024.5156
node_cons: 17685.46026560145
tot_aggregated_send: 11020
tot_msg_rcv: 1022
tot_msg_sent: 1697
tot_reconf_duration: 7.819999999999999
tot_sleeping_duration: 847716.2755999989
tot_uptimes: 221
tot_uptimes_duration: 13200.030400001066
