comms_cons: 91.68341119429338
finished_reconf: true
global_termination_time: 861481.502
local_termination_time: 133309.6749600006
node_cons: 17683.32003007451
tot_aggregated_send: 10788
tot_msg_rcv: 1220
tot_msg_sent: 1926
tot_reconf_duration: 6.22
tot_sleeping_duration: 848281.447280004
tot_uptimes: 221
tot_uptimes_duration: 13200.054719995882
