comms_cons: 87.68006399518221
finished_reconf: true
global_termination_time: 860888.752
local_termination_time: 374997.69436
node_cons: 17682.19836335971
tot_aggregated_send: 11020
tot_msg_rcv: 792
tot_msg_sent: 1516
tot_reconf_duration: 5.43
tot_sleeping_duration: 847688.7337600002
tot_uptimes: 221
tot_uptimes_duration: 13200.018239999772
