comms_cons: 2.2500863999948852
finished_reconf: true
global_termination_time: 12942.42848
local_termination_time: 12942.38736
node_cons: 292.771659840007
tot_aggregated_send: 0
tot_msg_rcv: 173
tot_msg_sent: 168
tot_reconf_duration: 24.59
tot_sleeping_duration: 12748.717919999996
tot_uptimes: 4
tot_uptimes_duration: 193.710560000005
