comms_cons: 2.730367999990977
finished_reconf: true
global_termination_time: 12370.508
local_termination_time: 6479.56936
node_cons: 252.0062200000002
tot_aggregated_send: 0
tot_msg_rcv: 243
tot_msg_sent: 171
tot_reconf_duration: 8.09
tot_sleeping_duration: 12190.508
tot_uptimes: 4
tot_uptimes_duration: 180.0
