comms_cons: 2.3214847999943107
finished_reconf: true
global_termination_time: 14718.558
local_termination_time: 4357.82736
node_cons: 247.55198000000055
tot_aggregated_send: 0
tot_msg_rcv: 181
tot_msg_sent: 171
tot_reconf_duration: 4.8100000000000005
tot_sleeping_duration: 14538.558
tot_uptimes: 4
tot_uptimes_duration: 180.0
