comms_cons: 2.0052607999946748
finished_reconf: true
global_termination_time: 10816.343
local_termination_time: 645.4006799999995
node_cons: 171.2995600000005
tot_aggregated_send: 0
tot_msg_rcv: 192
tot_msg_sent: 112
tot_reconf_duration: 7.819999999999999
tot_sleeping_duration: 10696.343
tot_uptimes: 3
tot_uptimes_duration: 120.00000000000045
