comms_cons: 2.704051199991064
finished_reconf: true
global_termination_time: 14711.18
local_termination_time: 8459.972359999998
node_cons: 248.40208112000414
tot_aggregated_send: 0
tot_msg_rcv: 241
tot_msg_sent: 170
tot_reconf_duration: 5.43
tot_sleeping_duration: 14531.173919999996
tot_uptimes: 4
tot_uptimes_duration: 180.00608000000466
