comms_cons: 64.94453759921362
finished_reconf: true
global_termination_time: 664441.6872400002
local_termination_time: 341794.03936000005
node_cons: 13735.415073841526
tot_aggregated_send: 9280
tot_msg_rcv: 165
tot_msg_sent: 426
tot_reconf_duration: 18.21
tot_sleeping_duration: 654202.1906799992
tot_uptimes: 171
tot_uptimes_duration: 10239.496560001106
