comms_cons: 66.63476480083617
finished_reconf: true
global_termination_time: 665433.186
local_termination_time: 156554.11136000007
node_cons: 13663.802325602592
tot_aggregated_send: 8352
tot_msg_rcv: 606
tot_msg_sent: 1171
tot_reconf_duration: 4.390000000000001
tot_sleeping_duration: 655233.1555999981
tot_uptimes: 171
tot_uptimes_duration: 10200.03040000191
