comms_cons: 66.39728640067972
finished_reconf: true
global_termination_time: 669680.56
local_termination_time: 520074.07240000035
node_cons: 13746.59490112141
tot_aggregated_send: 9280
tot_msg_rcv: 305
tot_msg_sent: 507
tot_reconf_duration: 6.22
tot_sleeping_duration: 659420.553919999
tot_uptimes: 172
tot_uptimes_duration: 10260.006080001069
