comms_cons: 30.44853760005471
finished_reconf: true
global_termination_time: 298419.8430400009
local_termination_time: 298405.4974400007
node_cons: 6185.350246561273
tot_aggregated_send: 4118
tot_msg_rcv: 177
tot_msg_sent: 332
tot_reconf_duration: 3.05
tot_sleeping_duration: 293803.556
tot_uptimes: 77
tot_uptimes_duration: 4616.287040000898
