comms_cons: 266.31786239772174
finished_reconf: true
global_termination_time: 2628832.179
local_termination_time: 948015.4097199988
node_cons: 54099.651970050654
tot_aggregated_send: 35728
tot_msg_rcv: 1744
tot_msg_sent: 3007
tot_reconf_duration: 22.65
tot_sleeping_duration: 2588452.124280021
tot_uptimes: 674
tot_uptimes_duration: 40380.05471997871
