comms_cons: 259.7336575897704
finished_reconf: true
global_termination_time: 2629311.825
local_termination_time: 1158816.217399999
node_cons: 54086.70485999902
tot_aggregated_send: 37410
tot_msg_rcv: 758
tot_msg_sent: 1310
tot_reconf_duration: 13.17
tot_sleeping_duration: 2588931.825
tot_uptimes: 674
tot_uptimes_duration: 40380.0
