comms_cons: 264.65028478473937
finished_reconf: true
global_termination_time: 2631498.984
local_termination_time: 1094164.261999998
node_cons: 54079.504688933885
tot_aggregated_send: 35090
tot_msg_rcv: 1643
tot_msg_sent: 3492
tot_reconf_duration: 7.819999999999999
tot_sleeping_duration: 2591118.935360019
tot_uptimes: 674
tot_uptimes_duration: 40380.048639981076
