comms_cons: 11.902323199941879
finished_reconf: true
global_termination_time: 104913.609
local_termination_time: 62998.95992000015
node_cons: 2109.688002238297
tot_aggregated_send: 870
tot_msg_rcv: 313
tot_msg_sent: 626
tot_reconf_duration: 15.34
tot_sleeping_duration: 103353.59684000126
tot_uptimes: 27
tot_uptimes_duration: 1560.0121599987324
