comms_cons: 11.23069439980123
finished_reconf: true
global_termination_time: 103148.308
local_termination_time: 74336.30835999997
node_cons: 2106.749283357451
tot_aggregated_send: 928
tot_msg_rcv: 208
tot_msg_sent: 572
tot_reconf_duration: 13.17
tot_sleeping_duration: 101588.2897600019
tot_uptimes: 27
tot_uptimes_duration: 1560.0182399980986
