comms_cons: 12.335999999878684
finished_reconf: true
global_termination_time: 101119.897
local_termination_time: 71551.87087999974
node_cons: 2015.0564033585902
tot_aggregated_send: 870
tot_msg_rcv: 426
tot_msg_sent: 579
tot_reconf_duration: 4.8100000000000005
tot_sleeping_duration: 99619.87876000105
tot_uptimes: 26
tot_uptimes_duration: 1500.0182399989499
