comms_cons: 46.113612800794584
finished_reconf: true
global_termination_time: 465916.318
local_termination_time: 148520.57300000047
node_cons: 9568.048483364315
tot_aggregated_send: 6380
tot_msg_rcv: 220
tot_msg_sent: 409
tot_reconf_duration: 5.57
tot_sleeping_duration: 458776.2997599968
tot_uptimes: 120
tot_uptimes_duration: 7140.018240003206
