comms_cons: 47.35050240087462
finished_reconf: true
global_termination_time: 464854.883
local_termination_time: 197387.78420000017
node_cons: 9576.628341121435
tot_aggregated_send: 6206
tot_msg_rcv: 305
tot_msg_sent: 686
tot_reconf_duration: 11.899999999999999
tot_sleeping_duration: 457714.8769199989
tot_uptimes: 120
tot_uptimes_duration: 7140.006080001069
