comms_cons: 46.324147200781276
finished_reconf: true
global_termination_time: 467805.635
local_termination_time: 230085.7443600005
node_cons: 9567.00012112144
tot_aggregated_send: 6496
tot_msg_rcv: 142
tot_msg_sent: 403
tot_reconf_duration: 4.8100000000000005
tot_sleeping_duration: 460665.62891999894
tot_uptimes: 120
tot_uptimes_duration: 7140.006080001069
