comms_cons: 47.25369600065881
finished_reconf: true
global_termination_time: 464123.577
local_termination_time: 171505.0716800007
node_cons: 9487.518363364294
tot_aggregated_send: 6148
tot_msg_rcv: 339
tot_msg_sent: 696
tot_reconf_duration: 5.43
tot_sleeping_duration: 457043.5587599968
tot_uptimes: 119
tot_uptimes_duration: 7080.018240003206
