comms_cons: 25.03385600078957
finished_reconf: true
global_termination_time: 237111.393
local_termination_time: 38514.15212000019
node_cons: 4853.236337043401
tot_aggregated_send: 2784
tot_msg_rcv: 329
tot_msg_sent: 692
tot_reconf_duration: 15.34
tot_sleeping_duration: 233502.42763999748
tot_uptimes: 61
tot_uptimes_duration: 3608.9653600025413
