comms_cons: 151.99267839119656
finished_reconf: true
global_termination_time: 1518357.3
local_termination_time: 383160.51136000006
node_cons: 31178.484544471976
tot_aggregated_send: 21228
tot_msg_rcv: 596
tot_msg_sent: 1278
tot_reconf_duration: 4.8100000000000005
tot_sleeping_duration: 1495077.275680006
tot_uptimes: 389
tot_uptimes_duration: 23280.024319993972
