comms_cons: 151.1528767912468
finished_reconf: true
global_termination_time: 1514794.3664799999
local_termination_time: 9920.303280000004
node_cons: 31116.719742070458
tot_aggregated_send: 21286
tot_msg_rcv: 521
tot_msg_sent: 1166
tot_reconf_duration: 4.390000000000001
tot_sleeping_duration: 1491560.043760007
tot_uptimes: 388
tot_uptimes_duration: 23234.322719992837
