comms_cons: 151.41370879182944
finished_reconf: true
global_termination_time: 1514793.9121599982
local_termination_time: 1514793.8710399983
node_cons: 31196.902371831107
tot_aggregated_send: 21272
tot_msg_rcv: 527
tot_msg_sent: 1214
tot_reconf_duration: 24.59
tot_sleeping_duration: 1491520.193600005
tot_uptimes: 388
tot_uptimes_duration: 23273.718559993315
