comms_cons: 80.38529279719819
finished_reconf: true
global_termination_time: 788920.489
local_termination_time: 333285.02824000095
node_cons: 16261.563255599616
tot_aggregated_send: 10672
tot_msg_rcv: 559
tot_msg_sent: 988
tot_reconf_duration: 15.34
tot_sleeping_duration: 776791.4886000003
tot_uptimes: 203
tot_uptimes_duration: 12129.00039999967
