comms_cons: 626.058777459652
finished_reconf: true
global_termination_time: 785793.077
local_termination_time: 333275.4046400004
node_cons: 78422.2404905062
tot_aggregated_send: 0
tot_msg_rcv: 43041
tot_msg_sent: 52115
tot_reconf_duration: 5.57
tot_sleeping_duration: 727230.9586799793
tot_uptimes: 941
tot_uptimes_duration: 58562.1183200208
