comms_cons: 146.73617916881506
finished_reconf: true
global_termination_time: 785793.077
local_termination_time: 339256.86036000005
node_cons: 16155.298364476519
tot_aggregated_send: 0
tot_msg_rcv: 11565
tot_msg_sent: 10739
tot_reconf_duration: 5.1
tot_sleeping_duration: 773733.0526800026
tot_uptimes: 202
tot_uptimes_duration: 12060.024319997407
