comms_cons: 81.5451135977286
finished_reconf: true
global_termination_time: 785784.281
local_termination_time: 419915.38116000034
node_cons: 16182.721823364298
tot_aggregated_send: 10324
tot_msg_rcv: 756
tot_msg_sent: 1315
tot_reconf_duration: 25.299999999999997
tot_sleeping_duration: 773724.2627599967
tot_uptimes: 202
tot_uptimes_duration: 12060.018240003206
