comms_cons: 80.52940799779186
finished_reconf: true
global_termination_time: 786180.541
local_termination_time: 346802.357
node_cons: 16152.55118748059
tot_aggregated_send: 10147
tot_msg_rcv: 640
tot_msg_sent: 1453
tot_reconf_duration: 3.08
tot_sleeping_duration: 774120.5196799996
tot_uptimes: 202
tot_uptimes_duration: 12060.021320000407
