comms_cons: 81.04663679589473
finished_reconf: true
global_termination_time: 786826.021
local_termination_time: 370426.90736000007
node_cons: 16179.11498223832
tot_aggregated_send: 10324
tot_msg_rcv: 706
tot_msg_sent: 1288
tot_reconf_duration: 22.65
tot_sleeping_duration: 774766.0088400012
tot_uptimes: 202
tot_uptimes_duration: 12060.012159998703
