comms_cons: 80.19449599415975
finished_reconf: true
global_termination_time: 787123.365
local_termination_time: 182372.93348000007
node_cons: 16152.506323359703
tot_aggregated_send: 10614
tot_msg_rcv: 529
tot_msg_sent: 1046
tot_reconf_duration: 3.05
tot_sleeping_duration: 775063.3467600002
tot_uptimes: 202
tot_uptimes_duration: 12060.018239999772
