comms_cons: 108.06993919380169
finished_reconf: true
global_termination_time: 1078341.03
local_termination_time: 363285.88136000006
node_cons: 22208.246246719405
tot_aggregated_send: 14152
tot_msg_rcv: 779
tot_msg_sent: 1495
tot_reconf_duration: 25.299999999999997
tot_sleeping_duration: 1061780.9935200005
tot_uptimes: 277
tot_uptimes_duration: 16560.036479999544
