comms_cons: 109.59991679518535
finished_reconf: true
global_termination_time: 1077423.516
local_termination_time: 151925.20936000007
node_cons: 22102.020030079115
tot_aggregated_send: 13746
tot_msg_rcv: 1006
tot_msg_sent: 1907
tot_reconf_duration: 6.22
tot_sleeping_duration: 1060923.4612800009
tot_uptimes: 276
tot_uptimes_duration: 16500.054719999316
