comms_cons: 182.76262399691146
finished_reconf: true
global_termination_time: 1860663.899
local_termination_time: 1364576.0483599997
node_cons: 38248.76579999962
tot_aggregated_send: 27144
tot_msg_rcv: 230
tot_msg_sent: 404
tot_reconf_duration: 5.1
tot_sleeping_duration: 1832103.899
tot_uptimes: 477
tot_uptimes_duration: 28560.0
