comms_cons: 184.46760959040816
finished_reconf: true
global_termination_time: 1860755.827
local_termination_time: 1359609.8683599997
node_cons: 38259.72485999971
tot_aggregated_send: 26738
tot_msg_rcv: 442
tot_msg_sent: 858
tot_reconf_duration: 13.17
tot_sleeping_duration: 1832195.827
tot_uptimes: 477
tot_uptimes_duration: 28560.0
