comms_cons: 538.9517435587248
finished_reconf: true
global_termination_time: 1857757.4425999997
local_termination_time: 1857757.4014799998
node_cons: 75385.46391363665
tot_aggregated_send: 0
tot_msg_rcv: 27553
tot_msg_sent: 54364
tot_reconf_duration: 24.59
tot_sleeping_duration: 1801482.557840001
tot_uptimes: 930
tot_uptimes_duration: 56274.88475999878
