comms_cons: 113.99184639705256
finished_reconf: true
global_termination_time: 1177041.063
local_termination_time: 307341.30876000045
node_cons: 24213.114982233736
tot_aggregated_send: 16298
tot_msg_rcv: 345
tot_msg_sent: 683
tot_reconf_duration: 22.65
tot_sleeping_duration: 1158981.0508400048
tot_uptimes: 302
tot_uptimes_duration: 18060.01215999527
