comms_cons: 119.78091519111003
finished_reconf: true
global_termination_time: 1180868.669
local_termination_time: 64264.08848000001
node_cons: 24278.07154447656
tot_aggregated_send: 15950
tot_msg_rcv: 694
tot_msg_sent: 1562
tot_reconf_duration: 11.31
tot_sleeping_duration: 1162748.6446800025
tot_uptimes: 303
tot_uptimes_duration: 18120.024319997407
