comms_cons: 129.1766399966963
finished_reconf: true
global_termination_time: 1307105.409
local_termination_time: 871526.733879998
node_cons: 26863.557014317335
tot_aggregated_send: 18734
tot_msg_rcv: 270
tot_msg_sent: 631
tot_reconf_duration: 15.34
tot_sleeping_duration: 1287058.5641200019
tot_uptimes: 335
tot_uptimes_duration: 20046.84487999801
