comms_cons: 130.18325759454302
finished_reconf: true
global_termination_time: 1309497.171
local_termination_time: 456231.29436000006
node_cons: 26920.833941116845
tot_aggregated_send: 18792
tot_msg_rcv: 360
tot_msg_sent: 635
tot_reconf_duration: 5.1
tot_sleeping_duration: 1289397.1649200025
tot_uptimes: 336
tot_uptimes_duration: 20100.006079997635
