comms_cons: 43.48913920049277
finished_reconf: true
global_termination_time: 435929.82524000015
local_termination_time: 266180.03820000065
node_cons: 8962.873290481682
tot_aggregated_send: 6148
tot_msg_rcv: 214
tot_msg_sent: 247
tot_reconf_duration: 18.21
tot_sleeping_duration: 429254.5869199989
tot_uptimes: 112
tot_uptimes_duration: 6675.238320001226
