comms_cons: 44.468467200292636
finished_reconf: true
global_termination_time: 437520.722
local_termination_time: 119323.0217199994
node_cons: 9003.463206563758
tot_aggregated_send: 5974
tot_msg_rcv: 257
tot_msg_sent: 528
tot_reconf_duration: 3.05
tot_sleeping_duration: 430799.79495999723
tot_uptimes: 113
tot_uptimes_duration: 6720.927040002811
