comms_cons: 94.64304641048706
finished_reconf: true
global_termination_time: 327598.34288000053
local_termination_time: 1841.7900400000015
node_cons: 13245.424384320724
tot_aggregated_send: 0
tot_msg_rcv: 4844
tot_msg_sent: 9541
tot_reconf_duration: 4.390000000000001
tot_sleeping_duration: 317710.76800000004
tot_uptimes: 163
tot_uptimes_duration: 9887.574880000528
