comms_cons: 29.92878080024734
finished_reconf: true
global_termination_time: 302522.731
local_termination_time: 47215.93536000001
node_cons: 6196.799560000006
tot_aggregated_send: 4292
tot_msg_rcv: 90
tot_msg_sent: 167
tot_reconf_duration: 7.819999999999999
tot_sleeping_duration: 297902.731
tot_uptimes: 78
tot_uptimes_duration: 4620.0
