comms_cons: 55.763737600239246
finished_reconf: true
global_termination_time: 577502.905
local_termination_time: 122775.43535999997
node_cons: 11815.949761121446
tot_aggregated_send: 7946
tot_msg_rcv: 181
tot_msg_sent: 348
tot_reconf_duration: 4.390000000000001
tot_sleeping_duration: 568682.898919999
tot_uptimes: 148
tot_uptimes_duration: 8820.006080001069
