comms_cons: 115.95569920253692
finished_reconf: true
global_termination_time: 578203.648
local_termination_time: 1595.82336
node_cons: 11911.200566726322
tot_aggregated_send: 0
tot_msg_rcv: 9039
tot_msg_sent: 8583
tot_reconf_duration: 15.34
tot_sleeping_duration: 569323.6115199954
tot_uptimes: 149
tot_uptimes_duration: 8880.03648000471
