comms_cons: 13.626777599934321
finished_reconf: true
global_termination_time: 96379.002
local_termination_time: 33536.01504000015
node_cons: 1935.1102233585914
tot_aggregated_send: 464
tot_msg_rcv: 674
tot_msg_sent: 933
tot_reconf_duration: 5.1
tot_sleeping_duration: 94938.98376000104
tot_uptimes: 25
tot_uptimes_duration: 1440.0182399989499
