comms_cons: 76.68547839871742
finished_reconf: true
global_termination_time: 758659.978
local_termination_time: 69090.11047999996
node_cons: 15594.496381116855
tot_aggregated_send: 10498
tot_msg_rcv: 405
tot_msg_sent: 753
tot_reconf_duration: 6.279999999999999
tot_sleeping_duration: 747019.9719200024
tot_uptimes: 195
tot_uptimes_duration: 11640.006079997635
