comms_cons: 75.54958079885796
finished_reconf: true
global_termination_time: 757068.639
local_termination_time: 384610.13036
node_cons: 15523.513001121431
tot_aggregated_send: 10672
tot_msg_rcv: 300
tot_msg_sent: 511
tot_reconf_duration: 13.17
tot_sleeping_duration: 745488.6329199988
tot_uptimes: 194
tot_uptimes_duration: 11580.006080001069
