comms_cons: 164.72611838915057
finished_reconf: true
global_termination_time: 1677524.844
local_termination_time: 816952.8243599989
node_cons: 34496.643123350506
tot_aggregated_send: 22388
tot_msg_rcv: 796
tot_msg_sent: 1853
tot_reconf_duration: 22.65
tot_sleeping_duration: 1651784.8257600071
tot_uptimes: 430
tot_uptimes_duration: 25740.018239992904
