comms_cons: 164.81223679453774
finished_reconf: true
global_termination_time: 1676983.56
local_termination_time: 868322.3853599998
node_cons: 34471.82976111683
tot_aggregated_send: 23490
tot_msg_rcv: 514
tot_msg_sent: 1046
tot_reconf_duration: 4.390000000000001
tot_sleeping_duration: 1651243.5539200024
tot_uptimes: 430
tot_uptimes_duration: 25740.006079997635
