comms_cons: 12.81907200012595
finished_reconf: true
global_termination_time: 114572.07203999955
local_termination_time: 114572.03091999955
node_cons: 2435.0947476785345
tot_aggregated_send: 1030
tot_msg_rcv: 221
tot_msg_sent: 701
tot_reconf_duration: 24.59
tot_sleeping_duration: 112778.41892000064
tot_uptimes: 30
tot_uptimes_duration: 1793.6531199989113
