comms_cons: 13.209983999858807
finished_reconf: true
global_termination_time: 120707.09
local_termination_time: 69359.67647999997
node_cons: 2416.7482622394396
tot_aggregated_send: 754
tot_msg_rcv: 491
tot_msg_sent: 763
tot_reconf_duration: 4.8100000000000005
tot_sleeping_duration: 118907.07784000042
tot_uptimes: 31
tot_uptimes_duration: 1800.0121599995837
