comms_cons: 93.26673919910883
finished_reconf: true
global_termination_time: 930720.902
local_termination_time: 97987.42295999992
node_cons: 19129.391183355125
tot_aggregated_send: 12586
tot_msg_rcv: 485
tot_msg_sent: 1105
tot_reconf_duration: 6.22
tot_sleeping_duration: 916440.8837600037
tot_uptimes: 239
tot_uptimes_duration: 14280.018239996338
