comms_cons: 265.76975998041763
finished_reconf: true
global_termination_time: 2654283.301
local_termination_time: 668890.17436
node_cons: 54581.67568781696
tot_aggregated_send: 35728
tot_msg_rcv: 1638
tot_msg_sent: 3031
tot_reconf_duration: 22.65
tot_sleeping_duration: 2613543.258440017
tot_uptimes: 680
tot_uptimes_duration: 40740.04255998344
