comms_cons: 264.25356798190944
finished_reconf: true
global_termination_time: 2654890.091
local_termination_time: 1501428.28836
node_cons: 54559.35560670007
tot_aggregated_send: 36018
tot_msg_rcv: 1326
tot_msg_sent: 2821
tot_reconf_duration: 6.22
tot_sleeping_duration: 2614150.054520014
tot_uptimes: 680
tot_uptimes_duration: 40740.03647998581
