comms_cons: 1435.7249962126848
finished_reconf: true
global_termination_time: 8172524.672
local_termination_time: 2423137.68112
node_cons: 168079.86522781424
tot_aggregated_send: 0
tot_msg_rcv: 109811
tot_msg_sent: 108409
tot_reconf_duration: 6.279999999999999
tot_sleeping_duration: 8047004.629440016
tot_uptimes: 2093
tot_uptimes_duration: 125520.04255998484
