comms_cons: 822.8257666534029
finished_reconf: true
global_termination_time: 8169280.445
local_termination_time: 1182540.7583599996
node_cons: 168075.52773451587
tot_aggregated_send: 112926
tot_msg_rcv: 4193
tot_msg_sent: 7944
tot_reconf_duration: 3.05
tot_sleeping_duration: 8043760.365960029
tot_uptimes: 2093
tot_uptimes_duration: 125520.07903997158
