comms_cons: 125.85832959607198
finished_reconf: true
global_termination_time: 1265796.34848
local_termination_time: 1265796.30736
node_cons: 26077.381344308596
tot_aggregated_send: 17969
tot_msg_rcv: 334
tot_msg_sent: 825
tot_reconf_duration: 21.23
tot_sleeping_duration: 1246342.6136000084
tot_uptimes: 325
tot_uptimes_duration: 19453.734879991447
