comms_cons: 280.64138240409926
finished_reconf: true
global_termination_time: 2809957.946
local_termination_time: 5030.581
node_cons: 57852.86101229167
tot_aggregated_send: 39550
tot_msg_rcv: 947
tot_msg_sent: 2158
tot_reconf_duration: 5.87
tot_sleeping_duration: 2766757.8791200207
tot_uptimes: 720
tot_uptimes_duration: 43200.06687997961
