comms_cons: 282.93912319159176
finished_reconf: true
global_termination_time: 2810016.643
local_termination_time: 4978.293
node_cons: 57859.76509117681
tot_aggregated_send: 39429
tot_msg_rcv: 1265
tot_msg_sent: 2312
tot_reconf_duration: 10.96
tot_sleeping_duration: 2766816.582200017
tot_uptimes: 720
tot_uptimes_duration: 43200.06079998345
