comms_cons: 37.119846400359606
finished_reconf: true
global_termination_time: 367637.12
local_termination_time: 42001.19536000002
node_cons: 7557.9379022428775
tot_aggregated_send: 5046
tot_msg_rcv: 190
tot_msg_sent: 406
tot_reconf_duration: 4.390000000000001
tot_sleeping_duration: 361997.10783999786
tot_uptimes: 95
tot_uptimes_duration: 5640.0121600021375
