comms_cons: 53.553862402616375
finished_reconf: true
global_termination_time: 452691.8391600003
local_termination_time: 452691.7980400003
node_cons: 9306.661607779075
tot_aggregated_send: 4394
tot_msg_rcv: 1410
tot_msg_sent: 2335
tot_reconf_duration: 24.59
tot_sleeping_duration: 445766.3213199861
tot_uptimes: 116
tot_uptimes_duration: 6925.517840014232
