comms_cons: 71.53689599883258
finished_reconf: true
global_termination_time: 721246.295
local_termination_time: 60634.11000000009
node_cons: 14803.391720000016
tot_aggregated_send: 10266
tot_msg_rcv: 215
tot_msg_sent: 392
tot_reconf_duration: 15.34
tot_sleeping_duration: 710206.295
tot_uptimes: 185
tot_uptimes_duration: 11040.0
