comms_cons: 108.79178881314674
finished_reconf: true
global_termination_time: 471769.499
local_termination_time: 737.7105999999999
node_cons: 9665.73270802666
tot_aggregated_send: 0
tot_msg_rcv: 9490
tot_msg_sent: 7047
tot_reconf_duration: 18.21
tot_sleeping_duration: 464569.3469999801
tot_uptimes: 121
tot_uptimes_duration: 7200.152000019909
