comms_cons: 28.093811200180532
finished_reconf: true
global_termination_time: 274889.73452000093
local_termination_time: 203217.50636000006
node_cons: 5721.311976402717
tot_aggregated_send: 3770
tot_msg_rcv: 173
tot_msg_sent: 328
tot_reconf_duration: 13.17
tot_sleeping_duration: 270630.2669199989
tot_uptimes: 71
tot_uptimes_duration: 4259.467600002012
