comms_cons: 28.652416000402532
finished_reconf: true
global_termination_time: 279856.15
local_termination_time: 159502.19936000003
node_cons: 5716.956783364276
tot_aggregated_send: 3712
tot_msg_rcv: 239
tot_msg_sent: 404
tot_reconf_duration: 9.42
tot_sleeping_duration: 275596.1317599968
tot_uptimes: 72
tot_uptimes_duration: 4260.018240003206
