comms_cons: 281.7345024170869
finished_reconf: false
global_termination_time: 2809842.904
local_termination_time: 0
node_cons: 57844.79999999896
tot_aggregated_send: 39846
tot_msg_rcv: 1062
tot_msg_sent: 1914
tot_reconf_duration: 0
tot_sleeping_duration: 2766642.904
tot_uptimes: 720
tot_uptimes_duration: 43200.0
