comms_cons: 286.21999362657
finished_reconf: false
global_termination_time: 2809126.554
local_termination_time: 0
node_cons: 57844.81628223295
tot_aggregated_send: 38628
tot_msg_rcv: 1741
tot_msg_sent: 3134
tot_reconf_duration: 0
tot_sleeping_duration: 2765926.5418400047
tot_uptimes: 720
tot_uptimes_duration: 43200.0121599955
