comms_cons: 281.93845760908505
finished_reconf: true
global_termination_time: 2810870.436
local_termination_time: 2295690.56236
node_cons: 57864.371482232826
tot_aggregated_send: 39498
tot_msg_rcv: 1102
tot_msg_sent: 2253
tot_reconf_duration: 14.4
tot_sleeping_duration: 2767670.4238400045
tot_uptimes: 720
tot_uptimes_duration: 43200.0121599955
