comms_cons: 284.3382336188151
finished_reconf: true
global_termination_time: 2808757.371
local_termination_time: 993378.2468399997
node_cons: 57865.67242558402
tot_aggregated_send: 39034
tot_msg_rcv: 1463
tot_msg_sent: 2721
tot_reconf_duration: 15.34
tot_sleeping_duration: 2765557.340600011
tot_uptimes: 720
tot_uptimes_duration: 43200.03039998887
