comms_cons: 2.381670399994769
finished_reconf: true
global_termination_time: 15938.293
local_termination_time: 6304.93336
node_cons: 355.7255411200065
tot_aggregated_send: 0
tot_msg_rcv: 206
tot_msg_sent: 156
tot_reconf_duration: 25.299999999999997
tot_sleeping_duration: 15698.286919999995
tot_uptimes: 5
tot_uptimes_duration: 240.00608000000466
