comms_cons: 2.4322815999913865
finished_reconf: true
global_termination_time: 17112.307
local_termination_time: 6869.56836
node_cons: 338.5115400000002
tot_aggregated_send: 0
tot_msg_rcv: 205
tot_msg_sent: 165
tot_reconf_duration: 12.629999999999999
tot_sleeping_duration: 16872.307
tot_uptimes: 5
tot_uptimes_duration: 240.0
