comms_cons: 40.69893120096005
finished_reconf: true
global_termination_time: 396777.313
local_termination_time: 223648.78444000022
node_cons: 8118.498182242855
tot_aggregated_send: 5336
tot_msg_rcv: 326
tot_msg_sent: 524
tot_reconf_duration: 3.05
tot_sleeping_duration: 390717.3008399979
tot_uptimes: 102
tot_uptimes_duration: 6060.0121600021375
