comms_cons: 2.233171199990961
finished_reconf: true
global_termination_time: 12159.993
local_termination_time: 5966.628360000001
node_cons: 257.18020000000075
tot_aggregated_send: 0
tot_msg_rcv: 175
tot_msg_sent: 163
tot_reconf_duration: 11.899999999999999
tot_sleeping_duration: 11979.993
tot_uptimes: 4
tot_uptimes_duration: 180.0
