comms_cons: 87.75444479879897
finished_reconf: true
global_termination_time: 855492.071
local_termination_time: 110352.72735999998
node_cons: 17601.41836448576
tot_aggregated_send: 11716
tot_msg_rcv: 632
tot_msg_sent: 988
tot_reconf_duration: 5.1
tot_sleeping_duration: 842352.0466799957
tot_uptimes: 220
tot_uptimes_duration: 13140.024320004275
