comms_cons: 86.37236479599105
finished_reconf: true
global_termination_time: 856653.337
local_termination_time: 124069.04099999946
node_cons: 17620.03639735899
tot_aggregated_send: 11658
tot_msg_rcv: 544
tot_msg_sent: 927
tot_reconf_duration: 13.17
tot_sleeping_duration: 843507.5927600008
tot_uptimes: 220
tot_uptimes_duration: 13145.744239999229
