comms_cons: 87.2270335980161
finished_reconf: true
global_termination_time: 856696.043
local_termination_time: 565503.9554399996
node_cons: 17601.024544481224
tot_aggregated_send: 11600
tot_msg_rcv: 580
tot_msg_sent: 1078
tot_reconf_duration: 4.8100000000000005
tot_sleeping_duration: 843556.0186799992
tot_uptimes: 220
tot_uptimes_duration: 13140.02432000084
