comms_cons: 168.2827775370909
finished_reconf: true
global_termination_time: 856515.404
local_termination_time: 126773.63503999982
node_cons: 17598.61818223827
tot_aggregated_send: 0
tot_msg_rcv: 12873
tot_msg_sent: 12705
tot_reconf_duration: 3.05
tot_sleeping_duration: 843375.3918400013
tot_uptimes: 220
tot_uptimes_duration: 13140.012159998703
