comms_cons: 51.29109760035236
finished_reconf: true
global_termination_time: 508842.56
local_termination_time: 21948.05848
node_cons: 10450.161620000013
tot_aggregated_send: 7134
tot_msg_rcv: 259
tot_msg_sent: 402
tot_reconf_duration: 4.390000000000001
tot_sleeping_duration: 501042.56
tot_uptimes: 131
tot_uptimes_duration: 7800.0
