comms_cons: 127.57194238999102
finished_reconf: true
global_termination_time: 1320549.585
local_termination_time: 7333.689
node_cons: 27160.381793420423
tot_aggregated_send: 16583
tot_msg_rcv: 830
tot_msg_sent: 1979
tot_reconf_duration: 3.95
tot_sleeping_duration: 1300269.5120400146
tot_uptimes: 339
tot_uptimes_duration: 20280.07295998535
