comms_cons: 129.52471039315887
finished_reconf: true
global_termination_time: 1321668.247
local_termination_time: 7298.8910000000005
node_cons: 27169.893232312785
tot_aggregated_send: 17621
tot_msg_rcv: 685
tot_msg_sent: 1381
tot_reconf_duration: 10.96
tot_sleeping_duration: 1301388.1801200053
tot_uptimes: 339
tot_uptimes_duration: 20280.066879994585
