comms_cons: 2.171135999995465
finished_reconf: true
global_termination_time: 14632.09
local_termination_time: 6594.34036
node_cons: 275.37740000000025
tot_aggregated_send: 0
tot_msg_rcv: 178
tot_msg_sent: 151
tot_reconf_duration: 25.299999999999997
tot_sleeping_duration: 14452.09
tot_uptimes: 4
tot_uptimes_duration: 180.0
