comms_cons: 1.697433599994392
finished_reconf: true
global_termination_time: 14294.799
local_termination_time: 10688.28236
node_cons: 248.39393999999794
tot_aggregated_send: 0
tot_msg_rcv: 134
tot_msg_sent: 124
tot_reconf_duration: 5.43
tot_sleeping_duration: 14114.799
tot_uptimes: 4
tot_uptimes_duration: 180.0
