comms_cons: 49.51505920034134
finished_reconf: true
global_termination_time: 488951.48
local_termination_time: 24353.09748
node_cons: 10049.898363362883
tot_aggregated_send: 6786
tot_msg_rcv: 273
tot_msg_sent: 467
tot_reconf_duration: 5.43
tot_sleeping_duration: 481451.4617599979
tot_uptimes: 126
tot_uptimes_duration: 7500.018240002144
