comms_cons: 143.3476095991123
finished_reconf: true
global_termination_time: 1465068.097
local_termination_time: 482611.26536
node_cons: 30145.384860000027
tot_aggregated_send: 21518
tot_msg_rcv: 50
tot_msg_sent: 220
tot_reconf_duration: 13.17
tot_sleeping_duration: 1442568.097
tot_uptimes: 376
tot_uptimes_duration: 22500.0
