comms_cons: 50.10054400172659
finished_reconf: true
global_termination_time: 477941.643
local_termination_time: 5502.981800000003
node_cons: 9826.282450091465
tot_aggregated_send: 5220
tot_msg_rcv: 804
tot_msg_sent: 1593
tot_reconf_duration: 18.21
tot_sleeping_duration: 470621.5882799914
tot_uptimes: 123
tot_uptimes_duration: 7320.054720008557
