comms_cons: 173.88112639343763
finished_reconf: true
global_termination_time: 1783158.52
local_termination_time: 813138.2152399989
node_cons: 36659.79360335033
tot_aggregated_send: 24882
tot_msg_rcv: 449
tot_msg_sent: 1097
tot_reconf_duration: 18.21
tot_sleeping_duration: 1755798.501760007
tot_uptimes: 457
tot_uptimes_duration: 27360.018239992904
