comms_cons: 172.58682879285868
finished_reconf: true
global_termination_time: 1786817.425
local_termination_time: 1049755.3360000001
node_cons: 36749.00673086832
tot_aggregated_send: 23720
tot_msg_rcv: 818
tot_msg_sent: 1696
tot_reconf_duration: 22.65
tot_sleeping_duration: 1759395.2830800086
tot_uptimes: 458
tot_uptimes_duration: 27422.14191999135
