comms_cons: 174.36853759278517
finished_reconf: true
global_termination_time: 1786241.664
local_termination_time: 1110265.1460399982
node_cons: 36721.34976111657
tot_aggregated_send: 24592
tot_msg_rcv: 638
tot_msg_sent: 1273
tot_reconf_duration: 4.390000000000001
tot_sleeping_duration: 1758821.6579200025
tot_uptimes: 458
tot_uptimes_duration: 27420.006079997635
