comms_cons: 173.07306239830305
finished_reconf: true
global_termination_time: 1786269.277
local_termination_time: 1129409.5083599996
node_cons: 36719.52189999962
tot_aggregated_send: 25636
tot_msg_rcv: 206
tot_msg_sent: 464
tot_reconf_duration: 3.05
tot_sleeping_duration: 1758849.277
tot_uptimes: 458
tot_uptimes_duration: 27420.0
