comms_cons: 56.660070400627795
finished_reconf: true
global_termination_time: 545051.047
local_termination_time: 87777.38747999996
node_cons: 11175.837086726318
tot_aggregated_send: 7076
tot_msg_rcv: 549
tot_msg_sent: 987
tot_reconf_duration: 6.279999999999999
tot_sleeping_duration: 536711.0105199954
tot_uptimes: 140
tot_uptimes_duration: 8340.03648000471
