comms_cons: 106.99621121247147
finished_reconf: true
global_termination_time: 541788.431
local_termination_time: 3395.32136
node_cons: 11094.484060000015
tot_aggregated_send: 0
tot_msg_rcv: 8254
tot_msg_sent: 8009
tot_reconf_duration: 5.57
tot_sleeping_duration: 533508.431
tot_uptimes: 139
tot_uptimes_duration: 8280.0
