comms_cons: 56.32588160040985
finished_reconf: true
global_termination_time: 545330.419
local_termination_time: 3401.6170800000004
node_cons: 11171.467063362028
tot_aggregated_send: 7192
tot_msg_rcv: 492
tot_msg_sent: 878
tot_reconf_duration: 3.08
tot_sleeping_duration: 536990.4007599985
tot_uptimes: 140
tot_uptimes_duration: 8340.018240001504
