comms_cons: 56.71021440043093
finished_reconf: true
global_termination_time: 545209.323
local_termination_time: 41129.380400000075
node_cons: 11173.873391212039
tot_aggregated_send: 7076
tot_msg_rcv: 550
tot_msg_sent: 994
tot_reconf_duration: 4.8100000000000005
tot_sleeping_duration: 536869.262199991
tot_uptimes: 140
tot_uptimes_duration: 8340.060800008985
