comms_cons: 57.83494400090443
finished_reconf: true
global_termination_time: 545776.808
local_termination_time: 24317.71484
node_cons: 11192.695305602605
tot_aggregated_send: 6960
tot_msg_rcv: 736
tot_msg_sent: 1095
tot_reconf_duration: 18.700000000000003
tot_sleeping_duration: 537436.777599998
tot_uptimes: 140
tot_uptimes_duration: 8340.030400001939
