comms_cons: 11.65176319996704
finished_reconf: true
global_termination_time: 100205.571
local_termination_time: 52927.80336000001
node_cons: 2042.8818233585973
tot_aggregated_send: 870
tot_msg_rcv: 342
tot_msg_sent: 559
tot_reconf_duration: 25.299999999999997
tot_sleeping_duration: 98705.55276000104
tot_uptimes: 26
tot_uptimes_duration: 1500.0182399989499
