comms_cons: 12.212876800073579
finished_reconf: true
global_termination_time: 99027.704
local_termination_time: 69626.53135999998
node_cons: 2023.88340335747
tot_aggregated_send: 754
tot_msg_rcv: 412
tot_msg_sent: 691
tot_reconf_duration: 11.31
tot_sleeping_duration: 97527.6857600019
tot_uptimes: 26
tot_uptimes_duration: 1500.0182399980986
