comms_cons: 2.702374399990641
finished_reconf: true
global_termination_time: 18677.866
local_termination_time: 9370.63336
node_cons: 329.8882399999984
tot_aggregated_send: 0
tot_msg_rcv: 238
tot_msg_sent: 173
tot_reconf_duration: 6.279999999999999
tot_sleeping_duration: 18437.866
tot_uptimes: 5
tot_uptimes_duration: 240.0
