comms_cons: 1.7566463999963073
finished_reconf: true
global_termination_time: 17836.579
local_termination_time: 6053.42036
node_cons: 327.32161999999926
tot_aggregated_send: 0
tot_msg_rcv: 149
tot_msg_sent: 118
tot_reconf_duration: 4.390000000000001
tot_sleeping_duration: 17596.579
tot_uptimes: 5
tot_uptimes_duration: 240.0
