comms_cons: 803.4275329647736
finished_reconf: true
global_termination_time: 7988180.899239989
local_termination_time: 23494.4612
node_cons: 164389.2495883463
tot_aggregated_send: 111592
tot_msg_rcv: 3697
tot_msg_sent: 6824
tot_reconf_duration: 18.21
tot_sleeping_duration: 7865429.203640025
tot_uptimes: 2046
tot_uptimes_duration: 122751.69559996412
