comms_cons: 785.6362752939079
finished_reconf: true
global_termination_time: 7988963.411
local_termination_time: 5870133.960359999
node_cons: 164311.4601999936
tot_aggregated_send: 114434
tot_msg_rcv: 1722
tot_msg_sent: 3255
tot_reconf_duration: 11.899999999999999
tot_sleeping_duration: 7866263.411
tot_uptimes: 2046
tot_uptimes_duration: 122700.0
