comms_cons: 12.127347199897763
finished_reconf: true
global_termination_time: 100479.33847999996
local_termination_time: 100479.29735999997
node_cons: 2060.259800959376
tot_aggregated_send: 696
tot_msg_rcv: 384
tot_msg_sent: 765
tot_reconf_duration: 24.59
tot_sleeping_duration: 98965.62184000041
tot_uptimes: 26
tot_uptimes_duration: 1513.7166399995403
