comms_cons: 11.309644799946419
finished_reconf: true
global_termination_time: 103199.936
local_termination_time: 65523.72460000011
node_cons: 2104.207121119138
tot_aggregated_send: 1102
tot_msg_rcv: 220
tot_msg_sent: 397
tot_reconf_duration: 11.31
tot_sleeping_duration: 101639.92992000064
tot_uptimes: 27
tot_uptimes_duration: 1560.006079999359
