comms_cons: 11.45501439998997
finished_reconf: true
global_termination_time: 101197.991
local_termination_time: 39179.292360000014
node_cons: 2015.8983633585938
tot_aggregated_send: 870
tot_msg_rcv: 289
tot_msg_sent: 582
tot_reconf_duration: 5.43
tot_sleeping_duration: 99697.97276000104
tot_uptimes: 26
tot_uptimes_duration: 1500.0182399989499
