comms_cons: 56.785075199569704
finished_reconf: true
global_termination_time: 570577.568
local_termination_time: 163025.0836000001
node_cons: 11736.171980000014
tot_aggregated_send: 8236
tot_msg_rcv: 167
tot_msg_sent: 228
tot_reconf_duration: 4.8100000000000005
tot_sleeping_duration: 561817.568
tot_uptimes: 147
tot_uptimes_duration: 8760.0
