comms_cons: 56.22584320050241
finished_reconf: true
global_termination_time: 569193.233
local_termination_time: 36485.049880000086
node_cons: 11659.919560000015
tot_aggregated_send: 8120
tot_msg_rcv: 143
tot_msg_sent: 283
tot_reconf_duration: 7.819999999999999
tot_sleeping_duration: 560493.233
tot_uptimes: 146
tot_uptimes_duration: 8700.0
