comms_cons: 41.442380800806056
finished_reconf: true
global_termination_time: 399073.4636800008
local_termination_time: 18024.817320000002
node_cons: 8272.019028642531
tot_aggregated_send: 5394
tot_msg_rcv: 348
tot_msg_sent: 557
tot_reconf_duration: 5.57
tot_sleeping_duration: 392901.3539199989
tot_uptimes: 103
tot_uptimes_duration: 6172.109760001884
