comms_cons: 56.719283201271594
finished_reconf: true
global_termination_time: 560737.207
local_termination_time: 144757.9927200001
node_cons: 11499.255842242846
tot_aggregated_send: 7656
tot_msg_rcv: 332
tot_msg_sent: 633
tot_reconf_duration: 7.819999999999999
tot_sleeping_duration: 552157.1948399979
tot_uptimes: 144
tot_uptimes_duration: 8580.012160002138
