comms_cons: 55.45012480052232
finished_reconf: true
global_termination_time: 563151.79
local_termination_time: 262884.45236000005
node_cons: 11584.318980000013
tot_aggregated_send: 7772
tot_msg_rcv: 171
tot_msg_sent: 486
tot_reconf_duration: 11.31
tot_sleeping_duration: 554511.79
tot_uptimes: 145
tot_uptimes_duration: 8640.0
