comms_cons: 797.80924821554
finished_reconf: true
global_termination_time: 7926319.204239997
local_termination_time: 279022.80520000064
node_cons: 163053.72231164173
tot_aggregated_send: 110374
tot_msg_rcv: 3637
tot_msg_sent: 7252
tot_reconf_duration: 18.21
tot_sleeping_duration: 7804564.915120021
tot_uptimes: 2030
tot_uptimes_duration: 121754.28911997558
