comms_cons: 783.5761409344682
finished_reconf: true
global_termination_time: 7929020.189
local_termination_time: 2450509.6636
node_cons: 163111.08056669706
tot_aggregated_send: 110954
tot_msg_rcv: 2808
tot_msg_sent: 5337
tot_reconf_duration: 15.34
tot_sleeping_duration: 7807220.152520013
tot_uptimes: 2031
tot_uptimes_duration: 121800.0364799872
