comms_cons: 785.9297217265052
finished_reconf: true
global_termination_time: 7929835.538
local_termination_time: 2807847.30048
node_cons: 163108.12556558003
tot_aggregated_send: 111244
tot_msg_rcv: 2735
tot_msg_sent: 5476
tot_reconf_duration: 13.17
tot_sleeping_duration: 7808035.50760001
tot_uptimes: 2031
tot_uptimes_duration: 121800.03039998934
