comms_cons: 785.1506049393312
finished_reconf: true
global_termination_time: 7928523.113
local_termination_time: 3078773.1480399985
node_cons: 163094.41520446306
tot_aggregated_send: 110432
tot_msg_rcv: 2887
tot_msg_sent: 6016
tot_reconf_duration: 3.08
tot_sleeping_duration: 7806723.088680008
tot_uptimes: 2031
tot_uptimes_duration: 121800.02431999147
