comms_cons: 783.6346497388087
finished_reconf: true
global_termination_time: 7930355.279
local_termination_time: 3168332.8018399985
node_cons: 163101.22692557992
tot_aggregated_send: 110954
tot_msg_rcv: 2787
tot_msg_sent: 5366
tot_reconf_duration: 8.09
tot_sleeping_duration: 7808555.248600011
tot_uptimes: 2031
tot_uptimes_duration: 121800.03039998934
