comms_cons: 778.5422337425516
finished_reconf: true
global_termination_time: 7929402.376
local_termination_time: 5438602.539119998
node_cons: 163115.62716446197
tot_aggregated_send: 109562
tot_msg_rcv: 2938
tot_msg_sent: 5833
tot_reconf_duration: 18.700000000000003
tot_sleeping_duration: 7807602.351680009
tot_uptimes: 2031
tot_uptimes_duration: 121800.02431999147
