comms_cons: 793.4090113700622
finished_reconf: true
global_termination_time: 7927505.339
local_termination_time: 535575.1885999988
node_cons: 163096.8052500472
tot_aggregated_send: 111360
tot_msg_rcv: 3102
tot_msg_sent: 6131
tot_reconf_duration: 4.8100000000000005
tot_sleeping_duration: 7805705.28428002
tot_uptimes: 2031
tot_uptimes_duration: 121800.05471997964
