comms_cons: 793.4280769977886
finished_reconf: true
global_termination_time: 7928110.286
local_termination_time: 632798.2980000001
node_cons: 163096.23489004746
tot_aggregated_send: 110833
tot_msg_rcv: 3310
tot_msg_sent: 6452
tot_reconf_duration: 4.390000000000001
tot_sleeping_duration: 7806310.23128002
tot_uptimes: 2031
tot_uptimes_duration: 121800.05471997987
