comms_cons: 793.8408258182332
finished_reconf: true
global_termination_time: 7928972.741
local_termination_time: 700629.2704399995
node_cons: 163094.407028931
tot_aggregated_send: 109852
tot_msg_rcv: 3834
tot_msg_sent: 6971
tot_reconf_duration: 3.05
tot_sleeping_duration: 7807172.692360017
tot_uptimes: 2031
tot_uptimes_duration: 121800.04863998247
