comms_cons: 422.9037952345165
finished_reconf: true
global_termination_time: 4347243.898
local_termination_time: 2044759.5694799998
node_cons: 89436.35370669913
tot_aggregated_send: 59856
tot_msg_rcv: 1460
tot_msg_sent: 2961
tot_reconf_duration: 13.17
tot_sleeping_duration: 4280463.861520014
tot_uptimes: 1114
tot_uptimes_duration: 66780.03647998627
