comms_cons: 422.32298241673385
finished_reconf: true
global_termination_time: 4344296.803
local_termination_time: 1880361.2502799984
node_cons: 89342.29520446566
tot_aggregated_send: 60030
tot_msg_rcv: 1308
tot_msg_sent: 2851
tot_reconf_duration: 3.08
tot_sleeping_duration: 4277576.778680009
tot_uptimes: 1113
tot_uptimes_duration: 66720.024319991
