comms_cons: 435.45785605054635
finished_reconf: true
global_termination_time: 4346519.489
local_termination_time: 587084.43936
node_cons: 89431.29377116724
tot_aggregated_send: 59798
tot_msg_rcv: 2203
tot_msg_sent: 4184
tot_reconf_duration: 9.42
tot_sleeping_duration: 4279739.428200023
tot_uptimes: 1114
tot_uptimes_duration: 66780.06079997728
