comms_cons: 434.84002566951676
finished_reconf: true
global_termination_time: 4345814.845
local_termination_time: 379099.40748
node_cons: 89344.11489004998
tot_aggregated_send: 60204
tot_msg_rcv: 1992
tot_msg_sent: 3896
tot_reconf_duration: 4.390000000000001
tot_sleeping_duration: 4279094.79028002
tot_uptimes: 1113
tot_uptimes_duration: 66720.05471997941
