comms_cons: 97.06951679232218
finished_reconf: true
global_termination_time: 954354.655
local_termination_time: 56931.39096000003
node_cons: 19607.1914523013
tot_aggregated_send: 12760
tot_msg_rcv: 589
tot_msg_sent: 1405
tot_reconf_duration: 3.05
tot_sleeping_duration: 939714.5881200139
tot_uptimes: 245
tot_uptimes_duration: 14640.066879986014
