comms_cons: 2375.142930012496
finished_reconf: true
global_termination_time: 4910776.589279998
local_termination_time: 4910776.548159998
node_cons: 298141.57085273566
tot_aggregated_send: 0
tot_msg_rcv: 145924
tot_msg_sent: 215085
tot_reconf_duration: 37.410000000000004
tot_sleeping_duration: 4688154.656440017
tot_uptimes: 3648
tot_uptimes_duration: 222621.9328399811
