comms_cons: 493.8923904748523
finished_reconf: true
global_termination_time: 4915583.855
local_termination_time: 112432.52359999993
node_cons: 101102.18323452375
tot_aggregated_send: 69136
tot_msg_rcv: 2112
tot_msg_sent: 3819
tot_reconf_duration: 25.299999999999997
tot_sleeping_duration: 4840103.775960025
tot_uptimes: 1259
tot_uptimes_duration: 75480.07903997511
