comms_cons: 494.35338248428377
finished_reconf: true
global_termination_time: 4911038.107
local_termination_time: 538969.0683599999
node_cons: 101005.32184781793
tot_aggregated_send: 68498
tot_msg_rcv: 2232
tot_msg_sent: 4408
tot_reconf_duration: 13.17
tot_sleeping_duration: 4835618.064440015
tot_uptimes: 1258
tot_uptimes_duration: 75420.04255998564
