comms_cons: 496.1113857096825
finished_reconf: true
global_termination_time: 4913822.488
local_termination_time: 801669.0543599998
node_cons: 101078.77134893264
tot_aggregated_send: 67918
tot_msg_rcv: 2437
tot_msg_sent: 5050
tot_reconf_duration: 8.09
tot_sleeping_duration: 4838342.439360019
tot_uptimes: 1259
tot_uptimes_duration: 75480.04863998177
