comms_cons: 494.1455872803844
finished_reconf: true
global_termination_time: 4914039.637
local_termination_time: 854605.3692799992
node_cons: 101080.16465004951
tot_aggregated_send: 68440
tot_msg_rcv: 2138
tot_msg_sent: 4528
tot_reconf_duration: 9.11
tot_sleeping_duration: 4838559.58228002
tot_uptimes: 1259
tot_uptimes_duration: 75480.05471997941
