comms_cons: 11.309644799872988
finished_reconf: true
global_termination_time: 110780.884
local_termination_time: 16059.793360000001
node_cons: 2274.257321119152
tot_aggregated_send: 1218
tot_msg_rcv: 162
tot_msg_sent: 339
tot_reconf_duration: 18.21
tot_sleeping_duration: 109100.87792000064
tot_uptimes: 29
tot_uptimes_duration: 1680.0060799993662
