comms_cons: 11.020787200026085
finished_reconf: true
global_termination_time: 112572.218
local_termination_time: 59229.1
node_cons: 2280.3074081601726
tot_aggregated_send: 1448
tot_msg_rcv: 73
tot_msg_sent: 155
tot_reconf_duration: 22.65
tot_sleeping_duration: 110892.19655999985
tot_uptimes: 29
tot_uptimes_duration: 1680.021440000135
