comms_cons: 12.553740799916516
finished_reconf: true
global_termination_time: 112846.564
local_termination_time: 45381.45148000001
node_cons: 2257.991183358595
tot_aggregated_send: 1218
tot_msg_rcv: 285
tot_msg_sent: 405
tot_reconf_duration: 6.22
tot_sleeping_duration: 111166.54576000106
tot_uptimes: 29
tot_uptimes_duration: 1680.0182399989499
