comms_cons: 336.1337088242471
finished_reconf: true
global_termination_time: 3324246.3750799987
local_termination_time: 3324246.3339599986
node_cons: 68480.8061214114
tot_aggregated_send: 46432
tot_msg_rcv: 1707
tot_msg_sent: 2949
tot_reconf_duration: 37.410000000000004
tot_sleeping_duration: 3273141.070120019
tot_uptimes: 852
tot_uptimes_duration: 51105.304959979956
