comms_cons: 552.8490434719678
finished_reconf: true
global_termination_time: 3325507.543
local_termination_time: 1957004.8864799996
node_cons: 68376.29836446629
tot_aggregated_send: 0
tot_msg_rcv: 42260
tot_msg_sent: 41767
tot_reconf_duration: 5.1
tot_sleeping_duration: 3274447.518680009
tot_uptimes: 852
tot_uptimes_duration: 51060.024319991004
