comms_cons: 353.6648960103193
finished_reconf: true
global_termination_time: 3622086.269
local_termination_time: 2482916.7055999986
node_cons: 74509.54554111481
tot_aggregated_send: 49764
tot_msg_rcv: 1324
tot_msg_sent: 2667
tot_reconf_duration: 25.299999999999997
tot_sleeping_duration: 3566466.262920002
tot_uptimes: 928
tot_uptimes_duration: 55620.006079997635
