comms_cons: 366.23484805465813
finished_reconf: true
global_termination_time: 3621385.158
local_termination_time: 306222.50260000053
node_cons: 74481.74454447017
tot_aggregated_send: 49126
tot_msg_rcv: 2174
tot_msg_sent: 4364
tot_reconf_duration: 4.8100000000000005
tot_sleeping_duration: 3565765.133680006
tot_uptimes: 928
tot_uptimes_duration: 55620.02431999397
