comms_cons: 363.89950083074064
finished_reconf: true
global_termination_time: 3619056.033
local_termination_time: 840754.6829599997
node_cons: 74481.17418446591
tot_aggregated_send: 49822
tot_msg_rcv: 1861
tot_msg_sent: 3626
tot_reconf_duration: 4.390000000000001
tot_sleeping_duration: 3563436.008680009
tot_uptimes: 927
tot_uptimes_duration: 55620.02431999077
