comms_cons: 543.5373756893107
finished_reconf: true
global_termination_time: 1127370.6135999998
local_termination_time: 1127370.5724799999
node_cons: 68266.18798784148
tot_aggregated_send: 0
tot_msg_rcv: 33403
tot_msg_sent: 49213
tot_reconf_duration: 37.410000000000004
tot_sleeping_duration: 1076425.5910399978
tot_uptimes: 836
tot_uptimes_duration: 50945.022560002144
