comms_cons: 116.14854399033102
finished_reconf: true
global_termination_time: 1131547.496
local_termination_time: 349083.81960000057
node_cons: 23239.17313117759
tot_aggregated_send: 14964
tot_msg_rcv: 890
tot_msg_sent: 1799
tot_reconf_duration: 15.34
tot_sleeping_duration: 1114207.4352000167
tot_uptimes: 290
tot_uptimes_duration: 17340.060799983214
