comms_cons: 112.05756159601918
finished_reconf: true
global_termination_time: 1130001.731
local_termination_time: 392683.38399999996
node_cons: 23240.844974961186
tot_aggregated_send: 16063
tot_msg_rcv: 283
tot_msg_sent: 687
tot_reconf_duration: 15.110000000000001
tot_sleeping_duration: 1112660.188359999
tot_uptimes: 290
tot_uptimes_duration: 17341.542640000873
