comms_cons: 111.96482559643276
finished_reconf: true
global_termination_time: 1128063.202
local_termination_time: 385113.3493200007
node_cons: 23155.071540000044
tot_aggregated_send: 16124
tot_msg_rcv: 325
tot_msg_sent: 569
tot_reconf_duration: 12.629999999999999
tot_sleeping_duration: 1110783.202
tot_uptimes: 289
tot_uptimes_duration: 17280.0
