comms_cons: 111.49112319661312
finished_reconf: true
global_termination_time: 1129668.181
local_termination_time: 551747.6473599998
node_cons: 23243.654599999973
tot_aggregated_send: 16182
tot_msg_rcv: 201
tot_msg_sent: 563
tot_reconf_duration: 18.700000000000003
tot_sleeping_duration: 1112328.181
tot_uptimes: 290
tot_uptimes_duration: 17340.0
