comms_cons: 116.23598078911286
finished_reconf: true
global_termination_time: 1130716.521
local_termination_time: 383735.2528800009
node_cons: 23225.69906894388
tot_aggregated_send: 14964
tot_msg_rcv: 899
tot_msg_sent: 1805
tot_reconf_duration: 5.43
tot_sleeping_duration: 1113376.4723600121
tot_uptimes: 290
tot_uptimes_duration: 17340.048639987945
