comms_cons: 109.29960959375913
finished_reconf: true
global_termination_time: 1087668.283
local_termination_time: 401479.99036000005
node_cons: 22355.080085584177
tot_aggregated_send: 15022
tot_msg_rcv: 494
tot_msg_sent: 1096
tot_reconf_duration: 15.110000000000001
tot_sleeping_duration: 1070988.2526000119
tot_uptimes: 279
tot_uptimes_duration: 16680.030399988173
