comms_cons: 108.91865599308163
finished_reconf: true
global_termination_time: 1088607.06
local_termination_time: 560788.5994799999
node_cons: 22347.328642233755
tot_aggregated_send: 14848
tot_msg_rcv: 550
tot_msg_sent: 1157
tot_reconf_duration: 9.42
tot_sleeping_duration: 1071927.0478400048
tot_uptimes: 279
tot_uptimes_duration: 16680.01215999527
