comms_cons: 109.80089599556182
finished_reconf: true
global_termination_time: 1084190.327
local_termination_time: 246903.92720000018
node_cons: 22275.05242559339
tot_aggregated_send: 14732
tot_msg_rcv: 630
tot_msg_sent: 1327
tot_reconf_duration: 15.34
tot_sleeping_duration: 1067570.296600005
tot_uptimes: 278
tot_uptimes_duration: 16620.03039999504
