comms_cons: 358.10184964630463
finished_reconf: true
global_termination_time: 3571726.268
local_termination_time: 2073807.41336
node_cons: 73441.79506670099
tot_aggregated_send: 49590
tot_msg_rcv: 1568
tot_msg_sent: 3269
tot_reconf_duration: 8.09
tot_sleeping_duration: 3516886.2315200134
tot_uptimes: 915
tot_uptimes_duration: 54840.03647998697
