comms_cons: 358.79831044490845
finished_reconf: true
global_termination_time: 3572588.995
local_termination_time: 876556.202239999
node_cons: 73443.17208558369
tot_aggregated_send: 50112
tot_msg_rcv: 1523
tot_msg_sent: 2900
tot_reconf_duration: 9.11
tot_sleeping_duration: 3517748.9646000112
tot_uptimes: 915
tot_uptimes_duration: 54840.030399989104
