comms_cons: 358.4479744530115
finished_reconf: true
global_termination_time: 3572497.847
local_termination_time: 72477.01467999959
node_cons: 73446.97718781675
tot_aggregated_send: 50170
tot_msg_rcv: 1472
tot_msg_sent: 2840
tot_reconf_duration: 11.899999999999999
tot_sleeping_duration: 3517657.804440016
tot_uptimes: 915
tot_uptimes_duration: 54840.04255998391
