comms_cons: 362.12519685524086
finished_reconf: true
global_termination_time: 3573219.448
local_termination_time: 377854.44136000006
node_cons: 73517.68896781706
tot_aggregated_send: 49358
tot_msg_rcv: 1962
tot_msg_sent: 3719
tot_reconf_duration: 4.8100000000000005
tot_sleeping_duration: 3518319.4054400157
tot_uptimes: 916
tot_uptimes_duration: 54900.04255998414
