comms_cons: 219.42947839490785
finished_reconf: true
global_termination_time: 2225418.191
local_termination_time: 1299440.8063599998
node_cons: 45720.3857999993
tot_aggregated_send: 32422
tot_msg_rcv: 354
tot_msg_sent: 576
tot_reconf_duration: 5.1
tot_sleeping_duration: 2191278.191
tot_uptimes: 570
tot_uptimes_duration: 34140.0
