comms_cons: 437.4117117537602
finished_reconf: true
global_termination_time: 2221228.9491199967
local_termination_time: 2624.5956
node_cons: 45698.62913614704
tot_aggregated_send: 0
tot_msg_rcv: 33509
tot_msg_sent: 32970
tot_reconf_duration: 11.31
tot_sleeping_duration: 2187111.4956800058
tot_uptimes: 569
tot_uptimes_duration: 34117.4534399907
