comms_cons: 111.36795521538487
finished_reconf: true
global_termination_time: 507228.7771600004
local_termination_time: 929.9730399999995
node_cons: 10427.642561141814
tot_aggregated_send: 0
tot_msg_rcv: 9379
tot_msg_sent: 7545
tot_reconf_duration: 18.21
tot_sleeping_duration: 499459.6110799841
tot_uptimes: 130
tot_uptimes_duration: 7769.166080016286
