comms_cons: 50.317721600289
finished_reconf: true
global_termination_time: 508249.988
local_termination_time: 35827.553600000014
node_cons: 10451.125800000013
tot_aggregated_send: 7366
tot_msg_rcv: 112
tot_msg_sent: 170
tot_reconf_duration: 5.1
tot_sleeping_duration: 500449.988
tot_uptimes: 131
tot_uptimes_duration: 7800.0
