comms_cons: 49.87754240013869
finished_reconf: true
global_termination_time: 509704.338
local_termination_time: 140234.98804000078
node_cons: 10491.215127682519
tot_aggregated_send: 7366
tot_msg_rcv: 56
tot_msg_sent: 159
tot_reconf_duration: 25.299999999999997
tot_sleeping_duration: 501894.8848799981
tot_uptimes: 131
tot_uptimes_duration: 7809.453120001854
