comms_cons: 148.0469952209853
finished_reconf: true
global_termination_time: 507228.1771600003
local_termination_time: 507228.1360400003
node_cons: 20776.11157324051
tot_aggregated_send: 0
tot_msg_rcv: 7540
tot_msg_sent: 14962
tot_reconf_duration: 24.59
tot_sleeping_duration: 491736.97599999997
tot_uptimes: 256
tot_uptimes_duration: 15491.201160000346
