comms_cons: 226.8179199834473
finished_reconf: true
global_termination_time: 2283579.371
local_termination_time: 189329.57136000006
node_cons: 46925.51022335454
tot_aggregated_send: 31668
tot_msg_rcv: 946
tot_msg_sent: 1861
tot_reconf_duration: 5.1
tot_sleeping_duration: 2248539.352760004
tot_uptimes: 585
tot_uptimes_duration: 35040.01823999634
