comms_cons: 228.2003199848422
finished_reconf: true
global_termination_time: 2280894.277119994
local_termination_time: 14567.297600000002
node_cons: 46988.17530525952
tot_aggregated_send: 31842
tot_msg_rcv: 942
tot_msg_sent: 1901
tot_reconf_duration: 25.299999999999997
tot_sleeping_duration: 2245827.945600009
tot_uptimes: 585
tot_uptimes_duration: 35066.33151998513
