comms_cons: 282.2805759970488
finished_reconf: true
global_termination_time: 2810444.224
local_termination_time: 665273.5729999981
node_cons: 57771.02454447097
tot_aggregated_send: 38860
tot_msg_rcv: 1201
tot_msg_sent: 2844
tot_reconf_duration: 4.8100000000000005
tot_sleeping_duration: 2767304.1996800057
tot_uptimes: 720
tot_uptimes_duration: 43140.02431999397
