comms_cons: 281.8779264073908
finished_reconf: true
global_termination_time: 2806951.606
local_termination_time: 100701.48300000001
node_cons: 57695.84975165777
tot_aggregated_send: 39088
tot_msg_rcv: 1195
tot_msg_sent: 2560
tot_reconf_duration: 7.819999999999999
tot_sleeping_duration: 2763870.7768800156
tot_uptimes: 719
tot_uptimes_duration: 43080.82911998416
