comms_cons: 2.256665599994636
finished_reconf: true
global_termination_time: 14090.884
local_termination_time: 4723.15736
node_cons: 253.81236000000013
tot_aggregated_send: 0
tot_msg_rcv: 176
tot_msg_sent: 166
tot_reconf_duration: 9.42
tot_sleeping_duration: 13910.884
tot_uptimes: 4
tot_uptimes_duration: 180.0
