comms_cons: 2.2375551999960823
finished_reconf: true
global_termination_time: 12075.747
local_termination_time: 6733.816360000001
node_cons: 256.3789800000005
tot_aggregated_send: 0
tot_msg_rcv: 176
tot_msg_sent: 164
tot_reconf_duration: 11.31
tot_sleeping_duration: 11895.747
tot_uptimes: 4
tot_uptimes_duration: 180.0
