comms_cons: 9.559577599990728
finished_reconf: true
global_termination_time: 3548.948800000004
local_termination_time: 3548.9076800000043
node_cons: 1047.065495200006
tot_aggregated_send: 0
tot_msg_rcv: 705
tot_msg_sent: 746
tot_reconf_duration: 24.59
tot_sleeping_duration: 2791.9120000000003
tot_uptimes: 12
tot_uptimes_duration: 757.0368000000042
