comms_cons: 59.239456000454645
finished_reconf: true
global_termination_time: 578608.699
local_termination_time: 118813.96635999998
node_cons: 11921.09498224289
tot_aggregated_send: 7656
tot_msg_rcv: 439
tot_msg_sent: 909
tot_reconf_duration: 22.65
tot_sleeping_duration: 569728.6868399979
tot_uptimes: 149
tot_uptimes_duration: 8880.01216000214
