comms_cons: 58.85088639905638
finished_reconf: true
global_termination_time: 580122.18
local_termination_time: 219559.94436000008
node_cons: 11908.221142238302
tot_aggregated_send: 8004
tot_msg_rcv: 368
tot_msg_sent: 572
tot_reconf_duration: 13.17
tot_sleeping_duration: 571242.1678400013
tot_uptimes: 149
tot_uptimes_duration: 8880.012159998707
