comms_cons: 60.18988160094408
finished_reconf: true
global_termination_time: 580260.951
local_termination_time: 13353.500960000003
node_cons: 11905.21452336431
tot_aggregated_send: 7598
tot_msg_rcv: 569
tot_msg_sent: 982
tot_reconf_duration: 10.95
tot_sleeping_duration: 571380.9327599969
tot_uptimes: 149
tot_uptimes_duration: 8880.018240003206
