comms_cons: 57.70581759998693
finished_reconf: true
global_termination_time: 580385.113
local_termination_time: 170549.79036000004
node_cons: 11894.47004112143
tot_aggregated_send: 8062
tot_msg_rcv: 188
tot_msg_sent: 520
tot_reconf_duration: 3.05
tot_sleeping_duration: 571505.1069199989
tot_uptimes: 149
tot_uptimes_duration: 8880.006080001069
