comms_cons: 59.58964480026795
finished_reconf: true
global_termination_time: 578313.464
local_termination_time: 263146.77836000005
node_cons: 11900.980265607179
tot_aggregated_send: 7830
tot_msg_rcv: 473
tot_msg_sent: 754
tot_reconf_duration: 7.819999999999999
tot_sleeping_duration: 569433.4335999946
tot_uptimes: 149
tot_uptimes_duration: 8880.030400005344
