comms_cons: 59.843404798550615
finished_reconf: true
global_termination_time: 577260.7545199993
local_termination_time: 41694.31320000004
node_cons: 11861.827378874708
tot_aggregated_send: 7366
tot_msg_rcv: 544
tot_msg_sent: 1185
tot_reconf_duration: 5.43
tot_sleeping_duration: 568407.5406000032
tot_uptimes: 148
tot_uptimes_duration: 8853.213919996037
