comms_cons: 233.55502079457102
finished_reconf: true
global_termination_time: 2373420.156
local_termination_time: 919986.3673199986
node_cons: 48804.95857071122
tot_aggregated_send: 34394
tot_msg_rcv: 331
tot_msg_sent: 774
tot_reconf_duration: 25.299999999999997
tot_sleeping_duration: 2336997.0035200063
tot_uptimes: 608
tot_uptimes_duration: 36423.15247999388
