comms_cons: 233.7655551917585
finished_reconf: true
global_termination_time: 2368131.67
local_termination_time: 239039.09836000003
node_cons: 48690.222639999345
tot_aggregated_send: 34046
tot_msg_rcv: 517
tot_msg_sent: 968
tot_reconf_duration: 3.08
tot_sleeping_duration: 2331771.67
tot_uptimes: 607
tot_uptimes_duration: 36360.0
