comms_cons: 237.94992637885477
finished_reconf: true
global_termination_time: 2366927.420239989
local_termination_time: 794.77348
node_cons: 48770.61938834454
tot_aggregated_send: 32364
tot_msg_rcv: 1291
tot_msg_sent: 2511
tot_reconf_duration: 11.31
tot_sleeping_duration: 2330515.72464003
tot_uptimes: 607
tot_uptimes_duration: 36411.69559995906
