comms_cons: 666.2893703760355
finished_reconf: true
global_termination_time: 3381343.462
local_termination_time: 2308850.823
node_cons: 69527.77364943034
tot_aggregated_send: 0
tot_msg_rcv: 51117
tot_msg_sent: 50155
tot_reconf_duration: 22.65
tot_sleeping_duration: 3329441.285040006
tot_uptimes: 866
tot_uptimes_duration: 51902.176959994016
