comms_cons: 338.8394944325465
finished_reconf: true
global_termination_time: 3380273.646
local_termination_time: 1024293.5185999997
node_cons: 69509.49154446633
tot_aggregated_send: 46806
tot_msg_rcv: 1562
tot_msg_sent: 3133
tot_reconf_duration: 11.31
tot_sleeping_duration: 3328373.621680009
tot_uptimes: 866
tot_uptimes_duration: 51900.024319991004
