comms_cons: 134.42695677883745
finished_reconf: true
global_termination_time: 676418.477
local_termination_time: 3569.9843600000004
node_cons: 13923.581744480005
tot_aggregated_send: 0
tot_msg_rcv: 10399
tot_msg_sent: 10029
tot_reconf_duration: 18.21
tot_sleeping_duration: 666038.45268
tot_uptimes: 174
tot_uptimes_duration: 10380.02431999999
