comms_cons: 68.61350399982202
finished_reconf: true
global_termination_time: 678229.045
local_termination_time: 435908.3606800002
node_cons: 13905.770223359681
tot_aggregated_send: 8874
tot_msg_rcv: 448
tot_msg_sent: 1106
tot_reconf_duration: 5.1
tot_sleeping_duration: 667849.0267600003
tot_uptimes: 174
tot_uptimes_duration: 10380.018239999772
