comms_cons: 68.09815679941488
finished_reconf: true
global_termination_time: 675597.954
local_termination_time: 55653.380640000076
node_cons: 13929.603123359706
tot_aggregated_send: 9222
tot_msg_rcv: 397
tot_msg_sent: 731
tot_reconf_duration: 22.65
tot_sleeping_duration: 665217.9357600003
tot_uptimes: 174
tot_uptimes_duration: 10380.018239999772
