comms_cons: 242.6511615984296
finished_reconf: true
global_termination_time: 2469110.734
local_termination_time: 852695.3561199979
node_cons: 50779.06263999921
tot_aggregated_send: 35670
tot_msg_rcv: 419
tot_msg_sent: 792
tot_reconf_duration: 3.08
tot_sleeping_duration: 2431190.734
tot_uptimes: 633
tot_uptimes_duration: 37920.0
