comms_cons: 96.68792319895005
finished_reconf: true
global_termination_time: 976727.88
local_termination_time: 291522.51536
node_cons: 20093.446759999995
tot_aggregated_send: 13978
tot_msg_rcv: 201
tot_msg_sent: 517
tot_reconf_duration: 6.22
tot_sleeping_duration: 961727.88
tot_uptimes: 251
tot_uptimes_duration: 15000.0
