comms_cons: 10.292134399702574
finished_reconf: true
global_termination_time: 106093.497
local_termination_time: 1109.5881200000001
node_cons: 2195.0009844777446
tot_aggregated_send: 0
tot_msg_rcv: 238
tot_msg_sent: 1326
tot_reconf_duration: 18.990000000000002
tot_sleeping_duration: 104473.4726800017
tot_uptimes: 28
tot_uptimes_duration: 1620.024319998316
