comms_cons: 14.626719999340175
finished_reconf: true
global_termination_time: 106048.368
local_termination_time: 413.19012
node_cons: 2175.3126523160854
tot_aggregated_send: 0
tot_msg_rcv: 802
tot_msg_sent: 1419
tot_reconf_duration: 4.45
tot_sleeping_duration: 104428.30112000293
tot_uptimes: 28
tot_uptimes_duration: 1620.0668799970772
