comms_cons: 15.373587199430913
finished_reconf: true
global_termination_time: 106522.11
local_termination_time: 1729.19712
node_cons: 2185.8371867191822
tot_aggregated_send: 0
tot_msg_rcv: 871
tot_msg_sent: 1466
tot_reconf_duration: 12.23
tot_sleeping_duration: 104902.07352000062
tot_uptimes: 28
tot_uptimes_duration: 1620.0364799993895
