comms_cons: 32.75125760006881
finished_reconf: true
global_termination_time: 333863.2469600007
local_termination_time: 333847.93248000054
node_cons: 6903.1946994409855
tot_aggregated_send: 4930
tot_msg_rcv: 15
tot_msg_sent: 33
tot_reconf_duration: 4.8100000000000005
tot_sleeping_duration: 328712.63999999996
tot_uptimes: 86
tot_uptimes_duration: 5150.606960000732
