comms_cons: 95.67472639702116
finished_reconf: true
global_termination_time: 971900.338
local_termination_time: 820174.78036
node_cons: 19934.94770111695
tot_aggregated_send: 13456
tot_msg_rcv: 390
tot_msg_sent: 696
tot_reconf_duration: 7.819999999999999
tot_sleeping_duration: 957020.3319200024
tot_uptimes: 249
tot_uptimes_duration: 14880.006079997636
