comms_cons: 243.88696317426087
finished_reconf: true
global_termination_time: 2407547.962
local_termination_time: 347719.12368000066
node_cons: 49578.35708670488
tot_aggregated_send: 33060
tot_msg_rcv: 1444
tot_msg_sent: 2565
tot_reconf_duration: 6.279999999999999
tot_sleeping_duration: 2370527.9255200103
tot_uptimes: 617
tot_uptimes_duration: 37020.03647998924
