comms_cons: 244.884403195266
finished_reconf: true
global_termination_time: 2410458.598
local_termination_time: 873641.4184799979
node_cons: 49578.455611858815
tot_aggregated_send: 32944
tot_msg_rcv: 1434
tot_msg_sent: 2843
tot_reconf_duration: 4.8100000000000005
tot_sleeping_duration: 2373436.9970800155
tot_uptimes: 618
tot_uptimes_duration: 37021.60091998463
