comms_cons: 243.15949439873086
finished_reconf: true
global_termination_time: 2412880.315
local_termination_time: 281517.0035600006
node_cons: 49575.802892627114
tot_aggregated_send: 33234
tot_msg_rcv: 1166
tot_msg_sent: 2558
tot_reconf_duration: 4.390000000000001
tot_sleeping_duration: 2375860.2692400087
tot_uptimes: 618
tot_uptimes_duration: 37020.04575999093
