comms_cons: 244.99136640786264
finished_reconf: true
global_termination_time: 2407544.913119997
local_termination_time: 26640.1296
node_cons: 49517.21997860974
tot_aggregated_send: 33060
tot_msg_rcv: 1557
tot_msg_sent: 2619
tot_reconf_duration: 5.43
tot_sleeping_duration: 2370569.673360019
tot_uptimes: 617
tot_uptimes_duration: 36975.23975997791
