comms_cons: 155.79545599602346
finished_reconf: true
global_termination_time: 1570853.544
local_termination_time: 279071.72836000007
node_cons: 32303.21198000005
tot_aggregated_send: 22446
tot_msg_rcv: 420
tot_msg_sent: 814
tot_reconf_duration: 4.8100000000000005
tot_sleeping_duration: 1546733.544
tot_uptimes: 403
tot_uptimes_duration: 24120.0
