comms_cons: 154.9460287993914
finished_reconf: true
global_termination_time: 1571649.036
local_termination_time: 197821.85836000007
node_cons: 32322.07460000007
tot_aggregated_send: 22562
tot_msg_rcv: 365
tot_msg_sent: 623
tot_reconf_duration: 18.700000000000003
tot_sleeping_duration: 1547529.036
tot_uptimes: 403
tot_uptimes_duration: 24120.0
