comms_cons: 798.702707229939
finished_reconf: true
global_termination_time: 8262516.092
local_termination_time: 4405287.949359999
node_cons: 169935.26019999335
tot_aggregated_send: 118146
tot_msg_rcv: 1054
tot_msg_sent: 2198
tot_reconf_duration: 11.899999999999999
tot_sleeping_duration: 8135616.092
tot_uptimes: 2116
tot_uptimes_duration: 126900.0
