comms_cons: 134.74949118985913
finished_reconf: true
global_termination_time: 1341918.443
local_termination_time: 390198.82536
node_cons: 27565.107465593363
tot_aggregated_send: 18270
tot_msg_rcv: 699
tot_msg_sent: 1511
tot_reconf_duration: 6.22
tot_sleeping_duration: 1321338.412600005
tot_uptimes: 344
tot_uptimes_duration: 20580.03039999504
