comms_cons: 81.92538879670596
finished_reconf: true
global_termination_time: 796309.423
local_termination_time: 122895.7634399996
node_cons: 16317.564522242885
tot_aggregated_send: 10382
tot_msg_rcv: 677
tot_msg_sent: 1394
tot_reconf_duration: 6.279999999999999
tot_sleeping_duration: 784129.4108399978
tot_uptimes: 204
tot_uptimes_duration: 12180.012160002138
