comms_cons: 78.2727423996392
finished_reconf: true
global_termination_time: 796099.257
local_termination_time: 231387.7836400004
node_cons: 16315.551980000022
tot_aggregated_send: 10788
tot_msg_rcv: 354
tot_msg_sent: 755
tot_reconf_duration: 4.8100000000000005
tot_sleeping_duration: 783919.257
tot_uptimes: 204
tot_uptimes_duration: 12180.0
