comms_cons: 79.40339199902921
finished_reconf: true
global_termination_time: 793846.309
local_termination_time: 223932.32
node_cons: 16315.001115842728
tot_aggregated_send: 10667
tot_msg_rcv: 466
tot_msg_sent: 936
tot_reconf_duration: 4.390000000000001
tot_sleeping_duration: 781666.294439998
tot_uptimes: 204
tot_uptimes_duration: 12180.014560002004
