comms_cons: 190.39250562357
finished_reconf: true
global_termination_time: 395234.9976000001
local_termination_time: 395234.9564800001
node_cons: 23939.52451424203
tot_aggregated_send: 0
tot_msg_rcv: 11697
tot_msg_sent: 17242
tot_reconf_duration: 24.59
tot_sleeping_duration: 377381.27743999864
tot_uptimes: 292
tot_uptimes_duration: 17853.72016000148
