comms_cons: 78.75668480947975
finished_reconf: true
global_termination_time: 396549.422
local_termination_time: 1174.9010400000016
node_cons: 8145.123123362025
tot_aggregated_send: 0
tot_msg_rcv: 6122
tot_msg_sent: 5846
tot_reconf_duration: 22.65
tot_sleeping_duration: 390489.4037599985
tot_uptimes: 102
tot_uptimes_duration: 6060.018240001506
