comms_cons: 39.10081280002647
finished_reconf: true
global_termination_time: 396665.096
local_termination_time: 209394.18936000005
node_cons: 8129.6989800000065
tot_aggregated_send: 5626
tot_msg_rcv: 95
tot_msg_sent: 222
tot_reconf_duration: 11.31
tot_sleeping_duration: 390605.096
tot_uptimes: 102
tot_uptimes_duration: 6060.0
