comms_cons: 170.03552635118132
finished_reconf: true
global_termination_time: 1424454.737519998
local_termination_time: 1424454.6963999982
node_cons: 29407.508706908386
tot_aggregated_send: 13687
tot_msg_rcv: 4652
tot_msg_sent: 7504
tot_reconf_duration: 66.16
tot_sleeping_duration: 1402559.5445200666
tot_uptimes: 365
tot_uptimes_duration: 21895.192999931554
