comms_cons: 39.873267201266984
finished_reconf: true
global_termination_time: 195998.95444000032
local_termination_time: 310.9820399999995
node_cons: 4072.1506172795725
tot_aggregated_send: 0
tot_msg_rcv: 3149
tot_msg_sent: 2909
tot_reconf_duration: 18.21
tot_sleeping_duration: 192976.23492000066
tot_uptimes: 51
tot_uptimes_duration: 3022.7195199996786
