comms_cons: 39.09263360157465
finished_reconf: true
global_termination_time: 197003.119
local_termination_time: 1921.7363600000003
node_cons: 4047.758700000003
tot_aggregated_send: 0
tot_msg_rcv: 3060
tot_msg_sent: 2880
tot_reconf_duration: 22.65
tot_sleeping_duration: 194003.119
tot_uptimes: 51
tot_uptimes_duration: 3000.0
