comms_cons: 2.276403199992478
finished_reconf: true
global_termination_time: 16090.087
local_termination_time: 6594.37236
node_cons: 339.24486000000013
tot_aggregated_send: 0
tot_msg_rcv: 181
tot_msg_sent: 165
tot_reconf_duration: 13.17
tot_sleeping_duration: 15850.087
tot_uptimes: 5
tot_uptimes_duration: 240.0
