comms_cons: 1.7105919999943484
finished_reconf: true
global_termination_time: 15109.056
local_termination_time: 10341.81936
node_cons: 245.16189999999898
tot_aggregated_send: 0
tot_msg_rcv: 137
tot_msg_sent: 123
tot_reconf_duration: 3.05
tot_sleeping_duration: 14929.056
tot_uptimes: 4
tot_uptimes_duration: 180.0
