comms_cons: 234.41157119282897
finished_reconf: true
global_termination_time: 2392068.745
local_termination_time: 790028.6953599999
node_cons: 49175.00579999931
tot_aggregated_send: 34046
tot_msg_rcv: 541
tot_msg_sent: 1042
tot_reconf_duration: 5.1
tot_sleeping_duration: 2355348.745
tot_uptimes: 613
tot_uptimes_duration: 36720.0
