comms_cons: 234.8188543929549
finished_reconf: true
global_termination_time: 2391256.483
local_termination_time: 524573.6268799991
node_cons: 49185.973001116225
tot_aggregated_send: 34278
tot_msg_rcv: 437
tot_msg_sent: 976
tot_reconf_duration: 13.17
tot_sleeping_duration: 2354536.4769200026
tot_uptimes: 613
tot_uptimes_duration: 36720.006079997635
