comms_cons: 232.1965375934832
finished_reconf: true
global_termination_time: 2392220.692
local_termination_time: 1230181.774119999
node_cons: 49184.240199999535
tot_aggregated_send: 34046
tot_msg_rcv: 327
tot_msg_sent: 919
tot_reconf_duration: 11.899999999999999
tot_sleeping_duration: 2355500.692
tot_uptimes: 613
tot_uptimes_duration: 36720.0
