comms_cons: 239.0890687740145
finished_reconf: true
global_termination_time: 2392714.37
local_termination_time: 154623.29836000007
node_cons: 49174.15066813033
tot_aggregated_send: 31320
tot_msg_rcv: 1697
tot_msg_sent: 3323
tot_reconf_duration: 4.390000000000001
tot_sleeping_duration: 2355994.288560022
tot_uptimes: 613
tot_uptimes_duration: 36720.08143997833
