comms_cons: 235.0265791839484
finished_reconf: true
global_termination_time: 2392897.426
local_termination_time: 655297.9618399998
node_cons: 49178.74026558359
tot_aggregated_send: 31784
tot_msg_rcv: 1315
tot_msg_sent: 2623
tot_reconf_duration: 7.819999999999999
tot_sleeping_duration: 2356177.3956000116
tot_uptimes: 613
tot_uptimes_duration: 36720.03039998817
