comms_cons: 240.12321278135167
finished_reconf: true
global_termination_time: 2395754.912
local_termination_time: 923421.0953599989
node_cons: 49269.28428446662
tot_aggregated_send: 32306
tot_msg_rcv: 1409
tot_msg_sent: 2782
tot_reconf_duration: 15.34
tot_sleeping_duration: 2358974.8876800095
tot_uptimes: 614
tot_uptimes_duration: 36780.02431999054
