comms_cons: 72.2593535998234
finished_reconf: true
global_termination_time: 719742.774
local_termination_time: 94445.70735999997
node_cons: 14791.006760000024
tot_aggregated_send: 10208
tot_msg_rcv: 316
tot_msg_sent: 459
tot_reconf_duration: 6.22
tot_sleeping_duration: 708702.774
tot_uptimes: 185
tot_uptimes_duration: 11040.0
