comms_cons: 70.40401919982213
finished_reconf: true
global_termination_time: 718070.751
local_termination_time: 15176.78236
node_cons: 14717.590441841485
tot_aggregated_send: 10324
tot_msg_rcv: 97
tot_msg_sent: 280
tot_reconf_duration: 11.31
tot_sleeping_duration: 707090.742439999
tot_uptimes: 184
tot_uptimes_duration: 10980.008560001093
