comms_cons: 37.51522560059249
finished_reconf: true
global_termination_time: 362628.231
local_termination_time: 13540.48336
node_cons: 7401.932124483452
tot_aggregated_send: 4698
tot_msg_rcv: 368
tot_msg_sent: 637
tot_reconf_duration: 7.819999999999999
tot_sleeping_duration: 357108.20667999744
tot_uptimes: 93
tot_uptimes_duration: 5520.0243200025725
