comms_cons: 115.08730241620339
finished_reconf: true
global_termination_time: 518309.2846000002
local_termination_time: 1594.3640400000015
node_cons: 10650.341291944607
tot_aggregated_send: 0
tot_msg_rcv: 9788
tot_msg_sent: 7703
tot_reconf_duration: 18.21
tot_sleeping_duration: 510373.80131998187
tot_uptimes: 133
tot_uptimes_duration: 7935.483280018372
