comms_cons: 52.435251200629466
finished_reconf: true
global_termination_time: 518984.996
local_termination_time: 43914.50476000008
node_cons: 10611.41198000001
tot_aggregated_send: 7250
tot_msg_rcv: 317
tot_msg_sent: 402
tot_reconf_duration: 4.8100000000000005
tot_sleeping_duration: 511064.996
tot_uptimes: 133
tot_uptimes_duration: 7920.0
