comms_cons: 52.41648640058429
finished_reconf: true
global_termination_time: 520310.28
local_termination_time: 23525.82244
node_cons: 10695.839560000013
tot_aggregated_send: 7250
tot_msg_rcv: 260
tot_msg_sent: 457
tot_reconf_duration: 7.819999999999999
tot_sleeping_duration: 512330.28
tot_uptimes: 134
tot_uptimes_duration: 7980.0
