comms_cons: 86.04725121145654
finished_reconf: true
global_termination_time: 426733.5796800004
local_termination_time: 1889.7470400000016
node_cons: 8815.033657763339
tot_aggregated_send: 0
tot_msg_rcv: 6745
tot_msg_sent: 6332
tot_reconf_duration: 18.21
tot_sleeping_duration: 420168.7518399979
tot_uptimes: 110
tot_uptimes_duration: 6564.8278400024865
