comms_cons: 205.93079682739585
finished_reconf: true
global_termination_time: 426732.9796800003
local_termination_time: 426732.9385600003
node_cons: 25910.198728319552
tot_aggregated_send: 0
tot_msg_rcv: 12632
tot_msg_sent: 18668
tot_reconf_duration: 24.59
tot_sleeping_duration: 407407.50880000065
tot_uptimes: 320
tot_uptimes_duration: 19325.470879999622
