comms_cons: 93.98387199645649
finished_reconf: true
global_termination_time: 944054.989
local_termination_time: 271938.6774800001
node_cons: 19379.824860000008
tot_aggregated_send: 13398
tot_msg_rcv: 319
tot_msg_sent: 568
tot_reconf_duration: 13.17
tot_sleeping_duration: 929594.989
tot_uptimes: 242
tot_uptimes_duration: 14460.0
