comms_cons: 2.572467199991499
finished_reconf: true
global_termination_time: 17208.976
local_termination_time: 7312.541360000001
node_cons: 329.8882400000009
tot_aggregated_send: 0
tot_msg_rcv: 220
tot_msg_sent: 171
tot_reconf_duration: 6.279999999999999
tot_sleeping_duration: 16968.976
tot_uptimes: 5
tot_uptimes_duration: 240.0
