comms_cons: 523.2365824590692
finished_reconf: true
global_termination_time: 5237357.618
local_termination_time: 1155214.8146799994
node_cons: 107740.15559852694
tot_aggregated_send: 73196
tot_msg_rcv: 2332
tot_msg_sent: 3999
tot_reconf_duration: 3.05
tot_sleeping_duration: 5156897.562960022
tot_uptimes: 1342
tot_uptimes_duration: 80460.05503997789
