comms_cons: 514.9338624768914
finished_reconf: true
global_termination_time: 5236722.87
local_termination_time: 1430833.0459999999
node_cons: 107747.15579877622
tot_aggregated_send: 72440
tot_msg_rcv: 1967
tot_msg_sent: 3859
tot_reconf_duration: 5.43
tot_sleeping_duration: 5156260.000800015
tot_uptimes: 1342
tot_uptimes_duration: 80462.8691999847
