comms_cons: 141.38700796996835
finished_reconf: true
global_termination_time: 1125750.886
local_termination_time: 613330.0865999998
node_cons: 23144.460121116943
tot_aggregated_send: 0
tot_msg_rcv: 10808
tot_msg_sent: 10682
tot_reconf_duration: 4.8100000000000005
tot_sleeping_duration: 1108470.8799200023
tot_uptimes: 289
tot_uptimes_duration: 17280.006079997635
