comms_cons: 114.00295679413084
finished_reconf: true
global_termination_time: 1128105.104
local_termination_time: 203280.53048000054
node_cons: 23153.287121116864
tot_aggregated_send: 15602
tot_msg_rcv: 630
tot_msg_sent: 1095
tot_reconf_duration: 11.31
tot_sleeping_duration: 1110825.0979200024
tot_uptimes: 289
tot_uptimes_duration: 17280.006079997635
