comms_cons: 393.5400384872575
finished_reconf: true
global_termination_time: 3879478.085
local_termination_time: 568309.6570399983
node_cons: 79794.88664039322
tot_aggregated_send: 53360
tot_msg_rcv: 2215
tot_msg_sent: 4239
tot_reconf_duration: 12.629999999999999
tot_sleeping_duration: 3819897.9990400337
tot_uptimes: 994
tot_uptimes_duration: 59580.08595996653
