comms_cons: 386.63819522009584
finished_reconf: true
global_termination_time: 3877728.987
local_termination_time: 989371.4183599979
node_cons: 79793.03050197128
tot_aggregated_send: 53360
tot_msg_rcv: 1867
tot_msg_sent: 3539
tot_reconf_duration: 7.819999999999999
tot_sleeping_duration: 3818145.4090000205
tot_uptimes: 994
tot_uptimes_duration: 59583.577999979956
