comms_cons: 740.2158337126161
finished_reconf: true
global_termination_time: 7532799.279
local_termination_time: 3567580.0762799983
node_cons: 154986.87878446313
tot_aggregated_send: 105908
tot_msg_rcv: 2174
tot_msg_sent: 4425
tot_reconf_duration: 8.09
tot_sleeping_duration: 7417059.254680009
tot_uptimes: 1930
tot_uptimes_duration: 115740.02431999147
