comms_cons: 741.8086273145261
finished_reconf: true
global_termination_time: 7531471.98
local_termination_time: 3594722.11136
node_cons: 154907.915803346
tot_aggregated_send: 105328
tot_msg_rcv: 2663
tot_msg_sent: 4758
tot_reconf_duration: 9.11
tot_sleeping_duration: 7415791.961760007
tot_uptimes: 1929
tot_uptimes_duration: 115680.0182399936
