comms_cons: 738.9889025333168
finished_reconf: true
global_termination_time: 7533195.245
local_termination_time: 5535435.854359999
node_cons: 155001.28716446232
tot_aggregated_send: 104400
tot_msg_rcv: 2537
tot_msg_sent: 5385
tot_reconf_duration: 18.700000000000003
tot_sleeping_duration: 7417455.220680009
tot_uptimes: 1930
tot_uptimes_duration: 115740.02431999147
