comms_cons: 447.48693128084085
finished_reconf: true
global_termination_time: 4466698.705
local_termination_time: 3000890.83736
node_cons: 91849.5168489332
tot_aggregated_send: 61654
tot_msg_rcv: 2258
tot_msg_sent: 4102
tot_reconf_duration: 15.34
tot_sleeping_duration: 4398118.656360018
tot_uptimes: 1144
tot_uptimes_duration: 68580.04863998201
