comms_cons: 453.77998089708575
finished_reconf: true
global_termination_time: 4466524.448
local_termination_time: 685757.6374799989
node_cons: 91834.65489004612
tot_aggregated_send: 61074
tot_msg_rcv: 2667
tot_msg_sent: 5229
tot_reconf_duration: 4.390000000000001
tot_sleeping_duration: 4397944.393280024
tot_uptimes: 1144
tot_uptimes_duration: 68580.05471997656
