comms_cons: 445.03745286926846
finished_reconf: true
global_termination_time: 4464913.949
local_termination_time: 941774.9713599999
node_cons: 91844.06039116792
tot_aggregated_send: 61944
tot_msg_rcv: 1751
tot_msg_sent: 3949
tot_reconf_duration: 11.31
tot_sleeping_duration: 4396333.888200022
tot_uptimes: 1144
tot_uptimes_duration: 68580.06079997797
