comms_cons: 54.002700800592784
finished_reconf: true
global_termination_time: 539738.646
local_termination_time: 286356.07672000007
node_cons: 11121.285541121431
tot_aggregated_send: 7540
tot_msg_rcv: 225
tot_msg_sent: 443
tot_reconf_duration: 25.299999999999997
tot_sleeping_duration: 531458.6399199989
tot_uptimes: 139
tot_uptimes_duration: 8280.006080001069
