comms_cons: 54.515251200270775
finished_reconf: true
global_termination_time: 541136.058
local_termination_time: 322045.50836000004
node_cons: 11092.897902242816
tot_aggregated_send: 7540
tot_msg_rcv: 284
tot_msg_sent: 462
tot_reconf_duration: 4.390000000000001
tot_sleeping_duration: 532856.0458399978
tot_uptimes: 139
tot_uptimes_duration: 8280.012160002138
