comms_cons: 512.6183680957321
finished_reconf: true
global_termination_time: 2609106.956
local_termination_time: 1436485.7213599987
node_cons: 53697.90312334951
tot_aggregated_send: 0
tot_msg_rcv: 39186
tot_msg_sent: 38729
tot_reconf_duration: 22.65
tot_sleeping_duration: 2569026.9377600066
tot_uptimes: 669
tot_uptimes_duration: 40080.0182399929
