comms_cons: 258.6559231868039
finished_reconf: true
global_termination_time: 2607090.046
local_termination_time: 1067313.84336
node_cons: 53594.3603422329
tot_aggregated_send: 36366
tot_msg_rcv: 914
tot_msg_sent: 2035
tot_reconf_duration: 5.57
tot_sleeping_duration: 2567070.033840005
tot_uptimes: 668
tot_uptimes_duration: 40020.01215999527
