comms_cons: 258.51639038378704
finished_reconf: true
global_termination_time: 2606514.219
local_termination_time: 1097587.4283599998
node_cons: 53593.72208223262
tot_aggregated_send: 36424
tot_msg_rcv: 982
tot_msg_sent: 1887
tot_reconf_duration: 5.1
tot_sleeping_duration: 2566494.206840005
tot_uptimes: 668
tot_uptimes_duration: 40020.01215999527
