comms_cons: 258.7388799839171
finished_reconf: true
global_termination_time: 2607483.77
local_termination_time: 1106068.48236
node_cons: 53621.16182334971
tot_aggregated_send: 35960
tot_msg_rcv: 1177
tot_msg_sent: 2189
tot_reconf_duration: 25.299999999999997
tot_sleeping_duration: 2567463.751760007
tot_uptimes: 668
tot_uptimes_duration: 40020.0182399929
