comms_cons: 263.7074943956179
finished_reconf: true
global_termination_time: 2607046.823
local_termination_time: 83934.12235999943
node_cons: 53602.206784220834
tot_aggregated_send: 35960
tot_msg_rcv: 1389
tot_msg_sent: 2733
tot_reconf_duration: 7.819999999999999
tot_sleeping_duration: 2567023.2328400137
tot_uptimes: 668
tot_uptimes_duration: 40023.590159986314
