comms_cons: 264.9133696065098
finished_reconf: true
global_termination_time: 2611032.805
local_termination_time: 11814.182600000002
node_cons: 53675.640030064744
tot_aggregated_send: 35902
tot_msg_rcv: 1514
tot_msg_sent: 2851
tot_reconf_duration: 6.22
tot_sleeping_duration: 2570952.750280011
tot_uptimes: 669
tot_uptimes_duration: 40080.054719989246
