comms_cons: 11.380697600213859
finished_reconf: true
global_termination_time: 99629.005
local_termination_time: 50071.59676000009
node_cons: 2017.0526633605887
tot_aggregated_send: 638
tot_msg_rcv: 397
tot_msg_sent: 694
tot_reconf_duration: 6.279999999999999
tot_sleeping_duration: 98128.98675999956
tot_uptimes: 26
tot_uptimes_duration: 1500.0182400004414
