comms_cons: 12.404300799921014
finished_reconf: true
global_termination_time: 97313.47123999988
local_termination_time: 48093.625760000185
node_cons: 1961.3039627184469
tot_aggregated_send: 638
tot_msg_rcv: 541
tot_msg_sent: 707
tot_reconf_duration: 4.390000000000001
tot_sleeping_duration: 95853.17076000106
tot_uptimes: 25
tot_uptimes_duration: 1460.300479998834
