comms_cons: 10.994470399960306
finished_reconf: true
global_termination_time: 98700.805
local_termination_time: 48133.74736000001
node_cons: 2015.882081119151
tot_aggregated_send: 638
tot_msg_rcv: 391
tot_msg_sent: 643
tot_reconf_duration: 5.43
tot_sleeping_duration: 97200.79892000063
tot_uptimes: 26
tot_uptimes_duration: 1500.0060799993662
