comms_cons: 658.7221313416927
finished_reconf: true
global_termination_time: 6583293.393
local_termination_time: 1955124.880239998
node_cons: 135407.18449228987
tot_aggregated_send: 91698
tot_msg_rcv: 3020
tot_msg_sent: 5403
tot_reconf_duration: 15.34
tot_sleeping_duration: 6482183.346120019
tot_uptimes: 1686
tot_uptimes_duration: 101110.04687998071
