comms_cons: 110.17431038913247
finished_reconf: true
global_termination_time: 1084650.191
local_termination_time: 37800.238480000015
node_cons: 22278.974308939287
tot_aggregated_send: 14558
tot_msg_rcv: 687
tot_msg_sent: 1500
tot_reconf_duration: 18.21
tot_sleeping_duration: 1068030.1423600155
tot_uptimes: 278
tot_uptimes_duration: 16620.04863998451
