comms_cons: 107.3857023966902
finished_reconf: true
global_termination_time: 1080603.786
local_termination_time: 456431.19136000006
node_cons: 22191.741142233677
tot_aggregated_send: 14500
tot_msg_rcv: 727
tot_msg_sent: 1095
tot_reconf_duration: 13.17
tot_sleeping_duration: 1064043.7738400048
tot_uptimes: 277
tot_uptimes_duration: 16560.01215999527
