comms_cons: 107.29359359568636
finished_reconf: true
global_termination_time: 1079615.758
local_termination_time: 613249.59636
node_cons: 22186.63236000009
tot_aggregated_send: 15138
tot_msg_rcv: 422
tot_msg_sent: 748
tot_reconf_duration: 9.42
tot_sleeping_duration: 1063055.758
tot_uptimes: 277
tot_uptimes_duration: 16560.0
