comms_cons: 109.40551678968404
finished_reconf: true
global_termination_time: 1081247.274
local_termination_time: 653508.09136
node_cons: 22180.404544472036
tot_aggregated_send: 14674
tot_msg_rcv: 619
tot_msg_sent: 1336
tot_reconf_duration: 4.8100000000000005
tot_sleeping_duration: 1064687.249680006
tot_uptimes: 277
tot_uptimes_duration: 16560.024319993972
