comms_cons: 109.74490879250497
finished_reconf: true
global_termination_time: 1078860.4702400004
local_termination_time: 114605.27035999995
node_cons: 22240.367088308914
tot_aggregated_send: 14442
tot_msg_rcv: 749
tot_msg_sent: 1488
tot_reconf_duration: 3.05
tot_sleeping_duration: 1062253.8793600088
tot_uptimes: 277
tot_uptimes_duration: 16606.59087999171
