comms_cons: 109.98414079432507
finished_reconf: true
global_termination_time: 1080399.025
local_termination_time: 611310.5243599998
node_cons: 22181.262786710133
tot_aggregated_send: 14268
tot_msg_rcv: 800
tot_msg_sent: 1649
tot_reconf_duration: 5.43
tot_sleeping_duration: 1063838.9885200073
tot_uptimes: 277
tot_uptimes_duration: 16560.036479992676
