comms_cons: 22.415961599933034
finished_reconf: true
global_termination_time: 223599.715
local_termination_time: 6157.476000000001
node_cons: 4593.888321120009
tot_aggregated_send: 3130
tot_msg_rcv: 101
tot_msg_sent: 177
tot_reconf_duration: 6.279999999999999
tot_sleeping_duration: 220175.24891999998
tot_uptimes: 58
tot_uptimes_duration: 3424.4660800000042
