comms_cons: 198.50470398429343
finished_reconf: true
global_termination_time: 1972519.9481200003
local_termination_time: 92054.549
node_cons: 40656.78889278833
tot_aggregated_send: 27548
tot_msg_rcv: 941
tot_msg_sent: 1680
tot_reconf_duration: 22.65
tot_sleeping_duration: 1942179.3729200088
tot_uptimes: 506
tot_uptimes_duration: 30340.575199991494
