comms_cons: 193.6324351990682
finished_reconf: true
global_termination_time: 1973272.699
local_termination_time: 1368552.743999999
node_cons: 40587.05897999979
tot_aggregated_send: 28188
tot_msg_rcv: 460
tot_msg_sent: 783
tot_reconf_duration: 11.31
tot_sleeping_duration: 1942972.699
tot_uptimes: 506
tot_uptimes_duration: 30300.0
