comms_cons: 102.53082879567843
finished_reconf: true
global_termination_time: 1029959.267
local_termination_time: 181361.7138400006
node_cons: 21137.883042238296
tot_aggregated_send: 14036
tot_msg_rcv: 502
tot_msg_sent: 1046
tot_reconf_duration: 6.22
tot_sleeping_duration: 1014179.2548400013
tot_uptimes: 264
tot_uptimes_duration: 15780.012159998703
