comms_cons: 26.982643200348498
finished_reconf: true
global_termination_time: 259184.596
local_termination_time: 57849.14264000017
node_cons: 5310.903042240587
tot_aggregated_send: 3364
tot_msg_rcv: 274
tot_msg_sent: 464
tot_reconf_duration: 6.22
tot_sleeping_duration: 255224.58383999957
tot_uptimes: 67
tot_uptimes_duration: 3960.012160000435
