comms_cons: 202.56167678402494
finished_reconf: true
global_termination_time: 2004243.73724
local_termination_time: 93862.72827999952
node_cons: 41238.99043383165
tot_aggregated_send: 27782
tot_msg_rcv: 1098
tot_msg_sent: 1908
tot_reconf_duration: 3.05
tot_sleeping_duration: 1973448.4806800059
tot_uptimes: 514
tot_uptimes_duration: 30795.256559994014
