comms_cons: 0.9145087999969804
finished_reconf: true
global_termination_time: 5329.149
local_termination_time: 2312.3893600000006
node_cons: 91.32622000000019
tot_aggregated_send: 0
tot_msg_rcv: 86
tot_msg_sent: 53
tot_reconf_duration: 8.09
tot_sleeping_duration: 5269.149
tot_uptimes: 2
tot_uptimes_duration: 60.0
