comms_cons: 0.7434496000016577
finished_reconf: true
global_termination_time: 5840.718
local_termination_time: 1528.65936
node_cons: 96.50019999999981
tot_aggregated_send: 0
tot_msg_rcv: 65
tot_msg_sent: 48
tot_reconf_duration: 11.899999999999999
tot_sleeping_duration: 5780.718
tot_uptimes: 2
tot_uptimes_duration: 60.0
