comms_cons: 29.292806400592042
finished_reconf: true
global_termination_time: 264754.4267200001
local_termination_time: 264754.3856000001
node_cons: 5434.674343682735
tot_aggregated_send: 2828
tot_msg_rcv: 552
tot_msg_sent: 1071
tot_reconf_duration: 24.59
tot_sleeping_duration: 260720.60959999808
tot_uptimes: 68
tot_uptimes_duration: 4033.8171200020297
