comms_cons: 26.18817280015717
finished_reconf: true
global_termination_time: 268548.991
local_termination_time: 149931.2306800007
node_cons: 5478.478980000002
tot_aggregated_send: 3828
tot_msg_rcv: 46
tot_msg_sent: 106
tot_reconf_duration: 11.31
tot_sleeping_duration: 264468.991
tot_uptimes: 69
tot_uptimes_duration: 4080.0
