comms_cons: 244.72045439174292
finished_reconf: true
global_termination_time: 2466058.059
local_termination_time: 1248662.8847999985
node_cons: 50819.07208719725
tot_aggregated_send: 35844
tot_msg_rcv: 556
tot_msg_sent: 796
tot_reconf_duration: 25.299999999999997
tot_sleeping_duration: 2428130.7142000017
tot_uptimes: 632
tot_uptimes_duration: 37927.34479999845
