comms_cons: 250.38101758546563
finished_reconf: true
global_termination_time: 2466056.887119997
local_termination_time: 265699.83948
node_cons: 50720.94836420299
tot_aggregated_send: 33118
tot_msg_rcv: 1501
tot_msg_sent: 3438
tot_reconf_duration: 4.390000000000001
tot_sleeping_duration: 2428181.616960024
tot_uptimes: 632
tot_uptimes_duration: 37875.27015997295
