comms_cons: 189.47085438647406
finished_reconf: true
global_termination_time: 1883157.6701200001
local_termination_time: 246283.696
node_cons: 38777.8691716728
tot_aggregated_send: 26098
tot_msg_rcv: 909
tot_msg_sent: 1792
tot_reconf_duration: 22.65
tot_sleeping_duration: 1854220.3210000054
tot_uptimes: 483
tot_uptimes_duration: 28937.349119994786
