comms_cons: 188.15842558163817
finished_reconf: true
global_termination_time: 1889565.346
local_termination_time: 879792.2845199982
node_cons: 38814.86398335038
tot_aggregated_send: 25752
tot_msg_rcv: 955
tot_msg_sent: 1891
tot_reconf_duration: 7.819999999999999
tot_sleeping_duration: 1860585.327760007
tot_uptimes: 484
tot_uptimes_duration: 28980.018239992904
