comms_cons: 188.85593597916724
finished_reconf: true
global_termination_time: 1883973.914
local_termination_time: 1631551.269759998
node_cons: 38732.35118335021
tot_aggregated_send: 25288
tot_msg_rcv: 1157
tot_msg_sent: 2260
tot_reconf_duration: 6.22
tot_sleeping_duration: 1855053.8957600072
tot_uptimes: 483
tot_uptimes_duration: 28920.018239992874
