comms_cons: 52.09410560083576
finished_reconf: true
global_termination_time: 515838.402
local_termination_time: 235868.96036000006
node_cons: 10613.416381121444
tot_aggregated_send: 6786
tot_msg_rcv: 405
tot_msg_sent: 727
tot_reconf_duration: 6.279999999999999
tot_sleeping_duration: 507918.39591999893
tot_uptimes: 133
tot_uptimes_duration: 7920.006080001069
