comms_cons: 52.2279360004335
finished_reconf: true
global_termination_time: 514211.629
local_termination_time: 304035.97648000007
node_cons: 10542.433001121422
tot_aggregated_send: 6844
tot_msg_rcv: 379
tot_msg_sent: 715
tot_reconf_duration: 13.17
tot_sleeping_duration: 506351.62291999895
tot_uptimes: 132
tot_uptimes_duration: 7860.006080001069
