comms_cons: 53.27178240150125
finished_reconf: true
global_termination_time: 517549.694
local_termination_time: 254557.598
node_cons: 10626.334659282895
tot_aggregated_send: 6608
tot_msg_rcv: 498
tot_msg_sent: 991
tot_reconf_duration: 10.95
tot_sleeping_duration: 509624.77647999785
tot_uptimes: 133
tot_uptimes_duration: 7924.917520002171
