comms_cons: 53.27903360119652
finished_reconf: true
global_termination_time: 514707.183
local_termination_time: 225902.1075200008
node_cons: 10528.71446448572
tot_aggregated_send: 6496
tot_msg_rcv: 495
tot_msg_sent: 1107
tot_reconf_duration: 3.05
tot_sleeping_duration: 506847.15867999574
tot_uptimes: 132
tot_uptimes_duration: 7860.024320004275
