comms_cons: 52.6126464009618
finished_reconf: true
global_termination_time: 517661.153
local_termination_time: 328214.07336000004
node_cons: 10612.262081121435
tot_aggregated_send: 6844
tot_msg_rcv: 401
tot_msg_sent: 751
tot_reconf_duration: 5.43
tot_sleeping_duration: 509741.1469199989
tot_uptimes: 133
tot_uptimes_duration: 7920.006080001069
