comms_cons: 229.05578876997484
finished_reconf: true
global_termination_time: 2269761.58
local_termination_time: 219138.19436000005
node_cons: 46708.40453452286
tot_aggregated_send: 30160
tot_msg_rcv: 1476
tot_msg_sent: 3181
tot_reconf_duration: 22.65
tot_sleeping_duration: 2234901.5009600273
tot_uptimes: 582
tot_uptimes_duration: 34860.07903997268
