comms_cons: 221.66962558857665
finished_reconf: true
global_termination_time: 2270009.438
local_termination_time: 717124.91736
node_cons: 46684.10454447145
tot_aggregated_send: 31088
tot_msg_rcv: 885
tot_msg_sent: 1719
tot_reconf_duration: 4.8100000000000005
tot_sleeping_duration: 2235149.413680006
tot_uptimes: 582
tot_uptimes_duration: 34860.02431999397
