comms_cons: 229.0380479734293
finished_reconf: true
global_termination_time: 2266829.42911999
local_termination_time: 81287.05247999995
node_cons: 46664.16378196058
tot_aggregated_send: 30624
tot_msg_rcv: 1388
tot_msg_sent: 2802
tot_reconf_duration: 4.390000000000001
tot_sleeping_duration: 2231983.8711200194
tot_uptimes: 581
tot_uptimes_duration: 34845.55799997097
