comms_cons: 225.20006399247634
finished_reconf: true
global_termination_time: 2269101.247
local_termination_time: 1051462.5951599984
node_cons: 46699.09231623737
tot_aggregated_send: 32596
tot_msg_rcv: 545
tot_msg_sent: 1089
tot_reconf_duration: 15.34
tot_sleeping_duration: 2234240.7088400014
tot_uptimes: 582
tot_uptimes_duration: 34860.53815999837
