comms_cons: 87.28029440001771
finished_reconf: true
global_termination_time: 885711.212
local_termination_time: 571983.7713599999
node_cons: 18174.733001116914
tot_aggregated_send: 12238
tot_msg_rcv: 312
tot_msg_sent: 716
tot_reconf_duration: 13.17
tot_sleeping_duration: 872151.2059200024
tot_uptimes: 227
tot_uptimes_duration: 13560.006079997635
