comms_cons: 0.7500287999975243
finished_reconf: true
global_termination_time: 5084.55
local_termination_time: 3154.5074800000007
node_cons: 91.32622000000019
tot_aggregated_send: 0
tot_msg_rcv: 63
tot_msg_sent: 51
tot_reconf_duration: 8.09
tot_sleeping_duration: 5024.55
tot_uptimes: 2
tot_uptimes_duration: 60.0
