comms_cons: 126.16931839112047
finished_reconf: true
global_termination_time: 1254771.77
local_termination_time: 6830.044
node_cons: 25795.35146447197
tot_aggregated_send: 17395
tot_msg_rcv: 617
tot_msg_sent: 1165
tot_reconf_duration: 4.55
tot_sleeping_duration: 1235511.7456800062
tot_uptimes: 322
tot_uptimes_duration: 19260.024319993972
