comms_cons: 130.0911487859859
finished_reconf: true
global_termination_time: 1255669.954
local_termination_time: 3985.2889999999998
node_cons: 25798.051079020697
tot_aggregated_send: 16291
tot_msg_rcv: 1263
tot_msg_sent: 2220
tot_reconf_duration: 6.46
tot_sleeping_duration: 1236409.8506400143
tot_uptimes: 322
tot_uptimes_duration: 19260.10335998556
