comms_cons: 574.6292992993616
finished_reconf: true
global_termination_time: 5756587.251239997
local_termination_time: 90588.25147999996
node_cons: 118466.3828427605
tot_aggregated_send: 80156
tot_msg_rcv: 2217
tot_msg_sent: 4966
tot_reconf_duration: 18.21
tot_sleeping_duration: 5668131.946040024
tot_uptimes: 1475
tot_uptimes_duration: 88455.30519997323
