comms_cons: 559.4815936252562
finished_reconf: true
global_termination_time: 5756988.043
local_termination_time: 2939180.5883599995
node_cons: 118455.53368223007
tot_aggregated_send: 79286
tot_msg_rcv: 1940
tot_msg_sent: 3812
tot_reconf_duration: 25.299999999999997
tot_sleeping_duration: 5668548.030840005
tot_uptimes: 1475
tot_uptimes_duration: 88440.0121599955
