comms_cons: 573.1567681235096
finished_reconf: true
global_termination_time: 5760325.787
local_termination_time: 167031.45484000057
node_cons: 118532.34011116653
tot_aggregated_send: 79344
tot_msg_rcv: 2743
tot_msg_sent: 5028
tot_reconf_duration: 22.65
tot_sleeping_duration: 5671825.726200022
tot_uptimes: 1476
tot_uptimes_duration: 88500.06079997774
