comms_cons: 567.3904704789195
finished_reconf: true
global_termination_time: 5758074.817
local_termination_time: 1615961.2866799983
node_cons: 118428.57464558158
tot_aggregated_send: 79982
tot_msg_rcv: 1902
tot_msg_sent: 4354
tot_reconf_duration: 5.43
tot_sleeping_duration: 5669634.7866000105
tot_uptimes: 1475
tot_uptimes_duration: 88440.03039998905
