comms_cons: 140.63697919940552
finished_reconf: true
global_termination_time: 1453656.068
local_termination_time: 620407.505
node_cons: 29897.878741756867
tot_aggregated_send: 21167
tot_msg_rcv: 67
tot_msg_sent: 142
tot_reconf_duration: 5.57
tot_sleeping_duration: 1431333.2041600023
tot_uptimes: 373
tot_uptimes_duration: 22322.863839997677
