comms_cons: 141.57122559736317
finished_reconf: true
global_termination_time: 1455099.246
local_termination_time: 272024.6295600007
node_cons: 29897.09956000006
tot_aggregated_send: 20648
tot_msg_rcv: 259
tot_msg_sent: 611
tot_reconf_duration: 7.819999999999999
tot_sleeping_duration: 1432779.246
tot_uptimes: 373
tot_uptimes_duration: 22320.0
