comms_cons: 141.77798399900524
finished_reconf: true
global_termination_time: 1451795.613
local_termination_time: 427803.59132000065
node_cons: 29813.513940000037
tot_aggregated_send: 20938
tot_msg_rcv: 236
tot_msg_sent: 375
tot_reconf_duration: 5.43
tot_sleeping_duration: 1429535.613
tot_uptimes: 372
tot_uptimes_duration: 22260.0
