comms_cons: 103.98488319062687
finished_reconf: true
global_termination_time: 1032808.712
local_termination_time: 390565.90184000053
node_cons: 21218.36151005608
tot_aggregated_send: 13456
tot_msg_rcv: 686
tot_msg_sent: 1663
tot_reconf_duration: 6.279999999999999
tot_sleeping_duration: 1016968.6572800179
tot_uptimes: 265
tot_uptimes_duration: 15840.054719982145
