comms_cons: 104.24992639615394
finished_reconf: true
global_termination_time: 1032565.253
local_termination_time: 604119.0703599999
node_cons: 21230.303803355106
tot_aggregated_send: 13804
tot_msg_rcv: 667
tot_msg_sent: 1374
tot_reconf_duration: 15.110000000000001
tot_sleeping_duration: 1016725.2347600036
tot_uptimes: 265
tot_uptimes_duration: 15840.018239996336
