comms_cons: 103.48405119557846
finished_reconf: true
global_termination_time: 1033473.507
local_termination_time: 218086.3841600003
node_cons: 21240.591970079106
tot_aggregated_send: 13920
tot_msg_rcv: 648
tot_msg_sent: 1161
tot_reconf_duration: 22.65
tot_sleeping_duration: 1017633.4522800007
tot_uptimes: 265
tot_uptimes_duration: 15840.054719999316
