comms_cons: 106.0890751912735
finished_reconf: true
global_termination_time: 1038248.981
local_termination_time: 202561.07936000003
node_cons: 21294.307028953066
tot_aggregated_send: 13514
tot_msg_rcv: 881
tot_msg_sent: 1730
tot_reconf_duration: 3.05
tot_sleeping_duration: 1022348.9323600052
tot_uptimes: 266
tot_uptimes_duration: 15900.048639994813
