comms_cons: 221.77677438947455
finished_reconf: true
global_termination_time: 2214338.801
local_termination_time: 1409033.2283599998
node_cons: 45560.35220111642
tot_aggregated_send: 30914
tot_msg_rcv: 937
tot_msg_sent: 1857
tot_reconf_duration: 5.57
tot_sleeping_duration: 2180318.794920002
tot_uptimes: 568
tot_uptimes_duration: 34020.006079997635
