comms_cons: 223.9105407893645
finished_reconf: true
global_termination_time: 2216897.411
local_termination_time: 591485.664
node_cons: 45559.927009899235
tot_aggregated_send: 30505
tot_msg_rcv: 1142
tot_msg_sent: 2387
tot_reconf_duration: 4.390000000000001
tot_sleeping_duration: 2182876.5257200147
tot_uptimes: 568
tot_uptimes_duration: 34020.885279984854
