comms_cons: 142.26858239429382
finished_reconf: true
global_termination_time: 1424864.143
local_termination_time: 462653.7103600001
node_cons: 29274.55126446741
tot_aggregated_send: 20010
tot_msg_rcv: 527
tot_msg_sent: 1087
tot_reconf_duration: 22.65
tot_sleeping_duration: 1403024.1186800094
tot_uptimes: 365
tot_uptimes_duration: 21840.024319990538
