comms_cons: 140.32117759176248
finished_reconf: true
global_termination_time: 1425775.877
local_termination_time: 770536.76336
node_cons: 29328.250041116942
tot_aggregated_send: 19488
tot_msg_rcv: 615
tot_msg_sent: 1225
tot_reconf_duration: 3.05
tot_sleeping_duration: 1403875.8709200025
tot_uptimes: 366
tot_uptimes_duration: 21900.006079997635
