comms_cons: 139.7619455964735
finished_reconf: true
global_termination_time: 1423722.4962400002
local_termination_time: 108065.42831999963
node_cons: 29305.218500477127
tot_aggregated_send: 20068
tot_msg_rcv: 424
tot_msg_sent: 750
tot_reconf_duration: 11.31
tot_sleeping_duration: 1401848.0679200024
tot_uptimes: 365
tot_uptimes_duration: 21874.42831999781
