comms_cons: 50.28545280070194
finished_reconf: true
global_termination_time: 501898.2216000001
local_termination_time: 501898.1804800001
node_cons: 10330.780121762149
tot_aggregated_send: 6949
tot_msg_rcv: 218
tot_msg_sent: 476
tot_reconf_duration: 21.23
tot_sleeping_duration: 494204.4577599985
tot_uptimes: 129
tot_uptimes_duration: 7693.763840001586
