comms_cons: 50.02165760076643
finished_reconf: true
global_termination_time: 502377.26
local_termination_time: 364533.94856000063
node_cons: 10289.489761121384
tot_aggregated_send: 7018
tot_msg_rcv: 180
tot_msg_sent: 405
tot_reconf_duration: 4.390000000000001
tot_sleeping_duration: 494697.25391999894
tot_uptimes: 129
tot_uptimes_duration: 7680.006080001069
