comms_cons: 48.17290240000407
finished_reconf: true
global_termination_time: 490667.827
local_termination_time: 278118.92028000084
node_cons: 10050.064060000022
tot_aggregated_send: 7134
tot_msg_rcv: 77
tot_msg_sent: 111
tot_reconf_duration: 5.57
tot_sleeping_duration: 483167.827
tot_uptimes: 126
tot_uptimes_duration: 7500.0
