comms_cons: 48.23772160008188
finished_reconf: true
global_termination_time: 489761.417
local_termination_time: 148705.71536000053
node_cons: 10049.42580000002
tot_aggregated_send: 7076
tot_msg_rcv: 85
tot_msg_sent: 170
tot_reconf_duration: 5.1
tot_sleeping_duration: 482261.417
tot_uptimes: 126
tot_uptimes_duration: 7500.0
