comms_cons: 47.65972480015768
finished_reconf: true
global_termination_time: 489434.973
local_termination_time: 477532.46336000005
node_cons: 10053.119560000021
tot_aggregated_send: 7134
tot_msg_rcv: 45
tot_msg_sent: 65
tot_reconf_duration: 7.819999999999999
tot_sleeping_duration: 481934.973
tot_uptimes: 126
tot_uptimes_duration: 7500.0
