comms_cons: 2.282982399992456
finished_reconf: true
global_termination_time: 12876.515
local_termination_time: 7978.7973600000005
node_cons: 265.7491800000001
tot_aggregated_send: 0
tot_msg_rcv: 190
tot_msg_sent: 157
tot_reconf_duration: 18.21
tot_sleeping_duration: 12696.515
tot_uptimes: 4
tot_uptimes_duration: 180.0
