comms_cons: 3.026431999989998
finished_reconf: true
global_termination_time: 14604.862
local_termination_time: 4215.182000000001
node_cons: 263.66003464000505
tot_aggregated_send: 0
tot_msg_rcv: 289
tot_msg_sent: 169
tot_reconf_duration: 15.110000000000001
tot_sleeping_duration: 14423.278239999994
tot_uptimes: 4
tot_uptimes_duration: 181.58376000000362
