comms_cons: 69.97041919981599
finished_reconf: true
global_termination_time: 700799.961
local_termination_time: 118547.84535999996
node_cons: 14415.225541121436
tot_aggregated_send: 9280
tot_msg_rcv: 498
tot_msg_sent: 858
tot_reconf_duration: 25.299999999999997
tot_sleeping_duration: 690059.954919999
tot_uptimes: 180
tot_uptimes_duration: 10740.006080001069
