comms_cons: 69.55398399817798
finished_reconf: true
global_termination_time: 699050.822
local_termination_time: 299761.02948000096
node_cons: 14389.52741720246
tot_aggregated_send: 9396
tot_msg_rcv: 267
tot_msg_sent: 909
tot_reconf_duration: 4.8100000000000005
tot_sleeping_duration: 688309.2271999982
tot_uptimes: 180
tot_uptimes_duration: 10741.594800001825
