comms_cons: 67.53451520108648
finished_reconf: true
global_termination_time: 699714.625
local_termination_time: 91365.34935999998
node_cons: 14388.258363364324
tot_aggregated_send: 9106
tot_msg_rcv: 345
tot_msg_sent: 813
tot_reconf_duration: 5.43
tot_sleeping_duration: 688974.6067599967
tot_uptimes: 180
tot_uptimes_duration: 10740.018240003206
