comms_cons: 123.80738559753972
finished_reconf: true
global_termination_time: 1231995.0484799999
local_termination_time: 1231995.00736
node_cons: 25387.72578768061
tot_aggregated_send: 17110
tot_msg_rcv: 574
tot_msg_sent: 1133
tot_reconf_duration: 45.83
tot_sleeping_duration: 1213081.3153599992
tot_uptimes: 316
tot_uptimes_duration: 18913.733120000477
