comms_cons: 117.58346239766674
finished_reconf: true
global_termination_time: 1234545.801
local_termination_time: 5029.321
node_cons: 25392.828523359734
tot_aggregated_send: 16989
tot_msg_rcv: 288
tot_msg_sent: 595
tot_reconf_duration: 3.95
tot_sleeping_duration: 1215585.78276
tot_uptimes: 317
tot_uptimes_duration: 18960.018239999772
