comms_cons: 120.30074879347538
finished_reconf: true
global_termination_time: 1235307.841
local_termination_time: 6700.219999999999
node_cons: 25397.13605118651
tot_aggregated_send: 16348
tot_msg_rcv: 734
tot_msg_sent: 1203
tot_reconf_duration: 7.08
tot_sleeping_duration: 1216347.78020001
tot_uptimes: 317
tot_uptimes_duration: 18960.0607999899
