comms_cons: 472.87521923172886
finished_reconf: true
global_termination_time: 4821739.016
local_termination_time: 1888555.530119998
node_cons: 99147.14034223124
tot_aggregated_send: 67280
tot_msg_rcv: 1634
tot_msg_sent: 2960
tot_reconf_duration: 5.57
tot_sleeping_duration: 4747699.003840004
tot_uptimes: 1235
tot_uptimes_duration: 74040.0121599955
