comms_cons: 470.47201280947394
finished_reconf: true
global_termination_time: 4821924.348
local_termination_time: 3230571.5881999987
node_cons: 99157.44485999706
tot_aggregated_send: 68904
tot_msg_rcv: 942
tot_msg_sent: 1663
tot_reconf_duration: 13.17
tot_sleeping_duration: 4747884.348
tot_uptimes: 1235
tot_uptimes_duration: 74040.0
