comms_cons: 477.43343368751897
finished_reconf: true
global_termination_time: 4817123.463
local_termination_time: 920246.1663599999
node_cons: 99065.82525005919
tot_aggregated_send: 66816
tot_msg_rcv: 2027
tot_msg_sent: 3724
tot_reconf_duration: 4.8100000000000005
tot_sleeping_duration: 4743143.408280013
tot_uptimes: 1234
tot_uptimes_duration: 73980.05471998651
