comms_cons: 10.448601599803865
finished_reconf: true
global_termination_time: 100243.86
local_termination_time: 6007.013
node_cons: 2016.4958833594478
tot_aggregated_send: 636
tot_msg_rcv: 479
tot_msg_sent: 473
tot_reconf_duration: 5.87
tot_sleeping_duration: 98743.8417600004
tot_uptimes: 26
tot_uptimes_duration: 1500.0182399995883
