comms_cons: 11.317478399880784
finished_reconf: true
global_termination_time: 100084.831
local_termination_time: 2112.10024
node_cons: 2027.3218455986084
tot_aggregated_send: 638
tot_msg_rcv: 448
tot_msg_sent: 636
tot_reconf_duration: 13.83
tot_sleeping_duration: 98584.80060000105
tot_uptimes: 26
tot_uptimes_duration: 1500.030399998961
