comms_cons: 10.857561599870557
finished_reconf: true
global_termination_time: 100657.4
local_termination_time: 2535.8452399999996
node_cons: 2020.6377833603024
tot_aggregated_send: 464
tot_msg_rcv: 578
tot_msg_sent: 610
tot_reconf_duration: 8.92
tot_sleeping_duration: 99157.38175999977
tot_uptimes: 26
tot_uptimes_duration: 1500.0182400002268
