comms_cons: 11.343104000064674
finished_reconf: true
global_termination_time: 98915.813
local_termination_time: 559.65524
node_cons: 2017.783246718617
tot_aggregated_send: 290
tot_msg_rcv: 555
tot_msg_sent: 880
tot_reconf_duration: 6.8
tot_sleeping_duration: 97415.77652000103
tot_uptimes: 26
tot_uptimes_duration: 1500.0364799989675
