comms_cons: 138.62575359196444
finished_reconf: true
global_termination_time: 1374231.9999199985
local_termination_time: 1374231.9587999985
node_cons: 28303.22428582632
tot_aggregated_send: 19010
tot_msg_rcv: 668
tot_msg_sent: 1391
tot_reconf_duration: 24.59
tot_sleeping_duration: 1353119.3553600088
tot_uptimes: 352
tot_uptimes_duration: 21112.64455998974
