comms_cons: 136.39339519386297
finished_reconf: true
global_termination_time: 1375900.798
local_termination_time: 889207.7982799984
node_cons: 28288.134901117
tot_aggregated_send: 19256
tot_msg_rcv: 487
tot_msg_sent: 988
tot_reconf_duration: 6.22
tot_sleeping_duration: 1354780.7919200023
tot_uptimes: 353
tot_uptimes_duration: 21120.006079997635
