comms_cons: 2.151398399997112
finished_reconf: true
global_termination_time: 14390.173
local_termination_time: 4838.30036
node_cons: 275.37740000000025
tot_aggregated_send: 0
tot_msg_rcv: 177
tot_msg_sent: 150
tot_reconf_duration: 25.299999999999997
tot_sleeping_duration: 14210.173
tot_uptimes: 4
tot_uptimes_duration: 180.0
