comms_cons: 2.2283263999919156
finished_reconf: true
global_termination_time: 11833.209
local_termination_time: 8444.064360000002
node_cons: 258.1715400000014
tot_aggregated_send: 0
tot_msg_rcv: 175
tot_msg_sent: 163
tot_reconf_duration: 12.629999999999999
tot_sleeping_duration: 11653.209
tot_uptimes: 4
tot_uptimes_duration: 180.0
