comms_cons: 100.84597759992845
finished_reconf: true
global_termination_time: 1035039.479
local_termination_time: 822576.6753599999
node_cons: 21310.61938000001
tot_aggregated_send: 15196
tot_msg_rcv: 67
tot_msg_sent: 65
tot_reconf_duration: 15.110000000000001
tot_sleeping_duration: 1019139.479
tot_uptimes: 266
tot_uptimes_duration: 15900.0
