comms_cons: 101.23377919851772
finished_reconf: true
global_termination_time: 1032929.884
local_termination_time: 164848.64044000066
node_cons: 21224.63010000001
tot_aggregated_send: 14848
tot_msg_rcv: 186
tot_msg_sent: 352
tot_reconf_duration: 10.95
tot_sleeping_duration: 1017089.884
tot_uptimes: 265
tot_uptimes_duration: 15840.0
