comms_cons: 14.382131199988258
finished_reconf: true
global_termination_time: 3601.1826800000003
local_termination_time: 3601.1415600000005
node_cons: 1498.752764520001
tot_aggregated_send: 0
tot_msg_rcv: 1118
tot_msg_sent: 1066
tot_reconf_duration: 37.410000000000004
tot_sleeping_duration: 2519.8160000000003
tot_uptimes: 14
tot_uptimes_duration: 1081.3666800000003
