comms_cons: 39.26369280129639
finished_reconf: true
global_termination_time: 199426.912
local_termination_time: 3030.7743600000003
node_cons: 4122.077321121444
tot_aggregated_send: 0
tot_msg_rcv: 3020
tot_msg_sent: 2947
tot_reconf_duration: 18.21
tot_sleeping_duration: 196366.90591999894
tot_uptimes: 52
tot_uptimes_duration: 3060.006080001076
