comms_cons: 39.94125440159353
finished_reconf: true
global_termination_time: 201376.053
local_termination_time: 2388.22348
node_cons: 4128.098700000003
tot_aggregated_send: 0
tot_msg_rcv: 3130
tot_msg_sent: 2940
tot_reconf_duration: 22.65
tot_sleeping_duration: 198316.053
tot_uptimes: 52
tot_uptimes_duration: 3060.0
