comms_cons: 20.11261439991141
finished_reconf: true
global_termination_time: 204541.576
local_termination_time: 125675.89235999997
node_cons: 4195.56486
tot_aggregated_send: 2958
tot_msg_rcv: 53
tot_msg_sent: 46
tot_reconf_duration: 13.17
tot_sleeping_duration: 201421.576
tot_uptimes: 53
tot_uptimes_duration: 3120.0
