comms_cons: 20.15866880014662
finished_reconf: true
global_termination_time: 204699.123
local_termination_time: 56098.26404000016
node_cons: 4183.641620000012
tot_aggregated_send: 2900
tot_msg_rcv: 52
tot_msg_sent: 112
tot_reconf_duration: 4.390000000000001
tot_sleeping_duration: 201579.123
tot_uptimes: 53
tot_uptimes_duration: 3120.0
