comms_cons: 59.700915202780934
finished_reconf: true
global_termination_time: 203270.58056000032
local_termination_time: 2519.9230400000015
node_cons: 8359.82130684044
tot_aggregated_send: 0
tot_msg_rcv: 3058
tot_msg_sent: 6015
tot_reconf_duration: 6.22
tot_sleeping_duration: 197033.557
tot_uptimes: 104
tot_uptimes_duration: 6237.023560000322
