comms_cons: 67.93149439525504
finished_reconf: true
global_termination_time: 661374.095
local_termination_time: 323626.69948
node_cons: 13602.903446719341
tot_aggregated_send: 8932
tot_msg_rcv: 534
tot_msg_sent: 859
tot_reconf_duration: 18.700000000000003
tot_sleeping_duration: 651234.0585200004
tot_uptimes: 170
tot_uptimes_duration: 10140.036479999544
