comms_cons: 261.10213119465067
finished_reconf: true
global_termination_time: 2686003.839
local_termination_time: 1166234.7973599997
node_cons: 55200.505799998886
tot_aggregated_send: 38454
tot_msg_rcv: 373
tot_msg_sent: 859
tot_reconf_duration: 5.1
tot_sleeping_duration: 2644783.839
tot_uptimes: 688
tot_uptimes_duration: 41220.0
