comms_cons: 262.2140159923813
finished_reconf: true
global_termination_time: 2689037.283
local_termination_time: 982392.2593599999
node_cons: 55294.43937999905
tot_aggregated_send: 38396
tot_msg_rcv: 397
tot_msg_sent: 1062
tot_reconf_duration: 15.110000000000001
tot_sleeping_duration: 2647757.283
tot_uptimes: 689
tot_uptimes_duration: 41280.0
