comms_cons: 263.84121599028475
finished_reconf: true
global_termination_time: 2686255.798
local_termination_time: 954220.2153199986
node_cons: 55210.731539999084
tot_aggregated_send: 38628
tot_msg_rcv: 555
tot_msg_sent: 919
tot_reconf_duration: 12.629999999999999
tot_sleeping_duration: 2645035.798
tot_uptimes: 688
tot_uptimes_duration: 41220.0
