comms_cons: 264.0289023929709
finished_reconf: true
global_termination_time: 2688053.233
local_termination_time: 1644163.2733999994
node_cons: 55288.79009999933
tot_aggregated_send: 38860
tot_msg_rcv: 350
tot_msg_sent: 920
tot_reconf_duration: 10.95
tot_sleeping_duration: 2646773.233
tot_uptimes: 689
tot_uptimes_duration: 41280.0
