comms_cons: 264.50357757754324
finished_reconf: true
global_termination_time: 2688868.983
local_termination_time: 1229113.121
node_cons: 55282.39118334961
tot_aggregated_send: 35895
tot_msg_rcv: 1438
tot_msg_sent: 2870
tot_reconf_duration: 6.22
tot_sleeping_duration: 2647588.9647600073
tot_uptimes: 689
tot_uptimes_duration: 41280.01823999296
