comms_cons: 264.1025535749497
finished_reconf: true
global_termination_time: 2685884.62
local_termination_time: 974242.4483599998
node_cons: 55214.5012722842
tot_aggregated_send: 35670
tot_msg_rcv: 1329
tot_msg_sent: 3143
tot_reconf_duration: 15.34
tot_sleeping_duration: 2644664.5531200264
tot_uptimes: 688
tot_uptimes_duration: 41220.06687997398
