comms_cons: 31.961753599929313
finished_reconf: true
global_termination_time: 13532.725240000003
local_termination_time: 2116.8910400000013
node_cons: 3892.6834832000472
tot_aggregated_send: 0
tot_msg_rcv: 2386
tot_msg_sent: 2471
tot_reconf_duration: 18.21
tot_sleeping_duration: 10644.036439999969
tot_uptimes: 44
tot_uptimes_duration: 2888.6888000000336
