comms_cons: 186.69858558670623
finished_reconf: true
global_termination_time: 1853746.338
local_termination_time: 422058.5817600009
node_cons: 38088.75662446717
tot_aggregated_send: 25694
tot_msg_rcv: 883
tot_msg_sent: 1801
tot_reconf_duration: 5.57
tot_sleeping_duration: 1825306.3136800095
tot_uptimes: 475
tot_uptimes_duration: 28440.024319990538
