comms_cons: 187.09957118656018
finished_reconf: true
global_termination_time: 1851382.3351200002
local_termination_time: 13312.853920000001
node_cons: 38133.64456414728
tot_aggregated_send: 25520
tot_msg_rcv: 1027
tot_msg_sent: 1891
tot_reconf_duration: 22.65
tot_sleeping_duration: 1822926.1096800095
tot_uptimes: 475
tot_uptimes_duration: 28456.225439990638
