comms_cons: 64.90506240674638
finished_reconf: true
global_termination_time: 337275.5632400003
local_termination_time: 80592.27735999996
node_cons: 6953.757160481809
tot_aggregated_send: 0
tot_msg_rcv: 4990
tot_msg_sent: 4875
tot_reconf_duration: 4.8100000000000005
tot_sleeping_duration: 332087.19491999893
tot_uptimes: 87
tot_uptimes_duration: 5188.3683200013475
