comms_cons: 38.04093440088619
finished_reconf: true
global_termination_time: 361129.813
local_termination_time: 188162.43736000004
node_cons: 7422.063123364292
tot_aggregated_send: 4640
tot_msg_rcv: 462
tot_msg_sent: 680
tot_reconf_duration: 22.65
tot_sleeping_duration: 355609.7947599968
tot_uptimes: 93
tot_uptimes_duration: 5520.018240003206
