comms_cons: 71.21228800834497
finished_reconf: true
global_termination_time: 360642.513
local_termination_time: 1832.7493600000003
node_cons: 7399.808239999969
tot_aggregated_send: 0
tot_msg_rcv: 5490
tot_msg_sent: 5333
tot_reconf_duration: 6.279999999999999
tot_sleeping_duration: 355122.51300000004
tot_uptimes: 93
tot_uptimes_duration: 5519.999999999971
