comms_cons: 35.1861888000492
finished_reconf: true
global_termination_time: 361133.876
local_termination_time: 260549.97148000097
node_cons: 7395.421899999993
tot_aggregated_send: 5046
tot_msg_rcv: 126
tot_msg_sent: 177
tot_reconf_duration: 3.05
tot_sleeping_duration: 355613.876
tot_uptimes: 93
tot_uptimes_duration: 5520.0
