comms_cons: 37.12172800028375
finished_reconf: true
global_termination_time: 362648.656
local_termination_time: 46045.510600000016
node_cons: 7406.647121121437
tot_aggregated_send: 4814
tot_msg_rcv: 313
tot_msg_sent: 517
tot_reconf_duration: 11.31
tot_sleeping_duration: 357128.64991999895
tot_uptimes: 93
tot_uptimes_duration: 5520.006080001069
