comms_cons: 71.40181120869639
finished_reconf: true
global_termination_time: 360207.00244000077
local_termination_time: 447.0273599999999
node_cons: 7477.735681520772
tot_aggregated_send: 0
tot_msg_rcv: 5485
tot_msg_sent: 5368
tot_reconf_duration: 15.34
tot_sleeping_duration: 354637.9927600002
tot_uptimes: 93
tot_uptimes_duration: 5569.00968000057
