comms_cons: 33.11969280038582
finished_reconf: true
global_termination_time: 326932.265
local_termination_time: 42028.86936000001
node_cons: 6676.748240000005
tot_aggregated_send: 4466
tot_msg_rcv: 225
tot_msg_sent: 343
tot_reconf_duration: 6.279999999999999
tot_sleeping_duration: 321952.265
tot_uptimes: 84
tot_uptimes_duration: 4980.0
