comms_cons: 149.38731519300936
finished_reconf: true
global_termination_time: 1514627.942
local_termination_time: 218005.42536000005
node_cons: 31100.02676000005
tot_aggregated_send: 21344
tot_msg_rcv: 376
tot_msg_sent: 986
tot_reconf_duration: 6.22
tot_sleeping_duration: 1491407.942
tot_uptimes: 388
tot_uptimes_duration: 23220.0
