comms_cons: 58.258815998825774
finished_reconf: true
global_termination_time: 588990.528
local_termination_time: 81423.47447999995
node_cons: 12055.141899999991
tot_aggregated_send: 8352
tot_msg_rcv: 157
tot_msg_sent: 346
tot_reconf_duration: 3.05
tot_sleeping_duration: 579990.528
tot_uptimes: 151
tot_uptimes_duration: 8999.999999999993
