comms_cons: 269.9086015830376
finished_reconf: true
global_termination_time: 2723970.503
local_termination_time: 1748079.9028399999
node_cons: 56007.61584223739
tot_aggregated_send: 37816
tot_msg_rcv: 1203
tot_msg_sent: 2005
tot_reconf_duration: 7.819999999999999
tot_sleeping_duration: 2682150.4908400015
tot_uptimes: 698
tot_uptimes_duration: 41820.0121599987
