comms_cons: 223.81487363057593
finished_reconf: true
global_termination_time: 462134.97560000006
local_termination_time: 462134.93448000005
node_cons: 28118.407686090537
tot_aggregated_send: 0
tot_msg_rcv: 13746
tot_msg_sent: 20268
tot_reconf_duration: 24.59
tot_sleeping_duration: 441160.3568799922
tot_uptimes: 344
tot_uptimes_duration: 20974.618720007835
