comms_cons: 357.1561597135271
finished_reconf: true
global_termination_time: 1813476.5786
local_termination_time: 542.4900399999996
node_cons: 37313.70455175481
tot_aggregated_send: 0
tot_msg_rcv: 27368
tot_msg_sent: 26916
tot_reconf_duration: 11.31
tot_sleeping_duration: 1785621.2047600038
tot_uptimes: 465
tot_uptimes_duration: 27855.37383999623
