comms_cons: 179.51082879434242
finished_reconf: true
global_termination_time: 1816105.102
local_termination_time: 853035.4609199993
node_cons: 37378.93171999981
tot_aggregated_send: 26274
tot_msg_rcv: 328
tot_msg_sent: 682
tot_reconf_duration: 15.34
tot_sleeping_duration: 1788205.102
tot_uptimes: 466
tot_uptimes_duration: 27900.0
