comms_cons: 125.21596159134364
finished_reconf: true
global_termination_time: 1227139.059
local_termination_time: 3261.7097200000003
node_cons: 25261.17438784749
tot_aggregated_send: 16530
tot_msg_rcv: 830
tot_msg_sent: 1673
tot_reconf_duration: 25.299999999999997
tot_sleeping_duration: 1208299.0164399943
tot_uptimes: 315
tot_uptimes_duration: 18840.042560005568
