comms_cons: 96.42083199703703
finished_reconf: true
global_termination_time: 964651.7
local_termination_time: 347814.32000000094
node_cons: 19850.52826223829
tot_aggregated_send: 13630
tot_msg_rcv: 329
tot_msg_sent: 696
tot_reconf_duration: 4.8100000000000005
tot_sleeping_duration: 949831.6878400013
tot_uptimes: 248
tot_uptimes_duration: 14820.012159998703
