comms_cons: 132.92781439336528
finished_reconf: true
global_termination_time: 1317483.828
local_termination_time: 1345.9564800000005
node_cons: 27080.5823255934
tot_aggregated_send: 18212
tot_msg_rcv: 654
tot_msg_sent: 1338
tot_reconf_duration: 4.390000000000001
tot_sleeping_duration: 1297263.7976000048
tot_uptimes: 338
tot_uptimes_duration: 20220.03039999504
