comms_cons: 132.1598463922314
finished_reconf: true
global_termination_time: 1314806.797759999
local_termination_time: 1314806.756639999
node_cons: 27071.405237119936
tot_aggregated_send: 18444
tot_msg_rcv: 578
tot_msg_sent: 1065
tot_reconf_duration: 24.59
tot_sleeping_duration: 1294614.1076799992
tot_uptimes: 337
tot_uptimes_duration: 20192.690079999913
