comms_cons: 133.72058238892163
finished_reconf: true
global_termination_time: 1318149.359
local_termination_time: 660836.6836799996
node_cons: 27083.034901116993
tot_aggregated_send: 18154
tot_msg_rcv: 780
tot_msg_sent: 1390
tot_reconf_duration: 6.22
tot_sleeping_duration: 1297929.3529200023
tot_uptimes: 338
tot_uptimes_duration: 20220.006079997635
