comms_cons: 65.55514879792948
finished_reconf: true
global_termination_time: 642674.336
local_termination_time: 47556.39160000002
node_cons: 13182.308262238279
tot_aggregated_send: 8700
tot_msg_rcv: 452
tot_msg_sent: 812
tot_reconf_duration: 4.8100000000000005
tot_sleeping_duration: 632834.3238400014
tot_uptimes: 165
tot_uptimes_duration: 9840.012159998703
