comms_cons: 51.62698240141251
finished_reconf: true
global_termination_time: 500124.00600000005
local_termination_time: 266906.54536000005
node_cons: 10300.08110000005
tot_aggregated_send: 6670
tot_msg_rcv: 458
tot_msg_sent: 719
tot_reconf_duration: 6.22
tot_sleeping_duration: 492437.946
tot_uptimes: 129
tot_uptimes_duration: 7686.060000000056
