comms_cons: 51.39733760138443
finished_reconf: true
global_termination_time: 500123.8098000008
local_termination_time: 251266.83736000006
node_cons: 10368.709008322545
tot_aggregated_send: 6728
tot_msg_rcv: 353
tot_msg_sent: 730
tot_reconf_duration: 11.31
tot_sleeping_duration: 492391.6589199989
tot_uptimes: 129
tot_uptimes_duration: 7732.150880001893
