comms_cons: 330.0548925481827
finished_reconf: true
global_termination_time: 1660807.4852799994
local_termination_time: 1901.7114800000004
node_cons: 34209.5190472696
tot_aggregated_send: 0
tot_msg_rcv: 25488
tot_msg_sent: 24678
tot_reconf_duration: 18.21
tot_sleeping_duration: 1635277.3957600072
tot_uptimes: 426
tot_uptimes_duration: 25530.089519992238
