comms_cons: 171.28414717580006
finished_reconf: true
global_termination_time: 1661011.388
local_termination_time: 272422.19036
node_cons: 34153.10151005604
tot_aggregated_send: 21924
tot_msg_rcv: 1376
tot_msg_sent: 2736
tot_reconf_duration: 6.279999999999999
tot_sleeping_duration: 1635511.3332800178
tot_uptimes: 426
tot_uptimes_duration: 25500.054719982145
