comms_cons: 164.40167679494812
finished_reconf: true
global_termination_time: 1661778.639
local_termination_time: 268326.675
node_cons: 34151.4257999998
tot_aggregated_send: 23950
tot_msg_rcv: 343
tot_msg_sent: 696
tot_reconf_duration: 5.1
tot_sleeping_duration: 1636278.639
tot_uptimes: 426
tot_uptimes_duration: 25499.999999999884
