comms_cons: 162.24307199640262
finished_reconf: true
global_termination_time: 1665390.064
local_termination_time: 1267340.689999998
node_cons: 34239.45029511902
tot_aggregated_send: 24012
tot_msg_rcv: 200
tot_msg_sent: 448
tot_reconf_duration: 9.11
tot_sleeping_duration: 1639828.3919200008
tot_uptimes: 427
tot_uptimes_duration: 25561.672079999174
