comms_cons: 164.1970943957831
finished_reconf: true
global_termination_time: 1666537.479
local_termination_time: 412617.02736000007
node_cons: 34245.35937999997
tot_aggregated_send: 24128
tot_msg_rcv: 263
tot_msg_sent: 566
tot_reconf_duration: 15.110000000000001
tot_sleeping_duration: 1640977.479
tot_uptimes: 427
tot_uptimes_duration: 25560.0
