comms_cons: 166.22139519080838
finished_reconf: true
global_termination_time: 1661634.83
local_termination_time: 393062.9264800001
node_cons: 34161.65154
tot_aggregated_send: 23722
tot_msg_rcv: 626
tot_msg_sent: 917
tot_reconf_duration: 12.629999999999999
tot_sleeping_duration: 1636134.83
tot_uptimes: 426
tot_uptimes_duration: 25500.0
