comms_cons: 169.0611775874559
finished_reconf: true
global_termination_time: 1662770.751
local_termination_time: 200621.95996000015
node_cons: 34151.947210056074
tot_aggregated_send: 22562
tot_msg_rcv: 1036
tot_msg_sent: 2098
tot_reconf_duration: 5.43
tot_sleeping_duration: 1637270.696280018
tot_uptimes: 426
tot_uptimes_duration: 25500.054719982145
