comms_cons: 62.5425983976262
finished_reconf: true
global_termination_time: 602861.56
local_termination_time: 325387.6713600001
node_cons: 12403.167546719436
tot_aggregated_send: 7888
tot_msg_rcv: 588
tot_msg_sent: 1031
tot_reconf_duration: 22.65
tot_sleeping_duration: 593621.5235200005
tot_uptimes: 155
tot_uptimes_duration: 9240.036479999544
