comms_cons: 60.87138560095846
finished_reconf: true
global_termination_time: 600131.915
local_termination_time: 292209.1248400005
node_cons: 12300.556381121407
tot_aggregated_send: 8120
tot_msg_rcv: 379
tot_msg_sent: 754
tot_reconf_duration: 6.279999999999999
tot_sleeping_duration: 590951.9089199989
tot_uptimes: 154
tot_uptimes_duration: 9180.006080001069
