comms_cons: 290.5092094579496
finished_reconf: true
global_termination_time: 994304.5316799984
local_termination_time: 994304.4905599984
node_cons: 40765.1059695176
tot_aggregated_send: 0
tot_msg_rcv: 14772
tot_msg_sent: 29383
tot_reconf_duration: 24.59
tot_sleeping_duration: 963885.0299999999
tot_uptimes: 506
tot_uptimes_duration: 30419.501679998415
