comms_cons: 0.9671424000010274
finished_reconf: true
global_termination_time: 14931.312
local_termination_time: 7185.2724800000005
node_cons: 249.46676000000033
tot_aggregated_send: 0
tot_msg_rcv: 79
tot_msg_sent: 68
tot_reconf_duration: 6.22
tot_sleeping_duration: 14751.312
tot_uptimes: 4
tot_uptimes_duration: 180.0
