comms_cons: 334.97401603630345
finished_reconf: true
global_termination_time: 3320655.9830799997
local_termination_time: 3320655.9419599995
node_cons: 68365.29616163751
tot_aggregated_send: 46200
tot_msg_rcv: 1612
tot_msg_sent: 3102
tot_reconf_duration: 37.410000000000004
tot_sleeping_duration: 3269636.94396003
tot_uptimes: 851
tot_uptimes_duration: 51019.03911996959
