comms_cons: 329.9468800142704
finished_reconf: true
global_termination_time: 3324557.626
local_termination_time: 1824718.7541599981
node_cons: 68376.29836446664
tot_aggregated_send: 45820
tot_msg_rcv: 1308
tot_msg_sent: 3022
tot_reconf_duration: 5.1
tot_sleeping_duration: 3273497.601680009
tot_uptimes: 852
tot_uptimes_duration: 51060.024319991266
