comms_cons: 332.32259842944245
finished_reconf: true
global_termination_time: 3322257.179
local_termination_time: 308529.01436000003
node_cons: 68314.49229341059
tot_aggregated_send: 45588
tot_msg_rcv: 1714
tot_msg_sent: 3209
tot_reconf_duration: 18.700000000000003
tot_sleeping_duration: 3271257.106040021
tot_uptimes: 851
tot_uptimes_duration: 51000.07295997918
