comms_cons: 337.7288000435008
finished_reconf: true
global_termination_time: 3321063.107
local_termination_time: 1082395.9954799996
node_cons: 68293.19888781704
tot_aggregated_send: 45936
tot_msg_rcv: 2025
tot_msg_sent: 3371
tot_reconf_duration: 3.05
tot_sleeping_duration: 3270063.0644400157
tot_uptimes: 851
tot_uptimes_duration: 51000.04255998414
