comms_cons: 335.9546048330645
finished_reconf: true
global_termination_time: 3321802.836
local_termination_time: 1509409.3373599998
node_cons: 68297.4956067001
tot_aggregated_send: 45530
tot_msg_rcv: 1798
tot_msg_sent: 3733
tot_reconf_duration: 6.22
tot_sleeping_duration: 3270802.799520014
tot_uptimes: 851
tot_uptimes_duration: 51000.03647998627
