comms_cons: 423.7871552809806
finished_reconf: true
global_termination_time: 4193553.572
local_termination_time: 33861.346920000055
node_cons: 86212.47832556724
tot_aggregated_send: 58232
tot_msg_rcv: 2167
tot_msg_sent: 4015
tot_reconf_duration: 5.57
tot_sleeping_duration: 4129173.501600023
tot_uptimes: 1074
tot_uptimes_duration: 64380.07039997721
