comms_cons: 423.0273280749491
finished_reconf: true
global_termination_time: 4189208.536519998
local_termination_time: 4189208.495399998
node_cons: 86252.86808204718
tot_aggregated_send: 58438
tot_msg_rcv: 2080
tot_msg_sent: 3779
tot_reconf_duration: 37.410000000000004
tot_sleeping_duration: 4124830.593800021
tot_uptimes: 1073
tot_uptimes_duration: 64377.94271997735
