comms_cons: 422.84493446559804
finished_reconf: true
global_termination_time: 4190509.806
local_termination_time: 2340795.10336
node_cons: 86211.37640334862
tot_aggregated_send: 58522
tot_msg_rcv: 2032
tot_msg_sent: 3715
tot_reconf_duration: 4.8100000000000005
tot_sleeping_duration: 4126129.7877600067
tot_uptimes: 1074
tot_uptimes_duration: 64380.01823999314
