comms_cons: 424.65616006181926
finished_reconf: true
global_termination_time: 4192277.12
local_termination_time: 2319113.0854399987
node_cons: 86210.81418446587
tot_aggregated_send: 58058
tot_msg_rcv: 2308
tot_msg_sent: 4178
tot_reconf_duration: 4.390000000000001
tot_sleeping_duration: 4127897.095680009
tot_uptimes: 1074
tot_uptimes_duration: 64380.024319991004
