comms_cons: 422.1576320475812
finished_reconf: true
global_termination_time: 4190875.535
local_termination_time: 429766.32036000007
node_cons: 86225.7359698533
tot_aggregated_send: 58464
tot_msg_rcv: 1933
tot_msg_sent: 3768
tot_reconf_duration: 15.34
tot_sleeping_duration: 4126495.472080019
tot_uptimes: 1074
tot_uptimes_duration: 64380.06291998172
