comms_cons: 18.56929919992968
finished_reconf: true
global_termination_time: 190801.57848000008
local_termination_time: 190801.53736000007
node_cons: 3908.063518720113
tot_aggregated_send: 2596
tot_msg_rcv: 44
tot_msg_sent: 180
tot_reconf_duration: 24.59
tot_sleeping_duration: 187907.874
tot_uptimes: 49
tot_uptimes_duration: 2893.704480000073
