comms_cons: 32.08507519976962
finished_reconf: true
global_termination_time: 191518.288
local_termination_time: 104895.41935999997
node_cons: 3961.389180000011
tot_aggregated_send: 0
tot_msg_rcv: 2510
tot_msg_sent: 2367
tot_reconf_duration: 18.21
tot_sleeping_duration: 188578.288
tot_uptimes: 50
tot_uptimes_duration: 2940.0
