comms_cons: 203.7315071955009
finished_reconf: true
global_termination_time: 2079577.697
local_termination_time: 778163.1886399991
node_cons: 42745.02189999968
tot_aggregated_send: 29754
tot_msg_rcv: 455
tot_msg_sent: 757
tot_reconf_duration: 3.05
tot_sleeping_duration: 2047657.697
tot_uptimes: 533
tot_uptimes_duration: 31920.0
