comms_cons: 205.33291518691738
finished_reconf: true
global_termination_time: 2079323.0112400001
local_termination_time: 62780.666480000014
node_cons: 42768.39476271016
tot_aggregated_send: 28710
tot_msg_rcv: 810
tot_msg_sent: 1690
tot_reconf_duration: 6.22
tot_sleeping_duration: 2047388.7707600072
tot_uptimes: 533
tot_uptimes_duration: 31934.240479992935
