comms_cons: 206.37752319311093
finished_reconf: true
global_termination_time: 2079322.806359998
local_termination_time: 2079322.806359998
node_cons: 42862.94908415823
tot_aggregated_send: 29856
tot_msg_rcv: 468
tot_msg_sent: 1042
tot_reconf_duration: 24.59
tot_sleeping_duration: 2047336.580919999
tot_uptimes: 533
tot_uptimes_duration: 31986.22543999896
