comms_cons: 82.60746239866886
finished_reconf: true
global_termination_time: 816250.4049199993
local_termination_time: 816250.3637999994
node_cons: 16858.37308936029
tot_aggregated_send: 11180
tot_msg_rcv: 420
tot_msg_sent: 955
tot_reconf_duration: 24.59
tot_sleeping_duration: 803685.0726799992
tot_uptimes: 210
tot_uptimes_duration: 12565.332240000193
