comms_cons: 82.39258879639524
finished_reconf: true
global_termination_time: 817794.02
local_termination_time: 411166.10848000005
node_cons: 16799.514901116818
tot_aggregated_send: 11252
tot_msg_rcv: 403
tot_msg_sent: 868
tot_reconf_duration: 6.22
tot_sleeping_duration: 805254.0139200024
tot_uptimes: 210
tot_uptimes_duration: 12540.006079997635
