comms_cons: 15.281420799978223
finished_reconf: true
global_termination_time: 3587.193520000001
local_termination_time: 3587.1524000000013
node_cons: 1670.4458252800018
tot_aggregated_send: 0
tot_msg_rcv: 1127
tot_msg_sent: 1193
tot_reconf_duration: 37.410000000000004
tot_sleeping_duration: 2377.6020000000003
tot_uptimes: 17
tot_uptimes_duration: 1209.5915200000009
