comms_cons: 97.5417535979454
finished_reconf: true
global_termination_time: 990742.186
local_termination_time: 194018.16920000064
node_cons: 20363.174838800933
tot_aggregated_send: 14094
tot_msg_rcv: 205
tot_msg_sent: 527
tot_reconf_duration: 25.299999999999997
tot_sleeping_duration: 975560.0967999994
tot_uptimes: 254
tot_uptimes_duration: 15182.089200000657
