comms_cons: 225.0947327884073
finished_reconf: true
global_termination_time: 2270723.353
local_termination_time: 1029633.0803599998
node_cons: 46702.28546223306
tot_aggregated_send: 32074
tot_msg_rcv: 698
tot_msg_sent: 1440
tot_reconf_duration: 18.21
tot_sleeping_duration: 2235863.340840005
tot_uptimes: 582
tot_uptimes_duration: 34860.01215999527
