comms_cons: 230.6288767849134
finished_reconf: true
global_termination_time: 2270532.967
local_termination_time: 878899.638
node_cons: 46719.64854601403
tot_aggregated_send: 30448
tot_msg_rcv: 1530
tot_msg_sent: 3078
tot_reconf_duration: 22.65
tot_sleeping_duration: 2235664.490640019
tot_uptimes: 582
tot_uptimes_duration: 34868.476359980996
