comms_cons: 235.1139583807473
finished_reconf: true
global_termination_time: 2272291.505
local_termination_time: 969448.4755999978
node_cons: 46682.88442909763
tot_aggregated_send: 29754
tot_msg_rcv: 2037
tot_msg_sent: 3945
tot_reconf_duration: 3.05
tot_sleeping_duration: 2237430.6069200165
tot_uptimes: 582
tot_uptimes_duration: 34860.89807998366
