comms_cons: 186.4488768237535
finished_reconf: true
global_termination_time: 387023.0694000008
local_termination_time: 387023.0282800008
node_cons: 23384.183048081763
tot_aggregated_send: 0
tot_msg_rcv: 11502
tot_msg_sent: 16838
tot_reconf_duration: 24.59
tot_sleeping_duration: 369584.09267999954
tot_uptimes: 284
tot_uptimes_duration: 17438.97672000128
