comms_cons: 38.56069120043496
finished_reconf: true
global_termination_time: 388128.094
local_termination_time: 120537.40435999942
node_cons: 7959.762804160669
tot_aggregated_send: 5452
tot_msg_rcv: 123
tot_msg_sent: 286
tot_reconf_duration: 4.390000000000001
tot_sleeping_duration: 382187.9885599995
tot_uptimes: 100
tot_uptimes_duration: 5940.105440000494
