comms_cons: 8.74438400001834
finished_reconf: true
global_termination_time: 80702.89
local_termination_time: 40671.86776000009
node_cons: 1617.794361120296
tot_aggregated_send: 638
tot_msg_rcv: 230
tot_msg_sent: 462
tot_reconf_duration: 8.09
tot_sleeping_duration: 79502.88391999977
tot_uptimes: 21
tot_uptimes_duration: 1200.0060800002175
