comms_cons: 10.617433600192879
finished_reconf: true
global_termination_time: 80349.858
local_termination_time: 31937.57436
node_cons: 1623.9596811202875
tot_aggregated_send: 406
tot_msg_rcv: 458
tot_msg_sent: 751
tot_reconf_duration: 12.629999999999999
tot_sleeping_duration: 79149.85191999978
tot_uptimes: 21
tot_uptimes_duration: 1200.0060800002175
