comms_cons: 10.783308800252579
finished_reconf: true
global_termination_time: 79403.483
local_termination_time: 24112.23336
node_cons: 1632.2353056008872
tot_aggregated_send: 522
tot_msg_rcv: 487
tot_msg_sent: 630
tot_reconf_duration: 18.700000000000003
tot_sleeping_duration: 78203.45259999932
tot_uptimes: 21
tot_uptimes_duration: 1200.0304000006654
