comms_cons: 10.66018559988308
finished_reconf: true
global_termination_time: 81311.047
local_termination_time: 42655.76436000001
node_cons: 1621.678241119147
tot_aggregated_send: 464
tot_msg_rcv: 467
tot_msg_sent: 691
tot_reconf_duration: 10.95
tot_sleeping_duration: 80111.04092000064
tot_uptimes: 21
tot_uptimes_duration: 1200.0060799993662
