comms_cons: 9.593100799899528
finished_reconf: true
global_termination_time: 81658.316
local_termination_time: 34643.16756000014
node_cons: 1615.3037478397605
tot_aggregated_send: 464
tot_msg_rcv: 296
tot_msg_sent: 698
tot_reconf_duration: 6.22
tot_sleeping_duration: 80458.2734400002
tot_uptimes: 21
tot_uptimes_duration: 1200.0425599998198
