comms_cons: 72.12965119590089
finished_reconf: true
global_termination_time: 684948.7917199978
local_termination_time: 684948.7917199978
node_cons: 14184.496031039327
tot_aggregated_send: 8860
tot_msg_rcv: 752
tot_msg_sent: 1351
tot_reconf_duration: 24.59
tot_sleeping_duration: 674380.3803599983
tot_uptimes: 176
tot_uptimes_duration: 10568.411359999474
