comms_cons: 71.422540794197
finished_reconf: true
global_termination_time: 687391.483
local_termination_time: 146449.07360000006
node_cons: 14150.483983364284
tot_aggregated_send: 8874
tot_msg_rcv: 646
tot_msg_sent: 1336
tot_reconf_duration: 7.819999999999999
tot_sleeping_duration: 676831.4647599967
tot_uptimes: 177
tot_uptimes_duration: 10560.018240003206
