comms_cons: 71.66625279884403
finished_reconf: true
global_termination_time: 690399.408
local_termination_time: 262234.23996000015
node_cons: 14147.238363364304
tot_aggregated_send: 9048
tot_msg_rcv: 684
tot_msg_sent: 1161
tot_reconf_duration: 5.43
tot_sleeping_duration: 679839.3897599968
tot_uptimes: 177
tot_uptimes_duration: 10560.018240003206
