comms_cons: 0.703974399999624
finished_reconf: true
global_termination_time: 5548.316
local_termination_time: 360.00535999999994
node_cons: 96.50020000000005
tot_aggregated_send: 0
tot_msg_rcv: 60
tot_msg_sent: 47
tot_reconf_duration: 11.899999999999999
tot_sleeping_duration: 5488.316
tot_uptimes: 2
tot_uptimes_duration: 60.0
