comms_cons: 2351.4795016513635
finished_reconf: true
global_termination_time: 8066643.3736
local_termination_time: 8066643.332479999
node_cons: 329344.043940531
tot_aggregated_send: 0
tot_msg_rcv: 119768
tot_msg_sent: 237645
tot_reconf_duration: 37.410000000000004
tot_sleeping_duration: 7820718.622919999
tot_uptimes: 4068
tot_uptimes_duration: 245924.75068000014
