comms_cons: 794.1076865484072
finished_reconf: true
global_termination_time: 8071192.113
local_termination_time: 2896543.2223599995
node_cons: 165993.45878446265
tot_aggregated_send: 112868
tot_msg_rcv: 2608
tot_msg_sent: 5222
tot_reconf_duration: 8.09
tot_sleeping_duration: 7947232.088680008
tot_uptimes: 2067
tot_uptimes_duration: 123960.02431999147
