comms_cons: 791.809376152212
finished_reconf: true
global_termination_time: 8067749.712
local_termination_time: 5650988.96352
node_cons: 165997.31824111167
tot_aggregated_send: 111244
tot_msg_rcv: 3147
tot_msg_sent: 5959
tot_reconf_duration: 10.95
tot_sleeping_duration: 7943789.705920002
tot_uptimes: 2067
tot_uptimes_duration: 123960.00607999787
