comms_cons: 810.8956354240257
finished_reconf: true
global_termination_time: 8070372.059
local_termination_time: 276164.84836000006
node_cons: 165989.06967340733
tot_aggregated_send: 112462
tot_msg_rcv: 3614
tot_msg_sent: 7173
tot_reconf_duration: 4.8100000000000005
tot_sleeping_duration: 7946411.98604002
tot_uptimes: 2067
tot_uptimes_duration: 123960.07295997988
