comms_cons: 810.5394178090779
finished_reconf: true
global_termination_time: 8066668.585
local_termination_time: 843093.3945199993
node_cons: 165910.59560669726
tot_aggregated_send: 112404
tot_msg_rcv: 3808
tot_msg_sent: 6986
tot_reconf_duration: 6.22
tot_sleeping_duration: 7942768.548520013
tot_uptimes: 2066
tot_uptimes_duration: 123900.0364799872
