comms_cons: 804.5232898170648
finished_reconf: true
global_termination_time: 8068933.556
local_termination_time: 2235838.09936
node_cons: 165997.8641089315
tot_aggregated_send: 112114
tot_msg_rcv: 3438
tot_msg_sent: 6731
tot_reconf_duration: 11.31
tot_sleeping_duration: 7944973.507360017
tot_uptimes: 2067
tot_uptimes_duration: 123960.04863998294
