comms_cons: 254.24127998273067
finished_reconf: true
global_termination_time: 2523780.2519999985
local_termination_time: 425148.48000000004
node_cons: 51959.728691547745
tot_aggregated_send: 34392
tot_msg_rcv: 1421
tot_msg_sent: 2831
tot_reconf_duration: 22.65
tot_sleeping_duration: 2484998.3476000368
tot_uptimes: 647
tot_uptimes_duration: 38781.904399961524
