comms_cons: 247.81214720022962
finished_reconf: true
global_termination_time: 2525389.226
local_termination_time: 1268536.8786799982
node_cons: 51906.56579999903
tot_aggregated_send: 36424
tot_msg_rcv: 377
tot_msg_sent: 865
tot_reconf_duration: 5.1
tot_sleeping_duration: 2486629.226
tot_uptimes: 647
tot_uptimes_duration: 38760.0
