comms_cons: 250.05565439284956
finished_reconf: true
global_termination_time: 2524997.425
local_termination_time: 1403290.6603599999
node_cons: 51917.52485999912
tot_aggregated_send: 36482
tot_msg_rcv: 552
tot_msg_sent: 973
tot_reconf_duration: 13.17
tot_sleeping_duration: 2486237.425
tot_uptimes: 647
tot_uptimes_duration: 38760.0
