comms_cons: 249.38457600163616
finished_reconf: true
global_termination_time: 2524464.966
local_termination_time: 1492644.1120000002
node_cons: 51916.799681116216
tot_aggregated_send: 36411
tot_msg_rcv: 449
tot_msg_sent: 1045
tot_reconf_duration: 12.629999999999999
tot_sleeping_duration: 2485704.959920002
tot_uptimes: 647
tot_uptimes_duration: 38760.006079997635
