comms_cons: 255.19087999092514
finished_reconf: true
global_termination_time: 2527006.905
local_termination_time: 544162.1683599999
node_cons: 51984.21145228445
tot_aggregated_send: 34046
tot_msg_rcv: 1536
tot_msg_sent: 3206
tot_reconf_duration: 3.05
tot_sleeping_duration: 2488186.8381200256
tot_uptimes: 648
tot_uptimes_duration: 38820.06687997398
