comms_cons: 84.24665599751032
finished_reconf: true
global_termination_time: 847778.878
local_termination_time: 219726.44336000006
node_cons: 17451.673001121475
tot_aggregated_send: 12064
tot_msg_rcv: 230
tot_msg_sent: 511
tot_reconf_duration: 13.17
tot_sleeping_duration: 834758.871919999
tot_uptimes: 218
tot_uptimes_duration: 13020.006080001069
