comms_cons: 84.65456639578122
finished_reconf: true
global_termination_time: 848182.496
local_termination_time: 411279.58136000007
node_cons: 17440.35268559338
tot_aggregated_send: 11600
tot_msg_rcv: 450
tot_msg_sent: 817
tot_reconf_duration: 4.8100000000000005
tot_sleeping_duration: 835162.465600005
tot_uptimes: 218
tot_uptimes_duration: 13020.030399995041
