comms_cons: 3.1652223999930515
finished_reconf: true
global_termination_time: 12098.259480000008
local_termination_time: 5101.119360000001
node_cons: 315.33426872001104
tot_aggregated_send: 0
tot_msg_rcv: 318
tot_msg_sent: 163
tot_reconf_duration: 18.700000000000003
tot_sleeping_duration: 11881.725
tot_uptimes: 4
tot_uptimes_duration: 216.53448000000753
