comms_cons: 98.41167359988759
finished_reconf: true
global_termination_time: 1042739.558
local_termination_time: 603737.1633599999
node_cons: 21471.61171999999
tot_aggregated_send: 14848
tot_msg_rcv: 45
tot_msg_sent: 65
tot_reconf_duration: 15.34
tot_sleeping_duration: 1026719.558
tot_uptimes: 268
tot_uptimes_duration: 16020.0
