comms_cons: 102.5631487994514
finished_reconf: true
global_termination_time: 1044194.9
local_termination_time: 136786.4764800001
node_cons: 21485.137400000058
tot_aggregated_send: 14732
tot_msg_rcv: 309
tot_msg_sent: 548
tot_reconf_duration: 25.299999999999997
tot_sleeping_duration: 1028174.9
tot_uptimes: 268
tot_uptimes_duration: 16020.0
