comms_cons: 101.96444160032183
finished_reconf: true
global_termination_time: 1043307.484
local_termination_time: 280371.8615600007
node_cons: 21457.320121121462
tot_aggregated_send: 15254
tot_msg_rcv: 72
tot_msg_sent: 172
tot_reconf_duration: 4.8100000000000005
tot_sleeping_duration: 1027287.477919999
tot_uptimes: 268
tot_uptimes_duration: 16020.006080001069
