comms_cons: 209.9883263959743
finished_reconf: true
global_termination_time: 2130663.632519999
local_termination_time: 2130663.591399999
node_cons: 43870.256336639235
tot_aggregated_send: 31087
tot_msg_rcv: 305
tot_msg_sent: 524
tot_reconf_duration: 31.42
tot_sleeping_duration: 2097932.050759999
tot_uptimes: 546
tot_uptimes_duration: 32731.58176000009
