comms_cons: 281.49495020495533
finished_reconf: true
global_termination_time: 1415627.7256
local_termination_time: 1828.2123600000002
node_cons: 29128.38661063357
tot_aggregated_send: 0
tot_msg_rcv: 21779
tot_msg_sent: 21006
tot_reconf_duration: 18.21
tot_sleeping_duration: 1393892.3578400048
tot_uptimes: 363
tot_uptimes_duration: 21735.367759995162
