comms_cons: 144.73911038780747
finished_reconf: true
global_termination_time: 1418106.127
local_termination_time: 221393.43936000095
node_cons: 29172.005227827067
tot_aggregated_send: 19314
tot_msg_rcv: 937
tot_msg_sent: 1748
tot_reconf_duration: 6.279999999999999
tot_sleeping_duration: 1396326.08444001
tot_uptimes: 364
tot_uptimes_duration: 21780.04255999031
