comms_cons: 140.07388159582447
finished_reconf: true
global_termination_time: 1416153.989
local_termination_time: 652876.9223599999
node_cons: 29103.60752111686
tot_aggregated_send: 20416
tot_msg_rcv: 306
tot_msg_sent: 567
tot_reconf_duration: 15.110000000000001
tot_sleeping_duration: 1394433.9829200024
tot_uptimes: 363
tot_uptimes_duration: 21720.006079997635
