comms_cons: 144.85255678616437
finished_reconf: true
global_termination_time: 1415627.7847199999
local_termination_time: 38401.2032400002
node_cons: 29113.788268144028
tot_aggregated_send: 19140
tot_msg_rcv: 1004
tot_msg_sent: 1873
tot_reconf_duration: 4.390000000000001
tot_sleeping_duration: 1393889.3032800118
tot_uptimes: 363
tot_uptimes_duration: 21738.481439988034
