comms_cons: 145.3010623844686
finished_reconf: true
global_termination_time: 1419411.119
local_termination_time: 267913.604360001
node_cons: 29172.400954222303
tot_aggregated_send: 19024
tot_msg_rcv: 1020
tot_msg_sent: 2041
tot_reconf_duration: 5.43
tot_sleeping_duration: 1397629.9188400132
tot_uptimes: 364
tot_uptimes_duration: 21781.200159986758
