comms_cons: 74.27727999945672
finished_reconf: true
global_termination_time: 710992.7463199985
local_termination_time: 710992.7051999986
node_cons: 14718.718896328124
tot_aggregated_send: 9382
tot_msg_rcv: 697
tot_msg_sent: 1210
tot_reconf_duration: 24.59
tot_sleeping_duration: 700025.3634399924
tot_uptimes: 183
tot_uptimes_duration: 10967.382880006044
