comms_cons: 74.13787519789214
finished_reconf: true
global_termination_time: 713506.461
local_termination_time: 25176.601280000006
node_cons: 14669.08665824197
tot_aggregated_send: 9338
tot_msg_rcv: 714
tot_msg_sent: 1216
tot_reconf_duration: 25.299999999999997
tot_sleeping_duration: 702576.8648399985
tot_uptimes: 183
tot_uptimes_duration: 10929.59616000146
