comms_cons: 74.56893439729991
finished_reconf: true
global_termination_time: 713755.468
local_termination_time: 192259.73748000007
node_cons: 14642.784990079095
tot_aggregated_send: 8758
tot_msg_rcv: 889
tot_msg_sent: 1686
tot_reconf_duration: 15.34
tot_sleeping_duration: 702835.4132800007
tot_uptimes: 183
tot_uptimes_duration: 10920.054719999316
