comms_cons: 49.94424320248107
finished_reconf: true
global_termination_time: 231698.1337200001
local_termination_time: 231698.0926000001
node_cons: 4792.011331526484
tot_aggregated_send: 0
tot_msg_rcv: 4134
tot_msg_sent: 3456
tot_reconf_duration: 24.59
tot_sleeping_duration: 228144.27403999527
tot_uptimes: 60
tot_uptimes_duration: 3553.859680004831
