comms_cons: 111.82036480657241
finished_reconf: true
global_termination_time: 231698.65148000018
local_termination_time: 771.2580399999995
node_cons: 14096.087631799746
tot_aggregated_send: 0
tot_msg_rcv: 6854
tot_msg_sent: 10141
tot_reconf_duration: 18.21
tot_sleeping_duration: 221189.79528000037
tot_uptimes: 174
tot_uptimes_duration: 10508.856199999796
