comms_cons: 33.937395200600434
finished_reconf: true
global_termination_time: 329595.21456000034
local_termination_time: 2742.1910400000033
node_cons: 6824.707375763311
tot_aggregated_send: 4292
tot_msg_rcv: 284
tot_msg_sent: 582
tot_reconf_duration: 25.299999999999997
tot_sleeping_duration: 324524.0047199979
tot_uptimes: 85
tot_uptimes_duration: 5071.209840002467
