comms_cons: 33.402598400495684
finished_reconf: true
global_termination_time: 331120.61
local_termination_time: 36748.741360000015
node_cons: 6764.736482241731
tot_aggregated_send: 4408
tot_msg_rcv: 215
tot_msg_sent: 454
tot_reconf_duration: 11.899999999999999
tot_sleeping_duration: 326080.59783999866
tot_uptimes: 85
tot_uptimes_duration: 5040.012160001286
