comms_cons: 100.0238591958559
finished_reconf: true
global_termination_time: 988008.5723199996
local_termination_time: 988008.5311999996
node_cons: 20386.32026431912
tot_aggregated_send: 13616
tot_msg_rcv: 520
tot_msg_sent: 1066
tot_reconf_duration: 24.59
tot_sleeping_duration: 972808.4774400003
tot_uptimes: 254
tot_uptimes_duration: 15200.094879999313
