comms_cons: 101.91601919627826
finished_reconf: true
global_termination_time: 988008.72648
local_termination_time: 59643.104
node_cons: 20387.340892957807
tot_aggregated_send: 13338
tot_msg_rcv: 811
tot_msg_sent: 1341
tot_reconf_duration: 22.65
tot_sleeping_duration: 972805.9018400016
tot_uptimes: 254
tot_uptimes_duration: 15202.824639998347
