comms_cons: 98.22745599897638
finished_reconf: true
global_termination_time: 989391.178
local_termination_time: 237617.87236000004
node_cons: 20330.161900000014
tot_aggregated_send: 14326
tot_msg_rcv: 258
tot_msg_sent: 346
tot_reconf_duration: 3.05
tot_sleeping_duration: 974211.178
tot_uptimes: 254
tot_uptimes_duration: 15180.0
