comms_cons: 284.16880639325774
finished_reconf: true
global_termination_time: 2838035.13
local_termination_time: 258259.08236000006
node_cons: 58351.62616782628
tot_aggregated_send: 39324
tot_msg_rcv: 1420
tot_msg_sent: 2448
tot_reconf_duration: 18.21
tot_sleeping_duration: 2794475.087440009
tot_uptimes: 727
tot_uptimes_duration: 43560.04255999054
