comms_cons: 281.6954752187115
finished_reconf: true
global_termination_time: 2836349.19
local_termination_time: 278207.1191600003
node_cons: 58335.36823999906
tot_aggregated_send: 40832
tot_msg_rcv: 713
tot_msg_sent: 1271
tot_reconf_duration: 6.279999999999999
tot_sleeping_duration: 2792789.19
tot_uptimes: 727
tot_uptimes_duration: 43560.00000000012
