comms_cons: 282.2764352097298
finished_reconf: true
global_termination_time: 2837558.209
local_termination_time: 1693235.8667599983
node_cons: 58337.52468894352
tot_aggregated_send: 38512
tot_msg_rcv: 1372
tot_msg_sent: 3019
tot_reconf_duration: 7.819999999999999
tot_sleeping_duration: 2793998.1603600113
tot_uptimes: 727
tot_uptimes_duration: 43560.04863998841
