comms_cons: 558.1074498871377
finished_reconf: true
global_termination_time: 2834392.3705999977
local_termination_time: 3319.6186
node_cons: 58282.44455174681
tot_aggregated_send: 0
tot_msg_rcv: 42770
tot_msg_sent: 42057
tot_reconf_duration: 11.31
tot_sleeping_duration: 2790876.996760007
tot_uptimes: 726
tot_uptimes_duration: 43515.373839990934
