comms_cons: 170.02717433621254
finished_reconf: true
global_termination_time: 856646.311
local_termination_time: 3289.9573600000003
node_cons: 17619.21360335512
tot_aggregated_send: 0
tot_msg_rcv: 13149
tot_msg_sent: 12696
tot_reconf_duration: 18.21
tot_sleeping_duration: 843506.2927600037
tot_uptimes: 220
tot_uptimes_duration: 13140.018239996338
