comms_cons: 84.10191359873856
finished_reconf: true
global_termination_time: 853992.346
local_termination_time: 402395.9641600003
node_cons: 17548.5018233597
tot_aggregated_send: 11252
tot_msg_rcv: 530
tot_msg_sent: 1001
tot_reconf_duration: 25.299999999999997
tot_sleeping_duration: 840912.3277600002
tot_uptimes: 219
tot_uptimes_duration: 13080.018239999772
