comms_cons: 87.91784959505611
finished_reconf: true
global_termination_time: 858021.86
local_termination_time: 373528.73948000005
node_cons: 17602.93118335968
tot_aggregated_send: 11194
tot_msg_rcv: 740
tot_msg_sent: 1429
tot_reconf_duration: 6.22
tot_sleeping_duration: 844881.8417600002
tot_uptimes: 220
tot_uptimes_duration: 13140.018239999772
