comms_cons: 794.1549058012
finished_reconf: true
global_termination_time: 7917137.917
local_termination_time: 731331.6941599983
node_cons: 162855.78525004754
tot_aggregated_send: 110548
tot_msg_rcv: 3391
tot_msg_sent: 6766
tot_reconf_duration: 4.8100000000000005
tot_sleeping_duration: 7795517.8622800205
tot_uptimes: 2028
tot_uptimes_duration: 121620.05471997987
