comms_cons: 788.5497538095615
finished_reconf: true
global_termination_time: 7916749.899
local_termination_time: 856322.323999998
node_cons: 162857.68374781392
tot_aggregated_send: 109504
tot_msg_rcv: 3555
tot_msg_sent: 6796
tot_reconf_duration: 6.22
tot_sleeping_duration: 7795129.856440016
tot_uptimes: 2028
tot_uptimes_duration: 121620.0425599846
