comms_cons: 781.8510721341911
finished_reconf: true
global_termination_time: 7913997.073
local_termination_time: 1981773.584519999
node_cons: 162776.27092781372
tot_aggregated_send: 110258
tot_msg_rcv: 2887
tot_msg_sent: 5692
tot_reconf_duration: 5.43
tot_sleeping_duration: 7792437.030440015
tot_uptimes: 2027
tot_uptimes_duration: 121560.0425599846
