comms_cons: 401.6291328421038
finished_reconf: true
global_termination_time: 3968889.587
local_termination_time: 199434.67836000008
node_cons: 81659.90323452723
tot_aggregated_send: 54926
tot_msg_rcv: 2125
tot_msg_sent: 3993
tot_reconf_duration: 25.299999999999997
tot_sleeping_duration: 3907929.5079600224
tot_uptimes: 1017
tot_uptimes_duration: 60960.07903997705
