comms_cons: 399.4370176382766
finished_reconf: true
global_termination_time: 3969556.808
local_termination_time: 1038261.0143599999
node_cons: 81637.86836781637
tot_aggregated_send: 55564
tot_msg_rcv: 1782
tot_msg_sent: 3367
tot_reconf_duration: 9.11
tot_sleeping_duration: 3908596.7654400165
tot_uptimes: 1017
tot_uptimes_duration: 60960.04255998391
