comms_cons: 397.636691246056
finished_reconf: true
global_termination_time: 3968645.015
local_termination_time: 1179818.2043599999
node_cons: 81633.93560669983
tot_aggregated_send: 55738
tot_msg_rcv: 1505
tot_msg_sent: 3196
tot_reconf_duration: 6.22
tot_sleeping_duration: 3907684.978520014
tot_uptimes: 1017
tot_uptimes_duration: 60960.036479986506
