comms_cons: 856.2585282037154
finished_reconf: true
global_termination_time: 8631497.283
local_termination_time: 3775392.191999999
node_cons: 177585.8143878135
tot_aggregated_send: 119886
tot_msg_rcv: 3369
tot_msg_sent: 6890
tot_reconf_duration: 25.299999999999997
tot_sleeping_duration: 8498897.240440015
tot_uptimes: 2211
tot_uptimes_duration: 132600.04255998507
