comms_cons: 851.6327170079674
finished_reconf: true
global_termination_time: 8630105.92
local_termination_time: 4018375.8277199995
node_cons: 177562.42692557926
tot_aggregated_send: 119132
tot_msg_rcv: 3437
tot_msg_sent: 6869
tot_reconf_duration: 8.09
tot_sleeping_duration: 8497505.88960001
tot_uptimes: 2211
tot_uptimes_duration: 132600.03039998934
