comms_cons: 851.482483391157
finished_reconf: true
global_termination_time: 8628672.584
local_termination_time: 4087173.8084399994
node_cons: 177483.48022669644
tot_aggregated_send: 120002
tot_msg_rcv: 3218
tot_msg_sent: 6199
tot_reconf_duration: 9.11
tot_sleeping_duration: 8496132.547520014
tot_uptimes: 2210
tot_uptimes_duration: 132540.0364799872
