comms_cons: 851.3823745814534
finished_reconf: true
global_termination_time: 8628296.866
local_termination_time: 4090448.63448
node_cons: 177491.6239418981
tot_aggregated_send: 120640
tot_msg_rcv: 2967
tot_msg_sent: 5796
tot_reconf_duration: 15.110000000000001
tot_sleeping_duration: 8495756.832720011
tot_uptimes: 2210
tot_uptimes_duration: 132540.03327998798
