comms_cons: 31.11961600037593
finished_reconf: true
global_termination_time: 311239.848
local_termination_time: 11956.75972
node_cons: 6351.001900000006
tot_aggregated_send: 4350
tot_msg_rcv: 150
tot_msg_sent: 230
tot_reconf_duration: 3.05
tot_sleeping_duration: 306499.848
tot_uptimes: 80
tot_uptimes_duration: 4740.0
