comms_cons: 258.88494080614487
finished_reconf: true
global_termination_time: 2808300.793
local_termination_time: 5940.537
node_cons: 57870.58841999896
tot_aggregated_send: 39131
tot_msg_rcv: 78
tot_msg_sent: 140
tot_reconf_duration: 18.990000000000002
tot_sleeping_duration: 2765100.793
tot_uptimes: 720
tot_uptimes_duration: 43200.0
