comms_cons: 273.8079488140345
finished_reconf: true
global_termination_time: 2811098.231
local_termination_time: 7091.997999999999
node_cons: 57859.16760558376
tot_aggregated_send: 38568
tot_msg_rcv: 1048
tot_msg_sent: 2000
tot_reconf_duration: 10.55
tot_sleeping_duration: 2767898.2006000117
tot_uptimes: 720
tot_uptimes_duration: 43200.03039998864
