comms_cons: 13.89527039988638
finished_reconf: true
global_termination_time: 130824.822
local_termination_time: 24952.666360000003
node_cons: 2655.3700411191558
tot_aggregated_send: 1624
tot_msg_rcv: 198
tot_msg_sent: 290
tot_reconf_duration: 3.05
tot_sleeping_duration: 128844.81592000063
tot_uptimes: 34
tot_uptimes_duration: 1980.0060799993662
