comms_cons: 16.237465599417938
finished_reconf: true
global_termination_time: 130375.509
local_termination_time: 10276.649200000002
node_cons: 2658.6509278360545
tot_aggregated_send: 1102
tot_msg_rcv: 547
tot_msg_sent: 820
tot_reconf_duration: 5.43
tot_sleeping_duration: 128395.46644000294
tot_uptimes: 34
tot_uptimes_duration: 1980.042559997055
