comms_cons: 15.8756096000312
finished_reconf: true
global_termination_time: 182141.613
local_termination_time: 6201.456
node_cons: 3705.9173233597357
tot_aggregated_send: 1906
tot_msg_rcv: 168
tot_msg_sent: 339
tot_reconf_duration: 7.55
tot_sleeping_duration: 179381.5947600002
tot_uptimes: 47
tot_uptimes_duration: 2760.018239999801
