comms_cons: 2.1777151999954434
finished_reconf: true
global_termination_time: 16370.956
local_termination_time: 6553.178800000001
node_cons: 355.7174000000002
tot_aggregated_send: 0
tot_msg_rcv: 179
tot_msg_sent: 152
tot_reconf_duration: 25.299999999999997
tot_sleeping_duration: 16130.956
tot_uptimes: 5
tot_uptimes_duration: 240.0
