comms_cons: 2.250086399992565
finished_reconf: true
global_termination_time: 14508.355
local_termination_time: 6163.81136
node_cons: 253.39137999999954
tot_aggregated_send: 0
tot_msg_rcv: 176
tot_msg_sent: 166
tot_reconf_duration: 9.11
tot_sleeping_duration: 14328.355
tot_uptimes: 4
tot_uptimes_duration: 180.0
