comms_cons: 1.5921663999972153
finished_reconf: true
global_termination_time: 17872.035
local_termination_time: 5619.821360000001
node_cons: 346.754600000001
tot_aggregated_send: 0
tot_msg_rcv: 141
tot_msg_sent: 101
tot_reconf_duration: 18.700000000000003
tot_sleeping_duration: 17632.035
tot_uptimes: 5
tot_uptimes_duration: 240.0
