comms_cons: 1.4803199999972028
finished_reconf: true
global_termination_time: 13481.597
local_termination_time: 7217.8683599999995
node_cons: 257.18020000000195
tot_aggregated_send: 0
tot_msg_rcv: 118
tot_msg_sent: 107
tot_reconf_duration: 11.899999999999999
tot_sleeping_duration: 13301.596999999998
tot_uptimes: 4
tot_uptimes_duration: 180.0
