comms_cons: 149.34188798619832
finished_reconf: true
global_termination_time: 1459112.147
local_termination_time: 213654.3957600004
node_cons: 29977.480265593378
tot_aggregated_send: 19488
tot_msg_rcv: 1066
tot_msg_sent: 2147
tot_reconf_duration: 7.819999999999999
tot_sleeping_duration: 1436732.116600005
tot_uptimes: 374
tot_uptimes_duration: 22380.03039999504
