comms_cons: 46.31161600047103
finished_reconf: true
global_termination_time: 469901.25
local_termination_time: 51350.89748000001
node_cons: 9671.566841121436
tot_aggregated_send: 6554
tot_msg_rcv: 206
tot_msg_sent: 279
tot_reconf_duration: 22.65
tot_sleeping_duration: 462701.24391999893
tot_uptimes: 121
tot_uptimes_duration: 7200.006080001069
