comms_cons: 56.706272003290636
finished_reconf: true
global_termination_time: 401788.2387200001
local_termination_time: 401788.1976000001
node_cons: 8264.154867221383
tot_aggregated_send: 2262
tot_msg_rcv: 2632
tot_msg_sent: 3730
tot_reconf_duration: 37.410000000000004
tot_sleeping_duration: 395654.29391998413
tot_uptimes: 103
tot_uptimes_duration: 6133.944800015961
