comms_cons: 229.88782718644975
finished_reconf: true
global_termination_time: 2313109.44423999
local_termination_time: 37209.040680000144
node_cons: 47648.435073887944
tot_aggregated_send: 31958
tot_msg_rcv: 1105
tot_msg_sent: 1877
tot_reconf_duration: 18.21
tot_sleeping_duration: 2277542.822960013
tot_uptimes: 593
tot_uptimes_duration: 35566.621279976505
