comms_cons: 226.3370111926187
finished_reconf: true
global_termination_time: 2314098.641
local_termination_time: 662539.8549199994
node_cons: 47583.637826995364
tot_aggregated_send: 33002
tot_msg_rcv: 539
tot_msg_sent: 859
tot_reconf_duration: 15.110000000000001
tot_sleeping_duration: 2278577.268000003
tot_uptimes: 593
tot_uptimes_duration: 35521.372999996995
