comms_cons: 227.6529791928547
finished_reconf: true
global_termination_time: 2317786.378
local_termination_time: 372703.53808000014
node_cons: 47654.41235999938
tot_aggregated_send: 33118
tot_msg_rcv: 539
tot_msg_sent: 944
tot_reconf_duration: 9.42
tot_sleeping_duration: 2282206.378
tot_uptimes: 594
tot_uptimes_duration: 35580.0
