comms_cons: 228.778521591888
finished_reconf: true
global_termination_time: 2313114.007
local_termination_time: 270701.28436000046
node_cons: 47667.01459999934
tot_aggregated_send: 33176
tot_msg_rcv: 523
tot_msg_sent: 1074
tot_reconf_duration: 18.700000000000003
tot_sleeping_duration: 2277534.007
tot_uptimes: 593
tot_uptimes_duration: 35580.0
