comms_cons: 227.75216638428643
finished_reconf: true
global_termination_time: 2314395.061
local_termination_time: 719462.40236
node_cons: 47567.860826700475
tot_aggregated_send: 31436
tot_msg_rcv: 1254
tot_msg_sent: 1927
tot_reconf_duration: 4.8100000000000005
tot_sleeping_duration: 2278875.0245200144
tot_uptimes: 593
tot_uptimes_duration: 35520.03647998581
