comms_cons: 519.6099264719115
finished_reconf: true
global_termination_time: 5284752.286
local_termination_time: 1800313.6344799998
node_cons: 108708.57266334792
tot_aggregated_send: 73660
tot_msg_rcv: 1716
tot_msg_sent: 3600
tot_reconf_duration: 6.279999999999999
tot_sleeping_duration: 5203572.267760007
tot_uptimes: 1354
tot_uptimes_duration: 81180.01823999337
