comms_cons: 522.418451261444
finished_reconf: true
global_termination_time: 5281461.312
local_termination_time: 1851100.4456399982
node_cons: 108627.26034223114
tot_aggregated_send: 72964
tot_msg_rcv: 2168
tot_msg_sent: 4270
tot_reconf_duration: 5.57
tot_sleeping_duration: 5200341.299840004
tot_uptimes: 1353
tot_uptimes_duration: 81120.01215999573
