comms_cons: 221.94243198036077
finished_reconf: true
global_termination_time: 2201967.256
local_termination_time: 1211247.656119999
node_cons: 45252.28428446695
tot_aggregated_send: 30508
tot_msg_rcv: 1085
tot_msg_sent: 2138
tot_reconf_duration: 15.34
tot_sleeping_duration: 2168187.2316800095
tot_uptimes: 564
tot_uptimes_duration: 33780.02431999054
