comms_cons: 221.99004158350232
finished_reconf: true
global_termination_time: 2203352.047
local_termination_time: 440748.71536000003
node_cons: 45318.7427878219
tot_aggregated_send: 30682
tot_msg_rcv: 1025
tot_msg_sent: 2035
tot_reconf_duration: 5.1
tot_sleeping_duration: 2169512.004440013
tot_uptimes: 565
tot_uptimes_duration: 33840.042559986876
