comms_cons: 474.76009604364305
finished_reconf: true
global_termination_time: 4778141.638199999
local_termination_time: 4778141.597079999
node_cons: 98351.23516438412
tot_aggregated_send: 68716
tot_msg_rcv: 1198
tot_msg_sent: 2246
tot_reconf_duration: 24.59
tot_sleeping_duration: 4704715.318600008
tot_uptimes: 1224
tot_uptimes_duration: 73426.31959999044
