comms_cons: 481.56401929188587
finished_reconf: true
global_termination_time: 4783216.303
local_termination_time: 719238.080999999
node_cons: 98366.97568781601
tot_aggregated_send: 66816
tot_msg_rcv: 2282
tot_msg_sent: 4096
tot_reconf_duration: 22.65
tot_sleeping_duration: 4709776.260440016
tot_uptimes: 1225
tot_uptimes_duration: 73440.04255998414
