comms_cons: 85.68154879951878
finished_reconf: true
global_termination_time: 837164.837
local_termination_time: 441473.8770000005
node_cons: 17217.521744481175
tot_aggregated_send: 11194
tot_msg_rcv: 622
tot_msg_sent: 1207
tot_reconf_duration: 18.21
tot_sleeping_duration: 824324.8126799992
tot_uptimes: 215
tot_uptimes_duration: 12840.02432000084
