comms_cons: 85.83310719215315
finished_reconf: true
global_termination_time: 834366.97224
local_termination_time: 45722.77476000009
node_cons: 17139.109050544503
tot_aggregated_send: 10614
tot_msg_rcv: 793
tot_msg_sent: 1638
tot_reconf_duration: 5.57
tot_sleeping_duration: 821572.6892000117
tot_uptimes: 214
tot_uptimes_duration: 12794.283039988411
