comms_cons: 84.87346559583894
finished_reconf: true
global_termination_time: 837740.437
local_termination_time: 373039.61536000005
node_cons: 17207.66266447197
tot_aggregated_send: 11078
tot_msg_rcv: 605
tot_msg_sent: 1217
tot_reconf_duration: 10.95
tot_sleeping_duration: 824900.412680006
tot_uptimes: 215
tot_uptimes_duration: 12840.024319993972
