comms_cons: 86.38517759743418
finished_reconf: true
global_termination_time: 836435.486
local_termination_time: 409628.7323600001
node_cons: 17203.412124485756
tot_aggregated_send: 11194
tot_msg_rcv: 717
tot_msg_sent: 1219
tot_reconf_duration: 7.819999999999999
tot_sleeping_duration: 823595.4616799958
tot_uptimes: 215
tot_uptimes_duration: 12840.024320004275
