comms_cons: 90.28698880016451
finished_reconf: true
global_termination_time: 923011.136
local_termination_time: 6398.599
node_cons: 18965.61224112146
tot_aggregated_send: 13451
tot_msg_rcv: 94
tot_msg_sent: 178
tot_reconf_duration: 3.95
tot_sleeping_duration: 908851.129919999
tot_uptimes: 237
tot_uptimes_duration: 14160.006080001069
