comms_cons: 88.91592959793188
finished_reconf: true
global_termination_time: 924869.933
local_termination_time: 7462.15
node_cons: 18969.86278111685
tot_aggregated_send: 13100
tot_msg_rcv: 79
tot_msg_sent: 335
tot_reconf_duration: 7.08
tot_sleeping_duration: 910709.9269200023
tot_uptimes: 237
tot_uptimes_duration: 14160.006079997627
