comms_cons: 282.54465280710286
finished_reconf: false
global_termination_time: 2809990.332
local_termination_time: 0
node_cons: 57906.95288893872
tot_aggregated_send: 39439
tot_msg_rcv: 1220
tot_msg_sent: 2287
tot_reconf_duration: 45.720000000000006
tot_sleeping_duration: 2766790.283360015
tot_uptimes: 720
tot_uptimes_duration: 43200.04863998474
