comms_cons: 270.3794431970769
finished_reconf: true
global_termination_time: 2808519.077
local_termination_time: 5159.032
node_cons: 57879.28228781711
tot_aggregated_send: 39009
tot_msg_rcv: 637
tot_msg_sent: 1449
tot_reconf_duration: 25.35
tot_sleeping_duration: 2765319.0344400164
tot_uptimes: 720
tot_uptimes_duration: 43200.042559983674
