comms_cons: 271.39262722759037
finished_reconf: true
global_termination_time: 2809265.493
local_termination_time: 1521.6092400000002
node_cons: 57861.46532781742
tot_aggregated_send: 38860
tot_msg_rcv: 828
tot_msg_sent: 1563
tot_reconf_duration: 12.23
tot_sleeping_duration: 2766065.4504400156
tot_uptimes: 720
tot_uptimes_duration: 43200.04255998391
