comms_cons: 106.6813823996931
finished_reconf: true
global_termination_time: 1103835.99
local_termination_time: 495157.69636
node_cons: 22661.841619999974
tot_aggregated_send: 16008
tot_msg_rcv: 31
tot_msg_sent: 175
tot_reconf_duration: 4.390000000000001
tot_sleeping_duration: 1086915.99
tot_uptimes: 283
tot_uptimes_duration: 16920.0
