comms_cons: 62.693824000425515
finished_reconf: true
global_termination_time: 642925.755
local_termination_time: 289804.2425600002
node_cons: 13182.291980000015
tot_aggregated_send: 8932
tot_msg_rcv: 195
tot_msg_sent: 403
tot_reconf_duration: 4.8100000000000005
tot_sleeping_duration: 633085.755
tot_uptimes: 165
tot_uptimes_duration: 9840.0
