comms_cons: 60.9040576001567
finished_reconf: true
global_termination_time: 632135.595
local_termination_time: 390608.38336000004
node_cons: 12941.665799999988
tot_aggregated_send: 9048
tot_msg_rcv: 31
tot_msg_sent: 178
tot_reconf_duration: 5.1
tot_sleeping_duration: 622475.595
tot_uptimes: 162
tot_uptimes_duration: 9660.0
