comms_cons: 51.298022400691295
finished_reconf: true
global_termination_time: 511247.055
local_termination_time: 56870.96368000005
node_cons: 10452.646760000016
tot_aggregated_send: 7076
tot_msg_rcv: 262
tot_msg_sent: 459
tot_reconf_duration: 6.22
tot_sleeping_duration: 503447.055
tot_uptimes: 131
tot_uptimes_duration: 7800.0
