comms_cons: 64.14719999948153
finished_reconf: true
global_termination_time: 631622.553
local_termination_time: 267598.97836000007
node_cons: 12947.54864223366
tot_aggregated_send: 8468
tot_msg_rcv: 416
tot_msg_sent: 866
tot_reconf_duration: 9.42
tot_sleeping_duration: 621962.5408400047
tot_uptimes: 162
tot_uptimes_duration: 9660.012159995269
