comms_cons: 64.27220480036806
finished_reconf: true
global_termination_time: 633630.042
local_termination_time: 251254.19136000006
node_cons: 13021.620121121447
tot_aggregated_send: 8584
tot_msg_rcv: 376
tot_msg_sent: 809
tot_reconf_duration: 4.8100000000000005
tot_sleeping_duration: 623910.035919999
tot_uptimes: 163
tot_uptimes_duration: 9720.006080001069
