comms_cons: 127.15992318707906
finished_reconf: true
global_termination_time: 1240014.013
local_termination_time: 661744.7465999998
node_cons: 25476.251183350654
tot_aggregated_send: 16936
tot_msg_rcv: 940
tot_msg_sent: 1450
tot_reconf_duration: 6.22
tot_sleeping_duration: 1220993.9947600071
tot_uptimes: 318
tot_uptimes_duration: 19020.018239992904
