comms_cons: 57.9383040048621
finished_reconf: true
global_termination_time: 265828.2197200001
local_termination_time: 265828.1786000001
node_cons: 5515.046908168174
tot_aggregated_send: 0
tot_msg_rcv: 4822
tot_msg_sent: 3981
tot_reconf_duration: 24.59
tot_sleeping_duration: 261734.37827999404
tot_uptimes: 69
tot_uptimes_duration: 4093.841440006092
