comms_cons: 61.351091201213634
finished_reconf: true
global_termination_time: 606397.676
local_termination_time: 408670.0396000001
node_cons: 12473.580566728633
tot_aggregated_send: 7656
tot_msg_rcv: 608
tot_msg_sent: 1061
tot_reconf_duration: 15.34
tot_sleeping_duration: 597097.6395199936
tot_uptimes: 156
tot_uptimes_duration: 9300.036480006413
