comms_cons: 61.987904000780944
finished_reconf: true
global_termination_time: 611503.206
local_termination_time: 395853.48936
node_cons: 12539.99836448571
tot_aggregated_send: 8120
tot_msg_rcv: 474
tot_msg_sent: 827
tot_reconf_duration: 5.1
tot_sleeping_duration: 602143.1816799957
tot_uptimes: 157
tot_uptimes_duration: 9360.024320004275
