comms_cons: 59.99572480125126
finished_reconf: true
global_termination_time: 606128.369
local_termination_time: 451212.89236000006
node_cons: 12470.593001121426
tot_aggregated_send: 8062
tot_msg_rcv: 309
tot_msg_sent: 748
tot_reconf_duration: 13.17
tot_sleeping_duration: 596828.3629199989
tot_uptimes: 156
tot_uptimes_duration: 9300.006080001069
