comms_cons: 61.41585919930102
finished_reconf: true
global_termination_time: 608475.072
local_termination_time: 285683.5463600001
node_cons: 12456.866323359774
tot_aggregated_send: 7946
tot_msg_rcv: 456
tot_msg_sent: 933
tot_reconf_duration: 3.05
tot_sleeping_duration: 599175.0537600003
tot_uptimes: 156
tot_uptimes_duration: 9300.018239999772
