comms_cons: 298.05812481872766
finished_reconf: true
global_termination_time: 3001350.01948
local_termination_time: 3001349.9783599996
node_cons: 61752.88794207109
tot_aggregated_send: 43022
tot_msg_rcv: 764
tot_msg_sent: 1517
tot_reconf_duration: 24.59
tot_sleeping_duration: 2955256.296760005
tot_uptimes: 769
tot_uptimes_duration: 46093.722719994475
