comms_cons: 15.488063999765654
finished_reconf: true
global_termination_time: 144150.937
local_termination_time: 16053.84448
node_cons: 2896.390041119151
tot_aggregated_send: 1682
tot_msg_rcv: 261
tot_msg_sent: 410
tot_reconf_duration: 3.05
tot_sleeping_duration: 141990.93092000062
tot_uptimes: 37
tot_uptimes_duration: 2160.006079999366
