comms_cons: 355.0807615997653
finished_reconf: true
global_termination_time: 3658235.061
local_termination_time: 2320418.62948
node_cons: 75206.79266334939
tot_aggregated_send: 50634
tot_msg_rcv: 1070
tot_msg_sent: 2266
tot_reconf_duration: 6.279999999999999
tot_sleeping_duration: 3602075.042760007
tot_uptimes: 937
tot_uptimes_duration: 56160.01823999314
