comms_cons: 366.1315072367019
finished_reconf: true
global_termination_time: 3655907.754
local_termination_time: 1270801.134
node_cons: 75211.10563005056
tot_aggregated_send: 50045
tot_msg_rcv: 1784
tot_msg_sent: 3820
tot_reconf_duration: 9.42
tot_sleeping_duration: 3599747.699280021
tot_uptimes: 937
tot_uptimes_duration: 56160.05471997941
