comms_cons: 368.9412480492
finished_reconf: true
global_termination_time: 3657740.376
local_termination_time: 636648.9254399985
node_cons: 75215.46566700908
tot_aggregated_send: 50460
tot_msg_rcv: 1821
tot_msg_sent: 3794
tot_reconf_duration: 12.629999999999999
tot_sleeping_duration: 3601580.320640022
tot_uptimes: 937
tot_uptimes_duration: 56160.05535997823
