comms_cons: 363.6007424292415
finished_reconf: true
global_termination_time: 3657282.776
local_termination_time: 1091657.0741199988
node_cons: 75202.42260558276
tot_aggregated_send: 51504
tot_msg_rcv: 1258
tot_msg_sent: 2504
tot_reconf_duration: 3.05
tot_sleeping_duration: 3601122.745600011
tot_uptimes: 937
tot_uptimes_duration: 56160.03039998864
