comms_cons: 28.889894400388123
finished_reconf: true
global_termination_time: 292125.765
local_termination_time: 196041.61840000082
node_cons: 5949.3018999999895
tot_aggregated_send: 4002
tot_msg_rcv: 101
tot_msg_sent: 288
tot_reconf_duration: 3.05
tot_sleeping_duration: 287685.765
tot_uptimes: 75
tot_uptimes_duration: 4440.0
