comms_cons: 306.74329602227397
finished_reconf: true
global_termination_time: 3056245.761
local_termination_time: 282186.74036000005
node_cons: 62850.69059116774
tot_aggregated_send: 42340
tot_msg_rcv: 1272
tot_msg_sent: 3013
tot_reconf_duration: 18.21
tot_sleeping_duration: 3009325.700200023
tot_uptimes: 783
tot_uptimes_duration: 46920.06079997681
