comms_cons: 302.49182720877474
finished_reconf: true
global_termination_time: 3055888.38
local_termination_time: 1670622.06336
node_cons: 62860.25368223279
tot_aggregated_send: 42108
tot_msg_rcv: 1315
tot_msg_sent: 2551
tot_reconf_duration: 25.299999999999997
tot_sleeping_duration: 3008968.3678400046
tot_uptimes: 783
tot_uptimes_duration: 46920.0121599955
