comms_cons: 302.57021439882294
finished_reconf: true
global_termination_time: 3055574.807
local_termination_time: 1658291.8884799988
node_cons: 62843.7974244663
tot_aggregated_send: 42398
tot_msg_rcv: 1213
tot_msg_sent: 2378
tot_reconf_duration: 13.17
tot_sleeping_duration: 3008654.782680009
tot_uptimes: 783
tot_uptimes_duration: 46920.02431999077
