comms_cons: 304.5133632055424
finished_reconf: true
global_termination_time: 3059879.611
local_termination_time: 1458619.982
node_cons: 62919.91741845783
tot_aggregated_send: 41752
tot_msg_rcv: 1504
tot_msg_sent: 3028
tot_reconf_duration: 9.11
tot_sleeping_duration: 3012898.620680016
tot_uptimes: 784
tot_uptimes_duration: 46980.99031998427
