comms_cons: 306.6254976201837
finished_reconf: true
global_termination_time: 3058740.079
local_termination_time: 518413.27664000087
node_cons: 62937.06011116774
tot_aggregated_send: 42804
tot_msg_rcv: 1201
tot_msg_sent: 2600
tot_reconf_duration: 22.65
tot_sleeping_duration: 3011760.018200023
tot_uptimes: 784
tot_uptimes_duration: 46980.06079997681
