comms_cons: 308.6262080163961
finished_reconf: true
global_termination_time: 3055931.851
local_termination_time: 506378.56536
node_cons: 62851.3478700554
tot_aggregated_send: 42108
tot_msg_rcv: 1615
tot_msg_sent: 3187
tot_reconf_duration: 18.700000000000003
tot_sleeping_duration: 3009011.796280017
tot_uptimes: 783
tot_uptimes_duration: 46920.054719982596
