comms_cons: 310.02560643030165
finished_reconf: true
global_termination_time: 3056341.289
local_termination_time: 922947.5849999981
node_cons: 62830.06260558353
tot_aggregated_send: 41412
tot_msg_rcv: 2044
tot_msg_sent: 3664
tot_reconf_duration: 3.05
tot_sleeping_duration: 3009421.2586000115
tot_uptimes: 783
tot_uptimes_duration: 46920.03039998858
