comms_cons: 309.3753792161908
finished_reconf: true
global_termination_time: 3056353.365
local_termination_time: 989640.3113599999
node_cons: 62836.54840670054
tot_aggregated_send: 41412
tot_msg_rcv: 2034
tot_msg_sent: 3576
tot_reconf_duration: 7.819999999999999
tot_sleeping_duration: 3009433.328520014
tot_uptimes: 783
tot_uptimes_duration: 46920.03647998633
