comms_cons: 306.49752320778737
finished_reconf: true
global_termination_time: 3056027.242
local_termination_time: 1786603.22336
node_cons: 62834.367465583506
tot_aggregated_send: 41528
tot_msg_rcv: 1820
tot_msg_sent: 3238
tot_reconf_duration: 6.22
tot_sleeping_duration: 3009107.211600011
tot_uptimes: 783
tot_uptimes_duration: 46920.03039998864
