comms_cons: 305.0068223939824
finished_reconf: true
global_termination_time: 3060881.967
local_termination_time: 1892648.7453599998
node_cons: 62921.60340334932
tot_aggregated_send: 41992
tot_msg_rcv: 1567
tot_msg_sent: 2798
tot_reconf_duration: 11.31
tot_sleeping_duration: 3013901.9487600075
tot_uptimes: 784
tot_uptimes_duration: 46980.0182399929
