comms_cons: 40.08048640024115
finished_reconf: true
global_termination_time: 409352.149
local_termination_time: 60844.64744000014
node_cons: 8363.88824000001
tot_aggregated_send: 5858
tot_msg_rcv: 65
tot_msg_sent: 169
tot_reconf_duration: 6.279999999999999
tot_sleeping_duration: 403112.149
tot_uptimes: 105
tot_uptimes_duration: 6240.0
