comms_cons: 40.73182720021261
finished_reconf: true
global_termination_time: 413258.541
local_termination_time: 72001.04595999964
node_cons: 8453.584859999988
tot_aggregated_send: 5916
tot_msg_rcv: 113
tot_msg_sent: 162
tot_reconf_duration: 13.17
tot_sleeping_duration: 406958.541
tot_uptimes: 106
tot_uptimes_duration: 6299.999999999985
