comms_cons: 283.4075968133344
finished_reconf: true
global_termination_time: 2807955.961
local_termination_time: 4194.790999999999
node_cons: 57874.290286712334
tot_aggregated_send: 39187
tot_msg_rcv: 1443
tot_msg_sent: 2446
tot_reconf_duration: 21.68
tot_sleeping_duration: 2764755.9245200055
tot_uptimes: 720
tot_uptimes_duration: 43200.03647999505
