comms_cons: 632.1056897383221
finished_reconf: true
global_termination_time: 6339830.25
local_termination_time: 533300.1863599989
node_cons: 130398.41710893149
tot_aggregated_send: 88798
tot_msg_rcv: 2285
tot_msg_sent: 4993
tot_reconf_duration: 4.8100000000000005
tot_sleeping_duration: 6242450.201360018
tot_uptimes: 1624
tot_uptimes_duration: 97380.04863998177
