comms_cons: 636.0914881510249
finished_reconf: true
global_termination_time: 6338693.287
local_termination_time: 934663.1593599999
node_cons: 130396.01888781527
tot_aggregated_send: 87928
tot_msg_rcv: 3057
tot_msg_sent: 5698
tot_reconf_duration: 3.05
tot_sleeping_duration: 6241313.244440015
tot_uptimes: 1624
tot_uptimes_duration: 97380.0425599846
