comms_cons: 15.932799999982874
finished_reconf: true
global_termination_time: 3566.1530400000006
local_termination_time: 3566.1119200000007
node_cons: 1818.6702866000135
tot_aggregated_send: 0
tot_msg_rcv: 1121
tot_msg_sent: 1298
tot_reconf_duration: 37.410000000000004
tot_sleeping_duration: 2245.863639999991
tot_uptimes: 19
tot_uptimes_duration: 1320.2894000000094
