comms_cons: 847.935321847059
finished_reconf: true
global_termination_time: 8461524.847
local_termination_time: 1121166.90236
node_cons: 174027.1572533991
tot_aggregated_send: 116928
tot_msg_rcv: 4168
tot_msg_sent: 7783
tot_reconf_duration: 7.819999999999999
tot_sleeping_duration: 8331564.774040026
tot_uptimes: 2167
tot_uptimes_duration: 129960.07295997394
