comms_cons: 845.6552386579225
finished_reconf: true
global_termination_time: 8461605.845
local_termination_time: 1580860.6334399986
node_cons: 174031.88039116515
tot_aggregated_send: 116870
tot_msg_rcv: 3877
tot_msg_sent: 7787
tot_reconf_duration: 11.31
tot_sleeping_duration: 8331645.784200022
tot_uptimes: 2167
tot_uptimes_duration: 129960.06079997844
