comms_cons: 208.61515517687036
finished_reconf: true
global_termination_time: 2032280.522
local_termination_time: 637186.545
node_cons: 41785.55355165621
tot_aggregated_send: 27373
tot_msg_rcv: 1542
tot_msg_sent: 2796
tot_reconf_duration: 6.22
tot_sleeping_duration: 2001080.2928800178
tot_uptimes: 521
tot_uptimes_duration: 31200.229119982396
