comms_cons: 40.11996160026089
finished_reconf: true
global_termination_time: 408540.399
local_termination_time: 301992.11536000005
node_cons: 8362.92406000002
tot_aggregated_send: 5916
tot_msg_rcv: 71
tot_msg_sent: 111
tot_reconf_duration: 5.57
tot_sleeping_duration: 402300.399
tot_uptimes: 105
tot_uptimes_duration: 6240.0
