comms_cons: 38.94949120065878
finished_reconf: true
global_termination_time: 369302.151
local_termination_time: 5994.818480000001
node_cons: 7558.902082240591
tot_aggregated_send: 4698
tot_msg_rcv: 469
tot_msg_sent: 754
tot_reconf_duration: 5.1
tot_sleeping_duration: 363662.13883999956
tot_uptimes: 95
tot_uptimes_duration: 5640.012160000435
