comms_cons: 36.79088640020148
finished_reconf: true
global_termination_time: 368544.716
local_termination_time: 168920.09552000038
node_cons: 7564.768642240569
tot_aggregated_send: 5220
tot_msg_rcv: 146
tot_msg_sent: 226
tot_reconf_duration: 9.42
tot_sleeping_duration: 362904.7038399996
tot_uptimes: 95
tot_uptimes_duration: 5640.012160000435
