comms_cons: 3.116863999993513
finished_reconf: true
global_termination_time: 14852.5
local_termination_time: 7199.718360000001
node_cons: 249.5482400000009
tot_aggregated_send: 0
tot_msg_rcv: 300
tot_msg_sent: 172
tot_reconf_duration: 6.279999999999999
tot_sleeping_duration: 14672.5
tot_uptimes: 4
tot_uptimes_duration: 180.0
