comms_cons: 3.3165311999876352
finished_reconf: true
global_termination_time: 17085.607
local_termination_time: 7443.66536
node_cons: 325.55078112000615
tot_aggregated_send: 0
tot_msg_rcv: 328
tot_msg_sent: 175
tot_reconf_duration: 3.08
tot_sleeping_duration: 16845.600919999997
tot_uptimes: 5
tot_uptimes_duration: 240.00608000000466
