comms_cons: 2.5724671999957196
finished_reconf: true
global_termination_time: 17872.518
local_termination_time: 4632.323360000001
node_cons: 341.887521120007
tot_aggregated_send: 0
tot_msg_rcv: 227
tot_msg_sent: 164
tot_reconf_duration: 15.110000000000001
tot_sleeping_duration: 17632.511919999997
tot_uptimes: 5
tot_uptimes_duration: 240.00608000000466
