comms_cons: 3.878655999985176
finished_reconf: true
global_termination_time: 13612.212
local_termination_time: 7260.61336
node_cons: 258.17154000000016
tot_aggregated_send: 0
tot_msg_rcv: 421
tot_msg_sent: 165
tot_reconf_duration: 12.629999999999999
tot_sleeping_duration: 13432.212
tot_uptimes: 4
tot_uptimes_duration: 180.0
