comms_cons: 474.500364573885
finished_reconf: true
global_termination_time: 1082400.485
local_termination_time: 146791.88344000065
node_cons: 65409.92889671853
tot_aggregated_send: 0
tot_msg_rcv: 29233
tot_msg_sent: 42888
tot_reconf_duration: 18.21
tot_sleeping_duration: 1033569.1185200003
tot_uptimes: 797
tot_uptimes_duration: 48831.36647999986
