comms_cons: 195.05542390657297
finished_reconf: true
global_termination_time: 1084511.278
local_termination_time: 146777.48344000065
node_cons: 22260.736403355128
tot_aggregated_send: 0
tot_msg_rcv: 15023
tot_msg_sent: 14627
tot_reconf_duration: 4.8100000000000005
tot_sleeping_duration: 1067891.2597600035
tot_uptimes: 278
tot_uptimes_duration: 16620.018239996338
