comms_cons: 15.880166399990406
finished_reconf: true
global_termination_time: 3366.9476800000007
local_termination_time: 3366.906560000001
node_cons: 1793.5748557200145
tot_aggregated_send: 0
tot_msg_rcv: 1126
tot_msg_sent: 1285
tot_reconf_duration: 37.410000000000004
tot_sleeping_duration: 2065.400199999991
tot_uptimes: 18
tot_uptimes_duration: 1301.54748000001
