comms_cons: 0.8243263999995987
finished_reconf: true
global_termination_time: 4763.907
local_termination_time: 462.8533599999999
node_cons: 91.32621999999998
tot_aggregated_send: 0
tot_msg_rcv: 72
tot_msg_sent: 53
tot_reconf_duration: 8.09
tot_sleeping_duration: 4703.907
tot_uptimes: 2
tot_uptimes_duration: 60.0
