comms_cons: 375.88412804696856
finished_reconf: true
global_termination_time: 3739813.876
local_termination_time: 139421.52036000002
node_cons: 76900.33151117199
tot_aggregated_send: 51852
tot_msg_rcv: 1688
tot_msg_sent: 3593
tot_reconf_duration: 10.95
tot_sleeping_duration: 3682393.8152000196
tot_uptimes: 958
tot_uptimes_duration: 57420.06079998048
