comms_cons: 378.21786885983977
finished_reconf: true
global_termination_time: 3736320.826
local_termination_time: 1003868.0702799993
node_cons: 76811.68595563578
tot_aggregated_send: 51446
tot_msg_rcv: 2038
tot_msg_sent: 4003
tot_reconf_duration: 4.8100000000000005
tot_sleeping_duration: 3678960.7408800316
tot_uptimes: 957
tot_uptimes_duration: 57360.08511996828
