comms_cons: 18.257907199959018
finished_reconf: true
global_termination_time: 14218.242240000003
local_termination_time: 1032.4410399999995
node_cons: 2467.8120742000465
tot_aggregated_send: 0
tot_msg_rcv: 1293
tot_msg_sent: 1482
tot_reconf_duration: 18.21
tot_sleeping_duration: 12393.684439999968
tot_uptimes: 31
tot_uptimes_duration: 1824.557800000035
