comms_cons: 213.10028798215475
finished_reconf: true
global_termination_time: 2094784.17
local_termination_time: 154189.41548000008
node_cons: 43096.646246705226
tot_aggregated_send: 28942
tot_msg_rcv: 1317
tot_msg_sent: 2131
tot_reconf_duration: 25.299999999999997
tot_sleeping_duration: 2062624.1335200106
tot_uptimes: 537
tot_uptimes_duration: 32160.03647998924
