comms_cons: 82.3584831971115
finished_reconf: true
global_termination_time: 806327.604
local_termination_time: 156792.06436000005
node_cons: 16574.80988560257
tot_aggregated_send: 10730
tot_msg_rcv: 579
tot_msg_sent: 1209
tot_reconf_duration: 18.21
tot_sleeping_duration: 793967.5735999981
tot_uptimes: 207
tot_uptimes_duration: 12360.030400001913
