comms_cons: 82.46334719730251
finished_reconf: true
global_termination_time: 806773.341
local_termination_time: 365892.19636000006
node_cons: 16580.806841121488
tot_aggregated_send: 10904
tot_msg_rcv: 603
tot_msg_sent: 1026
tot_reconf_duration: 22.65
tot_sleeping_duration: 794413.334919999
tot_uptimes: 207
tot_uptimes_duration: 12360.006080001069
