comms_cons: 224.7646911990454
finished_reconf: true
global_termination_time: 2246257.55
local_termination_time: 232152.86036000005
node_cons: 46203.06405999948
tot_aggregated_send: 31784
tot_msg_rcv: 817
tot_msg_sent: 1561
tot_reconf_duration: 5.57
tot_sleeping_duration: 2211757.55
tot_uptimes: 576
tot_uptimes_duration: 34500.0
