comms_cons: 222.33090559738508
finished_reconf: true
global_termination_time: 2247090.514
local_termination_time: 342872.71036
node_cons: 46213.384859999445
tot_aggregated_send: 32596
tot_msg_rcv: 455
tot_msg_sent: 742
tot_reconf_duration: 13.17
tot_sleeping_duration: 2212590.514
tot_uptimes: 576
tot_uptimes_duration: 34500.0
