comms_cons: 278.0185919890094
finished_reconf: true
global_termination_time: 2818071.126
local_termination_time: 1941692.72836
node_cons: 57945.97986111622
tot_aggregated_send: 39382
tot_msg_rcv: 911
tot_msg_sent: 1964
tot_reconf_duration: 15.34
tot_sleeping_duration: 2774811.1199200023
tot_uptimes: 722
tot_uptimes_duration: 43260.00607999787
