comms_cons: 280.3081599780534
finished_reconf: true
global_termination_time: 2821789.202
local_termination_time: 1493997.7110799998
node_cons: 58016.48250223274
tot_aggregated_send: 38454
tot_msg_rcv: 1382
tot_msg_sent: 2768
tot_reconf_duration: 8.09
tot_sleeping_duration: 2778469.189840005
tot_uptimes: 723
tot_uptimes_duration: 43320.01215999527
