comms_cons: 280.11601918079884
finished_reconf: true
global_termination_time: 2820849.851
local_termination_time: 1475434.57836
node_cons: 58017.8758033496
tot_aggregated_send: 38976
tot_msg_rcv: 1260
tot_msg_sent: 2340
tot_reconf_duration: 9.11
tot_sleeping_duration: 2777529.832760007
tot_uptimes: 723
tot_uptimes_duration: 43320.0182399929
