comms_cons: 281.0903680027615
finished_reconf: true
global_termination_time: 2822589.046
local_termination_time: 1071985.974719998
node_cons: 58030.923446700835
tot_aggregated_send: 38396
tot_msg_rcv: 1379
tot_msg_sent: 2949
tot_reconf_duration: 18.700000000000003
tot_sleeping_duration: 2779269.009520014
tot_uptimes: 723
tot_uptimes_duration: 43320.03647998627
