comms_cons: 212.00218878063288
finished_reconf: true
global_termination_time: 2091085.923
local_termination_time: 371050.739
node_cons: 43025.42772533687
tot_aggregated_send: 29114
tot_msg_rcv: 1196
tot_msg_sent: 1913
tot_reconf_duration: 22.65
tot_sleeping_duration: 2058976.386760017
tot_uptimes: 536
tot_uptimes_duration: 32109.53623998299
