comms_cons: 122.1823231941978
finished_reconf: true
global_termination_time: 1221749.9274799998
local_termination_time: 1221749.88636
node_cons: 25117.856083196362
tot_aggregated_send: 17270
tot_msg_rcv: 475
tot_msg_sent: 825
tot_reconf_duration: 24.59
tot_sleeping_duration: 1203016.1986800025
tot_uptimes: 313
tot_uptimes_duration: 18733.728799997247
