comms_cons: 52.52184960110056
finished_reconf: true
global_termination_time: 509727.207
local_termination_time: 283819.83736
node_cons: 10451.133941121414
tot_aggregated_send: 6670
tot_msg_rcv: 444
tot_msg_sent: 869
tot_reconf_duration: 5.1
tot_sleeping_duration: 501927.2009199989
tot_uptimes: 131
tot_uptimes_duration: 7800.006080001069
