comms_cons: 50.96968960079501
finished_reconf: true
global_termination_time: 506699.473
local_termination_time: 310817.12036
node_cons: 10380.020199999966
tot_aggregated_send: 6902
tot_msg_rcv: 276
tot_msg_sent: 570
tot_reconf_duration: 11.899999999999999
tot_sleeping_duration: 498959.473
tot_uptimes: 130
tot_uptimes_duration: 7740.0
