comms_cons: 477.47428490448056
finished_reconf: true
global_termination_time: 4726831.185
local_termination_time: 525553.5659599988
node_cons: 97245.82252893322
tot_aggregated_send: 65424
tot_msg_rcv: 2403
tot_msg_sent: 4746
tot_reconf_duration: 25.299999999999997
tot_sleeping_duration: 4654231.136360018
tot_uptimes: 1211
tot_uptimes_duration: 72600.04863998201
