comms_cons: 480.2149633074178
finished_reconf: true
global_termination_time: 4727073.673
local_termination_time: 1996500.3360399983
node_cons: 97228.59224558284
tot_aggregated_send: 65076
tot_msg_rcv: 2813
tot_msg_sent: 5100
tot_reconf_duration: 12.629999999999999
tot_sleeping_duration: 4654473.642600011
tot_uptimes: 1211
tot_uptimes_duration: 72600.0303999891
