comms_cons: 467.07056642545024
finished_reconf: true
global_termination_time: 4725092.557
local_termination_time: 2266625.8077199985
node_cons: 97227.56019999714
tot_aggregated_send: 68092
tot_msg_rcv: 823
tot_msg_sent: 2077
tot_reconf_duration: 11.899999999999999
tot_sleeping_duration: 4652492.557
tot_uptimes: 1211
tot_uptimes_duration: 72600.0
