comms_cons: 476.4064512886396
finished_reconf: true
global_termination_time: 4722559.041
local_termination_time: 2048023.427
node_cons: 97139.60631845662
tot_aggregated_send: 65479
tot_msg_rcv: 2284
tot_msg_sent: 4648
tot_reconf_duration: 4.390000000000001
tot_sleeping_duration: 4650017.110680016
tot_uptimes: 1210
tot_uptimes_duration: 72541.93031998468
