comms_cons: 474.75533448289104
finished_reconf: true
global_termination_time: 4724594.627
local_termination_time: 2005464.5703599998
node_cons: 97135.24260558213
tot_aggregated_send: 66236
tot_msg_rcv: 2032
tot_msg_sent: 3892
tot_reconf_duration: 3.05
tot_sleeping_duration: 4652054.596600012
tot_uptimes: 1210
tot_uptimes_duration: 72540.03039998887
