comms_cons: 471.2812544742747
finished_reconf: true
global_termination_time: 4723163.598
local_termination_time: 875231.8569199994
node_cons: 97138.47464558258
tot_aggregated_send: 65830
tot_msg_rcv: 1740
tot_msg_sent: 4062
tot_reconf_duration: 5.43
tot_sleeping_duration: 4650623.567600011
tot_uptimes: 1210
tot_uptimes_duration: 72540.0303999891
