comms_cons: 114.85186559225754
finished_reconf: true
global_termination_time: 1117729.819
local_termination_time: 219789.8910800006
node_cons: 22998.120566710222
tot_aggregated_send: 15022
tot_msg_rcv: 871
tot_msg_sent: 1564
tot_reconf_duration: 15.34
tot_sleeping_duration: 1100569.782520007
tot_uptimes: 287
tot_uptimes_duration: 17160.036479992676
