comms_cons: 111.26743039499885
finished_reconf: true
global_termination_time: 1119499.891
local_termination_time: 536710.7377599991
node_cons: 22989.611380000013
tot_aggregated_send: 16008
tot_msg_rcv: 332
tot_msg_sent: 572
tot_reconf_duration: 9.11
tot_sleeping_duration: 1102339.891
tot_uptimes: 287
tot_uptimes_duration: 17160.0
