comms_cons: 114.2671999925677
finished_reconf: true
global_termination_time: 1117731.945
local_termination_time: 125911.18359999993
node_cons: 22981.487734551025
tot_aggregated_send: 14906
tot_msg_rcv: 764
tot_msg_sent: 1698
tot_reconf_duration: 3.05
tot_sleeping_duration: 1100571.8659600068
tot_uptimes: 287
tot_uptimes_duration: 17160.07903999329
