comms_cons: 789.1870465326191
finished_reconf: true
global_termination_time: 8022574.722
local_termination_time: 2480507.99136
node_cons: 165036.2937066971
tot_aggregated_send: 112114
tot_msg_rcv: 2560
tot_msg_sent: 5277
tot_reconf_duration: 13.17
tot_sleeping_duration: 7899334.685520013
tot_uptimes: 2055
tot_uptimes_duration: 123240.0364799872
