comms_cons: 772.0089536748525
finished_reconf: true
global_termination_time: 8024423.707
local_termination_time: 3861049.9903599997
node_cons: 165033.23824111107
tot_aggregated_send: 110606
tot_msg_rcv: 2192
tot_msg_sent: 4541
tot_reconf_duration: 10.95
tot_sleeping_duration: 7901183.700920003
tot_uptimes: 2055
tot_uptimes_duration: 123240.00607999787
