comms_cons: 773.4046976325095
finished_reconf: true
global_termination_time: 8023626.095
local_termination_time: 3916814.26736
node_cons: 165034.52019999418
tot_aggregated_send: 114666
tot_msg_rcv: 966
tot_msg_sent: 1921
tot_reconf_duration: 11.899999999999999
tot_sleeping_duration: 7900386.095
tot_uptimes: 2055
tot_uptimes_duration: 123240.0
