comms_cons: 112.00430079514554
finished_reconf: true
global_termination_time: 1116150.397
local_termination_time: 26340.22248
node_cons: 22921.645462233697
tot_aggregated_send: 15602
tot_msg_rcv: 505
tot_msg_sent: 917
tot_reconf_duration: 18.21
tot_sleeping_duration: 1099050.3848400048
tot_uptimes: 286
tot_uptimes_duration: 17100.01215999527
