comms_cons: 108.5502207993287
finished_reconf: true
global_termination_time: 1116289.879
local_termination_time: 521904.5264800001
node_cons: 22901.0419000001
tot_aggregated_send: 15486
tot_msg_rcv: 360
tot_msg_sent: 653
tot_reconf_duration: 3.05
tot_sleeping_duration: 1099189.879
tot_uptimes: 286
tot_uptimes_duration: 17100.0
