comms_cons: 145.85862402087005
finished_reconf: true
global_termination_time: 502344.4486000001
local_termination_time: 502344.4074800001
node_cons: 20476.078415400123
tot_aggregated_send: 0
tot_msg_rcv: 7426
tot_msg_sent: 14740
tot_reconf_duration: 24.59
tot_sleeping_duration: 487077.32000000007
tot_uptimes: 253
tot_uptimes_duration: 15267.12860000006
