comms_cons: 49.351206400250554
finished_reconf: true
global_termination_time: 502771.709
local_termination_time: 94608.301
node_cons: 10295.192763838397
tot_aggregated_send: 7130
tot_msg_rcv: 84
tot_msg_sent: 287
tot_reconf_duration: 7.819999999999999
tot_sleeping_duration: 495090.9224400012
tot_uptimes: 129
tot_uptimes_duration: 7680.786559998785
