comms_cons: 204.62032638905322
finished_reconf: true
global_termination_time: 2050932.175
local_termination_time: 219181.25228000034
node_cons: 42209.299405592996
tot_aggregated_send: 28768
tot_msg_rcv: 767
tot_msg_sent: 1567
tot_reconf_duration: 22.65
tot_sleeping_duration: 2019432.1446000051
tot_uptimes: 526
tot_uptimes_duration: 31500.03039999504
