comms_cons: 10.316812800143403
finished_reconf: true
global_termination_time: 81264.4
local_termination_time: 19111.107200000002
node_cons: 1614.3803422402991
tot_aggregated_send: 638
tot_msg_rcv: 410
tot_msg_sent: 521
tot_reconf_duration: 5.57
tot_sleeping_duration: 80064.38783999976
tot_uptimes: 21
tot_uptimes_duration: 1200.012160000224
