comms_cons: 9.218086400003493
finished_reconf: true
global_termination_time: 79937.9
local_termination_time: 18472.762040000005
node_cons: 1617.8187844800345
tot_aggregated_send: 696
tot_msg_rcv: 241
tot_msg_sent: 464
tot_reconf_duration: 8.09
tot_sleeping_duration: 78737.87567999997
tot_uptimes: 21
tot_uptimes_duration: 1200.024320000026
