comms_cons: 10.665510400099379
finished_reconf: true
global_termination_time: 82814.536
local_termination_time: 18475.559800000003
node_cons: 1702.0426644800257
tot_aggregated_send: 406
tot_msg_rcv: 454
tot_msg_sent: 761
tot_reconf_duration: 10.95
tot_sleeping_duration: 81554.51167999998
tot_uptimes: 22
tot_uptimes_duration: 1260.0243200000186
