comms_cons: 10.790515200054873
finished_reconf: true
global_termination_time: 84612.061
local_termination_time: 21618.78436
node_cons: 1693.1423255988925
tot_aggregated_send: 464
tot_msg_rcv: 472
tot_msg_sent: 705
tot_reconf_duration: 4.390000000000001
tot_sleeping_duration: 83352.03060000083
tot_uptimes: 22
tot_uptimes_duration: 1260.0303999991738
