comms_cons: 113.1988992142383
finished_reconf: true
global_termination_time: 387505.11148000014
local_termination_time: 2125.0490400000012
node_cons: 15856.030595720236
tot_aggregated_send: 0
tot_msg_rcv: 5779
tot_msg_sent: 11425
tot_reconf_duration: 6.22
tot_sleeping_duration: 375669.724
tot_uptimes: 197
tot_uptimes_duration: 11835.387480000158
