comms_cons: 37.92250880011051
finished_reconf: true
global_termination_time: 387864.496
local_termination_time: 22448.867040000005
node_cons: 7961.03394000001
tot_aggregated_send: 5626
tot_msg_rcv: 27
tot_msg_sent: 111
tot_reconf_duration: 5.43
tot_sleeping_duration: 381924.496
tot_uptimes: 100
tot_uptimes_duration: 5940.0
