comms_cons: 49.16698880040331
finished_reconf: true
global_termination_time: 477343.534
local_termination_time: 127321.23667999958
node_cons: 9819.38114224287
tot_aggregated_send: 6322
tot_msg_rcv: 404
tot_msg_sent: 748
tot_reconf_duration: 13.17
tot_sleeping_duration: 470023.52183999785
tot_uptimes: 123
tot_uptimes_duration: 7320.0121600021375
