comms_cons: 47.6800896007534
finished_reconf: true
global_termination_time: 473245.095
local_termination_time: 379381.97436000005
node_cons: 9733.511379999994
tot_aggregated_send: 6496
tot_msg_rcv: 236
tot_msg_sent: 516
tot_reconf_duration: 9.11
tot_sleeping_duration: 465985.095
tot_uptimes: 122
tot_uptimes_duration: 7260.0
