comms_cons: 49.135347200955714
finished_reconf: true
global_termination_time: 475337.784
local_termination_time: 160265.439
node_cons: 9753.601546085663
tot_aggregated_send: 5913
tot_msg_rcv: 453
tot_msg_sent: 1103
tot_reconf_duration: 15.110000000000001
tot_sleeping_duration: 468068.8652799958
tot_uptimes: 122
tot_uptimes_duration: 7268.918720004207
