comms_cons: 98.63536639753865
finished_reconf: true
global_termination_time: 1008458.516
local_termination_time: 5568.264
node_cons: 20811.86236560259
tot_aggregated_send: 13800
tot_msg_rcv: 380
tot_msg_sent: 812
tot_reconf_duration: 2.77
tot_sleeping_duration: 992918.485599998
tot_uptimes: 259
tot_uptimes_duration: 15540.03040000191
