comms_cons: 98.53935359676586
finished_reconf: true
global_termination_time: 1010011.453
local_termination_time: 5785.209
node_cons: 20733.100382238295
tot_aggregated_send: 14147
tot_msg_rcv: 293
tot_msg_sent: 537
tot_reconf_duration: 3.95
tot_sleeping_duration: 994531.4408400012
tot_uptimes: 259
tot_uptimes_duration: 15480.012159998703
