comms_cons: 482.42042242622574
finished_reconf: true
global_termination_time: 4927644.843
local_termination_time: 3547641.6981999986
node_cons: 101326.62485999697
tot_aggregated_send: 70760
tot_msg_rcv: 1018
tot_msg_sent: 1547
tot_reconf_duration: 13.17
tot_sleeping_duration: 4851984.843
tot_uptimes: 1262
tot_uptimes_duration: 75660.0
