comms_cons: 489.21678087921947
finished_reconf: true
global_termination_time: 4927529.161
local_termination_time: 941774.9713599999
node_cons: 101324.15596781668
tot_aggregated_send: 68324
tot_msg_rcv: 1857
tot_msg_sent: 4178
tot_reconf_duration: 11.31
tot_sleeping_duration: 4851869.118440016
tot_uptimes: 1262
tot_uptimes_duration: 75660.04255998484
