comms_cons: 244.71681278720928
finished_reconf: true
global_termination_time: 2501076.593
local_termination_time: 1099324.154879999
node_cons: 51426.15266334978
tot_aggregated_send: 34626
tot_msg_rcv: 880
tot_msg_sent: 1687
tot_reconf_duration: 6.279999999999999
tot_sleeping_duration: 2462676.5747600067
tot_uptimes: 641
tot_uptimes_duration: 38400.0182399929
