comms_cons: 149.93995522068374
finished_reconf: true
global_termination_time: 512871.3325200004
local_termination_time: 512871.2914000004
node_cons: 21007.44862152337
tot_aggregated_send: 0
tot_msg_rcv: 7658
tot_msg_sent: 15128
tot_reconf_duration: 24.59
tot_sleeping_duration: 497207.3628399979
tot_uptimes: 260
tot_uptimes_duration: 15663.969680002483
