comms_cons: 21.060646399946197
finished_reconf: true
global_termination_time: 8591.70536000001
local_termination_time: 860.4821599999995
node_cons: 2629.813185160021
tot_aggregated_send: 0
tot_msg_rcv: 1572
tot_msg_sent: 1629
tot_reconf_duration: 18.21
tot_sleeping_duration: 6646.160919999995
tot_uptimes: 31
tot_uptimes_duration: 1945.5444400000156
