comms_cons: 206.75856639321188
finished_reconf: true
global_termination_time: 2130663.864239997
local_termination_time: 6663.576
node_cons: 43833.80130158954
tot_aggregated_send: 30139
tot_msg_rcv: 446
tot_msg_sent: 840
tot_reconf_duration: 21.68
tot_sleeping_duration: 2097949.6298400047
tot_uptimes: 546
tot_uptimes_duration: 32714.234399992507
