comms_cons: 778.5229314283489
finished_reconf: true
global_termination_time: 2673120.737999999
local_termination_time: 2673120.696879999
node_cons: 109015.37191311161
tot_aggregated_send: 0
tot_msg_rcv: 39687
tot_msg_sent: 78644
tot_reconf_duration: 24.59
tot_sleeping_duration: 2591730.1639200025
tot_uptimes: 1348
tot_uptimes_duration: 81390.57407999632
