comms_cons: 268.4573184168379
finished_reconf: true
global_termination_time: 2673121.4361199965
local_termination_time: 11894.813640000002
node_cons: 55005.05270525871
tot_aggregated_send: 37294
tot_msg_rcv: 1171
tot_msg_sent: 2338
tot_reconf_duration: 22.65
tot_sleeping_duration: 2632065.2046000115
tot_uptimes: 685
tot_uptimes_duration: 41056.23151998478
