comms_cons: 266.60145280908245
finished_reconf: true
global_termination_time: 2673215.048
local_termination_time: 920459.4593599999
node_cons: 54958.56232558359
tot_aggregated_send: 37526
tot_msg_rcv: 1017
tot_msg_sent: 1978
tot_reconf_duration: 4.390000000000001
tot_sleeping_duration: 2632175.0176000115
tot_uptimes: 685
tot_uptimes_duration: 41040.030399988405
