comms_cons: 24.935795200188103
finished_reconf: true
global_termination_time: 252391.407
local_termination_time: 48489.984
node_cons: 5195.066603040257
tot_aggregated_send: 3478
tot_msg_rcv: 84
tot_msg_sent: 229
tot_reconf_duration: 22.65
tot_sleeping_duration: 248534.56763999982
tot_uptimes: 65
tot_uptimes_duration: 3856.8393600001946
