comms_cons: 0.8947712000012666
finished_reconf: true
global_termination_time: 13244.024
local_termination_time: 7443.159360000001
node_cons: 247.55198000000055
tot_aggregated_send: 0
tot_msg_rcv: 71
tot_msg_sent: 65
tot_reconf_duration: 4.8100000000000005
tot_sleeping_duration: 13064.024
tot_uptimes: 4
tot_uptimes_duration: 180.0
