comms_cons: 1.5066367999950228
finished_reconf: true
global_termination_time: 10189.192
local_termination_time: 6944.95436
node_cons: 166.64161999999922
tot_aggregated_send: 0
tot_msg_rcv: 117
tot_msg_sent: 112
tot_reconf_duration: 4.390000000000001
tot_sleeping_duration: 10069.192
tot_uptimes: 3
tot_uptimes_duration: 120.0
