comms_cons: 175.94096638994276
finished_reconf: true
global_termination_time: 1774826.517
local_termination_time: 478338.92824000097
node_cons: 36514.99992782853
tot_aggregated_send: 24534
tot_msg_rcv: 710
tot_msg_sent: 1498
tot_reconf_duration: 18.21
tot_sleeping_duration: 1747574.6344400086
tot_uptimes: 455
tot_uptimes_duration: 27251.8825599915
