comms_cons: 176.38835199453305
finished_reconf: true
global_termination_time: 1775097.522
local_termination_time: 1137647.06836
node_cons: 36492.24485999979
tot_aggregated_send: 25578
tot_msg_rcv: 490
tot_msg_sent: 742
tot_reconf_duration: 13.17
tot_sleeping_duration: 1747857.522
tot_uptimes: 455
tot_uptimes_duration: 27240.0
