comms_cons: 56.17320959877242
finished_reconf: true
global_termination_time: 564634.195
local_termination_time: 544836.9035999997
node_cons: 11575.885799999984
tot_aggregated_send: 8004
tot_msg_rcv: 190
tot_msg_sent: 344
tot_reconf_duration: 5.1
tot_sleeping_duration: 555994.195
tot_uptimes: 145
tot_uptimes_duration: 8640.0
