comms_cons: 56.390950399619975
finished_reconf: true
global_termination_time: 567653.395
local_termination_time: 346560.34848000004
node_cons: 11667.193001121424
tot_aggregated_send: 8004
tot_msg_rcv: 172
tot_msg_sent: 395
tot_reconf_duration: 13.17
tot_sleeping_duration: 558953.388919999
tot_uptimes: 146
tot_uptimes_duration: 8700.006080001069
