comms_cons: 56.82455040023471
finished_reconf: true
global_termination_time: 568257.798
local_termination_time: 277663.23480000027
node_cons: 11656.673940000006
tot_aggregated_send: 8120
tot_msg_rcv: 232
tot_msg_sent: 285
tot_reconf_duration: 5.43
tot_sleeping_duration: 559557.798
tot_uptimes: 146
tot_uptimes_duration: 8700.0
