comms_cons: 239.45420158456025
finished_reconf: true
global_termination_time: 2403534.292
local_termination_time: 749094.3323599999
node_cons: 49416.69662446659
tot_aggregated_send: 33814
tot_msg_rcv: 926
tot_msg_sent: 1655
tot_reconf_duration: 5.57
tot_sleeping_duration: 2366634.2676800094
tot_uptimes: 616
tot_uptimes_duration: 36900.02431999054
