comms_cons: 845.6541241259852
finished_reconf: true
global_termination_time: 2400896.618
local_termination_time: 1231015.8395999998
node_cons: 145397.3195096258
tot_aggregated_send: 0
tot_msg_rcv: 51980
tot_msg_sent: 76554
tot_reconf_duration: 6.22
tot_sleeping_duration: 2292316.429240007
tot_uptimes: 1778
tot_uptimes_duration: 108580.18875999283
