comms_cons: 236.94979838362556
finished_reconf: true
global_termination_time: 2402236.709
local_termination_time: 1344515.9954799998
node_cons: 49416.490222232904
tot_aggregated_send: 32828
tot_msg_rcv: 962
tot_msg_sent: 2224
tot_reconf_duration: 5.43
tot_sleeping_duration: 2365336.6968400045
tot_uptimes: 616
tot_uptimes_duration: 36900.01215999527
