comms_cons: 53.08819200418744
finished_reconf: true
global_termination_time: 325945.87324000016
local_termination_time: 22792.971360000003
node_cons: 6693.795559360207
tot_aggregated_send: 0
tot_msg_rcv: 4121
tot_msg_sent: 3948
tot_reconf_duration: 4.8100000000000005
tot_sleeping_duration: 320951.651
tot_uptimes: 84
tot_uptimes_duration: 4994.222240000148
