comms_cons: 32.81704959997198
finished_reconf: true
global_termination_time: 328595.73
local_termination_time: 70754.97395999992
node_cons: 6759.179560000017
tot_aggregated_send: 4582
tot_msg_rcv: 179
tot_msg_sent: 227
tot_reconf_duration: 7.819999999999999
tot_sleeping_duration: 323555.73
tot_uptimes: 85
tot_uptimes_duration: 5040.0
