comms_cons: 25.625984000112865
finished_reconf: true
global_termination_time: 245451.025
local_termination_time: 122987.96823999997
node_cons: 4987.066043362016
tot_aggregated_send: 3074
tot_msg_rcv: 296
tot_msg_sent: 525
tot_reconf_duration: 4.390000000000001
tot_sleeping_duration: 241731.0067599985
tot_uptimes: 63
tot_uptimes_duration: 3720.0182400015037
