comms_cons: 1.5197951999949793
finished_reconf: true
global_termination_time: 11791.585
local_termination_time: 6977.973360000001
node_cons: 251.63956000000084
tot_aggregated_send: 0
tot_msg_rcv: 120
tot_msg_sent: 111
tot_reconf_duration: 7.819999999999999
tot_sleeping_duration: 11611.585
tot_uptimes: 4
tot_uptimes_duration: 180.0
