comms_cons: 1.4474239999952185
finished_reconf: true
global_termination_time: 12843.542
local_termination_time: 4192.7303600000005
node_cons: 265.74918
tot_aggregated_send: 0
tot_msg_rcv: 119
tot_msg_sent: 101
tot_reconf_duration: 18.21
tot_sleeping_duration: 12663.542
tot_uptimes: 4
tot_uptimes_duration: 180.0
