comms_cons: 1.9803391999962232
finished_reconf: true
global_termination_time: 13120.773
local_termination_time: 5238.03636
node_cons: 255.89009999999976
tot_aggregated_send: 0
tot_msg_rcv: 191
tot_msg_sent: 110
tot_reconf_duration: 10.95
tot_sleeping_duration: 12940.773
tot_uptimes: 4
tot_uptimes_duration: 180.0
