comms_cons: 612.0345537125712
finished_reconf: true
global_termination_time: 6154740.832
local_termination_time: 3232819.28236
node_cons: 126620.0877689329
tot_aggregated_send: 85028
tot_msg_rcv: 2707
tot_msg_sent: 5289
tot_reconf_duration: 3.08
tot_sleeping_duration: 6060180.783360017
tot_uptimes: 1577
tot_uptimes_duration: 94560.0486399827
