comms_cons: 616.669740933199
finished_reconf: true
global_termination_time: 6156556.821
local_termination_time: 30400.31736
node_cons: 126646.7045345233
tot_aggregated_send: 85956
tot_msg_rcv: 2673
tot_msg_sent: 5100
tot_reconf_duration: 22.65
tot_sleeping_duration: 6061996.741960025
tot_uptimes: 1577
tot_uptimes_duration: 94560.0790399756
