comms_cons: 616.8927937250462
finished_reconf: true
global_termination_time: 6155228.267
local_termination_time: 2071366.74636
node_cons: 126631.27225005002
tot_aggregated_send: 85202
tot_msg_rcv: 2988
tot_msg_sent: 5574
tot_reconf_duration: 11.31
tot_sleeping_duration: 6060668.212280019
tot_uptimes: 1577
tot_uptimes_duration: 94560.05471998057
