comms_cons: 24.43514879880573
finished_reconf: true
global_termination_time: 126631.012
local_termination_time: 2495.0653600000005
node_cons: 2575.0219
tot_aggregated_send: 0
tot_msg_rcv: 1860
tot_msg_sent: 1854
tot_reconf_duration: 3.05
tot_sleeping_duration: 124711.012
tot_uptimes: 33
tot_uptimes_duration: 1920.0
