comms_cons: 12.882073599926
finished_reconf: true
global_termination_time: 128360.68
local_termination_time: 62082.37444000004
node_cons: 2581.4995599999997
tot_aggregated_send: 1740
tot_msg_rcv: 109
tot_msg_sent: 109
tot_reconf_duration: 7.819999999999999
tot_sleeping_duration: 126440.68
tot_uptimes: 33
tot_uptimes_duration: 1920.0
