comms_cons: 58.2252288010924
finished_reconf: true
global_termination_time: 553650.018
local_termination_time: 26340.523080000003
node_cons: 11352.750591207483
tot_aggregated_send: 6728
tot_msg_rcv: 796
tot_msg_sent: 1327
tot_reconf_duration: 18.21
tot_sleeping_duration: 545189.9571999945
tot_uptimes: 142
tot_uptimes_duration: 8460.06080000558
