comms_cons: 56.350848001182264
finished_reconf: true
global_termination_time: 552664.4062400004
local_termination_time: 79718.42459999968
node_cons: 11430.52619496771
tot_aggregated_send: 7366
tot_msg_rcv: 473
tot_msg_sent: 725
tot_reconf_duration: 22.65
tot_sleeping_duration: 544150.7635999947
tot_uptimes: 142
tot_uptimes_duration: 8513.642640005739
