comms_cons: 55.42318080060798
finished_reconf: true
global_termination_time: 552695.095
local_termination_time: 217267.88936000006
node_cons: 11334.471980000013
tot_aggregated_send: 7598
tot_msg_rcv: 306
tot_msg_sent: 520
tot_reconf_duration: 4.8100000000000005
tot_sleeping_duration: 544235.095
tot_uptimes: 142
tot_uptimes_duration: 8460.0
