comms_cons: 57.25219840088391
finished_reconf: true
global_termination_time: 555057.018
local_termination_time: 66925.28335999997
node_cons: 11414.249761121446
tot_aggregated_send: 7482
tot_msg_rcv: 469
tot_msg_sent: 751
tot_reconf_duration: 4.390000000000001
tot_sleeping_duration: 546537.011919999
tot_uptimes: 143
tot_uptimes_duration: 8520.006080001069
