comms_cons: 463.7480704608814
finished_reconf: true
global_termination_time: 4656117.75
local_termination_time: 2972433.7603599997
node_cons: 95790.00917999727
tot_aggregated_send: 66700
tot_msg_rcv: 1368
tot_msg_sent: 2419
tot_reconf_duration: 18.21
tot_sleeping_duration: 4584597.75
tot_uptimes: 1193
tot_uptimes_duration: 71520.0
