comms_cons: 468.4026688775311
finished_reconf: true
global_termination_time: 4656052.942
local_termination_time: 276038.78492000024
node_cons: 95773.89779228432
tot_aggregated_send: 64844
tot_msg_rcv: 2049
tot_msg_sent: 4300
tot_reconf_duration: 6.279999999999999
tot_sleeping_duration: 4584532.875120024
tot_uptimes: 1193
tot_uptimes_duration: 71520.06687997538
