comms_cons: 465.58200325928044
finished_reconf: true
global_termination_time: 4653507.29548
local_termination_time: 4653507.25436
node_cons: 95754.174489891
tot_aggregated_send: 65456
tot_msg_rcv: 1692
tot_msg_sent: 3617
tot_reconf_duration: 37.410000000000004
tot_sleeping_duration: 4582033.5302000195
tot_uptimes: 1192
tot_uptimes_duration: 71473.76527998055
