comms_cons: 470.2429952844961
finished_reconf: true
global_termination_time: 4653882.632
local_termination_time: 258231.122
node_cons: 95723.63672405436
tot_aggregated_send: 64417
tot_msg_rcv: 2415
tot_msg_sent: 4643
tot_reconf_duration: 25.299999999999997
tot_sleeping_duration: 4582419.391280017
tot_uptimes: 1192
tot_uptimes_duration: 71463.24071998283
