comms_cons: 465.8018112523883
finished_reconf: true
global_termination_time: 4655144.219
local_termination_time: 1553803.97736
node_cons: 95771.86896781679
tot_aggregated_send: 65946
tot_msg_rcv: 1655
tot_msg_sent: 3196
tot_reconf_duration: 4.8100000000000005
tot_sleeping_duration: 4583624.176440015
tot_uptimes: 1193
tot_uptimes_duration: 71520.0425599846
