comms_cons: 468.2692032820921
finished_reconf: true
global_termination_time: 4658164.113
local_termination_time: 1970359.35036
node_cons: 95780.17452334838
tot_aggregated_send: 65134
tot_msg_rcv: 2041
tot_msg_sent: 3997
tot_reconf_duration: 10.95
tot_sleeping_duration: 4586644.094760006
tot_uptimes: 1193
tot_uptimes_duration: 71520.01823999314
