comms_cons: 472.72867851170116
finished_reconf: true
global_termination_time: 4657002.464
local_termination_time: 1534236.6463599997
node_cons: 95769.48702893297
tot_aggregated_send: 63858
tot_msg_rcv: 2708
tot_msg_sent: 5286
tot_reconf_duration: 3.05
tot_sleeping_duration: 4585482.415360018
tot_uptimes: 1193
tot_uptimes_duration: 71520.04863998201
