comms_cons: 161.36506238290642
finished_reconf: true
global_termination_time: 1561170.85
local_termination_time: 716011.6681999987
node_cons: 32144.56894558425
tot_aggregated_send: 20590
tot_msg_rcv: 1322
tot_msg_sent: 2615
tot_reconf_duration: 6.279999999999999
tot_sleeping_duration: 1537170.819600012
tot_uptimes: 400
tot_uptimes_duration: 24000.030399988173
