comms_cons: 161.02154877619103
finished_reconf: true
global_termination_time: 1563697.616
local_termination_time: 392605.9946400004
node_cons: 32166.8645345235
tot_aggregated_send: 20590
tot_msg_rcv: 1277
tot_msg_sent: 2606
tot_reconf_duration: 22.65
tot_sleeping_duration: 1539697.5369600274
tot_uptimes: 401
tot_uptimes_duration: 24000.079039972683
