comms_cons: 155.10994559343797
finished_reconf: true
global_termination_time: 1562336.565
local_termination_time: 609522.2154399985
node_cons: 32148.801893677413
tot_aggregated_send: 22272
tot_msg_rcv: 382
tot_msg_sent: 921
tot_reconf_duration: 9.42
tot_sleeping_duration: 1538336.5578800018
tot_uptimes: 401
tot_uptimes_duration: 24000.007119997987
