comms_cons: 110.32458239061498
finished_reconf: true
global_termination_time: 1076477.09
local_termination_time: 497225.19220000017
node_cons: 22110.70852782706
tot_aggregated_send: 14268
tot_msg_rcv: 821
tot_msg_sent: 1680
tot_reconf_duration: 12.629999999999999
tot_sleeping_duration: 1059977.04744001
tot_uptimes: 276
tot_uptimes_duration: 16500.04255999031
