comms_cons: 109.07781119194024
finished_reconf: true
global_termination_time: 1076759.297
local_termination_time: 747322.23924
node_cons: 22104.19283005621
tot_aggregated_send: 14442
tot_msg_rcv: 739
tot_msg_sent: 1399
tot_reconf_duration: 7.819999999999999
tot_sleeping_duration: 1060259.242280018
tot_uptimes: 276
tot_uptimes_duration: 16500.054719982145
