comms_cons: 1950.5278049099306
finished_reconf: true
global_termination_time: 4031221.3932
local_termination_time: 4031221.3520799996
node_cons: 244905.51383727594
tot_aggregated_send: 0
tot_msg_rcv: 119796
tot_msg_sent: 176675
tot_reconf_duration: 37.410000000000004
tot_sleeping_duration: 3848357.531320026
tot_uptimes: 3004
tot_uptimes_duration: 182863.86187997376
