comms_cons: 406.79132167841965
finished_reconf: true
global_termination_time: 4035228.413
local_termination_time: 1425731.5513599997
node_cons: 83011.80450893853
tot_aggregated_send: 55796
tot_msg_rcv: 1920
tot_msg_sent: 4113
tot_reconf_duration: 15.110000000000001
tot_sleeping_duration: 3973248.3643600144
tot_uptimes: 1034
tot_uptimes_duration: 61980.048639985675
