comms_cons: 406.83115527577866
finished_reconf: true
global_termination_time: 4032544.681
local_termination_time: 1443516.1535999996
node_cons: 82923.72934781686
tot_aggregated_send: 56028
tot_msg_rcv: 1977
tot_msg_sent: 3831
tot_reconf_duration: 9.42
tot_sleeping_duration: 3970624.6384400153
tot_uptimes: 1033
tot_uptimes_duration: 61920.04255998437
