comms_cons: 404.57488006074084
finished_reconf: true
global_termination_time: 4034989.465
local_termination_time: 595738.6769999999
node_cons: 82998.64278669973
tot_aggregated_send: 56718
tot_msg_rcv: 1574
tot_msg_sent: 3201
tot_reconf_duration: 5.43
tot_sleeping_duration: 3973009.4285200136
tot_uptimes: 1034
tot_uptimes_duration: 61980.036479986506
