comms_cons: 16.53352960002074
finished_reconf: true
global_termination_time: 169258.401
local_termination_time: 29889.8056
node_cons: 3469.9789799999985
tot_aggregated_send: 2436
tot_msg_rcv: 29
tot_msg_sent: 48
tot_reconf_duration: 11.31
tot_sleeping_duration: 166678.401
tot_uptimes: 44
tot_uptimes_duration: 2580.0
