comms_cons: 63.00367359907111
finished_reconf: true
global_termination_time: 638157.719
local_termination_time: 604911.203119998
node_cons: 13155.094033677415
tot_aggregated_send: 9164
tot_msg_rcv: 128
tot_msg_sent: 285
tot_reconf_duration: 25.299999999999997
tot_sleeping_duration: 628358.811880002
tot_uptimes: 164
tot_uptimes_duration: 9798.90711999801
