comms_cons: 63.85771519917216
finished_reconf: true
global_termination_time: 638549.38
local_termination_time: 79281.26035999996
node_cons: 13099.561899999982
tot_aggregated_send: 8816
tot_msg_rcv: 254
tot_msg_sent: 636
tot_reconf_duration: 3.05
tot_sleeping_duration: 628769.38
tot_uptimes: 164
tot_uptimes_duration: 9779.999999999985
