comms_cons: 63.12742400062513
finished_reconf: true
global_termination_time: 635921.387
local_termination_time: 221882.98236000005
node_cons: 13022.45394000001
tot_aggregated_send: 8990
tot_msg_rcv: 204
tot_msg_sent: 401
tot_reconf_duration: 5.43
tot_sleeping_duration: 626201.387
tot_uptimes: 163
tot_uptimes_duration: 9720.0
