comms_cons: 58.58653440386453
finished_reconf: true
global_termination_time: 234911.04320000028
local_termination_time: 3422.3106
node_cons: 4872.825270250134
tot_aggregated_send: 0
tot_msg_rcv: 5357
tot_msg_sent: 3546
tot_reconf_duration: 18.21
tot_sleeping_duration: 231290.3590399927
tot_uptimes: 61
tot_uptimes_duration: 3620.6841600075677
