comms_cons: 25.06675200068477
finished_reconf: true
global_termination_time: 236617.117
local_termination_time: 30061.801040000002
node_cons: 4833.200501121438
tot_aggregated_send: 3016
tot_msg_rcv: 337
tot_msg_sent: 457
tot_reconf_duration: 9.42
tot_sleeping_duration: 233017.11091999893
tot_uptimes: 61
tot_uptimes_duration: 3600.0060800010688
