comms_cons: 194.52943998740298
finished_reconf: true
global_termination_time: 1947617.5252400003
local_termination_time: 66995.99899999947
node_cons: 40110.833760072004
tot_aggregated_send: 27086
tot_msg_rcv: 831
tot_msg_sent: 1650
tot_reconf_duration: 18.21
tot_sleeping_duration: 1917680.1805200062
tot_uptimes: 499
tot_uptimes_duration: 29937.344719994217
