comms_cons: 55.450752000662064
finished_reconf: true
global_termination_time: 547641.115
local_termination_time: 13882.753
node_cons: 11305.137093199171
tot_aggregated_send: 7538
tot_msg_rcv: 311
tot_msg_sent: 579
tot_reconf_duration: 22.65
tot_sleeping_duration: 539221.1162000006
tot_uptimes: 141
tot_uptimes_duration: 8419.99879999937
