comms_cons: 376.1328640209097
finished_reconf: true
global_termination_time: 3798114.099
local_termination_time: 1427365.35836
node_cons: 78115.87459999834
tot_aggregated_send: 54868
tot_msg_rcv: 811
tot_msg_sent: 1491
tot_reconf_duration: 18.700000000000003
tot_sleeping_duration: 3739794.099
tot_uptimes: 973
tot_uptimes_duration: 58320.0
