comms_cons: 368.8280063938083
finished_reconf: true
global_termination_time: 3798943.547
local_termination_time: 1584968.1620799978
node_cons: 78105.36638223201
tot_aggregated_send: 54404
tot_msg_rcv: 501
tot_msg_sent: 1153
tot_reconf_duration: 10.95
tot_sleeping_duration: 3740623.5348400045
tot_uptimes: 973
tot_uptimes_duration: 58320.01215999527
