comms_cons: 196.54998398241005
finished_reconf: true
global_termination_time: 1971089.35
local_termination_time: 531344.1965999999
node_cons: 40497.93268558395
tot_aggregated_send: 26738
tot_msg_rcv: 1018
tot_msg_sent: 2118
tot_reconf_duration: 4.8100000000000005
tot_sleeping_duration: 1940849.319600012
tot_uptimes: 505
tot_uptimes_duration: 30240.030399988173
