comms_cons: 276.2461440215738
finished_reconf: true
global_termination_time: 2809525.26
local_termination_time: 4599.862
node_cons: 57855.0854644663
tot_aggregated_send: 38446
tot_msg_rcv: 1157
tot_msg_sent: 2384
tot_reconf_duration: 7.55
tot_sleeping_duration: 2766325.2356800092
tot_uptimes: 720
tot_uptimes_duration: 43200.02431999054
