comms_cons: 272.9527104322655
finished_reconf: true
global_termination_time: 2809341.423
local_termination_time: 6366.476999999999
node_cons: 57853.276622232945
tot_aggregated_send: 39259
tot_msg_rcv: 821
tot_msg_sent: 1405
tot_reconf_duration: 6.23
tot_sleeping_duration: 2766141.4108400047
tot_uptimes: 720
tot_uptimes_duration: 43200.0121599955
