comms_cons: 62.265708799657475
finished_reconf: true
global_termination_time: 602924.31448
local_termination_time: 82687.90835999997
node_cons: 12399.840735443933
tot_aggregated_send: 7946
tot_msg_rcv: 518
tot_msg_sent: 1000
tot_reconf_duration: 5.1
tot_sleeping_duration: 593668.9635199971
tot_uptimes: 155
tot_uptimes_duration: 9255.350960002921
