comms_cons: 61.10103040114341
finished_reconf: true
global_termination_time: 604764.737
local_termination_time: 179807.55736000006
node_cons: 12406.741823364333
tot_aggregated_send: 8236
tot_msg_rcv: 375
tot_msg_sent: 676
tot_reconf_duration: 25.299999999999997
tot_sleeping_duration: 595524.7187599968
tot_uptimes: 155
tot_uptimes_duration: 9240.018240003206
