comms_cons: 61.84573440055328
finished_reconf: true
global_termination_time: 604179.853
local_termination_time: 154096.344
node_cons: 12419.899196247157
tot_aggregated_send: 8002
tot_msg_rcv: 463
tot_msg_sent: 937
tot_reconf_duration: 18.700000000000003
tot_sleeping_duration: 594923.3148399947
tot_uptimes: 155
tot_uptimes_duration: 9256.538160005322
