comms_cons: 18.558950399921994
finished_reconf: true
global_termination_time: 185510.378
local_termination_time: 7190.058
node_cons: 3792.5883400000025
tot_aggregated_send: 2426
tot_msg_rcv: 110
tot_msg_sent: 284
tot_reconf_duration: 12.23
tot_sleeping_duration: 182690.378
tot_uptimes: 48
tot_uptimes_duration: 2820.0
