comms_cons: 80.81272320042375
finished_reconf: true
global_termination_time: 564446.236
local_termination_time: 129600.66247999943
node_cons: 11612.618355226949
tot_aggregated_send: 2842
tot_msg_rcv: 3835
tot_msg_sent: 5609
tot_reconf_duration: 18.21
tot_sleeping_duration: 555792.0991999799
tot_uptimes: 145
tot_uptimes_duration: 8654.136800020118
