comms_cons: 56.81139200080541
finished_reconf: true
global_termination_time: 562648.008
local_termination_time: 146370.84536000006
node_cons: 11575.885800000024
tot_aggregated_send: 7888
tot_msg_rcv: 287
tot_msg_sent: 460
tot_reconf_duration: 5.1
tot_sleeping_duration: 554008.008
tot_uptimes: 145
tot_uptimes_duration: 8640.0
