comms_cons: 56.69954559982922
finished_reconf: true
global_termination_time: 562491.849
local_termination_time: 228411.46036000006
node_cons: 11585.120200000008
tot_aggregated_send: 7830
tot_msg_rcv: 276
tot_msg_sent: 512
tot_reconf_duration: 11.899999999999999
tot_sleeping_duration: 553851.849
tot_uptimes: 145
tot_uptimes_duration: 8640.0
