comms_cons: 55.785036800435094
finished_reconf: true
global_termination_time: 563905.326
local_termination_time: 214869.48068000074
node_cons: 11574.921620000036
tot_aggregated_send: 7888
tot_msg_rcv: 131
tot_msg_sent: 460
tot_reconf_duration: 4.390000000000001
tot_sleeping_duration: 555265.326
tot_uptimes: 145
tot_uptimes_duration: 8640.0
