comms_cons: 418.65788806960893
finished_reconf: true
global_termination_time: 4122621.825
local_termination_time: 2181111.26736
node_cons: 84765.27268558362
tot_aggregated_send: 56550
tot_msg_rcv: 2441
tot_msg_sent: 4643
tot_reconf_duration: 4.8100000000000005
tot_sleeping_duration: 4059321.794600011
tot_uptimes: 1056
tot_uptimes_duration: 63300.03039998934
