comms_cons: 414.885958477386
finished_reconf: true
global_termination_time: 4122177.267
local_termination_time: 1603748.04336
node_cons: 84773.59452334918
tot_aggregated_send: 57304
tot_msg_rcv: 1874
tot_msg_sent: 3881
tot_reconf_duration: 10.95
tot_sleeping_duration: 4058877.2487600064
tot_uptimes: 1056
tot_uptimes_duration: 63300.01823999337
