comms_cons: 413.3208256522256
finished_reconf: true
global_termination_time: 4119355.614
local_termination_time: 1717739.41936
node_cons: 84686.86374781685
tot_aggregated_send: 56956
tot_msg_rcv: 2031
tot_msg_sent: 3835
tot_reconf_duration: 6.22
tot_sleeping_duration: 4056115.5714400155
tot_uptimes: 1055
tot_uptimes_duration: 63240.04255998437
