comms_cons: 410.54867845684134
finished_reconf: true
global_termination_time: 4120891.452
local_termination_time: 109547.75235999997
node_cons: 84766.13092781689
tot_aggregated_send: 57478
tot_msg_rcv: 1614
tot_msg_sent: 3310
tot_reconf_duration: 5.43
tot_sleeping_duration: 4057591.409440016
tot_uptimes: 1056
tot_uptimes_duration: 63300.04255998437
