comms_cons: 409.5113088631298
finished_reconf: true
global_termination_time: 4118931.565
local_termination_time: 97179.57891999956
node_cons: 84699.26499005119
tot_aggregated_send: 57478
tot_msg_rcv: 1548
tot_msg_sent: 3217
tot_reconf_duration: 15.34
tot_sleeping_duration: 4055691.51028002
tot_uptimes: 1055
tot_uptimes_duration: 63240.05471998011
