comms_cons: 2.1414975999910397
finished_reconf: true
global_termination_time: 18480.943
local_termination_time: 11233.48636
node_cons: 346.0891800000013
tot_aggregated_send: 0
tot_msg_rcv: 200
tot_msg_sent: 126
tot_reconf_duration: 18.21
tot_sleeping_duration: 18240.943
tot_uptimes: 5
tot_uptimes_duration: 240.0
