comms_cons: 2.6908927999934553
finished_reconf: true
global_termination_time: 15952.461
local_termination_time: 4951.933360000001
node_cons: 341.887521120007
tot_aggregated_send: 0
tot_msg_rcv: 246
tot_msg_sent: 163
tot_reconf_duration: 15.110000000000001
tot_sleeping_duration: 15712.454919999995
tot_uptimes: 5
tot_uptimes_duration: 240.00608000000466
