comms_cons: 2.414566399992021
finished_reconf: true
global_termination_time: 15306.885
local_termination_time: 10565.56036
node_cons: 253.81236000000007
tot_aggregated_send: 0
tot_msg_rcv: 197
tot_msg_sent: 168
tot_reconf_duration: 9.42
tot_sleeping_duration: 15126.885
tot_uptimes: 4
tot_uptimes_duration: 180.0
