comms_cons: 41.330534400025435
finished_reconf: true
global_termination_time: 404076.04036000016
local_termination_time: 3161.1652000000004
node_cons: 8303.757360159398
tot_aggregated_send: 5510
tot_msg_rcv: 304
tot_msg_sent: 468
tot_reconf_duration: 5.1
tot_sleeping_duration: 397879.75092000066
tot_uptimes: 104
tot_uptimes_duration: 6196.289439999542
