comms_cons: 41.981875200890514
finished_reconf: true
global_termination_time: 408575.202
local_termination_time: 326385.8853600001
node_cons: 8366.362502242906
tot_aggregated_send: 5452
tot_msg_rcv: 354
tot_msg_sent: 575
tot_reconf_duration: 8.09
tot_sleeping_duration: 402335.18983999785
tot_uptimes: 105
tot_uptimes_duration: 6240.0121600021375
