comms_cons: 41.552832000759054
finished_reconf: true
global_termination_time: 404429.771
local_termination_time: 64641.82380000015
node_cons: 8292.19596336431
tot_aggregated_send: 5336
tot_msg_rcv: 348
tot_msg_sent: 632
tot_reconf_duration: 12.629999999999999
tot_sleeping_duration: 398249.7527599968
tot_uptimes: 104
tot_uptimes_duration: 6180.018240003206
