comms_cons: 2.2829823999966403
finished_reconf: true
global_termination_time: 12676.139
local_termination_time: 9580.37736
node_cons: 245.16189999999898
tot_aggregated_send: 0
tot_msg_rcv: 175
tot_msg_sent: 172
tot_reconf_duration: 3.05
tot_sleeping_duration: 12496.139
tot_uptimes: 4
tot_uptimes_duration: 180.0
