comms_cons: 2.256665599992543
finished_reconf: true
global_termination_time: 13499.243
local_termination_time: 10640.49636
node_cons: 251.63955999999962
tot_aggregated_send: 0
tot_msg_rcv: 176
tot_msg_sent: 167
tot_reconf_duration: 7.819999999999999
tot_sleeping_duration: 13319.243
tot_uptimes: 4
tot_uptimes_duration: 180.0
