comms_cons: 857.669612904275
finished_reconf: true
global_termination_time: 8717476.534
local_termination_time: 6365330.626599999
node_cons: 179335.04019999295
tot_aggregated_send: 124410
tot_msg_rcv: 2171
tot_msg_sent: 3779
tot_reconf_duration: 11.899999999999999
tot_sleeping_duration: 8583556.534
tot_uptimes: 2233
tot_uptimes_duration: 133920.0
