comms_cons: 872.3032322300933
finished_reconf: true
global_termination_time: 8718253.025
local_termination_time: 385117.3853600001
node_cons: 179325.49339116327
tot_aggregated_send: 121510
tot_msg_rcv: 3549
tot_msg_sent: 7526
tot_reconf_duration: 4.8100000000000005
tot_sleeping_duration: 8584332.964200022
tot_uptimes: 2233
tot_uptimes_duration: 133920.06079997728
