comms_cons: 870.5971842377346
finished_reconf: true
global_termination_time: 8717699.889
local_termination_time: 1201134.8701999986
node_cons: 179329.56468893
tot_aggregated_send: 121452
tot_msg_rcv: 3730
tot_msg_sent: 7142
tot_reconf_duration: 7.819999999999999
tot_sleeping_duration: 8583779.84036002
tot_uptimes: 2233
tot_uptimes_duration: 133920.04863998224
