comms_cons: 872.4940674210479
finished_reconf: true
global_termination_time: 8717086.138
local_termination_time: 1427496.6743599998
node_cons: 179334.31225004714
tot_aggregated_send: 120814
tot_msg_rcv: 3905
tot_msg_sent: 7892
tot_reconf_duration: 11.31
tot_sleeping_duration: 8583166.083280021
tot_uptimes: 2233
tot_uptimes_duration: 133920.0547199801
