comms_cons: 95.58919679776827
finished_reconf: true
global_termination_time: 987480.775
local_termination_time: 676898.3184799978
node_cons: 20251.837863834
tot_aggregated_send: 13630
tot_msg_rcv: 316
tot_msg_sent: 583
tot_reconf_duration: 4.390000000000001
tot_sleeping_duration: 972360.6284400045
tot_uptimes: 253
tot_uptimes_duration: 15120.146559995483
