comms_cons: 97.65569279475142
finished_reconf: true
global_termination_time: 981716.3831200002
local_termination_time: 45000.7282400001
node_cons: 20215.790333030847
tot_aggregated_send: 13688
tot_msg_rcv: 341
tot_msg_sent: 815
tot_reconf_duration: 6.22
tot_sleeping_duration: 966625.0137600071
tot_uptimes: 252
tot_uptimes_duration: 15091.369359993143
