comms_cons: 60.47060480128769
finished_reconf: true
global_termination_time: 622569.363
local_termination_time: 198676.10236000005
node_cons: 12786.868642242856
tot_aggregated_send: 7888
tot_msg_rcv: 321
tot_msg_sent: 982
tot_reconf_duration: 9.42
tot_sleeping_duration: 613029.3508399979
tot_uptimes: 160
tot_uptimes_duration: 9540.012160002138
