comms_cons: 63.01557760088786
finished_reconf: true
global_termination_time: 623293.92
local_termination_time: 48662.634480000015
node_cons: 12778.218182242883
tot_aggregated_send: 8120
tot_msg_rcv: 581
tot_msg_sent: 877
tot_reconf_duration: 3.05
tot_sleeping_duration: 613753.9078399979
tot_uptimes: 160
tot_uptimes_duration: 9540.012160002138
