comms_cons: 62.12143360029829
finished_reconf: true
global_termination_time: 622397.591
local_termination_time: 395238.1564800005
node_cons: 12789.418980000015
tot_aggregated_send: 8816
tot_msg_rcv: 230
tot_msg_sent: 396
tot_reconf_duration: 11.31
tot_sleeping_duration: 612857.591
tot_uptimes: 160
tot_uptimes_duration: 9540.0
