comms_cons: 61.41088000066359
finished_reconf: true
global_termination_time: 624239.608
local_termination_time: 255204.94236000004
node_cons: 12781.458363364301
tot_aggregated_send: 8294
tot_msg_rcv: 276
tot_msg_sent: 764
tot_reconf_duration: 5.43
tot_sleeping_duration: 614699.5897599969
tot_uptimes: 160
tot_uptimes_duration: 9540.018240003206
