comms_cons: 212.52214398221062
finished_reconf: true
global_termination_time: 2122444.418119995
local_termination_time: 115571.26483999993
node_cons: 43686.58757638314
tot_aggregated_send: 29406
tot_msg_rcv: 934
tot_msg_sent: 1961
tot_reconf_duration: 22.65
tot_sleeping_duration: 2089841.1105200073
tot_uptimes: 544
tot_uptimes_duration: 32603.30759998772
