comms_cons: 125.48376319157951
finished_reconf: true
global_termination_time: 805851.921
local_termination_time: 369243.48160000006
node_cons: 16557.48721008369
tot_aggregated_send: 0
tot_msg_rcv: 9835
tot_msg_sent: 9237
tot_reconf_duration: 5.43
tot_sleeping_duration: 793491.8662799972
tot_uptimes: 207
tot_uptimes_duration: 12360.05472000275
