comms_cons: 204.15160319485184
finished_reconf: true
global_termination_time: 2051730.5838399976
local_termination_time: 2051730.5838399976
node_cons: 42306.20702399374
tot_aggregated_send: 29334
tot_msg_rcv: 531
tot_msg_sent: 1163
tot_reconf_duration: 24.59
tot_sleeping_duration: 2020160.1478400019
tot_uptimes: 526
tot_uptimes_duration: 31570.435999995585
