comms_cons: 318.3878525605297
finished_reconf: true
global_termination_time: 2053200.143
local_termination_time: 885631.0803599999
node_cons: 42185.04826223338
tot_aggregated_send: 0
tot_msg_rcv: 24595
tot_msg_sent: 23799
tot_reconf_duration: 4.8100000000000005
tot_sleeping_duration: 2021700.1308400047
tot_uptimes: 526
tot_uptimes_duration: 31500.01215999527
