comms_cons: 203.53413119371322
finished_reconf: true
global_termination_time: 2054144.263
local_termination_time: 1055327.05436
node_cons: 42279.67171999975
tot_aggregated_send: 29580
tot_msg_rcv: 442
tot_msg_sent: 914
tot_reconf_duration: 15.34
tot_sleeping_duration: 2022584.263
tot_uptimes: 527
tot_uptimes_duration: 31560.0
