comms_cons: 45.902278401262336
finished_reconf: true
global_termination_time: 435086.921
local_termination_time: 2509.3608000000036
node_cons: 8926.203042242872
tot_aggregated_send: 5510
tot_msg_rcv: 540
tot_msg_sent: 926
tot_reconf_duration: 6.22
tot_sleeping_duration: 428426.90883999784
tot_uptimes: 112
tot_uptimes_duration: 6660.0121600021375
