comms_cons: 45.666854400753145
finished_reconf: true
global_termination_time: 435547.876
local_termination_time: 67087.4665199995
node_cons: 8925.146504483464
tot_aggregated_send: 5684
tot_msg_rcv: 504
tot_msg_sent: 753
tot_reconf_duration: 5.43
tot_sleeping_duration: 428887.85167999746
tot_uptimes: 112
tot_uptimes_duration: 6660.0243200025725
