comms_cons: 76.8876032084744
finished_reconf: true
global_termination_time: 332240.85268000024
local_termination_time: 332240.81156000023
node_cons: 6906.897120178966
tot_aggregated_send: 0
tot_msg_rcv: 6689
tot_msg_sent: 5001
tot_reconf_duration: 37.410000000000004
tot_sleeping_duration: 327120.5432399861
tot_uptimes: 86
tot_uptimes_duration: 5120.3094400141545
