comms_cons: 34.09867520060179
finished_reconf: true
global_termination_time: 334872.605
local_termination_time: 25137.09436
node_cons: 6841.28766224287
tot_aggregated_send: 4408
tot_msg_rcv: 257
tot_msg_sent: 517
tot_reconf_duration: 9.11
tot_sleeping_duration: 329772.59283999784
tot_uptimes: 86
tot_uptimes_duration: 5100.0121600021375
