comms_cons: 34.13317119996792
finished_reconf: true
global_termination_time: 332503.239
local_termination_time: 12026.211360000001
node_cons: 6835.44012112144
tot_aggregated_send: 4466
tot_msg_rcv: 259
tot_msg_sent: 463
tot_reconf_duration: 4.8100000000000005
tot_sleeping_duration: 327403.23291999893
tot_uptimes: 86
tot_uptimes_duration: 5100.006080001069
