comms_cons: 245.6739071990341
finished_reconf: true
global_termination_time: 2443018.9693999994
local_termination_time: 2443018.928279999
node_cons: 50286.83598365402
tot_aggregated_send: 34264
tot_msg_rcv: 1070
tot_msg_sent: 2006
tot_reconf_duration: 24.59
tot_sleeping_duration: 2405488.392280018
tot_uptimes: 626
tot_uptimes_duration: 37530.577119981346
