comms_cons: 240.70661119127658
finished_reconf: true
global_termination_time: 2446751.054
local_termination_time: 1540602.1803599999
node_cons: 50301.29490111608
tot_aggregated_send: 34278
tot_msg_rcv: 797
tot_msg_sent: 1511
tot_reconf_duration: 6.22
tot_sleeping_duration: 2409191.047920002
tot_uptimes: 627
tot_uptimes_duration: 37560.006079997635
