comms_cons: 12.615462400196721
finished_reconf: true
global_termination_time: 79289.3425599996
local_termination_time: 79289.3014399996
node_cons: 1721.1178700800385
tot_aggregated_send: 380
tot_msg_rcv: 709
tot_msg_sent: 825
tot_reconf_duration: 37.410000000000004
tot_sleeping_duration: 78041.90783999956
tot_uptimes: 21
tot_uptimes_duration: 1247.4347200000338
