comms_cons: 11.458118400196419
finished_reconf: true
global_termination_time: 80707.914
local_termination_time: 31301.137480000005
node_cons: 1624.709283360876
tot_aggregated_send: 580
tot_msg_rcv: 586
tot_msg_sent: 575
tot_reconf_duration: 13.17
tot_sleeping_duration: 79507.89575999936
tot_uptimes: 21
tot_uptimes_duration: 1200.0182400006524
