comms_cons: 616.7124028071775
finished_reconf: true
global_termination_time: 1384052.367
local_termination_time: 501574.1974800001
node_cons: 83826.56713982047
tot_aggregated_send: 0
tot_msg_rcv: 37931
tot_msg_sent: 55804
tot_reconf_duration: 18.21
tot_sleeping_duration: 1321466.9764400132
tot_uptimes: 1026
tot_uptimes_duration: 62585.39055998693
