comms_cons: 253.16787824143063
finished_reconf: true
global_termination_time: 1384052.367
local_termination_time: 505856.88836000004
node_cons: 28446.90826223371
tot_aggregated_send: 0
tot_msg_rcv: 19507
tot_msg_sent: 18975
tot_reconf_duration: 4.8100000000000005
tot_sleeping_duration: 1362812.3548400048
tot_uptimes: 355
tot_uptimes_duration: 21240.01215999527
