comms_cons: 2.2698239999967202
finished_reconf: true
global_termination_time: 12084.251
local_termination_time: 6640.258360000001
node_cons: 249.46676000000033
tot_aggregated_send: 0
tot_msg_rcv: 176
tot_msg_sent: 169
tot_reconf_duration: 6.22
tot_sleeping_duration: 11904.251
tot_uptimes: 4
tot_uptimes_duration: 180.0
