comms_cons: 269.94457602296455
finished_reconf: true
global_termination_time: 2807794.018
local_termination_time: 5629.215999999999
node_cons: 57852.67636558408
tot_aggregated_send: 37925
tot_msg_rcv: 1003
tot_msg_sent: 2102
tot_reconf_duration: 5.77
tot_sleeping_duration: 2764593.9876000113
tot_uptimes: 720
tot_uptimes_duration: 43200.03039998887
