comms_cons: 198.9885311910101
finished_reconf: true
global_termination_time: 2017894.837
local_termination_time: 308814.3860800006
node_cons: 41461.98826223793
tot_aggregated_send: 28188
tot_msg_rcv: 694
tot_msg_sent: 1364
tot_reconf_duration: 4.8100000000000005
tot_sleeping_duration: 1986934.8248400013
tot_uptimes: 517
tot_uptimes_duration: 30960.012159998703
