comms_cons: 196.58649599369116
finished_reconf: true
global_termination_time: 2018174.56
local_termination_time: 600315.6144799979
node_cons: 41462.95839495509
tot_aggregated_send: 28304
tot_msg_rcv: 508
tot_msg_sent: 1068
tot_reconf_duration: 4.390000000000001
tot_sleeping_duration: 1987213.3973600036
tot_uptimes: 517
tot_uptimes_duration: 30961.16263999656
