comms_cons: 197.88970239415735
finished_reconf: true
global_termination_time: 2018163.095
local_termination_time: 1012138.29536
node_cons: 41463.8867599998
tot_aggregated_send: 28072
tot_msg_rcv: 657
tot_msg_sent: 1349
tot_reconf_duration: 6.22
tot_sleeping_duration: 1987203.095
tot_uptimes: 517
tot_uptimes_duration: 30960.0
