comms_cons: 525.2925888386202
finished_reconf: true
global_termination_time: 5333276.544
local_termination_time: 2977935.4037199994
node_cons: 109672.64452223136
tot_aggregated_send: 74240
tot_msg_rcv: 1944
tot_msg_sent: 3657
tot_reconf_duration: 6.279999999999999
tot_sleeping_duration: 5251376.531840004
tot_uptimes: 1366
tot_uptimes_duration: 81900.01215999573
