comms_cons: 523.1776512403455
finished_reconf: true
global_termination_time: 5333502.84
local_termination_time: 3106358.4965599985
node_cons: 109705.47718783419
tot_aggregated_send: 74066
tot_msg_rcv: 1795
tot_msg_sent: 3658
tot_reconf_duration: 25.299999999999997
tot_sleeping_duration: 5251597.597440002
tot_uptimes: 1366
tot_uptimes_duration: 81905.2425599983
