comms_cons: 538.2280129312607
finished_reconf: true
global_termination_time: 5336470.215
local_termination_time: 504920.78608000063
node_cons: 109751.02082669864
tot_aggregated_send: 73892
tot_msg_rcv: 2707
tot_msg_sent: 5208
tot_reconf_duration: 4.8100000000000005
tot_sleeping_duration: 5254510.178520014
tot_uptimes: 1367
tot_uptimes_duration: 81960.0364799865
