comms_cons: 532.1197440715769
finished_reconf: true
global_termination_time: 5333840.148
local_termination_time: 2500747.020999998
node_cons: 109672.5549011135
tot_aggregated_send: 74124
tot_msg_rcv: 2345
tot_msg_sent: 4411
tot_reconf_duration: 6.22
tot_sleeping_duration: 5251940.141920002
tot_uptimes: 1366
tot_uptimes_duration: 81900.00607999787
