comms_cons: 236.72619518714941
finished_reconf: true
global_termination_time: 2386856.444
local_termination_time: 524310.4863599999
node_cons: 49100.11137999932
tot_aggregated_send: 33988
tot_msg_rcv: 706
tot_msg_sent: 1287
tot_reconf_duration: 9.11
tot_sleeping_duration: 2350196.444
tot_uptimes: 612
tot_uptimes_duration: 36660.0
