comms_cons: 237.12094719371888
finished_reconf: true
global_termination_time: 2385429.252
local_termination_time: 1176095.6693600002
node_cons: 49022.270099999594
tot_aggregated_send: 33814
tot_msg_rcv: 727
tot_msg_sent: 1500
tot_reconf_duration: 10.95
tot_sleeping_duration: 2348829.252
tot_uptimes: 611
tot_uptimes_duration: 36600.0
