comms_cons: 237.02057599236008
finished_reconf: true
global_termination_time: 2388878.217
local_termination_time: 979413.984
node_cons: 49109.1378323964
tot_aggregated_send: 34156
tot_msg_rcv: 651
tot_msg_sent: 1219
tot_reconf_duration: 11.899999999999999
tot_sleeping_duration: 2352214.3054000027
tot_uptimes: 612
tot_uptimes_duration: 36663.91159999778
