comms_cons: 235.88593918395875
finished_reconf: true
global_termination_time: 2389095.731
local_termination_time: 1123716.21236
node_cons: 49108.628707817275
tot_aggregated_send: 32248
tot_msg_rcv: 1342
tot_msg_sent: 2265
tot_reconf_duration: 15.34
tot_sleeping_duration: 2352435.6884400165
tot_uptimes: 612
tot_uptimes_duration: 36660.04255998344
