comms_cons: 75.3910527990478
finished_reconf: true
global_termination_time: 753331.981
local_termination_time: 313142.858
node_cons: 15432.84406000003
tot_aggregated_send: 10089
tot_msg_rcv: 416
tot_msg_sent: 954
tot_reconf_duration: 5.57
tot_sleeping_duration: 741811.981
tot_uptimes: 193
tot_uptimes_duration: 11520.0
