comms_cons: 75.54958079884985
finished_reconf: true
global_termination_time: 756635.502
local_termination_time: 344681.63260000007
node_cons: 15512.570223359684
tot_aggregated_send: 9860
tot_msg_rcv: 505
tot_msg_sent: 1119
tot_reconf_duration: 5.1
tot_sleeping_duration: 745055.4837600002
tot_uptimes: 194
tot_uptimes_duration: 11580.018239999772
