comms_cons: 76.87137279715662
finished_reconf: true
global_termination_time: 751932.03624
local_termination_time: 29794.67936
node_cons: 15451.686436077185
tot_aggregated_send: 10092
tot_msg_rcv: 601
tot_msg_sent: 990
tot_reconf_duration: 4.390000000000001
tot_sleeping_duration: 740396.7675200022
tot_uptimes: 193
tot_uptimes_duration: 11535.268719997883
