comms_cons: 150.90053119454552
finished_reconf: true
global_termination_time: 1517774.749
local_termination_time: 312785.2442800004
node_cons: 31182.906220000084
tot_aggregated_send: 21576
tot_msg_rcv: 439
tot_msg_sent: 921
tot_reconf_duration: 8.09
tot_sleeping_duration: 1494494.749
tot_uptimes: 389
tot_uptimes_duration: 23280.0
