comms_cons: 148.46685439932457
finished_reconf: true
global_termination_time: 1516039.497
local_termination_time: 921290.0973599998
node_cons: 31197.322741116815
tot_aggregated_send: 22214
tot_msg_rcv: 79
tot_msg_sent: 273
tot_reconf_duration: 18.700000000000003
tot_sleeping_duration: 1492759.4909200023
tot_uptimes: 389
tot_uptimes_duration: 23280.006079997635
