comms_cons: 142.87390719816128
finished_reconf: true
global_termination_time: 1479313.593
local_termination_time: 783375.2953999991
node_cons: 30383.878979999965
tot_aggregated_send: 20996
tot_msg_rcv: 232
tot_msg_sent: 488
tot_reconf_duration: 11.31
tot_sleeping_duration: 1456633.593
tot_uptimes: 379
tot_uptimes_duration: 22680.0
