comms_cons: 436.77816294868
finished_reconf: true
global_termination_time: 2217748.6534399963
local_termination_time: 2936.37748
node_cons: 45643.12500039279
tot_aggregated_send: 0
tot_msg_rcv: 33472
tot_msg_sent: 32912
tot_reconf_duration: 18.21
tot_sleeping_duration: 2183679.649840001
tot_uptimes: 568
tot_uptimes_duration: 34069.00359999499
