comms_cons: 222.02071038638564
finished_reconf: true
global_termination_time: 2217748.9021199965
local_termination_time: 45991.767600000014
node_cons: 45605.28084638974
tot_aggregated_send: 31030
tot_msg_rcv: 928
tot_msg_sent: 1787
tot_reconf_duration: 22.65
tot_sleeping_duration: 2183712.664520004
tot_uptimes: 568
tot_uptimes_duration: 34036.23759999272
