comms_cons: 217.68613759054278
finished_reconf: true
global_termination_time: 2219220.31
local_termination_time: 466967.7918800005
node_cons: 45637.286323350054
tot_aggregated_send: 31262
tot_msg_rcv: 581
tot_msg_sent: 1245
tot_reconf_duration: 3.05
tot_sleeping_duration: 2185140.291760007
tot_uptimes: 569
tot_uptimes_duration: 34080.0182399929
