comms_cons: 116.74853119316967
finished_reconf: true
global_termination_time: 1151256.829
local_termination_time: 127174.56751999978
node_cons: 23650.751264471975
tot_aggregated_send: 15660
tot_msg_rcv: 707
tot_msg_sent: 1379
tot_reconf_duration: 22.65
tot_sleeping_duration: 1133616.8046800059
tot_uptimes: 295
tot_uptimes_duration: 17640.024319993972
