comms_cons: 115.07678719884379
finished_reconf: true
global_termination_time: 1150216.225
local_termination_time: 981001.3324799999
node_cons: 23624.11004111693
tot_aggregated_send: 16066
tot_msg_rcv: 438
tot_msg_sent: 987
tot_reconf_duration: 3.05
tot_sleeping_duration: 1132576.2189200025
tot_uptimes: 295
tot_uptimes_duration: 17640.006079997635
