comms_cons: 181.39540482203378
finished_reconf: true
global_termination_time: 375795.5005600003
local_termination_time: 2228.2294800000022
node_cons: 22750.50733664883
tot_aggregated_send: 0
tot_msg_rcv: 11183
tot_msg_sent: 16387
tot_reconf_duration: 18.21
tot_sleeping_duration: 358823.2987999937
tot_uptimes: 276
tot_uptimes_duration: 16972.201760006566
