comms_cons: 38.94291200067788
finished_reconf: true
global_termination_time: 377629.33
local_termination_time: 7943.68536
node_cons: 7719.573941119161
tot_aggregated_send: 4988
tot_msg_rcv: 353
tot_msg_sent: 579
tot_reconf_duration: 5.1
tot_sleeping_duration: 371869.32392000064
tot_uptimes: 97
tot_uptimes_duration: 5760.006079999366
