comms_cons: 131.5792319936549
finished_reconf: true
global_termination_time: 618487.5487199997
local_termination_time: 618487.5075999998
node_cons: 12745.716161258251
tot_aggregated_send: 0
tot_msg_rcv: 10784
tot_msg_sent: 9218
tot_reconf_duration: 24.59
tot_sleeping_duration: 608993.6555599861
tot_uptimes: 159
tot_uptimes_duration: 9493.893160013611
