comms_cons: 60.46250239963952
finished_reconf: true
global_termination_time: 618487.7761599993
local_termination_time: 514930.70336000004
node_cons: 12738.59954423916
tot_aggregated_send: 9048
tot_msg_rcv: 12
tot_msg_sent: 128
tot_reconf_duration: 5.43
tot_sleeping_duration: 608979.766
tot_uptimes: 159
tot_uptimes_duration: 9508.010159999365
