comms_cons: 71.73009920819494
finished_reconf: true
global_termination_time: 360633.889
local_termination_time: 823.4853599999999
node_cons: 7425.65368224287
tot_aggregated_send: 0
tot_msg_rcv: 5581
tot_msg_sent: 5320
tot_reconf_duration: 25.299999999999997
tot_sleeping_duration: 355113.8768399979
tot_uptimes: 93
tot_uptimes_duration: 5520.0121600021375
