comms_cons: 37.11326720079485
finished_reconf: true
global_termination_time: 361065.366
local_termination_time: 36429.063920000146
node_cons: 7397.836403362018
tot_aggregated_send: 4582
tot_msg_rcv: 303
tot_msg_sent: 756
tot_reconf_duration: 4.8100000000000005
tot_sleeping_duration: 355545.34775999846
tot_uptimes: 93
tot_uptimes_duration: 5520.018240001504
