comms_cons: 72.29653760837485
finished_reconf: true
global_termination_time: 362628.231
local_termination_time: 143.36404000000007
node_cons: 7399.767465606022
tot_aggregated_send: 0
tot_msg_rcv: 5641
tot_msg_sent: 5347
tot_reconf_duration: 6.22
tot_sleeping_duration: 357108.20059999556
tot_uptimes: 93
tot_uptimes_duration: 5520.030400004493
