comms_cons: 151.36323198877506
finished_reconf: true
global_termination_time: 1488887.178
local_termination_time: 216675.08336000005
node_cons: 30640.32312335054
tot_aggregated_send: 20126
tot_msg_rcv: 915
tot_msg_sent: 1966
tot_reconf_duration: 22.65
tot_sleeping_duration: 1466027.1597600072
tot_uptimes: 382
tot_uptimes_duration: 22860.018239992904
