comms_cons: 147.85498879632837
finished_reconf: true
global_termination_time: 1488128.431
local_termination_time: 329079.3286000001
node_cons: 30613.681900000112
tot_aggregated_send: 21402
tot_msg_rcv: 377
tot_msg_sent: 694
tot_reconf_duration: 3.05
tot_sleeping_duration: 1465268.431
tot_uptimes: 382
tot_uptimes_duration: 22860.0
