comms_cons: 150.4340351619882
finished_reconf: true
global_termination_time: 837884.605
local_termination_time: 270705.34036000003
node_cons: 17199.71022335969
tot_aggregated_send: 0
tot_msg_rcv: 11723
tot_msg_sent: 11143
tot_reconf_duration: 5.1
tot_sleeping_duration: 825044.5867600002
tot_uptimes: 215
tot_uptimes_duration: 12840.018239999772
