comms_cons: 84.88618879675025
finished_reconf: true
global_termination_time: 838676.37
local_termination_time: 459232.74104000075
node_cons: 17198.737902238227
tot_aggregated_send: 11542
tot_msg_rcv: 489
tot_msg_sent: 870
tot_reconf_duration: 4.390000000000001
tot_sleeping_duration: 825836.3578400014
tot_uptimes: 215
tot_uptimes_duration: 12840.012159998703
