comms_cons: 473.3946304598724
finished_reconf: true
global_termination_time: 4837807.742
local_termination_time: 1125755.0554799999
node_cons: 99469.48080446546
tot_aggregated_send: 67048
tot_msg_rcv: 1690
tot_msg_sent: 3215
tot_reconf_duration: 6.279999999999999
tot_sleeping_duration: 4763527.717680008
tot_uptimes: 1239
tot_uptimes_duration: 74280.02431999124
