comms_cons: 488.4836288969972
finished_reconf: true
global_termination_time: 4839877.349
local_termination_time: 382026.58136000007
node_cons: 99572.08382893278
tot_aggregated_send: 66932
tot_msg_rcv: 2565
tot_msg_sent: 4748
tot_reconf_duration: 22.65
tot_sleeping_duration: 4765537.300360018
tot_uptimes: 1240
tot_uptimes_duration: 74340.04863998177
