comms_cons: 14.00090880009951
finished_reconf: true
global_termination_time: 108145.237
local_termination_time: 2605.053400000001
node_cons: 2177.7163811191504
tot_aggregated_send: 812
tot_msg_rcv: 561
tot_msg_sent: 755
tot_reconf_duration: 6.279999999999999
tot_sleeping_duration: 106525.23092000063
tot_uptimes: 28
tot_uptimes_duration: 1620.0060799993662
