comms_cons: 12.304358399986524
finished_reconf: true
global_termination_time: 107725.575
local_termination_time: 64009.381360000014
node_cons: 2176.7522011191504
tot_aggregated_send: 1044
tot_msg_rcv: 307
tot_msg_sent: 520
tot_reconf_duration: 5.57
tot_sleeping_duration: 106105.56892000063
tot_uptimes: 28
tot_uptimes_duration: 1620.0060799993662
