comms_cons: 13.589945599856168
finished_reconf: true
global_termination_time: 108422.276
local_termination_time: 61847.36636000001
node_cons: 2199.954982238294
tot_aggregated_send: 870
tot_msg_rcv: 515
tot_msg_sent: 681
tot_reconf_duration: 22.65
tot_sleeping_duration: 106802.26384000127
tot_uptimes: 28
tot_uptimes_duration: 1620.0121599987324
