comms_cons: 12.178099199747813
finished_reconf: true
global_termination_time: 108723.143
local_termination_time: 89282.55335999996
node_cons: 2175.7201211191477
tot_aggregated_send: 1160
tot_msg_rcv: 287
tot_msg_sent: 404
tot_reconf_duration: 4.8100000000000005
tot_sleeping_duration: 107103.13692000063
tot_uptimes: 28
tot_uptimes_duration: 1620.0060799993662
