comms_cons: 12.890604799737876
finished_reconf: true
global_termination_time: 107906.305
local_termination_time: 35764.38536000001
node_cons: 2179.848406717187
tot_aggregated_send: 580
tot_msg_rcv: 392
tot_msg_sent: 988
tot_reconf_duration: 7.819999999999999
tot_sleeping_duration: 106286.2685200021
tot_uptimes: 28
tot_uptimes_duration: 1620.0364799978997
