comms_cons: 315.49110402127855
finished_reconf: true
global_termination_time: 3150398.865
local_termination_time: 546778.5133599999
node_cons: 64760.050466699686
tot_aggregated_send: 44544
tot_msg_rcv: 1200
tot_msg_sent: 2208
tot_reconf_duration: 4.390000000000001
tot_sleeping_duration: 3102038.8285200144
tot_uptimes: 807
tot_uptimes_duration: 48360.03647998581
