comms_cons: 69.0953855984183
finished_reconf: true
global_termination_time: 661347.887
local_termination_time: 449501.65699999995
node_cons: 13583.462325597913
tot_aggregated_send: 8523
tot_msg_rcv: 697
tot_msg_sent: 1283
tot_reconf_duration: 4.390000000000001
tot_sleeping_duration: 651207.8566000015
tot_uptimes: 170
tot_uptimes_duration: 10140.030399998475
