comms_cons: 996.0509943458121
finished_reconf: true
global_termination_time: 2055097.2835599985
local_termination_time: 2055097.2424399985
node_cons: 125240.9943333901
tot_aggregated_send: 0
tot_msg_rcv: 61042
tot_msg_sent: 90351
tot_reconf_duration: 24.59
tot_sleeping_duration: 1961588.9929600032
tot_uptimes: 1536
tot_uptimes_duration: 93508.29059999544
