comms_cons: 201.3272575911951
finished_reconf: true
global_termination_time: 2059262.443
local_termination_time: 1148340.0374399985
node_cons: 42354.54712111654
tot_aggregated_send: 28942
tot_msg_rcv: 562
tot_msg_sent: 1096
tot_reconf_duration: 11.31
tot_sleeping_duration: 2027642.4369200023
tot_uptimes: 528
tot_uptimes_duration: 31620.006079997635
