comms_cons: 91.39292159541995
finished_reconf: true
global_termination_time: 912500.27
local_termination_time: 531528.2048399987
node_cons: 18726.153941116827
tot_aggregated_send: 11948
tot_msg_rcv: 591
tot_msg_sent: 1353
tot_reconf_duration: 5.1
tot_sleeping_duration: 898520.2639200024
tot_uptimes: 234
tot_uptimes_duration: 13980.006079997635
