comms_cons: 202.1304702964738
finished_reconf: true
global_termination_time: 1030347.525
local_termination_time: 573.11736
node_cons: 21154.157321116865
tot_aggregated_send: 0
tot_msg_rcv: 15478
tot_msg_sent: 15243
tot_reconf_duration: 18.21
tot_sleeping_duration: 1014567.5189200024
tot_uptimes: 264
tot_uptimes_duration: 15780.006079997635
