comms_cons: 143.69630719415358
finished_reconf: true
global_termination_time: 1445156.6011999997
local_termination_time: 1445156.5600799997
node_cons: 29833.15969791614
tot_aggregated_send: 20415
tot_msg_rcv: 417
tot_msg_sent: 1008
tot_reconf_duration: 59.31999999999999
tot_sleeping_duration: 1422936.5839200024
tot_uptimes: 371
tot_uptimes_duration: 22220.017279997235
