comms_cons: 141.93274238688088
finished_reconf: true
global_termination_time: 1447369.693
local_termination_time: 4625.009
node_cons: 29755.29103654036
tot_aggregated_send: 19757
tot_msg_rcv: 590
tot_msg_sent: 1225
tot_reconf_duration: 21.68
tot_sleeping_duration: 1425169.6559600148
tot_uptimes: 371
tot_uptimes_duration: 22200.037039985298
