comms_cons: 100.37913599742332
finished_reconf: true
global_termination_time: 998747.6
local_termination_time: 277813.60108000063
node_cons: 20511.461744476586
tot_aggregated_send: 13746
tot_msg_rcv: 478
tot_msg_sent: 1033
tot_reconf_duration: 18.21
tot_sleeping_duration: 983447.5756800026
tot_uptimes: 256
tot_uptimes_duration: 15300.024319997407
