comms_cons: 103.73327359609388
finished_reconf: true
global_termination_time: 1000976.543
local_termination_time: 507742.91748000006
node_cons: 20575.600804467318
tot_aggregated_send: 12934
tot_msg_rcv: 919
tot_msg_sent: 1914
tot_reconf_duration: 6.279999999999999
tot_sleeping_duration: 985616.5186800094
tot_uptimes: 257
tot_uptimes_duration: 15360.024319990538
