comms_cons: 102.20129279285301
finished_reconf: true
global_termination_time: 1000688.511
local_termination_time: 616024.3311999986
node_cons: 20579.468367817833
tot_aggregated_send: 13108
tot_msg_rcv: 850
tot_msg_sent: 1576
tot_reconf_duration: 9.11
tot_sleeping_duration: 985328.4684400166
tot_uptimes: 257
tot_uptimes_duration: 15360.042559983442
