comms_cons: 101.1689855946465
finished_reconf: true
global_termination_time: 1001119.189
local_termination_time: 426162.34696000064
node_cons: 20584.21596335513
tot_aggregated_send: 13166
tot_msg_rcv: 704
tot_msg_sent: 1508
tot_reconf_duration: 12.629999999999999
tot_sleeping_duration: 985759.1707600036
tot_uptimes: 257
tot_uptimes_duration: 15360.018239996338
