comms_cons: 177.33052158566943
finished_reconf: true
global_termination_time: 1764371.935
local_termination_time: 551168.8543599999
node_cons: 36237.52260558413
tot_aggregated_send: 24534
tot_msg_rcv: 790
tot_msg_sent: 1629
tot_reconf_duration: 3.05
tot_sleeping_duration: 1737311.9046000119
tot_uptimes: 452
tot_uptimes_duration: 27060.030399988173
