comms_cons: 177.89812478352147
finished_reconf: true
global_termination_time: 1764714.825
local_termination_time: 45003.43636000001
node_cons: 36248.755967826924
tot_aggregated_send: 24302
tot_msg_rcv: 882
tot_msg_sent: 1857
tot_reconf_duration: 11.31
tot_sleeping_duration: 1737654.7824400095
tot_uptimes: 452
tot_uptimes_duration: 27060.04255999031
