comms_cons: 535.4051648906214
finished_reconf: true
global_termination_time: 5412976.262
local_termination_time: 503197.57268000074
node_cons: 111361.9084066992
tot_aggregated_send: 75226
tot_msg_rcv: 2144
tot_msg_sent: 4006
tot_reconf_duration: 7.819999999999999
tot_sleeping_duration: 5329816.225520013
tot_uptimes: 1387
tot_uptimes_duration: 83160.03647998697
