comms_cons: 538.3150016975022
finished_reconf: true
global_termination_time: 5415328.138
local_termination_time: 3224601.23836
node_cons: 111358.63836334796
tot_aggregated_send: 75052
tot_msg_rcv: 2560
tot_msg_sent: 4207
tot_reconf_duration: 5.43
tot_sleeping_duration: 5332168.119760007
tot_uptimes: 1387
tot_uptimes_duration: 83160.01823999337
