comms_cons: 32.495296000333575
finished_reconf: true
global_termination_time: 307605.684
local_termination_time: 5985.30072
node_cons: 6300.89368224287
tot_aggregated_send: 3886
tot_msg_rcv: 436
tot_msg_sent: 617
tot_reconf_duration: 25.299999999999997
tot_sleeping_duration: 302925.67183999787
tot_uptimes: 79
tot_uptimes_duration: 4680.012160002139
