comms_cons: 65.8057856001433
finished_reconf: true
global_termination_time: 658154.8165999998
local_termination_time: 658154.7754799998
node_cons: 13548.926719521183
tot_aggregated_send: 9208
tot_msg_rcv: 260
tot_msg_sent: 534
tot_reconf_duration: 24.59
tot_sleeping_duration: 648061.064919999
tot_uptimes: 169
tot_uptimes_duration: 10093.75168000086
