comms_cons: 81.50970879864843
finished_reconf: true
global_termination_time: 827414.743
local_termination_time: 528740.2223999993
node_cons: 16982.498700000055
tot_aggregated_send: 11948
tot_msg_rcv: 193
tot_msg_sent: 248
tot_reconf_duration: 22.65
tot_sleeping_duration: 814754.743
tot_uptimes: 212
tot_uptimes_duration: 12660.0
