comms_cons: 409.90389731629455
finished_reconf: true
global_termination_time: 1405877.668
local_termination_time: 348675.50008000014
node_cons: 57423.24782299905
tot_aggregated_send: 0
tot_msg_rcv: 20881
tot_msg_sent: 41422
tot_reconf_duration: 13.17
tot_sleeping_duration: 1363005.851
tot_uptimes: 710
tot_uptimes_duration: 42871.81700000004
