comms_cons: 141.9133439880522
finished_reconf: true
global_termination_time: 1404641.412
local_termination_time: 620434.2923599998
node_cons: 28848.05418447659
tot_aggregated_send: 19140
tot_msg_rcv: 742
tot_msg_sent: 1688
tot_reconf_duration: 4.390000000000001
tot_sleeping_duration: 1383101.3876800027
tot_uptimes: 360
tot_uptimes_duration: 21540.024319997407
