comms_cons: 93.39923199793787
finished_reconf: true
global_termination_time: 950335.761
local_termination_time: 152755.15899999999
node_cons: 19571.712395122682
tot_aggregated_send: 13280
tot_msg_rcv: 263
tot_msg_sent: 655
tot_reconf_duration: 22.65
tot_sleeping_duration: 935742.0689199981
tot_uptimes: 244
tot_uptimes_duration: 14593.692080001987
