comms_cons: 253.72684783393763
finished_reconf: true
global_termination_time: 1426575.904
local_termination_time: 1293729.1125999996
node_cons: 29354.866841116753
tot_aggregated_send: 0
tot_msg_rcv: 19356
tot_msg_sent: 19209
tot_reconf_duration: 22.65
tot_sleeping_duration: 1404675.8979200025
tot_uptimes: 366
tot_uptimes_duration: 21900.006079997635
