comms_cons: 144.61588479304928
finished_reconf: true
global_termination_time: 1426483.789
local_termination_time: 351547.527
node_cons: 29334.212154639594
tot_aggregated_send: 19604
tot_msg_rcv: 811
tot_msg_sent: 1565
tot_reconf_duration: 6.22
tot_sleeping_duration: 1404582.5452400004
tot_uptimes: 366
tot_uptimes_duration: 21901.243759999692
