comms_cons: 37.63302400023173
finished_reconf: true
global_termination_time: 386052.81
local_termination_time: 38086.005
node_cons: 7881.68019384154
tot_aggregated_send: 5508
tot_msg_rcv: 41
tot_msg_sent: 171
tot_reconf_duration: 5.43
tot_sleeping_duration: 380172.0734399989
tot_uptimes: 99
tot_uptimes_duration: 5880.7365600011435
