comms_cons: 360.4420989726313
finished_reconf: true
global_termination_time: 1244266.909
local_termination_time: 98355.45339999926
node_cons: 50310.82529459822
tot_aggregated_send: 0
tot_msg_rcv: 18499
tot_msg_sent: 36286
tot_reconf_duration: 11.31
tot_sleeping_duration: 1206704.9476000008
tot_uptimes: 620
tot_uptimes_duration: 37561.96139999917
