comms_cons: 58.40355840584718
finished_reconf: true
global_termination_time: 294627.921
local_termination_time: 1131.8410400000016
node_cons: 6056.274982242868
tot_aggregated_send: 0
tot_msg_rcv: 4545
tot_msg_sent: 4332
tot_reconf_duration: 22.65
tot_sleeping_duration: 290127.90883999784
tot_uptimes: 76
tot_uptimes_duration: 4500.0121600021375
