comms_cons: 30.093260800608093
finished_reconf: true
global_termination_time: 293876.312
local_termination_time: 33703.21972000002
node_cons: 6032.88208112144
tot_aggregated_send: 4002
tot_msg_rcv: 228
tot_msg_sent: 344
tot_reconf_duration: 5.43
tot_sleeping_duration: 289376.3059199989
tot_uptimes: 76
tot_uptimes_duration: 4500.006080001071
