comms_cons: 389.2715390752716
finished_reconf: true
global_termination_time: 803051.4693199996
local_termination_time: 803051.4281999996
node_cons: 49084.98450480546
tot_aggregated_send: 0
tot_msg_rcv: 23770
tot_msg_sent: 35395
tot_reconf_duration: 24.59
tot_sleeping_duration: 766418.4661199951
tot_uptimes: 600
tot_uptimes_duration: 36633.00320000455
