comms_cons: 918.5079809512345
finished_reconf: true
global_termination_time: 9244343.796199998
local_termination_time: 9244343.755079998
node_cons: 190277.60472438013
tot_aggregated_send: 132620
tot_msg_rcv: 2304
tot_msg_sent: 4682
tot_reconf_duration: 37.410000000000004
tot_sleeping_duration: 9102277.476600008
tot_uptimes: 2368
tot_uptimes_duration: 142066.31959999044
