comms_cons: 922.3711618640255
finished_reconf: true
global_termination_time: 9245485.11
local_termination_time: 3839053.14236
node_cons: 190171.76278781303
tot_aggregated_send: 128238
tot_msg_rcv: 4413
tot_msg_sent: 7542
tot_reconf_duration: 5.1
tot_sleeping_duration: 9103465.067440014
tot_uptimes: 2368
tot_uptimes_duration: 142020.04255998484
