comms_cons: 918.6773442670085
finished_reconf: true
global_termination_time: 9245520.627
local_termination_time: 3970968.7069599996
node_cons: 190199.19438781266
tot_aggregated_send: 127948
tot_msg_rcv: 4173
tot_msg_sent: 7511
tot_reconf_duration: 25.299999999999997
tot_sleeping_duration: 9103500.584440015
tot_uptimes: 2368
tot_uptimes_duration: 142020.04255998484
