comms_cons: 928.8355458286768
finished_reconf: true
global_termination_time: 9250267.266
local_termination_time: 1224372.4453999992
node_cons: 190255.82911228095
tot_aggregated_send: 129050
tot_msg_rcv: 4182
tot_msg_sent: 7944
tot_reconf_duration: 7.819999999999999
tot_sleeping_duration: 9108187.199120026
tot_uptimes: 2369
tot_uptimes_duration: 142080.06687997584
