comms_cons: 929.5008834663388
finished_reconf: true
global_termination_time: 9244749.699
local_termination_time: 1277369.1125999987
node_cons: 190173.30817116366
tot_aggregated_send: 127658
tot_msg_rcv: 4442
tot_msg_sent: 9178
tot_reconf_duration: 6.22
tot_sleeping_duration: 9102729.638200022
tot_uptimes: 2368
tot_uptimes_duration: 142020.06079997797
