comms_cons: 271.7462464152982
finished_reconf: true
global_termination_time: 562707.215
local_termination_time: 260024.5224400002
node_cons: 34154.78179848116
tot_aggregated_send: 0
tot_msg_rcv: 16686
tot_msg_sent: 24618
tot_reconf_duration: 18.21
tot_sleeping_duration: 537218.0046799991
tot_uptimes: 418
tot_uptimes_duration: 25489.21032000089
