comms_cons: 181.97331838918254
finished_reconf: true
global_termination_time: 1836910.0822400001
local_termination_time: 422867.9393200002
node_cons: 37787.31476271033
tot_aggregated_send: 25810
tot_msg_rcv: 529
tot_msg_sent: 1318
tot_reconf_duration: 6.22
tot_sleeping_duration: 1808695.8417600072
tot_uptimes: 471
tot_uptimes_duration: 28214.240479992935
