comms_cons: 59.6930816000402
finished_reconf: true
global_termination_time: 590122.545
local_termination_time: 254605.01836000007
node_cons: 12138.282082242926
tot_aggregated_send: 8004
tot_msg_rcv: 318
tot_msg_sent: 751
tot_reconf_duration: 5.1
tot_sleeping_duration: 581062.5328399979
tot_uptimes: 152
tot_uptimes_duration: 9060.012160002167
