comms_cons: 59.233792000853924
finished_reconf: true
global_termination_time: 588562.382
local_termination_time: 223551.17160000012
node_cons: 12063.37952112147
tot_aggregated_send: 8062
tot_msg_rcv: 309
tot_msg_sent: 633
tot_reconf_duration: 9.11
tot_sleeping_duration: 579562.3759199989
tot_uptimes: 151
tot_uptimes_duration: 9000.006080001069
