comms_cons: 58.77262080030304
finished_reconf: true
global_termination_time: 588048.293
local_termination_time: 242990.79799999998
node_cons: 12071.0066649642
tot_aggregated_send: 8056
tot_msg_rcv: 258
tot_msg_sent: 619
tot_reconf_duration: 11.899999999999999
tot_sleeping_duration: 579045.4203599967
tot_uptimes: 151
tot_uptimes_duration: 9002.87264000313
