comms_cons: 117.66382718992341
finished_reconf: true
global_termination_time: 1166099.301
local_termination_time: 448502.2804000008
node_cons: 23948.286505588763
tot_aggregated_send: 15428
tot_msg_rcv: 623
tot_msg_sent: 1834
tot_reconf_duration: 5.1
tot_sleeping_duration: 1148219.2706000083
tot_uptimes: 299
tot_uptimes_duration: 17880.030399991607
