comms_cons: 114.93204479595636
finished_reconf: true
global_termination_time: 1164537.257
local_termination_time: 455036.11299999995
node_cons: 23949.71158319826
tot_aggregated_send: 16295
tot_msg_rcv: 358
tot_msg_sent: 816
tot_reconf_duration: 4.8100000000000005
tot_sleeping_duration: 1146655.8682000013
tot_uptimes: 299
tot_uptimes_duration: 17881.388799998676
