comms_cons: 2.2171903999968943
finished_reconf: true
global_termination_time: 16072.859
local_termination_time: 11319.008360000002
node_cons: 327.8919800000018
tot_aggregated_send: 0
tot_msg_rcv: 173
tot_msg_sent: 164
tot_reconf_duration: 4.8100000000000005
tot_sleeping_duration: 15832.859
tot_uptimes: 5
tot_uptimes_duration: 240.0
