comms_cons: 245.02319360112196
finished_reconf: true
global_termination_time: 2470563.2344799996
local_termination_time: 2470563.1933599995
node_cons: 50844.05750207845
tot_aggregated_send: 35412
tot_msg_rcv: 603
tot_msg_sent: 1227
tot_reconf_duration: 37.410000000000004
tot_sleeping_duration: 2432629.51176
tot_uptimes: 633
tot_uptimes_duration: 37933.72271999961
