comms_cons: 245.55411838876554
finished_reconf: true
global_termination_time: 2472950.901
local_termination_time: 1234641.2833599998
node_cons: 50875.73937999909
tot_aggregated_send: 34974
tot_msg_rcv: 850
tot_msg_sent: 1498
tot_reconf_duration: 15.110000000000001
tot_sleeping_duration: 2434970.901
tot_uptimes: 634
tot_uptimes_duration: 37980.0
