comms_cons: 241.46321919441831
finished_reconf: true
global_termination_time: 2473554.442
local_termination_time: 1298885.6700000002
node_cons: 50871.38834111629
tot_aggregated_send: 35774
tot_msg_rcv: 344
tot_msg_sent: 583
tot_reconf_duration: 11.899999999999999
tot_sleeping_duration: 2435574.435920002
tot_uptimes: 634
tot_uptimes_duration: 37980.006079997635
