comms_cons: 248.59263997245955
finished_reconf: true
global_termination_time: 2473858.396
local_termination_time: 1205072.5336799985
node_cons: 50876.12499005118
tot_aggregated_send: 32770
tot_msg_rcv: 1704
tot_msg_sent: 3310
tot_reconf_duration: 15.34
tot_sleeping_duration: 2435878.3412800212
tot_uptimes: 634
tot_uptimes_duration: 37980.05471997894
