comms_cons: 50.68615680011665
finished_reconf: true
global_termination_time: 511983.678
local_termination_time: 77723.51663999948
node_cons: 10528.681899999998
tot_aggregated_send: 7366
tot_msg_rcv: 108
tot_msg_sent: 230
tot_reconf_duration: 3.05
tot_sleeping_duration: 504123.678
tot_uptimes: 132
tot_uptimes_duration: 7860.0
