comms_cons: 152.93612801544978
finished_reconf: true
global_termination_time: 317947.39748000016
local_termination_time: 2554.273480000002
node_cons: 19188.15498517039
tot_aggregated_send: 0
tot_msg_rcv: 9428
tot_msg_sent: 13817
tot_reconf_duration: 18.21
tot_sleeping_duration: 303635.65303999244
tot_uptimes: 235
tot_uptimes_duration: 14311.74444000774
