comms_cons: 31.718323200179928
finished_reconf: true
global_termination_time: 319684.729
local_termination_time: 282522.7743600001
node_cons: 6511.72264000003
tot_aggregated_send: 4408
tot_msg_rcv: 125
tot_msg_sent: 288
tot_reconf_duration: 3.08
tot_sleeping_duration: 314824.729
tot_uptimes: 82
tot_uptimes_duration: 4860.0
