comms_cons: 34.25020800134925
finished_reconf: true
global_termination_time: 319735.093
local_termination_time: 197398.62620000017
node_cons: 6511.690041121422
tot_aggregated_send: 3944
tot_msg_rcv: 504
tot_msg_sent: 756
tot_reconf_duration: 3.05
tot_sleeping_duration: 314875.0869199989
tot_uptimes: 82
tot_uptimes_duration: 4860.006080001069
