comms_cons: 114.51160318894262
finished_reconf: true
global_termination_time: 1110098.02
local_termination_time: 585093.9263599999
node_cons: 22823.140826701103
tot_aggregated_send: 14848
tot_msg_rcv: 927
tot_msg_sent: 1630
tot_reconf_duration: 4.8100000000000005
tot_sleeping_duration: 1093057.9835200142
tot_uptimes: 285
tot_uptimes_duration: 17040.036479985807
