comms_cons: 224.98360947076975
finished_reconf: true
global_termination_time: 1491311.298
local_termination_time: 360724.8656000001
node_cons: 30640.323123355174
tot_aggregated_send: 0
tot_msg_rcv: 17325
tot_msg_sent: 16873
tot_reconf_duration: 22.65
tot_sleeping_duration: 1468451.2797600036
tot_uptimes: 382
tot_uptimes_duration: 22860.018239996338
