comms_cons: 147.40697599504114
finished_reconf: true
global_termination_time: 1491366.363
local_termination_time: 871025.761119999
node_cons: 30618.068240000088
tot_aggregated_send: 21344
tot_msg_rcv: 368
tot_msg_sent: 693
tot_reconf_duration: 6.279999999999999
tot_sleeping_duration: 1468506.363
tot_uptimes: 382
tot_uptimes_duration: 22860.0
