comms_cons: 145.9826303974432
finished_reconf: true
global_termination_time: 1490692.123
local_termination_time: 789263.0043599999
node_cons: 30616.465800000016
tot_aggregated_send: 21344
tot_msg_rcv: 258
tot_msg_sent: 586
tot_reconf_duration: 5.1
tot_sleeping_duration: 1467832.123
tot_uptimes: 382
tot_uptimes_duration: 22860.0
