comms_cons: 147.42796799178788
finished_reconf: true
global_termination_time: 1493047.611
local_termination_time: 148828.67036000008
node_cons: 30695.874184471995
tot_aggregated_send: 20068
tot_msg_rcv: 822
tot_msg_sent: 1519
tot_reconf_duration: 4.390000000000001
tot_sleeping_duration: 1470127.5866800062
tot_uptimes: 383
tot_uptimes_duration: 22920.024319993972
