comms_cons: 1453.6869962928015
finished_reconf: true
global_termination_time: 3003591.6435999996
local_termination_time: 3003591.6024799994
node_cons: 182568.4204155698
tot_aggregated_send: 0
tot_msg_rcv: 89259
tot_msg_sent: 131695
tot_reconf_duration: 37.410000000000004
tot_sleeping_duration: 2867282.7432000176
tot_uptimes: 2233
tot_uptimes_duration: 136308.90039998217
