comms_cons: 294.4593023926833
finished_reconf: true
global_termination_time: 3006525.801
local_termination_time: 1791091.648239998
node_cons: 61796.142395589915
tot_aggregated_send: 42224
tot_msg_rcv: 963
tot_msg_sent: 1570
tot_reconf_duration: 8.09
tot_sleeping_duration: 2960383.040600007
tot_uptimes: 770
tot_uptimes_duration: 46142.760399993276
