comms_cons: 301.6667008142563
finished_reconf: true
global_termination_time: 3006354.62
local_termination_time: 24791.035200000006
node_cons: 61812.30011117235
tot_aggregated_send: 41876
tot_msg_rcv: 1256
tot_msg_sent: 2717
tot_reconf_duration: 22.65
tot_sleeping_duration: 2960214.55920002
tot_uptimes: 770
tot_uptimes_duration: 46140.060799980245
