comms_cons: 302.3015360073214
finished_reconf: true
global_termination_time: 3005768.007
local_termination_time: 436142.38732000015
node_cons: 61787.47860781688
tot_aggregated_send: 41702
tot_msg_rcv: 1453
tot_msg_sent: 2792
tot_reconf_duration: 4.390000000000001
tot_sleeping_duration: 2959627.9644400165
tot_uptimes: 770
tot_uptimes_duration: 46140.042559983674
