comms_cons: 299.41249280380123
finished_reconf: true
global_termination_time: 3006202.798
local_termination_time: 649267.5227199988
node_cons: 61792.1284067005
tot_aggregated_send: 42398
tot_msg_rcv: 1041
tot_msg_sent: 2070
tot_reconf_duration: 7.819999999999999
tot_sleeping_duration: 2960062.7615200137
tot_uptimes: 770
tot_uptimes_duration: 46140.03647998627
