comms_cons: 297.763315208152
finished_reconf: true
global_termination_time: 3004469.515
local_termination_time: 1850135.8454799997
node_cons: 61788.850222232686
tot_aggregated_send: 41992
tot_msg_rcv: 990
tot_msg_sent: 2278
tot_reconf_duration: 5.43
tot_sleeping_duration: 2958329.502840005
tot_uptimes: 770
tot_uptimes_duration: 46140.0121599955
