comms_cons: 103.39870719777939
finished_reconf: true
global_termination_time: 1053341.917
local_termination_time: 1036855.7305999998
node_cons: 21626.81897999995
tot_aggregated_send: 15022
tot_msg_rcv: 221
tot_msg_sent: 473
tot_reconf_duration: 11.31
tot_sleeping_duration: 1037201.9169999999
tot_uptimes: 270
tot_uptimes_duration: 16140.0
