comms_cons: 106.01800319579068
finished_reconf: true
global_termination_time: 1052144.2314799977
local_termination_time: 1052144.2314799977
node_cons: 21734.944674960036
tot_aggregated_send: 14718
tot_msg_rcv: 467
tot_msg_sent: 928
tot_reconf_duration: 24.59
tot_sleeping_duration: 1035936.9488399978
tot_uptimes: 270
tot_uptimes_duration: 16207.28263999999
