comms_cons: 974.1175701467337
finished_reconf: true
global_termination_time: 4937732.767
local_termination_time: 1649.5783600000004
node_cons: 101556.75092893298
tot_aggregated_send: 0
tot_msg_rcv: 74744
tot_msg_sent: 73314
tot_reconf_duration: 5.1
tot_sleeping_duration: 4861892.718360018
tot_uptimes: 1265
tot_uptimes_duration: 75840.04863998201
