comms_cons: 498.1289472795922
finished_reconf: true
global_termination_time: 4934054.328
local_termination_time: 1263663.717759998
node_cons: 101482.26934781636
tot_aggregated_send: 68440
tot_msg_rcv: 2457
tot_msg_sent: 4815
tot_reconf_duration: 9.42
tot_sleeping_duration: 4858274.285440016
tot_uptimes: 1264
tot_uptimes_duration: 75780.0425599846
