comms_cons: 494.05987209160037
finished_reconf: true
global_termination_time: 4934953.175
local_termination_time: 904760.6123599998
node_cons: 101484.8603911672
tot_aggregated_send: 69368
tot_msg_rcv: 1836
tot_msg_sent: 3889
tot_reconf_duration: 11.31
tot_sleeping_duration: 4859173.114200022
tot_uptimes: 1264
tot_uptimes_duration: 75780.06079997774
