comms_cons: 495.81411850988115
finished_reconf: true
global_termination_time: 4935329.852
local_termination_time: 587331.9319199993
node_cons: 101476.86721005006
tot_aggregated_send: 68730
tot_msg_rcv: 2099
tot_msg_sent: 4532
tot_reconf_duration: 5.43
tot_sleeping_duration: 4859549.79728002
tot_uptimes: 1264
tot_uptimes_duration: 75780.05471997987
