comms_cons: 25.55361280055257
finished_reconf: true
global_termination_time: 245380.63
local_termination_time: 48839.89436000001
node_cons: 4988.660342240586
tot_aggregated_send: 3074
tot_msg_rcv: 288
tot_msg_sent: 522
tot_reconf_duration: 5.57
tot_sleeping_duration: 241660.61783999958
tot_uptimes: 63
tot_uptimes_duration: 3720.012160000435
