comms_cons: 139.16386559915074
finished_reconf: true
global_termination_time: 1432109.912
local_termination_time: 1164770.52448
node_cons: 29415.059560000136
tot_aggregated_send: 20996
tot_msg_rcv: 41
tot_msg_sent: 115
tot_reconf_duration: 7.819999999999999
tot_sleeping_duration: 1410149.912
tot_uptimes: 367
tot_uptimes_duration: 21960.0
