comms_cons: 0.6657919999980356
finished_reconf: true
global_termination_time: 5353.426
local_termination_time: 2047.8953600000002
node_cons: 105.06918000000036
tot_aggregated_send: 0
tot_msg_rcv: 60
tot_msg_sent: 41
tot_reconf_duration: 18.21
tot_sleeping_duration: 5293.426
tot_uptimes: 2
tot_uptimes_duration: 60.00000000000023
