comms_cons: 67.57496319762404
finished_reconf: true
global_termination_time: 667844.752
local_termination_time: 240772.5295200004
node_cons: 13768.914982238275
tot_aggregated_send: 9164
tot_msg_rcv: 370
tot_msg_sent: 737
tot_reconf_duration: 22.65
tot_sleeping_duration: 657584.7398400013
tot_uptimes: 172
tot_uptimes_duration: 10260.012159998703
