comms_cons: 131.6211839819426
finished_reconf: true
global_termination_time: 666236.4819599998
local_termination_time: 3024.7453600000003
node_cons: 13689.52882968254
tot_aggregated_send: 0
tot_msg_rcv: 10137
tot_msg_sent: 9867
tot_reconf_duration: 8.09
tot_sleeping_duration: 656020.9908399979
tot_uptimes: 171
tot_uptimes_duration: 10215.491120001883
