comms_cons: 67.67267839854044
finished_reconf: true
global_termination_time: 666277.863
local_termination_time: 314533.88136
node_cons: 13754.324623364264
tot_aggregated_send: 9222
tot_msg_rcv: 375
tot_msg_sent: 688
tot_reconf_duration: 11.899999999999999
tot_sleeping_duration: 656017.8447599969
tot_uptimes: 171
tot_uptimes_duration: 10260.018240003206
