comms_cons: 66.79861759635493
finished_reconf: true
global_termination_time: 669818.859
local_termination_time: 338489.03588000097
node_cons: 13742.290041116916
tot_aggregated_send: 9280
tot_msg_rcv: 236
tot_msg_sent: 637
tot_reconf_duration: 3.05
tot_sleeping_duration: 659558.8529200024
tot_uptimes: 172
tot_uptimes_duration: 10260.006079997635
