comms_cons: 212.10871028511335
finished_reconf: true
global_termination_time: 1101964.68
local_termination_time: 211344.97960000005
node_cons: 22666.540265588763
tot_aggregated_send: 0
tot_msg_rcv: 16340
tot_msg_sent: 15902
tot_reconf_duration: 7.819999999999999
tot_sleeping_duration: 1085044.6496000085
tot_uptimes: 283
tot_uptimes_duration: 16920.030399991607
