comms_cons: 277.88567040946896
finished_reconf: true
global_termination_time: 621238.603
local_termination_time: 423361.57572000014
node_cons: 37819.10660548585
tot_aggregated_send: 0
tot_msg_rcv: 17034
tot_msg_sent: 25203
tot_reconf_duration: 18.21
tot_sleeping_duration: 593012.7796799955
tot_uptimes: 463
tot_uptimes_duration: 28225.82332000447
