comms_cons: 62.587929599022985
finished_reconf: true
global_termination_time: 623170.063
local_termination_time: 342708.3638800004
node_cons: 12781.648483355122
tot_aggregated_send: 8468
tot_msg_rcv: 291
tot_msg_sent: 754
tot_reconf_duration: 5.57
tot_sleeping_duration: 613630.0447600037
tot_uptimes: 160
tot_uptimes_duration: 9540.018239996338
