comms_cons: 63.22611199771714
finished_reconf: true
global_termination_time: 621063.775
local_termination_time: 356221.60560000007
node_cons: 12781.00208223825
tot_aggregated_send: 8352
tot_msg_rcv: 390
tot_msg_sent: 868
tot_reconf_duration: 5.1
tot_sleeping_duration: 611523.7628400013
tot_uptimes: 160
tot_uptimes_duration: 9540.012159998703
