comms_cons: 63.35174399884132
finished_reconf: true
global_termination_time: 623436.369
local_termination_time: 12037.26236
node_cons: 12808.441823355115
tot_aggregated_send: 8468
tot_msg_rcv: 427
tot_msg_sent: 735
tot_reconf_duration: 25.299999999999997
tot_sleeping_duration: 613896.3507600037
tot_uptimes: 160
tot_uptimes_duration: 9540.018239996338
