comms_cons: 142.0383487699584
finished_reconf: true
global_termination_time: 729286.537
local_termination_time: 287587.42236
node_cons: 14949.78012112145
tot_aggregated_send: 0
tot_msg_rcv: 10858
tot_msg_sent: 10731
tot_reconf_duration: 4.8100000000000005
tot_sleeping_duration: 718126.5309199989
tot_uptimes: 187
tot_uptimes_duration: 11160.006080001069
