comms_cons: 73.21797119891895
finished_reconf: true
global_termination_time: 729468.478
local_termination_time: 279267.3356000001
node_cons: 14953.875842238294
tot_aggregated_send: 9918
tot_msg_rcv: 458
tot_msg_sent: 752
tot_reconf_duration: 7.819999999999999
tot_sleeping_duration: 718308.4658400012
tot_uptimes: 187
tot_uptimes_duration: 11160.012159998703
