comms_cons: 326.9141821473397
finished_reconf: true
global_termination_time: 1821566.036
local_termination_time: 978871.8124799989
node_cons: 37444.988262233586
tot_aggregated_send: 0
tot_msg_rcv: 24918
tot_msg_sent: 24770
tot_reconf_duration: 4.8100000000000005
tot_sleeping_duration: 1793606.0238400048
tot_uptimes: 467
tot_uptimes_duration: 27960.01215999527
