comms_cons: 178.23717759647892
finished_reconf: true
global_termination_time: 1823222.532
local_termination_time: 1420359.75636
node_cons: 37453.79897999993
tot_aggregated_send: 26100
tot_msg_rcv: 358
tot_msg_sent: 633
tot_reconf_duration: 11.31
tot_sleeping_duration: 1795262.532
tot_uptimes: 467
tot_uptimes_duration: 27960.0
