comms_cons: 203.2288319890023
finished_reconf: true
global_termination_time: 2044414.146
local_termination_time: 253366.35536000005
node_cons: 42048.60312335474
tot_aggregated_send: 28768
tot_msg_rcv: 703
tot_msg_sent: 1418
tot_reconf_duration: 22.65
tot_sleeping_duration: 2013034.1277600036
tot_uptimes: 524
tot_uptimes_duration: 31380.018239996338
