comms_cons: 274.21882880633393
finished_reconf: true
global_termination_time: 2759059.756
local_termination_time: 1996665.4883599998
node_cons: 56744.76917999896
tot_aggregated_send: 39672
tot_msg_rcv: 748
tot_msg_sent: 1259
tot_reconf_duration: 18.21
tot_sleeping_duration: 2716699.756
tot_uptimes: 707
tot_uptimes_duration: 42360.0
