comms_cons: 280.16670721830485
finished_reconf: true
global_termination_time: 2756348.957599999
local_termination_time: 2756348.9164799987
node_cons: 56728.11862157528
tot_aggregated_send: 37628
tot_msg_rcv: 1661
tot_msg_sent: 3293
tot_reconf_duration: 24.59
tot_sleeping_duration: 2714007.8632000163
tot_uptimes: 706
tot_uptimes_duration: 42341.09439998248
