comms_cons: 280.7811456088792
finished_reconf: true
global_termination_time: 2757621.992
local_termination_time: 135903.08960000053
node_cons: 56735.49667341574
tot_aggregated_send: 37526
tot_msg_rcv: 1725
tot_msg_sent: 3427
tot_reconf_duration: 11.31
tot_sleeping_duration: 2715261.9190400173
tot_uptimes: 707
tot_uptimes_duration: 42360.072959982615
