comms_cons: 128.4081983909914
finished_reconf: true
global_termination_time: 1267035.143
local_termination_time: 2602.9652400000004
node_cons: 26064.65857006073
tot_aggregated_send: 16878
tot_msg_rcv: 859
tot_msg_sent: 1780
tot_reconf_duration: 25.35
tot_sleeping_duration: 1247595.0882800145
tot_uptimes: 325
tot_uptimes_duration: 19440.05471998558
