comms_cons: 84.41495679706637
finished_reconf: true
global_termination_time: 816555.606
local_termination_time: 322599.3743600001
node_cons: 16821.851264471985
tot_aggregated_send: 10904
tot_msg_rcv: 718
tot_msg_sent: 1209
tot_reconf_duration: 22.65
tot_sleeping_duration: 804015.5816800061
tot_uptimes: 210
tot_uptimes_duration: 12540.024319993972
