comms_cons: 85.18668799537522
finished_reconf: true
global_termination_time: 817030.183
local_termination_time: 84269.64359999995
node_cons: 16803.496508953078
tot_aggregated_send: 10788
tot_msg_rcv: 821
tot_msg_sent: 1338
tot_reconf_duration: 9.11
tot_sleeping_duration: 804490.1343600051
tot_uptimes: 210
tot_uptimes_duration: 12540.048639994813
