comms_cons: 83.13160959680695
finished_reconf: true
global_termination_time: 815298.075
local_termination_time: 162713.29336000007
node_cons: 16736.155305593395
tot_aggregated_send: 10962
tot_msg_rcv: 583
tot_msg_sent: 1090
tot_reconf_duration: 18.700000000000003
tot_sleeping_duration: 802818.0446000049
tot_uptimes: 209
tot_uptimes_duration: 12480.030399995041
