comms_cons: 82.33834239811372
finished_reconf: true
global_termination_time: 817334.171
local_termination_time: 296854.9825600007
node_cons: 16797.046043355058
tot_aggregated_send: 11252
tot_msg_rcv: 391
tot_msg_sent: 871
tot_reconf_duration: 4.390000000000001
tot_sleeping_duration: 804794.1527600037
tot_uptimes: 210
tot_uptimes_duration: 12540.018239996338
