comms_cons: 0.776345600001731
finished_reconf: true
global_termination_time: 7441.826999999999
local_termination_time: 1533.1033600000003
node_cons: 88.78676000000004
tot_aggregated_send: 0
tot_msg_rcv: 65
tot_msg_sent: 53
tot_reconf_duration: 6.22
tot_sleeping_duration: 7381.826999999999
tot_uptimes: 2
tot_uptimes_duration: 59.99999999999909
