comms_cons: 285.56348798915286
finished_reconf: true
global_termination_time: 2855739.06
local_termination_time: 1432546.1973599999
node_cons: 58735.10454446634
tot_aggregated_send: 38338
tot_msg_rcv: 1880
tot_msg_sent: 3186
tot_reconf_duration: 4.8100000000000005
tot_sleeping_duration: 2811879.0356800095
tot_uptimes: 732
tot_uptimes_duration: 43860.02431999054
