comms_cons: 658.6124475540912
finished_reconf: true
global_termination_time: 1460492.171
local_termination_time: 336168.30672000104
node_cons: 88748.1882556731
tot_aggregated_send: 0
tot_msg_rcv: 40427
tot_msg_sent: 59679
tot_reconf_duration: 18.21
tot_sleeping_duration: 1394231.1858800035
tot_uptimes: 1089
tot_uptimes_duration: 66260.9851199965
