comms_cons: 271.8262270150559
finished_reconf: true
global_termination_time: 1460780.524
local_termination_time: 336153.906720001
node_cons: 30055.97534990842
tot_aggregated_send: 0
tot_msg_rcv: 21063
tot_msg_sent: 20253
tot_reconf_duration: 4.8100000000000005
tot_sleeping_duration: 1438338.8187200087
tot_uptimes: 375
tot_uptimes_duration: 22441.70527999132
