comms_cons: 144.62397439075647
finished_reconf: true
global_termination_time: 1463380.387
local_termination_time: 1196302.1487999982
node_cons: 30053.13790223357
tot_aggregated_send: 20358
tot_msg_rcv: 477
tot_msg_sent: 1147
tot_reconf_duration: 4.390000000000001
tot_sleeping_duration: 1440940.3748400048
tot_uptimes: 375
tot_uptimes_duration: 22440.01215999527
