comms_cons: 142.92058879887716
finished_reconf: true
global_termination_time: 1458761.1197999984
local_termination_time: 1458761.0786799984
node_cons: 30069.231707197923
tot_aggregated_send: 21446
tot_msg_rcv: 59
tot_msg_sent: 218
tot_reconf_duration: 24.59
tot_sleeping_duration: 1436329.575
tot_uptimes: 374
tot_uptimes_duration: 22431.544799998403
