comms_cons: 29.145856000114676
finished_reconf: true
global_termination_time: 300300.394
local_termination_time: 173312.43636000005
node_cons: 6136.598699999998
tot_aggregated_send: 4350
tot_msg_rcv: 43
tot_msg_sent: 37
tot_reconf_duration: 22.65
tot_sleeping_duration: 295740.394
tot_uptimes: 77
tot_uptimes_duration: 4560.0
