comms_cons: 99.64402559551608
finished_reconf: true
global_termination_time: 1001242.915
local_termination_time: 775282.3948399997
node_cons: 20573.982082233662
tot_aggregated_send: 13630
tot_msg_rcv: 527
tot_msg_sent: 988
tot_reconf_duration: 5.1
tot_sleeping_duration: 985882.9028400048
tot_uptimes: 257
tot_uptimes_duration: 15360.012159995269
