comms_cons: 753.6678539612601
finished_reconf: true
global_termination_time: 3825444.969
local_termination_time: 2488.0856
node_cons: 78660.48104782491
tot_aggregated_send: 0
tot_msg_rcv: 57754
tot_msg_sent: 56798
tot_reconf_duration: 5.57
tot_sleeping_duration: 3766704.92644001
tot_uptimes: 980
tot_uptimes_duration: 58740.04255999018
