comms_cons: 383.7061376534894
finished_reconf: true
global_termination_time: 3823414.939119997
local_termination_time: 518431.27420000016
node_cons: 78707.64786196021
tot_aggregated_send: 53360
tot_msg_rcv: 1659
tot_msg_sent: 3299
tot_reconf_duration: 25.299999999999997
tot_sleeping_duration: 3764659.681120025
tot_uptimes: 980
tot_uptimes_duration: 58755.25799997174
