comms_cons: 382.6122240277551
finished_reconf: true
global_termination_time: 3824802.837
local_termination_time: 756871.7393599999
node_cons: 78665.28022669996
tot_aggregated_send: 53882
tot_msg_rcv: 1369
tot_msg_sent: 2905
tot_reconf_duration: 9.11
tot_sleeping_duration: 3766062.8005200136
tot_uptimes: 980
tot_uptimes_duration: 58740.03647998649
