comms_cons: 384.02503684487897
finished_reconf: true
global_termination_time: 3828588.773
local_termination_time: 962007.1683599999
node_cons: 78753.77636781649
tot_aggregated_send: 53650
tot_msg_rcv: 1534
tot_msg_sent: 3185
tot_reconf_duration: 15.110000000000001
tot_sleeping_duration: 3769788.7304400164
tot_uptimes: 981
tot_uptimes_duration: 58800.04255998391
