comms_cons: 377.4975552192338
finished_reconf: true
global_termination_time: 3824778.084
local_termination_time: 1911251.21136
node_cons: 78669.02019999825
tot_aggregated_send: 55274
tot_msg_rcv: 606
tot_msg_sent: 1497
tot_reconf_duration: 11.899999999999999
tot_sleeping_duration: 3766038.084
tot_uptimes: 980
tot_uptimes_duration: 58740.0
