comms_cons: 384.5014976329294
finished_reconf: true
global_termination_time: 3826095.862
local_termination_time: 1713410.7993599996
node_cons: 78657.0344644661
tot_aggregated_send: 53534
tot_msg_rcv: 1654
tot_msg_sent: 3252
tot_reconf_duration: 3.05
tot_sleeping_duration: 3767355.837680009
tot_uptimes: 980
tot_uptimes_duration: 58740.02431999124
