comms_cons: 15.678233599954781
finished_reconf: true
global_termination_time: 11372.720240000002
local_termination_time: 2708.950040000001
node_cons: 2016.3315067200201
tot_aggregated_send: 0
tot_msg_rcv: 1110
tot_msg_sent: 1272
tot_reconf_duration: 4.390000000000001
tot_sleeping_duration: 9871.323759999987
tot_uptimes: 23
tot_uptimes_duration: 1501.3964800000153
