comms_cons: 0.7631871999974807
finished_reconf: true
global_termination_time: 6088.003
local_termination_time: 3299.8693600000006
node_cons: 84.48190000000025
tot_aggregated_send: 0
tot_msg_rcv: 60
tot_msg_sent: 56
tot_reconf_duration: 3.05
tot_sleeping_duration: 6028.003
tot_uptimes: 2
tot_uptimes_duration: 60.0
