comms_cons: 226.54159358750516
finished_reconf: true
global_termination_time: 2317068.695
local_termination_time: 1376125.33012
node_cons: 47662.484284466846
tot_aggregated_send: 32248
tot_msg_rcv: 740
tot_msg_sent: 1445
tot_reconf_duration: 15.34
tot_sleeping_duration: 2281488.6706800093
tot_uptimes: 594
tot_uptimes_duration: 35580.02431999054
