comms_cons: 232.12117118737373
finished_reconf: true
global_termination_time: 2317194.07
local_termination_time: 356578.8231600008
node_cons: 47648.59464670383
tot_aggregated_send: 32364
tot_msg_rcv: 945
tot_msg_sent: 1971
tot_reconf_duration: 5.1
tot_sleeping_duration: 2281614.033520011
tot_uptimes: 594
tot_uptimes_duration: 35580.03647998839
