comms_cons: 232.39589758576992
finished_reconf: true
global_termination_time: 2318805.743
local_termination_time: 28852.340760000003
node_cons: 47697.128672469895
tot_aggregated_send: 32596
tot_msg_rcv: 927
tot_msg_sent: 1800
tot_reconf_duration: 25.299999999999997
tot_sleeping_duration: 2283209.946680007
tot_uptimes: 594
tot_uptimes_duration: 35595.79631999289
