comms_cons: 230.55517438834812
finished_reconf: true
global_termination_time: 2316672.7491199966
local_termination_time: 361558.79132000066
node_cons: 47694.76924373997
tot_aggregated_send: 32944
tot_msg_rcv: 717
tot_msg_sent: 1382
tot_reconf_duration: 22.65
tot_sleeping_duration: 2281076.027280011
tot_uptimes: 594
tot_uptimes_duration: 35596.72183998546
