comms_cons: 232.6411391818805
finished_reconf: true
global_termination_time: 2321103.888
local_termination_time: 832377.5123599999
node_cons: 47728.50826223314
tot_aggregated_send: 32248
tot_msg_rcv: 1025
tot_msg_sent: 2088
tot_reconf_duration: 4.8100000000000005
tot_sleeping_duration: 2285463.8758400045
tot_uptimes: 595
tot_uptimes_duration: 35640.01215999527
