comms_cons: 224.41651199244473
finished_reconf: true
global_termination_time: 2317149.767
local_termination_time: 1562785.0104799997
node_cons: 47650.06675999937
tot_aggregated_send: 32132
tot_msg_rcv: 644
tot_msg_sent: 1334
tot_reconf_duration: 6.22
tot_sleeping_duration: 2281569.767
tot_uptimes: 594
tot_uptimes_duration: 35580.0
