comms_cons: 8.408217600068319
finished_reconf: true
global_termination_time: 80104.20047999996
local_termination_time: 80104.15935999996
node_cons: 1675.9775020808086
tot_aggregated_send: 754
tot_msg_rcv: 126
tot_msg_sent: 397
tot_reconf_duration: 37.410000000000004
tot_sleeping_duration: 78890.47775999935
tot_uptimes: 21
tot_uptimes_duration: 1213.7227200006091
