comms_cons: 12.104409600156224
finished_reconf: true
global_termination_time: 84235.196
local_termination_time: 56383.83248000001
node_cons: 1694.7122011202905
tot_aggregated_send: 522
tot_msg_rcv: 621
tot_msg_sent: 695
tot_reconf_duration: 5.57
tot_sleeping_duration: 82975.18991999977
tot_uptimes: 22
tot_uptimes_duration: 1260.0060800002175
