comms_cons: 11.620121599997095
finished_reconf: true
global_termination_time: 82977.844
local_termination_time: 30676.203680000002
node_cons: 1698.1506433603083
tot_aggregated_send: 348
tot_msg_rcv: 599
tot_msg_sent: 821
tot_reconf_duration: 8.09
tot_sleeping_duration: 81717.82575999977
tot_uptimes: 22
tot_uptimes_duration: 1260.0182400002304
