comms_cons: 14.207628799954621
finished_reconf: true
global_termination_time: 80268.213
local_termination_time: 29632.83236
node_cons: 1637.5994055991785
tot_aggregated_send: 232
tot_msg_rcv: 1012
tot_msg_sent: 918
tot_reconf_duration: 22.65
tot_sleeping_duration: 79068.18260000061
tot_uptimes: 21
tot_uptimes_duration: 1200.0303999993848
