comms_cons: 142.90984959453226
finished_reconf: true
global_termination_time: 1429330.188
local_termination_time: 111104.82375999948
node_cons: 29459.89168463932
tot_aggregated_send: 20358
tot_msg_rcv: 502
tot_msg_sent: 862
tot_reconf_duration: 25.299999999999997
tot_sleeping_duration: 1407354.4342400006
tot_uptimes: 367
tot_uptimes_duration: 21975.75375999947
