comms_cons: 142.9903103940614
finished_reconf: true
global_termination_time: 1431519.808
local_termination_time: 771089.0879599997
node_cons: 29421.591540000052
tot_aggregated_send: 20416
tot_msg_rcv: 517
tot_msg_sent: 801
tot_reconf_duration: 12.629999999999999
tot_sleeping_duration: 1409559.808
tot_uptimes: 367
tot_uptimes_duration: 21960.0
