comms_cons: 146.02151678322838
finished_reconf: true
global_termination_time: 1428856.54
local_termination_time: 46959.12960000002
node_cons: 29330.159313411237
tot_aggregated_send: 18966
tot_msg_rcv: 1009
tot_msg_sent: 2219
tot_reconf_duration: 4.390000000000001
tot_sleeping_duration: 1406956.4670400217
tot_uptimes: 366
tot_uptimes_duration: 21900.072959978483
