comms_cons: 146.5472639880673
finished_reconf: true
global_termination_time: 1432297.718
local_termination_time: 6704.49148
node_cons: 29408.663311168366
tot_aggregated_send: 19256
tot_msg_rcv: 1035
tot_msg_sent: 1984
tot_reconf_duration: 3.05
tot_sleeping_duration: 1410337.6572000238
tot_uptimes: 367
tot_uptimes_duration: 21960.060799976345
