comms_cons: 146.4018943872891
finished_reconf: true
global_termination_time: 1428613.267
local_termination_time: 71769.56759999995
node_cons: 29334.817253418158
tot_aggregated_send: 19314
tot_msg_rcv: 1074
tot_msg_sent: 1865
tot_reconf_duration: 7.819999999999999
tot_sleeping_duration: 1406713.1940400163
tot_uptimes: 366
tot_uptimes_duration: 21900.07295998365
