comms_cons: 286.015776025415
finished_reconf: true
global_termination_time: 2810123.69
local_termination_time: 1858283.33636
node_cons: 57860.99276446743
tot_aggregated_send: 38570
tot_msg_rcv: 1717
tot_msg_sent: 3185
tot_reconf_duration: 11.899999999999999
tot_sleeping_duration: 2766923.665680009
tot_uptimes: 720
tot_uptimes_duration: 43200.02431999124
