comms_cons: 282.5425471973485
finished_reconf: true
global_termination_time: 2811303.525
local_termination_time: 1993467.6940000001
node_cons: 57854.936577980996
tot_aggregated_send: 38799
tot_msg_rcv: 1181
tot_msg_sent: 2964
tot_reconf_duration: 6.22
tot_sleeping_duration: 2768102.2630000133
tot_uptimes: 720
tot_uptimes_duration: 43201.2619999866
