comms_cons: 604.2888193148254
finished_reconf: true
global_termination_time: 6036530.588
local_termination_time: 2246848.9705999987
node_cons: 124146.14800223017
tot_aggregated_send: 84216
tot_msg_rcv: 2704
tot_msg_sent: 4927
tot_reconf_duration: 15.34
tot_sleeping_duration: 5943830.575840005
tot_uptimes: 1546
tot_uptimes_duration: 92700.01215999573
