comms_cons: 601.6084160917859
finished_reconf: true
global_termination_time: 6035286.294
local_termination_time: 4725449.455559998
node_cons: 124132.250223347
tot_aggregated_send: 83984
tot_msg_rcv: 2411
tot_msg_sent: 5044
tot_reconf_duration: 5.1
tot_sleeping_duration: 5942586.275760006
tot_uptimes: 1546
tot_uptimes_duration: 92700.0182399936
