comms_cons: 608.2087105689043
finished_reconf: true
global_termination_time: 6035290.463
local_termination_time: 1151175.874639998
node_cons: 124131.31860781473
tot_aggregated_send: 82882
tot_msg_rcv: 3230
tot_msg_sent: 6330
tot_reconf_duration: 4.390000000000001
tot_sleeping_duration: 5942590.420440016
tot_uptimes: 1546
tot_uptimes_duration: 92700.04255998414
