comms_cons: 603.3031489456163
finished_reconf: true
global_termination_time: 6040536.102
local_termination_time: 1181389.1491199979
node_cons: 124209.81446446411
tot_aggregated_send: 83752
tot_msg_rcv: 2539
tot_msg_sent: 5408
tot_reconf_duration: 3.05
tot_sleeping_duration: 5947776.077680009
tot_uptimes: 1547
tot_uptimes_duration: 92760.02431999124
