comms_cons: 60.08470400024795
finished_reconf: true
global_termination_time: 588073.754
local_termination_time: 201236.44548000005
node_cons: 12081.791264483452
tot_aggregated_send: 7888
tot_msg_rcv: 447
tot_msg_sent: 798
tot_reconf_duration: 22.65
tot_sleeping_duration: 579073.7296799973
tot_uptimes: 151
tot_uptimes_duration: 9000.024320002572
