comms_cons: 59.554918399882474
finished_reconf: true
global_termination_time: 586104.25
local_termination_time: 78414.67083999966
node_cons: 12059.56894560261
tot_aggregated_send: 8062
tot_msg_rcv: 352
tot_msg_sent: 638
tot_reconf_duration: 6.279999999999999
tot_sleeping_duration: 577104.2195999981
tot_uptimes: 151
tot_uptimes_duration: 9000.030400001939
