comms_cons: 59.92993279998562
finished_reconf: true
global_termination_time: 587692.418
local_termination_time: 242837.37236000007
node_cons: 12068.917424485757
tot_aggregated_send: 8004
tot_msg_rcv: 414
tot_msg_sent: 691
tot_reconf_duration: 13.17
tot_sleeping_duration: 578692.3936799957
tot_uptimes: 151
tot_uptimes_duration: 9000.024320004275
