comms_cons: 60.27765759979184
finished_reconf: true
global_termination_time: 586270.69
local_termination_time: 301503.00508000015
node_cons: 12068.175963359716
tot_aggregated_send: 7946
tot_msg_rcv: 469
tot_msg_sent: 746
tot_reconf_duration: 12.629999999999999
tot_sleeping_duration: 577270.6717600002
tot_uptimes: 151
tot_uptimes_duration: 9000.018239999772
