comms_cons: 60.83128320079405
finished_reconf: true
global_termination_time: 589250.607
local_termination_time: 58012.42548000001
node_cons: 12059.471183357433
tot_aggregated_send: 7598
tot_msg_rcv: 546
tot_msg_sent: 1102
tot_reconf_duration: 6.22
tot_sleeping_duration: 580250.5887600019
tot_uptimes: 151
tot_uptimes_duration: 9000.01823999807
