comms_cons: 164.12472319421252
finished_reconf: true
global_termination_time: 1660420.927
local_termination_time: 914726.9785199991
node_cons: 34155.48621999995
tot_aggregated_send: 24070
tot_msg_rcv: 303
tot_msg_sent: 573
tot_reconf_duration: 8.09
tot_sleeping_duration: 1634920.927
tot_uptimes: 426
tot_uptimes_duration: 25500.0
