comms_cons: 168.86832638658979
finished_reconf: true
global_termination_time: 1660708.461
local_termination_time: 121148.06235999997
node_cons: 34151.129673415766
tot_aggregated_send: 22794
tot_msg_rcv: 1005
tot_msg_sent: 1868
tot_reconf_duration: 4.8100000000000005
tot_sleeping_duration: 1635208.388040018
tot_uptimes: 426
tot_uptimes_duration: 25500.072959981917
