comms_cons: 168.65841918997737
finished_reconf: true
global_termination_time: 1662136.787
local_termination_time: 463327.37196000014
node_cons: 34151.90650446732
tot_aggregated_send: 22852
tot_msg_rcv: 981
tot_msg_sent: 1803
tot_reconf_duration: 5.43
tot_sleeping_duration: 1636636.7626800095
tot_uptimes: 426
tot_uptimes_duration: 25500.024319990538
