comms_cons: 93.68843519801685
finished_reconf: true
global_termination_time: 948297.237
local_termination_time: 443619.2634800001
node_cons: 19457.64712112146
tot_aggregated_send: 13630
tot_msg_rcv: 212
tot_msg_sent: 398
tot_reconf_duration: 11.31
tot_sleeping_duration: 933777.230919999
tot_uptimes: 243
tot_uptimes_duration: 14520.006080001069
