comms_cons: 135.79468799513876
finished_reconf: true
global_termination_time: 1360358.823
local_termination_time: 223536.74928000037
node_cons: 27964.281620000063
tot_aggregated_send: 19256
tot_msg_rcv: 460
tot_msg_sent: 924
tot_reconf_duration: 4.390000000000001
tot_sleeping_duration: 1339478.823
tot_uptimes: 349
tot_uptimes_duration: 20880.0
