comms_cons: 2.256665599992543
finished_reconf: true
global_termination_time: 13849.749
local_termination_time: 7974.69336
node_cons: 253.81236000000007
tot_aggregated_send: 0
tot_msg_rcv: 177
tot_msg_sent: 166
tot_reconf_duration: 9.42
tot_sleeping_duration: 13669.749
tot_uptimes: 4
tot_uptimes_duration: 180.0
