comms_cons: 39.93574400058818
finished_reconf: true
global_termination_time: 391639.824
local_termination_time: 43480.69036000001
node_cons: 8041.56406000001
tot_aggregated_send: 5278
tot_msg_rcv: 275
tot_msg_sent: 517
tot_reconf_duration: 5.57
tot_sleeping_duration: 385639.824
tot_uptimes: 101
tot_uptimes_duration: 6000.0
