comms_cons: 38.62648320026807
finished_reconf: true
global_termination_time: 393807.707
local_termination_time: 241076.59336000006
node_cons: 8039.96162000003
tot_aggregated_send: 5684
tot_msg_rcv: 74
tot_msg_sent: 112
tot_reconf_duration: 4.390000000000001
tot_sleeping_duration: 387807.707
tot_uptimes: 101
tot_uptimes_duration: 6000.0
