comms_cons: 224.55467518765056
finished_reconf: true
global_termination_time: 2259296.133
local_termination_time: 1324284.4591999995
node_cons: 46443.44579999927
tot_aggregated_send: 32248
tot_msg_rcv: 667
tot_msg_sent: 1216
tot_reconf_duration: 5.1
tot_sleeping_duration: 2224616.133
tot_uptimes: 579
tot_uptimes_duration: 34680.0
