comms_cons: 253.24782077960788
finished_reconf: true
global_termination_time: 2552128.541
local_termination_time: 621773.187
node_cons: 52509.76193325128
tot_aggregated_send: 34624
tot_msg_rcv: 1264
tot_msg_sent: 2605
tot_reconf_duration: 22.65
tot_sleeping_duration: 2512935.857480021
tot_uptimes: 654
tot_uptimes_duration: 39192.683519979124
