comms_cons: 248.27927039794207
finished_reconf: true
global_termination_time: 2551206.858
local_termination_time: 1769501.4003599999
node_cons: 52496.37739999926
tot_aggregated_send: 37178
tot_msg_rcv: 175
tot_msg_sent: 384
tot_reconf_duration: 25.299999999999997
tot_sleeping_duration: 2512026.858
tot_uptimes: 654
tot_uptimes_duration: 39180.0
