comms_cons: 251.81292799126746
finished_reconf: true
global_termination_time: 2548374.8260399993
local_termination_time: 2548374.784919999
node_cons: 52451.728505674815
tot_aggregated_send: 36932
tot_msg_rcv: 450
tot_msg_sent: 892
tot_reconf_duration: 24.59
tot_sleeping_duration: 2509227.4509200025
tot_uptimes: 653
tot_uptimes_duration: 39147.375119996956
