comms_cons: 253.9380095840084
finished_reconf: true
global_termination_time: 2548375.2402399974
local_termination_time: 502951.30848000007
node_cons: 52416.13954717333
tot_aggregated_send: 36076
tot_msg_rcv: 839
tot_msg_sent: 1681
tot_reconf_duration: 11.31
tot_sleeping_duration: 2509240.975440017
tot_uptimes: 653
tot_uptimes_duration: 39134.26479998068
