comms_cons: 102.39208959487131
finished_reconf: true
global_termination_time: 1024325.502
local_termination_time: 717765.6393599989
node_cons: 21069.62380335051
tot_aggregated_send: 13746
tot_msg_rcv: 517
tot_msg_sent: 1300
tot_reconf_duration: 15.110000000000001
tot_sleeping_duration: 1008605.4837600071
tot_uptimes: 263
tot_uptimes_duration: 15720.018239992904
