comms_cons: 102.71244799789336
finished_reconf: true
global_termination_time: 1024018.004
local_termination_time: 576732.6813599999
node_cons: 21066.255963350533
tot_aggregated_send: 14326
tot_msg_rcv: 424
tot_msg_sent: 862
tot_reconf_duration: 12.629999999999999
tot_sleeping_duration: 1008297.985760007
tot_uptimes: 263
tot_uptimes_duration: 15720.018239992904
