comms_cons: 168.6205503390465
finished_reconf: true
global_termination_time: 852287.619
local_termination_time: 283597.34348000056
node_cons: 17544.90312335515
tot_aggregated_send: 0
tot_msg_rcv: 12997
tot_msg_sent: 12634
tot_reconf_duration: 22.65
tot_sleeping_duration: 839207.6007600036
tot_uptimes: 219
tot_uptimes_duration: 13080.018239996338
