comms_cons: 86.04765439571854
finished_reconf: true
global_termination_time: 849787.532
local_termination_time: 269861.9729200007
node_cons: 17451.713706714785
tot_aggregated_send: 11078
tot_msg_rcv: 608
tot_msg_sent: 1391
tot_reconf_duration: 13.17
tot_sleeping_duration: 836767.495520004
tot_uptimes: 218
tot_uptimes_duration: 13020.036479996106
