comms_cons: 86.72008959508344
finished_reconf: true
global_termination_time: 850732.342
local_termination_time: 113513.03347999997
node_cons: 17437.99520448115
tot_aggregated_send: 11194
tot_msg_rcv: 656
tot_msg_sent: 1330
tot_reconf_duration: 3.08
tot_sleeping_duration: 837712.317679999
tot_uptimes: 218
tot_uptimes_duration: 13020.02432000084
