comms_cons: 265.5092223809183
finished_reconf: true
global_termination_time: 2671558.44
local_termination_time: 374046.722600001
node_cons: 54998.80723133974
tot_aggregated_send: 37120
tot_msg_rcv: 1134
tot_msg_sent: 2102
tot_reconf_duration: 18.21
tot_sleeping_duration: 2630502.369760014
tot_uptimes: 685
tot_uptimes_duration: 41056.070239985536
