comms_cons: 273.0353663938372
finished_reconf: true
global_termination_time: 2671473.213
local_termination_time: 795123.9478399988
node_cons: 54961.16151005063
tot_aggregated_send: 36018
tot_msg_rcv: 1990
tot_msg_sent: 3491
tot_reconf_duration: 6.279999999999999
tot_sleeping_duration: 2630433.158280021
tot_uptimes: 685
tot_uptimes_duration: 41040.05471997871
