comms_cons: 270.873497593134
finished_reconf: true
global_termination_time: 2673935.414
local_termination_time: 112206.52435999997
node_cons: 54958.651877886805
tot_aggregated_send: 36134
tot_msg_rcv: 1769
tot_msg_sent: 3270
tot_reconf_duration: 4.390000000000001
tot_sleeping_duration: 2632895.316720024
tot_uptimes: 685
tot_uptimes_duration: 41040.09727997589
