comms_cons: 260.1645375800985
finished_reconf: true
global_termination_time: 2671479.869
local_termination_time: 883851.5105999989
node_cons: 54963.2609711675
tot_aggregated_send: 35496
tot_msg_rcv: 1224
tot_msg_sent: 2823
tot_reconf_duration: 7.819999999999999
tot_sleeping_duration: 2630439.8082000236
tot_uptimes: 685
tot_uptimes_duration: 41040.060799976345
