comms_cons: 264.0893695786626
finished_reconf: true
global_termination_time: 2673375.12
local_termination_time: 972670.7223199987
node_cons: 54961.1044534012
tot_aggregated_send: 36018
tot_msg_rcv: 1467
tot_msg_sent: 2656
tot_reconf_duration: 6.22
tot_sleeping_duration: 2632335.0470400285
tot_uptimes: 685
tot_uptimes_duration: 41040.072959971614
