comms_cons: 60.008883199276944
finished_reconf: true
global_termination_time: 600026.176
local_termination_time: 428724.2733600005
node_cons: 12322.786841121479
tot_aggregated_send: 8352
tot_msg_rcv: 267
tot_msg_sent: 502
tot_reconf_duration: 22.65
tot_sleeping_duration: 590846.1699199989
tot_uptimes: 154
tot_uptimes_duration: 9180.006080001069
