comms_cons: 60.33847040026751
finished_reconf: true
global_termination_time: 599666.105
local_termination_time: 176048.37736000007
node_cons: 12298.014184481159
tot_aggregated_send: 7656
tot_msg_rcv: 521
tot_msg_sent: 995
tot_reconf_duration: 4.390000000000001
tot_sleeping_duration: 590486.0806799992
tot_uptimes: 154
tot_uptimes_duration: 9180.02432000084
