comms_cons: 72.02842879845875
finished_reconf: true
global_termination_time: 718140.739
local_termination_time: 118740.4446799996
node_cons: 14712.872124485753
tot_aggregated_send: 9570
tot_msg_rcv: 513
tot_msg_sent: 865
tot_reconf_duration: 7.819999999999999
tot_sleeping_duration: 707160.7146799957
tot_uptimes: 184
tot_uptimes_duration: 10980.024320004275
