comms_cons: 73.81214079735145
finished_reconf: true
global_termination_time: 715314.2182400004
local_termination_time: 118738.30895999992
node_cons: 14789.296910570321
tot_aggregated_send: 9106
tot_msg_rcv: 704
tot_msg_sent: 1409
tot_reconf_duration: 6.22
tot_sleeping_duration: 704275.4951999928
tot_uptimes: 184
tot_uptimes_duration: 11038.723040007695
