comms_cons: 115.61221118549555
finished_reconf: true
global_termination_time: 1104168.448
local_termination_time: 4612.4980000000005
node_cons: 22664.022423484275
tot_aggregated_send: 14494
tot_msg_rcv: 1195
tot_msg_sent: 1885
tot_reconf_duration: 5.87
tot_sleeping_duration: 1087248.3203200267
tot_uptimes: 283
tot_uptimes_duration: 16920.127679973302
