comms_cons: 110.7491711919518
finished_reconf: true
global_termination_time: 1101600.892
local_termination_time: 6540.403
node_cons: 22688.43663006532
tot_aggregated_send: 15057
tot_msg_rcv: 491
tot_msg_sent: 1285
tot_reconf_duration: 23.919999999999998
tot_sleeping_duration: 1084680.837280011
tot_uptimes: 283
tot_uptimes_duration: 16920.054719989013
