comms_cons: 134.64395518612145
finished_reconf: true
global_termination_time: 1318550.131
local_termination_time: 566306.28736
node_cons: 27083.2086649797
tot_aggregated_send: 16878
tot_msg_rcv: 1313
tot_msg_sent: 2275
tot_reconf_duration: 6.279999999999999
tot_sleeping_duration: 1298330.0560000152
tot_uptimes: 338
tot_uptimes_duration: 20220.074999984783
