comms_cons: 134.26138878761523
finished_reconf: true
global_termination_time: 1317383.874
local_termination_time: 601009.7874799998
node_cons: 27091.78038670104
tot_aggregated_send: 17052
tot_msg_rcv: 977
tot_msg_sent: 2378
tot_reconf_duration: 12.629999999999999
tot_sleeping_duration: 1297163.8375200143
tot_uptimes: 338
tot_uptimes_duration: 20220.036479985807
