comms_cons: 126.44564479564116
finished_reconf: true
global_termination_time: 1279441.8071200002
local_termination_time: 9585.710800000004
node_cons: 26319.73997639975
tot_aggregated_send: 17226
tot_msg_rcv: 707
tot_msg_sent: 1286
tot_reconf_duration: 4.8100000000000005
tot_sleeping_duration: 1259790.4195200005
tot_uptimes: 328
tot_uptimes_duration: 19651.387599999784
