comms_cons: 56.35804160001692
finished_reconf: true
global_termination_time: 564995.827
local_termination_time: 438045.93348000007
node_cons: 11590.29878372009
tot_aggregated_send: 7888
tot_msg_rcv: 225
tot_msg_sent: 453
tot_reconf_duration: 13.17
tot_sleeping_duration: 556353.24752
tot_uptimes: 145
tot_uptimes_duration: 8642.579480000073
