comms_cons: 56.19464959873071
finished_reconf: true
global_termination_time: 562947.639
local_termination_time: 526424.1907199988
node_cons: 11575.500121120096
tot_aggregated_send: 7946
tot_msg_rcv: 192
tot_msg_sent: 403
tot_reconf_duration: 4.8100000000000005
tot_sleeping_duration: 554307.6329199999
tot_uptimes: 145
tot_uptimes_duration: 8640.006080000005
