comms_cons: 56.04144640084177
finished_reconf: true
global_termination_time: 561532.502
local_termination_time: 362503.01336000004
node_cons: 11497.066759999978
tot_aggregated_send: 7830
tot_msg_rcv: 228
tot_msg_sent: 459
tot_reconf_duration: 6.22
tot_sleeping_duration: 552952.502
tot_uptimes: 144
tot_uptimes_duration: 8580.0
