comms_cons: 299.1299071827363
finished_reconf: true
global_termination_time: 1019854.058
local_termination_time: 248700.71060000098
node_cons: 61705.69042788581
tot_aggregated_send: 0
tot_msg_rcv: 18383
tot_msg_sent: 27083
tot_reconf_duration: 18.21
tot_sleeping_duration: 973789.1130799948
tot_uptimes: 757
tot_uptimes_duration: 46064.9449200052
