comms_cons: 122.59639679282375
finished_reconf: true
global_termination_time: 1022662.014
local_termination_time: 250018.67060000007
node_cons: 20999.498700000026
tot_aggregated_send: 0
tot_msg_rcv: 9479
tot_msg_sent: 9154
tot_reconf_duration: 22.65
tot_sleeping_duration: 1007002.014
tot_uptimes: 262
tot_uptimes_duration: 15660.0
