comms_cons: 100.43148799927239
finished_reconf: true
global_termination_time: 1018357.775
local_termination_time: 337936.7113600001
node_cons: 20903.758980000028
tot_aggregated_send: 14500
tot_msg_rcv: 309
tot_msg_sent: 456
tot_reconf_duration: 11.31
tot_sleeping_duration: 1002757.775
tot_uptimes: 261
tot_uptimes_duration: 15600.0
