comms_cons: 282.24172162697255
finished_reconf: true
global_termination_time: 2783907.19
local_termination_time: 639214.4345999997
node_cons: 57209.67662446625
tot_aggregated_send: 37932
tot_msg_rcv: 1599
tot_msg_sent: 3365
tot_reconf_duration: 5.57
tot_sleeping_duration: 2741187.1656800094
tot_uptimes: 713
tot_uptimes_duration: 42720.02431999054
