comms_cons: 1343.3858501996797
finished_reconf: true
global_termination_time: 2779587.5966
local_termination_time: 2779587.5554799996
node_cons: 168627.8001136178
tot_aggregated_send: 0
tot_msg_rcv: 82543
tot_msg_sent: 121644
tot_reconf_duration: 24.59
tot_sleeping_duration: 2653676.9118400123
tot_uptimes: 2063
tot_uptimes_duration: 125910.68475998775
