comms_cons: 81.24842239594939
finished_reconf: true
global_termination_time: 814395.333
local_termination_time: 181993.06
node_cons: 16730.745892721316
tot_aggregated_send: 11422
tot_msg_rcv: 292
tot_msg_sent: 636
tot_reconf_duration: 10.95
tot_sleeping_duration: 801911.4825199989
tot_uptimes: 209
tot_uptimes_duration: 12483.850480000983
