comms_cons: 0.698214400000124
finished_reconf: true
global_termination_time: 5748.446
local_termination_time: 539.0333599999999
node_cons: 98.22485999999995
tot_aggregated_send: 0
tot_msg_rcv: 60
tot_msg_sent: 46
tot_reconf_duration: 13.17
tot_sleeping_duration: 5688.446
tot_uptimes: 2
tot_uptimes_duration: 60.0
