comms_cons: 0.5065983999997303
finished_reconf: true
global_termination_time: 6538.484
local_termination_time: 514.9664799999991
node_cons: 111.09870000000011
tot_aggregated_send: 0
tot_msg_rcv: 37
tot_msg_sent: 38
tot_reconf_duration: 22.65
tot_sleeping_duration: 6478.484
tot_uptimes: 2
tot_uptimes_duration: 60.00000000000006
