comms_cons: 89.85871360221883
finished_reconf: true
global_termination_time: 184175.45948000017
local_termination_time: 2109.9740400000014
node_cons: 11359.045444437174
tot_aggregated_send: 0
tot_msg_rcv: 5495
tot_msg_sent: 8162
tot_reconf_duration: 18.21
tot_sleeping_duration: 175710.6975200023
tot_uptimes: 140
tot_uptimes_duration: 8464.761959997877
