comms_cons: 116.85450238789656
finished_reconf: true
global_termination_time: 1122379.494
local_termination_time: 451833.25536000007
node_cons: 23064.144544467363
tot_aggregated_send: 14616
tot_msg_rcv: 1112
tot_msg_sent: 2034
tot_reconf_duration: 4.8100000000000005
tot_sleeping_duration: 1105159.4696800094
tot_uptimes: 288
tot_uptimes_duration: 17220.024319990538
