comms_cons: 113.86830719024432
finished_reconf: true
global_termination_time: 1121413.294
local_termination_time: 642359.1683599999
node_cons: 23063.574184467383
tot_aggregated_send: 15138
tot_msg_rcv: 659
tot_msg_sent: 1510
tot_reconf_duration: 4.390000000000001
tot_sleeping_duration: 1104193.2696800095
tot_uptimes: 288
tot_uptimes_duration: 17220.024319990538
