comms_cons: 29.430860800110594
finished_reconf: true
global_termination_time: 294060.042
local_termination_time: 99629.30215999954
node_cons: 6040.867121119174
tot_aggregated_send: 4060
tot_msg_rcv: 131
tot_msg_sent: 282
tot_reconf_duration: 11.31
tot_sleeping_duration: 289560.03592000064
tot_uptimes: 76
tot_uptimes_duration: 4500.006079999366
