comms_cons: 348.9675583237097
finished_reconf: true
global_termination_time: 724862.061
local_termination_time: 311522.1556000001
node_cons: 43736.16410195513
tot_aggregated_send: 0
tot_msg_rcv: 21507
tot_msg_sent: 31534
tot_reconf_duration: 18.21
tot_sleeping_duration: 692217.2253600033
tot_uptimes: 537
tot_uptimes_duration: 32644.835639996632
