comms_cons: 2.2040319999969014
finished_reconf: true
global_termination_time: 13239.784240000006
local_termination_time: 7137.33536
node_cons: 318.7639993600092
tot_aggregated_send: 0
tot_msg_rcv: 182
tot_msg_sent: 153
tot_reconf_duration: 25.299999999999997
tot_sleeping_duration: 13027.382
tot_uptimes: 4
tot_uptimes_duration: 212.4022400000067
