comms_cons: 2.289561599996655
finished_reconf: true
global_termination_time: 13239.782240000002
local_termination_time: 5128.54236
node_cons: 269.69740936000363
tot_aggregated_send: 0
tot_msg_rcv: 179
tot_msg_sent: 169
tot_reconf_duration: 8.09
tot_sleeping_duration: 13046.57
tot_uptimes: 4
tot_uptimes_duration: 193.21224000000257
