comms_cons: 2.15860479999387
finished_reconf: true
global_termination_time: 13676.273
local_termination_time: 911.1031599999994
node_cons: 257.18019999999996
tot_aggregated_send: 0
tot_msg_rcv: 163
tot_msg_sent: 165
tot_reconf_duration: 11.899999999999999
tot_sleeping_duration: 13496.273
tot_uptimes: 4
tot_uptimes_duration: 180.0
