comms_cons: 2.2369279999944465
finished_reconf: true
global_termination_time: 13674.085
local_termination_time: 903.4347599999985
node_cons: 246.9897611200062
tot_aggregated_send: 0
tot_msg_rcv: 169
tot_msg_sent: 171
tot_reconf_duration: 4.390000000000001
tot_sleeping_duration: 13494.078919999994
tot_uptimes: 4
tot_uptimes_duration: 180.00608000000466
