comms_cons: 2.3092991999965533
finished_reconf: true
global_termination_time: 16227.859
local_termination_time: 4786.27036
node_cons: 329.80676000000153
tot_aggregated_send: 0
tot_msg_rcv: 180
tot_msg_sent: 171
tot_reconf_duration: 6.22
tot_sleeping_duration: 15987.858999999999
tot_uptimes: 5
tot_uptimes_duration: 240.0000000000009
