comms_cons: 95.85432319541665
finished_reconf: true
global_termination_time: 952443.116
local_termination_time: 328286.5533600001
node_cons: 19547.373603364347
tot_aggregated_send: 12818
tot_msg_rcv: 597
tot_msg_sent: 1155
tot_reconf_duration: 18.21
tot_sleeping_duration: 937863.0977599969
tot_uptimes: 244
tot_uptimes_duration: 14580.018240003206
