comms_cons: 92.98571519871169
finished_reconf: true
global_termination_time: 947197.294
local_termination_time: 539371.5433599999
node_cons: 19476.64554112152
tot_aggregated_send: 12296
tot_msg_rcv: 694
tot_msg_sent: 1144
tot_reconf_duration: 25.299999999999997
tot_sleeping_duration: 932677.287919999
tot_uptimes: 243
tot_uptimes_duration: 14520.006080001069
