comms_cons: 92.49227519546635
finished_reconf: true
global_termination_time: 947522.31
local_termination_time: 355433.26448000007
node_cons: 19473.046841116895
tot_aggregated_send: 12238
tot_msg_rcv: 615
tot_msg_sent: 1207
tot_reconf_duration: 22.65
tot_sleeping_duration: 933002.3039200024
tot_uptimes: 243
tot_uptimes_duration: 14520.006079997635
