comms_cons: 93.761433598954
finished_reconf: true
global_termination_time: 947639.196
local_termination_time: 404399.15836000006
node_cons: 19452.940265593395
tot_aggregated_send: 12064
tot_msg_rcv: 788
tot_msg_sent: 1399
tot_reconf_duration: 7.819999999999999
tot_sleeping_duration: 933119.165600005
tot_uptimes: 243
tot_uptimes_duration: 14520.030399995041
