comms_cons: 260.24683519352914
finished_reconf: true
global_termination_time: 2809003.985
local_termination_time: 6520.073
node_cons: 57852.77960111579
tot_aggregated_send: 38680
tot_msg_rcv: 296
tot_msg_sent: 580
tot_reconf_duration: 5.87
tot_sleeping_duration: 2765803.9789200025
tot_uptimes: 720
tot_uptimes_duration: 43200.006079997635
