comms_cons: 32.67888640010465
finished_reconf: true
global_termination_time: 328363.3444800005
local_termination_time: 328363.3033600005
node_cons: 6834.137370720718
tot_aggregated_send: 4626
tot_msg_rcv: 75
tot_msg_sent: 265
tot_reconf_duration: 24.59
tot_sleeping_duration: 323284.372
tot_uptimes: 85
tot_uptimes_duration: 5078.972480000521
