comms_cons: 346.8395200429358
finished_reconf: true
global_termination_time: 3450794.591
local_termination_time: 998123.717
node_cons: 70947.68349228473
tot_aggregated_send: 48078
tot_msg_rcv: 1496
tot_msg_sent: 3143
tot_reconf_duration: 5.43
tot_sleeping_duration: 3397814.524120025
tot_uptimes: 884
tot_uptimes_duration: 52980.06687997491
