comms_cons: 50.79800320119365
finished_reconf: true
global_termination_time: 501936.476
local_termination_time: 269900.04248000006
node_cons: 10298.40638224289
tot_aggregated_send: 6786
tot_msg_rcv: 303
tot_msg_sent: 632
tot_reconf_duration: 10.95
tot_sleeping_duration: 494256.4638399979
tot_uptimes: 129
tot_uptimes_duration: 7680.0121600021375
