comms_cons: 50.659840000516645
finished_reconf: true
global_termination_time: 501734.574
local_termination_time: 350480.80408000015
node_cons: 10289.481619999953
tot_aggregated_send: 7018
tot_msg_rcv: 280
tot_msg_sent: 402
tot_reconf_duration: 4.390000000000001
tot_sleeping_duration: 494054.574
tot_uptimes: 129
tot_uptimes_duration: 7680.0
