comms_cons: 142.83893761302178
finished_reconf: true
global_termination_time: 294415.6616000001
local_termination_time: 294415.6204800001
node_cons: 17968.518547087104
tot_aggregated_send: 0
tot_msg_rcv: 8762
tot_msg_sent: 12947
tot_reconf_duration: 24.59
tot_sleeping_duration: 281021.24387999484
tot_uptimes: 222
tot_uptimes_duration: 13394.41772000528
