comms_cons: 31.717350400739562
finished_reconf: true
global_termination_time: 297554.847
local_termination_time: 15936.28248
node_cons: 6114.384522242865
tot_aggregated_send: 3770
tot_msg_rcv: 413
tot_msg_sent: 637
tot_reconf_duration: 6.279999999999999
tot_sleeping_duration: 292994.8348399979
tot_uptimes: 77
tot_uptimes_duration: 4560.0121600021375
