comms_cons: 30.87618560059553
finished_reconf: true
global_termination_time: 295188.305
local_termination_time: 119726.75271999993
node_cons: 6033.946760000008
tot_aggregated_send: 3770
tot_msg_rcv: 346
tot_msg_sent: 577
tot_reconf_duration: 6.22
tot_sleeping_duration: 290688.305
tot_uptimes: 76
tot_uptimes_duration: 4500.0
