comms_cons: 314.3870719956685
finished_reconf: true
global_termination_time: 3184959.99
local_termination_time: 1675758.68836
node_cons: 65497.94800223272
tot_aggregated_send: 44544
tot_msg_rcv: 1196
tot_msg_sent: 2045
tot_reconf_duration: 15.34
tot_sleeping_duration: 3136059.977840005
tot_uptimes: 816
tot_uptimes_duration: 48900.0121599955
