comms_cons: 314.32848639823465
finished_reconf: true
global_termination_time: 3185125.565
local_termination_time: 2280774.424879998
node_cons: 65511.47368223236
tot_aggregated_send: 44138
tot_msg_rcv: 1232
tot_msg_sent: 2406
tot_reconf_duration: 25.299999999999997
tot_sleeping_duration: 3136225.552840004
tot_uptimes: 816
tot_uptimes_duration: 48900.0121599955
