comms_cons: 316.6701760150585
finished_reconf: true
global_termination_time: 3185558.682
local_termination_time: 461083.01936000003
node_cons: 65483.69710893408
tot_aggregated_send: 44602
tot_msg_rcv: 1201
tot_msg_sent: 2329
tot_reconf_duration: 4.8100000000000005
tot_sleeping_duration: 3136658.6333600185
tot_uptimes: 816
tot_uptimes_duration: 48900.04863998166
