comms_cons: 260.01719042670067
finished_reconf: true
global_termination_time: 2534004.003
local_termination_time: 1276207.76436
node_cons: 52067.95802632831
tot_aggregated_send: 33698
tot_msg_rcv: 1930
tot_msg_sent: 3894
tot_reconf_duration: 5.57
tot_sleeping_duration: 2495123.947760023
tot_uptimes: 649
tot_uptimes_duration: 38880.05523997685
