comms_cons: 251.88467199241174
finished_reconf: true
global_termination_time: 2531352.923
local_termination_time: 1012998.9589599997
node_cons: 52078.20485999927
tot_aggregated_send: 36424
tot_msg_rcv: 713
tot_msg_sent: 1148
tot_reconf_duration: 13.17
tot_sleeping_duration: 2492472.923
tot_uptimes: 649
tot_uptimes_duration: 38880.0
