comms_cons: 251.85835519558918
finished_reconf: true
global_termination_time: 2533207.199
local_termination_time: 270745.7986000001
node_cons: 52071.30621999925
tot_aggregated_send: 36134
tot_msg_rcv: 702
tot_msg_sent: 1445
tot_reconf_duration: 8.09
tot_sleeping_duration: 2494327.199
tot_uptimes: 649
tot_uptimes_duration: 38880.0
