comms_cons: 257.0983935885788
finished_reconf: true
global_termination_time: 2531164.483
local_termination_time: 657905.9887999984
node_cons: 52066.94967340129
tot_aggregated_send: 34162
tot_msg_rcv: 1668
tot_msg_sent: 3248
tot_reconf_duration: 4.8100000000000005
tot_sleeping_duration: 2492284.4100400284
tot_uptimes: 649
tot_uptimes_duration: 38880.072959971614
