comms_cons: 250.80784001270266
finished_reconf: true
global_termination_time: 2532395.011
local_termination_time: 1767837.577
node_cons: 52081.761483513474
tot_aggregated_send: 36420
tot_msg_rcv: 543
tot_msg_sent: 1158
tot_reconf_duration: 10.95
tot_sleeping_duration: 2493510.1033200044
tot_uptimes: 649
tot_uptimes_duration: 38884.90767999552
