comms_cons: 254.4223615846521
finished_reconf: true
global_termination_time: 2531663.424
local_termination_time: 545917.1973599999
node_cons: 52064.54331116792
tot_aggregated_send: 34568
tot_msg_rcv: 1440
tot_msg_sent: 2663
tot_reconf_duration: 3.05
tot_sleeping_duration: 2492783.3632000233
tot_uptimes: 649
tot_uptimes_duration: 38880.06079997658
