comms_cons: 233.25525118418727
finished_reconf: true
global_termination_time: 2337811.684
local_termination_time: 518413.27664000087
node_cons: 48074.14382893408
tot_aggregated_send: 32886
tot_msg_rcv: 846
tot_msg_sent: 1721
tot_reconf_duration: 22.65
tot_sleeping_duration: 2301931.635360019
tot_uptimes: 599
tot_uptimes_duration: 35880.048639981076
