comms_cons: 107.97845759445084
finished_reconf: true
global_termination_time: 1056294.922
local_termination_time: 48691.92960000001
node_cons: 21722.599405588786
tot_aggregated_send: 14210
tot_msg_rcv: 761
tot_msg_sent: 1442
tot_reconf_duration: 22.65
tot_sleeping_duration: 1040094.8916000085
tot_uptimes: 271
tot_uptimes_duration: 16200.030399991607
