comms_cons: 268.8054016129443
finished_reconf: true
global_termination_time: 2809957.946
local_termination_time: 5029.321
node_cons: 57850.19666446893
tot_aggregated_send: 39551
tot_msg_rcv: 372
tot_msg_sent: 933
tot_reconf_duration: 3.95
tot_sleeping_duration: 2766757.9216800076
tot_uptimes: 720
tot_uptimes_duration: 43200.0243199925
