comms_cons: 1764.5509176796684
finished_reconf: true
global_termination_time: 8975396.832679998
local_termination_time: 2055.93748
node_cons: 184679.3343633288
tot_aggregated_send: 0
tot_msg_rcv: 134904
tot_msg_sent: 133296
tot_reconf_duration: 18.21
tot_sleeping_duration: 8837491.974440016
tot_uptimes: 2299
tot_uptimes_duration: 137904.85823998158
