comms_cons: 879.9747969299135
finished_reconf: true
global_termination_time: 8979315.717
local_termination_time: 2418427.89936
node_cons: 184708.64278781362
tot_aggregated_send: 124932
tot_msg_rcv: 3027
tot_msg_sent: 5792
tot_reconf_duration: 5.1
tot_sleeping_duration: 8841375.674440015
tot_uptimes: 2300
tot_uptimes_duration: 137940.04255998507
