comms_cons: 875.6284097487838
finished_reconf: true
global_termination_time: 8978130.766
local_termination_time: 5407536.020879999
node_cons: 184714.46864222764
tot_aggregated_send: 124236
tot_msg_rcv: 3025
tot_msg_sent: 5828
tot_reconf_duration: 9.42
tot_sleeping_duration: 8840190.753840005
tot_uptimes: 2300
tot_uptimes_duration: 137940.01215999573
