comms_cons: 879.365132951603
finished_reconf: true
global_termination_time: 8976319.01
local_termination_time: 5595066.739359999
node_cons: 184646.7227411096
tot_aggregated_send: 124758
tot_msg_rcv: 3111
tot_msg_sent: 5789
tot_reconf_duration: 18.700000000000003
tot_sleeping_duration: 8838439.003920002
tot_uptimes: 2299
tot_uptimes_duration: 137880.00607999787
