comms_cons: 896.7264706202301
finished_reconf: true
global_termination_time: 8980065.378
local_termination_time: 1254985.04636
node_cons: 184712.35283004754
tot_aggregated_send: 125686
tot_msg_rcv: 3699
tot_msg_sent: 6909
tot_reconf_duration: 7.819999999999999
tot_sleeping_duration: 8842125.32328002
tot_uptimes: 2300
tot_uptimes_duration: 137940.05471998057
