comms_cons: 314.3640767900393
finished_reconf: true
global_termination_time: 3192262.362
local_termination_time: 2685508.22336
node_cons: 65643.74976111564
tot_aggregated_send: 44834
tot_msg_rcv: 958
tot_msg_sent: 1989
tot_reconf_duration: 4.390000000000001
tot_sleeping_duration: 3143242.3559200023
tot_uptimes: 818
tot_uptimes_duration: 49020.006079997635
