comms_cons: 105.88564479880662
finished_reconf: true
global_termination_time: 1063639.723
local_termination_time: 528237.5410799996
node_cons: 21859.4058
tot_aggregated_send: 15312
tot_msg_rcv: 322
tot_msg_sent: 460
tot_reconf_duration: 5.1
tot_sleeping_duration: 1047319.723
tot_uptimes: 273
tot_uptimes_duration: 16320.0
