comms_cons: 109.9252735913697
finished_reconf: true
global_termination_time: 1063371.261
local_termination_time: 494211.7965200004
node_cons: 21863.1402655842
tot_aggregated_send: 14036
tot_msg_rcv: 930
tot_msg_sent: 1742
tot_reconf_duration: 7.819999999999999
tot_sleeping_duration: 1047051.2306000118
tot_uptimes: 273
tot_uptimes_duration: 16320.030399988173
