comms_cons: 52.31779840009272
finished_reconf: true
global_termination_time: 534424.367
local_termination_time: 90680.03107999964
node_cons: 10950.969180000024
tot_aggregated_send: 7772
tot_msg_rcv: 81
tot_msg_sent: 99
tot_reconf_duration: 18.21
tot_sleeping_duration: 526264.367
tot_uptimes: 137
tot_uptimes_duration: 8160.0
