comms_cons: 517.1501568797088
finished_reconf: true
global_termination_time: 5175833.200239997
local_termination_time: 48569.883880000176
node_cons: 106476.53450829827
tot_aggregated_send: 72732
tot_msg_rcv: 1923
tot_msg_sent: 3948
tot_reconf_duration: 5.1
tot_sleeping_duration: 5096318.929360012
tot_uptimes: 1326
tot_uptimes_duration: 79514.27087998611
