comms_cons: 521.2250113057913
finished_reconf: true
global_termination_time: 5181288.114
local_termination_time: 1823315.03036
node_cons: 106537.4045444655
tot_aggregated_send: 72384
tot_msg_rcv: 2315
tot_msg_sent: 4524
tot_reconf_duration: 4.8100000000000005
tot_sleeping_duration: 5101728.089680009
tot_uptimes: 1327
tot_uptimes_duration: 79560.02431999147
