comms_cons: 513.6653632639103
finished_reconf: true
global_termination_time: 5178567.196
local_termination_time: 3352628.631
node_cons: 106578.37105510499
tot_aggregated_send: 71570
tot_msg_rcv: 2319
tot_msg_sent: 4186
tot_reconf_duration: 18.700000000000003
tot_sleeping_duration: 5098990.6639200095
tot_uptimes: 1327
tot_uptimes_duration: 79576.53207999095
