comms_cons: 523.1668417263252
finished_reconf: true
global_termination_time: 5179218.664
local_termination_time: 1795006.4413599998
node_cons: 106536.83418446498
tot_aggregated_send: 71862
tot_msg_rcv: 2608
tot_msg_sent: 5048
tot_reconf_duration: 4.390000000000001
tot_sleeping_duration: 5099658.639680008
tot_uptimes: 1327
tot_uptimes_duration: 79560.02431999124
