comms_cons: 521.2976705068052
finished_reconf: true
global_termination_time: 5177078.897
local_termination_time: 1341256.606519998
node_cons: 106458.99774909574
tot_aggregated_send: 72616
tot_msg_rcv: 2378
tot_msg_sent: 4239
tot_reconf_duration: 6.22
tot_sleeping_duration: 5097578.858920015
tot_uptimes: 1326
tot_uptimes_duration: 79500.03807998425
