comms_cons: 88.56226561196128
finished_reconf: true
global_termination_time: 448008.3213600006
local_termination_time: 3017.72936
node_cons: 9217.532233283657
tot_aggregated_send: 0
tot_msg_rcv: 6820
tot_msg_sent: 6639
tot_reconf_duration: 6.279999999999999
tot_sleeping_duration: 441130.79783999786
tot_uptimes: 115
tot_uptimes_duration: 6877.523520002724
