comms_cons: 89.54720001248664
finished_reconf: true
global_termination_time: 450476.793
local_termination_time: 2701.8856
node_cons: 9259.948002242874
tot_aggregated_send: 0
tot_msg_rcv: 6942
tot_msg_sent: 6667
tot_reconf_duration: 15.34
tot_sleeping_duration: 443576.78083999787
tot_uptimes: 116
tot_uptimes_duration: 6900.0121600021375
