comms_cons: 110.39239679136539
finished_reconf: true
global_termination_time: 1080946.654
local_termination_time: 518650.21036
node_cons: 22208.213682233683
tot_aggregated_send: 14500
tot_msg_rcv: 793
tot_msg_sent: 1486
tot_reconf_duration: 25.299999999999997
tot_sleeping_duration: 1064386.6418400048
tot_uptimes: 277
tot_uptimes_duration: 16560.01215999527
