comms_cons: 109.43618559487804
finished_reconf: true
global_termination_time: 1081718.129
local_termination_time: 489326.90936000005
node_cons: 22271.388527831663
tot_aggregated_send: 14674
tot_msg_rcv: 799
tot_msg_sent: 1161
tot_reconf_duration: 12.629999999999999
tot_sleeping_duration: 1065098.0864400063
tot_uptimes: 278
tot_uptimes_duration: 16620.042559993744
