comms_cons: 110.84040959009195
finished_reconf: true
global_termination_time: 1084715.413
local_termination_time: 239198.767
node_cons: 22262.900987202498
tot_aggregated_send: 14207
tot_msg_rcv: 894
tot_msg_sent: 1747
tot_reconf_duration: 6.22
tot_sleeping_duration: 1068095.2081999981
tot_uptimes: 278
tot_uptimes_duration: 16620.20480000184
