comms_cons: 462.0297408571152
finished_reconf: true
global_termination_time: 4599647.291
local_termination_time: 137645.06948000006
node_cons: 94590.99568782072
tot_aggregated_send: 63916
tot_msg_rcv: 2146
tot_msg_sent: 4163
tot_reconf_duration: 22.65
tot_sleeping_duration: 4529027.248440012
tot_uptimes: 1178
tot_uptimes_duration: 70620.04255998757
