comms_cons: 459.0494912856929
finished_reconf: true
global_termination_time: 4595796.803
local_termination_time: 1291958.2699599985
node_cons: 94485.85860781632
tot_aggregated_send: 64554
tot_msg_rcv: 1701
tot_msg_sent: 3517
tot_reconf_duration: 4.390000000000001
tot_sleeping_duration: 4525236.760440016
tot_uptimes: 1177
tot_uptimes_duration: 70560.04255998437
