comms_cons: 372.1647808400102
finished_reconf: true
global_termination_time: 3716172.589
local_termination_time: 519714.41364000045
node_cons: 76434.17197005094
tot_aggregated_send: 51678
tot_msg_rcv: 1646
tot_msg_sent: 3242
tot_reconf_duration: 22.65
tot_sleeping_duration: 3659112.5342800203
tot_uptimes: 952
tot_uptimes_duration: 57060.05471997964
