comms_cons: 373.9940608490541
finished_reconf: true
global_termination_time: 3718702.254
local_termination_time: 837383.5623599999
node_cons: 76489.69860781696
tot_aggregated_send: 51388
tot_msg_rcv: 1843
tot_msg_sent: 3613
tot_reconf_duration: 4.390000000000001
tot_sleeping_duration: 3661582.211440016
tot_uptimes: 953
tot_uptimes_duration: 57120.04255998414
