comms_cons: 373.57881604689976
finished_reconf: true
global_termination_time: 3716589.669
local_termination_time: 2196483.4153599995
node_cons: 76411.81118334894
tot_aggregated_send: 50866
tot_msg_rcv: 2026
tot_msg_sent: 3890
tot_reconf_duration: 6.22
tot_sleeping_duration: 3659529.6507600066
tot_uptimes: 952
tot_uptimes_duration: 57060.01823999337
