comms_cons: 568.0511487291132
finished_reconf: true
global_termination_time: 657615.147999999
local_termination_time: 657615.106879999
node_cons: 65610.28593334515
tot_aggregated_send: 0
tot_msg_rcv: 39025
tot_msg_sent: 47313
tot_reconf_duration: 37.410000000000004
tot_sleeping_duration: 608653.6221199794
tot_uptimes: 791
tot_uptimes_duration: 48961.52588001968
