comms_cons: 67.59586559874289
finished_reconf: true
global_termination_time: 658909.124
local_termination_time: 169819.21212000094
node_cons: 13524.103847040995
tot_aggregated_send: 8584
tot_msg_rcv: 528
tot_msg_sent: 1161
tot_reconf_duration: 13.17
tot_sleeping_duration: 648822.3286399993
tot_uptimes: 169
tot_uptimes_duration: 10086.795360000717
