comms_cons: 69.23417599713952
finished_reconf: true
global_termination_time: 658370.298
local_termination_time: 43084.64812000009
node_cons: 13503.692685602571
tot_aggregated_send: 8236
tot_msg_rcv: 775
tot_msg_sent: 1513
tot_reconf_duration: 4.8100000000000005
tot_sleeping_duration: 648290.267599998
tot_uptimes: 169
tot_uptimes_duration: 10080.03040000191
