comms_cons: 65.3782464002094
finished_reconf: true
global_termination_time: 659397.817
local_termination_time: 271528.77360000054
node_cons: 13512.006382242897
tot_aggregated_send: 9164
tot_msg_rcv: 268
tot_msg_sent: 505
tot_reconf_duration: 10.95
tot_sleeping_duration: 649317.8048399979
tot_uptimes: 169
tot_uptimes_duration: 10080.012160002138
