comms_cons: 67.02888959867937
finished_reconf: true
global_termination_time: 662493.501
local_termination_time: 76025.85235999996
node_cons: 13581.626323362016
tot_aggregated_send: 8932
tot_msg_rcv: 385
tot_msg_sent: 871
tot_reconf_duration: 3.05
tot_sleeping_duration: 652353.4827599985
tot_uptimes: 170
tot_uptimes_duration: 10140.018240001504
