comms_cons: 67.87165439747183
finished_reconf: true
global_termination_time: 658761.478
local_termination_time: 55384.54236000001
node_cons: 13518.000566721721
tot_aggregated_send: 8584
tot_msg_rcv: 579
tot_msg_sent: 1154
tot_reconf_duration: 15.34
tot_sleeping_duration: 648681.4415199987
tot_uptimes: 169
tot_uptimes_duration: 10080.036480001276
