comms_cons: 78.26018559962644
finished_reconf: true
global_termination_time: 787518.683
local_termination_time: 20809.96236
node_cons: 16161.132360000027
tot_aggregated_send: 11194
tot_msg_rcv: 244
tot_msg_sent: 456
tot_reconf_duration: 9.42
tot_sleeping_duration: 775458.683
tot_uptimes: 202
tot_uptimes_duration: 12060.0
