comms_cons: 78.45695999737725
finished_reconf: true
global_termination_time: 784057.8092799993
local_termination_time: 55872.553680000055
node_cons: 16112.874673919127
tot_aggregated_send: 11194
tot_msg_rcv: 309
tot_msg_sent: 421
tot_reconf_duration: 4.390000000000001
tot_sleeping_duration: 772028.748
tot_uptimes: 201
tot_uptimes_duration: 12029.061279999325
