comms_cons: 84.41193600009073
finished_reconf: true
global_termination_time: 838468.8194799998
local_termination_time: 838468.7783599999
node_cons: 17244.544224322377
tot_aggregated_send: 11528
tot_msg_rcv: 419
tot_msg_sent: 884
tot_reconf_duration: 24.59
tot_sleeping_duration: 825615.0845999981
tot_uptimes: 215
tot_uptimes_duration: 12853.73488000175
