comms_cons: 81.11495680082287
finished_reconf: true
global_termination_time: 840356.139
local_termination_time: 258728.07636000006
node_cons: 17281.546760000027
tot_aggregated_send: 11716
tot_msg_rcv: 207
tot_msg_sent: 406
tot_reconf_duration: 6.22
tot_sleeping_duration: 827456.139
tot_uptimes: 216
tot_uptimes_duration: 12900.0
