comms_cons: 145.68980479457747
finished_reconf: true
global_termination_time: 1471049.741
local_termination_time: 411577.4983600001
node_cons: 30228.671720000082
tot_aggregated_send: 21054
tot_msg_rcv: 350
tot_msg_sent: 740
tot_reconf_duration: 15.34
tot_sleeping_duration: 1448489.741
tot_uptimes: 377
tot_uptimes_duration: 22560.0
