comms_cons: 72.40472319640051
finished_reconf: true
global_termination_time: 725465.552
local_termination_time: 483241.39
node_cons: 14887.637321116881
tot_aggregated_send: 10076
tot_msg_rcv: 291
tot_msg_sent: 639
tot_reconf_duration: 18.21
tot_sleeping_duration: 714365.5459200024
tot_uptimes: 186
tot_uptimes_duration: 11100.006079997635
