comms_cons: 75.30552319843184
finished_reconf: true
global_termination_time: 725482.581
local_termination_time: 15940.423720000004
node_cons: 14897.289964485746
tot_aggregated_send: 9396
tot_msg_rcv: 732
tot_msg_sent: 1318
tot_reconf_duration: 25.299999999999997
tot_sleeping_duration: 714382.5566799957
tot_uptimes: 186
tot_uptimes_duration: 11100.024320004275
