comms_cons: 73.5028223985309
finished_reconf: true
global_termination_time: 728029.231
local_termination_time: 233561.64836000008
node_cons: 14961.13300112147
tot_aggregated_send: 9802
tot_msg_rcv: 454
tot_msg_sent: 916
tot_reconf_duration: 13.17
tot_sleeping_duration: 716869.224919999
tot_uptimes: 187
tot_uptimes_duration: 11160.006080001069
