comms_cons: 73.41729279986978
finished_reconf: true
global_termination_time: 726656.677
local_termination_time: 99117.06847999996
node_cons: 14947.447063364318
tot_aggregated_send: 9338
tot_msg_rcv: 577
tot_msg_sent: 1244
tot_reconf_duration: 3.08
tot_sleeping_duration: 715496.6587599968
tot_uptimes: 187
tot_uptimes_duration: 11160.018240003206
