comms_cons: 73.79951359914952
finished_reconf: true
global_termination_time: 728972.319
local_termination_time: 204929.04240000082
node_cons: 14959.416482242876
tot_aggregated_send: 9860
tot_msg_rcv: 438
tot_msg_sent: 919
tot_reconf_duration: 11.899999999999999
tot_sleeping_duration: 717812.3068399979
tot_uptimes: 187
tot_uptimes_duration: 11160.012160002138
