comms_cons: 112.09606399565348
finished_reconf: true
global_termination_time: 1125999.9845999999
local_termination_time: 1125999.94348
node_cons: 23189.743805159582
tot_aggregated_send: 15936
tot_msg_rcv: 335
tot_msg_sent: 767
tot_reconf_duration: 24.59
tot_sleeping_duration: 1108706.22016
tot_uptimes: 289
tot_uptimes_duration: 17293.76443999965
