comms_cons: 31.08672000012515
finished_reconf: true
global_termination_time: 316402.035
local_termination_time: 47050.1872400001
node_cons: 6532.269180000006
tot_aggregated_send: 4524
tot_msg_rcv: 44
tot_msg_sent: 157
tot_reconf_duration: 18.21
tot_sleeping_duration: 311542.035
tot_uptimes: 82
tot_uptimes_duration: 4860.0
