comms_cons: 63.11665920469309
finished_reconf: true
global_termination_time: 492659.455
local_termination_time: 39716.86872000011
node_cons: 10147.78899026952
tot_aggregated_send: 3132
tot_msg_rcv: 2743
tot_msg_sent: 3720
tot_reconf_duration: 18.21
tot_sleeping_duration: 485099.29083997797
tot_uptimes: 127
tot_uptimes_duration: 7560.164160022046
