comms_cons: 49.7255936008796
finished_reconf: true
global_termination_time: 491446.908
local_termination_time: 133771.56036000006
node_cons: 10076.873682242898
tot_aggregated_send: 6670
tot_msg_rcv: 328
tot_msg_sent: 560
tot_reconf_duration: 25.299999999999997
tot_sleeping_duration: 483946.89583999786
tot_uptimes: 126
tot_uptimes_duration: 7500.0121600021375
