comms_cons: 50.895968000517264
finished_reconf: true
global_termination_time: 491564.733
local_termination_time: 239012.14536000008
node_cons: 10054.887662242894
tot_aggregated_send: 6380
tot_msg_rcv: 543
tot_msg_sent: 812
tot_reconf_duration: 9.11
tot_sleeping_duration: 484064.72083999787
tot_uptimes: 126
tot_uptimes_duration: 7500.0121600021375
