comms_cons: 48.715923200341265
finished_reconf: true
global_termination_time: 488514.131
local_termination_time: 267971.0243200002
node_cons: 10063.019379999994
tot_aggregated_send: 6554
tot_msg_rcv: 340
tot_msg_sent: 510
tot_reconf_duration: 15.110000000000001
tot_sleeping_duration: 481014.131
tot_uptimes: 126
tot_uptimes_duration: 7500.0
