comms_cons: 49.51505920074145
finished_reconf: true
global_termination_time: 490629.85
local_termination_time: 287652.6734800005
node_cons: 10050.971183364267
tot_aggregated_send: 6554
tot_msg_rcv: 334
tot_msg_sent: 638
tot_reconf_duration: 6.22
tot_sleeping_duration: 483129.83175999677
tot_uptimes: 126
tot_uptimes_duration: 7500.018240003206
