comms_cons: 134.7426431985696
finished_reconf: true
global_termination_time: 1351722.973
local_termination_time: 503268.20440000086
node_cons: 27808.62622000008
tot_aggregated_send: 19430
tot_msg_rcv: 418
tot_msg_sent: 633
tot_reconf_duration: 8.09
tot_sleeping_duration: 1330962.973
tot_uptimes: 347
tot_uptimes_duration: 20760.0
