comms_cons: 133.16300799794647
finished_reconf: true
global_termination_time: 1349411.57
local_termination_time: 443144.57136000006
node_cons: 27729.671380000025
tot_aggregated_send: 19546
tot_msg_rcv: 238
tot_msg_sent: 456
tot_reconf_duration: 9.11
tot_sleeping_duration: 1328711.57
tot_uptimes: 346
tot_uptimes_duration: 20700.0
