comms_cons: 134.47884799677786
finished_reconf: true
global_termination_time: 1353437.496
local_termination_time: 566946.1441599992
node_cons: 27823.03459999998
tot_aggregated_send: 19488
tot_msg_rcv: 388
tot_msg_sent: 564
tot_reconf_duration: 18.700000000000003
tot_sleeping_duration: 1332677.496
tot_uptimes: 347
tot_uptimes_duration: 20760.0
