comms_cons: 197.29843190618558
finished_reconf: true
global_termination_time: 982421.59
local_termination_time: 3305.0453600000005
node_cons: 20176.39949008367
tot_aggregated_send: 0
tot_msg_rcv: 15423
tot_msg_sent: 14564
tot_reconf_duration: 8.09
tot_sleeping_duration: 967361.5352799973
tot_uptimes: 252
tot_uptimes_duration: 15060.054720002721
