comms_cons: 101.44355839371977
finished_reconf: true
global_termination_time: 982243.629
local_termination_time: 53400.45488000009
node_cons: 20177.743944481157
tot_aggregated_send: 12992
tot_msg_rcv: 859
tot_msg_sent: 1567
tot_reconf_duration: 9.11
tot_sleeping_duration: 967183.604679999
tot_uptimes: 252
tot_uptimes_duration: 15060.02432000084
