comms_cons: 100.51913599441582
finished_reconf: true
global_termination_time: 979846.163
local_termination_time: 82777.46687999975
node_cons: 20110.42716448577
tot_aggregated_send: 13166
tot_msg_rcv: 791
tot_msg_sent: 1321
tot_reconf_duration: 18.700000000000003
tot_sleeping_duration: 964846.1386799957
tot_uptimes: 251
tot_uptimes_duration: 15000.024320004275
