comms_cons: 100.62228479686343
finished_reconf: true
global_termination_time: 980506.129
local_termination_time: 186443.45336000004
node_cons: 20180.2345233597
tot_aggregated_send: 13282
tot_msg_rcv: 741
tot_msg_sent: 1271
tot_reconf_duration: 10.95
tot_sleeping_duration: 965446.1107600002
tot_uptimes: 252
tot_uptimes_duration: 15060.018239999772
