comms_cons: 193.64780150655835
finished_reconf: true
global_termination_time: 979714.5925999999
local_termination_time: 1556.2583600000003
node_cons: 20120.944551750385
tot_aggregated_send: 0
tot_msg_rcv: 14923
tot_msg_sent: 14506
tot_reconf_duration: 11.31
tot_sleeping_duration: 964699.2187600071
tot_uptimes: 251
tot_uptimes_duration: 15015.373839992797
