comms_cons: 75.37789439869191
finished_reconf: true
global_termination_time: 738189.284
local_termination_time: 164244.33336000005
node_cons: 15209.013603359626
tot_aggregated_send: 10034
tot_msg_rcv: 507
tot_msg_sent: 916
tot_reconf_duration: 18.21
tot_sleeping_duration: 726849.2657600003
tot_uptimes: 190
tot_uptimes_duration: 11340.018239999714
