comms_cons: 57.272563200178865
finished_reconf: true
global_termination_time: 584802.857
local_termination_time: 171076.07736000005
node_cons: 11977.585800000024
tot_aggregated_send: 8410
tot_msg_rcv: 67
tot_msg_sent: 228
tot_reconf_duration: 5.1
tot_sleeping_duration: 575862.857
tot_uptimes: 150
tot_uptimes_duration: 8940.0
