comms_cons: 56.648998399620375
finished_reconf: true
global_termination_time: 581302.7290399984
local_termination_time: 9993.535360000002
node_cons: 11997.314186557898
tot_aggregated_send: 8526
tot_msg_rcv: 8
tot_msg_sent: 76
tot_reconf_duration: 25.299999999999997
tot_sleeping_duration: 572368.482
tot_uptimes: 149
tot_uptimes_duration: 8934.247039998416
