comms_cons: 58.01964159963878
finished_reconf: true
global_termination_time: 581463.457
local_termination_time: 65597.85935999997
node_cons: 11910.839379999998
tot_aggregated_send: 8178
tot_msg_rcv: 248
tot_msg_sent: 392
tot_reconf_duration: 15.110000000000001
tot_sleeping_duration: 572583.457
tot_uptimes: 149
tot_uptimes_duration: 8879.999999999985
