comms_cons: 144.7304960208062
finished_reconf: true
global_termination_time: 493284.5828000004
local_termination_time: 2591.3170400000013
node_cons: 20335.06105220047
tot_aggregated_send: 0
tot_msg_rcv: 7334
tot_msg_sent: 14663
tot_reconf_duration: 4.390000000000001
tot_sleeping_duration: 478102.28300000005
tot_uptimes: 253
tot_uptimes_duration: 15182.299800000328
