comms_cons: 60.35838080065046
finished_reconf: true
global_termination_time: 608531.623
local_termination_time: 63251.93216000006
node_cons: 12470.584860000015
tot_aggregated_send: 8642
tot_msg_rcv: 196
tot_msg_sent: 336
tot_reconf_duration: 13.17
tot_sleeping_duration: 599231.623
tot_uptimes: 156
tot_uptimes_duration: 9300.0
