comms_cons: 60.5220607996694
finished_reconf: true
global_termination_time: 610262.285
local_termination_time: 47304.90120000004
node_cons: 12537.181900000021
tot_aggregated_send: 8758
tot_msg_rcv: 153
tot_msg_sent: 288
tot_reconf_duration: 3.05
tot_sleeping_duration: 600902.285
tot_uptimes: 157
tot_uptimes_duration: 9360.0
