comms_cons: 372.7248384437985
finished_reconf: true
global_termination_time: 3751064.184
local_termination_time: 1008695.5615599985
node_cons: 77130.59074669982
tot_aggregated_send: 51910
tot_msg_rcv: 1477
tot_msg_sent: 3265
tot_reconf_duration: 3.05
tot_sleeping_duration: 3693464.1475200136
tot_uptimes: 961
tot_uptimes_duration: 57600.03647998627
