comms_cons: 677.213894549466
finished_reconf: true
global_termination_time: 6797063.713
local_termination_time: 1204610.3847199995
node_cons: 139795.82331116535
tot_aggregated_send: 94308
tot_msg_rcv: 2881
tot_msg_sent: 5744
tot_reconf_duration: 3.05
tot_sleeping_duration: 6692663.652200023
tot_uptimes: 1741
tot_uptimes_duration: 104400.06079997774
