comms_cons: 672.3418689300839
finished_reconf: true
global_termination_time: 6795065.004
local_termination_time: 1615961.2866799983
node_cons: 139799.04721004923
tot_aggregated_send: 94192
tot_msg_rcv: 2477
tot_msg_sent: 5521
tot_reconf_duration: 5.43
tot_sleeping_duration: 6690664.949280019
tot_uptimes: 1741
tot_uptimes_duration: 104400.05471998052
