comms_cons: 79.85237759773747
finished_reconf: true
global_termination_time: 801002.54
local_termination_time: 419633.3316800003
node_cons: 16480.686220000058
tot_aggregated_send: 11368
tot_msg_rcv: 310
tot_msg_sent: 459
tot_reconf_duration: 8.09
tot_sleeping_duration: 788702.54
tot_uptimes: 206
tot_uptimes_duration: 12300.0
