comms_cons: 79.13461759806101
finished_reconf: true
global_termination_time: 798913.049
local_termination_time: 442457.55836
node_cons: 16395.891980000062
tot_aggregated_send: 11542
tot_msg_rcv: 200
tot_msg_sent: 286
tot_reconf_duration: 4.8100000000000005
tot_sleeping_duration: 786673.0489999999
tot_uptimes: 205
tot_uptimes_duration: 12240.00000000003
