comms_cons: 78.8523392002385
finished_reconf: true
global_termination_time: 799610.88
local_termination_time: 310725.5163600001
node_cons: 16393.501900000087
tot_aggregated_send: 11542
tot_msg_rcv: 155
tot_msg_sent: 288
tot_reconf_duration: 3.05
tot_sleeping_duration: 787370.88
tot_uptimes: 205
tot_uptimes_duration: 12240.0
