comms_cons: 79.05566719832116
finished_reconf: true
global_termination_time: 812642.647
local_termination_time: 358048.69488000043
node_cons: 16721.347701121464
tot_aggregated_send: 11368
tot_msg_rcv: 243
tot_msg_sent: 405
tot_reconf_duration: 7.819999999999999
tot_sleeping_duration: 800162.6409199989
tot_uptimes: 209
tot_uptimes_duration: 12480.006080001069
