comms_cons: 32.47493120011661
finished_reconf: true
global_termination_time: 322373.862
local_termination_time: 94445.70735999997
node_cons: 6596.3349011214395
tot_aggregated_send: 4408
tot_msg_rcv: 183
tot_msg_sent: 345
tot_reconf_duration: 6.22
tot_sleeping_duration: 317453.85591999895
tot_uptimes: 83
tot_uptimes_duration: 4920.006080001069
