comms_cons: 287.30050561066
finished_reconf: true
global_termination_time: 2858781.702239994
local_termination_time: 241290.64916000032
node_cons: 58871.63506605725
tot_aggregated_send: 40194
tot_msg_rcv: 1223
tot_msg_sent: 2250
tot_reconf_duration: 18.21
tot_sleeping_duration: 2814833.30352001
tot_uptimes: 733
tot_uptimes_duration: 43948.398719983816
