comms_cons: 121.97178879171162
finished_reconf: true
global_termination_time: 1220398.791
local_termination_time: 248656.46236000006
node_cons: 25096.863123357445
tot_aggregated_send: 16646
tot_msg_rcv: 600
tot_msg_sent: 1293
tot_reconf_duration: 22.65
tot_sleeping_duration: 1201678.7727600017
tot_uptimes: 313
tot_uptimes_duration: 18720.01823999807
