comms_cons: 220.2526462768778
finished_reconf: true
global_termination_time: 1221779.289
local_termination_time: 450028.67084000015
node_cons: 25070.230041121496
tot_aggregated_send: 0
tot_msg_rcv: 16821
tot_msg_sent: 16654
tot_reconf_duration: 3.05
tot_sleeping_duration: 1203059.282919999
tot_uptimes: 313
tot_uptimes_duration: 18720.00608000104
