comms_cons: 1.4276863999962297
finished_reconf: true
global_termination_time: 10447.96
local_termination_time: 7235.96836
node_cons: 185.40918000000005
tot_aggregated_send: 0
tot_msg_rcv: 118
tot_msg_sent: 99
tot_reconf_duration: 18.21
tot_sleeping_duration: 10327.96
tot_uptimes: 3
tot_uptimes_duration: 120.0
