comms_cons: 1184.9251732394591
finished_reconf: true
global_termination_time: 4069482.597
local_termination_time: 2676120.09748
node_cons: 165875.98734999401
tot_aggregated_send: 0
tot_msg_rcv: 60422
tot_msg_sent: 119680
tot_reconf_duration: 18.21
tot_sleeping_duration: 3945620.5670000003
tot_uptimes: 2046
tot_uptimes_duration: 123862.02999999974
