comms_cons: 412.01705606225494
finished_reconf: true
global_termination_time: 4069930.018
local_termination_time: 2293397.8245599987
node_cons: 83739.70716446637
tot_aggregated_send: 56782
tot_msg_rcv: 2198
tot_msg_sent: 3643
tot_reconf_duration: 18.700000000000003
tot_sleeping_duration: 4007409.993680009
tot_uptimes: 1043
tot_uptimes_duration: 62520.02431999124
