comms_cons: 413.0760192653421
finished_reconf: true
global_termination_time: 4071418.122
local_termination_time: 1863538.08836
node_cons: 83722.78374781722
tot_aggregated_send: 56434
tot_msg_rcv: 2344
tot_msg_sent: 4006
tot_reconf_duration: 6.22
tot_sleeping_duration: 4008898.0794400154
tot_uptimes: 1043
tot_uptimes_duration: 62520.042559984606
