comms_cons: 124.50021118975047
finished_reconf: true
global_termination_time: 1224400.08624
local_termination_time: 244049.04136000006
node_cons: 25171.44148160296
tot_aggregated_send: 16530
tot_msg_rcv: 815
tot_msg_sent: 1579
tot_reconf_duration: 4.390000000000001
tot_sleeping_duration: 1205605.8518399978
tot_uptimes: 314
tot_uptimes_duration: 18794.23440000217
