comms_cons: 124.54449278952914
finished_reconf: true
global_termination_time: 1226471.393
local_termination_time: 354418.17184000014
node_cons: 25234.174645593386
tot_aggregated_send: 15718
tot_msg_rcv: 1059
tot_msg_sent: 2154
tot_reconf_duration: 5.43
tot_sleeping_duration: 1207631.3626000048
tot_uptimes: 315
tot_uptimes_duration: 18840.03039999504
