comms_cons: 214.4010046855376
finished_reconf: true
global_termination_time: 1073273.821
local_termination_time: 1211.4583600000003
node_cons: 22043.967546710224
tot_aggregated_send: 0
tot_msg_rcv: 16699
tot_msg_sent: 15889
tot_reconf_duration: 22.65
tot_sleeping_duration: 1056833.7845200074
tot_uptimes: 275
tot_uptimes_duration: 16440.036479992676
