comms_cons: 110.36733438882541
finished_reconf: true
global_termination_time: 1077420.26
local_termination_time: 61598.216600000116
node_cons: 22097.682605597995
tot_aggregated_send: 14326
tot_msg_rcv: 818
tot_msg_sent: 1632
tot_reconf_duration: 3.05
tot_sleeping_duration: 1060920.2296000016
tot_uptimes: 276
tot_uptimes_duration: 16500.030399998475
