comms_cons: 106.69348479683659
finished_reconf: true
global_termination_time: 1074701.938
local_termination_time: 198802.00488000043
node_cons: 22101.963042238298
tot_aggregated_send: 14790
tot_msg_rcv: 424
tot_msg_sent: 1003
tot_reconf_duration: 6.22
tot_sleeping_duration: 1058201.9258400013
tot_uptimes: 276
tot_uptimes_duration: 16500.012159998703
