comms_cons: 122.6823423966577
finished_reconf: true
global_termination_time: 1244933.909
local_termination_time: 5157.88
node_cons: 25580.61150112147
tot_aggregated_send: 17899
tot_msg_rcv: 288
tot_msg_sent: 460
tot_reconf_duration: 23.919999999999998
tot_sleeping_duration: 1225853.902919999
tot_uptimes: 319
tot_uptimes_duration: 19080.00608000107
