comms_cons: 73.84522239793128
finished_reconf: true
global_termination_time: 732800.1734799999
local_termination_time: 732800.1323599999
node_cons: 15091.888382074923
tot_aggregated_send: 10091
tot_msg_rcv: 396
tot_msg_sent: 737
tot_reconf_duration: 36.77
tot_sleeping_duration: 721566.4507600036
tot_uptimes: 188
tot_uptimes_duration: 11233.722719996178
