comms_cons: 68.03550719852419
finished_reconf: true
global_termination_time: 734630.575
local_termination_time: 1521.6092400000002
node_cons: 15120.552763357437
tot_aggregated_send: 9570
tot_msg_rcv: 293
tot_msg_sent: 478
tot_reconf_duration: 12.23
tot_sleeping_duration: 723350.5567600019
tot_uptimes: 189
tot_uptimes_duration: 11280.01823999807
