comms_cons: 480.7880320522322
finished_reconf: true
global_termination_time: 4871934.796
local_termination_time: 3290047.1481999992
node_cons: 100190.93022334838
tot_aggregated_send: 67744
tot_msg_rcv: 1788
tot_msg_sent: 3546
tot_reconf_duration: 5.1
tot_sleeping_duration: 4797114.7777600065
tot_uptimes: 1248
tot_uptimes_duration: 74820.01823999337
