comms_cons: 106.19800321256015
finished_reconf: true
global_termination_time: 365094.4935600008
local_termination_time: 3010.2240400000014
node_cons: 14816.266405841132
tot_aggregated_send: 0
tot_msg_rcv: 5469
tot_msg_sent: 10671
tot_reconf_duration: 6.22
tot_sleeping_duration: 354035.62899999996
tot_uptimes: 181
tot_uptimes_duration: 11058.864560000831
