comms_cons: 47.34604159987566
finished_reconf: true
global_termination_time: 11363.085960000008
local_termination_time: 2219.5681600000053
node_cons: 4707.700379400064
tot_aggregated_send: 0
tot_msg_rcv: 3778
tot_msg_sent: 3417
tot_reconf_duration: 18.21
tot_sleeping_duration: 7865.721359999961
tot_uptimes: 50
tot_uptimes_duration: 3497.3646000000463
