comms_cons: 1.6908543999986345
finished_reconf: true
global_termination_time: 14240.036
local_termination_time: 6026.040480000001
node_cons: 258.90486000000135
tot_aggregated_send: 0
tot_msg_rcv: 136
tot_msg_sent: 121
tot_reconf_duration: 13.17
tot_sleeping_duration: 14060.035999999998
tot_uptimes: 4
tot_uptimes_duration: 180.0
