comms_cons: 459.41706247524075
finished_reconf: true
global_termination_time: 4576049.252
local_termination_time: 2504228.8585199993
node_cons: 94084.14232558267
tot_aggregated_send: 63858
tot_msg_rcv: 1906
tot_msg_sent: 4064
tot_reconf_duration: 4.390000000000001
tot_sleeping_duration: 4505789.221600012
tot_uptimes: 1172
tot_uptimes_duration: 70260.03039998887
