comms_cons: 462.3019008940936
finished_reconf: true
global_termination_time: 4576268.272
local_termination_time: 590351.5708799982
node_cons: 94086.66217244772
tot_aggregated_send: 63626
tot_msg_rcv: 2340
tot_msg_sent: 4302
tot_reconf_duration: 6.22
tot_sleeping_duration: 4506008.215680022
tot_uptimes: 1172
tot_uptimes_duration: 70260.05631997774
