comms_cons: 461.0204224794166
finished_reconf: true
global_termination_time: 4573835.402
local_termination_time: 551409.732
node_cons: 94089.45970515776
tot_aggregated_send: 63856
tot_msg_rcv: 2143
tot_msg_sent: 4073
tot_reconf_duration: 5.43
tot_sleeping_duration: 4503572.455200029
tot_uptimes: 1172
tot_uptimes_duration: 70262.94679997046
