comms_cons: 277.60145282857906
finished_reconf: true
global_termination_time: 323622.22276000085
local_termination_time: 323622.18164000084
node_cons: 31859.940786331095
tot_aggregated_send: 0
tot_msg_rcv: 19227
tot_msg_sent: 22966
tot_reconf_duration: 24.59
tot_sleeping_duration: 299853.3298799926
tot_uptimes: 378
tot_uptimes_duration: 23768.89288000825
