comms_cons: 33.932057600625384
finished_reconf: true
global_termination_time: 325632.163
local_termination_time: 52237.485600000015
node_cons: 6675.162082242867
tot_aggregated_send: 4176
tot_msg_rcv: 342
tot_msg_sent: 638
tot_reconf_duration: 5.1
tot_sleeping_duration: 320652.15083999786
tot_uptimes: 84
tot_uptimes_duration: 4980.0121600021375
