comms_cons: 65.53052800643614
finished_reconf: true
global_termination_time: 323622.269
local_termination_time: 2181.2876
node_cons: 6676.683042242868
tot_aggregated_send: 0
tot_msg_rcv: 5151
tot_msg_sent: 4806
tot_reconf_duration: 6.22
tot_sleeping_duration: 318642.25683999783
tot_uptimes: 83
tot_uptimes_duration: 4980.0121600021375
