comms_cons: 38.42155520154708
finished_reconf: true
global_termination_time: 195422.823
local_termination_time: 2687.7153600000006
node_cons: 4021.150041121434
tot_aggregated_send: 0
tot_msg_rcv: 2937
tot_msg_sent: 2902
tot_reconf_duration: 3.05
tot_sleeping_duration: 192422.81691999894
tot_uptimes: 51
tot_uptimes_duration: 3000.0060800010688
