comms_cons: 187.51377919605736
finished_reconf: true
global_termination_time: 1904839.189
local_termination_time: 1317140.7653199986
node_cons: 39150.30917999972
tot_aggregated_send: 27782
tot_msg_rcv: 272
tot_msg_sent: 447
tot_reconf_duration: 18.21
tot_sleeping_duration: 1875619.189
tot_uptimes: 488
tot_uptimes_duration: 29220.0
