comms_cons: 192.84928638426905
finished_reconf: true
global_termination_time: 1906076.215
local_termination_time: 1028232.6493599998
node_cons: 39213.51662446703
tot_aggregated_send: 26158
tot_msg_rcv: 1006
tot_msg_sent: 2147
tot_reconf_duration: 5.57
tot_sleeping_duration: 1876796.1906800095
tot_uptimes: 489
tot_uptimes_duration: 29280.024319990538
