comms_cons: 48.17415680009774
finished_reconf: true
global_termination_time: 487722.443
local_termination_time: 85550.67971999939
node_cons: 9985.206852079202
tot_aggregated_send: 6902
tot_msg_rcv: 131
tot_msg_sent: 290
tot_reconf_duration: 9.11
tot_sleeping_duration: 480274.47028000065
tot_uptimes: 125
tot_uptimes_duration: 7447.972719999394
