comms_cons: 48.49930240034329
finished_reconf: true
global_termination_time: 491618.439
local_termination_time: 14404.043880000001
node_cons: 10073.258700000013
tot_aggregated_send: 6960
tot_msg_rcv: 142
tot_msg_sent: 269
tot_reconf_duration: 22.65
tot_sleeping_duration: 484118.439
tot_uptimes: 126
tot_uptimes_duration: 7500.0
