comms_cons: 48.265011200202736
finished_reconf: true
global_termination_time: 489020.4
local_termination_time: 124010.7115599996
node_cons: 10058.660200000024
tot_aggregated_send: 7076
tot_msg_rcv: 97
tot_msg_sent: 163
tot_reconf_duration: 11.899999999999999
tot_sleeping_duration: 481520.4
tot_uptimes: 126
tot_uptimes_duration: 7500.0
