comms_cons: 73.99626239885391
finished_reconf: true
global_termination_time: 762956.803
local_termination_time: 600703.4273599999
node_cons: 15697.058700000054
tot_aggregated_send: 11020
tot_msg_rcv: 72
tot_msg_sent: 155
tot_reconf_duration: 22.65
tot_sleeping_duration: 751256.803
tot_uptimes: 196
tot_uptimes_duration: 11700.0
