comms_cons: 74.67392000023159
finished_reconf: true
global_termination_time: 763384.16
local_termination_time: 413540.62236000004
node_cons: 15681.65898000002
tot_aggregated_send: 11078
tot_msg_rcv: 106
tot_msg_sent: 166
tot_reconf_duration: 11.31
tot_sleeping_duration: 751684.16
tot_uptimes: 196
tot_uptimes_duration: 11700.0
