comms_cons: 253.51916798939308
finished_reconf: true
global_termination_time: 2550251.389
local_termination_time: 856324.644879998
node_cons: 52470.58080446657
tot_aggregated_send: 35264
tot_msg_rcv: 1117
tot_msg_sent: 2153
tot_reconf_duration: 6.279999999999999
tot_sleeping_duration: 2511071.3646800094
tot_uptimes: 654
tot_uptimes_duration: 39180.02431999054
