comms_cons: 256.70395520318647
finished_reconf: true
global_termination_time: 2553527.281
local_termination_time: 712721.1175999988
node_cons: 52468.01418446655
tot_aggregated_send: 35554
tot_msg_rcv: 1141
tot_msg_sent: 2322
tot_reconf_duration: 4.390000000000001
tot_sleeping_duration: 2514347.2566800094
tot_uptimes: 654
tot_uptimes_duration: 39180.02431999054
