comms_cons: 258.3191296119576
finished_reconf: true
global_termination_time: 2549606.271
local_termination_time: 474554.91188000044
node_cons: 52392.34840670052
tot_aggregated_send: 35148
tot_msg_rcv: 1445
tot_msg_sent: 2670
tot_reconf_duration: 7.819999999999999
tot_sleeping_duration: 2510486.2345200144
tot_uptimes: 653
tot_uptimes_duration: 39120.03647998604
