comms_cons: 254.6757119937596
finished_reconf: true
global_termination_time: 2549495.1072399956
local_termination_time: 29237.93148
node_cons: 52425.63884163919
tot_aggregated_send: 35438
tot_msg_rcv: 912
tot_msg_sent: 2358
tot_reconf_duration: 11.31
tot_sleeping_duration: 2510353.7481200253
tot_uptimes: 653
tot_uptimes_duration: 39141.35911997012
