comms_cons: 255.22656000815553
finished_reconf: true
global_termination_time: 2541204.111
local_termination_time: 969943.9963599999
node_cons: 52251.783123349735
tot_aggregated_send: 35554
tot_msg_rcv: 1109
tot_msg_sent: 2131
tot_reconf_duration: 22.65
tot_sleeping_duration: 2502204.0927600074
tot_uptimes: 651
tot_uptimes_duration: 39000.0182399929
