comms_cons: 246.62689918996546
finished_reconf: true
global_termination_time: 2540437.356
local_termination_time: 1770469.0609199984
node_cons: 52266.615819110804
tot_aggregated_send: 35612
tot_msg_rcv: 605
tot_msg_sent: 1268
tot_reconf_duration: 25.299999999999997
tot_sleeping_duration: 2501428.9479200067
tot_uptimes: 651
tot_uptimes_duration: 39008.40807999368
