comms_cons: 59.60159999918629
finished_reconf: true
global_termination_time: 596370.853
local_termination_time: 9718.38936
node_cons: 12215.821900000015
tot_aggregated_send: 8410
tot_msg_rcv: 245
tot_msg_sent: 404
tot_reconf_duration: 3.05
tot_sleeping_duration: 587250.853
tot_uptimes: 153
tot_uptimes_duration: 9120.0
