comms_cons: 116.13134079330891
finished_reconf: true
global_termination_time: 1184420.677
local_termination_time: 651329.079879999
node_cons: 24348.989761116885
tot_aggregated_send: 15892
tot_msg_rcv: 643
tot_msg_sent: 1118
tot_reconf_duration: 4.390000000000001
tot_sleeping_duration: 1166240.6709200023
tot_uptimes: 304
tot_uptimes_duration: 18180.006079997635
