comms_cons: 118.93092479353412
finished_reconf: true
global_termination_time: 1186468.425
local_termination_time: 259411.87052000038
node_cons: 24351.491183350536
tot_aggregated_send: 16414
tot_msg_rcv: 502
tot_msg_sent: 1160
tot_reconf_duration: 6.22
tot_sleeping_duration: 1168288.4067600071
tot_uptimes: 304
tot_uptimes_duration: 18180.018239992904
