comms_cons: 379.70588802628896
finished_reconf: true
global_termination_time: 3838110.699
local_termination_time: 1587016.822399998
node_cons: 78901.29464558308
tot_aggregated_send: 52606
tot_msg_rcv: 1821
tot_msg_sent: 3287
tot_reconf_duration: 5.43
tot_sleeping_duration: 3779190.668600011
tot_uptimes: 983
tot_uptimes_duration: 58920.03039998887
