comms_cons: 265.25360642653123
finished_reconf: true
global_termination_time: 2808502.971
local_termination_time: 4853.487
node_cons: 57850.8593822331
tot_aggregated_send: 39261
tot_msg_rcv: 406
tot_msg_sent: 650
tot_reconf_duration: 4.45
tot_sleeping_duration: 2765302.9588400046
tot_uptimes: 720
tot_uptimes_duration: 43200.01215999562
