comms_cons: 11.224115199972285
finished_reconf: true
global_termination_time: 7971.656240000003
local_termination_time: 2770.149040000001
node_cons: 1331.3619614800102
tot_aggregated_send: 0
tot_msg_rcv: 821
tot_msg_sent: 884
tot_reconf_duration: 18.21
tot_sleeping_duration: 6995.828919999996
tot_uptimes: 16
tot_uptimes_duration: 975.8273200000074
