comms_cons: 120.68545279280498
finished_reconf: true
global_termination_time: 1193260.064
local_termination_time: 305837.9230800006
node_cons: 24521.60928335971
tot_aggregated_send: 16414
tot_msg_rcv: 769
tot_msg_sent: 1160
tot_reconf_duration: 13.17
tot_sleeping_duration: 1174960.0457600004
tot_uptimes: 306
tot_uptimes_duration: 18300.018239999772
