comms_cons: 118.68039039027146
finished_reconf: true
global_termination_time: 1193025.807
local_termination_time: 651829.5661199979
node_cons: 24507.939627822405
tot_aggregated_send: 15196
tot_msg_rcv: 858
tot_msg_sent: 1983
tot_reconf_duration: 3.08
tot_sleeping_duration: 1174725.764440013
tot_uptimes: 306
tot_uptimes_duration: 18300.042559986876
