comms_cons: 119.48345599157533
finished_reconf: true
global_termination_time: 1192558.926
local_termination_time: 748041.2403599999
node_cons: 24520.892245584226
tot_aggregated_send: 15428
tot_msg_rcv: 879
tot_msg_sent: 1855
tot_reconf_duration: 12.629999999999999
tot_sleeping_duration: 1174258.8956000118
tot_uptimes: 306
tot_uptimes_duration: 18300.030399988187
