comms_cons: 119.22212479359669
finished_reconf: true
global_termination_time: 1192899.387
local_termination_time: 780694.2625999998
node_cons: 24518.6026644673
tot_aggregated_send: 16414
tot_msg_rcv: 603
tot_msg_sent: 1104
tot_reconf_duration: 10.95
tot_sleeping_duration: 1174599.3626800096
tot_uptimes: 306
tot_uptimes_duration: 18300.024319990538
