comms_cons: 120.31169918910915
finished_reconf: true
global_termination_time: 1193527.436
local_termination_time: 507061.9588800009
node_cons: 24514.368567385613
tot_aggregated_send: 15370
tot_msg_rcv: 938
tot_msg_sent: 1977
tot_reconf_duration: 7.819999999999999
tot_sleeping_duration: 1175227.3994000107
tot_uptimes: 306
tot_uptimes_duration: 18300.036599989224
