comms_cons: 122.31390718850554
finished_reconf: true
global_termination_time: 1191218.411
local_termination_time: 680547.5003599998
node_cons: 24519.11596781778
tot_aggregated_send: 15718
tot_msg_rcv: 958
tot_msg_sent: 1915
tot_reconf_duration: 11.31
tot_sleeping_duration: 1172918.3684400166
tot_uptimes: 306
tot_uptimes_duration: 18300.04255998344
