comms_cons: 432.0773568387543
finished_reconf: true
global_termination_time: 4322891.422
local_termination_time: 2777155.326759999
node_cons: 88952.54019999749
tot_aggregated_send: 61654
tot_msg_rcv: 1477
tot_msg_sent: 2542
tot_reconf_duration: 11.899999999999999
tot_sleeping_duration: 4256471.422
tot_uptimes: 1108
tot_uptimes_duration: 66420.0
