comms_cons: 1247.2984919052926
finished_reconf: true
global_termination_time: 4280984.501
local_termination_time: 3076141.3314799997
node_cons: 174661.2105369954
tot_aggregated_send: 0
tot_msg_rcv: 63553
tot_msg_sent: 126030
tot_reconf_duration: 18.21
tot_sleeping_duration: 4150561.437999999
tot_uptimes: 2156
tot_uptimes_duration: 130423.06300000104
