comms_cons: 434.0614400751879
finished_reconf: true
global_termination_time: 4282161.894
local_termination_time: 340386.38736000005
node_cons: 88061.25779228403
tot_aggregated_send: 59160
tot_msg_rcv: 2397
tot_msg_sent: 4418
tot_reconf_duration: 6.279999999999999
tot_sleeping_duration: 4216401.827120026
tot_uptimes: 1097
tot_uptimes_duration: 65760.06687997491
