comms_cons: 22.527180800007443
finished_reconf: true
global_termination_time: 219048.663
local_termination_time: 74522.46435999995
node_cons: 4506.604059999993
tot_aggregated_send: 3016
tot_msg_rcv: 181
tot_msg_sent: 227
tot_reconf_duration: 5.57
tot_sleeping_duration: 215688.663
tot_uptimes: 57
tot_uptimes_duration: 3360.0
