comms_cons: 21.73235199996859
finished_reconf: true
global_termination_time: 216379.2296000002
local_termination_time: 81505.30835999995
node_cons: 4476.331469519411
tot_aggregated_send: 2900
tot_msg_rcv: 130
tot_msg_sent: 274
tot_reconf_duration: 25.299999999999997
tot_sleeping_duration: 213061.8479200006
tot_uptimes: 56
tot_uptimes_duration: 3317.3816799995693
