comms_cons: 43.56648960243821
finished_reconf: true
global_termination_time: 221382.081
local_termination_time: 2928.3753600000005
node_cons: 4529.798700000004
tot_aggregated_send: 0
tot_msg_rcv: 3392
tot_msg_sent: 3229
tot_reconf_duration: 22.65
tot_sleeping_duration: 218022.081
tot_uptimes: 57
tot_uptimes_duration: 3360.0
