comms_cons: 228.0569023856706
finished_reconf: true
global_termination_time: 2251446.291
local_termination_time: 1231852.77436
node_cons: 46283.42034223322
tot_aggregated_send: 30972
tot_msg_rcv: 1254
tot_msg_sent: 2436
tot_reconf_duration: 5.57
tot_sleeping_duration: 2216886.278840005
tot_uptimes: 577
tot_uptimes_duration: 34560.01215999527
