comms_cons: 126.96602879566963
finished_reconf: true
global_termination_time: 1270739.15
local_termination_time: 313293.8634400002
node_cons: 26135.253603355166
tot_aggregated_send: 17226
tot_msg_rcv: 703
tot_msg_sent: 1370
tot_reconf_duration: 18.21
tot_sleeping_duration: 1251239.1317600035
tot_uptimes: 326
tot_uptimes_duration: 19500.018239996338
