comms_cons: 125.59080319273771
finished_reconf: true
global_termination_time: 1267324.229
local_termination_time: 693639.7619599988
node_cons: 26060.951264471998
tot_aggregated_send: 16820
tot_msg_rcv: 761
tot_msg_sent: 1507
tot_reconf_duration: 22.65
tot_sleeping_duration: 1247884.2046800063
tot_uptimes: 325
tot_uptimes_duration: 19440.024319993972
