comms_cons: 30.72486399992679
finished_reconf: true
global_termination_time: 15276.616240000003
local_termination_time: 2673.4760400000014
node_cons: 4397.814216840035
tot_aggregated_send: 0
tot_msg_rcv: 2352
tot_msg_sent: 2317
tot_reconf_duration: 18.21
tot_sleeping_duration: 12010.682679999978
tot_uptimes: 47
tot_uptimes_duration: 3265.933560000025
