comms_cons: 72.69420799986116
finished_reconf: true
global_termination_time: 745324.987
local_termination_time: 113894.739
node_cons: 15319.322193840688
tot_aggregated_send: 10786
tot_msg_rcv: 90
tot_msg_sent: 173
tot_reconf_duration: 22.65
tot_sleeping_duration: 733907.0904399995
tot_uptimes: 191
tot_uptimes_duration: 11417.896560000489
