comms_cons: 73.36465919856526
finished_reconf: true
global_termination_time: 743589.321
local_termination_time: 534396.2964799998
node_cons: 15272.164059999952
tot_aggregated_send: 10846
tot_msg_rcv: 136
tot_msg_sent: 169
tot_reconf_duration: 5.57
tot_sleeping_duration: 732189.321
tot_uptimes: 191
tot_uptimes_duration: 11400.0
