comms_cons: 72.41996799991972
finished_reconf: true
global_termination_time: 744921.275
local_termination_time: 203963.01336000007
node_cons: 15298.965541121555
tot_aggregated_send: 10788
tot_msg_rcv: 67
tot_msg_sent: 153
tot_reconf_duration: 25.299999999999997
tot_sleeping_duration: 733521.2689199989
tot_uptimes: 191
tot_uptimes_duration: 11400.006080001127
