comms_cons: 848.4346191834748
finished_reconf: true
global_termination_time: 4302714.827
local_termination_time: 324.2074799999991
node_cons: 88461.96104782559
tot_aggregated_send: 0
tot_msg_rcv: 65085
tot_msg_sent: 63868
tot_reconf_duration: 5.57
tot_sleeping_duration: 4236654.784440009
tot_uptimes: 1102
tot_uptimes_duration: 66060.04255999101
