comms_cons: 437.1345217140346
finished_reconf: true
global_termination_time: 4300140.02
local_termination_time: 310932.64936000004
node_cons: 88472.31441228894
tot_aggregated_send: 58174
tot_msg_rcv: 2811
tot_msg_sent: 5458
tot_reconf_duration: 13.17
tot_sleeping_duration: 4234079.95312002
tot_uptimes: 1102
tot_uptimes_duration: 66060.06687997858
