comms_cons: 436.7626496838849
finished_reconf: true
global_termination_time: 4297877.134
local_termination_time: 1918036.7581599986
node_cons: 88469.22638223186
tot_aggregated_send: 59102
tot_msg_rcv: 2531
tot_msg_sent: 4751
tot_reconf_duration: 10.95
tot_sleeping_duration: 4231817.121840005
tot_uptimes: 1101
tot_uptimes_duration: 66060.0121599955
