comms_cons: 433.1661184878903
finished_reconf: true
global_termination_time: 4298652.475
local_termination_time: 834720.9464399995
node_cons: 88389.41596781695
tot_aggregated_send: 59798
tot_msg_rcv: 2038
tot_msg_sent: 4002
tot_reconf_duration: 11.31
tot_sleeping_duration: 4232652.4324400155
tot_uptimes: 1101
tot_uptimes_duration: 66000.0425599846
