comms_cons: 21.72514560017062
finished_reconf: true
global_termination_time: 217039.348
local_termination_time: 37098.242240000196
node_cons: 4428.322723360266
tot_aggregated_send: 3016
tot_msg_rcv: 117
tot_msg_sent: 170
tot_reconf_duration: 6.22
tot_sleeping_duration: 213738.4697599998
tot_uptimes: 56
tot_uptimes_duration: 3300.8782400001946
