comms_cons: 115.51822079400807
finished_reconf: true
global_termination_time: 1174810.046
local_termination_time: 282278.08548000007
node_cons: 24122.904990065355
tot_aggregated_send: 14674
tot_msg_rcv: 1026
tot_msg_sent: 1859
tot_reconf_duration: 15.34
tot_sleeping_duration: 1156809.991280011
tot_uptimes: 301
tot_uptimes_duration: 18000.054719989013
