comms_cons: 116.90047999670347
finished_reconf: true
global_termination_time: 1172481.686
local_termination_time: 248771.14136000007
node_cons: 24108.982787845463
tot_aggregated_send: 15370
tot_msg_rcv: 810
tot_msg_sent: 1589
tot_reconf_duration: 5.1
tot_sleeping_duration: 1154481.6434399958
tot_uptimes: 301
tot_uptimes_duration: 18000.042560004047
