comms_cons: 114.4231551946614
finished_reconf: true
global_termination_time: 1174506.125
local_termination_time: 178067.87748000005
node_cons: 24106.191871467243
tot_aggregated_send: 15602
tot_msg_rcv: 611
tot_msg_sent: 1180
tot_reconf_duration: 3.05
tot_sleeping_duration: 1156506.0876800094
tot_uptimes: 301
tot_uptimes_duration: 18000.037319990457
