comms_cons: 98.84492799110255
finished_reconf: true
global_termination_time: 974903.0467999984
local_termination_time: 974903.0056799984
node_cons: 20124.497549440766
tot_aggregated_send: 13340
tot_msg_rcv: 559
tot_msg_sent: 1124
tot_reconf_duration: 37.410000000000004
tot_sleeping_duration: 959911.4898399978
tot_uptimes: 250
tot_uptimes_duration: 14991.55696000054
