comms_cons: 97.90734719313117
finished_reconf: true
global_termination_time: 975297.01
local_termination_time: 364268.3304800001
node_cons: 20025.524284471994
tot_aggregated_send: 13166
tot_msg_rcv: 562
tot_msg_sent: 1153
tot_reconf_duration: 15.34
tot_sleeping_duration: 960356.985680006
tot_uptimes: 250
tot_uptimes_duration: 14940.024319993972
