comms_cons: 97.96428799667844
finished_reconf: true
global_termination_time: 978257.021
local_termination_time: 473235.6513600001
node_cons: 20091.54826223829
tot_aggregated_send: 13340
tot_msg_rcv: 530
tot_msg_sent: 1020
tot_reconf_duration: 4.8100000000000005
tot_sleeping_duration: 963257.0088400012
tot_uptimes: 251
tot_uptimes_duration: 15000.012159998703
