comms_cons: 111.67047680700497
finished_reconf: true
global_termination_time: 231699.1026000001
local_termination_time: 231699.0614800001
node_cons: 14105.32315699935
tot_aggregated_send: 0
tot_msg_rcv: 6825
tot_msg_sent: 10147
tot_reconf_duration: 24.59
tot_sleeping_duration: 221189.8196000006
tot_uptimes: 174
tot_uptimes_duration: 10509.28299999949
