comms_cons: 23.560115200096387
finished_reconf: true
global_termination_time: 234336.008
local_termination_time: 12166.5446
node_cons: 4831.019560000003
tot_aggregated_send: 3248
tot_msg_rcv: 114
tot_msg_sent: 219
tot_reconf_duration: 7.819999999999999
tot_sleeping_duration: 230736.008
tot_uptimes: 61
tot_uptimes_duration: 3600.0
