comms_cons: 114.99783679403447
finished_reconf: true
global_termination_time: 1134991.19
local_termination_time: 340132.69016000035
node_cons: 23305.140121121465
tot_aggregated_send: 15602
tot_msg_rcv: 659
tot_msg_sent: 1218
tot_reconf_duration: 4.8100000000000005
tot_sleeping_duration: 1117591.1839199988
tot_uptimes: 291
tot_uptimes_duration: 17400.00608000107
