comms_cons: 44.07468800072448
finished_reconf: true
global_termination_time: 426004.996
local_termination_time: 677.6714799999999
node_cons: 8763.046043364302
tot_aggregated_send: 5568
tot_msg_rcv: 375
tot_msg_sent: 756
tot_reconf_duration: 4.390000000000001
tot_sleeping_duration: 419464.9777599968
tot_uptimes: 110
tot_uptimes_duration: 6540.018240003206
