comms_cons: 42.35751680015697
finished_reconf: true
global_termination_time: 424575.262
local_termination_time: 111295.31235999995
node_cons: 8680.861899999994
tot_aggregated_send: 5858
tot_msg_rcv: 173
tot_msg_sent: 406
tot_reconf_duration: 3.05
tot_sleeping_duration: 418095.262
tot_uptimes: 109
tot_uptimes_duration: 6480.0
