comms_cons: 26.770764800608397
finished_reconf: true
global_termination_time: 268467.752
local_termination_time: 13854.707360000002
node_cons: 5497.493682242869
tot_aggregated_send: 3538
tot_msg_rcv: 146
tot_msg_sent: 384
tot_reconf_duration: 25.299999999999997
tot_sleeping_duration: 264387.73983999784
tot_uptimes: 69
tot_uptimes_duration: 4080.0121600021375
