comms_cons: 27.554944000352457
finished_reconf: true
global_termination_time: 266127.503
local_termination_time: 6334.389360000001
node_cons: 5475.920501121434
tot_aggregated_send: 3422
tot_msg_rcv: 251
tot_msg_sent: 515
tot_reconf_duration: 9.42
tot_sleeping_duration: 262047.49691999896
tot_uptimes: 69
tot_uptimes_duration: 4080.0060800010688
