comms_cons: 26.31022080037582
finished_reconf: true
global_termination_time: 264594.112
local_termination_time: 17045.396360000002
node_cons: 5389.311980000008
tot_aggregated_send: 3654
tot_msg_rcv: 117
tot_msg_sent: 228
tot_reconf_duration: 4.8100000000000005
tot_sleeping_duration: 260574.11200000002
tot_uptimes: 68
tot_uptimes_duration: 4020.000000000001
