comms_cons: 66.78063360483857
finished_reconf: true
global_termination_time: 292399.419
local_termination_time: 2964.4983600000005
node_cons: 5969.962450088324
tot_aggregated_send: 0
tot_msg_rcv: 5804
tot_msg_sent: 4346
tot_reconf_duration: 18.21
tot_sleeping_duration: 287959.3642799938
tot_uptimes: 75
tot_uptimes_duration: 4440.054720006214
