comms_cons: 283.71484160819404
finished_reconf: true
global_termination_time: 2811221.558
local_termination_time: 6421.934
node_cons: 57866.622991177115
tot_aggregated_send: 39076
tot_msg_rcv: 1426
tot_msg_sent: 2621
tot_reconf_duration: 16.009999999999998
tot_sleeping_duration: 2768021.4972000164
tot_uptimes: 720
tot_uptimes_duration: 43200.06079998368
