comms_cons: 283.36124800863104
finished_reconf: true
global_termination_time: 2808527.039
local_termination_time: 4919.089
node_cons: 57861.47346893885
tot_aggregated_send: 38441
tot_msg_rcv: 1799
tot_msg_sent: 2829
tot_reconf_duration: 12.23
tot_sleeping_duration: 2765326.990360015
tot_uptimes: 720
tot_uptimes_duration: 43200.048639984976
