comms_cons: 73.40382080099658
finished_reconf: true
global_termination_time: 722512.489
local_termination_time: 415824.00372000015
node_cons: 14887.629180000049
tot_aggregated_send: 9976
tot_msg_rcv: 449
tot_msg_sent: 731
tot_reconf_duration: 18.21
tot_sleeping_duration: 711412.489
tot_uptimes: 186
tot_uptimes_duration: 11100.0
