comms_cons: 72.46233599882099
finished_reconf: true
global_termination_time: 723435.501
local_termination_time: 313441.89136
node_cons: 14869.850223355086
tot_aggregated_send: 9976
tot_msg_rcv: 396
tot_msg_sent: 641
tot_reconf_duration: 5.1
tot_sleeping_duration: 712335.4827600038
tot_uptimes: 186
tot_uptimes_duration: 11100.018239996338
