comms_cons: 72.19356159663145
finished_reconf: true
global_termination_time: 723659.251
local_termination_time: 373812.47436000005
node_cons: 14878.291544476544
tot_aggregated_send: 9860
tot_msg_rcv: 295
tot_msg_sent: 818
tot_reconf_duration: 11.31
tot_sleeping_duration: 712559.2266800026
tot_uptimes: 186
tot_uptimes_duration: 11100.024319997407
