comms_cons: 83.22859521059105
finished_reconf: true
global_termination_time: 410847.1123200008
local_termination_time: 1224.0626000000004
node_cons: 8524.645691843029
tot_aggregated_send: 0
tot_msg_rcv: 6524
tot_msg_sent: 6122
tot_reconf_duration: 18.21
tot_sleeping_duration: 404499.15375999856
tot_uptimes: 106
tot_uptimes_duration: 6347.958560002255
