comms_cons: 199.21794562556556
finished_reconf: true
global_termination_time: 410846.5123200007
local_termination_time: 410846.47120000067
node_cons: 25110.34429320237
tot_aggregated_send: 0
tot_msg_rcv: 12190
tot_msg_sent: 18088
tot_reconf_duration: 24.59
tot_sleeping_duration: 392118.393519999
tot_uptimes: 308
tot_uptimes_duration: 18728.118800001736
