comms_cons: 35.7520000000446
finished_reconf: true
global_termination_time: 362244.971
local_termination_time: 37800.19736000001
node_cons: 7416.009180000007
tot_aggregated_send: 5162
tot_msg_rcv: 115
tot_msg_sent: 157
tot_reconf_duration: 18.21
tot_sleeping_duration: 356724.971
tot_uptimes: 93
tot_uptimes_duration: 5520.0
