comms_cons: 35.35004159994254
finished_reconf: true
global_termination_time: 360724.818
local_termination_time: 12751.140360000001
node_cons: 7406.15010000001
tot_aggregated_send: 5220
tot_msg_rcv: 47
tot_msg_sent: 106
tot_reconf_duration: 10.95
tot_sleeping_duration: 355204.818
tot_uptimes: 93
tot_uptimes_duration: 5520.0
