comms_cons: 398.5128768200235
finished_reconf: true
global_termination_time: 4040141.521
local_termination_time: 3042768.9456799994
node_cons: 83075.75892223227
tot_aggregated_send: 56260
tot_msg_rcv: 1581
tot_msg_sent: 2730
tot_reconf_duration: 3.08
tot_sleeping_duration: 3978101.5088400044
tot_uptimes: 1035
tot_uptimes_duration: 62040.012159995735
