comms_cons: 400.5943296326535
finished_reconf: true
global_termination_time: 4042981.364
local_termination_time: 2693361.5353599996
node_cons: 83164.29580334913
tot_aggregated_send: 56608
tot_msg_rcv: 1379
tot_msg_sent: 2901
tot_reconf_duration: 9.11
tot_sleeping_duration: 3980881.3457600065
tot_uptimes: 1036
tot_uptimes_duration: 62100.0182399936
