comms_cons: 407.38549766981873
finished_reconf: true
global_termination_time: 4043705.725
local_termination_time: 1586898.87236
node_cons: 83160.39560670037
tot_aggregated_send: 56028
tot_msg_rcv: 1886
tot_msg_sent: 4005
tot_reconf_duration: 6.22
tot_sleeping_duration: 3981605.688520013
tot_uptimes: 1036
tot_uptimes_duration: 62100.03647998697
