comms_cons: 56.83057920468114
finished_reconf: true
global_termination_time: 269530.068
local_termination_time: 3150.9683600000003
node_cons: 5568.221744482882
tot_aggregated_send: 0
tot_msg_rcv: 4620
tot_msg_sent: 4013
tot_reconf_duration: 18.21
tot_sleeping_duration: 265390.0436799979
tot_uptimes: 70
tot_uptimes_duration: 4140.024320002149
