comms_cons: 128.68074881054977
finished_reconf: true
global_termination_time: 266931.402360001
local_termination_time: 266931.402360001
node_cons: 16141.24630548542
tot_aggregated_send: 0
tot_msg_rcv: 7933
tot_msg_sent: 11624
tot_reconf_duration: 24.59
tot_sleeping_duration: 254901.63903999698
tot_uptimes: 197
tot_uptimes_duration: 12029.763320004024
