comms_cons: 149.97349119730086
finished_reconf: true
global_termination_time: 1524229.988
local_termination_time: 924780.5430000001
node_cons: 31356.83536207712
tot_aggregated_send: 21917
tot_msg_rcv: 279
tot_msg_sent: 600
tot_reconf_duration: 13.17
tot_sleeping_duration: 1500825.2452800022
tot_uptimes: 391
tot_uptimes_duration: 23404.74271999777
