comms_cons: 153.71918718276424
finished_reconf: true
global_termination_time: 1522179.919
local_termination_time: 318570.49736000004
node_cons: 31258.278607822413
tot_aggregated_send: 20010
tot_msg_rcv: 1008
tot_msg_sent: 2346
tot_reconf_duration: 4.390000000000001
tot_sleeping_duration: 1498839.8764400133
tot_uptimes: 390
tot_uptimes_duration: 23340.042559986876
