comms_cons: 59.76545280013531
finished_reconf: true
global_termination_time: 602049.9265999998
local_termination_time: 602049.8854799998
node_cons: 12419.611980640331
tot_aggregated_send: 8573
tot_msg_rcv: 150
tot_msg_sent: 360
tot_reconf_duration: 21.23
tot_sleeping_duration: 592796.1688399996
tot_uptimes: 155
tot_uptimes_duration: 9253.757760000226
