comms_cons: 60.272678400782986
finished_reconf: true
global_termination_time: 603728.839
local_termination_time: 108505.62235999998
node_cons: 12397.113603364318
tot_aggregated_send: 8352
tot_msg_rcv: 242
tot_msg_sent: 568
tot_reconf_duration: 18.21
tot_sleeping_duration: 594488.8207599969
tot_uptimes: 155
tot_uptimes_duration: 9240.018240003206
