comms_cons: 60.087833599833054
finished_reconf: true
global_termination_time: 602050.4541599983
local_termination_time: 16843.233480000006
node_cons: 12449.193746237834
tot_aggregated_send: 8642
tot_msg_rcv: 156
tot_msg_sent: 334
tot_reconf_duration: 3.05
tot_sleeping_duration: 592756.166
tot_uptimes: 155
tot_uptimes_duration: 9294.288159998367
