comms_cons: 1.5329535999949357
finished_reconf: true
global_termination_time: 11131.831
local_termination_time: 5477.82036
node_cons: 166.64161999999922
tot_aggregated_send: 0
tot_msg_rcv: 120
tot_msg_sent: 112
tot_reconf_duration: 4.390000000000001
tot_sleeping_duration: 11011.831
tot_uptimes: 3
tot_uptimes_duration: 120.0
