comms_cons: 1051.682242492162
finished_reconf: true
global_termination_time: 5345380.537599998
local_termination_time: 36.038039999999995
node_cons: 109950.43475174916
tot_aggregated_send: 0
tot_msg_rcv: 80504
tot_msg_sent: 79341
tot_reconf_duration: 18.21
tot_sleeping_duration: 5263285.163760004
tot_uptimes: 1369
tot_uptimes_duration: 82095.37383999437
