comms_cons: 520.8092352337765
finished_reconf: true
global_termination_time: 5346919.759
local_termination_time: 2525426.77936
node_cons: 109993.04848334823
tot_aggregated_send: 73834
tot_msg_rcv: 1879
tot_msg_sent: 3446
tot_reconf_duration: 5.57
tot_sleeping_duration: 5264779.740760006
tot_uptimes: 1370
tot_uptimes_duration: 82140.01823999337
