comms_cons: 513.9452160183802
finished_reconf: true
global_termination_time: 5348495.939
local_termination_time: 2571264.481999999
node_cons: 109992.40208223081
tot_aggregated_send: 74124
tot_msg_rcv: 1322
tot_msg_sent: 2671
tot_reconf_duration: 5.1
tot_sleeping_duration: 5266355.926840005
tot_uptimes: 1370
tot_uptimes_duration: 82140.0121599955
