comms_cons: 20.941657599842216
finished_reconf: true
global_termination_time: 157071.2341200009
local_termination_time: 157071.2341200009
node_cons: 3328.8458615184336
tot_aggregated_send: 986
tot_msg_rcv: 778
tot_msg_sent: 1420
tot_reconf_duration: 24.59
tot_sleeping_duration: 154610.1044400021
tot_uptimes: 41
tot_uptimes_duration: 2461.1296799988195
