comms_cons: 15.526911999912306
finished_reconf: true
global_termination_time: 158306.345
local_termination_time: 71916.41339999977
node_cons: 3221.1640599999914
tot_aggregated_send: 2262
tot_msg_rcv: 45
tot_msg_sent: 53
tot_reconf_duration: 5.57
tot_sleeping_duration: 155906.345
tot_uptimes: 41
tot_uptimes_duration: 2400.0
