comms_cons: 15.57954559992659
finished_reconf: true
global_termination_time: 158880.976
local_termination_time: 5596.5883200000035
node_cons: 3220.5258000000017
tot_aggregated_send: 2204
tot_msg_rcv: 51
tot_msg_sent: 113
tot_reconf_duration: 5.1
tot_sleeping_duration: 156480.976
tot_uptimes: 41
tot_uptimes_duration: 2400.0
