comms_cons: 76.15423999802809
finished_reconf: true
global_termination_time: 767278.41
local_termination_time: 122342.95747999995
node_cons: 15754.212201116843
tot_aggregated_send: 10498
tot_msg_rcv: 312
tot_msg_sent: 765
tot_reconf_duration: 5.57
tot_sleeping_duration: 755518.4039200024
tot_uptimes: 197
tot_uptimes_duration: 11760.006079997635
