comms_cons: 77.54245119615777
finished_reconf: true
global_termination_time: 767753.357
local_termination_time: 357540.82056000066
node_cons: 15753.598364471958
tot_aggregated_send: 10266
tot_msg_rcv: 487
tot_msg_sent: 1033
tot_reconf_duration: 5.1
tot_sleeping_duration: 755993.332680006
tot_uptimes: 197
tot_uptimes_duration: 11760.024319994001
