comms_cons: 76.73978879911186
finished_reconf: true
global_termination_time: 766041.5040000002
local_termination_time: 393731.10828000034
node_cons: 15806.717233359937
tot_aggregated_send: 10382
tot_msg_rcv: 394
tot_msg_sent: 888
tot_reconf_duration: 25.299999999999997
tot_sleeping_duration: 754262.2957600002
tot_uptimes: 197
tot_uptimes_duration: 11779.208239999949
