comms_cons: 80.45073919534393
finished_reconf: true
global_termination_time: 766289.94
local_termination_time: 945.9727199999983
node_cons: 15752.063912168298
tot_aggregated_send: 9918
tot_msg_rcv: 849
tot_msg_sent: 1461
tot_reconf_duration: 3.05
tot_sleeping_duration: 754528.9825599939
tot_uptimes: 197
tot_uptimes_duration: 11760.957440006183
