comms_cons: 89.4047487990197
finished_reconf: true
global_termination_time: 904244.213
local_termination_time: 256512.05636000008
node_cons: 18592.905541121483
tot_aggregated_send: 12876
tot_msg_rcv: 214
tot_msg_sent: 499
tot_reconf_duration: 25.299999999999997
tot_sleeping_duration: 890384.2069199989
tot_uptimes: 232
tot_uptimes_duration: 13860.006080001069
