comms_cons: 88.95799040033937
finished_reconf: true
global_termination_time: 905391.347
local_termination_time: 496989.70736
node_cons: 18564.501619999966
tot_aggregated_send: 13166
tot_msg_rcv: 127
tot_msg_sent: 228
tot_reconf_duration: 4.390000000000001
tot_sleeping_duration: 891531.347
tot_uptimes: 232
tot_uptimes_duration: 13860.0
