comms_cons: 89.2665855996233
finished_reconf: true
global_termination_time: 903219.553
local_termination_time: 190417.7207200001
node_cons: 18573.898980000024
tot_aggregated_send: 13108
tot_msg_rcv: 180
tot_msg_sent: 280
tot_reconf_duration: 11.31
tot_sleeping_duration: 889359.553
tot_uptimes: 232
tot_uptimes_duration: 13860.0
