comms_cons: 328.84068482828565
finished_reconf: true
global_termination_time: 3302678.386
local_termination_time: 1068330.1563199984
node_cons: 67912.02917999847
tot_aggregated_send: 47038
tot_msg_rcv: 987
tot_msg_sent: 1955
tot_reconf_duration: 18.21
tot_sleeping_duration: 3251978.386
tot_uptimes: 846
tot_uptimes_duration: 50700.0
