comms_cons: 284.3148223942462
finished_reconf: true
global_termination_time: 2896231.895
local_termination_time: 888000.154
node_cons: 59540.41299436117
tot_aggregated_send: 39495
tot_msg_rcv: 1283
tot_msg_sent: 2437
tot_reconf_duration: 4.8100000000000005
tot_sleeping_duration: 2851770.445400028
tot_uptimes: 742
tot_uptimes_duration: 44461.44959997176
