comms_cons: 286.7918848063605
finished_reconf: true
global_termination_time: 2892379.811
local_termination_time: 1541333.2026799996
node_cons: 59468.75153999906
tot_aggregated_send: 41470
tot_msg_rcv: 751
tot_msg_sent: 1370
tot_reconf_duration: 12.629999999999999
tot_sleeping_duration: 2847979.811
tot_uptimes: 741
tot_uptimes_duration: 44400.0
