comms_cons: 285.02596480163913
finished_reconf: true
global_termination_time: 2891856.134
local_termination_time: 1419896.1557999987
node_cons: 59466.47009999914
tot_aggregated_send: 41470
tot_msg_rcv: 583
tot_msg_sent: 1268
tot_reconf_duration: 10.95
tot_sleeping_duration: 2847456.134
tot_uptimes: 741
tot_uptimes_duration: 44400.0
