comms_cons: 151.4417279583166
finished_reconf: true
global_termination_time: 761767.9246399992
local_termination_time: 507.5430399999995
node_cons: 15716.77383631407
tot_aggregated_send: 0
tot_msg_rcv: 11676
tot_msg_sent: 11338
tot_reconf_duration: 4.390000000000001
tot_sleeping_duration: 750034.6817600037
tot_uptimes: 196
tot_uptimes_duration: 11733.242879995556
