comms_cons: 79.64121599777681
finished_reconf: true
global_termination_time: 764683.274
local_termination_time: 193019.23936000004
node_cons: 15676.960265602542
tot_aggregated_send: 9860
tot_msg_rcv: 792
tot_msg_sent: 1453
tot_reconf_duration: 7.819999999999999
tot_sleeping_duration: 752983.2435999981
tot_uptimes: 196
tot_uptimes_duration: 11700.030400001906
