comms_cons: 77.79519999939181
finished_reconf: true
global_termination_time: 764937.794
local_termination_time: 177097.86828000034
node_cons: 15673.698363362024
tot_aggregated_send: 9802
tot_msg_rcv: 742
tot_msg_sent: 1283
tot_reconf_duration: 5.43
tot_sleeping_duration: 753237.7757599985
tot_uptimes: 196
tot_uptimes_duration: 11700.018240001504
