comms_cons: 140.5382911940821
finished_reconf: true
global_termination_time: 1420565.549
local_termination_time: 794770.6305199992
node_cons: 29197.777400000108
tot_aggregated_send: 20416
tot_msg_rcv: 331
tot_msg_sent: 614
tot_reconf_duration: 25.299999999999997
tot_sleeping_duration: 1398785.549
tot_uptimes: 364
tot_uptimes_duration: 21780.0
