comms_cons: 140.05863679693704
finished_reconf: true
global_termination_time: 1418831.054
local_termination_time: 860829.1340000001
node_cons: 29182.033704474165
tot_aggregated_send: 20235
tot_msg_rcv: 389
tot_msg_sent: 664
tot_reconf_duration: 13.17
tot_sleeping_duration: 1397050.5096800046
tot_uptimes: 364
tot_uptimes_duration: 21780.544319995563
