comms_cons: 1.9480703999928548
finished_reconf: true
global_termination_time: 8996.590280000004
local_termination_time: 8996.549160000004
node_cons: 268.7296470400113
tot_aggregated_send: 0
tot_msg_rcv: 145
tot_msg_sent: 150
tot_reconf_duration: 24.59
tot_sleeping_duration: 8820.834919999996
tot_uptimes: 3
tot_uptimes_duration: 175.7553600000083
