comms_cons: 2.638886399993319
finished_reconf: true
global_termination_time: 14195.808
local_termination_time: 5833.168360000001
node_cons: 247.55198000000055
tot_aggregated_send: 0
tot_msg_rcv: 231
tot_msg_sent: 170
tot_reconf_duration: 4.8100000000000005
tot_sleeping_duration: 14015.808
tot_uptimes: 4
tot_uptimes_duration: 180.0
