comms_cons: 747.2365569582514
finished_reconf: true
global_termination_time: 7490776.692
local_termination_time: 2030995.362119998
node_cons: 154100.7377922828
tot_aggregated_send: 104342
tot_msg_rcv: 3053
tot_msg_sent: 6180
tot_reconf_duration: 6.279999999999999
tot_sleeping_duration: 7375696.625120024
tot_uptimes: 1919
tot_uptimes_duration: 115080.06687997608
