comms_cons: 747.2009089645583
finished_reconf: true
global_termination_time: 7490775.942
local_termination_time: 2177786.034
node_cons: 154103.60015292355
tot_aggregated_send: 104339
tot_msg_rcv: 3008
tot_msg_sent: 6224
tot_reconf_duration: 5.57
tot_sleeping_duration: 7375693.017360024
tot_uptimes: 1919
tot_uptimes_duration: 115082.92463997635
