comms_cons: 746.3592321865676
finished_reconf: true
global_termination_time: 7492668.372
local_termination_time: 2380881.013
node_cons: 154099.11092893177
tot_aggregated_send: 103526
tot_msg_rcv: 3285
tot_msg_sent: 6632
tot_reconf_duration: 5.1
tot_sleeping_duration: 7377588.3233600175
tot_uptimes: 1919
tot_uptimes_duration: 115080.0486399827
