comms_cons: 738.9368961592655
finished_reconf: true
global_termination_time: 7491958.86
local_termination_time: 2973083.6323599997
node_cons: 154104.54022669717
tot_aggregated_send: 103240
tot_msg_rcv: 2807
tot_msg_sent: 6267
tot_reconf_duration: 9.11
tot_sleeping_duration: 7376878.823520013
tot_uptimes: 1919
tot_uptimes_duration: 115080.03647998697
