comms_cons: 758.347008231753
finished_reconf: true
global_termination_time: 7493313.639
local_termination_time: 122880.71135999997
node_cons: 154122.9845345175
tot_aggregated_send: 103240
tot_msg_rcv: 4102
tot_msg_sent: 7917
tot_reconf_duration: 22.65
tot_sleeping_duration: 7378233.559960028
tot_uptimes: 1919
tot_uptimes_duration: 115080.07903997214
