comms_cons: 278.2447040124826
finished_reconf: true
global_termination_time: 2809772.377
local_termination_time: 6520.313999999999
node_cons: 57854.740525583446
tot_aggregated_send: 39026
tot_msg_rcv: 1054
tot_msg_sent: 2211
tot_reconf_duration: 7.29
tot_sleeping_duration: 2766572.3466000115
tot_uptimes: 720
tot_uptimes_duration: 43200.030399988405
