comms_cons: 44.797830401665244
finished_reconf: true
global_termination_time: 195856.77
local_termination_time: 2431.5044800000023
node_cons: 4041.745462242865
tot_aggregated_send: 0
tot_msg_rcv: 3861
tot_msg_sent: 2943
tot_reconf_duration: 18.21
tot_sleeping_duration: 192856.75783999785
tot_uptimes: 51
tot_uptimes_duration: 3000.0121600021375
