comms_cons: 429.41122570768204
finished_reconf: true
global_termination_time: 4216253.32448
local_termination_time: 4216253.28336
node_cons: 86756.16775995506
tot_aggregated_send: 57510
tot_msg_rcv: 2684
tot_msg_sent: 5073
tot_reconf_duration: 37.410000000000004
tot_sleeping_duration: 4151499.504480032
tot_uptimes: 1080
tot_uptimes_duration: 64753.81999996833
