comms_cons: 420.665516868256
finished_reconf: true
global_termination_time: 4220552.672
local_termination_time: 1888863.0783599997
node_cons: 86787.77636781661
tot_aggregated_send: 58522
tot_msg_rcv: 1807
tot_msg_sent: 3610
tot_reconf_duration: 15.110000000000001
tot_sleeping_duration: 4155752.629440016
tot_uptimes: 1081
tot_uptimes_duration: 64800.04255998437
