comms_cons: 222.33090558678776
finished_reconf: true
global_termination_time: 2248633.854
local_termination_time: 1470385.6671999984
node_cons: 46201.46976111616
tot_aggregated_send: 31204
tot_msg_rcv: 940
tot_msg_sent: 1649
tot_reconf_duration: 4.390000000000001
tot_sleeping_duration: 2214133.847920002
tot_uptimes: 576
tot_uptimes_duration: 34500.006079997635
