comms_cons: 85.03760639931349
finished_reconf: true
global_termination_time: 857927.74
local_termination_time: 7333.689
node_cons: 17599.840382236867
tot_aggregated_send: 12291
tot_msg_rcv: 226
tot_msg_sent: 408
tot_reconf_duration: 3.95
tot_sleeping_duration: 844787.7278400024
tot_uptimes: 220
tot_uptimes_duration: 13140.012159997641
