comms_cons: 84.96378879809971
finished_reconf: true
global_termination_time: 858402.069
local_termination_time: 6351.636
node_cons: 17602.447742236865
tot_aggregated_send: 12174
tot_msg_rcv: 216
tot_msg_sent: 524
tot_reconf_duration: 5.87
tot_sleeping_duration: 845262.0568400023
tot_uptimes: 220
tot_uptimes_duration: 13140.01215999764
