comms_cons: 85.1288959997006
finished_reconf: true
global_termination_time: 858631.219
local_termination_time: 4631.808
node_cons: 17613.257422237148
tot_aggregated_send: 12224
tot_msg_rcv: 249
tot_msg_sent: 466
tot_reconf_duration: 13.83
tot_sleeping_duration: 845491.2068400022
tot_uptimes: 220
tot_uptimes_duration: 13140.012159997852
