comms_cons: 85.18215679946645
finished_reconf: true
global_termination_time: 859499.09
local_termination_time: 6448.583
node_cons: 17680.99518223829
tot_aggregated_send: 12407
tot_msg_rcv: 199
tot_msg_sent: 341
tot_reconf_duration: 4.55
tot_sleeping_duration: 846299.0778400012
tot_uptimes: 221
tot_uptimes_duration: 13200.012159998703
