comms_cons: 85.28742399819647
finished_reconf: true
global_termination_time: 858213.049
local_termination_time: 5166.38
node_cons: 17607.25506223715
tot_aggregated_send: 12228
tot_msg_rcv: 269
tot_msg_sent: 466
tot_reconf_duration: 9.41
tot_sleeping_duration: 845073.0368400022
tot_uptimes: 220
tot_uptimes_duration: 13140.012159997852
