comms_cons: 628.996563305529
finished_reconf: true
global_termination_time: 6415293.779
local_termination_time: 3056878.57544
node_cons: 131938.81566223048
tot_aggregated_send: 88972
tot_msg_rcv: 2460
tot_msg_sent: 4171
tot_reconf_duration: 15.110000000000001
tot_sleeping_duration: 6316773.766840004
tot_uptimes: 1643
tot_uptimes_duration: 98520.01215999573
