comms_cons: 622.2870528221611
finished_reconf: true
global_termination_time: 6414704.487
local_termination_time: 3812966.57736
node_cons: 131934.44019999562
tot_aggregated_send: 92278
tot_msg_rcv: 747
tot_msg_sent: 1559
tot_reconf_duration: 11.899999999999999
tot_sleeping_duration: 6316184.487
tot_uptimes: 1643
tot_uptimes_duration: 98520.0
