comms_cons: 37.84418560062369
finished_reconf: true
global_termination_time: 374150.646
local_termination_time: 130530.10547999995
node_cons: 7640.836381121438
tot_aggregated_send: 5046
tot_msg_rcv: 246
tot_msg_sent: 460
tot_reconf_duration: 6.279999999999999
tot_sleeping_duration: 368450.63991999894
tot_uptimes: 96
tot_uptimes_duration: 5700.006080001069
