comms_cons: 74.34632960879546
finished_reconf: true
global_termination_time: 372831.3807200002
local_termination_time: 2581.9283600000003
node_cons: 7663.932100323142
tot_aggregated_send: 0
tot_msg_rcv: 5772
tot_msg_sent: 5523
tot_reconf_duration: 8.09
tot_sleeping_duration: 367115.96183999785
tot_uptimes: 96
tot_uptimes_duration: 5715.41888000234
