comms_cons: 90.70700161061565
finished_reconf: true
global_termination_time: 415002.3436000001
local_termination_time: 415002.3024800001
node_cons: 8585.427243063343
tot_aggregated_send: 0
tot_msg_rcv: 7588
tot_msg_sent: 6207
tot_reconf_duration: 37.410000000000004
tot_sleeping_duration: 408628.46423998266
tot_uptimes: 107
tot_uptimes_duration: 6373.879360017423
