comms_cons: 201.1461248241145
finished_reconf: true
global_termination_time: 415002.90248000016
local_termination_time: 657.4314799999992
node_cons: 25245.918404407206
tot_aggregated_send: 0
tot_msg_rcv: 12380
tot_msg_sent: 18190
tot_reconf_duration: 18.21
tot_sleeping_duration: 396167.0628799948
tot_uptimes: 309
tot_uptimes_duration: 18835.839600005354
