comms_cons: 43.060864000795355
finished_reconf: true
global_termination_time: 418343.899
local_termination_time: 227437.2812400005
node_cons: 8604.932663364303
tot_aggregated_send: 5684
tot_msg_rcv: 341
tot_msg_sent: 520
tot_reconf_duration: 6.279999999999999
tot_sleeping_duration: 411923.88075999677
tot_uptimes: 108
tot_uptimes_duration: 6420.018240003206
