comms_cons: 42.506073600464696
finished_reconf: true
global_termination_time: 419453.689
local_termination_time: 96148.21123999971
node_cons: 8621.782741121457
tot_aggregated_send: 5684
tot_msg_rcv: 269
tot_msg_sent: 508
tot_reconf_duration: 18.700000000000003
tot_sleeping_duration: 413033.68291999894
tot_uptimes: 108
tot_uptimes_duration: 6420.006080001069
