comms_cons: 40.850252800036806
finished_reconf: true
global_termination_time: 417038.452
local_termination_time: 666.3693599999999
node_cons: 8532.20020000001
tot_aggregated_send: 5916
tot_msg_rcv: 72
tot_msg_sent: 221
tot_reconf_duration: 11.899999999999999
tot_sleeping_duration: 410678.452
tot_uptimes: 107
tot_uptimes_duration: 6360.0
