comms_cons: 303.6284928335642
finished_reconf: true
global_termination_time: 3001350.01948
local_termination_time: 3001349.9783599996
node_cons: 61770.370772132745
tot_aggregated_send: 41328
tot_msg_rcv: 1609
tot_msg_sent: 3213
tot_reconf_duration: 37.410000000000004
tot_sleeping_duration: 2955256.242040019
tot_uptimes: 769
tot_uptimes_duration: 46093.77743998075
