comms_cons: 299.7238016144082
finished_reconf: true
global_termination_time: 3005568.685
local_termination_time: 536441.95136
node_cons: 61788.048967817325
tot_aggregated_send: 41586
tot_msg_rcv: 1265
tot_msg_sent: 2704
tot_reconf_duration: 4.8100000000000005
tot_sleeping_duration: 2959428.642440016
tot_uptimes: 770
tot_uptimes_duration: 46140.04255998391
