comms_cons: 435.234252892327
finished_reconf: true
global_termination_time: 4306126.318
local_termination_time: 121330.27735999996
node_cons: 88543.28965117212
tot_aggregated_send: 59740
tot_msg_rcv: 2229
tot_msg_sent: 4184
tot_reconf_duration: 6.279999999999999
tot_sleeping_duration: 4240006.2572000185
tot_uptimes: 1103
tot_uptimes_duration: 66120.06079998094
