comms_cons: 432.19904006568714
finished_reconf: true
global_termination_time: 4305712.583
local_termination_time: 283410.9550400008
node_cons: 88538.91962782133
tot_aggregated_send: 59972
tot_msg_rcv: 1764
tot_msg_sent: 3956
tot_reconf_duration: 3.08
tot_sleeping_duration: 4239592.540440012
tot_uptimes: 1103
tot_uptimes_duration: 66120.0425599878
