comms_cons: 434.0627200562219
finished_reconf: true
global_termination_time: 4305892.404
local_termination_time: 2341948.7993599996
node_cons: 88551.87224558291
tot_aggregated_send: 59740
tot_msg_rcv: 2064
tot_msg_sent: 4171
tot_reconf_duration: 12.629999999999999
tot_sleeping_duration: 4239772.373600011
tot_uptimes: 1103
tot_uptimes_duration: 66120.0303999891
