comms_cons: 437.13380489346736
finished_reconf: true
global_termination_time: 4305778.536
local_termination_time: 2394309.2500799997
node_cons: 88538.86260558279
tot_aggregated_send: 59392
tot_msg_rcv: 2521
tot_msg_sent: 4529
tot_reconf_duration: 3.05
tot_sleeping_duration: 4239658.505600011
tot_uptimes: 1103
tot_uptimes_duration: 66120.0303999891
