comms_cons: 2419.21895155819
finished_reconf: true
global_termination_time: 8297024.33072
local_termination_time: 8297024.2896
node_cons: 338864.5399322833
tot_aggregated_send: 0
tot_msg_rcv: 123188
tot_msg_sent: 244521
tot_reconf_duration: 37.410000000000004
tot_sleeping_duration: 8043989.426200008
tot_uptimes: 4187
tot_uptimes_duration: 253034.90451999195
