comms_cons: 830.5118018234415
finished_reconf: true
global_termination_time: 8300412.133
local_termination_time: 2000105.71836
node_cons: 170730.1129066967
tot_aggregated_send: 115130
tot_msg_rcv: 3613
tot_msg_sent: 7489
tot_reconf_duration: 5.57
tot_sleeping_duration: 8172912.096520013
tot_uptimes: 2126
tot_uptimes_duration: 127500.03647998697
