comms_cons: 822.6562177574247
finished_reconf: true
global_termination_time: 8297523.001
local_termination_time: 3501297.914359999
node_cons: 170676.55810557952
tot_aggregated_send: 115014
tot_msg_rcv: 3251
tot_msg_sent: 6772
tot_reconf_duration: 25.299999999999997
tot_sleeping_duration: 8170082.970600011
tot_uptimes: 2125
tot_uptimes_duration: 127440.03039998934
