comms_cons: 820.9436481563542
finished_reconf: true
global_termination_time: 8299692.95
local_termination_time: 3749481.9180399985
node_cons: 170726.7233455798
tot_aggregated_send: 117334
tot_msg_rcv: 2506
tot_msg_sent: 4938
tot_reconf_duration: 3.08
tot_sleeping_duration: 8172192.919600011
tot_uptimes: 2126
tot_uptimes_duration: 127500.03039998928
