comms_cons: 820.9163329539273
finished_reconf: true
global_termination_time: 8298988.999
local_termination_time: 3797314.0105599994
node_cons: 170733.51878446242
tot_aggregated_send: 116812
tot_msg_rcv: 2681
tot_msg_sent: 5280
tot_reconf_duration: 8.09
tot_sleeping_duration: 8171488.974680008
tot_uptimes: 2126
tot_uptimes_duration: 127500.02431999147
