comms_cons: 815.9145089625924
finished_reconf: true
global_termination_time: 8298370.929
local_termination_time: 4005656.9346000003
node_cons: 170743.06008558022
tot_aggregated_send: 115652
tot_msg_rcv: 2740
tot_msg_sent: 5622
tot_reconf_duration: 15.110000000000001
tot_sleeping_duration: 8170870.89860001
tot_uptimes: 2126
tot_uptimes_duration: 127500.03039998934
