comms_cons: 835.4542274415669
finished_reconf: true
global_termination_time: 8297024.366119997
local_termination_time: 15913.4516
node_cons: 170693.34916195917
tot_aggregated_send: 115594
tot_msg_rcv: 3855
tot_msg_sent: 7534
tot_reconf_duration: 22.65
tot_sleeping_duration: 8169569.108120022
tot_uptimes: 2125
tot_uptimes_duration: 127455.25799997394
