comms_cons: 835.3688962616945
finished_reconf: true
global_termination_time: 8297555.356
local_termination_time: 960324.10836
node_cons: 170646.38331116433
tot_aggregated_send: 115072
tot_msg_rcv: 3939
tot_msg_sent: 7959
tot_reconf_duration: 3.05
tot_sleeping_duration: 8170115.295200022
tot_uptimes: 2125
tot_uptimes_duration: 127440.06079997774
