comms_cons: 67.00317439880446
finished_reconf: true
global_termination_time: 654413.919
local_termination_time: 121574.89447999996
node_cons: 13423.336403364307
tot_aggregated_send: 8642
tot_msg_rcv: 496
tot_msg_sent: 1045
tot_reconf_duration: 4.8100000000000005
tot_sleeping_duration: 644393.9007599968
tot_uptimes: 168
tot_uptimes_duration: 10020.018240003206
