comms_cons: 66.96372479920994
finished_reconf: true
global_termination_time: 649920.14
local_termination_time: 138390.32380000025
node_cons: 13347.108406728572
tot_aggregated_send: 8584
tot_msg_rcv: 550
tot_msg_sent: 1043
tot_reconf_duration: 7.819999999999999
tot_sleeping_duration: 639960.1035199936
tot_uptimes: 167
tot_uptimes_duration: 9960.036480006413
