comms_cons: 130.45006078565206
finished_reconf: true
global_termination_time: 655074.386
local_termination_time: 229.44748
node_cons: 13437.644284485741
tot_aggregated_send: 0
tot_msg_rcv: 10144
tot_msg_sent: 9681
tot_reconf_duration: 15.34
tot_sleeping_duration: 645054.3616799958
tot_uptimes: 168
tot_uptimes_duration: 10020.024320004275
