comms_cons: 143.40119041958778
finished_reconf: true
global_termination_time: 489252.2659600007
local_termination_time: 804.0164799999992
node_cons: 20041.265577441005
tot_aggregated_send: 0
tot_msg_rcv: 7348
tot_msg_sent: 14447
tot_reconf_duration: 5.57
tot_sleeping_duration: 474290.57699999993
tot_uptimes: 248
tot_uptimes_duration: 14961.688960000727
