comms_cons: 48.71239680037938
finished_reconf: true
global_termination_time: 492618.267
local_termination_time: 24513.4326
node_cons: 10148.234600000009
tot_aggregated_send: 7076
tot_msg_rcv: 112
tot_msg_sent: 216
tot_reconf_duration: 18.700000000000003
tot_sleeping_duration: 485058.267
tot_uptimes: 127
tot_uptimes_duration: 7560.0
