comms_cons: 39.08044800054222
finished_reconf: true
global_termination_time: 405024.8642400004
local_termination_time: 23997.198280000004
node_cons: 8358.614190881992
tot_aggregated_send: 4524
tot_msg_rcv: 462
tot_msg_sent: 953
tot_reconf_duration: 18.21
tot_sleeping_duration: 398800.9023199989
tot_uptimes: 104
tot_uptimes_duration: 6223.961920001482
