comms_cons: 119.9197055993057
finished_reconf: true
global_termination_time: 1232103.385
local_termination_time: 153226.5124800001
node_cons: 25319.47138000006
tot_aggregated_send: 17690
tot_msg_rcv: 195
tot_msg_sent: 342
tot_reconf_duration: 9.11
tot_sleeping_duration: 1213203.385
tot_uptimes: 316
tot_uptimes_duration: 18900.0
