comms_cons: 122.94018559615398
finished_reconf: true
global_termination_time: 1234490.43
local_termination_time: 410452.6635200004
node_cons: 25393.971980000035
tot_aggregated_send: 17806
tot_msg_rcv: 362
tot_msg_sent: 518
tot_reconf_duration: 4.8100000000000005
tot_sleeping_duration: 1215530.43
tot_uptimes: 317
tot_uptimes_duration: 18960.0
