comms_cons: 120.74223999546842
finished_reconf: true
global_termination_time: 1233602.106
local_termination_time: 387004.1050400003
node_cons: 25323.260199999993
tot_aggregated_send: 17574
tot_msg_rcv: 281
tot_msg_sent: 497
tot_reconf_duration: 11.899999999999999
tot_sleeping_duration: 1214702.106
tot_uptimes: 316
tot_uptimes_duration: 18900.0
