comms_cons: 118.57096959867795
finished_reconf: true
global_termination_time: 1232891.842
local_termination_time: 906006.790119999
node_cons: 25315.709719999995
tot_aggregated_send: 17806
tot_msg_rcv: 70
tot_msg_sent: 146
tot_reconf_duration: 6.34
tot_sleeping_duration: 1213991.842
tot_uptimes: 316
tot_uptimes_duration: 18900.0
