comms_cons: 120.55068159938
finished_reconf: true
global_termination_time: 1237215.108
local_termination_time: 265029.45996000065
node_cons: 25406.99520000007
tot_aggregated_send: 17690
tot_msg_rcv: 229
tot_msg_sent: 404
tot_reconf_duration: 14.4
tot_sleeping_duration: 1218255.108
tot_uptimes: 317
tot_uptimes_duration: 18960.0
