comms_cons: 119.97171199837184
finished_reconf: true
global_termination_time: 1233442.648
local_termination_time: 761849.855879999
node_cons: 25318.140540000044
tot_aggregated_send: 17922
tot_msg_rcv: 86
tot_msg_sent: 227
tot_reconf_duration: 8.129999999999999
tot_sleeping_duration: 1214542.648
tot_uptimes: 316
tot_uptimes_duration: 18900.0
