comms_cons: 122.25532159515386
finished_reconf: true
global_termination_time: 1233287.394
local_termination_time: 210941.883600001
node_cons: 25312.403723522784
tot_aggregated_send: 17342
tot_msg_rcv: 446
tot_msg_sent: 794
tot_reconf_duration: 3.05
tot_sleeping_duration: 1214386.5263199979
tot_uptimes: 316
tot_uptimes_duration: 18900.867680002062
