comms_cons: 121.99440639748455
finished_reconf: true
global_termination_time: 1235904.841
local_termination_time: 313705.46336000005
node_cons: 25394.82208112146
tot_aggregated_send: 17458
tot_msg_rcv: 333
tot_msg_sent: 751
tot_reconf_duration: 5.43
tot_sleeping_duration: 1216944.8349199991
tot_uptimes: 317
tot_uptimes_duration: 18960.00608000107
