comms_cons: 0.4802816000000765
finished_reconf: true
global_termination_time: 5939.843
local_termination_time: 119.02248000000034
node_cons: 114.69740000000002
tot_aggregated_send: 0
tot_msg_rcv: 37
tot_msg_sent: 35
tot_reconf_duration: 25.299999999999997
tot_sleeping_duration: 5879.843
tot_uptimes: 2
tot_uptimes_duration: 60.0
