comms_cons: 10.114111999857043
finished_reconf: true
global_termination_time: 88253.401
local_termination_time: 49156.29
node_cons: 1779.8920855986116
tot_aggregated_send: 514
tot_msg_rcv: 258
tot_msg_sent: 768
tot_reconf_duration: 9.11
tot_sleeping_duration: 86933.37060000103
tot_uptimes: 23
tot_uptimes_duration: 1320.0303999989628
