comms_cons: 11.60759040001044
finished_reconf: true
global_termination_time: 87008.174
local_termination_time: 41125.06236000001
node_cons: 1771.6544644788887
tot_aggregated_send: 464
tot_msg_rcv: 481
tot_msg_sent: 821
tot_reconf_duration: 3.05
tot_sleeping_duration: 85688.14968000083
tot_uptimes: 23
tot_uptimes_duration: 1320.0243199991673
