comms_cons: 64.31167999987896
finished_reconf: true
global_termination_time: 647471.174
local_termination_time: 171239.10936000006
node_cons: 13276.931720000013
tot_aggregated_send: 9106
tot_msg_rcv: 219
tot_msg_sent: 450
tot_reconf_duration: 15.34
tot_sleeping_duration: 637571.174
tot_uptimes: 166
tot_uptimes_duration: 9900.0
