comms_cons: 65.56093439871935
finished_reconf: true
global_termination_time: 651744.926
local_termination_time: 232239.17836000008
node_cons: 13354.324860000037
tot_aggregated_send: 9106
tot_msg_rcv: 348
tot_msg_sent: 510
tot_reconf_duration: 13.17
tot_sleeping_duration: 641784.926
tot_uptimes: 167
tot_uptimes_duration: 9960.0
