comms_cons: 208.55165439181476
finished_reconf: true
global_termination_time: 2107062.846
local_termination_time: 643673.7910399993
node_cons: 43311.82080446696
tot_aggregated_send: 29522
tot_msg_rcv: 696
tot_msg_sent: 1481
tot_reconf_duration: 6.279999999999999
tot_sleeping_duration: 2074722.8216800094
tot_uptimes: 540
tot_uptimes_duration: 32340.024319990538
