comms_cons: 211.54509438073066
finished_reconf: true
global_termination_time: 2107460.847
local_termination_time: 345275.1825600007
node_cons: 43344.69417565832
tot_aggregated_send: 29290
tot_msg_rcv: 941
tot_msg_sent: 1922
tot_reconf_duration: 25.299999999999997
tot_sleeping_duration: 2075115.561880016
tot_uptimes: 540
tot_uptimes_duration: 32345.285119984124
