comms_cons: 24.22461440044927
finished_reconf: true
global_termination_time: 234561.837
local_termination_time: 11985.492040000001
node_cons: 4827.325800000002
tot_aggregated_send: 3074
tot_msg_rcv: 203
tot_msg_sent: 405
tot_reconf_duration: 5.1
tot_sleeping_duration: 230961.837
tot_uptimes: 61
tot_uptimes_duration: 3600.0
