comms_cons: 2.2764031999966985
finished_reconf: true
global_termination_time: 17431.799
local_termination_time: 10419.58436
node_cons: 331.97955999999965
tot_aggregated_send: 0
tot_msg_rcv: 177
tot_msg_sent: 169
tot_reconf_duration: 7.819999999999999
tot_sleeping_duration: 17191.799
tot_uptimes: 5
tot_uptimes_duration: 240.0
