comms_cons: 295.10894078874173
finished_reconf: true
global_termination_time: 610479.1825999998
local_termination_time: 610479.1414799999
node_cons: 37077.25123688391
tot_aggregated_send: 0
tot_msg_rcv: 18136
tot_msg_sent: 26717
tot_reconf_duration: 24.59
tot_sleeping_duration: 582813.8666799967
tot_uptimes: 453
tot_uptimes_duration: 27665.31592000301
