comms_cons: 62.84451840047161
finished_reconf: true
global_termination_time: 615280.504
local_termination_time: 89386.16200000001
node_cons: 12656.867019762813
tot_aggregated_send: 8060
tot_msg_rcv: 567
tot_msg_sent: 925
tot_reconf_duration: 22.65
tot_sleeping_duration: 605850.998159998
tot_uptimes: 158
tot_uptimes_duration: 9429.505840002079
