comms_cons: 59.167372800266726
finished_reconf: true
global_termination_time: 612411.069
local_termination_time: 131643.46712000095
node_cons: 12539.017902242897
tot_aggregated_send: 8294
tot_msg_rcv: 175
tot_msg_sent: 525
tot_reconf_duration: 4.390000000000001
tot_sleeping_duration: 603051.0568399979
tot_uptimes: 157
tot_uptimes_duration: 9360.012160002138
