comms_cons: 131.42378879293446
finished_reconf: true
global_termination_time: 1318882.875
local_termination_time: 434118.82536
node_cons: 27099.97459999998
tot_aggregated_send: 18560
tot_msg_rcv: 446
tot_msg_sent: 969
tot_reconf_duration: 18.700000000000003
tot_sleeping_duration: 1298662.875
tot_uptimes: 338
tot_uptimes_duration: 20220.0
