comms_cons: 131.31365759438546
finished_reconf: true
global_termination_time: 1319138.116
local_termination_time: 186285.4202400005
node_cons: 27090.740200000037
tot_aggregated_send: 18618
tot_msg_rcv: 423
tot_msg_sent: 917
tot_reconf_duration: 11.899999999999999
tot_sleeping_duration: 1298918.116
tot_uptimes: 338
tot_uptimes_duration: 20220.0
