comms_cons: 136.96262398527568
finished_reconf: true
global_termination_time: 1321202.916
local_termination_time: 526131.7757199997
node_cons: 27170.31968558412
tot_aggregated_send: 17632
tot_msg_rcv: 1211
tot_msg_sent: 1972
tot_reconf_duration: 11.31
tot_sleeping_duration: 1300922.8856000118
tot_uptimes: 339
tot_uptimes_duration: 20280.030399988173
