comms_cons: 211.96476158046713
finished_reconf: true
global_termination_time: 2101004.06
local_termination_time: 47122.449560000045
node_cons: 43229.46826223326
tot_aggregated_send: 29000
tot_msg_rcv: 1011
tot_msg_sent: 2205
tot_reconf_duration: 4.8100000000000005
tot_sleeping_duration: 2068724.0478400048
tot_uptimes: 539
tot_uptimes_duration: 32280.01215999527
