comms_cons: 10.780070400065792
finished_reconf: true
global_termination_time: 94644.048
local_termination_time: 63737.51136000001
node_cons: 1962.5174000000034
tot_aggregated_send: 928
tot_msg_rcv: 272
tot_msg_sent: 440
tot_reconf_duration: 25.299999999999997
tot_sleeping_duration: 93204.048
tot_uptimes: 25
tot_uptimes_duration: 1440.0
