comms_cons: 11.370112000055316
finished_reconf: true
global_termination_time: 94036.288
local_termination_time: 6083.195520000001
node_cons: 1934.1379022383012
tot_aggregated_send: 870
tot_msg_rcv: 335
tot_msg_sent: 523
tot_reconf_duration: 4.390000000000001
tot_sleeping_duration: 92596.27584000127
tot_uptimes: 25
tot_uptimes_duration: 1440.0121599987324
