comms_cons: 254.54286079034833
finished_reconf: true
global_termination_time: 2485915.973
local_termination_time: 29750.994080000004
node_cons: 51106.93283006455
tot_aggregated_send: 33814
tot_msg_rcv: 1796
tot_msg_sent: 3078
tot_reconf_duration: 7.819999999999999
tot_sleeping_duration: 2447755.918280011
tot_uptimes: 637
tot_uptimes_duration: 38160.05471998901
