comms_cons: 68.9597312071995
finished_reconf: true
global_termination_time: 319407.6708000007
local_termination_time: 319407.6296800007
node_cons: 6606.00037177016
tot_aggregated_send: 0
tot_msg_rcv: 5706
tot_msg_sent: 4773
tot_reconf_duration: 24.59
tot_sleeping_duration: 314499.07695999317
tot_uptimes: 82
tot_uptimes_duration: 4908.593840007576
