comms_cons: 64.9636480007575
finished_reconf: true
global_termination_time: 642916.0751999996
local_termination_time: 642916.0340799997
node_cons: 13235.988922404089
tot_aggregated_send: 8816
tot_msg_rcv: 355
tot_msg_sent: 703
tot_reconf_duration: 24.59
tot_sleeping_duration: 633056.0335999966
tot_uptimes: 165
tot_uptimes_duration: 9860.04160000303
