comms_cons: 66.90266879958584
finished_reconf: true
global_termination_time: 645790.921
local_termination_time: 156660.75184000013
node_cons: 13262.086043364328
tot_aggregated_send: 8410
tot_msg_rcv: 652
tot_msg_sent: 1107
tot_reconf_duration: 4.390000000000001
tot_sleeping_duration: 635890.9027599967
tot_uptimes: 166
tot_uptimes_duration: 9900.018240003206
