comms_cons: 62.160281600563415
finished_reconf: true
global_termination_time: 646784.949
local_termination_time: 470509.78036000003
node_cons: 13266.719560000027
tot_aggregated_send: 8990
tot_msg_rcv: 113
tot_msg_sent: 345
tot_reconf_duration: 7.819999999999999
tot_sleeping_duration: 636884.949
tot_uptimes: 166
tot_uptimes_duration: 9900.0
