comms_cons: 172.27635199714933
finished_reconf: true
global_termination_time: 1749830.752
local_termination_time: 1241337.5471999997
node_cons: 36007.67897999999
tot_aggregated_send: 25172
tot_msg_rcv: 303
tot_msg_sent: 710
tot_reconf_duration: 11.31
tot_sleeping_duration: 1722950.752
tot_uptimes: 449
tot_uptimes_duration: 26880.0
