comms_cons: 15.244006400134346
finished_reconf: true
global_termination_time: 151418.371
local_termination_time: 51617.35260000001
node_cons: 3059.451979999998
tot_aggregated_send: 2030
tot_msg_rcv: 117
tot_msg_sent: 170
tot_reconf_duration: 4.8100000000000005
tot_sleeping_duration: 149138.371
tot_uptimes: 39
tot_uptimes_duration: 2280.0
