comms_cons: 124.33409279702353
finished_reconf: true
global_termination_time: 147238.8987200001
local_termination_time: 147238.8576000001
node_cons: 14285.292041157967
tot_aggregated_send: 0
tot_msg_rcv: 8624
tot_msg_sent: 10271
tot_reconf_duration: 24.59
tot_sleeping_duration: 136595.21028000166
tot_uptimes: 167
tot_uptimes_duration: 10643.68843999846
