comms_cons: 14.705139200019383
finished_reconf: true
global_termination_time: 150897.958
local_termination_time: 10979.122640000003
node_cons: 3069.2332049600036
tot_aggregated_send: 2088
tot_msg_rcv: 40
tot_msg_sent: 107
tot_reconf_duration: 11.31
tot_sleeping_duration: 148617.24536
tot_uptimes: 39
tot_uptimes_duration: 2280.7126400000034
