comms_cons: 9.474047999994589
finished_reconf: true
global_termination_time: 3212.1586800000005
local_termination_time: 3212.1175600000006
node_cons: 1040.3483749200068
tot_aggregated_send: 0
tot_msg_rcv: 692
tot_msg_sent: 746
tot_reconf_duration: 24.59
tot_sleeping_duration: 2460.1383999999957
tot_uptimes: 12
tot_uptimes_duration: 752.020280000005
