comms_cons: 66.53012479886627
finished_reconf: true
global_termination_time: 651223.733
local_termination_time: 39215.949
node_cons: 13350.87890735598
tot_aggregated_send: 8814
tot_msg_rcv: 478
tot_msg_sent: 822
tot_reconf_duration: 6.279999999999999
tot_sleeping_duration: 641259.318760003
tot_uptimes: 167
tot_uptimes_duration: 9964.414239996986
