comms_cons: 326.10014722978553
finished_reconf: true
global_termination_time: 3236705.597
local_termination_time: 169547.80860000008
node_cons: 66552.36011117532
tot_aggregated_send: 44544
tot_msg_rcv: 1649
tot_msg_sent: 3372
tot_reconf_duration: 22.65
tot_sleeping_duration: 3187025.536200017
tot_uptimes: 829
tot_uptimes_duration: 49680.06079998262
