comms_cons: 322.5283648169482
finished_reconf: true
global_termination_time: 3238860.825
local_termination_time: 1375747.8743599998
node_cons: 66607.88674893344
tot_aggregated_send: 45066
tot_msg_rcv: 1333
tot_msg_sent: 2622
tot_reconf_duration: 4.390000000000001
tot_sleeping_duration: 3189120.7763600186
tot_uptimes: 830
tot_uptimes_duration: 49740.04863998131
