comms_cons: 107.2086911912154
finished_reconf: true
global_termination_time: 1051154.92424
local_termination_time: 194034.13772000012
node_cons: 21656.65027830853
tot_aggregated_send: 13920
tot_msg_rcv: 868
tot_msg_sent: 1506
tot_reconf_duration: 18.21
tot_sleeping_duration: 1034999.6433600087
tot_uptimes: 270
tot_uptimes_duration: 16155.28087999142
