comms_cons: 107.16999039363515
finished_reconf: true
global_termination_time: 1054030.705
local_termination_time: 429741.8983600001
node_cons: 21622.50320782709
tot_aggregated_send: 13978
tot_msg_rcv: 797
tot_msg_sent: 1515
tot_reconf_duration: 8.09
tot_sleeping_duration: 1037890.6624400098
tot_uptimes: 270
tot_uptimes_duration: 16140.04255999031
