comms_cons: 107.90013439308552
finished_reconf: true
global_termination_time: 1051792.773
local_termination_time: 65545.21863999999
node_cons: 21615.67581278138
tot_aggregated_send: 14152
tot_msg_rcv: 789
tot_msg_sent: 1460
tot_reconf_duration: 3.05
tot_sleeping_duration: 1035652.717800014
tot_uptimes: 270
tot_uptimes_duration: 16140.055199986084
