comms_cons: 108.88826879283025
finished_reconf: true
global_termination_time: 1053656.215
local_termination_time: 357293.21948
node_cons: 21619.963747831618
tot_aggregated_send: 13688
tot_msg_rcv: 996
tot_msg_sent: 1868
tot_reconf_duration: 6.22
tot_sleeping_duration: 1037516.1724400064
tot_uptimes: 270
tot_uptimes_duration: 16140.042559993744
