comms_cons: 9.9983936000606
finished_reconf: true
global_termination_time: 75444.845
local_termination_time: 36839.595360000014
node_cons: 1551.1973211202896
tot_aggregated_send: 580
tot_msg_rcv: 425
tot_msg_sent: 516
tot_reconf_duration: 18.21
tot_sleeping_duration: 74304.83891999979
tot_uptimes: 20
tot_uptimes_duration: 1140.0060800002175
