comms_cons: 11.074675200044698
finished_reconf: true
global_termination_time: 78960.234
local_termination_time: 8480.47932
node_cons: 1617.8432078400485
tot_aggregated_send: 348
tot_msg_rcv: 629
tot_msg_sent: 707
tot_reconf_duration: 8.09
tot_sleeping_duration: 77760.19143999997
tot_uptimes: 21
tot_uptimes_duration: 1200.0425600000362
