comms_cons: 9.246463999926547
finished_reconf: true
global_termination_time: 76121.075
local_termination_time: 44222.538360000006
node_cons: 1539.2605011202888
tot_aggregated_send: 522
tot_msg_rcv: 329
tot_msg_sent: 556
tot_reconf_duration: 9.42
tot_sleeping_duration: 74981.06891999979
tot_uptimes: 20
tot_uptimes_duration: 1140.0060800002175
