comms_cons: 12.23856640020616
finished_reconf: true
global_termination_time: 75850.671
local_termination_time: 41713.936920000146
node_cons: 1539.5863867214616
tot_aggregated_send: 174
tot_msg_rcv: 758
tot_msg_sent: 930
tot_reconf_duration: 9.629999999999999
tot_sleeping_duration: 74710.6345199989
tot_uptimes: 20
tot_uptimes_duration: 1140.0364800010939
