comms_cons: 11.408332800296256
finished_reconf: true
global_termination_time: 76371.756
local_termination_time: 7097.292479999999
node_cons: 1541.8759678411925
tot_aggregated_send: 174
tot_msg_rcv: 687
tot_msg_sent: 873
tot_reconf_duration: 11.31
tot_sleeping_duration: 75231.7134399991
tot_uptimes: 20
tot_uptimes_duration: 1140.0425600008894
