comms_cons: 147.5164159861241
finished_reconf: true
global_termination_time: 1453319.5884399984
local_termination_time: 1453319.5473199985
node_cons: 29984.7344871008
tot_aggregated_send: 20054
tot_msg_rcv: 809
tot_msg_sent: 1557
tot_reconf_duration: 24.59
tot_sleeping_duration: 1430951.1483600128
tot_uptimes: 373
tot_uptimes_duration: 22368.440079985616
