comms_cons: 97.71456001407819
finished_reconf: true
global_termination_time: 493510.4402800009
local_termination_time: 1094.7150400000014
node_cons: 10204.839948164075
tot_aggregated_send: 0
tot_msg_rcv: 7497
tot_msg_sent: 7354
tot_reconf_duration: 4.8100000000000005
tot_sleeping_duration: 485894.0788399979
tot_uptimes: 127
tot_uptimes_duration: 7616.361440003035
