comms_cons: 108.10390401465664
finished_reconf: true
global_termination_time: 468169.7092800003
local_termination_time: 468169.6681600003
node_cons: 9646.9200286791
tot_aggregated_send: 0
tot_msg_rcv: 9435
tot_msg_sent: 6994
tot_reconf_duration: 37.410000000000004
tot_sleeping_duration: 461003.0795199711
tot_uptimes: 120
tot_uptimes_duration: 7166.629760029195
