comms_cons: 46.70574080027116
finished_reconf: true
global_termination_time: 468775.642
local_termination_time: 10077.99736
node_cons: 9644.982640000013
tot_aggregated_send: 6612
tot_msg_rcv: 141
tot_msg_sent: 346
tot_reconf_duration: 3.08
tot_sleeping_duration: 461575.642
tot_uptimes: 121
tot_uptimes_duration: 7200.0
