comms_cons: 46.08134400005984
finished_reconf: true
global_termination_time: 470471.528
local_termination_time: 230099.43036000006
node_cons: 9656.16712112144
tot_aggregated_send: 6844
tot_msg_rcv: 53
tot_msg_sent: 107
tot_reconf_duration: 11.31
tot_sleeping_duration: 463271.5219199989
tot_uptimes: 121
tot_uptimes_duration: 7200.006080001069
