comms_cons: 33.46839040056853
finished_reconf: true
global_termination_time: 319487.803
local_termination_time: 70688.97943999986
node_cons: 6511.690041121422
tot_aggregated_send: 4060
tot_msg_rcv: 390
tot_msg_sent: 637
tot_reconf_duration: 3.05
tot_sleeping_duration: 314627.79691999895
tot_uptimes: 82
tot_uptimes_duration: 4860.006080001069
