comms_cons: 205.5065791866325
finished_reconf: true
global_termination_time: 2050257.9839599996
local_termination_time: 2050257.9428399997
node_cons: 42235.94658749991
tot_aggregated_send: 28754
tot_msg_rcv: 778
tot_msg_sent: 1703
tot_reconf_duration: 24.59
tot_sleeping_duration: 2018740.0202800143
tot_uptimes: 526
tot_uptimes_duration: 31517.96367998526
