comms_cons: 205.88273278478204
finished_reconf: true
global_termination_time: 2052090.94
local_termination_time: 100444.60947999997
node_cons: 42203.294308948105
tot_aggregated_send: 28362
tot_msg_rcv: 848
tot_msg_sent: 2082
tot_reconf_duration: 18.21
tot_sleeping_duration: 2020590.8913600086
tot_uptimes: 526
tot_uptimes_duration: 31500.04863999138
