comms_cons: 21.78435839995823
finished_reconf: true
global_termination_time: 10708.848240000003
local_termination_time: 2268.1700400000013
node_cons: 3353.0001223600057
tot_aggregated_send: 0
tot_msg_rcv: 1590
tot_msg_sent: 1721
tot_reconf_duration: 18.21
tot_sleeping_duration: 8223.208999999999
tot_uptimes: 39
tot_uptimes_duration: 2485.639240000003
