comms_cons: 67.23002880335457
finished_reconf: true
global_termination_time: 625375.3922400001
local_termination_time: 4645.36048
node_cons: 12905.048685058728
tot_aggregated_send: 5800
tot_msg_rcv: 1533
tot_msg_sent: 2889
tot_reconf_duration: 18.21
tot_sleeping_duration: 615756.0348799861
tot_uptimes: 161
tot_uptimes_duration: 9619.357360013979
