comms_cons: 63.64610560100743
finished_reconf: true
global_termination_time: 628310.804
local_termination_time: 192307.60236000008
node_cons: 12888.781823364334
tot_aggregated_send: 8062
tot_msg_rcv: 525
tot_msg_sent: 1086
tot_reconf_duration: 25.299999999999997
tot_sleeping_duration: 618710.7857599969
tot_uptimes: 161
tot_uptimes_duration: 9600.018240003206
