comms_cons: 176.3279424203379
finished_reconf: true
global_termination_time: 365487.62
local_termination_time: 88924.77671999994
node_cons: 22162.983219724058
tot_aggregated_send: 0
tot_msg_rcv: 10832
tot_msg_sent: 15968
tot_reconf_duration: 18.21
tot_sleeping_duration: 348954.19651999697
tot_uptimes: 274
tot_uptimes_duration: 16533.423480003003
