comms_cons: 73.01721600820045
finished_reconf: true
global_termination_time: 366264.194
local_termination_time: 93405.07235999996
node_cons: 7477.606043359741
tot_aggregated_send: 0
tot_msg_rcv: 5703
tot_msg_sent: 5397
tot_reconf_duration: 4.390000000000001
tot_sleeping_duration: 360684.17576000025
tot_uptimes: 94
tot_uptimes_duration: 5580.018239999801
