comms_cons: 205.55543039617595
finished_reconf: true
global_termination_time: 2097579.741
local_termination_time: 1310392.6826799996
node_cons: 43150.144059999686
tot_aggregated_send: 30450
tot_msg_rcv: 180
tot_msg_sent: 613
tot_reconf_duration: 5.57
tot_sleeping_duration: 2065359.741
tot_uptimes: 538
tot_uptimes_duration: 32220.0
