comms_cons: 209.85674237954203
finished_reconf: true
global_termination_time: 2097463.82
local_termination_time: 1371767.4430399993
node_cons: 43151.08374781739
tot_aggregated_send: 28362
tot_msg_rcv: 1343
tot_msg_sent: 2192
tot_reconf_duration: 6.22
tot_sleeping_duration: 2065243.7774400164
tot_uptimes: 538
tot_uptimes_duration: 32220.04255998344
