comms_cons: 204.42890239405975
finished_reconf: true
global_termination_time: 2111102.858
local_termination_time: 1265845.2323599998
node_cons: 43389.56161999945
tot_aggregated_send: 28942
tot_msg_rcv: 699
tot_msg_sent: 1431
tot_reconf_duration: 4.390000000000001
tot_sleeping_duration: 2078702.858
tot_uptimes: 541
tot_uptimes_duration: 32400.0
