comms_cons: 205.29077759662832
finished_reconf: true
global_termination_time: 2111982.709
local_termination_time: 1066672.533999998
node_cons: 43387.74189999933
tot_aggregated_send: 30508
tot_msg_rcv: 173
tot_msg_sent: 522
tot_reconf_duration: 3.05
tot_sleeping_duration: 2079582.7089999998
tot_uptimes: 541
tot_uptimes_duration: 32400.0
