comms_cons: 895.6907266211167
finished_reconf: true
global_termination_time: 9046623.581
local_termination_time: 2929220.1489999997
node_cons: 186090.18016989023
tot_aggregated_send: 123817
tot_msg_rcv: 4249
tot_msg_sent: 8073
tot_reconf_duration: 15.34
tot_sleeping_duration: 8907662.155720016
tot_uptimes: 2317
tot_uptimes_duration: 138961.42527998285
