comms_cons: 892.2788481892414
finished_reconf: true
global_termination_time: 9042045.971
local_termination_time: 3078598.5534399985
node_cons: 185994.07464669636
tot_aggregated_send: 125338
tot_msg_rcv: 3501
tot_msg_sent: 6783
tot_reconf_duration: 5.1
tot_sleeping_duration: 8903145.934520014
tot_uptimes: 2316
tot_uptimes_duration: 138900.0364799872
