comms_cons: 886.947168173505
finished_reconf: true
global_termination_time: 9045055.268
local_termination_time: 3244194.2503999993
node_cons: 186085.365565579
tot_aggregated_send: 125570
tot_msg_rcv: 3310
tot_msg_sent: 5930
tot_reconf_duration: 13.17
tot_sleeping_duration: 8906095.23760001
tot_uptimes: 2317
tot_uptimes_duration: 138960.03039998934
