comms_cons: 891.277043377752
finished_reconf: true
global_termination_time: 9042669.982
local_termination_time: 4938270.005
node_cons: 185998.13506669606
tot_aggregated_send: 125567
tot_msg_rcv: 3397
tot_msg_sent: 6502
tot_reconf_duration: 8.09
tot_sleeping_duration: 8903769.945520014
tot_uptimes: 2316
tot_uptimes_duration: 138900.0364799872
