comms_cons: 889.8376961658557
finished_reconf: true
global_termination_time: 9047407.299
local_termination_time: 5030881.952
node_cons: 186094.27988845806
tot_aggregated_send: 126727
tot_msg_rcv: 2899
tot_msg_sent: 5623
tot_reconf_duration: 15.110000000000001
tot_sleeping_duration: 8908442.57868001
tot_uptimes: 2317
tot_uptimes_duration: 138964.72031998914
