comms_cons: 882.7709313446159
finished_reconf: true
global_termination_time: 9047390.213
local_termination_time: 5764469.072000001
node_cons: 186082.33452334508
tot_aggregated_send: 126429
tot_msg_rcv: 2503
tot_msg_sent: 5244
tot_reconf_duration: 10.95
tot_sleeping_duration: 8908430.194760006
tot_uptimes: 2317
tot_uptimes_duration: 138960.0182399936
