comms_cons: 908.9132994853076
finished_reconf: true
global_termination_time: 9043589.286
local_termination_time: 504920.78608000063
node_cons: 185993.7133911639
tot_aggregated_send: 124990
tot_msg_rcv: 4423
tot_msg_sent: 8736
tot_reconf_duration: 4.8100000000000005
tot_sleeping_duration: 8904689.225200024
tot_uptimes: 2316
tot_uptimes_duration: 138900.06079997797
