comms_cons: 911.4038978834717
finished_reconf: true
global_termination_time: 9043376.143
local_termination_time: 564070.6085199981
node_cons: 185993.14303116393
tot_aggregated_send: 125280
tot_msg_rcv: 4650
tot_msg_sent: 8596
tot_reconf_duration: 4.390000000000001
tot_sleeping_duration: 8904476.082200022
tot_uptimes: 2316
tot_uptimes_duration: 138900.06079997797
