comms_cons: 36.10664960039575
finished_reconf: true
global_termination_time: 352057.1
local_termination_time: 102647.49059999968
node_cons: 7237.533941121447
tot_aggregated_send: 4814
tot_msg_rcv: 271
tot_msg_sent: 403
tot_reconf_duration: 5.1
tot_sleeping_duration: 346657.0939199989
tot_uptimes: 91
tot_uptimes_duration: 5400.006080001069
