comms_cons: 34.815180799976694
finished_reconf: true
global_termination_time: 349961.591
local_termination_time: 197522.65336000005
node_cons: 7154.401899999993
tot_aggregated_send: 4930
tot_msg_rcv: 130
tot_msg_sent: 231
tot_reconf_duration: 3.05
tot_sleeping_duration: 344621.591
tot_uptimes: 90
tot_uptimes_duration: 5340.0
