comms_cons: 99.03215999878125
finished_reconf: true
global_termination_time: 1006757.006
local_termination_time: 370101.5733600001
node_cons: 20651.587063364346
tot_aggregated_send: 13456
tot_msg_rcv: 499
tot_msg_sent: 1097
tot_reconf_duration: 3.08
tot_sleeping_duration: 991336.9877599968
tot_uptimes: 258
tot_uptimes_duration: 15420.018240003206
