comms_cons: 98.35246079756578
finished_reconf: true
global_termination_time: 1009573.655
local_termination_time: 533258.132119998
node_cons: 20733.69790223831
tot_aggregated_send: 13920
tot_msg_rcv: 290
tot_msg_sent: 739
tot_reconf_duration: 4.390000000000001
tot_sleeping_duration: 994093.6428400013
tot_uptimes: 259
tot_uptimes_duration: 15480.012159998703
