comms_cons: 99.0564351972565
finished_reconf: true
global_termination_time: 1009516.738
local_termination_time: 523700.27236000006
node_cons: 20743.111544471954
tot_aggregated_send: 13978
tot_msg_rcv: 328
tot_msg_sent: 750
tot_reconf_duration: 11.31
tot_sleeping_duration: 994036.7136800061
tot_uptimes: 259
tot_uptimes_duration: 15480.024319993972
