comms_cons: 70.15463680003273
finished_reconf: true
global_termination_time: 705356.993
local_termination_time: 419955.5353600001
node_cons: 14482.072425607208
tot_aggregated_send: 8990
tot_msg_rcv: 518
tot_msg_sent: 1155
tot_reconf_duration: 15.34
tot_sleeping_duration: 694556.9625999946
tot_uptimes: 181
tot_uptimes_duration: 10800.030400005344
