comms_cons: 71.37237119956528
finished_reconf: true
global_termination_time: 707199.44
local_termination_time: 493859.62336
node_cons: 14550.07638111681
tot_aggregated_send: 9686
tot_msg_rcv: 406
tot_msg_sent: 756
tot_reconf_duration: 6.279999999999999
tot_sleeping_duration: 696339.4339200023
tot_uptimes: 182
tot_uptimes_duration: 10860.006079997635
