comms_cons: 71.14088959834208
finished_reconf: true
global_termination_time: 709369.295
local_termination_time: 416177.9959200008
node_cons: 14548.080121121448
tot_aggregated_send: 9802
tot_msg_rcv: 318
tot_msg_sent: 693
tot_reconf_duration: 4.8100000000000005
tot_sleeping_duration: 698509.288919999
tot_uptimes: 182
tot_uptimes_duration: 10860.006080001069
