comms_cons: 139.37678717305957
finished_reconf: true
global_termination_time: 705163.2635199983
local_termination_time: 2548.55236
node_cons: 14545.436346399116
tot_aggregated_send: 0
tot_msg_rcv: 10689
tot_msg_sent: 10492
tot_reconf_duration: 4.390000000000001
tot_sleeping_duration: 694304.8059199989
tot_uptimes: 181
tot_uptimes_duration: 10858.457599999325
