comms_cons: 73.12122879868379
finished_reconf: true
global_termination_time: 708105.143
local_termination_time: 412895.02736
node_cons: 14550.003042238244
tot_aggregated_send: 9280
tot_msg_rcv: 615
tot_msg_sent: 1219
tot_reconf_duration: 6.22
tot_sleeping_duration: 697245.1308400014
tot_uptimes: 182
tot_uptimes_duration: 10860.012159998703
