comms_cons: 200.1524223919575
finished_reconf: true
global_termination_time: 2016431.012
local_termination_time: 1403290.6603599999
node_cons: 41473.32485999957
tot_aggregated_send: 29058
tot_msg_rcv: 506
tot_msg_sent: 858
tot_reconf_duration: 13.17
tot_sleeping_duration: 1985471.012
tot_uptimes: 517
tot_uptimes_duration: 30960.0
