comms_cons: 200.66559999106943
finished_reconf: true
global_termination_time: 2015965.518759998
local_termination_time: 2015965.518759998
node_cons: 41570.479976875395
tot_aggregated_send: 28812
tot_msg_rcv: 532
tot_msg_sent: 1155
tot_reconf_duration: 24.59
tot_sleeping_duration: 1984944.5428400012
tot_uptimes: 517
tot_uptimes_duration: 31020.975919996796
