comms_cons: 344.589644529856
finished_reconf: true
global_termination_time: 2018896.14
local_termination_time: 777225.6583599999
node_cons: 41542.377108939
tot_aggregated_send: 0
tot_msg_rcv: 26633
tot_msg_sent: 25745
tot_reconf_duration: 4.8100000000000005
tot_sleeping_duration: 1987876.0913600153
tot_uptimes: 518
tot_uptimes_duration: 31020.04863998451
