comms_cons: 202.85477758386588
finished_reconf: true
global_termination_time: 2016142.764
local_termination_time: 808452.37536
node_cons: 41466.12468893442
tot_aggregated_send: 27260
tot_msg_rcv: 1184
tot_msg_sent: 2390
tot_reconf_duration: 7.819999999999999
tot_sleeping_duration: 1985182.715360019
tot_uptimes: 517
tot_uptimes_duration: 30960.048639981076
