comms_cons: 723.3581386346254
finished_reconf: true
global_termination_time: 3662146.109
local_termination_time: 3330.3553600000005
node_cons: 75303.36616782649
tot_aggregated_send: 0
tot_msg_rcv: 55606
tot_msg_sent: 54340
tot_reconf_duration: 18.21
tot_sleeping_duration: 3605926.066440009
tot_uptimes: 938
tot_uptimes_duration: 56220.04255999124
