comms_cons: 363.8892992407433
finished_reconf: true
global_termination_time: 3657260.963
local_termination_time: 1744593.53036
node_cons: 75232.63810558307
tot_aggregated_send: 50982
tot_msg_rcv: 1537
tot_msg_sent: 2789
tot_reconf_duration: 25.299999999999997
tot_sleeping_duration: 3601100.932600011
tot_uptimes: 937
tot_uptimes_duration: 56160.03039998864
