comms_cons: 361.93495041257864
finished_reconf: true
global_termination_time: 3655275.058
local_termination_time: 1717426.6983599998
node_cons: 75216.1655655826
tot_aggregated_send: 50576
tot_msg_rcv: 1475
tot_msg_sent: 2961
tot_reconf_duration: 13.17
tot_sleeping_duration: 3599115.027600012
tot_uptimes: 937
tot_uptimes_duration: 56160.030399988405
