comms_cons: 367.85572484871085
finished_reconf: true
global_termination_time: 3656242.351
local_termination_time: 575048.7747199988
node_cons: 75215.4729511721
tot_aggregated_send: 49938
tot_msg_rcv: 2120
tot_msg_sent: 3853
tot_reconf_duration: 12.629999999999999
tot_sleeping_duration: 3600082.2902000193
tot_uptimes: 937
tot_uptimes_duration: 56160.06079998048
