comms_cons: 368.9481088425564
finished_reconf: true
global_termination_time: 3655887.052
local_termination_time: 332515.49672000005
node_cons: 75223.71601117232
tot_aggregated_send: 50634
tot_msg_rcv: 1907
tot_msg_sent: 3535
tot_reconf_duration: 18.700000000000003
tot_sleeping_duration: 3599726.991200019
tot_uptimes: 937
tot_uptimes_duration: 56160.06079998071
