comms_cons: 1463.6531168721947
finished_reconf: true
global_termination_time: 5018560.245599997
local_termination_time: 5018560.245599997
node_cons: 204955.57689139177
tot_aggregated_send: 0
tot_msg_rcv: 74577
tot_msg_sent: 147889
tot_reconf_duration: 24.59
tot_sleeping_duration: 4865519.032999997
tot_uptimes: 2530
tot_uptimes_duration: 153041.2125999994
