comms_cons: 486.38051839664973
finished_reconf: true
global_termination_time: 5020868.865
local_termination_time: 2999960.14448
node_cons: 103254.7848599969
tot_aggregated_send: 71340
tot_msg_rcv: 781
tot_msg_sent: 1806
tot_reconf_duration: 13.17
tot_sleeping_duration: 4943768.865
tot_uptimes: 1286
tot_uptimes_duration: 77100.0
