comms_cons: 504.4828225054911
finished_reconf: true
global_termination_time: 5018561.221119996
local_termination_time: 74473.17967999986
node_cons: 103289.44155196808
tot_aggregated_send: 69948
tot_msg_rcv: 2155
tot_msg_sent: 4573
tot_reconf_duration: 22.65
tot_sleeping_duration: 4941444.953120017
tot_uptimes: 1286
tot_uptimes_duration: 77116.26799997839
