comms_cons: 37.29748480053384
finished_reconf: true
global_termination_time: 368133.274
local_termination_time: 92650.19731999988
node_cons: 7586.325541119145
tot_aggregated_send: 4988
tot_msg_rcv: 240
tot_msg_sent: 441
tot_reconf_duration: 25.299999999999997
tot_sleeping_duration: 362493.2679200006
tot_uptimes: 95
tot_uptimes_duration: 5640.006079999366
