comms_cons: 2.1579775999949806
finished_reconf: true
global_termination_time: 13286.59
local_termination_time: 7477.110360000001
node_cons: 275.37740000000025
tot_aggregated_send: 0
tot_msg_rcv: 178
tot_msg_sent: 150
tot_reconf_duration: 25.299999999999997
tot_sleeping_duration: 13106.59
tot_uptimes: 4
tot_uptimes_duration: 180.0
