comms_cons: 2.2961407999924126
finished_reconf: true
global_termination_time: 13840.342
local_termination_time: 6914.27236
node_cons: 245.20263999999992
tot_aggregated_send: 0
tot_msg_rcv: 176
tot_msg_sent: 172
tot_reconf_duration: 3.08
tot_sleeping_duration: 13660.342
tot_uptimes: 4
tot_uptimes_duration: 180.0
