comms_cons: 600.4168060222222
finished_reconf: true
global_termination_time: 1241130.4555999998
local_termination_time: 1241130.4144799998
node_cons: 75486.69594482346
tot_aggregated_send: 0
tot_msg_rcv: 36830
tot_msg_sent: 54426
tot_reconf_duration: 37.410000000000004
tot_sleeping_duration: 1184792.9700400108
tot_uptimes: 922
tot_uptimes_duration: 56337.48555998889
