comms_cons: 122.6231295976756
finished_reconf: true
global_termination_time: 1242579.435
local_termination_time: 515650.46236000006
node_cons: 25555.68406000005
tot_aggregated_send: 18096
tot_msg_rcv: 199
tot_msg_sent: 343
tot_reconf_duration: 5.57
tot_sleeping_duration: 1223499.435
tot_uptimes: 319
tot_uptimes_duration: 19080.0
