comms_cons: 122.42575359929833
finished_reconf: true
global_termination_time: 1244967.714
local_termination_time: 345627.94336000003
node_cons: 25555.04580000001
tot_aggregated_send: 17980
tot_msg_rcv: 168
tot_msg_sent: 460
tot_reconf_duration: 5.1
tot_sleeping_duration: 1225887.714
tot_uptimes: 319
tot_uptimes_duration: 19080.0
