comms_cons: 248.74174704524557
finished_reconf: true
global_termination_time: 1243246.493
local_termination_time: 2422.251480000002
node_cons: 25578.943828948493
tot_aggregated_send: 0
tot_msg_rcv: 19356
tot_msg_sent: 18450
tot_reconf_duration: 22.65
tot_sleeping_duration: 1224166.4443600087
tot_uptimes: 319
tot_uptimes_duration: 19080.04863999138
