comms_cons: 127.22153598942533
finished_reconf: true
global_termination_time: 1242309.146
local_termination_time: 25946.155920000005
node_cons: 25554.72525005613
tot_aggregated_send: 16762
tot_msg_rcv: 882
tot_msg_sent: 1691
tot_reconf_duration: 4.8100000000000005
tot_sleeping_duration: 1223229.0912800177
tot_uptimes: 319
tot_uptimes_duration: 19080.054719982145
