comms_cons: 125.21431039312608
finished_reconf: true
global_termination_time: 1241130.9303999993
local_termination_time: 334044.11460000003
node_cons: 25516.799468066376
tot_aggregated_send: 17226
tot_msg_rcv: 622
tot_msg_sent: 1186
tot_reconf_duration: 4.390000000000001
tot_sleeping_duration: 1222078.7736800094
tot_uptimes: 318
tot_uptimes_duration: 19052.15671998984
