comms_cons: 128.04369919212857
finished_reconf: true
global_termination_time: 1243340.907
local_termination_time: 6387.316320000002
node_cons: 25558.804688953092
tot_aggregated_send: 16298
tot_msg_rcv: 1011
tot_msg_sent: 2153
tot_reconf_duration: 7.819999999999999
tot_sleeping_duration: 1224260.858360005
tot_uptimes: 319
tot_uptimes_duration: 19080.048639994813
