comms_cons: 126.11550079097158
finished_reconf: true
global_termination_time: 1244865.546
local_termination_time: 547478.1199599996
node_cons: 25563.514383144582
tot_aggregated_send: 16762
tot_msg_rcv: 726
tot_msg_sent: 1681
tot_reconf_duration: 11.31
tot_sleeping_duration: 1225785.5195600116
tot_uptimes: 319
tot_uptimes_duration: 19080.02643998852
