comms_cons: 30.632755200569644
finished_reconf: true
global_termination_time: 289487.17
local_termination_time: 41193.62760000011
node_cons: 5949.326323362024
tot_aggregated_send: 3654
tot_msg_rcv: 360
tot_msg_sent: 642
tot_reconf_duration: 3.05
tot_sleeping_duration: 285047.15175999847
tot_uptimes: 75
tot_uptimes_duration: 4440.018240001504
