comms_cons: 28.020812800231038
finished_reconf: true
global_termination_time: 292301.994
local_termination_time: 227005.91236000005
node_cons: 5955.779559999977
tot_aggregated_send: 4002
tot_msg_rcv: 75
tot_msg_sent: 182
tot_reconf_duration: 7.819999999999999
tot_sleeping_duration: 287861.994
tot_uptimes: 75
tot_uptimes_duration: 4440.0
