comms_cons: 385.7723008340423
finished_reconf: true
global_termination_time: 3850652.115
local_termination_time: 1541675.453
node_cons: 79233.70040053406
tot_aggregated_send: 53358
tot_msg_rcv: 1764
tot_msg_sent: 3515
tot_reconf_duration: 9.42
tot_sleeping_duration: 3791487.881960018
tot_uptimes: 987
tot_uptimes_duration: 59164.23303998215
