comms_cons: 387.02109444280353
finished_reconf: true
global_termination_time: 3852870.437
local_termination_time: 940304.7293599999
node_cons: 79219.43074669973
tot_aggregated_send: 53592
tot_msg_rcv: 1629
tot_msg_sent: 3605
tot_reconf_duration: 3.05
tot_sleeping_duration: 3793710.4005200136
tot_uptimes: 987
tot_uptimes_duration: 59160.03647998627
