comms_cons: 4.684390399996523
finished_reconf: true
global_termination_time: 2725.958680000004
local_termination_time: 2725.917560000004
node_cons: 535.5378765200052
tot_aggregated_send: 0
tot_msg_rcv: 351
tot_msg_sent: 357
tot_reconf_duration: 24.59
tot_sleeping_duration: 2350.944
tot_uptimes: 6
tot_uptimes_duration: 375.01468000000375
