comms_cons: 15.086732799891424
finished_reconf: true
global_termination_time: 147434.346
local_termination_time: 16935.33436
node_cons: 2979.1364033603113
tot_aggregated_send: 1682
tot_msg_rcv: 204
tot_msg_sent: 407
tot_reconf_duration: 4.8100000000000005
tot_sleeping_duration: 145214.32775999978
tot_uptimes: 38
tot_uptimes_duration: 2220.0182400002304
