comms_cons: 90.64226559682658
finished_reconf: true
global_termination_time: 903477.276
local_termination_time: 446683.79736
node_cons: 18574.716482238244
tot_aggregated_send: 12702
tot_msg_rcv: 388
tot_msg_sent: 687
tot_reconf_duration: 11.899999999999999
tot_sleeping_duration: 889617.2638400012
tot_uptimes: 232
tot_uptimes_duration: 13860.012159998703
