comms_cons: 378.33689575413297
finished_reconf: true
global_termination_time: 1299636.026
local_termination_time: 617195.8734799998
node_cons: 53063.15654399888
tot_aggregated_send: 0
tot_msg_rcv: 19240
tot_msg_sent: 38265
tot_reconf_duration: 18.21
tot_sleeping_duration: 1260025.5500000003
tot_uptimes: 656
tot_uptimes_duration: 39610.475999999806
