comms_cons: 131.32741118633055
finished_reconf: true
global_termination_time: 1303766.675
local_termination_time: 84596.23899999945
node_cons: 26757.38632335512
tot_aggregated_send: 17806
tot_msg_rcv: 756
tot_msg_sent: 1399
tot_reconf_duration: 3.05
tot_sleeping_duration: 1283786.6567600039
tot_uptimes: 334
tot_uptimes_duration: 19980.018239996338
