comms_cons: 11.547750400123405
finished_reconf: true
global_termination_time: 107934.611
local_termination_time: 34166.723800000145
node_cons: 2194.27478056107
tot_aggregated_send: 870
tot_msg_rcv: 315
tot_msg_sent: 571
tot_reconf_duration: 18.21
tot_sleeping_duration: 106314.3379599992
tot_uptimes: 28
tot_uptimes_duration: 1620.2730400008004
