comms_cons: 14.296691199840888
finished_reconf: true
global_termination_time: 103729.319
local_termination_time: 33937.77360000011
node_cons: 2096.464047199643
tot_aggregated_send: 522
tot_msg_rcv: 669
tot_msg_sent: 982
tot_reconf_duration: 5.57
tot_sleeping_duration: 102169.27420000026
tot_uptimes: 27
tot_uptimes_duration: 1560.044799999734
