comms_cons: 128.31413759793057
finished_reconf: true
global_termination_time: 1296081.723
local_termination_time: 202558.71436000004
node_cons: 26613.37172000004
tot_aggregated_send: 18560
tot_msg_rcv: 319
tot_msg_sent: 624
tot_reconf_duration: 15.34
tot_sleeping_duration: 1276221.723
tot_uptimes: 332
tot_uptimes_duration: 19860.0
