comms_cons: 165.80270077899095
finished_reconf: true
global_termination_time: 1612979.999
local_termination_time: 49556.58012000009
node_cons: 33189.005227817855
tot_aggregated_send: 21402
tot_msg_rcv: 1241
tot_msg_sent: 2558
tot_reconf_duration: 6.279999999999999
tot_sleeping_duration: 1588199.9564400166
tot_uptimes: 414
tot_uptimes_duration: 24780.04255998344
