comms_cons: 162.07859198772695
finished_reconf: true
global_termination_time: 1612808.085
local_termination_time: 775627.1423599998
node_cons: 33184.60263999982
tot_aggregated_send: 22620
tot_msg_rcv: 683
tot_msg_sent: 1332
tot_reconf_duration: 3.08
tot_sleeping_duration: 1588028.0850000002
tot_uptimes: 414
tot_uptimes_duration: 24779.999999999884
