comms_cons: 165.08963198105644
finished_reconf: true
global_termination_time: 1613079.433
local_termination_time: 663326.7243599979
node_cons: 33187.008967817936
tot_aggregated_send: 21692
tot_msg_rcv: 1184
tot_msg_sent: 2216
tot_reconf_duration: 4.8100000000000005
tot_sleeping_duration: 1588299.3904400165
tot_uptimes: 414
tot_uptimes_duration: 24780.04255998344
