comms_cons: 167.56763517904375
finished_reconf: true
global_termination_time: 1615687.145
local_termination_time: 347728.3743600001
node_cons: 33187.86721006071
tot_aggregated_send: 21344
tot_msg_rcv: 1507
tot_msg_sent: 2618
tot_reconf_duration: 5.43
tot_sleeping_duration: 1590907.0902800146
tot_uptimes: 414
tot_uptimes_duration: 24780.05471998558
