comms_cons: 1813.0895600401386
finished_reconf: true
global_termination_time: 6216130.641239999
local_termination_time: 6216130.600119999
node_cons: 254023.3719934666
tot_aggregated_send: 0
tot_msg_rcv: 92298
tot_msg_sent: 183281
tot_reconf_duration: 37.410000000000004
tot_sleeping_duration: 6026457.325920003
tot_uptimes: 3134
tot_uptimes_duration: 189673.31531999714
