comms_cons: 1225.6556256732208
finished_reconf: true
global_termination_time: 6216131.241239997
local_termination_time: 2363.431480000002
node_cons: 127897.22678582433
tot_aggregated_send: 0
tot_msg_rcv: 93986
tot_msg_sent: 92305
tot_reconf_duration: 18.21
tot_sleeping_duration: 6120632.736680006
tot_uptimes: 1592
tot_uptimes_duration: 95498.50455999136
