comms_cons: 623.1793857735234
finished_reconf: true
global_termination_time: 6216242.381
local_termination_time: 1857590.0167599982
node_cons: 127849.59469357043
tot_aggregated_send: 84912
tot_msg_rcv: 3090
tot_msg_sent: 6717
tot_reconf_duration: 15.34
tot_sleeping_duration: 6120776.538600019
tot_uptimes: 1592
tot_uptimes_duration: 95465.84239998087
