comms_cons: 618.9857665256229
finished_reconf: true
global_termination_time: 6219248.736
local_termination_time: 2080872.751759999
node_cons: 127919.21370669869
tot_aggregated_send: 85666
tot_msg_rcv: 2967
tot_msg_sent: 5450
tot_reconf_duration: 13.17
tot_sleeping_duration: 6123728.699520012
tot_uptimes: 1593
tot_uptimes_duration: 95520.0364799872
