comms_cons: 614.6640192922978
finished_reconf: true
global_termination_time: 6218412.555
local_termination_time: 3618339.9938799995
node_cons: 127921.84822669924
tot_aggregated_send: 85898
tot_msg_rcv: 2657
tot_msg_sent: 4869
tot_reconf_duration: 15.110000000000001
tot_sleeping_duration: 6122892.5185200125
tot_uptimes: 1593
tot_uptimes_duration: 95520.0364799872
