comms_cons: 608.2029696560031
finished_reconf: true
global_termination_time: 6216353.139
local_termination_time: 3758898.6213199985
node_cons: 127838.10782223006
tot_aggregated_send: 86884
tot_msg_rcv: 1844
tot_msg_sent: 3714
tot_reconf_duration: 12.629999999999999
tot_sleeping_duration: 6120893.126840005
tot_uptimes: 1592
tot_uptimes_duration: 95460.01215999573
