comms_cons: 611.4843520347797
finished_reconf: true
global_termination_time: 6218590.317
local_termination_time: 4575296.722719998
node_cons: 127917.44019999517
tot_aggregated_send: 89204
tot_msg_rcv: 1266
tot_msg_sent: 2471
tot_reconf_duration: 11.899999999999999
tot_sleeping_duration: 6123070.317
tot_uptimes: 1593
tot_uptimes_duration: 95520.0
