comms_cons: 618.4530561199259
finished_reconf: true
global_termination_time: 6217046.67
local_termination_time: 1490886.32736
node_cons: 127916.71225005
tot_aggregated_send: 86594
tot_msg_rcv: 2412
tot_msg_sent: 4992
tot_reconf_duration: 11.31
tot_sleeping_duration: 6121526.615280019
tot_uptimes: 1593
tot_uptimes_duration: 95520.05471998057
