comms_cons: 2.171135999992826
finished_reconf: true
global_termination_time: 15294.804
local_termination_time: 5760.72036
node_cons: 275.37740000000025
tot_aggregated_send: 0
tot_msg_rcv: 178
tot_msg_sent: 151
tot_reconf_duration: 25.299999999999997
tot_sleeping_duration: 15114.804
tot_uptimes: 4
tot_uptimes_duration: 180.0
