comms_cons: 104.74872960095942
finished_reconf: true
global_termination_time: 1071886.01024
local_termination_time: 58213.51548000001
node_cons: 22058.464254015526
tot_aggregated_send: 9686
tot_msg_rcv: 2426
tot_msg_sent: 3813
tot_reconf_duration: 18.21
tot_sleeping_duration: 1055430.6442399884
tot_uptimes: 275
tot_uptimes_duration: 16455.366000011578
