comms_cons: 102.77368319918982
finished_reconf: true
global_termination_time: 1072281.48
local_termination_time: 101938.59935999998
node_cons: 22043.926841116878
tot_aggregated_send: 15370
tot_msg_rcv: 96
tot_msg_sent: 155
tot_reconf_duration: 22.65
tot_sleeping_duration: 1055841.4739200023
tot_uptimes: 275
tot_uptimes_duration: 16440.006079997635
