comms_cons: 106.14286080105526
finished_reconf: true
global_termination_time: 1076475.834
local_termination_time: 88266.524
node_cons: 22114.78387352069
tot_aggregated_send: 15009
tot_msg_rcv: 428
tot_msg_sent: 696
tot_reconf_duration: 15.34
tot_sleeping_duration: 1059975.4963199995
tot_uptimes: 276
tot_uptimes_duration: 16500.337680000477
