comms_cons: 8.606220800132222
finished_reconf: true
global_termination_time: 72295.96
local_termination_time: 45438.617
node_cons: 1454.672663360872
tot_aggregated_send: 520
tot_msg_rcv: 267
tot_msg_sent: 522
tot_reconf_duration: 6.279999999999999
tot_sleeping_duration: 71215.94175999936
tot_uptimes: 19
tot_uptimes_duration: 1080.0182400006524
