comms_cons: 7.988403200108233
finished_reconf: true
global_termination_time: 72788.911
local_termination_time: 30593.062440000005
node_cons: 1461.0145233608748
tot_aggregated_send: 464
tot_msg_rcv: 276
tot_msg_sent: 474
tot_reconf_duration: 10.95
tot_sleeping_duration: 71708.89275999935
tot_uptimes: 19
tot_uptimes_duration: 1080.0182400006524
