comms_cons: 13.415615999745434
finished_reconf: true
global_termination_time: 114727.874
local_termination_time: 63022.799360000005
node_cons: 2350.716143358589
tot_aggregated_send: 986
tot_msg_rcv: 379
tot_msg_sent: 674
tot_reconf_duration: 15.34
tot_sleeping_duration: 112987.85576000105
tot_uptimes: 30
tot_uptimes_duration: 1740.0182399989499
