comms_cons: 10.960947199852436
finished_reconf: true
global_termination_time: 116366.94
local_termination_time: 67936.51835999997
node_cons: 2336.8020822394506
tot_aggregated_send: 928
tot_msg_rcv: 213
tot_msg_sent: 525
tot_reconf_duration: 5.1
tot_sleeping_duration: 114626.92784000043
tot_uptimes: 30
tot_uptimes_duration: 1740.0121599995837
