comms_cons: 12.014873600047924
finished_reconf: true
global_termination_time: 111845.847
local_termination_time: 67483.47123999972
node_cons: 2280.2787000000117
tot_aggregated_send: 1160
tot_msg_rcv: 336
tot_msg_sent: 331
tot_reconf_duration: 22.65
tot_sleeping_duration: 110165.847
tot_uptimes: 29
tot_uptimes_duration: 1680.0
