comms_cons: 13.105766399890683
finished_reconf: true
global_termination_time: 111048.29423999992
local_termination_time: 1050.6561600000016
node_cons: 2275.9456604790375
tot_aggregated_send: 870
tot_msg_rcv: 423
tot_msg_sent: 698
tot_reconf_duration: 5.43
tot_sleeping_duration: 109354.06592000063
tot_uptimes: 29
tot_uptimes_duration: 1694.2283199992817
