comms_cons: 71.67408639853466
finished_reconf: true
global_termination_time: 705037.117
local_termination_time: 23780.431040000003
node_cons: 14467.764544485746
tot_aggregated_send: 9570
tot_msg_rcv: 452
tot_msg_sent: 872
tot_reconf_duration: 4.8100000000000005
tot_sleeping_duration: 694237.0926799957
tot_uptimes: 181
tot_uptimes_duration: 10800.024320004275
