comms_cons: 68.96975359892339
finished_reconf: true
global_termination_time: 703761.643
local_termination_time: 540572.1703599999
node_cons: 14476.558979999938
tot_aggregated_send: 10266
tot_msg_rcv: 53
tot_msg_sent: 164
tot_reconf_duration: 11.31
tot_sleeping_duration: 692961.643
tot_uptimes: 181
tot_uptimes_duration: 10800.0
