comms_cons: 444.05692171655306
finished_reconf: true
global_termination_time: 4403464.348
local_termination_time: 276604.00036000006
node_cons: 90550.84175340619
tot_aggregated_send: 61132
tot_msg_rcv: 2117
tot_msg_sent: 4243
tot_reconf_duration: 5.57
tot_sleeping_duration: 4335844.275040024
tot_uptimes: 1128
tot_uptimes_duration: 67620.07295997656
