comms_cons: 440.4396992839131
finished_reconf: true
global_termination_time: 4399711.586
local_termination_time: 1283119.6432799983
node_cons: 90467.08776893419
tot_aggregated_send: 61364
tot_msg_rcv: 1798
tot_msg_sent: 3781
tot_reconf_duration: 3.08
tot_sleeping_duration: 4332151.537360017
tot_uptimes: 1127
tot_uptimes_duration: 67560.04863998247
