comms_cons: 437.22136328037465
finished_reconf: true
global_termination_time: 4398761.498
local_termination_time: 2573635.76336
node_cons: 90475.67306558348
tot_aggregated_send: 60900
tot_msg_rcv: 1835
tot_msg_sent: 3721
tot_reconf_duration: 9.42
tot_sleeping_duration: 4331201.467600011
tot_uptimes: 1127
tot_uptimes_duration: 67560.0303999891
