comms_cons: 434.6616768549413
finished_reconf: true
global_termination_time: 4400524.455
local_termination_time: 2750840.4014799995
node_cons: 90482.75507530247
tot_aggregated_send: 60842
tot_msg_rcv: 1571
tot_msg_sent: 3653
tot_reconf_duration: 12.629999999999999
tot_sleeping_duration: 4332962.391120011
tot_uptimes: 1127
tot_uptimes_duration: 67562.06387998885
