comms_cons: 444.26647688936646
finished_reconf: true
global_termination_time: 4398610.043
local_termination_time: 1567355.7917999984
node_cons: 90471.35188893437
tot_aggregated_send: 60784
tot_msg_rcv: 2212
tot_msg_sent: 4529
tot_reconf_duration: 6.22
tot_sleeping_duration: 4331049.994360018
tot_uptimes: 1127
tot_uptimes_duration: 67560.0486399827
