comms_cons: 442.5374912827573
finished_reconf: true
global_termination_time: 4404488.889
local_termination_time: 1363050.62836
node_cons: 90558.60410893417
tot_aggregated_send: 61538
tot_msg_rcv: 1896
tot_msg_sent: 3828
tot_reconf_duration: 11.31
tot_sleeping_duration: 4336868.8403600175
tot_uptimes: 1128
tot_uptimes_duration: 67620.04863998247
