comms_cons: 68.92369919967773
finished_reconf: true
global_termination_time: 694296.8673599989
local_termination_time: 694296.8262399989
node_cons: 14305.71859328132
tot_aggregated_send: 9788
tot_msg_rcv: 188
tot_msg_sent: 499
tot_reconf_duration: 24.59
tot_sleeping_duration: 683637.9238399978
tot_uptimes: 178
tot_uptimes_duration: 10658.943520000961
