comms_cons: 69.2395007996027
finished_reconf: true
global_termination_time: 694296.89124
local_termination_time: 39868.84348000001
node_cons: 14245.779982719752
tot_aggregated_send: 9570
tot_msg_rcv: 364
tot_msg_sent: 589
tot_reconf_duration: 4.8100000000000005
tot_sleeping_duration: 683662.6507600002
tot_uptimes: 178
tot_uptimes_duration: 10634.240479999804
