comms_cons: 413.83217282014175
finished_reconf: true
global_termination_time: 4217078.037
local_termination_time: 427474.4948800005
node_cons: 86717.70825228418
tot_aggregated_send: 57478
tot_msg_rcv: 1796
tot_msg_sent: 3628
tot_reconf_duration: 22.65
tot_sleeping_duration: 4152337.9701200244
tot_uptimes: 1080
tot_uptimes_duration: 64740.06687997491
