comms_cons: 413.85267200495315
finished_reconf: true
global_termination_time: 4215219.948
local_termination_time: 1103111.8936399983
node_cons: 86693.44082669973
tot_aggregated_send: 57014
tot_msg_rcv: 2108
tot_msg_sent: 3782
tot_reconf_duration: 4.8100000000000005
tot_sleeping_duration: 4150479.9115200136
tot_uptimes: 1080
tot_uptimes_duration: 64740.036479986506
