comms_cons: 59.88061440599929
finished_reconf: true
global_termination_time: 302570.829
local_termination_time: 2946.7303600000005
node_cons: 6194.6267600000065
tot_aggregated_send: 0
tot_msg_rcv: 4631
tot_msg_sent: 4469
tot_reconf_duration: 6.22
tot_sleeping_duration: 297950.829
tot_uptimes: 78
tot_uptimes_duration: 4620.0
