comms_cons: 59.625574405667365
finished_reconf: true
global_termination_time: 303119.384
local_termination_time: 405.32203999999945
node_cons: 6207.019861120013
tot_aggregated_send: 0
tot_msg_rcv: 4599
tot_msg_sent: 4460
tot_reconf_duration: 15.34
tot_sleeping_duration: 298499.37792
tot_uptimes: 78
tot_uptimes_duration: 4620.006080000005
