comms_cons: 159.3815936178945
finished_reconf: true
global_termination_time: 331551.8428000003
local_termination_time: 331551.80168000027
node_cons: 20011.81096240472
tot_aggregated_send: 0
tot_msg_rcv: 9807
tot_msg_sent: 14415
tot_reconf_duration: 24.59
tot_sleeping_duration: 316631.4411999968
tot_uptimes: 246
tot_uptimes_duration: 14920.401600003497
