comms_cons: 65.40834560723927
finished_reconf: true
global_termination_time: 333039.176
local_termination_time: 1936.8824800000004
node_cons: 6859.658700000006
tot_aggregated_send: 0
tot_msg_rcv: 5030
tot_msg_sent: 4911
tot_reconf_duration: 22.65
tot_sleeping_duration: 327939.176
tot_uptimes: 86
tot_uptimes_duration: 5100.0
