comms_cons: 175.9021183946561
finished_reconf: true
global_termination_time: 602777.7654399996
local_termination_time: 1109.8540400000015
node_cons: 24658.520178159517
tot_aggregated_send: 0
tot_msg_rcv: 8956
tot_msg_sent: 17780
tot_reconf_duration: 4.390000000000001
tot_sleeping_duration: 584366.594
tot_uptimes: 304
tot_uptimes_duration: 18411.171439999613
