comms_cons: 38.146828801213665
finished_reconf: true
global_termination_time: 213097.80124000015
local_termination_time: 57084.939
node_cons: 4365.287949360211
tot_aggregated_send: 0
tot_msg_rcv: 2908
tot_msg_sent: 2889
tot_reconf_duration: 4.8100000000000005
tot_sleeping_duration: 209842.569
tot_uptimes: 55
tot_uptimes_duration: 3255.2322400001576
