comms_cons: 21.07317760006686
finished_reconf: true
global_termination_time: 215096.281
local_termination_time: 194298.09236000004
node_cons: 4429.319559999973
tot_aggregated_send: 2958
tot_msg_rcv: 64
tot_msg_sent: 181
tot_reconf_duration: 7.819999999999999
tot_sleeping_duration: 211796.281
tot_uptimes: 56
tot_uptimes_duration: 3300.0
