comms_cons: 126.86796799791472
finished_reconf: true
global_termination_time: 1291372.954
local_termination_time: 464794.07436
node_cons: 26546.557400000027
tot_aggregated_send: 18734
tot_msg_rcv: 166
tot_msg_sent: 384
tot_reconf_duration: 25.299999999999997
tot_sleeping_duration: 1271572.954
tot_uptimes: 331
tot_uptimes_duration: 19800.0
