comms_cons: 463.02435844297503
finished_reconf: true
global_termination_time: 4726758.427
local_termination_time: 1589486.14536
node_cons: 97222.06026558245
tot_aggregated_send: 65250
tot_msg_rcv: 1702
tot_msg_sent: 3425
tot_reconf_duration: 7.819999999999999
tot_sleeping_duration: 4654158.396600012
tot_uptimes: 1211
tot_uptimes_duration: 72600.03039998887
