comms_cons: 20.553420800181023
finished_reconf: true
global_termination_time: 205772.493
local_termination_time: 6205.031640000005
node_cons: 4194.0013460803
tot_aggregated_send: 2842
tot_msg_rcv: 118
tot_msg_sent: 164
tot_reconf_duration: 11.31
tot_sleeping_duration: 202651.77427999978
tot_uptimes: 53
tot_uptimes_duration: 3120.7187200002218
