comms_cons: 161.69762559540374
finished_reconf: true
global_termination_time: 1636863.43
local_termination_time: 1036086.4433599998
node_cons: 33687.21360335046
tot_aggregated_send: 22968
tot_msg_rcv: 518
tot_msg_sent: 1091
tot_reconf_duration: 18.21
tot_sleeping_duration: 1611723.411760007
tot_uptimes: 420
tot_uptimes_duration: 25140.018239992904
