comms_cons: 165.4643455881633
finished_reconf: true
global_termination_time: 1639782.185
local_termination_time: 1104754.0264799998
node_cons: 33693.24312335038
tot_aggregated_send: 21460
tot_msg_rcv: 1205
tot_msg_sent: 2485
tot_reconf_duration: 22.65
tot_sleeping_duration: 1614642.1667600072
tot_uptimes: 420
tot_uptimes_duration: 25140.018239992904
