comms_cons: 39.291609600306806
finished_reconf: true
global_termination_time: 385623.6875200004
local_termination_time: 385623.6464000004
node_cons: 7948.998304399687
tot_aggregated_send: 5162
tot_msg_rcv: 273
tot_msg_sent: 537
tot_reconf_duration: 24.59
tot_sleeping_duration: 379712.1079200007
tot_uptimes: 99
tot_uptimes_duration: 5911.57959999975
