comms_cons: 39.7752192002841
finished_reconf: true
global_termination_time: 388357.797
local_termination_time: 283337.61236
node_cons: 7988.025541121425
tot_aggregated_send: 5046
tot_msg_rcv: 338
tot_msg_sent: 661
tot_reconf_duration: 25.299999999999997
tot_sleeping_duration: 382417.79091999895
tot_uptimes: 100
tot_uptimes_duration: 5940.006080001069
