comms_cons: 39.37651200070916
finished_reconf: true
global_termination_time: 388552.32
local_termination_time: 132840.99836000052
node_cons: 7960.191980000007
tot_aggregated_send: 5336
tot_msg_rcv: 247
tot_msg_sent: 402
tot_reconf_duration: 4.8100000000000005
tot_sleeping_duration: 382612.32
tot_uptimes: 100
tot_uptimes_duration: 5940.0
