comms_cons: 2057.3513339312867
finished_reconf: true
global_termination_time: 7057464.6646
local_termination_time: 7057464.62348
node_cons: 288154.2654503967
tot_aggregated_send: 0
tot_msg_rcv: 104805
tot_msg_sent: 207903
tot_reconf_duration: 37.410000000000004
tot_sleeping_duration: 6842301.511000001
tot_uptimes: 3548
tot_uptimes_duration: 215163.15359999883
