comms_cons: 694.1320129350664
finished_reconf: true
global_termination_time: 7061410.967
local_termination_time: 4092896.63936
node_cons: 145272.66184781474
tot_aggregated_send: 97730
tot_msg_rcv: 2486
tot_msg_sent: 5287
tot_reconf_duration: 13.17
tot_sleeping_duration: 6952930.924440015
tot_uptimes: 1809
tot_uptimes_duration: 108480.04255998484
