comms_cons: 705.1920769637511
finished_reconf: true
global_termination_time: 7058192.507
local_termination_time: 1012138.29536
node_cons: 145182.9081711661
tot_aggregated_send: 98426
tot_msg_rcv: 2891
tot_msg_sent: 5868
tot_reconf_duration: 6.22
tot_sleeping_duration: 6949772.446200022
tot_uptimes: 1808
tot_uptimes_duration: 108420.06079997821
