comms_cons: 339.75769599884495
finished_reconf: true
global_termination_time: 3427068.194
local_termination_time: 2201989.3063600003
node_cons: 70465.76848334963
tot_aggregated_send: 45124
tot_msg_rcv: 2225
tot_msg_sent: 4292
tot_reconf_duration: 5.57
tot_sleeping_duration: 3374448.175760007
tot_uptimes: 878
tot_uptimes_duration: 52620.01823999314
