comms_cons: 341.645318422354
finished_reconf: true
global_termination_time: 3427186.247
local_termination_time: 1554464.36836
node_cons: 70464.77710893411
tot_aggregated_send: 45588
tot_msg_rcv: 2209
tot_msg_sent: 4131
tot_reconf_duration: 4.8100000000000005
tot_sleeping_duration: 3374566.198360018
tot_uptimes: 878
tot_uptimes_duration: 52620.048639981775
