comms_cons: 341.94859521802516
finished_reconf: true
global_termination_time: 3427457.363
local_termination_time: 1628534.5093599998
node_cons: 70466.6918889343
tot_aggregated_send: 45762
tot_msg_rcv: 2083
tot_msg_sent: 4130
tot_reconf_duration: 6.22
tot_sleeping_duration: 3374837.314360018
tot_uptimes: 878
tot_uptimes_duration: 52620.04863998201
