comms_cons: 114.40633599772572
finished_reconf: true
global_termination_time: 1159347.566
local_termination_time: 4501.2300000000005
node_cons: 23786.699382237162
tot_aggregated_send: 16641
tot_msg_rcv: 224
tot_msg_sent: 524
tot_reconf_duration: 4.45
tot_sleeping_duration: 1141587.5538400023
tot_uptimes: 297
tot_uptimes_duration: 17760.012159997852
