comms_cons: 114.8339839958715
finished_reconf: true
global_termination_time: 1159242.774
local_termination_time: 5169.723
node_cons: 23785.7759422383
tot_aggregated_send: 16467
tot_msg_rcv: 289
tot_msg_sent: 698
tot_reconf_duration: 3.77
tot_sleeping_duration: 1141482.7618400012
tot_uptimes: 297
tot_uptimes_duration: 17760.012159998703
