comms_cons: 158.56529919479385
finished_reconf: true
global_termination_time: 1606356.821
local_termination_time: 746296.6513599999
node_cons: 33030.72622
tot_aggregated_send: 23258
tot_msg_rcv: 270
tot_msg_sent: 573
tot_reconf_duration: 8.09
tot_sleeping_duration: 1581696.821
tot_uptimes: 412
tot_uptimes_duration: 24660.0
