comms_cons: 158.96663039406803
finished_reconf: true
global_termination_time: 1606997.129
local_termination_time: 1041683.6024799998
node_cons: 33034.610099999976
tot_aggregated_send: 23200
tot_msg_rcv: 333
tot_msg_sent: 629
tot_reconf_duration: 10.95
tot_sleeping_duration: 1582337.129
tot_uptimes: 412
tot_uptimes_duration: 24660.0
