comms_cons: 164.0266239877939
finished_reconf: true
global_termination_time: 1610094.697
local_termination_time: 369369.5567200001
node_cons: 33110.74840670564
tot_aggregated_send: 21924
tot_msg_rcv: 1028
tot_msg_sent: 1978
tot_reconf_duration: 7.819999999999999
tot_sleeping_duration: 1585374.6605200106
tot_uptimes: 413
tot_uptimes_duration: 24720.03647998924
