comms_cons: 164.0033151814626
finished_reconf: true
global_termination_time: 1606716.772
local_termination_time: 412409.2846400004
node_cons: 33028.268171168325
tot_aggregated_send: 21576
tot_msg_rcv: 1080
tot_msg_sent: 2271
tot_reconf_duration: 6.22
tot_sleeping_duration: 1582056.7112000238
tot_uptimes: 412
tot_uptimes_duration: 24660.060799976345
