comms_cons: 158.92120318633843
finished_reconf: true
global_termination_time: 1584388.408
local_termination_time: 173109.75836000007
node_cons: 32543.70232559335
tot_aggregated_send: 21170
tot_msg_rcv: 1061
tot_msg_sent: 1925
tot_reconf_duration: 4.390000000000001
tot_sleeping_duration: 1560088.3776000051
tot_uptimes: 406
tot_uptimes_duration: 24300.030399994983
