comms_cons: 625.3533441152022
finished_reconf: true
global_termination_time: 6287967.91
local_termination_time: 2314764.999519998
node_cons: 129356.0015100502
tot_aggregated_send: 88682
tot_msg_rcv: 2125
tot_msg_sent: 4244
tot_reconf_duration: 6.279999999999999
tot_sleeping_duration: 6191367.855280019
tot_uptimes: 1611
tot_uptimes_duration: 96600.05471998057
