comms_cons: 626.623372932872
finished_reconf: true
global_termination_time: 6285116.036
local_termination_time: 3086067.21236
node_cons: 129284.98979682285
tot_aggregated_send: 87000
tot_msg_rcv: 2964
tot_msg_sent: 5280
tot_reconf_duration: 13.17
tot_sleeping_duration: 6188576.00244001
tot_uptimes: 1610
tot_uptimes_duration: 96540.03355999035
