comms_cons: 351.20904319895396
finished_reconf: true
global_termination_time: 3527338.853
local_termination_time: 1342546.8623999981
node_cons: 72555.5563811152
tot_aggregated_send: 49474
tot_msg_rcv: 1354
tot_msg_sent: 2553
tot_reconf_duration: 6.279999999999999
tot_sleeping_duration: 3473158.8469200027
tot_uptimes: 904
tot_uptimes_duration: 54180.006079997635
