comms_cons: 357.39058568063587
finished_reconf: true
global_termination_time: 3527224.363
local_termination_time: 56746.47960000002
node_cons: 72581.47600392501
tot_aggregated_send: 48198
tot_msg_rcv: 1956
tot_msg_sent: 4166
tot_reconf_duration: 25.299999999999997
tot_sleeping_duration: 3473044.2893600245
tot_uptimes: 904
tot_uptimes_duration: 54180.073639975104
