comms_cons: 350.6318848319482
finished_reconf: true
global_termination_time: 3525213.115
local_termination_time: 433957.11940000084
node_cons: 72473.28525005047
tot_aggregated_send: 49996
tot_msg_rcv: 1044
tot_msg_sent: 2254
tot_reconf_duration: 4.8100000000000005
tot_sleeping_duration: 3471093.060280021
tot_uptimes: 903
tot_uptimes_duration: 54120.054719979176
