comms_cons: 346.7519680010885
finished_reconf: true
global_termination_time: 3525683.88
local_termination_time: 2735067.0443599997
node_cons: 72482.06340334953
tot_aggregated_send: 49126
tot_msg_rcv: 1189
tot_msg_sent: 2389
tot_reconf_duration: 11.31
tot_sleeping_duration: 3471563.8617600063
tot_uptimes: 903
tot_uptimes_duration: 54120.01823999337
