comms_cons: 291.35231998346853
finished_reconf: true
global_termination_time: 2991307.211
local_termination_time: 1323294.485119998
node_cons: 61544.6470633494
tot_aggregated_send: 41528
tot_msg_rcv: 920
tot_msg_sent: 1836
tot_reconf_duration: 3.08
tot_sleeping_duration: 2945347.192760007
tot_uptimes: 767
tot_uptimes_duration: 45960.0182399929
