comms_cons: 300.8668160076788
finished_reconf: true
global_termination_time: 2993497.328
local_termination_time: 100067.55755999986
node_cons: 61555.38337005519
tot_aggregated_send: 41412
tot_msg_rcv: 1470
tot_msg_sent: 2848
tot_reconf_duration: 10.95
tot_sleeping_duration: 2947537.2732800175
tot_uptimes: 767
tot_uptimes_duration: 45960.05471998236
