comms_cons: 296.9106816000755
finished_reconf: true
global_termination_time: 2993954.53
local_termination_time: 903932.05236
node_cons: 61544.638887817324
tot_aggregated_send: 41180
tot_msg_rcv: 1270
tot_msg_sent: 2678
tot_reconf_duration: 3.05
tot_sleeping_duration: 2947994.487440016
tot_uptimes: 767
tot_uptimes_duration: 45960.04255998391
