comms_cons: 298.0772352030047
finished_reconf: true
global_termination_time: 2993487.069
local_termination_time: 1034037.328119998
node_cons: 61553.01932037756
tot_aggregated_send: 41412
tot_msg_rcv: 1280
tot_msg_sent: 2614
tot_reconf_duration: 7.819999999999999
tot_sleeping_duration: 2947525.605400016
tot_uptimes: 767
tot_uptimes_duration: 45961.46359998407
