comms_cons: 294.674028805557
finished_reconf: true
global_termination_time: 2991547.169
local_termination_time: 1103167.6609199983
node_cons: 61548.92746558324
tot_aggregated_send: 41702
tot_msg_rcv: 993
tot_msg_sent: 2093
tot_reconf_duration: 6.22
tot_sleeping_duration: 2945587.138600012
tot_uptimes: 767
tot_uptimes_duration: 45960.030399988405
