comms_cons: 182.18368638940535
finished_reconf: true
global_termination_time: 1815005.122
local_termination_time: 519541.7078800004
node_cons: 37284.69394111665
tot_aggregated_send: 25230
tot_msg_rcv: 780
tot_msg_sent: 1681
tot_reconf_duration: 5.1
tot_sleeping_duration: 1787165.1159200023
tot_uptimes: 465
tot_uptimes_duration: 27840.006079997635
