comms_cons: 183.10501118377212
finished_reconf: true
global_termination_time: 1812451.0992400001
local_termination_time: 8448.242479999999
node_cons: 37312.21954718692
tot_aggregated_send: 24998
tot_msg_rcv: 969
tot_msg_sent: 1862
tot_reconf_duration: 11.31
tot_sleeping_duration: 1784596.83444001
tot_uptimes: 465
tot_uptimes_duration: 27854.264799990342
