comms_cons: 46.0325632003561
finished_reconf: true
global_termination_time: 458061.23
local_termination_time: 87083.28199999947
node_cons: 9431.184463999316
tot_aggregated_send: 6438
tot_msg_rcv: 217
tot_msg_sent: 342
tot_reconf_duration: 15.34
tot_sleeping_duration: 451033.3340000005
tot_uptimes: 118
tot_uptimes_duration: 7027.8959999994695
