comms_cons: 45.258316800357434
finished_reconf: true
global_termination_time: 453874.347
local_termination_time: 13961.508320000003
node_cons: 9327.004060000014
tot_aggregated_send: 6438
tot_msg_rcv: 155
tot_msg_sent: 286
tot_reconf_duration: 5.57
tot_sleeping_duration: 446914.347
tot_uptimes: 117
tot_uptimes_duration: 6960.0
