comms_cons: 81.79919359872595
finished_reconf: true
global_termination_time: 827028.036
local_termination_time: 35623.22960000002
node_cons: 16955.88190000003
tot_aggregated_send: 11890
tot_msg_rcv: 197
tot_msg_sent: 346
tot_reconf_duration: 3.05
tot_sleeping_duration: 814368.036
tot_uptimes: 212
tot_uptimes_duration: 12660.0
