comms_cons: 425.0034624156252
finished_reconf: true
global_termination_time: 4333185.346
local_termination_time: 3089780.8883599997
node_cons: 89114.94485999751
tot_aggregated_send: 62408
tot_msg_rcv: 732
tot_msg_sent: 1457
tot_reconf_duration: 13.17
tot_sleeping_duration: 4266645.346
tot_uptimes: 1110
tot_uptimes_duration: 66540.0
