comms_cons: 1976.9354018207084
finished_reconf: true
global_termination_time: 4332625.754
local_termination_time: 1121166.1769199984
node_cons: 262988.3727796907
tot_aggregated_send: 0
tot_msg_rcv: 121459
tot_msg_sent: 179024
tot_reconf_duration: 6.22
tot_sleeping_duration: 4136225.5105200144
tot_uptimes: 3219
tot_uptimes_duration: 196400.24347998493
