comms_cons: 429.92062724763167
finished_reconf: true
global_termination_time: 4332655.317
local_termination_time: 2201929.87136
node_cons: 89104.45836334897
tot_aggregated_send: 60842
tot_msg_rcv: 1540
tot_msg_sent: 2964
tot_reconf_duration: 5.43
tot_sleeping_duration: 4266115.298760007
tot_uptimes: 1110
tot_uptimes_duration: 66540.01823999337
