comms_cons: 137.00526080007467
finished_reconf: true
global_termination_time: 1430290.282
local_termination_time: 262102.7150000009
node_cons: 29412.968240000046
tot_aggregated_send: 20590
tot_msg_rcv: 63
tot_msg_sent: 171
tot_reconf_duration: 6.279999999999999
tot_sleeping_duration: 1408330.282
tot_uptimes: 367
tot_uptimes_duration: 21960.0
