comms_cons: 137.93978879757412
finished_reconf: true
global_termination_time: 1430749.885
local_termination_time: 28991.112640000003
node_cons: 29458.48423496005
tot_aggregated_send: 20126
tot_msg_rcv: 307
tot_msg_sent: 533
tot_reconf_duration: 25.299999999999997
tot_sleeping_duration: 1408775.18236
tot_uptimes: 367
tot_uptimes_duration: 21974.702640000003
