comms_cons: 137.8743424000578
finished_reconf: true
global_termination_time: 1430665.273
local_termination_time: 598110.08936
node_cons: 29415.059560000136
tot_aggregated_send: 20648
tot_msg_rcv: 127
tot_msg_sent: 181
tot_reconf_duration: 7.819999999999999
tot_sleeping_duration: 1408705.273
tot_uptimes: 367
tot_uptimes_duration: 21960.0
