comms_cons: 61.69218559892186
finished_reconf: true
global_termination_time: 619910.163
local_termination_time: 25317.087880000003
node_cons: 12700.25198000002
tot_aggregated_send: 8816
tot_msg_rcv: 216
tot_msg_sent: 344
tot_reconf_duration: 4.8100000000000005
tot_sleeping_duration: 610430.163
tot_uptimes: 159
tot_uptimes_duration: 9480.0
