comms_cons: 179.39056639099738
finished_reconf: true
global_termination_time: 614935.1588399988
local_termination_time: 2412.2060400000014
node_cons: 25084.3802467584
tot_aggregated_send: 0
tot_msg_rcv: 9178
tot_msg_sent: 18084
tot_reconf_duration: 6.22
tot_sleeping_duration: 596207.8
tot_uptimes: 308
tot_uptimes_duration: 18727.35883999878
