comms_cons: 491.89096326144397
finished_reconf: true
global_termination_time: 4951075.913
local_termination_time: 1851100.4456399982
node_cons: 101798.36034223143
tot_aggregated_send: 68324
tot_msg_rcv: 2168
tot_msg_sent: 4270
tot_reconf_duration: 5.57
tot_sleeping_duration: 4875055.900840004
tot_uptimes: 1268
tot_uptimes_duration: 76020.01215999573
