comms_cons: 496.78446728351963
finished_reconf: true
global_termination_time: 4950670.969
local_termination_time: 127246.77047999996
node_cons: 101797.38525005378
tot_aggregated_send: 68962
tot_msg_rcv: 2278
tot_msg_sent: 4269
tot_reconf_duration: 4.8100000000000005
tot_sleeping_duration: 4874650.914280017
tot_uptimes: 1268
tot_uptimes_duration: 76020.05471998261
