comms_cons: 2063.4940774024276
finished_reconf: true
global_termination_time: 4949389.976
local_termination_time: 1383417.4980000001
node_cons: 300547.6453180227
tot_aggregated_send: 0
tot_msg_rcv: 126667
tot_msg_sent: 186973
tot_reconf_duration: 6.22
tot_sleeping_duration: 4724939.491640014
tot_uptimes: 3674
tot_uptimes_duration: 224450.48435998568
