comms_cons: 281.06444800667083
finished_reconf: false
global_termination_time: 2809745.326
local_termination_time: 0
node_cons: 57844.80814111611
tot_aggregated_send: 39904
tot_msg_rcv: 959
tot_msg_sent: 1857
tot_reconf_duration: 0
tot_sleeping_duration: 2766545.319920002
tot_uptimes: 720
tot_uptimes_duration: 43200.00607999787
