comms_cons: 282.6772096174824
finished_reconf: true
global_termination_time: 2808813.894
local_termination_time: 918078.2630399984
node_cons: 57851.388967817504
tot_aggregated_send: 39382
tot_msg_rcv: 1200
tot_msg_sent: 2385
tot_reconf_duration: 4.8100000000000005
tot_sleeping_duration: 2765613.851440016
tot_uptimes: 720
tot_uptimes_duration: 43200.04255998391
