comms_cons: 262.5890303887494
finished_reconf: true
global_termination_time: 2624292.228
local_termination_time: 376816.60199999996
node_cons: 53997.08330628846
tot_aggregated_send: 34913
tot_msg_rcv: 1557
tot_msg_sent: 3442
tot_reconf_duration: 4.390000000000001
tot_sleeping_duration: 2583970.2551200227
tot_uptimes: 673
tot_uptimes_duration: 40321.97287997714
