comms_cons: 261.6955135767013
finished_reconf: true
global_termination_time: 2627055.64
local_termination_time: 446249.84096000064
node_cons: 53992.662605583355
tot_aggregated_send: 35032
tot_msg_rcv: 1601
tot_msg_sent: 3145
tot_reconf_duration: 3.05
tot_sleeping_duration: 2586735.6096000117
tot_uptimes: 673
tot_uptimes_duration: 40320.03039998817
