comms_cons: 27.771590400542998
finished_reconf: true
global_termination_time: 261908.9927200001
local_termination_time: 261908.9516000001
node_cons: 5430.119604803025
tot_aggregated_send: 3121
tot_msg_rcv: 325
tot_msg_sent: 774
tot_reconf_duration: 21.23
tot_sleeping_duration: 257875.16951999784
tot_uptimes: 68
tot_uptimes_duration: 4033.823200002247
