comms_cons: 2126.9330280971835
finished_reconf: true
global_termination_time: 4771274.722
local_termination_time: 1202105.6505999998
node_cons: 289293.942423828
tot_aggregated_send: 0
tot_msg_rcv: 130737
tot_msg_sent: 192546
tot_reconf_duration: 6.22
tot_sleeping_duration: 4555228.795440008
tot_uptimes: 3535
tot_uptimes_duration: 216045.92655999196
