comms_cons: 46.63260159987956
finished_reconf: true
global_termination_time: 14644.141360000003
local_termination_time: 1951.407200000005
node_cons: 6086.605578760043
tot_aggregated_send: 0
tot_msg_rcv: 3815
tot_msg_sent: 3272
tot_reconf_duration: 18.21
tot_sleeping_duration: 10116.974519999974
tot_uptimes: 61
tot_uptimes_duration: 4527.166840000029
