comms_cons: 2.290188799993817
finished_reconf: true
global_termination_time: 15138.08
local_termination_time: 4425.816360000001
node_cons: 249.5482400000009
tot_aggregated_send: 0
tot_msg_rcv: 179
tot_msg_sent: 169
tot_reconf_duration: 6.279999999999999
tot_sleeping_duration: 14958.08
tot_uptimes: 4
tot_uptimes_duration: 180.0
