comms_cons: 1.486899199995088
finished_reconf: true
global_termination_time: 18513.39
local_termination_time: 6333.07836
node_cons: 341.87938000000076
tot_aggregated_send: 0
tot_msg_rcv: 122
tot_msg_sent: 104
tot_reconf_duration: 15.110000000000001
tot_sleeping_duration: 18273.39
tot_uptimes: 5
tot_uptimes_duration: 240.0
