comms_cons: 55.25870079996008
finished_reconf: true
global_termination_time: 563933.898
local_termination_time: 37048.18336
node_cons: 11599.718700000009
tot_aggregated_send: 8236
tot_msg_rcv: 68
tot_msg_sent: 95
tot_reconf_duration: 22.65
tot_sleeping_duration: 555293.898
tot_uptimes: 145
tot_uptimes_duration: 8640.0
