comms_cons: 55.0415872002695
finished_reconf: true
global_termination_time: 560840.129
local_termination_time: 145068.4711600003
node_cons: 11501.412359999993
tot_aggregated_send: 8178
tot_msg_rcv: 80
tot_msg_sent: 108
tot_reconf_duration: 9.42
tot_sleeping_duration: 552260.129
tot_uptimes: 144
tot_uptimes_duration: 8580.0
