comms_cons: 55.700134400597896
finished_reconf: true
global_termination_time: 560815.382
local_termination_time: 17315.092999999997
node_cons: 11520.65282640031
tot_aggregated_send: 7886
tot_msg_rcv: 185
tot_msg_sent: 395
tot_reconf_duration: 18.700000000000003
tot_sleeping_duration: 552230.4243999998
tot_uptimes: 144
tot_uptimes_duration: 8584.957600000222
