comms_cons: 55.4823935996685
finished_reconf: true
global_termination_time: 561947.478
local_termination_time: 29124.194359999998
node_cons: 11504.780200000012
tot_aggregated_send: 8004
tot_msg_rcv: 150
tot_msg_sent: 279
tot_reconf_duration: 11.899999999999999
tot_sleeping_duration: 553367.478
tot_uptimes: 144
tot_uptimes_duration: 8580.0
