comms_cons: 56.00215040038964
finished_reconf: true
global_termination_time: 564288.165
local_termination_time: 86651.91835999998
node_cons: 11588.515200000027
tot_aggregated_send: 8120
tot_msg_rcv: 173
tot_msg_sent: 219
tot_reconf_duration: 14.4
tot_sleeping_duration: 555648.165
tot_uptimes: 145
tot_uptimes_duration: 8640.0
