comms_cons: 55.85459840015084
finished_reconf: true
global_termination_time: 562515.783
local_termination_time: 24718.15576
node_cons: 11576.333940000017
tot_aggregated_send: 8120
tot_msg_rcv: 142
tot_msg_sent: 227
tot_reconf_duration: 5.43
tot_sleeping_duration: 553875.783
tot_uptimes: 145
tot_uptimes_duration: 8640.0
