comms_cons: 38.501478400158
finished_reconf: true
global_termination_time: 393116.077
local_termination_time: 4747.052
node_cons: 8044.269182241732
tot_aggregated_send: 5676
tot_msg_rcv: 58
tot_msg_sent: 118
tot_reconf_duration: 7.55
tot_sleeping_duration: 387116.0648399987
tot_uptimes: 101
tot_uptimes_duration: 6000.012160001286
