comms_cons: 40.102041600299614
finished_reconf: true
global_termination_time: 396605.052
local_termination_time: 6985.428
node_cons: 8123.1289622391705
tot_aggregated_send: 5387
tot_msg_rcv: 242
tot_msg_sent: 466
tot_reconf_duration: 6.46
tot_sleeping_duration: 390545.0398400006
tot_uptimes: 102
tot_uptimes_duration: 6060.012159999373
