comms_cons: 80.98995199899016
finished_reconf: true
global_termination_time: 821243.709
local_termination_time: 540761.0993599999
node_cons: 16875.541900000087
tot_aggregated_send: 11832
tot_msg_rcv: 132
tot_msg_sent: 346
tot_reconf_duration: 3.05
tot_sleeping_duration: 808643.709
tot_uptimes: 211
tot_uptimes_duration: 12600.0
