comms_cons: 80.37532159882359
finished_reconf: true
global_termination_time: 820084.339
local_termination_time: 527491.01336
node_cons: 16882.027701116946
tot_aggregated_send: 11774
tot_msg_rcv: 97
tot_msg_sent: 344
tot_reconf_duration: 7.819999999999999
tot_sleeping_duration: 807484.3329200024
tot_uptimes: 211
tot_uptimes_duration: 12600.006079997635
