comms_cons: 62.73925119975551
finished_reconf: true
global_termination_time: 626857.174
local_termination_time: 255427.15736000007
node_cons: 12872.284860000036
tot_aggregated_send: 8758
tot_msg_rcv: 268
tot_msg_sent: 510
tot_reconf_duration: 13.17
tot_sleeping_duration: 617257.174
tot_uptimes: 161
tot_uptimes_duration: 9600.0
