comms_cons: 65.31829759991399
finished_reconf: true
global_termination_time: 623847.112
local_termination_time: 48583.10036000001
node_cons: 12789.451544483458
tot_aggregated_send: 8004
tot_msg_rcv: 707
tot_msg_sent: 1217
tot_reconf_duration: 11.31
tot_sleeping_duration: 614307.0876799974
tot_uptimes: 160
tot_uptimes_duration: 9540.024320002572
