comms_cons: 398.7166208006889
finished_reconf: true
global_termination_time: 4071501.521
local_termination_time: 1738223.972239998
node_cons: 83744.45033447239
tot_aggregated_send: 56840
tot_msg_rcv: 1266
tot_msg_sent: 2495
tot_reconf_duration: 15.34
tot_sleeping_duration: 4008974.5466800043
tot_uptimes: 1043
tot_uptimes_duration: 62526.97431999585
