comms_cons: 406.01314562367907
finished_reconf: true
global_termination_time: 4070755.113
local_termination_time: 1535247.42936
node_cons: 83726.69208558278
tot_aggregated_send: 56086
tot_msg_rcv: 1808
tot_msg_sent: 3818
tot_reconf_duration: 9.11
tot_sleeping_duration: 4008235.082600011
tot_uptimes: 1043
tot_uptimes_duration: 62520.03039998864
