comms_cons: 407.8831104546895
finished_reconf: true
global_termination_time: 4070386.052
local_termination_time: 606070.744
node_cons: 83732.59743404796
tot_aggregated_send: 57125
tot_msg_rcv: 1560
tot_msg_sent: 3310
tot_reconf_duration: 12.629999999999999
tot_sleeping_duration: 4007865.1812800225
tot_uptimes: 1043
tot_uptimes_duration: 62520.870719977655
