comms_cons: 96.25369600043095
finished_reconf: true
global_termination_time: 977969.543
local_termination_time: 321160.49436
node_cons: 20091.9258
tot_aggregated_send: 14210
tot_msg_rcv: 134
tot_msg_sent: 286
tot_reconf_duration: 5.1
tot_sleeping_duration: 962969.543
tot_uptimes: 251
tot_uptimes_duration: 15000.0
