comms_cons: 100.54414719675472
finished_reconf: true
global_termination_time: 978760.114
local_termination_time: 353.6249599999998
node_cons: 20091.043031202862
tot_aggregated_send: 13050
tot_msg_rcv: 773
tot_msg_sent: 1461
tot_reconf_duration: 4.390000000000001
tot_sleeping_duration: 963760.0531999978
tot_uptimes: 251
tot_uptimes_duration: 15000.060800002117
