comms_cons: 11.580019200303937
finished_reconf: true
global_termination_time: 60587.475
local_termination_time: 2340.4943600000006
node_cons: 1209.2500411202914
tot_aggregated_send: 0
tot_msg_rcv: 890
tot_msg_sent: 871
tot_reconf_duration: 3.05
tot_sleeping_duration: 59687.46891999978
tot_uptimes: 16
tot_uptimes_duration: 900.0060800002175
