comms_cons: 10.15891199990236
finished_reconf: true
global_termination_time: 100594.371
local_termination_time: 29047.005880000004
node_cons: 2020.8795211202914
tot_aggregated_send: 928
tot_msg_rcv: 272
tot_msg_sent: 344
tot_reconf_duration: 9.11
tot_sleeping_duration: 99094.36491999977
tot_uptimes: 26
tot_uptimes_duration: 1500.0060800002175
