comms_cons: 11.211583999833096
finished_reconf: true
global_termination_time: 95745.514
local_termination_time: 8634.954360000002
node_cons: 1953.5790233574544
tot_aggregated_send: 696
tot_msg_rcv: 382
tot_msg_sent: 626
tot_reconf_duration: 18.700000000000003
tot_sleeping_duration: 94305.4957600019
tot_uptimes: 25
tot_uptimes_duration: 1440.0182399980986
