comms_cons: 13.372831999705934
finished_reconf: true
global_termination_time: 95180.9532399997
local_termination_time: 28822.93036
node_cons: 2013.8519560790487
tot_aggregated_send: 406
tot_msg_rcv: 635
tot_msg_sent: 991
tot_reconf_duration: 6.22
tot_sleeping_duration: 93683.2645200004
tot_uptimes: 25
tot_uptimes_duration: 1497.6887199992925
