comms_cons: 2.276403199994589
finished_reconf: true
global_termination_time: 12370.472
local_termination_time: 5791.854360000001
node_cons: 249.5482400000009
tot_aggregated_send: 0
tot_msg_rcv: 176
tot_msg_sent: 169
tot_reconf_duration: 6.279999999999999
tot_sleeping_duration: 12190.472
tot_uptimes: 4
tot_uptimes_duration: 180.0
