comms_cons: 1.513215999995001
finished_reconf: true
global_termination_time: 10784.502
local_termination_time: 5668.61936
node_cons: 168.24405999999962
tot_aggregated_send: 0
tot_msg_rcv: 119
tot_msg_sent: 111
tot_reconf_duration: 5.57
tot_sleeping_duration: 10664.502
tot_uptimes: 3
tot_uptimes_duration: 120.0
