comms_cons: 2.276403199994571
finished_reconf: true
global_termination_time: 12684.35
local_termination_time: 4804.180359999999
node_cons: 246.98161999999923
tot_aggregated_send: 0
tot_msg_rcv: 175
tot_msg_sent: 170
tot_reconf_duration: 4.390000000000001
tot_sleeping_duration: 12504.35
tot_uptimes: 4
tot_uptimes_duration: 180.0
