comms_cons: 47.844569599908006
finished_reconf: true
global_termination_time: 487709.8064800001
local_termination_time: 487709.7653600001
node_cons: 10013.911659841555
tot_aggregated_send: 7062
tot_msg_rcv: 86
tot_msg_sent: 123
tot_reconf_duration: 24.59
tot_sleeping_duration: 480256.09591999894
tot_uptimes: 125
tot_uptimes_duration: 7453.710560001142
