comms_cons: 48.28474880034773
finished_reconf: true
global_termination_time: 489088.421
local_termination_time: 471745.51936000003
node_cons: 10053.119560000021
tot_aggregated_send: 6960
tot_msg_rcv: 140
tot_msg_sent: 239
tot_reconf_duration: 7.819999999999999
tot_sleeping_duration: 481588.421
tot_uptimes: 126
tot_uptimes_duration: 7500.0
