comms_cons: 308.8144896076744
finished_reconf: true
global_termination_time: 3130175.756
local_termination_time: 2082031.7487999995
node_cons: 64359.90405999877
tot_aggregated_send: 44718
tot_msg_rcv: 812
tot_msg_sent: 1408
tot_reconf_duration: 5.57
tot_sleeping_duration: 3082115.756
tot_uptimes: 802
tot_uptimes_duration: 48060.0
