comms_cons: 307.8764416055059
finished_reconf: true
global_termination_time: 3124952.002
local_termination_time: 2012648.113
node_cons: 64278.93394111534
tot_aggregated_send: 45118
tot_msg_rcv: 514
tot_msg_sent: 1163
tot_reconf_duration: 5.1
tot_sleeping_duration: 3076951.995920002
tot_uptimes: 801
tot_uptimes_duration: 48000.006079997635
