comms_cons: 308.8670783944168
finished_reconf: true
global_termination_time: 3129145.873
local_termination_time: 1152425.0353599999
node_cons: 64360.835606699955
tot_aggregated_send: 41992
tot_msg_rcv: 1680
tot_msg_sent: 3275
tot_reconf_duration: 6.22
tot_sleeping_duration: 3081085.8365200143
tot_uptimes: 802
tot_uptimes_duration: 48060.03647998604
