comms_cons: 663.0514433275026
finished_reconf: true
global_termination_time: 6691842.772
local_termination_time: 2895656.8443599995
node_cons: 137633.45506669817
tot_aggregated_send: 93148
tot_msg_rcv: 2871
tot_msg_sent: 4760
tot_reconf_duration: 8.09
tot_sleeping_duration: 6589062.735520013
tot_uptimes: 1714
tot_uptimes_duration: 102780.0364799872
