comms_cons: 664.2148353322125
finished_reconf: true
global_termination_time: 6691851.878
local_termination_time: 1910201.17536
node_cons: 137637.84410893213
tot_aggregated_send: 93612
tot_msg_rcv: 2547
tot_msg_sent: 4799
tot_reconf_duration: 11.31
tot_sleeping_duration: 6589071.829360018
tot_uptimes: 1714
tot_uptimes_duration: 102780.04863998247
