comms_cons: 260.5626368095599
finished_reconf: true
global_termination_time: 2811348.186
local_termination_time: 5527.585
node_cons: 57866.54972111611
tot_aggregated_send: 39250
tot_msg_rcv: 94
tot_msg_sent: 260
tot_reconf_duration: 16.009999999999998
tot_sleeping_duration: 2768148.1799200024
tot_uptimes: 720
tot_uptimes_duration: 43200.00607999787
