comms_cons: 279.35530881029274
finished_reconf: true
global_termination_time: 2808495.963
local_termination_time: 5393.246
node_cons: 57860.74018335406
tot_aggregated_send: 39486
tot_msg_rcv: 935
tot_msg_sent: 2039
tot_reconf_duration: 11.719999999999999
tot_sleeping_duration: 2765295.9447600036
tot_uptimes: 720
tot_uptimes_duration: 43200.01823999634
