comms_cons: 61.358246398261755
finished_reconf: true
global_termination_time: 612118.911
local_termination_time: 494491.8123600001
node_cons: 12557.785462233709
tot_aggregated_send: 8468
tot_msg_rcv: 293
tot_msg_sent: 565
tot_reconf_duration: 18.21
tot_sleeping_duration: 602758.8988400047
tot_uptimes: 157
tot_uptimes_duration: 9360.012159995269
