comms_cons: 60.186521599682926
finished_reconf: true
global_termination_time: 608758.414
local_termination_time: 371690.42036000005
node_cons: 12459.231980000015
tot_aggregated_send: 8700
tot_msg_rcv: 161
tot_msg_sent: 287
tot_reconf_duration: 4.8100000000000005
tot_sleeping_duration: 599458.414
tot_uptimes: 156
tot_uptimes_duration: 9300.0
