comms_cons: 62.92398080051352
finished_reconf: true
global_termination_time: 609474.002
local_termination_time: 50032.62536000001
node_cons: 12541.527465602574
tot_aggregated_send: 7946
tot_msg_rcv: 556
tot_msg_sent: 1061
tot_reconf_duration: 6.22
tot_sleeping_duration: 600113.9715999981
tot_uptimes: 157
tot_uptimes_duration: 9360.03040000191
