comms_cons: 367.40289281147585
finished_reconf: true
global_termination_time: 3741471.58
local_termination_time: 1329992.7359199985
node_cons: 77011.3276779929
tot_aggregated_send: 53650
tot_msg_rcv: 648
tot_msg_sent: 1545
tot_reconf_duration: 25.299999999999997
tot_sleeping_duration: 3683983.178000004
tot_uptimes: 959
tot_uptimes_duration: 57488.401999996044
