comms_cons: 105.35301118966002
finished_reconf: true
global_termination_time: 1026355.828
local_termination_time: 63191.962
node_cons: 21086.95350327042
tot_aggregated_send: 13454
tot_msg_rcv: 824
tot_msg_sent: 1736
tot_reconf_duration: 22.65
tot_sleeping_duration: 1010630.5144800072
tot_uptimes: 263
tot_uptimes_duration: 15725.31351999283
