comms_cons: 548.755967548773
finished_reconf: true
global_termination_time: 1880001.8730799996
local_termination_time: 1880001.8319599996
node_cons: 76955.73240511795
tot_aggregated_send: 0
tot_msg_rcv: 27908
tot_msg_sent: 55499
tot_reconf_duration: 24.59
tot_sleeping_duration: 1822554.2709999997
tot_uptimes: 950
tot_uptimes_duration: 57447.602079999815
