comms_cons: 63.55569920007966
finished_reconf: true
global_termination_time: 649723.2154799999
local_termination_time: 649723.17436
node_cons: 13383.628779841249
tot_aggregated_send: 9501
tot_msg_rcv: 36
tot_msg_sent: 123
tot_reconf_duration: 21.23
tot_sleeping_duration: 639749.5049199989
tot_uptimes: 167
tot_uptimes_duration: 9973.710560000909
