comms_cons: 1.4605823999988496
finished_reconf: true
global_termination_time: 10869.703
local_termination_time: 1678.116760000004
node_cons: 169.13490112000628
tot_aggregated_send: 0
tot_msg_rcv: 110
tot_msg_sent: 112
tot_reconf_duration: 6.22
tot_sleeping_duration: 10749.696919999995
tot_uptimes: 3
tot_uptimes_duration: 120.00608000000466
