comms_cons: 42.90199040254642
finished_reconf: true
global_termination_time: 215563.55292000037
local_termination_time: 96029.63235999996
node_cons: 4459.922684880504
tot_aggregated_send: 0
tot_msg_rcv: 3316
tot_msg_sent: 3203
tot_reconf_duration: 4.8100000000000005
tot_sleeping_duration: 212237.645
tot_uptimes: 56
tot_uptimes_duration: 3325.907920000376
