comms_cons: 21.513984000017867
finished_reconf: true
global_termination_time: 217027.108
local_termination_time: 142276.39560000054
node_cons: 4434.05898
tot_aggregated_send: 3074
tot_msg_rcv: 90
tot_msg_sent: 106
tot_reconf_duration: 11.31
tot_sleeping_duration: 213727.108
tot_uptimes: 56
tot_uptimes_duration: 3300.0
