comms_cons: 51.8375168004753
finished_reconf: true
global_termination_time: 530386.736
local_termination_time: 330845.6275200004
node_cons: 10861.258980000011
tot_aggregated_send: 7424
tot_msg_rcv: 142
tot_msg_sent: 313
tot_reconf_duration: 11.31
tot_sleeping_duration: 522286.73600000003
tot_uptimes: 136
tot_uptimes_duration: 8100.0
