comms_cons: 76.61050879861614
finished_reconf: true
global_termination_time: 716374.235
local_termination_time: 99956.04900000001
node_cons: 14714.689073443395
tot_aggregated_send: 8749
tot_msg_rcv: 1021
tot_msg_sent: 1874
tot_reconf_duration: 9.11
tot_sleeping_duration: 705394.1620399974
tot_uptimes: 184
tot_uptimes_duration: 10980.072960002522
