comms_cons: 73.33631999888546
finished_reconf: true
global_termination_time: 715949.582
local_termination_time: 304634.3310400003
node_cons: 14715.0218936812
tot_aggregated_send: 9744
tot_msg_rcv: 537
tot_msg_sent: 865
tot_reconf_duration: 9.42
tot_sleeping_duration: 704969.5748799992
tot_uptimes: 184
tot_uptimes_duration: 10980.007120000897
