comms_cons: 73.48308479796977
finished_reconf: true
global_termination_time: 715989.783
local_termination_time: 346690.90499999997
node_cons: 14738.562799599094
tot_aggregated_send: 9454
tot_msg_rcv: 557
tot_msg_sent: 1158
tot_reconf_duration: 18.700000000000003
tot_sleeping_duration: 705001.6066000006
tot_uptimes: 184
tot_uptimes_duration: 10988.176399999356
