comms_cons: 74.45680639984597
finished_reconf: true
global_termination_time: 715028.811
local_termination_time: 346739.8976000001
node_cons: 14717.13080560259
tot_aggregated_send: 9338
tot_msg_rcv: 704
tot_msg_sent: 1275
tot_reconf_duration: 10.95
tot_sleeping_duration: 704048.7805999981
tot_uptimes: 184
tot_uptimes_duration: 10980.03040000191
