comms_cons: 73.65414399958769
finished_reconf: true
global_termination_time: 718115.901
local_termination_time: 173807.16632000022
node_cons: 14708.197902238302
tot_aggregated_send: 9744
tot_msg_rcv: 581
tot_msg_sent: 870
tot_reconf_duration: 4.390000000000001
tot_sleeping_duration: 707135.8888400012
tot_uptimes: 184
tot_uptimes_duration: 10980.012159998703
