comms_cons: 73.79356159647352
finished_reconf: true
global_termination_time: 717439.956
local_termination_time: 156814.0039600006
node_cons: 14723.084284476543
tot_aggregated_send: 9454
tot_msg_rcv: 611
tot_msg_sent: 1152
tot_reconf_duration: 15.34
tot_sleeping_duration: 706459.9316800026
tot_uptimes: 184
tot_uptimes_duration: 10980.024319997407
