comms_cons: 48.56170240026403
finished_reconf: true
global_termination_time: 490542.991
local_termination_time: 177220.29156000068
node_cons: 10067.237321121434
tot_aggregated_send: 6960
tot_msg_rcv: 146
tot_msg_sent: 275
tot_reconf_duration: 18.21
tot_sleeping_duration: 483042.9849199989
tot_uptimes: 126
tot_uptimes_duration: 7500.006080001069
