comms_cons: 50.990054401135225
finished_reconf: true
global_termination_time: 491547.198
local_termination_time: 12478.08936
node_cons: 10048.494184485735
tot_aggregated_send: 6264
tot_msg_rcv: 494
tot_msg_sent: 993
tot_reconf_duration: 4.390000000000001
tot_sleeping_duration: 484047.1736799957
tot_uptimes: 126
tot_uptimes_duration: 7500.024320004275
