comms_cons: 115.05109760010217
finished_reconf: true
global_termination_time: 1185463.296
local_termination_time: 823230.4963599999
node_cons: 24358.378979999954
tot_aggregated_send: 17226
tot_msg_rcv: 92
tot_msg_sent: 169
tot_reconf_duration: 11.31
tot_sleeping_duration: 1167283.296
tot_uptimes: 304
tot_uptimes_duration: 18180.0
