comms_cons: 98.63646079722325
finished_reconf: true
global_termination_time: 1002455.44
local_termination_time: 5147.305
node_cons: 20570.817942237154
tot_aggregated_send: 14380
tot_msg_rcv: 146
tot_msg_sent: 466
tot_reconf_duration: 2.77
tot_sleeping_duration: 987095.4278400021
tot_uptimes: 257
tot_uptimes_duration: 15360.012159997852
