comms_cons: 66.34430719989356
finished_reconf: true
global_termination_time: 675156.06
local_termination_time: 403000.48436000006
node_cons: 13843.21732112148
tot_aggregated_send: 9686
tot_msg_rcv: 123
tot_msg_sent: 275
tot_reconf_duration: 18.21
tot_sleeping_duration: 664836.053919999
tot_uptimes: 173
tot_uptimes_duration: 10320.006080001069
