comms_cons: 69.33041919863335
finished_reconf: true
global_termination_time: 674527.256
local_termination_time: 17926.058360000006
node_cons: 13822.703345597978
tot_aggregated_send: 8700
tot_msg_rcv: 669
tot_msg_sent: 1169
tot_reconf_duration: 3.08
tot_sleeping_duration: 664207.2256000016
tot_uptimes: 173
tot_uptimes_duration: 10320.030399998475
