comms_cons: 68.24766720047666
finished_reconf: true
global_termination_time: 673385.537
local_termination_time: 242485.0724400002
node_cons: 13833.374523364288
tot_aggregated_send: 9164
tot_msg_rcv: 401
tot_msg_sent: 808
tot_reconf_duration: 10.95
tot_sleeping_duration: 663065.5187599969
tot_uptimes: 173
tot_uptimes_duration: 10320.018240003206
