comms_cons: 70.90040959551204
finished_reconf: true
global_termination_time: 677771.589
local_termination_time: 122180.09823999972
node_cons: 13906.234645602584
tot_aggregated_send: 8526
tot_msg_rcv: 738
tot_msg_sent: 1512
tot_reconf_duration: 5.43
tot_sleeping_duration: 667391.5585999981
tot_uptimes: 174
tot_uptimes_duration: 10380.03040000191
