comms_cons: 70.41283199804373
finished_reconf: true
global_termination_time: 673386.794
local_termination_time: 132279.35948000007
node_cons: 13839.360566724
tot_aggregated_send: 8584
tot_msg_rcv: 732
tot_msg_sent: 1386
tot_reconf_duration: 15.34
tot_sleeping_duration: 663066.7575199971
tot_uptimes: 173
tot_uptimes_duration: 10320.036480002978
