comms_cons: 398.0588992645404
finished_reconf: true
global_termination_time: 3960714.916
local_termination_time: 642066.2899999999
node_cons: 81476.00836324506
tot_aggregated_send: 55504
tot_msg_rcv: 1681
tot_msg_sent: 3318
tot_reconf_duration: 5.43
tot_sleeping_duration: 3899872.022480025
tot_uptimes: 1015
tot_uptimes_duration: 60842.89351997549
