comms_cons: 181.65058557871882
finished_reconf: true
global_termination_time: 1770448.616
local_termination_time: 91462.31359999994
node_cons: 36398.227028957524
tot_aggregated_send: 23722
tot_msg_rcv: 1325
tot_msg_sent: 2565
tot_reconf_duration: 3.05
tot_sleeping_duration: 1743268.5673600016
tot_uptimes: 454
tot_uptimes_duration: 27180.048639998247
