comms_cons: 182.70438397682074
finished_reconf: true
global_termination_time: 1769530.057
local_termination_time: 10264.533440000003
node_cons: 36404.680265597846
tot_aggregated_send: 23374
tot_msg_rcv: 1494
tot_msg_sent: 2902
tot_reconf_duration: 7.819999999999999
tot_sleeping_duration: 1742350.0266000016
tot_uptimes: 454
tot_uptimes_duration: 27180.030399998475
