comms_cons: 104.06943999323829
finished_reconf: true
global_termination_time: 1021155.335
local_termination_time: 422597.36636000004
node_cons: 20977.317086714782
tot_aggregated_send: 13630
tot_msg_rcv: 678
tot_msg_sent: 1509
tot_reconf_duration: 6.279999999999999
tot_sleeping_duration: 1005495.2985200038
tot_uptimes: 262
tot_uptimes_duration: 15660.03647999611
