comms_cons: 103.36855039407824
finished_reconf: true
global_termination_time: 1019360.573
local_termination_time: 485508.4530000009
node_cons: 20984.194506234875
tot_aggregated_send: 13920
tot_msg_rcv: 574
tot_msg_sent: 1216
tot_reconf_duration: 9.42
tot_sleeping_duration: 1003698.5848400038
tot_uptimes: 262
tot_uptimes_duration: 15661.988159996166
