comms_cons: 110.88037119052856
finished_reconf: true
global_termination_time: 1106076.368
local_termination_time: 4140.957
node_cons: 22741.82847119595
tot_aggregated_send: 14148
tot_msg_rcv: 850
tot_msg_sent: 1857
tot_reconf_duration: 4.07
tot_sleeping_duration: 1089096.307200003
tot_uptimes: 284
tot_uptimes_duration: 16980.06079999695
