comms_cons: 108.90675199585824
finished_reconf: true
global_termination_time: 1108362.485
local_termination_time: 4803.655
node_cons: 22755.07441008347
tot_aggregated_send: 14776
tot_msg_rcv: 560
tot_msg_sent: 1218
tot_reconf_duration: 13.83
tot_sleeping_duration: 1091382.4302799976
tot_uptimes: 284
tot_uptimes_duration: 16980.05472000257
