comms_cons: 111.16863359697341
finished_reconf: true
global_termination_time: 1103399.346
local_termination_time: 5627.186
node_cons: 22665.836807844313
tot_aggregated_send: 14898
tot_msg_rcv: 713
tot_msg_sent: 1285
tot_reconf_duration: 7.29
tot_sleeping_duration: 1086479.3034399967
tot_uptimes: 283
tot_uptimes_duration: 16920.042560003196
