comms_cons: 109.32977919170395
finished_reconf: true
global_termination_time: 1106159.369
local_termination_time: 3979.5539999999996
node_cons: 22752.877186714824
tot_aggregated_send: 14719
tot_msg_rcv: 778
tot_msg_sent: 1122
tot_reconf_duration: 12.23
tot_sleeping_duration: 1089179.332520004
tot_uptimes: 284
tot_uptimes_duration: 16980.03647999611
