comms_cons: 1179.4268692105713
finished_reconf: true
global_termination_time: 4051840.706
local_termination_time: 2214385.09948
node_cons: 165115.10874109945
tot_aggregated_send: 0
tot_msg_rcv: 60131
tot_msg_sent: 119135
tot_reconf_duration: 18.21
tot_sleeping_duration: 3928546.919920011
tot_uptimes: 2035
tot_uptimes_duration: 123293.78607998879
