comms_cons: 404.20415364149676
finished_reconf: true
global_termination_time: 4052461.493
local_termination_time: 200452.4934800001
node_cons: 83330.5381300543
tot_aggregated_send: 56260
tot_msg_rcv: 1692
tot_msg_sent: 3485
tot_reconf_duration: 13.17
tot_sleeping_duration: 3990241.4382800176
tot_uptimes: 1038
tot_uptimes_duration: 62220.05471998238
