comms_cons: 17.106547200132525
finished_reconf: true
global_termination_time: 166650.519
local_termination_time: 18933.88736
node_cons: 3405.0549822391636
tot_aggregated_send: 2088
tot_msg_rcv: 184
tot_msg_sent: 328
tot_reconf_duration: 22.65
tot_sleeping_duration: 164130.50684000063
tot_uptimes: 43
tot_uptimes_duration: 2520.0121599993727
