comms_cons: 196.3444352254997
finished_reconf: true
global_termination_time: 404387.34544000076
local_termination_time: 1237.6860400000014
node_cons: 24700.85499512536
tot_aggregated_send: 0
tot_msg_rcv: 12045
tot_msg_sent: 17796
tot_reconf_duration: 18.21
tot_sleeping_duration: 385958.57335999684
tot_uptimes: 303
tot_uptimes_duration: 18428.77208000398
