comms_cons: 40.00714239992496
finished_reconf: true
global_termination_time: 404387.6956000002
local_termination_time: 197884.98336000007
node_cons: 8313.466008400273
tot_aggregated_send: 5742
tot_msg_rcv: 114
tot_msg_sent: 225
tot_reconf_duration: 13.17
tot_sleeping_duration: 398192.34
tot_uptimes: 104
tot_uptimes_duration: 6195.3556000001845
