comms_cons: 441.5000189471479
finished_reconf: true
global_termination_time: 2464498.258
local_termination_time: 689107.912
node_cons: 50738.12278501747
tot_aggregated_send: 0
tot_msg_rcv: 34210
tot_msg_sent: 32896
tot_reconf_duration: 22.65
tot_sleeping_duration: 2426628.680640016
tot_uptimes: 632
tot_uptimes_duration: 37869.5773599837
