comms_cons: 245.47653120100495
finished_reconf: true
global_termination_time: 2463093.141
local_termination_time: 902193.9896799994
node_cons: 50703.06823999931
tot_aggregated_send: 35322
tot_msg_rcv: 718
tot_msg_sent: 1271
tot_reconf_duration: 6.279999999999999
tot_sleeping_duration: 2425233.141
tot_uptimes: 631
tot_uptimes_duration: 37860.0
