comms_cons: 73.8250368047295
finished_reconf: true
global_termination_time: 534283.3314800002
local_termination_time: 128982.72435999998
node_cons: 11004.181843441422
tot_aggregated_send: 3364
tot_msg_rcv: 3274
tot_msg_sent: 4585
tot_reconf_duration: 18.21
tot_sleeping_duration: 526083.5908799693
tot_uptimes: 137
tot_uptimes_duration: 8199.740600030927
