comms_cons: 53.936908799738625
finished_reconf: true
global_termination_time: 534282.5674799999
local_termination_time: 534282.5263599999
node_cons: 10995.409360962676
tot_aggregated_send: 7398
tot_msg_rcv: 324
tot_msg_sent: 474
tot_reconf_duration: 37.410000000000004
tot_sleeping_duration: 526108.8508399979
tot_uptimes: 137
tot_uptimes_duration: 8173.716640001978
