comms_cons: 54.35797760038614
finished_reconf: true
global_termination_time: 536429.241
local_termination_time: 240441.0850000009
node_cons: 11022.042647365486
tot_aggregated_send: 7366
tot_msg_rcv: 321
tot_msg_sent: 575
tot_reconf_duration: 9.42
tot_sleeping_duration: 528207.2467599959
tot_uptimes: 138
tot_uptimes_duration: 8221.994240004104
