comms_cons: 55.8624960004263
finished_reconf: true
global_termination_time: 537466.5
local_termination_time: 204505.5818000007
node_cons: 11021.955262240594
tot_aggregated_send: 6844
tot_msg_rcv: 548
tot_msg_sent: 1098
tot_reconf_duration: 11.31
tot_sleeping_duration: 529246.4878399995
tot_uptimes: 138
tot_uptimes_duration: 8220.012160000435
