comms_cons: 307.94841600280665
finished_reconf: true
global_termination_time: 3078678.526
local_termination_time: 533573.8213599998
node_cons: 63320.34836781685
tot_aggregated_send: 42920
tot_msg_rcv: 1360
tot_msg_sent: 2526
tot_reconf_duration: 9.11
tot_sleeping_duration: 3031398.4834400164
tot_uptimes: 789
tot_uptimes_duration: 47280.042559983674
