comms_cons: 311.3803136366188
finished_reconf: true
global_termination_time: 3078573.074
local_termination_time: 242191.0596000001
node_cons: 63338.78453452769
tot_aggregated_send: 42398
tot_msg_rcv: 1628
tot_msg_sent: 3301
tot_reconf_duration: 22.65
tot_sleeping_duration: 3031292.994960023
tot_uptimes: 789
tot_uptimes_duration: 47280.079039976816
