comms_cons: 308.6039552063723
finished_reconf: true
global_termination_time: 3083729.518
local_termination_time: 1243883.487999998
node_cons: 63398.92840670044
tot_aggregated_send: 42630
tot_msg_rcv: 1363
tot_msg_sent: 2913
tot_reconf_duration: 7.819999999999999
tot_sleeping_duration: 3036389.481520014
tot_uptimes: 790
tot_uptimes_duration: 47340.03647998627
