comms_cons: 20.32377600033222
finished_reconf: true
global_termination_time: 200291.037
local_termination_time: 20252.978359999997
node_cons: 4112.715262240582
tot_aggregated_send: 2726
tot_msg_rcv: 139
tot_msg_sent: 224
tot_reconf_duration: 11.31
tot_sleeping_duration: 197231.02483999956
tot_uptimes: 52
tot_uptimes_duration: 3060.012160000435
