comms_cons: 262.5100799777137
finished_reconf: true
global_termination_time: 2637493.822
local_termination_time: 279651.3174800001
node_cons: 54254.269885583315
tot_aggregated_send: 36366
tot_msg_rcv: 1220
tot_msg_sent: 2314
tot_reconf_duration: 18.21
tot_sleeping_duration: 2596993.791600012
tot_uptimes: 676
tot_uptimes_duration: 40500.03039998817
