comms_cons: 259.25337600378975
finished_reconf: true
global_termination_time: 2637572.935
local_termination_time: 1088899.46036
node_cons: 54241.871379999255
tot_aggregated_send: 38106
tot_msg_rcv: 377
tot_msg_sent: 922
tot_reconf_duration: 9.11
tot_sleeping_duration: 2597072.935
tot_uptimes: 676
tot_uptimes_duration: 40500.0
