comms_cons: 260.9574144020684
finished_reconf: true
global_termination_time: 2637196.573
local_termination_time: 1481626.4153599998
node_cons: 54242.29235999902
tot_aggregated_send: 38106
tot_msg_rcv: 529
tot_msg_sent: 1029
tot_reconf_duration: 9.42
tot_sleeping_duration: 2596696.573
tot_uptimes: 676
tot_uptimes_duration: 40500.0
