comms_cons: 259.81716480121247
finished_reconf: true
global_termination_time: 2638123.565
local_termination_time: 1032485.2043599999
node_cons: 54246.65153999912
tot_aggregated_send: 38338
tot_msg_rcv: 390
tot_msg_sent: 763
tot_reconf_duration: 12.629999999999999
tot_sleeping_duration: 2597623.565
tot_uptimes: 676
tot_uptimes_duration: 40499.99999999999
