comms_cons: 260.64816640398783
finished_reconf: true
global_termination_time: 2640566.152
local_termination_time: 1896430.2902799984
node_cons: 54324.71009999937
tot_aggregated_send: 37816
tot_msg_rcv: 513
tot_msg_sent: 1288
tot_reconf_duration: 10.95
tot_sleeping_duration: 2600006.152
tot_uptimes: 677
tot_uptimes_duration: 40560.0
