comms_cons: 267.3751360011589
finished_reconf: true
global_termination_time: 2638083.215
local_termination_time: 219331.73636000007
node_cons: 54235.583736760826
tot_aggregated_send: 35322
tot_msg_rcv: 1918
tot_msg_sent: 3400
tot_reconf_duration: 4.390000000000001
tot_sleeping_duration: 2597583.123800028
tot_uptimes: 676
tot_uptimes_duration: 40500.091199971386
