comms_cons: 273.98856961770906
finished_reconf: true
global_termination_time: 2636719.463239997
local_termination_time: 12020.052720000002
node_cons: 54264.04095835537
tot_aggregated_send: 34510
tot_msg_rcv: 2591
tot_msg_sent: 4542
tot_reconf_duration: 11.31
tot_sleeping_duration: 2596205.1376400297
tot_uptimes: 676
tot_uptimes_duration: 40514.32559996733
