comms_cons: 20.36920320011693
finished_reconf: true
global_termination_time: 198156.05532000077
local_termination_time: 121511.80035999996
node_cons: 4090.1166796024413
tot_aggregated_send: 2610
tot_msg_rcv: 164
tot_msg_sent: 322
tot_reconf_duration: 5.57
tot_sleeping_duration: 195107.09891999894
tot_uptimes: 51
tot_uptimes_duration: 3048.956400001829
