comms_cons: 21.442867200539713
finished_reconf: true
global_termination_time: 201082.315
local_termination_time: 107334.74935999996
node_cons: 4131.697399999986
tot_aggregated_send: 2552
tot_msg_rcv: 324
tot_msg_sent: 384
tot_reconf_duration: 25.299999999999997
tot_sleeping_duration: 198022.315
tot_uptimes: 52
tot_uptimes_duration: 3060.0
