comms_cons: 39.172556801723964
finished_reconf: true
global_termination_time: 200052.655
local_termination_time: 2475.7793600000005
node_cons: 4128.098700000003
tot_aggregated_send: 0
tot_msg_rcv: 3015
tot_msg_sent: 2939
tot_reconf_duration: 22.65
tot_sleeping_duration: 196992.655
tot_uptimes: 52
tot_uptimes_duration: 3060.0
