comms_cons: 127.92596479702013
finished_reconf: true
global_termination_time: 1307365.163
local_termination_time: 6587.366
node_cons: 26837.337942238308
tot_aggregated_send: 18846
tot_msg_rcv: 188
tot_msg_sent: 410
tot_reconf_duration: 2.77
tot_sleeping_duration: 1287325.1508400012
tot_uptimes: 335
tot_uptimes_duration: 20040.012159998703
