comms_cons: 128.78126079707883
finished_reconf: true
global_termination_time: 1309895.206
local_termination_time: 7307.592000000001
node_cons: 26919.443342238326
tot_aggregated_send: 19078
tot_msg_rcv: 146
tot_msg_sent: 350
tot_reconf_duration: 4.07
tot_sleeping_duration: 1289795.1938400012
tot_uptimes: 336
tot_uptimes_duration: 20100.012159998718
