comms_cons: 204.4420607988176
finished_reconf: true
global_termination_time: 2109005.44
local_termination_time: 1187168.4854799998
node_cons: 43398.95897999966
tot_aggregated_send: 30450
tot_msg_rcv: 210
tot_msg_sent: 414
tot_reconf_duration: 11.31
tot_sleeping_duration: 2076605.44
tot_uptimes: 541
tot_uptimes_duration: 32400.0
