comms_cons: 391.28212466930887
finished_reconf: true
global_termination_time: 811236.9348799981
local_termination_time: 811236.9348799981
node_cons: 49055.12378716051
tot_aggregated_send: 0
tot_msg_rcv: 24111
tot_msg_sent: 35360
tot_reconf_duration: 24.59
tot_sleeping_duration: 774626.2324399973
tot_uptimes: 599
tot_uptimes_duration: 36610.70244000085
