comms_cons: 81.18074880083549
finished_reconf: true
global_termination_time: 814740.375
local_termination_time: 225108.28836000006
node_cons: 16745.118105607202
tot_aggregated_send: 10788
tot_msg_rcv: 479
tot_msg_sent: 1072
tot_reconf_duration: 25.299999999999997
tot_sleeping_duration: 802260.3445999946
tot_uptimes: 209
tot_uptimes_duration: 12480.030400005344
