comms_cons: 82.713702399575
finished_reconf: true
global_termination_time: 815412.886
local_termination_time: 281691.28004000074
node_cons: 16717.25198000002
tot_aggregated_send: 11194
tot_msg_rcv: 510
tot_msg_sent: 868
tot_reconf_duration: 4.8100000000000005
tot_sleeping_duration: 802932.886
tot_uptimes: 209
tot_uptimes_duration: 12480.0
