comms_cons: 1.7369087999942614
finished_reconf: true
global_termination_time: 12406.492
local_termination_time: 4870.837880000004
node_cons: 277.40501432000525
tot_aggregated_send: 0
tot_msg_rcv: 152
tot_msg_sent: 112
tot_reconf_duration: 18.21
tot_sleeping_duration: 12217.787119999997
tot_uptimes: 4
tot_uptimes_duration: 188.70488000000387
