comms_cons: 54.404633602038736
finished_reconf: true
global_termination_time: 414200.11136000016
local_termination_time: 67455.17275999977
node_cons: 8559.9817947357
tot_aggregated_send: 3306
tot_msg_rcv: 2111
tot_msg_sent: 2861
tot_reconf_duration: 18.21
tot_sleeping_duration: 407825.76287998847
tot_uptimes: 107
tot_uptimes_duration: 6374.348480011715
