comms_cons: 43.259494400864554
finished_reconf: true
global_termination_time: 416071.8
local_termination_time: 111207.15435999997
node_cons: 8522.037773005388
tot_aggregated_send: 5452
tot_msg_rcv: 424
tot_msg_sent: 699
tot_reconf_duration: 4.390000000000001
tot_sleeping_duration: 409711.77299999597
tot_uptimes: 107
tot_uptimes_duration: 6360.027000004018
