comms_cons: 225.3313536304004
finished_reconf: true
global_termination_time: 464753.68648000056
local_termination_time: 464753.64536000055
node_cons: 28278.45004341086
tot_aggregated_send: 0
tot_msg_rcv: 13883
tot_msg_sent: 20365
tot_reconf_duration: 37.410000000000004
tot_sleeping_duration: 443672.5458799925
tot_uptimes: 346
tot_uptimes_duration: 21081.140600008068
