comms_cons: 48.63407360146853
finished_reconf: true
global_termination_time: 465192.895
local_termination_time: 38634.836640000176
node_cons: 9572.855803363165
tot_aggregated_send: 6032
tot_msg_rcv: 495
tot_msg_sent: 865
tot_reconf_duration: 9.11
tot_sleeping_duration: 458052.8767599976
tot_uptimes: 120
tot_uptimes_duration: 7140.018240002355
