comms_cons: 1.802700799996847
finished_reconf: true
global_termination_time: 9741.035240000001
local_termination_time: 5232.16036
node_cons: 170.34157935999983
tot_aggregated_send: 0
tot_msg_rcv: 158
tot_msg_sent: 116
tot_reconf_duration: 3.05
tot_sleeping_duration: 9616.913
tot_uptimes: 3
tot_uptimes_duration: 124.1222400000006
