comms_cons: 587.5005436384669
finished_reconf: true
global_termination_time: 1213416.1045999997
local_termination_time: 1213416.0634799998
node_cons: 73871.49330224234
tot_aggregated_send: 0
tot_msg_rcv: 36028
tot_msg_sent: 53269
tot_reconf_duration: 24.59
tot_sleeping_duration: 1158271.8924399968
tot_uptimes: 902
tot_uptimes_duration: 55144.21216000295
