comms_cons: 241.10576643514815
finished_reconf: true
global_termination_time: 497891.7976000001
local_termination_time: 497891.7564800001
node_cons: 30315.822643479154
tot_aggregated_send: 0
tot_msg_rcv: 14793
tot_msg_sent: 21852
tot_reconf_duration: 24.59
tot_sleeping_duration: 475276.0922800008
tot_uptimes: 372
tot_uptimes_duration: 22615.705319999324
