comms_cons: 2.6448383999912597
finished_reconf: true
global_termination_time: 14392.701480000007
local_termination_time: 6720.937360000001
node_cons: 320.7065098400171
tot_aggregated_send: 0
tot_msg_rcv: 243
tot_msg_sent: 158
tot_reconf_duration: 22.65
tot_sleeping_duration: 14176.160919999995
tot_uptimes: 4
tot_uptimes_duration: 216.5405600000122
