comms_cons: 403.3115388585847
finished_reconf: true
global_termination_time: 2184616.396
local_termination_time: 391344.35472000006
node_cons: 44916.64082670971
tot_aggregated_send: 0
tot_msg_rcv: 31185
tot_msg_sent: 30116
tot_reconf_duration: 4.8100000000000005
tot_sleeping_duration: 2151076.3595200074
tot_uptimes: 560
tot_uptimes_duration: 33540.036479992676
