comms_cons: 216.84403838713624
finished_reconf: true
global_termination_time: 2184212.862
local_termination_time: 617361.0099599997
node_cons: 44916.02161999954
tot_aggregated_send: 31088
tot_msg_rcv: 613
tot_msg_sent: 1259
tot_reconf_duration: 4.390000000000001
tot_sleeping_duration: 2150672.862
tot_uptimes: 560
tot_uptimes_duration: 33540.0
