comms_cons: 219.8003199821293
finished_reconf: true
global_termination_time: 2182129.25
local_termination_time: 391321.49948000006
node_cons: 44838.199324476016
tot_aggregated_send: 29986
tot_msg_rcv: 1154
tot_msg_sent: 2267
tot_reconf_duration: 6.22
tot_sleeping_duration: 2148649.225680003
tot_uptimes: 559
tot_uptimes_duration: 33480.02431999741
