comms_cons: 50.028864000055634
finished_reconf: true
global_termination_time: 510476.222
local_termination_time: 255.47959999999986
node_cons: 10481.297463521445
tot_aggregated_send: 7366
tot_msg_rcv: 66
tot_msg_sent: 172
tot_reconf_duration: 15.34
tot_sleeping_duration: 502664.07431999897
tot_uptimes: 131
tot_uptimes_duration: 7812.147680001069
