comms_cons: 49.96902400004324
finished_reconf: true
global_termination_time: 512162.159
local_termination_time: 85488.04735999997
node_cons: 10539.41824112144
tot_aggregated_send: 7482
tot_msg_rcv: 7
tot_msg_sent: 106
tot_reconf_duration: 10.95
tot_sleeping_duration: 504302.1529199989
tot_uptimes: 132
tot_uptimes_duration: 7860.006080001069
