comms_cons: 11.822822400182014
finished_reconf: true
global_termination_time: 92381.61547999995
local_termination_time: 92381.57435999996
node_cons: 1916.9975020805252
tot_aggregated_send: 522
tot_msg_rcv: 453
tot_msg_sent: 820
tot_reconf_duration: 37.41
tot_sleeping_duration: 90987.89275999955
tot_uptimes: 24
tot_uptimes_duration: 1393.722720000398
