comms_cons: 9.701920000140014
finished_reconf: true
global_termination_time: 94058.546
local_termination_time: 29968.77936
node_cons: 1952.9054622402982
tot_aggregated_send: 580
tot_msg_rcv: 325
tot_msg_sent: 569
tot_reconf_duration: 18.21
tot_sleeping_duration: 92618.53383999979
tot_uptimes: 25
tot_uptimes_duration: 1440.012160000224
