comms_cons: 10.909222399946763
finished_reconf: true
global_termination_time: 92557.706
local_termination_time: 44073.15888000009
node_cons: 1882.2181056014604
tot_aggregated_send: 348
tot_msg_rcv: 513
tot_msg_sent: 797
tot_reconf_duration: 25.299999999999997
tot_sleeping_duration: 91177.67559999891
tot_uptimes: 24
tot_uptimes_duration: 1380.0304000010879
