comms_cons: 62.38397440083562
finished_reconf: true
global_termination_time: 617187.1634799999
local_termination_time: 617187.1223599999
node_cons: 12762.881219841247
tot_aggregated_send: 8558
tot_msg_rcv: 333
tot_msg_sent: 590
tot_reconf_duration: 37.410000000000004
tot_sleeping_duration: 607693.4529199989
tot_uptimes: 159
tot_uptimes_duration: 9493.710560000909
