comms_cons: 62.55301120040407
finished_reconf: true
global_termination_time: 619170.414
local_termination_time: 290857.16936000006
node_cons: 12710.895963364317
tot_aggregated_send: 8120
tot_msg_rcv: 446
tot_msg_sent: 942
tot_reconf_duration: 12.629999999999999
tot_sleeping_duration: 609690.3957599968
tot_uptimes: 159
tot_uptimes_duration: 9480.018240003206
