comms_cons: 62.36270079940508
finished_reconf: true
global_termination_time: 617855.579
local_termination_time: 97233.26835999996
node_cons: 12700.251980000015
tot_aggregated_send: 8642
tot_msg_rcv: 318
tot_msg_sent: 518
tot_reconf_duration: 4.8100000000000005
tot_sleeping_duration: 608375.579
tot_uptimes: 159
tot_uptimes_duration: 9480.0
