comms_cons: 92.64502399442328
finished_reconf: true
global_termination_time: 904424.213
local_termination_time: 194556.06136000005
node_cons: 18589.34754671481
tot_aggregated_send: 11890
tot_msg_rcv: 694
tot_msg_sent: 1498
tot_reconf_duration: 22.65
tot_sleeping_duration: 890564.1765200039
tot_uptimes: 232
tot_uptimes_duration: 13860.036479996112
