comms_cons: 93.43587199246373
finished_reconf: true
global_termination_time: 905301.648
local_termination_time: 91369.3062799998
node_cons: 18569.25725343421
tot_aggregated_send: 11890
tot_msg_rcv: 796
tot_msg_sent: 1516
tot_reconf_duration: 7.819999999999999
tot_sleeping_duration: 891441.5750400044
tot_uptimes: 232
tot_uptimes_duration: 13860.072959995654
