comms_cons: 210.78503679518218
finished_reconf: true
global_termination_time: 2151064.776
local_termination_time: 1283684.983
node_cons: 44204.67297175672
tot_aggregated_send: 31259
tot_msg_rcv: 283
tot_msg_sent: 497
tot_reconf_duration: 8.09
tot_sleeping_duration: 2118059.7821600023
tot_uptimes: 551
tot_uptimes_duration: 33004.9938399978
