comms_cons: 213.1601279918322
finished_reconf: true
global_termination_time: 2145817.28
local_termination_time: 748677.9243599998
node_cons: 44119.03952111637
tot_aggregated_send: 30798
tot_msg_rcv: 564
tot_msg_sent: 1037
tot_reconf_duration: 9.11
tot_sleeping_duration: 2112877.273920002
tot_uptimes: 550
tot_uptimes_duration: 32940.006079997635
