comms_cons: 371.8881788984214
finished_reconf: true
global_termination_time: 2148780.403
local_termination_time: 673093.6393599999
node_cons: 44193.57268558379
tot_aggregated_send: 0
tot_msg_rcv: 28784
tot_msg_sent: 27741
tot_reconf_duration: 4.8100000000000005
tot_sleeping_duration: 2115780.3726000115
tot_uptimes: 551
tot_uptimes_duration: 33000.03039998817
