comms_cons: 210.6330879943252
finished_reconf: true
global_termination_time: 2147179.42
local_termination_time: 1489508.076879998
node_cons: 44120.69077431674
tot_aggregated_send: 31088
tot_msg_rcv: 305
tot_msg_sent: 622
tot_reconf_duration: 9.42
tot_sleeping_duration: 2114238.495120002
tot_uptimes: 550
tot_uptimes_duration: 32940.92487999797
