comms_cons: 210.1771007920497
finished_reconf: true
global_termination_time: 2146208.543
local_termination_time: 955313.1275999988
node_cons: 44123.811539999566
tot_aggregated_send: 30740
tot_msg_rcv: 403
tot_msg_sent: 803
tot_reconf_duration: 12.629999999999999
tot_sleeping_duration: 2113268.543
tot_uptimes: 550
tot_uptimes_duration: 32940.0
