comms_cons: 408.8394752092327
finished_reconf: true
global_termination_time: 4178011.58
local_termination_time: 1658281.3176
node_cons: 85887.6752044658
tot_aggregated_send: 57884
tot_msg_rcv: 1464
tot_msg_sent: 2793
tot_reconf_duration: 3.08
tot_sleeping_duration: 4113871.555680009
tot_uptimes: 1070
tot_uptimes_duration: 64140.024319991004
