comms_cons: 413.1265920172754
finished_reconf: true
global_termination_time: 4175983.122
local_termination_time: 1485655.9425599996
node_cons: 85894.47878446551
tot_aggregated_send: 56956
tot_msg_rcv: 1944
tot_msg_sent: 3892
tot_reconf_duration: 8.09
tot_sleeping_duration: 4111843.0976800094
tot_uptimes: 1070
tot_uptimes_duration: 64140.02431999077
