comms_cons: 415.5260352464964
finished_reconf: true
global_termination_time: 4175880.428
local_termination_time: 518413.27664000087
node_cons: 85914.32453451786
tot_aggregated_send: 58464
tot_msg_rcv: 1492
tot_msg_sent: 3201
tot_reconf_duration: 22.65
tot_sleeping_duration: 4111740.34896003
tot_uptimes: 1070
tot_uptimes_duration: 64140.07903997018
