comms_cons: 424.93736966426457
finished_reconf: true
global_termination_time: 4177442.561
local_termination_time: 207262.51420000062
node_cons: 85898.42779340557
tot_aggregated_send: 57246
tot_msg_rcv: 2581
tot_msg_sent: 4760
tot_reconf_duration: 10.95
tot_sleeping_duration: 4113302.488040024
tot_uptimes: 1070
tot_uptimes_duration: 64140.07295997598
