comms_cons: 60.982380803038566
finished_reconf: true
global_termination_time: 210173.48284000106
local_termination_time: 210173.48284000106
node_cons: 8566.617731761418
tot_aggregated_send: 0
tot_msg_rcv: 3128
tot_msg_sent: 6140
tot_reconf_duration: 24.59
tot_sleeping_duration: 203800.64900000003
tot_uptimes: 104
tot_uptimes_duration: 6372.833840001043
