comms_cons: 468.3498496880869
finished_reconf: true
global_termination_time: 4657486.554239998
local_termination_time: 173318.01848000006
node_cons: 95809.10160605983
tot_aggregated_send: 65250
tot_msg_rcv: 2109
tot_msg_sent: 3828
tot_reconf_duration: 18.21
tot_sleeping_duration: 4585952.29552001
tot_uptimes: 1193
tot_uptimes_duration: 71534.25871998694
