comms_cons: 168.1694975884879
finished_reconf: true
global_termination_time: 1685392.945
local_termination_time: 623264.17236
node_cons: 34633.096403350544
tot_aggregated_send: 22388
tot_msg_rcv: 962
tot_msg_sent: 2211
tot_reconf_duration: 4.8100000000000005
tot_sleeping_duration: 1659532.9267600072
tot_uptimes: 432
tot_uptimes_duration: 25860.018239992904
