comms_cons: 166.5135999925272
finished_reconf: true
global_termination_time: 1684180.09148
local_termination_time: 1684180.05036
node_cons: 34678.307942072584
tot_aggregated_send: 24230
tot_msg_rcv: 316
tot_msg_sent: 763
tot_reconf_duration: 24.59
tot_sleeping_duration: 1658306.3687600053
tot_uptimes: 432
tot_uptimes_duration: 25873.722719994475
