comms_cons: 217.04687999036838
finished_reconf: true
global_termination_time: 2174391.312
local_termination_time: 832369.1323599999
node_cons: 44703.40554111643
tot_aggregated_send: 31088
tot_msg_rcv: 764
tot_msg_sent: 1137
tot_reconf_duration: 25.299999999999997
tot_sleeping_duration: 2141031.3059200025
tot_uptimes: 557
tot_uptimes_duration: 33360.006079997635
