comms_cons: 224.34476797312416
finished_reconf: true
global_termination_time: 2173290.226
local_termination_time: 642299.2286399992
node_cons: 44679.72468893428
tot_aggregated_send: 29000
tot_msg_rcv: 1847
tot_msg_sent: 3253
tot_reconf_duration: 7.819999999999999
tot_sleeping_duration: 2139930.1773600187
tot_uptimes: 557
tot_uptimes_duration: 33360.048639981076
