comms_cons: 404.6802944455163
finished_reconf: true
global_termination_time: 4046381.340239997
local_termination_time: 31813.076360000003
node_cons: 83260.29772275711
tot_aggregated_send: 57130
tot_msg_rcv: 1490
tot_msg_sent: 2888
tot_reconf_duration: 5.57
tot_sleeping_duration: 3984206.0350400275
tot_uptimes: 1037
tot_uptimes_duration: 62175.30519996956
