comms_cons: 406.9523456445165
finished_reconf: true
global_termination_time: 4046380.7737599993
local_termination_time: 4046380.732639999
node_cons: 83328.28116276163
tot_aggregated_send: 56698
tot_msg_rcv: 1746
tot_msg_sent: 3411
tot_reconf_duration: 37.410000000000004
tot_sleeping_duration: 3984186.988560026
tot_uptimes: 1037
tot_uptimes_duration: 62193.785199973136
