comms_cons: 405.5936768514343
finished_reconf: true
global_termination_time: 4049122.351
local_termination_time: 44004.07160000021
node_cons: 83243.18654916598
tot_aggregated_send: 56724
tot_msg_rcv: 1544
tot_msg_sent: 3382
tot_reconf_duration: 5.1
tot_sleeping_duration: 3986959.3482000236
tot_uptimes: 1037
tot_uptimes_duration: 62163.00279997619
