comms_cons: 407.26892805187197
finished_reconf: true
global_termination_time: 4048602.051
local_termination_time: 1634525.5215999999
node_cons: 83247.13452334925
tot_aggregated_send: 56724
tot_msg_rcv: 1817
tot_msg_sent: 3361
tot_reconf_duration: 10.95
tot_sleeping_duration: 3986442.0327600064
tot_uptimes: 1037
tot_uptimes_duration: 62160.01823999337
