comms_cons: 406.77675524164954
finished_reconf: true
global_termination_time: 4048349.024
local_termination_time: 917010.763999998
node_cons: 83239.70349228418
tot_aggregated_send: 56318
tot_msg_rcv: 2019
tot_msg_sent: 3490
tot_reconf_duration: 5.43
tot_sleeping_duration: 3986188.9571200255
tot_uptimes: 1037
tot_uptimes_duration: 62160.06687997491
