comms_cons: 66.7779071970591
finished_reconf: true
global_termination_time: 653626.56
local_termination_time: 85289.35383999992
node_cons: 13425.251183359715
tot_aggregated_send: 8816
tot_msg_rcv: 463
tot_msg_sent: 870
tot_reconf_duration: 6.22
tot_sleeping_duration: 643606.5417600003
tot_uptimes: 168
tot_uptimes_duration: 10020.018239999772
