comms_cons: 122.74218239795744
finished_reconf: true
global_termination_time: 1254600.424
local_termination_time: 4978.293
node_cons: 25804.031821121473
tot_aggregated_send: 18085
tot_msg_rcv: 142
tot_msg_sent: 429
tot_reconf_duration: 10.96
tot_sleeping_duration: 1235340.417919999
tot_uptimes: 322
tot_uptimes_duration: 19260.00608000107
