comms_cons: 123.32177919779186
finished_reconf: true
global_termination_time: 1255616.021
local_termination_time: 5381.434
node_cons: 25794.267801116795
tot_aggregated_send: 18033
tot_msg_rcv: 245
tot_msg_sent: 466
tot_reconf_duration: 3.77
tot_sleeping_duration: 1236356.0149200023
tot_uptimes: 322
tot_uptimes_duration: 19260.006079997576
