comms_cons: 122.86020479667792
finished_reconf: true
global_termination_time: 1253928.547
local_termination_time: 4810.246
node_cons: 25823.57344111687
tot_aggregated_send: 18084
tot_msg_rcv: 214
tot_msg_sent: 375
tot_reconf_duration: 25.35
tot_sleeping_duration: 1234668.5409200024
tot_uptimes: 322
tot_uptimes_duration: 19260.006079997635
