comms_cons: 24.737670398983216
finished_reconf: true
global_termination_time: 119444.74551999944
local_termination_time: 3248.7233600000004
node_cons: 2511.864906398414
tot_aggregated_send: 0
tot_msg_rcv: 1973
tot_msg_sent: 1781
tot_reconf_duration: 18.21
tot_sleeping_duration: 117587.28792000063
tot_uptimes: 31
tot_uptimes_duration: 1857.4575999988156
