comms_cons: 492.8807679983668
finished_reconf: true
global_termination_time: 3594869.9
local_termination_time: 2470936.18048
node_cons: 73919.74208223207
tot_aggregated_send: 0
tot_msg_rcv: 37791
tot_msg_sent: 37124
tot_reconf_duration: 5.1
tot_sleeping_duration: 3539669.8878400046
tot_uptimes: 921
tot_uptimes_duration: 55200.01215999527
