comms_cons: 351.82015359920285
finished_reconf: true
global_termination_time: 3595116.248
local_termination_time: 1919169.1897199997
node_cons: 73930.69300111532
tot_aggregated_send: 49996
tot_msg_rcv: 1106
tot_msg_sent: 2373
tot_reconf_duration: 13.17
tot_sleeping_duration: 3539916.2419200023
tot_uptimes: 921
tot_uptimes_duration: 55200.00607999787
