comms_cons: 354.81921280495766
finished_reconf: true
global_termination_time: 3594968.753
local_termination_time: 1919155.5425999998
node_cons: 73916.99892223235
tot_aggregated_send: 49068
tot_msg_rcv: 1548
tot_msg_sent: 3314
tot_reconf_duration: 3.08
tot_sleeping_duration: 3539768.7408400043
tot_uptimes: 921
tot_uptimes_duration: 55200.0121599955
