comms_cons: 356.60509442917106
finished_reconf: true
global_termination_time: 3593875.125
local_termination_time: 815279.8523599998
node_cons: 73927.72708781698
tot_aggregated_send: 50054
tot_msg_rcv: 1186
tot_msg_sent: 2961
tot_reconf_duration: 10.95
tot_sleeping_duration: 3538675.082440016
tot_uptimes: 921
tot_uptimes_duration: 55200.04255998414
