comms_cons: 349.7605120070223
finished_reconf: true
global_termination_time: 3598107.115
local_termination_time: 1410705.18936
node_cons: 74003.78398334948
tot_aggregated_send: 49532
tot_msg_rcv: 1129
tot_msg_sent: 2500
tot_reconf_duration: 7.819999999999999
tot_sleeping_duration: 3542847.096760007
tot_uptimes: 922
tot_uptimes_duration: 55260.01823999337
