comms_cons: 45.95218559989464
finished_reconf: true
global_termination_time: 14254.037240000003
local_termination_time: 830.3108399999998
node_cons: 6403.473397480063
tot_aggregated_send: 0
tot_msg_rcv: 3621
tot_msg_sent: 3363
tot_reconf_duration: 5.57
tot_sleeping_duration: 9477.40591999996
tot_uptimes: 67
tot_uptimes_duration: 4776.631320000045
