comms_cons: 1.8224383999960898
finished_reconf: true
global_termination_time: 14286.271
local_termination_time: 4554.46436
node_cons: 245.20263999999992
tot_aggregated_send: 0
tot_msg_rcv: 159
tot_msg_sent: 118
tot_reconf_duration: 3.08
tot_sleeping_duration: 14106.271
tot_uptimes: 4
tot_uptimes_duration: 180.0
