comms_cons: 3.0659071999930254
finished_reconf: true
global_termination_time: 18363.066
local_termination_time: 5886.7123599999995
node_cons: 325.50189999999907
tot_aggregated_send: 0
tot_msg_rcv: 291
tot_msg_sent: 175
tot_reconf_duration: 3.05
tot_sleeping_duration: 18123.066
tot_uptimes: 5
tot_uptimes_duration: 240.0
