comms_cons: 1.4145279999953273
finished_reconf: true
global_termination_time: 7860.603480000001
local_termination_time: 7860.562360000001
node_cons: 212.4316598400069
tot_aggregated_send: 0
tot_msg_rcv: 104
tot_msg_sent: 110
tot_reconf_duration: 24.59
tot_sleeping_duration: 7726.892919999996
tot_uptimes: 3
tot_uptimes_duration: 133.710560000005
