comms_cons: 32.7189887999158
finished_reconf: true
global_termination_time: 15210.722240000003
local_termination_time: 875.8880399999995
node_cons: 4506.153242440059
tot_aggregated_send: 0
tot_msg_rcv: 2482
tot_msg_sent: 2490
tot_reconf_duration: 18.21
tot_sleeping_duration: 11863.87827999996
tot_uptimes: 51
tot_uptimes_duration: 3346.8439600000424
