comms_cons: 62.552435205205825
finished_reconf: true
global_termination_time: 467844.5926000001
local_termination_time: 467844.5514800001
node_cons: 9629.912372035076
tot_aggregated_send: 2642
tot_msg_rcv: 2545
tot_msg_sent: 4328
tot_reconf_duration: 37.410000000000004
tot_sleeping_duration: 460690.6645999739
tot_uptimes: 120
tot_uptimes_duration: 7153.928000026186
