comms_cons: 48.40380160120301
finished_reconf: true
global_termination_time: 470184.78
local_termination_time: 123784.58835999995
node_cons: 9657.98410448572
tot_aggregated_send: 6032
tot_msg_rcv: 405
tot_msg_sent: 920
tot_reconf_duration: 12.629999999999999
tot_sleeping_duration: 462984.75567999575
tot_uptimes: 121
tot_uptimes_duration: 7200.024320004275
