comms_cons: 47.92947200103966
finished_reconf: true
global_termination_time: 471731.171
local_termination_time: 119310.24335999998
node_cons: 9666.210882242889
tot_aggregated_send: 6322
tot_msg_rcv: 339
tot_msg_sent: 623
tot_reconf_duration: 18.700000000000003
tot_sleeping_duration: 464531.15883999784
tot_uptimes: 121
tot_uptimes_duration: 7200.0121600021375
