comms_cons: 47.63466240083298
finished_reconf: true
global_termination_time: 468117.982
local_termination_time: 100753.72999999947
node_cons: 9567.866504485744
tot_aggregated_send: 6206
tot_msg_rcv: 339
tot_msg_sent: 695
tot_reconf_duration: 5.43
tot_sleeping_duration: 460977.95767999574
tot_uptimes: 120
tot_uptimes_duration: 7140.024320004275
