comms_cons: 164.55114238127837
finished_reconf: true
global_termination_time: 1611347.5432400003
local_termination_time: 183045.02336000005
node_cons: 33173.66232717817
tot_aggregated_send: 21634
tot_msg_rcv: 1157
tot_msg_sent: 2219
tot_reconf_duration: 18.21
tot_sleeping_duration: 1586591.0584400166
tot_uptimes: 413
tot_uptimes_duration: 24756.48479998368
