comms_cons: 166.86573438287354
finished_reconf: true
global_termination_time: 1615033.953
local_termination_time: 22950.473
node_cons: 33221.24198126417
tot_aggregated_send: 21168
tot_msg_rcv: 1401
tot_msg_sent: 2792
tot_reconf_duration: 22.65
tot_sleeping_duration: 1590246.437480012
tot_uptimes: 414
tot_uptimes_duration: 24787.515519988152
