comms_cons: 630.7788539526539
finished_reconf: true
global_termination_time: 2160878.2065999997
local_termination_time: 2160878.1654799995
node_cons: 88461.57264139738
tot_aggregated_send: 0
tot_msg_rcv: 32066
tot_msg_sent: 63807
tot_reconf_duration: 24.59
tot_sleeping_duration: 2094837.7439999997
tot_uptimes: 1094
tot_uptimes_duration: 66040.46259999997
