comms_cons: 423.6787965006528
finished_reconf: true
global_termination_time: 2160878.8065999974
local_termination_time: 1694.8860400000015
node_cons: 44473.34289286821
tot_aggregated_send: 0
tot_msg_rcv: 32327
tot_msg_sent: 32068
tot_reconf_duration: 18.21
tot_sleeping_duration: 2127683.4266800056
tot_uptimes: 554
tot_uptimes_duration: 33195.37991999154
