comms_cons: 218.7179519796852
finished_reconf: true
global_termination_time: 2162538.446
local_termination_time: 296123.8130000009
node_cons: 44434.584544471465
tot_aggregated_send: 29522
tot_msg_rcv: 1278
tot_msg_sent: 2444
tot_reconf_duration: 4.8100000000000005
tot_sleeping_duration: 2129358.4216800057
tot_uptimes: 554
tot_uptimes_duration: 33180.02431999397
