comms_cons: 208.28431359452532
finished_reconf: true
global_termination_time: 2165232.783
local_termination_time: 1206242.8133599998
node_cons: 44516.8067599995
tot_aggregated_send: 30334
tot_msg_rcv: 439
tot_msg_sent: 885
tot_reconf_duration: 6.22
tot_sleeping_duration: 2131992.783
tot_uptimes: 555
tot_uptimes_duration: 33240.0
