comms_cons: 33.837452800570965
finished_reconf: true
global_termination_time: 330892.56196000025
local_termination_time: 135348.12836000006
node_cons: 6806.3647896832
tot_aggregated_send: 4408
tot_msg_rcv: 284
tot_msg_sent: 452
tot_reconf_duration: 25.299999999999997
tot_sleeping_duration: 325835.0508399979
tot_uptimes: 85
tot_uptimes_duration: 5057.5111200023675
