comms_cons: 34.01446400047717
finished_reconf: true
global_termination_time: 333791.42
local_termination_time: 17170.77348
node_cons: 6835.440121119161
tot_aggregated_send: 4466
tot_msg_rcv: 242
tot_msg_sent: 462
tot_reconf_duration: 4.8100000000000005
tot_sleeping_duration: 328691.41392000066
tot_uptimes: 86
tot_uptimes_duration: 5100.006079999366
