comms_cons: 0.5197567999982856
finished_reconf: true
global_termination_time: 3418.218840000005
local_termination_time: 3378.6463600000006
node_cons: 86.7420497600069
tot_aggregated_send: 0
tot_msg_rcv: 46
tot_msg_sent: 32
tot_reconf_duration: 10.95
tot_sleeping_duration: 3364.543
tot_uptimes: 1
tot_uptimes_duration: 53.67584000000488
