comms_cons: 15.547276799961246
finished_reconf: true
global_termination_time: 166839.125
local_termination_time: 568.4122399999999
node_cons: 3390.244606721749
tot_aggregated_send: 1450
tot_msg_rcv: 236
tot_msg_sent: 678
tot_reconf_duration: 11.719999999999999
tot_sleeping_duration: 164319.0885199987
tot_uptimes: 43
tot_uptimes_duration: 2520.036480001305
