comms_cons: 238.61442558740194
finished_reconf: true
global_termination_time: 2436365.924
local_termination_time: 279067.25500000094
node_cons: 50083.26516959395
tot_aggregated_send: 33930
tot_msg_rcv: 886
tot_msg_sent: 1452
tot_reconf_duration: 15.34
tot_sleeping_duration: 2398977.997600004
tot_uptimes: 624
tot_uptimes_duration: 37387.92639999598
