comms_cons: 238.3913599886571
finished_reconf: true
global_termination_time: 2437870.798
local_termination_time: 315855.3625200004
node_cons: 50142.81212447123
tot_aggregated_send: 34278
tot_msg_rcv: 556
tot_msg_sent: 1401
tot_reconf_duration: 7.819999999999999
tot_sleeping_duration: 2400430.7736800057
tot_uptimes: 625
tot_uptimes_duration: 37440.02431999397
