comms_cons: 333.7349696313125
finished_reconf: true
global_termination_time: 3271084.342
local_termination_time: 1517378.0496799995
node_cons: 67252.21733005506
tot_aggregated_send: 43442
tot_msg_rcv: 2601
tot_msg_sent: 4682
tot_reconf_duration: 5.57
tot_sleeping_duration: 3220864.2872800175
tot_uptimes: 838
tot_uptimes_duration: 50220.05471998238
