comms_cons: 324.0094975966663
finished_reconf: true
global_termination_time: 3270310.357
local_termination_time: 759238.3996399991
node_cons: 67251.21781452237
tot_aggregated_send: 44602
tot_msg_rcv: 1490
tot_msg_sent: 3155
tot_reconf_duration: 4.8100000000000005
tot_sleeping_duration: 3220090.2779600266
tot_uptimes: 838
tot_uptimes_duration: 50220.079039972916
