comms_cons: 324.5756672262203
finished_reconf: true
global_termination_time: 3271196.68
local_termination_time: 428962.40636
node_cons: 67257.37235999854
tot_aggregated_send: 47096
tot_msg_rcv: 795
tot_msg_sent: 1442
tot_reconf_duration: 9.42
tot_sleeping_duration: 3220976.68
tot_uptimes: 838
tot_uptimes_duration: 50220.0
