comms_cons: 334.2752256397874
finished_reconf: true
global_termination_time: 3269687.8751199967
local_termination_time: 183218.1514800001
node_cons: 67272.40588314258
tot_aggregated_send: 43964
tot_msg_rcv: 2297
tot_msg_sent: 4546
tot_reconf_duration: 4.390000000000001
tot_sleeping_duration: 3219451.5463200384
tot_uptimes: 838
tot_uptimes_duration: 50236.328799958166
