comms_cons: 335.6892992569344
finished_reconf: true
global_termination_time: 3269984.699
local_termination_time: 302725.3603600001
node_cons: 67248.8521578692
tot_aggregated_send: 43674
tot_msg_rcv: 2455
tot_msg_sent: 4893
tot_reconf_duration: 3.05
tot_sleeping_duration: 3219764.601720037
tot_uptimes: 838
tot_uptimes_duration: 50220.09727996308
