comms_cons: 649.7118470833306
finished_reconf: true
global_termination_time: 3269687.773519996
local_termination_time: 1828.3594800000023
node_cons: 67338.3113997932
tot_aggregated_send: 0
tot_msg_rcv: 50144
tot_msg_sent: 48604
tot_reconf_duration: 11.31
tot_sleeping_duration: 3219409.2429600297
tot_uptimes: 838
tot_uptimes_duration: 50278.53055996611
