comms_cons: 827.0350081555828
finished_reconf: true
global_termination_time: 8424731.692
local_termination_time: 3679220.72236
node_cons: 173313.94822669725
tot_aggregated_send: 117566
tot_msg_rcv: 2699
tot_msg_sent: 5439
tot_reconf_duration: 15.110000000000001
tot_sleeping_duration: 8295311.655520013
tot_uptimes: 2158
tot_uptimes_duration: 129420.0364799872
