comms_cons: 108.74463359247726
finished_reconf: true
global_termination_time: 1088845.814
local_termination_time: 357021.7826000001
node_cons: 22355.400566705503
tot_aggregated_send: 15022
tot_msg_rcv: 526
tot_msg_sent: 980
tot_reconf_duration: 15.34
tot_sleeping_duration: 1072165.777520011
tot_uptimes: 279
tot_uptimes_duration: 16680.036479989125
