comms_cons: 110.02952959171401
finished_reconf: true
global_termination_time: 1091512.255
local_termination_time: 454749.6028000003
node_cons: 22421.42454447196
tot_aggregated_send: 14964
tot_msg_rcv: 685
tot_msg_sent: 1075
tot_reconf_duration: 4.8100000000000005
tot_sleeping_duration: 1074772.2306800059
tot_uptimes: 280
tot_uptimes_duration: 16740.024319993972
