comms_cons: 111.85555838615147
finished_reconf: true
global_termination_time: 1090618.784
local_termination_time: 367477.46736000007
node_cons: 22430.30853229898
tot_aggregated_send: 13456
tot_msg_rcv: 1215
tot_msg_sent: 2330
tot_reconf_duration: 11.31
tot_sleeping_duration: 1073878.7171200158
tot_uptimes: 280
tot_uptimes_duration: 16740.066879984282
