comms_cons: 134.92254079492227
finished_reconf: true
global_termination_time: 1368674.396
local_termination_time: 605995.34836
node_cons: 28149.77498223374
tot_aggregated_send: 19314
tot_msg_rcv: 410
tot_msg_sent: 783
tot_reconf_duration: 22.65
tot_sleeping_duration: 1347674.3838400047
tot_uptimes: 351
tot_uptimes_duration: 21000.01215999527
