comms_cons: 86.6649919994969
finished_reconf: true
global_termination_time: 893521.735
local_termination_time: 6072.854
node_cons: 18322.639660000026
tot_aggregated_send: 12871
tot_msg_rcv: 90
tot_msg_sent: 211
tot_reconf_duration: 3.77
tot_sleeping_duration: 879841.735
tot_uptimes: 229
tot_uptimes_duration: 13680.0
