comms_cons: 69.09968000808438
finished_reconf: true
global_termination_time: 347772.21232000075
local_termination_time: 2775.4663600000003
node_cons: 7220.984068481013
tot_aggregated_send: 0
tot_msg_rcv: 5303
tot_msg_sent: 5197
tot_reconf_duration: 4.8100000000000005
tot_sleeping_duration: 342384.272
tot_uptimes: 90
tot_uptimes_duration: 5387.940320000751
