comms_cons: 93.0891007999898
finished_reconf: true
global_termination_time: 957088.046
local_termination_time: 162355.18620000067
node_cons: 19689.26162000005
tot_aggregated_send: 13746
tot_msg_rcv: 121
tot_msg_sent: 282
tot_reconf_duration: 4.390000000000001
tot_sleeping_duration: 942388.046
tot_uptimes: 246
tot_uptimes_duration: 14700.0
