comms_cons: 80.47677439863982
finished_reconf: true
global_termination_time: 819366.559
local_termination_time: 348297.3513600001
node_cons: 16798.640342238297
tot_aggregated_send: 11542
tot_msg_rcv: 193
tot_msg_sent: 497
tot_reconf_duration: 5.57
tot_sleeping_duration: 806826.5468400014
tot_uptimes: 210
tot_uptimes_duration: 12540.012159998703
