comms_cons: 82.60843519727487
finished_reconf: true
global_termination_time: 820305.976
local_termination_time: 397837.05636000005
node_cons: 16878.333941116827
tot_aggregated_send: 11600
tot_msg_rcv: 379
tot_msg_sent: 577
tot_reconf_duration: 5.1
tot_sleeping_duration: 807705.9699200024
tot_uptimes: 211
tot_uptimes_duration: 12600.006079997635
