comms_cons: 82.41763839843901
finished_reconf: true
global_termination_time: 821923.596
local_termination_time: 245513.63632000066
node_cons: 16889.284860000043
tot_aggregated_send: 11368
tot_msg_rcv: 464
tot_msg_sent: 695
tot_reconf_duration: 13.17
tot_sleeping_duration: 809323.596
tot_uptimes: 211
tot_uptimes_duration: 12600.0
