comms_cons: 83.19461119543244
finished_reconf: true
global_termination_time: 821260.876
local_termination_time: 136830.43948000006
node_cons: 16877.948262242884
tot_aggregated_send: 10904
tot_msg_rcv: 465
tot_msg_sent: 1277
tot_reconf_duration: 4.8100000000000005
tot_sleeping_duration: 808660.8638399979
tot_uptimes: 211
tot_uptimes_duration: 12600.012160002138
