comms_cons: 1191.6948052632563
finished_reconf: true
global_termination_time: 4091891.703
local_termination_time: 2507926.206399998
node_cons: 166889.4783245897
tot_aggregated_send: 0
tot_msg_rcv: 60716
tot_msg_sent: 120416
tot_reconf_duration: 18.21
tot_sleeping_duration: 3967272.771600004
tot_uptimes: 2059
tot_uptimes_duration: 124618.9313999965
