comms_cons: 411.0344384564154
finished_reconf: true
global_termination_time: 4090264.002
local_termination_time: 2424458.765959999
node_cons: 84136.55636781735
tot_aggregated_send: 57014
tot_msg_rcv: 1754
tot_msg_sent: 3707
tot_reconf_duration: 15.110000000000001
tot_sleeping_duration: 4027443.9594400157
tot_uptimes: 1048
tot_uptimes_duration: 62820.04255998437
