comms_cons: 412.648678477184
finished_reconf: true
global_termination_time: 4089516.954
local_termination_time: 452212.83836000005
node_cons: 84136.88499005091
tot_aggregated_send: 56956
tot_msg_rcv: 1998
tot_msg_sent: 3767
tot_reconf_duration: 15.34
tot_sleeping_duration: 4026696.89928002
tot_uptimes: 1048
tot_uptimes_duration: 62820.054719979875
