comms_cons: 92.25354239602652
finished_reconf: true
global_termination_time: 915236.0524799998
local_termination_time: 915236.0113599999
node_cons: 18851.33608320327
tot_aggregated_send: 12586
tot_msg_rcv: 449
tot_msg_sent: 986
tot_reconf_duration: 24.59
tot_sleeping_duration: 901182.3236799975
tot_uptimes: 235
tot_uptimes_duration: 14053.728800002413
