comms_cons: 92.19432959656845
finished_reconf: true
global_termination_time: 917329.334
local_termination_time: 450862.78348000004
node_cons: 18807.14848335745
tot_aggregated_send: 12702
tot_msg_rcv: 555
tot_msg_sent: 756
tot_reconf_duration: 5.57
tot_sleeping_duration: 903289.315760002
tot_uptimes: 235
tot_uptimes_duration: 14040.01823999807
