comms_cons: 165.2953855443709
finished_reconf: true
global_termination_time: 920164.888
local_termination_time: 110901.78235999995
node_cons: 18914.289964485735
tot_aggregated_send: 0
tot_msg_rcv: 12783
tot_msg_sent: 12340
tot_reconf_duration: 25.299999999999997
tot_sleeping_duration: 906064.8636799958
tot_uptimes: 236
tot_uptimes_duration: 14100.024320004275
