comms_cons: 132.59719679260934
finished_reconf: true
global_termination_time: 1320871.05
local_termination_time: 147080.13048000005
node_cons: 27179.649180000033
tot_aggregated_send: 18618
tot_msg_rcv: 566
tot_msg_sent: 970
tot_reconf_duration: 18.21
tot_sleeping_duration: 1300591.05
tot_uptimes: 339
tot_uptimes_duration: 20280.0
