comms_cons: 258.88922222890676
finished_reconf: true
global_termination_time: 1318481.7196
local_termination_time: 3168.10636
node_cons: 27099.291189516734
tot_aggregated_send: 0
tot_msg_rcv: 19792
tot_msg_sent: 19555
tot_reconf_duration: 3.05
tot_sleeping_duration: 1298246.3579200024
tot_uptimes: 338
tot_uptimes_duration: 20235.361679997528
