comms_cons: 95.89183999849612
finished_reconf: true
global_termination_time: 963605.909
local_termination_time: 268769.5339600006
node_cons: 19778.510100000047
tot_aggregated_send: 13688
tot_msg_rcv: 326
tot_msg_sent: 561
tot_reconf_duration: 10.95
tot_sleeping_duration: 948845.909
tot_uptimes: 247
tot_uptimes_duration: 14760.0
