comms_cons: 267.61456641693854
finished_reconf: true
global_termination_time: 2809246.002
local_termination_time: 7354.628
node_cons: 57863.59742223263
tot_aggregated_send: 39426
tot_msg_rcv: 393
tot_msg_sent: 856
tot_reconf_duration: 13.83
tot_sleeping_duration: 2766045.9898400046
tot_uptimes: 720
tot_uptimes_duration: 43200.01215999527
