comms_cons: 261.97716481759966
finished_reconf: true
global_termination_time: 2808085.108
local_termination_time: 5905.033
node_cons: 57866.54157999896
tot_aggregated_send: 39192
tot_msg_rcv: 218
tot_msg_sent: 409
tot_reconf_duration: 16.009999999999998
tot_sleeping_duration: 2764885.108
tot_uptimes: 720
tot_uptimes_duration: 43200.0
