comms_cons: 1.9474431999992428
finished_reconf: true
global_termination_time: 12783.367
local_termination_time: 5691.51136
node_cons: 248.3939400000004
tot_aggregated_send: 0
tot_msg_rcv: 180
tot_msg_sent: 116
tot_reconf_duration: 5.43
tot_sleeping_duration: 12603.367
tot_uptimes: 4
tot_uptimes_duration: 180.0
