comms_cons: 218.69658237434487
finished_reconf: true
global_termination_time: 2131550.564
local_termination_time: 443559.51884000015
node_cons: 43796.00911228474
tot_aggregated_send: 28826
tot_msg_rcv: 1623
tot_msg_sent: 2792
tot_reconf_duration: 7.819999999999999
tot_sleeping_duration: 2098850.4971200256
tot_uptimes: 546
tot_uptimes_duration: 32700.06687997398
