comms_cons: 422.64423646997403
finished_reconf: true
global_termination_time: 2128321.745
local_termination_time: 782377.5544799999
node_cons: 43793.77932446702
tot_aggregated_send: 0
tot_msg_rcv: 32625
tot_msg_sent: 31615
tot_reconf_duration: 6.22
tot_sleeping_duration: 2095621.7206800096
tot_uptimes: 546
tot_uptimes_duration: 32700.024319990538
