comms_cons: 55.0669312010858
finished_reconf: true
global_termination_time: 531896.158
local_termination_time: 9408.31448
node_cons: 10933.198364483456
tot_aggregated_send: 6844
tot_msg_rcv: 479
tot_msg_sent: 1046
tot_reconf_duration: 5.1
tot_sleeping_duration: 523736.13367999747
tot_uptimes: 137
tot_uptimes_duration: 8160.0243200025725
