comms_cons: 1.59216639999474
finished_reconf: true
global_termination_time: 16353.061
local_termination_time: 6002.184360000001
node_cons: 341.87938000000076
tot_aggregated_send: 0
tot_msg_rcv: 131
tot_msg_sent: 111
tot_reconf_duration: 15.110000000000001
tot_sleeping_duration: 16113.061
tot_uptimes: 5
tot_uptimes_duration: 240.0
