comms_cons: 1.5263743999949575
finished_reconf: true
global_termination_time: 18133.344
local_termination_time: 4917.300359999999
node_cons: 327.32161999999926
tot_aggregated_send: 0
tot_msg_rcv: 118
tot_msg_sent: 114
tot_reconf_duration: 4.390000000000001
tot_sleeping_duration: 17893.344
tot_uptimes: 5
tot_uptimes_duration: 240.0
