comms_cons: 47.436659200385044
finished_reconf: true
global_termination_time: 483253.4430000004
local_termination_time: 312004.67636000004
node_cons: 9941.49715111962
tot_aggregated_send: 6612
tot_msg_rcv: 189
tot_msg_sent: 409
tot_reconf_duration: 5.1
tot_sleeping_duration: 475834.04692000063
tot_uptimes: 124
tot_uptimes_duration: 7419.396079999729
