comms_cons: 49.172595200701075
finished_reconf: true
global_termination_time: 483253.12924000004
local_termination_time: 169846.8320000009
node_cons: 9895.766064482657
tot_aggregated_send: 6496
tot_msg_rcv: 343
tot_msg_sent: 635
tot_reconf_duration: 7.819999999999999
tot_sleeping_duration: 475870.64491999807
tot_uptimes: 124
tot_uptimes_duration: 7382.484320001997
