comms_cons: 50.0683392006073
finished_reconf: true
global_termination_time: 484573.347
local_termination_time: 157008.27836000005
node_cons: 9977.51898000001
tot_aggregated_send: 6496
tot_msg_rcv: 428
tot_msg_sent: 686
tot_reconf_duration: 11.31
tot_sleeping_duration: 477133.347
tot_uptimes: 125
tot_uptimes_duration: 7440.0
