comms_cons: 114.15758081453588
finished_reconf: true
global_termination_time: 393401.4064800002
local_termination_time: 1631.0300400000015
node_cons: 16009.911197720292
tot_aggregated_send: 0
tot_msg_rcv: 5811
tot_msg_sent: 11539
tot_reconf_duration: 4.390000000000001
tot_sleeping_duration: 381449.241
tot_uptimes: 199
tot_uptimes_duration: 11952.1654800002
