comms_cons: 1048.483599277332
finished_reconf: true
global_termination_time: 5314332.034
local_termination_time: 2243858.268
node_cons: 109305.94207942221
tot_aggregated_send: 0
tot_msg_rcv: 80489
tot_msg_sent: 78874
tot_reconf_duration: 22.65
tot_sleeping_duration: 5232722.48704001
tot_uptimes: 1361
tot_uptimes_duration: 81609.54695998924
