comms_cons: 533.0271681284158
finished_reconf: true
global_termination_time: 5307434.006239997
local_termination_time: 26259.587
node_cons: 109209.5120272344
tot_aggregated_send: 73772
tot_msg_rcv: 2308
tot_msg_sent: 4936
tot_reconf_duration: 5.1
tot_sleeping_duration: 5225878.676720029
tot_uptimes: 1360
tot_uptimes_duration: 81555.32951996836
