comms_cons: 137.715814398056
finished_reconf: true
global_termination_time: 1414476.371
local_termination_time: 5399.5109999999995
node_cons: 29090.923801116878
tot_aggregated_send: 20525
tot_msg_rcv: 154
tot_msg_sent: 253
tot_reconf_duration: 5.77
tot_sleeping_duration: 1392756.3649200024
tot_uptimes: 363
tot_uptimes_duration: 21720.006079997635
