comms_cons: 139.41982719682676
finished_reconf: true
global_termination_time: 1416834.673
local_termination_time: 5748.256
node_cons: 29095.858780000046
tot_aggregated_send: 20174
tot_msg_rcv: 380
tot_msg_sent: 637
tot_reconf_duration: 9.41
tot_sleeping_duration: 1395114.673
tot_uptimes: 363
tot_uptimes_duration: 21720.0
