comms_cons: 1.4276863999995046
finished_reconf: true
global_termination_time: 9336.423
local_termination_time: 7187.96036
node_cons: 185.40918000000005
tot_aggregated_send: 0
tot_msg_rcv: 118
tot_msg_sent: 99
tot_reconf_duration: 18.21
tot_sleeping_duration: 9216.423
tot_uptimes: 3
tot_uptimes_duration: 120.0
