comms_cons: 1.8619135999959593
finished_reconf: true
global_termination_time: 9194.26
local_termination_time: 4738.38436
node_cons: 166.64161999999922
tot_aggregated_send: 0
tot_msg_rcv: 167
tot_msg_sent: 115
tot_reconf_duration: 4.390000000000001
tot_sleeping_duration: 9074.26
tot_uptimes: 3
tot_uptimes_duration: 120.0
