comms_cons: 2.1980799999954845
finished_reconf: true
global_termination_time: 14512.30148
local_termination_time: 14512.26036
node_cons: 292.77165984000686
tot_aggregated_send: 0
tot_msg_rcv: 164
tot_msg_sent: 169
tot_reconf_duration: 24.59
tot_sleeping_duration: 14318.590919999995
tot_uptimes: 4
tot_uptimes_duration: 193.710560000005
