comms_cons: 65.5783743988759
finished_reconf: true
global_termination_time: 664093.8561200004
local_termination_time: 271238.01448000007
node_cons: 13730.654149680562
tot_aggregated_send: 9396
tot_msg_rcv: 151
tot_msg_sent: 421
tot_reconf_duration: 4.8100000000000005
tot_sleeping_duration: 653844.325
tot_uptimes: 171
tot_uptimes_duration: 10249.531120000407
