comms_cons: 67.3033791997494
finished_reconf: true
global_termination_time: 666708.246
local_termination_time: 29939.930240000005
node_cons: 13671.762346719719
tot_aggregated_send: 9164
tot_msg_rcv: 369
tot_msg_sent: 696
tot_reconf_duration: 7.819999999999999
tot_sleeping_duration: 656505.7495200003
tot_uptimes: 171
tot_uptimes_duration: 10202.496479999776
