comms_cons: 67.81181440073192
finished_reconf: true
global_termination_time: 667058.796
local_termination_time: 155087.02860000008
node_cons: 13666.263042238284
tot_aggregated_send: 9164
tot_msg_rcv: 447
tot_msg_sent: 696
tot_reconf_duration: 6.22
tot_sleeping_duration: 656858.7838400012
tot_uptimes: 171
tot_uptimes_duration: 10200.012159998703
