comms_cons: 2.272556799990984
finished_reconf: true
global_termination_time: 12598.301
local_termination_time: 6360.540359999999
node_cons: 252.00622000000143
tot_aggregated_send: 0
tot_msg_rcv: 177
tot_msg_sent: 167
tot_reconf_duration: 8.09
tot_sleeping_duration: 12418.301
tot_uptimes: 4
tot_uptimes_duration: 180.0
