comms_cons: 1.486899199995088
finished_reconf: true
global_termination_time: 12299.411
local_termination_time: 5047.721720000006
node_cons: 256.3789800000005
tot_aggregated_send: 0
tot_msg_rcv: 118
tot_msg_sent: 108
tot_reconf_duration: 11.31
tot_sleeping_duration: 12119.411
tot_uptimes: 4
tot_uptimes_duration: 180.0
