comms_cons: 39.45608960110161
finished_reconf: true
global_termination_time: 381303.132
local_termination_time: 85626.31735999996
node_cons: 7827.353682240576
tot_aggregated_send: 4930
tot_msg_rcv: 393
tot_msg_sent: 674
tot_reconf_duration: 25.299999999999997
tot_sleeping_duration: 375483.11983999953
tot_uptimes: 98
tot_uptimes_duration: 5820.012160000435
