comms_cons: 38.64622080074378
finished_reconf: true
global_termination_time: 383506.165
local_termination_time: 135651.91112000047
node_cons: 7884.3143611214355
tot_aggregated_send: 5278
tot_msg_rcv: 196
tot_msg_sent: 400
tot_reconf_duration: 8.09
tot_sleeping_duration: 377626.1589199989
tot_uptimes: 99
tot_uptimes_duration: 5880.006080001069
