comms_cons: 41.06743680097203
finished_reconf: true
global_termination_time: 385661.427
local_termination_time: 247820.85056000025
node_cons: 7898.730882242886
tot_aggregated_send: 4930
tot_msg_rcv: 571
tot_msg_sent: 741
tot_reconf_duration: 18.700000000000003
tot_sleeping_duration: 379781.4148399979
tot_uptimes: 99
tot_uptimes_duration: 5880.0121600021375
