comms_cons: 24.40883200050174
finished_reconf: true
global_termination_time: 237303.521
local_termination_time: 51594.19036000001
node_cons: 4826.9564033620145
tot_aggregated_send: 2958
tot_msg_rcv: 231
tot_msg_sent: 521
tot_reconf_duration: 4.8100000000000005
tot_sleeping_duration: 233703.50275999852
tot_uptimes: 61
tot_uptimes_duration: 3600.0182400015037
