comms_cons: 151.2228479770219
finished_reconf: true
global_termination_time: 1451800.008
local_termination_time: 7005.83448
node_cons: 29830.918026718013
tot_aggregated_send: 18676
tot_msg_rcv: 1472
tot_msg_sent: 2837
tot_reconf_duration: 18.21
tot_sleeping_duration: 1429539.9715200013
tot_uptimes: 372
tot_uptimes_duration: 22260.03647999848
