comms_cons: 145.24572159001846
finished_reconf: true
global_termination_time: 1446357.397
local_termination_time: 248350.68136000005
node_cons: 29732.35640335372
tot_aggregated_send: 20242
tot_msg_rcv: 616
tot_msg_sent: 1218
tot_reconf_duration: 4.8100000000000005
tot_sleeping_duration: 1424157.3787600049
tot_uptimes: 371
tot_uptimes_duration: 22200.018239995276
