comms_cons: 144.30782719265449
finished_reconf: true
global_termination_time: 1446220.291
local_termination_time: 371519.536600001
node_cons: 29734.709562401276
tot_aggregated_send: 20358
tot_msg_rcv: 475
tot_msg_sent: 1101
tot_reconf_duration: 4.390000000000001
tot_sleeping_duration: 1424018.089399999
tot_uptimes: 371
tot_uptimes_duration: 22202.20160000096
