comms_cons: 141.92650239799718
finished_reconf: true
global_termination_time: 1447047.604
local_termination_time: 642516.769119999
node_cons: 29734.246760000166
tot_aggregated_send: 21228
tot_msg_rcv: 117
tot_msg_sent: 227
tot_reconf_duration: 6.22
tot_sleeping_duration: 1424847.604
tot_uptimes: 371
tot_uptimes_duration: 22200.0
