comms_cons: 97.12277759712784
finished_reconf: true
global_termination_time: 975916.6435199991
local_termination_time: 975916.6023999992
node_cons: 20097.75600551718
tot_aggregated_send: 13662
tot_msg_rcv: 316
tot_msg_sent: 784
tot_reconf_duration: 37.410000000000004
tot_sleeping_duration: 960945.0578400013
tot_uptimes: 250
tot_uptimes_duration: 14971.585679997865
