comms_cons: 20.178406400053156
finished_reconf: true
global_termination_time: 208959.809
local_termination_time: 5458.569
node_cons: 4261.789801119155
tot_aggregated_send: 2606
tot_msg_rcv: 155
tot_msg_sent: 306
tot_reconf_duration: 2.77
tot_sleeping_duration: 205779.80292000066
tot_uptimes: 54
tot_uptimes_duration: 3180.006079999366
