comms_cons: 32.007808000156245
finished_reconf: true
global_termination_time: 327600.4451200006
local_termination_time: 235710.1296000001
node_cons: 6724.0539316808
tot_aggregated_send: 4756
tot_msg_rcv: 33
tot_msg_sent: 76
tot_reconf_duration: 6.279999999999999
tot_sleeping_duration: 322585.116
tot_uptimes: 84
tot_uptimes_duration: 5015.3291200005915
