comms_cons: 32.34397440005984
finished_reconf: true
global_termination_time: 328530.458
local_termination_time: 131786.9712800008
node_cons: 6798.3818859211315
tot_aggregated_send: 4756
tot_msg_rcv: 56
tot_msg_sent: 104
tot_reconf_duration: 25.299999999999997
tot_sleeping_duration: 323478.9087199992
tot_uptimes: 85
tot_uptimes_duration: 5051.549280000821
