comms_cons: 82.12157439966907
finished_reconf: true
global_termination_time: 823235.335
local_termination_time: 265934.3832000007
node_cons: 16902.20754672864
tot_aggregated_send: 10962
tot_msg_rcv: 489
tot_msg_sent: 1031
tot_reconf_duration: 22.65
tot_sleeping_duration: 810635.2985199936
tot_uptimes: 211
tot_uptimes_duration: 12600.036480006413
