comms_cons: 81.73287039910912
finished_reconf: true
global_termination_time: 823343.332
local_termination_time: 340255.86768000026
node_cons: 16878.350223364287
tot_aggregated_send: 10672
tot_msg_rcv: 588
tot_msg_sent: 1162
tot_reconf_duration: 5.1
tot_sleeping_duration: 810743.3137599969
tot_uptimes: 211
tot_uptimes_duration: 12600.018240003206
