comms_cons: 82.77949439842315
finished_reconf: true
global_termination_time: 824555.611
local_termination_time: 342824.74436
node_cons: 16969.633001121434
tot_aggregated_send: 11484
tot_msg_rcv: 355
tot_msg_sent: 743
tot_reconf_duration: 13.17
tot_sleeping_duration: 811895.6049199989
tot_uptimes: 212
tot_uptimes_duration: 12660.006080001069
