comms_cons: 79.01024000073086
finished_reconf: true
global_termination_time: 825213.374
local_termination_time: 222208.66776000086
node_cons: 16955.890041121438
tot_aggregated_send: 11078
tot_msg_rcv: 400
tot_msg_sent: 532
tot_reconf_duration: 3.05
tot_sleeping_duration: 812553.367919999
tot_uptimes: 212
tot_uptimes_duration: 12660.006080001069
