comms_cons: 10.80430079982699
finished_reconf: true
global_termination_time: 108352.286
local_termination_time: 192.71511999999998
node_cons: 2174.772188957487
tot_aggregated_send: 696
tot_msg_rcv: 372
tot_msg_sent: 575
tot_reconf_duration: 4.07
tot_sleeping_duration: 106732.23736000188
tot_uptimes: 28
tot_uptimes_duration: 1620.0486399981237
