comms_cons: 272.56309759599617
finished_reconf: true
global_termination_time: 2811033.448
local_termination_time: 7094.433999999999
node_cons: 57879.27414670479
tot_aggregated_send: 39183
tot_msg_rcv: 776
tot_msg_sent: 1469
tot_reconf_duration: 25.35
tot_sleeping_duration: 2767833.4115200103
tot_uptimes: 720
tot_uptimes_duration: 43200.036479989416
