comms_cons: 269.9840511910358
finished_reconf: true
global_termination_time: 2810318.123
local_termination_time: 7482.031
node_cons: 57851.64972446629
tot_aggregated_send: 39261
tot_msg_rcv: 517
tot_msg_sent: 1258
tot_reconf_duration: 5.02
tot_sleeping_duration: 2767118.0986800096
tot_uptimes: 720
tot_uptimes_duration: 43200.02431999054
