comms_cons: 269.3063935847389
finished_reconf: true
global_termination_time: 2810970.309
local_termination_time: 1777.71924
node_cons: 57850.19923534436
tot_aggregated_send: 38976
tot_msg_rcv: 570
tot_msg_sent: 1387
tot_reconf_duration: 3.95
tot_sleeping_duration: 2767770.282760011
tot_uptimes: 720
tot_uptimes_duration: 43200.02623998909
