comms_cons: 273.38465918276984
finished_reconf: true
global_termination_time: 2811106.341
local_termination_time: 1747.2111200000002
node_cons: 57852.80402446629
tot_aggregated_send: 38570
tot_msg_rcv: 920
tot_msg_sent: 2062
tot_reconf_duration: 5.87
tot_sleeping_duration: 2767906.3166800095
tot_uptimes: 720
tot_uptimes_duration: 43200.02431999054
