comms_cons: 275.39184000166387
finished_reconf: true
global_termination_time: 2810387.39
local_termination_time: 7462.15
node_cons: 57854.46348670089
tot_aggregated_send: 39432
tot_msg_rcv: 812
tot_msg_sent: 1613
tot_reconf_duration: 7.08
tot_sleeping_duration: 2767187.3535200134
tot_uptimes: 720
tot_uptimes_duration: 43200.0364799865
