comms_cons: 705.7599937267003
finished_reconf: true
global_termination_time: 7136601.568
local_termination_time: 1608270.61136
node_cons: 146815.59438781455
tot_aggregated_send: 99586
tot_msg_rcv: 2474
tot_msg_sent: 5209
tot_reconf_duration: 25.299999999999997
tot_sleeping_duration: 7026981.525440015
tot_uptimes: 1828
tot_uptimes_duration: 109620.0425599846
