comms_cons: 718.3973313632475
finished_reconf: true
global_termination_time: 7140977.504
local_termination_time: 323623.9705200004
node_cons: 146892.376393399
tot_aggregated_send: 99006
tot_msg_rcv: 3474
tot_msg_sent: 6712
tot_reconf_duration: 22.65
tot_sleeping_duration: 7031297.431040027
tot_uptimes: 1829
tot_uptimes_duration: 109680.07295997301
