comms_cons: 713.9191105552258
finished_reconf: true
global_termination_time: 7137700.229
local_termination_time: 1327149.230359999
node_cons: 146791.88097116508
tot_aggregated_send: 99122
tot_msg_rcv: 3007
tot_msg_sent: 6383
tot_reconf_duration: 7.819999999999999
tot_sleeping_duration: 7028080.1682000235
tot_uptimes: 1828
tot_uptimes_duration: 109620.06079997751
