comms_cons: 712.2324738016436
finished_reconf: true
global_termination_time: 7137332.089
local_termination_time: 1461685.0019999999
node_cons: 146796.59596781488
tot_aggregated_send: 98366
tot_msg_rcv: 3270
tot_msg_sent: 6617
tot_reconf_duration: 11.31
tot_sleeping_duration: 7027712.046440015
tot_uptimes: 1828
tot_uptimes_duration: 109620.04255998484
