comms_cons: 2.2895615999924344
finished_reconf: true
global_termination_time: 18523.543
local_termination_time: 10360.562360000002
node_cons: 328.9240600000021
tot_aggregated_send: 0
tot_msg_rcv: 177
tot_msg_sent: 171
tot_reconf_duration: 5.57
tot_sleeping_duration: 18283.543
tot_uptimes: 5
tot_uptimes_duration: 240.0
