comms_cons: 236.27223039133239
finished_reconf: true
global_termination_time: 2382401.53
local_termination_time: 1327406.2355999989
node_cons: 49032.1291799993
tot_aggregated_send: 34104
tot_msg_rcv: 549
tot_msg_sent: 1259
tot_reconf_duration: 18.21
tot_sleeping_duration: 2345801.53
tot_uptimes: 611
tot_uptimes_duration: 36600.0
