comms_cons: 239.6210431886969
finished_reconf: true
global_termination_time: 2385183.724
local_termination_time: 1168017.13136
node_cons: 49015.960804467344
tot_aggregated_send: 33350
tot_msg_rcv: 1040
tot_msg_sent: 2031
tot_reconf_duration: 6.279999999999999
tot_sleeping_duration: 2348583.699680009
tot_uptimes: 611
tot_uptimes_duration: 36600.024319991004
