comms_cons: 242.72478719404728
finished_reconf: true
global_termination_time: 2380173.1834799997
local_termination_time: 2380173.1423599995
node_cons: 48978.893071018414
tot_aggregated_send: 32524
tot_msg_rcv: 1565
tot_msg_sent: 2803
tot_reconf_duration: 24.59
tot_sleeping_duration: 2343619.4121200154
tot_uptimes: 610
tot_uptimes_duration: 36553.77135998459
