comms_cons: 112.80724478803435
finished_reconf: true
global_termination_time: 1102940.865
local_termination_time: 62594.10464000017
node_cons: 22683.078397198522
tot_aggregated_send: 14790
tot_msg_rcv: 789
tot_msg_sent: 1567
tot_reconf_duration: 15.34
tot_sleeping_duration: 1086016.1102000012
tot_uptimes: 283
tot_uptimes_duration: 16924.754799998875
