comms_cons: 111.05689599306618
finished_reconf: true
global_termination_time: 1104298.988
local_termination_time: 207652.46388000043
node_cons: 22666.955772308174
tot_aggregated_send: 14152
tot_msg_rcv: 864
tot_msg_sent: 1864
tot_reconf_duration: 8.09
tot_sleeping_duration: 1087378.9211200087
tot_uptimes: 283
tot_uptimes_duration: 16920.06687999115
