comms_cons: 109.16208639778417
finished_reconf: true
global_termination_time: 1103459.081
local_termination_time: 844968.8075199992
node_cons: 22672.040200000065
tot_aggregated_send: 15254
tot_msg_rcv: 417
tot_msg_sent: 921
tot_reconf_duration: 11.899999999999999
tot_sleeping_duration: 1086539.081
tot_uptimes: 283
tot_uptimes_duration: 16920.0
