comms_cons: 112.93322879104527
finished_reconf: true
global_termination_time: 1101224.98
local_termination_time: 391017.75136
node_cons: 22661.89046671017
tot_aggregated_send: 14964
tot_msg_rcv: 807
tot_msg_sent: 1394
tot_reconf_duration: 4.390000000000001
tot_sleeping_duration: 1084304.9435200074
tot_uptimes: 283
tot_uptimes_duration: 16920.03647999268
