comms_cons: 113.1108607887889
finished_reconf: true
global_termination_time: 1100842.2101200002
local_termination_time: 72884.60979999985
node_cons: 22606.565598630936
tot_aggregated_send: 14036
tot_msg_rcv: 1118
tot_msg_sent: 2038
tot_reconf_duration: 7.819999999999999
tot_sleeping_duration: 1083966.970360007
tot_uptimes: 282
tot_uptimes_duration: 16875.239759993197
