comms_cons: 112.28211199263487
finished_reconf: true
global_termination_time: 1101638.216
local_termination_time: 376455.2043600005
node_cons: 22663.310927831644
tot_aggregated_send: 14732
tot_msg_rcv: 827
tot_msg_sent: 1507
tot_reconf_duration: 5.43
tot_sleeping_duration: 1084718.1734400063
tot_uptimes: 283
tot_uptimes_duration: 16920.042559993744
