comms_cons: 271.58876160791476
finished_reconf: true
global_termination_time: 2746807.8295599986
local_termination_time: 2746807.7884399984
node_cons: 56578.63309007035
tot_aggregated_send: 39890
tot_msg_rcv: 476
tot_msg_sent: 912
tot_reconf_duration: 24.59
tot_sleeping_duration: 2704578.374840005
tot_uptimes: 704
tot_uptimes_duration: 42229.45471999375
