comms_cons: 108.36663039413357
finished_reconf: true
global_termination_time: 1083176.916
local_termination_time: 931576.5905999978
node_cons: 22263.097703513966
tot_aggregated_send: 15138
tot_msg_rcv: 405
tot_msg_sent: 928
tot_reconf_duration: 4.390000000000001
tot_sleeping_duration: 1066554.7083200046
tot_uptimes: 278
tot_uptimes_duration: 16622.207679995452
