comms_cons: 107.45052159586078
finished_reconf: true
global_termination_time: 1084450.423
local_termination_time: 344636.0746000006
node_cons: 22264.82398335054
tot_aggregated_send: 15254
tot_msg_rcv: 267
tot_msg_sent: 811
tot_reconf_duration: 7.819999999999999
tot_sleeping_duration: 1067830.404760007
tot_uptimes: 278
tot_uptimes_duration: 16620.018239992904
