comms_cons: 139.43956479582354
finished_reconf: true
global_termination_time: 1415154.553
local_termination_time: 1055282.5006399981
node_cons: 29089.04161999991
tot_aggregated_send: 19430
tot_msg_rcv: 610
tot_msg_sent: 1154
tot_reconf_duration: 4.390000000000001
tot_sleeping_duration: 1393434.553
tot_uptimes: 363
tot_uptimes_duration: 21720.0
