comms_cons: 2.2961407999966332
finished_reconf: true
global_termination_time: 16265.23
local_termination_time: 7974.092360000001
node_cons: 342.19172000000026
tot_aggregated_send: 0
tot_msg_rcv: 187
tot_msg_sent: 162
tot_reconf_duration: 15.34
tot_sleeping_duration: 16025.23
tot_uptimes: 5
tot_uptimes_duration: 240.0
