comms_cons: 2.625100799991325
finished_reconf: true
global_termination_time: 17709.352
local_termination_time: 8469.14236
node_cons: 325.5426399999999
tot_aggregated_send: 0
tot_msg_rcv: 225
tot_msg_sent: 174
tot_reconf_duration: 3.08
tot_sleeping_duration: 17469.352
tot_uptimes: 5
tot_uptimes_duration: 240.0
