comms_cons: 2.302719999996575
finished_reconf: true
global_termination_time: 15672.44
local_termination_time: 6086.861360000001
node_cons: 332.34622000000024
tot_aggregated_send: 0
tot_msg_rcv: 181
tot_msg_sent: 169
tot_reconf_duration: 8.09
tot_sleeping_duration: 15432.44
tot_uptimes: 5
tot_uptimes_duration: 240.0
