comms_cons: 62.36423680084539
finished_reconf: true
global_termination_time: 607385.448
local_termination_time: 86214.42135999998
node_cons: 12483.483123357444
tot_aggregated_send: 7888
tot_msg_rcv: 504
tot_msg_sent: 1087
tot_reconf_duration: 22.65
tot_sleeping_duration: 598085.429760002
tot_uptimes: 156
tot_uptimes_duration: 9300.01823999807
