comms_cons: 61.831321599349224
finished_reconf: true
global_termination_time: 608288.764
local_termination_time: 98537.04235999996
node_cons: 12459.240121116847
tot_aggregated_send: 8352
tot_msg_rcv: 409
tot_msg_sent: 637
tot_reconf_duration: 4.8100000000000005
tot_sleeping_duration: 598988.7579200023
tot_uptimes: 156
tot_uptimes_duration: 9300.006079997635
