comms_cons: 6.612723200045067
finished_reconf: true
global_termination_time: 62527.844
local_termination_time: 16921.61448
node_cons: 1291.9719800000016
tot_aggregated_send: 754
tot_msg_rcv: 80
tot_msg_sent: 172
tot_reconf_duration: 4.8100000000000005
tot_sleeping_duration: 61567.844
tot_uptimes: 17
tot_uptimes_duration: 960.0
