comms_cons: 59.96940799977257
finished_reconf: true
global_termination_time: 580478.637
local_termination_time: 181711.56036000003
node_cons: 11905.230805602547
tot_aggregated_send: 7656
tot_msg_rcv: 536
tot_msg_sent: 923
tot_reconf_duration: 10.95
tot_sleeping_duration: 571598.6065999981
tot_uptimes: 149
tot_uptimes_duration: 8880.03040000191
