comms_cons: 58.627251199802586
finished_reconf: true
global_termination_time: 581463.455
local_termination_time: 233057.98980000027
node_cons: 11894.4619
tot_aggregated_send: 8062
tot_msg_rcv: 329
tot_msg_sent: 520
tot_reconf_duration: 3.05
tot_sleeping_duration: 572583.455
tot_uptimes: 149
tot_uptimes_duration: 8880.0
