comms_cons: 61.12202240094067
finished_reconf: true
global_termination_time: 580446.459
local_termination_time: 81709.49359999996
node_cons: 11897.759068971473
tot_aggregated_send: 7366
tot_msg_rcv: 699
tot_msg_sent: 1227
tot_reconf_duration: 5.43
tot_sleeping_duration: 571566.4103599915
tot_uptimes: 149
tot_uptimes_duration: 8880.04864000855
