comms_cons: 377.3436416501769
finished_reconf: true
global_termination_time: 434666.3832000006
local_termination_time: 434666.3420800006
node_cons: 43710.081038415585
tot_aggregated_send: 0
tot_msg_rcv: 25825
tot_msg_sent: 31527
tot_reconf_duration: 24.59
tot_sleeping_duration: 402047.4975999887
tot_uptimes: 526
tot_uptimes_duration: 32618.88560001193
