comms_cons: 44.2516992009421
finished_reconf: true
global_termination_time: 436857.525
local_termination_time: 24322.5826
node_cons: 8924.673941121444
tot_aggregated_send: 5800
tot_msg_rcv: 289
tot_msg_sent: 637
tot_reconf_duration: 5.1
tot_sleeping_duration: 430197.51891999895
tot_uptimes: 112
tot_uptimes_duration: 6660.006080001069
