comms_cons: 44.86917120089605
finished_reconf: true
global_termination_time: 434941.624
local_termination_time: 93033.67147999996
node_cons: 8924.2964033643
tot_aggregated_send: 5858
tot_msg_rcv: 382
tot_msg_sent: 579
tot_reconf_duration: 4.8100000000000005
tot_sleeping_duration: 428281.6057599968
tot_uptimes: 112
tot_uptimes_duration: 6660.018240003206
