comms_cons: 44.69908480081441
finished_reconf: true
global_termination_time: 439531.534
local_termination_time: 192015.36036000005
node_cons: 9002.230041121426
tot_aggregated_send: 5858
tot_msg_rcv: 380
tot_msg_sent: 556
tot_reconf_duration: 3.05
tot_sleeping_duration: 432811.5279199989
tot_uptimes: 113
tot_uptimes_duration: 6720.006080001069
