comms_cons: 263.83105281826596
finished_reconf: true
global_termination_time: 2573712.773
local_termination_time: 1776836.160119999
node_cons: 52952.66161716981
tot_aggregated_send: 34452
tot_msg_rcv: 1983
tot_msg_sent: 3666
tot_reconf_duration: 6.279999999999999
tot_sleeping_duration: 2534172.718200022
tot_uptimes: 660
tot_uptimes_duration: 39540.05479997804
