comms_cons: 254.24621440094694
finished_reconf: true
global_termination_time: 2571541.226
local_termination_time: 1635233.45
node_cons: 52887.94087287329
tot_aggregated_send: 37230
tot_msg_rcv: 485
tot_msg_sent: 928
tot_reconf_duration: 11.899999999999999
tot_sleeping_duration: 2532055.206080004
tot_uptimes: 659
tot_uptimes_duration: 39486.01991999545
