comms_cons: 263.0833792194863
finished_reconf: true
global_termination_time: 2570552.213239997
local_termination_time: 12532.20148
node_cons: 52898.22025276534
tot_aggregated_send: 34626
tot_msg_rcv: 1867
tot_msg_sent: 3492
tot_reconf_duration: 11.31
tot_sleeping_duration: 2531057.9180400227
tot_uptimes: 659
tot_uptimes_duration: 39494.29519997472
