comms_cons: 146.78814719185166
finished_reconf: true
global_termination_time: 1474352.13112
local_termination_time: 105909.61235999997
node_cons: 30340.66456415212
tot_aggregated_send: 20822
tot_msg_rcv: 502
tot_msg_sent: 986
tot_reconf_duration: 22.65
tot_sleeping_duration: 1451715.9056800061
tot_uptimes: 378
tot_uptimes_duration: 22636.225439994072
