comms_cons: 145.74600959350462
finished_reconf: true
global_termination_time: 1476272.161
local_termination_time: 922947.5849999981
node_cons: 30372.670041116864
tot_aggregated_send: 20184
tot_msg_rcv: 745
tot_msg_sent: 1223
tot_reconf_duration: 3.05
tot_sleeping_duration: 1453592.1549200024
tot_uptimes: 379
tot_uptimes_duration: 22680.006079997576
