comms_cons: 144.55160319388398
finished_reconf: true
global_termination_time: 1475278.742
local_termination_time: 989640.3113599999
node_cons: 30298.807701117046
tot_aggregated_send: 20010
tot_msg_rcv: 744
tot_msg_sent: 1217
tot_reconf_duration: 7.819999999999999
tot_sleeping_duration: 1452658.7359200022
tot_uptimes: 378
tot_uptimes_duration: 22620.006079997693
