comms_cons: 1.6974335999986128
finished_reconf: true
global_termination_time: 15044.536240000009
local_termination_time: 11135.50536
node_cons: 299.3676193600103
tot_aggregated_send: 0
tot_msg_rcv: 132
tot_msg_sent: 125
tot_reconf_duration: 3.05
tot_sleeping_duration: 14824.054
tot_uptimes: 4
tot_uptimes_duration: 220.48224000000846
