comms_cons: 126.36074239628473
finished_reconf: true
global_termination_time: 1279664.154
local_termination_time: 908474.3463599999
node_cons: 26295.91732111682
tot_aggregated_send: 18444
tot_msg_rcv: 312
tot_msg_sent: 450
tot_reconf_duration: 18.21
tot_sleeping_duration: 1260044.1479200025
tot_uptimes: 328
tot_uptimes_duration: 19620.006079997635
