comms_cons: 130.49127038886775
finished_reconf: true
global_termination_time: 1283207.246
local_termination_time: 314956.40296000056
node_cons: 26359.983042233667
tot_aggregated_send: 17400
tot_msg_rcv: 809
tot_msg_sent: 1623
tot_reconf_duration: 6.22
tot_sleeping_duration: 1263527.2338400048
tot_uptimes: 329
tot_uptimes_duration: 19680.01215999527
