comms_cons: 0.7171327999996169
finished_reconf: true
global_termination_time: 6418.364
local_termination_time: 702.8133599999999
node_cons: 114.69739999999993
tot_aggregated_send: 0
tot_msg_rcv: 70
tot_msg_sent: 37
tot_reconf_duration: 25.299999999999997
tot_sleeping_duration: 6358.364
tot_uptimes: 2
tot_uptimes_duration: 60.0
