comms_cons: 0.9671423999994821
finished_reconf: true
global_termination_time: 4793.434
local_termination_time: 971.0613599999999
node_cons: 95.21010000000007
tot_aggregated_send: 0
tot_msg_rcv: 97
tot_msg_sent: 50
tot_reconf_duration: 10.95
tot_sleeping_duration: 4733.434
tot_uptimes: 2
tot_uptimes_duration: 60.0
