comms_cons: 280.49787520721594
finished_reconf: true
global_termination_time: 580918.917
local_termination_time: 8964.678480000002
node_cons: 35344.09381015921
tot_aggregated_send: 0
tot_msg_rcv: 17153
tot_msg_sent: 25481
tot_reconf_duration: 18.21
tot_sleeping_duration: 554541.4975600005
tot_uptimes: 435
tot_uptimes_duration: 26377.419439999452
