comms_cons: 638.2063611784289
finished_reconf: true
global_termination_time: 2193609.808
local_termination_time: 153915.45556000023
node_cons: 133406.60880734219
tot_aggregated_send: 0
tot_msg_rcv: 39099
tot_msg_sent: 57902
tot_reconf_duration: 18.21
tot_sleeping_duration: 2093996.7537600105
tot_uptimes: 1633
tot_uptimes_duration: 99613.05423998974
