comms_cons: 213.05873918800603
finished_reconf: true
global_termination_time: 2193843.16
local_termination_time: 184186.72936000003
node_cons: 45081.416547826506
tot_aggregated_send: 29232
tot_msg_rcv: 1111
tot_msg_sent: 2039
tot_reconf_duration: 7.819999999999999
tot_sleeping_duration: 2160183.11744001
tot_uptimes: 562
tot_uptimes_duration: 33660.04255999031
