comms_cons: 240.61638398532816
finished_reconf: true
global_termination_time: 2405552.761
local_termination_time: 1056552.5820000002
node_cons: 49498.00894559272
tot_aggregated_send: 33638
tot_msg_rcv: 974
tot_msg_sent: 1961
tot_reconf_duration: 6.279999999999999
tot_sleeping_duration: 2368592.730600005
tot_uptimes: 617
tot_uptimes_duration: 36960.03039999504
