comms_cons: 240.67371518317327
finished_reconf: true
global_termination_time: 2409024.087
local_termination_time: 889414.9903599999
node_cons: 49500.08398334993
tot_aggregated_send: 33698
tot_msg_rcv: 1084
tot_msg_sent: 1799
tot_reconf_duration: 7.819999999999999
tot_sleeping_duration: 2372064.068760007
tot_uptimes: 617
tot_uptimes_duration: 36960.01823999291
