comms_cons: 234.9378623867061
finished_reconf: true
global_termination_time: 2405743.727
local_termination_time: 1619689.5897999986
node_cons: 49504.81526223307
tot_aggregated_send: 33292
tot_msg_rcv: 763
tot_msg_sent: 1654
tot_reconf_duration: 11.31
tot_sleeping_duration: 2368783.7148400047
tot_uptimes: 617
tot_uptimes_duration: 36960.01215999527
