comms_cons: 225.25864960029827
finished_reconf: true
global_termination_time: 2286189.218
local_termination_time: 1213911.9189199982
node_cons: 47016.78485999934
tot_aggregated_send: 33234
tot_msg_rcv: 319
tot_msg_sent: 685
tot_reconf_duration: 13.17
tot_sleeping_duration: 2251089.218
tot_uptimes: 586
tot_uptimes_duration: 35100.0
