comms_cons: 233.68793597229075
finished_reconf: true
global_termination_time: 2286499.622
local_termination_time: 527725.7083599999
node_cons: 47004.98373675195
tot_aggregated_send: 30740
tot_msg_rcv: 1636
tot_msg_sent: 3142
tot_reconf_duration: 4.390000000000001
tot_sleeping_duration: 2251399.5308000357
tot_uptimes: 586
tot_uptimes_duration: 35100.09119996452
