comms_cons: 230.12623998928728
finished_reconf: true
global_termination_time: 2287253.701
local_termination_time: 1219583.99736
node_cons: 47019.7642844672
tot_aggregated_send: 31088
tot_msg_rcv: 1194
tot_msg_sent: 2697
tot_reconf_duration: 15.34
tot_sleeping_duration: 2252153.676680009
tot_uptimes: 586
tot_uptimes_duration: 35100.02431999077
