comms_cons: 142.04023038615156
finished_reconf: true
global_termination_time: 1412053.153
local_termination_time: 309602.3623600001
node_cons: 29023.596143350576
tot_aggregated_send: 18908
tot_msg_rcv: 946
tot_msg_sent: 1736
tot_reconf_duration: 15.34
tot_sleeping_duration: 1390393.134760007
tot_uptimes: 362
tot_uptimes_duration: 21660.018239992904
