comms_cons: 145.0677951851762
finished_reconf: true
global_termination_time: 1412809.008
local_termination_time: 611449.5807199987
node_cons: 29009.747211168335
tot_aggregated_send: 17748
tot_msg_rcv: 1446
tot_msg_sent: 2856
tot_reconf_duration: 5.1
tot_sleeping_duration: 1391148.9472000236
tot_uptimes: 362
tot_uptimes_duration: 21660.060799976345
