comms_cons: 143.78183678494378
finished_reconf: true
global_termination_time: 1410397.391
local_termination_time: 563712.8323599999
node_cons: 29007.00405116831
tot_aggregated_send: 18038
tot_msg_rcv: 1349
tot_msg_sent: 2467
tot_reconf_duration: 3.08
tot_sleeping_duration: 1388737.3302000237
tot_uptimes: 362
tot_uptimes_duration: 21660.060799976345
