comms_cons: 141.19084799111815
finished_reconf: true
global_termination_time: 1412568.943
local_termination_time: 772861.4226399991
node_cons: 29015.160226701017
tot_aggregated_send: 18270
tot_msg_rcv: 1215
tot_msg_sent: 1976
tot_reconf_duration: 9.11
tot_sleeping_duration: 1390908.9065200142
tot_uptimes: 362
tot_uptimes_duration: 21660.036479985807
