comms_cons: 145.0683455844368
finished_reconf: true
global_termination_time: 1412326.639
local_termination_time: 314529.4233600001
node_cons: 29033.58825229903
tot_aggregated_send: 18792
tot_msg_rcv: 1115
tot_msg_sent: 2141
tot_reconf_duration: 22.65
tot_sleeping_duration: 1390666.5721200155
tot_uptimes: 362
tot_uptimes_duration: 21660.066879984282
