comms_cons: 101.69763198482403
finished_reconf: true
global_termination_time: 850265.8815999998
local_termination_time: 850265.8404799999
node_cons: 17542.274871985333
tot_aggregated_send: 8061
tot_msg_rcv: 2862
tot_msg_sent: 4542
tot_reconf_duration: 66.16000000000001
tot_sleeping_duration: 837231.953600011
tot_uptimes: 218
tot_uptimes_duration: 13033.927999988999
