comms_cons: 357.6619200463981
finished_reconf: true
global_termination_time: 3520503.385
local_termination_time: 205457.32036000004
node_cons: 72394.83560669965
tot_aggregated_send: 48662
tot_msg_rcv: 2099
tot_msg_sent: 3603
tot_reconf_duration: 6.22
tot_sleeping_duration: 3466443.348520014
tot_uptimes: 902
tot_uptimes_duration: 54060.03647998604
