comms_cons: 165.62133760703034
finished_reconf: true
global_termination_time: 566308.2384799999
local_termination_time: 2789.6640400000015
node_cons: 23196.129998719847
tot_aggregated_send: 0
tot_msg_rcv: 8451
tot_msg_sent: 16721
tot_reconf_duration: 6.22
tot_sleeping_duration: 548991.0740000001
tot_uptimes: 286
tot_uptimes_duration: 17317.16447999986
