comms_cons: 114.83301120087356
finished_reconf: true
global_termination_time: 583655.9235999999
local_termination_time: 1512.0214800000003
node_cons: 12015.950328399875
tot_aggregated_send: 0
tot_msg_rcv: 8818
tot_msg_sent: 8635
tot_reconf_duration: 18.21
tot_sleeping_duration: 574700.568
tot_uptimes: 150
tot_uptimes_duration: 8955.355599999893
