comms_cons: 502.98522200502936
finished_reconf: true
global_termination_time: 1729319.3495999998
local_termination_time: 1729319.30848
node_cons: 70453.32425651957
tot_aggregated_send: 0
tot_msg_rcv: 25642
tot_msg_sent: 50809
tot_reconf_duration: 24.59
tot_sleeping_duration: 1676727.9149199992
tot_uptimes: 870
tot_uptimes_duration: 52591.43468000082
