comms_cons: 83.72689919737029
finished_reconf: true
global_termination_time: 820554.235
local_termination_time: 207889.03848000008
node_cons: 16896.835305607194
tot_aggregated_send: 11136
tot_msg_rcv: 594
tot_msg_sent: 996
tot_reconf_duration: 18.700000000000003
tot_sleeping_duration: 807954.2045999947
tot_uptimes: 211
tot_uptimes_duration: 12600.030400005344
