comms_cons: 86.36578559367373
finished_reconf: true
global_termination_time: 821177.502
local_termination_time: 299478.92980000074
node_cons: 16886.799685597976
tot_aggregated_send: 10324
tot_msg_rcv: 1007
tot_msg_sent: 1796
tot_reconf_duration: 11.31
tot_sleeping_duration: 808577.4716000016
tot_uptimes: 211
tot_uptimes_duration: 12600.030399998475
