comms_cons: 43.074022402261846
finished_reconf: true
global_termination_time: 246138.918
local_termination_time: 15111.932359999999
node_cons: 5065.561900000003
tot_aggregated_send: 0
tot_msg_rcv: 3296
tot_msg_sent: 3251
tot_reconf_duration: 3.05
tot_sleeping_duration: 242358.918
tot_uptimes: 64
tot_uptimes_duration: 3780.0
