comms_cons: 133.24507519038104
finished_reconf: true
global_termination_time: 1345314.694
local_termination_time: 480402.08008000016
node_cons: 27643.959070060697
tot_aggregated_send: 16820
tot_msg_rcv: 1179
tot_msg_sent: 2255
tot_reconf_duration: 5.1
tot_sleeping_duration: 1324674.6392800144
tot_uptimes: 345
tot_uptimes_duration: 20640.05471998558
