comms_cons: 133.5308415910808
finished_reconf: true
global_termination_time: 1348793.583
local_termination_time: 604811.9433599998
node_cons: 27732.186382233645
tot_aggregated_send: 17690
tot_msg_rcv: 811
tot_msg_sent: 1795
tot_reconf_duration: 10.95
tot_sleeping_duration: 1328093.5708400048
tot_uptimes: 346
tot_uptimes_duration: 20700.01215999527
