comms_cons: 68.21972479798768
finished_reconf: true
global_termination_time: 712769.842
local_termination_time: 6985.428
node_cons: 14630.668962236005
tot_aggregated_send: 9563
tot_msg_rcv: 253
tot_msg_sent: 553
tot_reconf_duration: 6.46
tot_sleeping_duration: 701849.8298400029
tot_uptimes: 183
tot_uptimes_duration: 10920.012159997
