comms_cons: 1208.7713952048189
finished_reconf: true
global_termination_time: 6138978.719639996
local_termination_time: 2934.5064800000023
node_cons: 126398.92392054018
tot_aggregated_send: 0
tot_msg_rcv: 92504
tot_msg_sent: 91218
tot_reconf_duration: 18.21
tot_sleeping_duration: 6044599.186600008
tot_uptimes: 1573
tot_uptimes_duration: 94379.5330399882
