comms_cons: 613.2652865262928
finished_reconf: true
global_termination_time: 6145099.796
local_termination_time: 1886615.66936
node_cons: 126382.43290669896
tot_aggregated_send: 85666
tot_msg_rcv: 2608
tot_msg_sent: 4936
tot_reconf_duration: 5.57
tot_sleeping_duration: 6050719.759520013
tot_uptimes: 1574
tot_uptimes_duration: 94380.0364799872
