comms_cons: 616.3466625219223
finished_reconf: true
global_termination_time: 6138988.116
local_termination_time: 1926746.461239999
node_cons: 126409.2425289329
tot_aggregated_send: 84332
tot_msg_rcv: 2981
tot_msg_sent: 6369
tot_reconf_duration: 25.299999999999997
tot_sleeping_duration: 6044608.067360017
tot_uptimes: 1573
tot_uptimes_duration: 94380.0486399827
