comms_cons: 612.3687617293427
finished_reconf: true
global_termination_time: 6139018.745
local_termination_time: 1360010.23436
node_cons: 126302.98374781535
tot_aggregated_send: 85492
tot_msg_rcv: 2452
tot_msg_sent: 5131
tot_reconf_duration: 6.22
tot_sleeping_duration: 6044698.702440015
tot_uptimes: 1573
tot_uptimes_duration: 94320.0425599846
