comms_cons: 214.85693438586566
finished_reconf: true
global_termination_time: 2165618.038
local_termination_time: 821604.2543599999
node_cons: 44516.920804471505
tot_aggregated_send: 29870
tot_msg_rcv: 985
tot_msg_sent: 1802
tot_reconf_duration: 6.279999999999999
tot_sleeping_duration: 2132378.0136800064
tot_uptimes: 555
tot_uptimes_duration: 33240.02431999397
