comms_cons: 218.47208318648185
finished_reconf: true
global_termination_time: 2161660.65
local_termination_time: 351920.68396000017
node_cons: 44438.68840670546
tot_aggregated_send: 30044
tot_msg_rcv: 1128
tot_msg_sent: 2034
tot_reconf_duration: 7.819999999999999
tot_sleeping_duration: 2128480.6135200104
tot_uptimes: 554
tot_uptimes_duration: 33180.036479989474
