comms_cons: 216.1536639871415
finished_reconf: true
global_termination_time: 2160484.3472399972
local_termination_time: 25827.32248
node_cons: 44462.471406061435
tot_aggregated_send: 30276
tot_msg_rcv: 804
tot_msg_sent: 1775
tot_reconf_duration: 11.31
tot_sleeping_duration: 2127290.088520011
tot_uptimes: 554
tot_uptimes_duration: 33194.25871998648
