comms_cons: 130.51879678436018
finished_reconf: true
global_termination_time: 1260609.295
local_termination_time: 147477.01948000098
node_cons: 25873.711452303574
tot_aggregated_send: 16472
tot_msg_rcv: 1149
tot_msg_sent: 2217
tot_reconf_duration: 3.05
tot_sleeping_duration: 1241289.2281200122
tot_uptimes: 323
tot_uptimes_duration: 19320.066879987717
