comms_cons: 123.67580159403651
finished_reconf: true
global_termination_time: 1248050.387
local_termination_time: 517808.16456000024
node_cons: 25653.189180000067
tot_aggregated_send: 17806
tot_msg_rcv: 313
tot_msg_sent: 679
tot_reconf_duration: 18.21
tot_sleeping_duration: 1228910.387
tot_uptimes: 320
tot_uptimes_duration: 19140.0
