comms_cons: 120.55068159912534
finished_reconf: true
global_termination_time: 1246968.659
local_termination_time: 852769.8033599999
node_cons: 25632.6019000001
tot_aggregated_send: 18212
tot_msg_rcv: 46
tot_msg_sent: 65
tot_reconf_duration: 3.05
tot_sleeping_duration: 1227828.659
tot_uptimes: 320
tot_uptimes_duration: 19140.0
