comms_cons: 327.9211136122981
finished_reconf: true
global_termination_time: 3244567.2034799997
local_termination_time: 3244567.1623599995
node_cons: 66734.0167887765
tot_aggregated_send: 44820
tot_msg_rcv: 1697
tot_msg_sent: 3325
tot_reconf_duration: 24.59
tot_sleeping_duration: 3194753.444280016
tot_uptimes: 831
tot_uptimes_duration: 49813.75919998372
