comms_cons: 324.01420801092945
finished_reconf: true
global_termination_time: 3244572.798
local_termination_time: 371221.56804000074
node_cons: 66769.51464670875
tot_aggregated_send: 45356
tot_msg_rcv: 1160
tot_msg_sent: 2732
tot_reconf_duration: 5.1
tot_sleeping_duration: 3194712.761520007
tot_uptimes: 831
tot_uptimes_duration: 49860.036479992676
