comms_cons: 323.54974721904574
finished_reconf: true
global_termination_time: 3245255.392
local_termination_time: 295554.44028000085
node_cons: 66766.72260558771
tot_aggregated_send: 44776
tot_msg_rcv: 1608
tot_msg_sent: 2793
tot_reconf_duration: 3.05
tot_sleeping_duration: 3195395.3616000083
tot_uptimes: 832
tot_uptimes_duration: 49860.03039999184
