comms_cons: 319.95370239074026
finished_reconf: true
global_termination_time: 3247478.661
local_termination_time: 2323902.96136
node_cons: 66777.92340334915
tot_aggregated_send: 45298
tot_msg_rcv: 1130
tot_msg_sent: 2203
tot_reconf_duration: 11.31
tot_sleeping_duration: 3197618.642760007
tot_uptimes: 832
tot_uptimes_duration: 49860.0182399929
