comms_cons: 176.883033621063
finished_reconf: true
global_termination_time: 368572.9257200001
local_termination_time: 368572.8846000001
node_cons: 22139.546973368328
tot_aggregated_send: 0
tot_msg_rcv: 10947
tot_msg_sent: 15935
tot_reconf_duration: 37.410000000000004
tot_sleeping_duration: 352076.47747999395
tot_uptimes: 266
tot_uptimes_duration: 16496.44824000619
