comms_cons: 38.146201600643096
finished_reconf: true
global_termination_time: 371458.716
local_termination_time: 92404.918
node_cons: 7656.308706882175
tot_aggregated_send: 4988
tot_msg_rcv: 293
tot_msg_sent: 517
tot_reconf_duration: 15.110000000000001
tot_sleeping_duration: 365756.1100799984
tot_uptimes: 96
tot_uptimes_duration: 5702.605920001617
