comms_cons: 37.06126080059145
finished_reconf: true
global_termination_time: 369640.345
local_termination_time: 60836.18820000013
node_cons: 7558.491980000006
tot_aggregated_send: 4930
tot_msg_rcv: 185
tot_msg_sent: 518
tot_reconf_duration: 4.8100000000000005
tot_sleeping_duration: 364000.345
tot_uptimes: 95
tot_uptimes_duration: 5640.0
