comms_cons: 37.28432640020636
finished_reconf: true
global_termination_time: 368573.15936000017
local_termination_time: 321151.90336000005
node_cons: 7579.809392403092
tot_aggregated_send: 5104
tot_msg_rcv: 214
tot_msg_sent: 349
tot_reconf_duration: 5.43
tot_sleeping_duration: 362917.86775999784
tot_uptimes: 95
tot_uptimes_duration: 5655.291600002311
