comms_cons: 530.9824321745986
finished_reconf: true
global_termination_time: 3969629.829
local_termination_time: 1716290.1613599998
node_cons: 81632.39022334857
tot_aggregated_send: 0
tot_msg_rcv: 40598
tot_msg_sent: 40105
tot_reconf_duration: 5.1
tot_sleeping_duration: 3908669.810760007
tot_uptimes: 1017
tot_uptimes_duration: 60960.01823999314
