comms_cons: 389.6542080079862
finished_reconf: true
global_termination_time: 3967875.546
local_termination_time: 852812.4249999999
node_cons: 81652.2961706972
tot_aggregated_send: 54807
tot_msg_rcv: 1571
tot_msg_sent: 2847
tot_reconf_duration: 15.110000000000001
tot_sleeping_duration: 3906910.813520015
tot_uptimes: 1017
tot_uptimes_duration: 60964.73247998452
