comms_cons: 397.27331203821615
finished_reconf: true
global_termination_time: 3969801.055
local_termination_time: 1526325.07736
node_cons: 81640.84782669996
tot_aggregated_send: 55274
tot_msg_rcv: 1843
tot_msg_sent: 3266
tot_reconf_duration: 11.31
tot_sleeping_duration: 3908841.018520014
tot_uptimes: 1017
tot_uptimes_duration: 60960.036479986506
