comms_cons: 358.134764849849
finished_reconf: true
global_termination_time: 3517228.952
local_termination_time: 1439594.0227999992
node_cons: 72336.80754670412
tot_aggregated_send: 47676
tot_msg_rcv: 2247
tot_msg_sent: 4512
tot_reconf_duration: 22.65
tot_sleeping_duration: 3463228.915520011
tot_uptimes: 901
tot_uptimes_duration: 54000.036479989474
