comms_cons: 12.014873600011779
finished_reconf: true
global_termination_time: 87797.508
local_termination_time: 12401.29484
node_cons: 1785.4299889609072
tot_aggregated_send: 348
tot_msg_rcv: 612
tot_msg_sent: 867
tot_reconf_duration: 13.17
tot_sleeping_duration: 86477.45935999932
tot_uptimes: 23
tot_uptimes_duration: 1320.0486400006776
