comms_cons: 11.467545600033528
finished_reconf: true
global_termination_time: 92770.876
local_termination_time: 56385.06636000001
node_cons: 1873.2145999999957
tot_aggregated_send: 754
tot_msg_rcv: 479
tot_msg_sent: 510
tot_reconf_duration: 18.700000000000003
tot_sleeping_duration: 91390.876
tot_uptimes: 24
tot_uptimes_duration: 1380.0000000000002
