comms_cons: 10.85160960010866
finished_reconf: true
global_termination_time: 93324.653
local_termination_time: 42313.89648000002
node_cons: 1851.970041120012
tot_aggregated_send: 638
tot_msg_rcv: 475
tot_msg_sent: 539
tot_reconf_duration: 3.05
tot_sleeping_duration: 91944.64692
tot_uptimes: 24
tot_uptimes_duration: 1380.0060800000065
