comms_cons: 9.796940800089526
finished_reconf: true
global_termination_time: 88213.057
local_termination_time: 8589.01708
node_cons: 1778.1402656008902
tot_aggregated_send: 464
tot_msg_rcv: 438
tot_msg_sent: 588
tot_reconf_duration: 7.819999999999999
tot_sleeping_duration: 86893.02659999934
tot_uptimes: 23
tot_uptimes_duration: 1320.0304000006654
