comms_cons: 529.4033153702446
finished_reconf: true
global_termination_time: 2696657.522759997
local_termination_time: 1352.1790400000014
node_cons: 55505.24070486851
tot_aggregated_send: 0
tot_msg_rcv: 40429
tot_msg_sent: 40033
tot_reconf_duration: 18.21
tot_sleeping_duration: 2655223.2348400047
tot_uptimes: 691
tot_uptimes_duration: 41434.287919992115
