comms_cons: 270.80049918798835
finished_reconf: true
global_termination_time: 2696657.132119997
local_termination_time: 57127.1852400001
node_cons: 55485.748456385045
tot_aggregated_send: 37236
tot_msg_rcv: 1291
tot_msg_sent: 2633
tot_reconf_duration: 22.65
tot_sleeping_duration: 2655241.9045200073
tot_uptimes: 691
tot_uptimes_duration: 41415.227599989536
