comms_cons: 267.24017918954354
finished_reconf: true
global_termination_time: 2697528.855
local_termination_time: 440026.289
node_cons: 55441.72258654768
tot_aggregated_send: 36946
tot_msg_rcv: 1124
tot_msg_sent: 2549
tot_reconf_duration: 4.390000000000001
tot_sleeping_duration: 2656127.9879600084
tot_uptimes: 691
tot_uptimes_duration: 41400.86703999154
