comms_cons: 86.4704255970119
finished_reconf: true
global_termination_time: 872284.178
local_termination_time: 258968.55536000006
node_cons: 17924.356381116857
tot_aggregated_send: 12528
tot_msg_rcv: 214
tot_msg_sent: 401
tot_reconf_duration: 6.279999999999999
tot_sleeping_duration: 858904.1719200023
tot_uptimes: 224
tot_uptimes_duration: 13380.006079997635
