comms_cons: 86.62237439888501
finished_reconf: true
global_termination_time: 869652.786
local_termination_time: 240139.98636000007
node_cons: 17855.99938000005
tot_aggregated_send: 12354
tot_msg_rcv: 304
tot_msg_sent: 508
tot_reconf_duration: 15.110000000000001
tot_sleeping_duration: 856332.786
tot_uptimes: 223
tot_uptimes_duration: 13320.0
