comms_cons: 85.91119359810611
finished_reconf: true
global_termination_time: 871708.021
local_termination_time: 213178.49099999998
node_cons: 17933.00362447813
tot_aggregated_send: 12522
tot_msg_rcv: 135
tot_msg_sent: 401
tot_reconf_duration: 11.899999999999999
tot_sleeping_duration: 858327.2566800013
tot_uptimes: 224
tot_uptimes_duration: 13380.76431999859
