comms_cons: 86.95728639850762
finished_reconf: true
global_termination_time: 868974.645
local_termination_time: 479729.7333200007
node_cons: 17839.62190000009
tot_aggregated_send: 12296
tot_msg_rcv: 343
tot_msg_sent: 578
tot_reconf_duration: 3.05
tot_sleeping_duration: 855654.645
tot_uptimes: 223
tot_uptimes_duration: 13320.0
