comms_cons: 415.2283900516167
finished_reconf: true
global_termination_time: 2107841.285
local_termination_time: 481198.13260000007
node_cons: 43334.04312335932
tot_aggregated_send: 0
tot_msg_rcv: 31865
tot_msg_sent: 31247
tot_reconf_duration: 22.65
tot_sleeping_duration: 2075501.2667600003
tot_uptimes: 540
tot_uptimes_duration: 32340.018239999772
