comms_cons: 211.36060798237565
finished_reconf: true
global_termination_time: 2103586.627
local_termination_time: 310835.39336
node_cons: 43228.91418447147
tot_aggregated_send: 29174
tot_msg_rcv: 920
tot_msg_sent: 2032
tot_reconf_duration: 4.390000000000001
tot_sleeping_duration: 2071306.6026800058
tot_uptimes: 539
tot_uptimes_duration: 32280.024319993972
