comms_cons: 211.37619198735214
finished_reconf: true
global_termination_time: 2102538.675599999
local_termination_time: 2102538.6344799986
node_cons: 43311.3060571033
tot_aggregated_send: 29624
tot_msg_rcv: 893
tot_msg_sent: 1610
tot_reconf_duration: 24.59
tot_sleeping_duration: 2070217.6055200107
tot_uptimes: 539
tot_uptimes_duration: 32321.070079988043
