comms_cons: 199.2247551773332
finished_reconf: true
global_termination_time: 1935069.159
local_termination_time: 911455.7463599999
node_cons: 39776.934074518605
tot_aggregated_send: 25636
tot_msg_rcv: 1561
tot_msg_sent: 3085
tot_reconf_duration: 6.279999999999999
tot_sleeping_duration: 1905369.0799600307
tot_uptimes: 496
tot_uptimes_duration: 29700.07903996925
