comms_cons: 192.31659518949243
finished_reconf: true
global_termination_time: 1932217.409
local_termination_time: 797178.7778799981
node_cons: 39701.99891543408
tot_aggregated_send: 27550
tot_msg_rcv: 587
tot_msg_sent: 1094
tot_reconf_duration: 9.42
tot_sleeping_duration: 1902576.4780400044
tot_uptimes: 495
tot_uptimes_duration: 29640.93095999572
