comms_cons: 190.38473598428914
finished_reconf: true
global_termination_time: 1935198.835
local_termination_time: 951525.6120000001
node_cons: 39781.396495747416
tot_aggregated_send: 25980
tot_msg_rcv: 1017
tot_msg_sent: 1941
tot_reconf_duration: 7.819999999999999
tot_sleeping_duration: 1905496.9851600092
tot_uptimes: 496
tot_uptimes_duration: 29701.849839990726
