comms_cons: 2.276403199994589
finished_reconf: true
global_termination_time: 15037.861
local_termination_time: 7084.94636
node_cons: 248.58405999999962
tot_aggregated_send: 0
tot_msg_rcv: 177
tot_msg_sent: 169
tot_reconf_duration: 5.57
tot_sleeping_duration: 14857.861
tot_uptimes: 4
tot_uptimes_duration: 180.0
