comms_cons: 107.06332159267156
finished_reconf: true
global_termination_time: 1063173.089
local_termination_time: 549781.0443599999
node_cons: 21858.449761116884
tot_aggregated_send: 14790
tot_msg_rcv: 498
tot_msg_sent: 985
tot_reconf_duration: 4.390000000000001
tot_sleeping_duration: 1046853.0829200023
tot_uptimes: 273
tot_uptimes_duration: 16320.006079997635
