comms_cons: 105.58958079680436
finished_reconf: true
global_termination_time: 1069271.613
local_termination_time: 21154.58848
node_cons: 21941.297021393268
tot_aggregated_send: 14964
tot_msg_rcv: 330
tot_msg_sent: 755
tot_reconf_duration: 6.22
tot_sleeping_duration: 1052891.590400005
tot_uptimes: 274
tot_uptimes_duration: 16380.02259999495
