comms_cons: 201.02770557830218
finished_reconf: true
global_termination_time: 1953721.889
local_termination_time: 1044048.407
node_cons: 40226.170349097825
tot_aggregated_send: 25982
tot_msg_rcv: 1678
tot_msg_sent: 2894
tot_reconf_duration: 22.65
tot_sleeping_duration: 1923702.9109200162
tot_uptimes: 501
tot_uptimes_duration: 30018.978079983615
