comms_cons: 137.47238399154884
finished_reconf: true
global_termination_time: 1371731.279
local_termination_time: 712992.14036
node_cons: 28230.11498223374
tot_aggregated_send: 19082
tot_msg_rcv: 554
tot_msg_sent: 1259
tot_reconf_duration: 22.65
tot_sleeping_duration: 1350671.2668400048
tot_uptimes: 352
tot_uptimes_duration: 21060.01215999527
