comms_cons: 138.48558079007094
finished_reconf: true
global_termination_time: 1373978.872
local_termination_time: 790196.8863599998
node_cons: 28214.69897999996
tot_aggregated_send: 19140
tot_msg_rcv: 701
tot_msg_sent: 1208
tot_reconf_duration: 11.31
tot_sleeping_duration: 1352918.872
tot_uptimes: 352
tot_uptimes_duration: 21060.0
