comms_cons: 2.4671999999960676
finished_reconf: true
global_termination_time: 14992.879
local_termination_time: 6049.630160000003
node_cons: 288.08204624000496
tot_aggregated_send: 0
tot_msg_rcv: 215
tot_msg_sent: 160
tot_reconf_duration: 25.299999999999997
tot_sleeping_duration: 14803.390839999998
tot_uptimes: 4
tot_uptimes_duration: 189.48816000000352
