comms_cons: 2.8290559999948712
finished_reconf: true
global_termination_time: 16791.478
local_termination_time: 7365.943480000001
node_cons: 336.7196227200051
tot_aggregated_send: 0
tot_msg_rcv: 258
tot_msg_sent: 172
tot_reconf_duration: 11.31
tot_sleeping_duration: 16551.477519999997
tot_uptimes: 5
tot_uptimes_duration: 240.00048000000334
