comms_cons: 42.50883840012881
finished_reconf: true
global_termination_time: 425304.47328000044
local_termination_time: 336372.3849600006
node_cons: 8723.006993920577
tot_aggregated_send: 6032
tot_msg_rcv: 181
tot_msg_sent: 248
tot_reconf_duration: 5.43
tot_sleeping_duration: 418795.412
tot_uptimes: 109
tot_uptimes_duration: 6509.061280000431
