comms_cons: 0.7500287999995991
finished_reconf: true
global_termination_time: 6610.508
local_termination_time: 419.7323599999999
node_cons: 87.90405999999999
tot_aggregated_send: 0
tot_msg_rcv: 60
tot_msg_sent: 53
tot_reconf_duration: 5.57
tot_sleeping_duration: 6550.508
tot_uptimes: 2
tot_uptimes_duration: 60.0
