comms_cons: 0.14474239999952263
finished_reconf: true
global_termination_time: 3567.7919600000027
local_termination_time: 3553.4463600000004
node_cons: 37.18580744000327
tot_aggregated_send: 0
tot_msg_rcv: 13
tot_msg_sent: 8
tot_reconf_duration: 5.1
tot_sleeping_duration: 3545.193
tot_uptimes: 1
tot_uptimes_duration: 22.598960000002535
