comms_cons: 0.7039744000014424
finished_reconf: true
global_termination_time: 6405.77
local_termination_time: 1035.17136
node_cons: 96.50019999999981
tot_aggregated_send: 0
tot_msg_rcv: 59
tot_msg_sent: 47
tot_reconf_duration: 11.899999999999999
tot_sleeping_duration: 6345.77
tot_uptimes: 2
tot_uptimes_duration: 59.999999999999886
