comms_cons: 32.59711999994027
finished_reconf: true
global_termination_time: 9740.775600000017
local_termination_time: 3436.271840000002
node_cons: 4071.1037335200317
tot_aggregated_send: 0
tot_msg_rcv: 2550
tot_msg_sent: 2402
tot_reconf_duration: 18.21
tot_sleeping_duration: 6718.837919999995
tot_uptimes: 42
tot_uptimes_duration: 3021.937680000022
