comms_cons: 1.4782975999987251
finished_reconf: true
global_termination_time: 10168.392
local_termination_time: 4856.01936
node_cons: 177.83154000000016
tot_aggregated_send: 0
tot_msg_rcv: 119
tot_msg_sent: 105
tot_reconf_duration: 12.629999999999999
tot_sleeping_duration: 10048.392
tot_uptimes: 3
tot_uptimes_duration: 120.0
