comms_cons: 76.5358336003396
finished_reconf: true
global_termination_time: 750831.2880000005
local_termination_time: 371221.56804000074
node_cons: 15505.283706724651
tot_aggregated_send: 9918
tot_msg_rcv: 549
tot_msg_sent: 1166
tot_reconf_duration: 5.1
tot_sleeping_duration: 739256.711519997
tot_uptimes: 193
tot_uptimes_duration: 11574.576480003481
