comms_cons: 77.96538239466534
finished_reconf: true
global_termination_time: 752269.044
local_termination_time: 362367.18644000066
node_cons: 15443.197424474247
tot_aggregated_send: 9976
tot_msg_rcv: 722
tot_msg_sent: 1152
tot_reconf_duration: 13.17
tot_sleeping_duration: 740749.0196800042
tot_uptimes: 193
tot_uptimes_duration: 11520.024319995704
