comms_cons: 273.306547204946
finished_reconf: true
global_termination_time: 2716218.509
local_termination_time: 696175.0133599999
node_cons: 55842.30232558355
tot_aggregated_send: 37468
tot_msg_rcv: 1228
tot_msg_sent: 2845
tot_reconf_duration: 4.390000000000001
tot_sleeping_duration: 2674518.4786000117
tot_uptimes: 696
tot_uptimes_duration: 41700.030399988405
