comms_cons: 214.85035508262584
finished_reconf: true
global_termination_time: 1470120.125
local_termination_time: 233851.95236000005
node_cons: 30238.614982238305
tot_aggregated_send: 0
tot_msg_rcv: 16566
tot_msg_sent: 16090
tot_reconf_duration: 22.65
tot_sleeping_duration: 1447560.1128400015
tot_uptimes: 377
tot_uptimes_duration: 22560.012159998703
