comms_cons: 214.54164468362268
finished_reconf: true
global_termination_time: 1471513.284
local_termination_time: 232313.73852000083
node_cons: 30214.412685598003
tot_aggregated_send: 0
tot_msg_rcv: 16534
tot_msg_sent: 16075
tot_reconf_duration: 4.8100000000000005
tot_sleeping_duration: 1448953.2536000016
tot_uptimes: 377
tot_uptimes_duration: 22560.030399998475
