comms_cons: 146.31095039535958
finished_reconf: true
global_termination_time: 1468688.2062799993
local_termination_time: 1468688.1651599994
node_cons: 30280.711546161907
tot_aggregated_send: 20982
tot_msg_rcv: 420
tot_msg_sent: 835
tot_reconf_duration: 24.59
tot_sleeping_duration: 1446098.7228399978
tot_uptimes: 377
tot_uptimes_duration: 22589.48344000138
