comms_cons: 303.67601280511104
finished_reconf: true
global_termination_time: 3012908.61211999
local_termination_time: 57127.1852400001
node_cons: 62033.87643860945
tot_aggregated_send: 41644
tot_msg_rcv: 1504
tot_msg_sent: 3009
tot_reconf_duration: 22.65
tot_sleeping_duration: 2966603.072360012
tot_uptimes: 772
tot_uptimes_duration: 46305.5397599781
