comms_cons: 304.60522883267106
finished_reconf: true
global_termination_time: 3017666.203
local_termination_time: 400093.08668000024
node_cons: 62039.68852781725
tot_aggregated_send: 41876
tot_msg_rcv: 1524
tot_msg_sent: 2898
tot_reconf_duration: 12.629999999999999
tot_sleeping_duration: 2971346.160440016
tot_uptimes: 773
tot_uptimes_duration: 46320.04255998391
