comms_cons: 106.3132927958515
finished_reconf: true
global_termination_time: 1046148.908
local_termination_time: 221351.17456000025
node_cons: 21471.644284476555
tot_aggregated_send: 14326
tot_msg_rcv: 679
tot_msg_sent: 1154
tot_reconf_duration: 15.34
tot_sleeping_duration: 1030128.8836800026
tot_uptimes: 268
tot_uptimes_duration: 16020.024319997407
