comms_cons: 101.16422399627336
finished_reconf: true
global_termination_time: 1041321.744
local_termination_time: 369535.06036000006
node_cons: 21404.83810560717
tot_aggregated_send: 13804
tot_msg_rcv: 598
tot_msg_sent: 976
tot_reconf_duration: 25.299999999999997
tot_sleeping_duration: 1025361.7135999945
tot_uptimes: 267
tot_uptimes_duration: 15960.030400005344
