comms_cons: 104.4635647956093
finished_reconf: true
global_termination_time: 1044563.09
local_termination_time: 727907.2634799998
node_cons: 21466.972764476588
tot_aggregated_send: 14442
tot_msg_rcv: 508
tot_msg_sent: 927
tot_reconf_duration: 11.899999999999999
tot_sleeping_duration: 1028543.0656800026
tot_uptimes: 268
tot_uptimes_duration: 16020.024319997407
