comms_cons: 901.6385848617134
finished_reconf: true
global_termination_time: 1864203.8447999984
local_termination_time: 1864203.8036799985
node_cons: 113141.27930653688
tot_aggregated_send: 0
tot_msg_rcv: 55441
tot_msg_sent: 81601
tot_reconf_duration: 37.410000000000004
tot_sleeping_duration: 1779744.9377600134
tot_uptimes: 1384
tot_uptimes_duration: 84458.90703998512
