comms_cons: 371.2961276969005
finished_reconf: true
global_termination_time: 1864204.4447999985
local_termination_time: 2507.10336
node_cons: 38416.83690172898
tot_aggregated_send: 0
tot_msg_rcv: 28718
tot_msg_sent: 27716
tot_reconf_duration: 18.21
tot_sleeping_duration: 1835532.2209600215
tot_uptimes: 478
tot_uptimes_duration: 28672.223839976985
