comms_cons: 181.90172159512696
finished_reconf: true
global_termination_time: 1865753.515
local_termination_time: 1354495.33136
node_cons: 38326.36263999991
tot_aggregated_send: 26506
tot_msg_rcv: 341
tot_msg_sent: 801
tot_reconf_duration: 3.08
tot_sleeping_duration: 1837133.515
tot_uptimes: 478
tot_uptimes_duration: 28620.0
