comms_cons: 157.8481663887091
finished_reconf: true
global_termination_time: 1580765.907
local_termination_time: 125535.75335999997
node_cons: 32482.113603355156
tot_aggregated_send: 21634
tot_msg_rcv: 777
tot_msg_sent: 1581
tot_reconf_duration: 18.21
tot_sleeping_duration: 1556525.8887600035
tot_uptimes: 405
tot_uptimes_duration: 24240.018239996338
