comms_cons: 155.4727231950811
finished_reconf: true
global_termination_time: 1583532.923
local_termination_time: 626817.3384799978
node_cons: 32545.218394950865
tot_aggregated_send: 22446
tot_msg_rcv: 369
tot_msg_sent: 816
tot_reconf_duration: 4.390000000000001
tot_sleeping_duration: 1559231.760360007
tot_uptimes: 406
tot_uptimes_duration: 24301.162639993127
