comms_cons: 152.8874495978518
finished_reconf: true
global_termination_time: 1580226.686
local_termination_time: 1161724.4107999993
node_cons: 32461.5018999998
tot_aggregated_send: 22794
tot_msg_rcv: 135
tot_msg_sent: 309
tot_reconf_duration: 3.05
tot_sleeping_duration: 1555986.686
tot_uptimes: 405
tot_uptimes_duration: 24240.0
