comms_cons: 209.05407998984293
finished_reconf: true
global_termination_time: 2107885.583
local_termination_time: 1066827.8833599999
node_cons: 43310.82405999968
tot_aggregated_send: 29986
tot_msg_rcv: 632
tot_msg_sent: 1157
tot_reconf_duration: 5.57
tot_sleeping_duration: 2075545.583
tot_uptimes: 540
tot_uptimes_duration: 32340.0
