comms_cons: 94.78653439869504
finished_reconf: true
global_termination_time: 964125.95
local_termination_time: 270108.85560000053
node_cons: 19781.52486000001
tot_aggregated_send: 13862
tot_msg_rcv: 178
tot_msg_sent: 367
tot_reconf_duration: 13.17
tot_sleeping_duration: 949365.95
tot_uptimes: 247
tot_uptimes_duration: 14760.0
