comms_cons: 94.05687039943894
finished_reconf: true
global_termination_time: 959808.896
local_termination_time: 242747.95136000006
node_cons: 19689.831980000028
tot_aggregated_send: 13688
tot_msg_rcv: 146
tot_msg_sent: 462
tot_reconf_duration: 4.8100000000000005
tot_sleeping_duration: 945108.896
tot_uptimes: 246
tot_uptimes_duration: 14700.0
