comms_cons: 93.92465919954377
finished_reconf: true
global_termination_time: 963695.54
local_termination_time: 742813.5943599999
node_cons: 19778.510099999963
tot_aggregated_send: 14094
tot_msg_rcv: 69
tot_msg_sent: 113
tot_reconf_duration: 10.95
tot_sleeping_duration: 948935.54
tot_uptimes: 247
tot_uptimes_duration: 14760.0
