comms_cons: 93.50324479899801
finished_reconf: true
global_termination_time: 959600.5830000004
local_termination_time: 86394.16435999997
node_cons: 19751.25192000059
tot_aggregated_send: 13746
tot_msg_rcv: 115
tot_msg_sent: 350
tot_reconf_duration: 6.22
tot_sleeping_duration: 944856.143
tot_uptimes: 246
tot_uptimes_duration: 14744.440000000417
