comms_cons: 56.0718528011283
finished_reconf: true
global_termination_time: 548454.037
local_termination_time: 305518.55136000004
node_cons: 11254.131980000013
tot_aggregated_send: 7424
tot_msg_rcv: 406
tot_msg_sent: 692
tot_reconf_duration: 4.8100000000000005
tot_sleeping_duration: 540054.037
tot_uptimes: 141
tot_uptimes_duration: 8400.0
