comms_cons: 301.15630079698167
finished_reconf: true
global_termination_time: 3028350.234
local_termination_time: 895498.554119998
node_cons: 62270.11339116717
tot_aggregated_send: 41064
tot_msg_rcv: 1519
tot_msg_sent: 3191
tot_reconf_duration: 4.8100000000000005
tot_sleeping_duration: 2981850.173200024
tot_uptimes: 776
tot_uptimes_duration: 46500.060799976345
