comms_cons: 812.3695617378044
finished_reconf: true
global_termination_time: 8264532.814
local_termination_time: 2572355.6270000003
node_cons: 170010.8957295717
tot_aggregated_send: 115591
tot_msg_rcv: 2761
tot_msg_sent: 5123
tot_reconf_duration: 5.57
tot_sleeping_duration: 8137569.907600017
tot_uptimes: 2117
tot_uptimes_duration: 126962.90639998298
