comms_cons: 265.50270081470944
finished_reconf: true
global_termination_time: 2615966.326
local_termination_time: 822655.1381999996
node_cons: 53768.34870781693
tot_aggregated_send: 35844
tot_msg_rcv: 1557
tot_msg_sent: 2953
tot_reconf_duration: 15.34
tot_sleeping_duration: 2575826.2834400167
tot_uptimes: 670
tot_uptimes_duration: 40140.04255998344
