comms_cons: 263.2146880112676
finished_reconf: true
global_termination_time: 2614414.13
local_termination_time: 737323.5681599982
node_cons: 53754.874645583215
tot_aggregated_send: 36482
tot_msg_rcv: 1202
tot_msg_sent: 2323
tot_reconf_duration: 5.43
tot_sleeping_duration: 2574274.0996000115
tot_uptimes: 670
tot_uptimes_duration: 40140.03039998817
