comms_cons: 44.896460800027505
finished_reconf: true
global_termination_time: 460388.144
local_termination_time: 84869.90519999962
node_cons: 9406.31197999997
tot_aggregated_send: 6670
tot_msg_rcv: 42
tot_msg_sent: 112
tot_reconf_duration: 4.8100000000000005
tot_sleeping_duration: 453368.14400000003
tot_uptimes: 118
tot_uptimes_duration: 7019.999999999971
