comms_cons: 36.89518080011192
finished_reconf: true
global_termination_time: 369265.015
local_termination_time: 274333.87536
node_cons: 7560.48823999997
tot_aggregated_send: 5046
tot_msg_rcv: 160
tot_msg_sent: 402
tot_reconf_duration: 6.279999999999999
tot_sleeping_duration: 363625.015
tot_uptimes: 95
tot_uptimes_duration: 5640.0
