comms_cons: 49.21304320110245
finished_reconf: true
global_termination_time: 473661.938
local_termination_time: 180526.51136000006
node_cons: 9736.50712112144
tot_aggregated_send: 6148
tot_msg_rcv: 471
tot_msg_sent: 862
tot_reconf_duration: 11.31
tot_sleeping_duration: 466401.93191999895
tot_uptimes: 122
tot_uptimes_duration: 7260.006080001069
