comms_cons: 47.98993920056277
finished_reconf: true
global_termination_time: 474339.15
local_termination_time: 155013.39236000006
node_cons: 9728.530222242864
tot_aggregated_send: 6322
tot_msg_rcv: 334
tot_msg_sent: 639
tot_reconf_duration: 5.43
tot_sleeping_duration: 467079.1378399979
tot_uptimes: 122
tot_uptimes_duration: 7260.0121600021375
