comms_cons: 25.291071999909903
finished_reconf: true
global_termination_time: 252329.505
local_termination_time: 73716.2965199995
node_cons: 5145.901899999989
tot_aggregated_send: 3480
tot_msg_rcv: 134
tot_msg_sent: 230
tot_reconf_duration: 3.05
tot_sleeping_duration: 248489.505
tot_uptimes: 65
tot_uptimes_duration: 3840.0
