comms_cons: 916.0959809833412
finished_reconf: true
global_termination_time: 9269665.961
local_termination_time: 2069175.30736
node_cons: 190761.56624669582
tot_aggregated_send: 130094
tot_msg_rcv: 3071
tot_msg_sent: 6077
tot_reconf_duration: 25.299999999999997
tot_sleeping_duration: 9127225.924520012
tot_uptimes: 2374
tot_uptimes_duration: 142440.03647998697
