comms_cons: 930.8637186826121
finished_reconf: true
global_termination_time: 9270518.528
local_termination_time: 1557489.5986
node_cons: 190742.5841089298
tot_aggregated_send: 127948
tot_msg_rcv: 4624
tot_msg_sent: 8914
tot_reconf_duration: 11.31
tot_sleeping_duration: 9128078.479360018
tot_uptimes: 2375
tot_uptimes_duration: 142440.04863998247
