comms_cons: 445.40239368388643
finished_reconf: true
global_termination_time: 4422759.0293999985
local_termination_time: 4422758.988279998
node_cons: 91071.81178565152
tot_aggregated_send: 61338
tot_msg_rcv: 2005
tot_msg_sent: 4356
tot_reconf_duration: 37.410000000000004
tot_sleeping_duration: 4354782.174280018
tot_uptimes: 1133
tot_uptimes_duration: 67976.85511998078
