comms_cons: 435.58734081119945
finished_reconf: true
global_termination_time: 4425417.48
local_termination_time: 1731069.28448
node_cons: 91033.76452223155
tot_aggregated_send: 61770
tot_msg_rcv: 1665
tot_msg_sent: 2771
tot_reconf_duration: 6.279999999999999
tot_sleeping_duration: 4357437.467840005
tot_uptimes: 1134
tot_uptimes_duration: 67980.0121599955
