comms_cons: 442.29221765085686
finished_reconf: true
global_termination_time: 4424876.549
local_termination_time: 963170.7413599999
node_cons: 91038.06934781636
tot_aggregated_send: 60842
tot_msg_rcv: 2203
tot_msg_sent: 4180
tot_reconf_duration: 9.42
tot_sleeping_duration: 4356896.5064400155
tot_uptimes: 1134
tot_uptimes_duration: 67980.04255998414
