comms_cons: 440.4978048591701
finished_reconf: true
global_termination_time: 4425372.422
local_termination_time: 1304600.0996799995
node_cons: 91035.90468893322
tot_aggregated_send: 61364
tot_msg_rcv: 1760
tot_msg_sent: 3829
tot_reconf_duration: 7.819999999999999
tot_sleeping_duration: 4357392.373360018
tot_uptimes: 1134
tot_uptimes_duration: 67980.04863998177
