comms_cons: 439.07850243738824
finished_reconf: true
global_termination_time: 4424894.454
local_termination_time: 1364957.2393599998
node_cons: 91033.69932446544
tot_aggregated_send: 61248
tot_msg_rcv: 1829
tot_msg_sent: 3660
tot_reconf_duration: 6.22
tot_sleeping_duration: 4356914.429680008
tot_uptimes: 1134
tot_uptimes_duration: 67980.024319991
