comms_cons: 33.59464960067603
finished_reconf: true
global_termination_time: 330443.521
local_termination_time: 83991.84647999998
node_cons: 6763.9271211214555
tot_aggregated_send: 4350
tot_msg_rcv: 241
tot_msg_sent: 516
tot_reconf_duration: 11.31
tot_sleeping_duration: 325403.51491999894
tot_uptimes: 85
tot_uptimes_duration: 5040.006080001069
