comms_cons: 80.19386879974765
finished_reconf: true
global_termination_time: 803056.557
local_termination_time: 133106.93736000004
node_cons: 16480.360265607145
tot_aggregated_send: 10672
tot_msg_rcv: 469
tot_msg_sent: 1048
tot_reconf_duration: 7.819999999999999
tot_sleeping_duration: 790756.5265999946
tot_uptimes: 206
tot_uptimes_duration: 12300.030400005344
