comms_cons: 82.52862079964576
finished_reconf: true
global_termination_time: 806225.097
local_termination_time: 229150.76236000005
node_cons: 16557.44650448114
tot_aggregated_send: 10904
tot_msg_rcv: 594
tot_msg_sent: 1045
tot_reconf_duration: 5.43
tot_sleeping_duration: 793865.072679999
tot_uptimes: 207
tot_uptimes_duration: 12360.02432000084
