comms_cons: 442.6573501734954
finished_reconf: true
global_termination_time: 2243908.629
local_termination_time: 783767.3790000001
node_cons: 46162.90814623049
tot_aggregated_send: 0
tot_msg_rcv: 33994
tot_msg_sent: 33287
tot_reconf_duration: 22.65
tot_sleeping_duration: 2209455.9408400073
tot_uptimes: 575
tot_uptimes_duration: 34452.68815999327
