comms_cons: 225.09312638240743
finished_reconf: true
global_termination_time: 2246658.098
local_termination_time: 90123.63935999997
node_cons: 46202.9309278265
tot_aggregated_send: 30972
tot_msg_rcv: 1092
tot_msg_sent: 2147
tot_reconf_duration: 5.43
tot_sleeping_duration: 2212158.0554400096
tot_uptimes: 576
tot_uptimes_duration: 34500.04255999031
