comms_cons: 13.520646399844892
finished_reconf: true
global_termination_time: 131331.31
local_termination_time: 78569.25935999995
node_cons: 2655.3700411191357
tot_aggregated_send: 1392
tot_msg_rcv: 197
tot_msg_sent: 466
tot_reconf_duration: 3.05
tot_sleeping_duration: 129351.30392000063
tot_uptimes: 34
tot_uptimes_duration: 1980.0060799993662
