comms_cons: 1406.7209886333912
finished_reconf: true
global_termination_time: 4835755.123839999
local_termination_time: 4835755.082719998
node_cons: 196788.26369475233
tot_aggregated_send: 0
tot_msg_rcv: 71826
tot_msg_sent: 141989
tot_reconf_duration: 24.59
tot_sleeping_duration: 4688813.472999999
tot_uptimes: 2429
tot_uptimes_duration: 146941.6508399996
