comms_cons: 480.4906176768178
finished_reconf: true
global_termination_time: 4837676.254
local_termination_time: 1297916.5283599999
node_cons: 99466.9386078161
tot_aggregated_send: 67802
tot_msg_rcv: 1625
tot_msg_sent: 3604
tot_reconf_duration: 4.390000000000001
tot_sleeping_duration: 4763396.211440016
tot_uptimes: 1239
tot_uptimes_duration: 74280.04255998437
