comms_cons: 36.6461440002523
finished_reconf: true
global_termination_time: 373176.9991600009
local_termination_time: 245153.87468000074
node_cons: 7750.4812637622
tot_aggregated_send: 5394
tot_msg_rcv: 36
tot_msg_sent: 140
tot_reconf_duration: 25.299999999999997
tot_sleeping_duration: 367414.39731999923
tot_uptimes: 96
tot_uptimes_duration: 5762.601840001618
