comms_cons: 256.15457278214535
finished_reconf: true
global_termination_time: 2591622.208
local_termination_time: 606852.12536
node_cons: 53276.05584223291
tot_aggregated_send: 35902
tot_msg_rcv: 970
tot_msg_sent: 2062
tot_reconf_duration: 7.819999999999999
tot_sleeping_duration: 2551842.195840005
tot_uptimes: 664
tot_uptimes_duration: 39780.01215999527
