comms_cons: 253.74869758821484
finished_reconf: true
global_termination_time: 2591723.262
local_termination_time: 737665.84236
node_cons: 53273.87490111611
tot_aggregated_send: 36366
tot_msg_rcv: 737
tot_msg_sent: 1465
tot_reconf_duration: 6.22
tot_sleeping_duration: 2551943.2559200027
tot_uptimes: 664
tot_uptimes_duration: 39780.006079997635
