comms_cons: 90.24688639900472
finished_reconf: true
global_termination_time: 909035.886
local_termination_time: 639821.80548
node_cons: 18647.326760000145
tot_aggregated_send: 12528
tot_msg_rcv: 421
tot_msg_sent: 768
tot_reconf_duration: 6.22
tot_sleeping_duration: 895115.886
tot_uptimes: 233
tot_uptimes_duration: 13920.0
