comms_cons: 45.265523200444804
finished_reconf: true
global_termination_time: 456076.355
local_termination_time: 73695.59259999993
node_cons: 9353.805541121426
tot_aggregated_send: 6380
tot_msg_rcv: 174
tot_msg_sent: 327
tot_reconf_duration: 25.299999999999997
tot_sleeping_duration: 449116.3489199989
tot_uptimes: 117
tot_uptimes_duration: 6960.006080001069
