comms_cons: 91.60025601233365
finished_reconf: true
global_termination_time: 454288.714
local_termination_time: 1504.6063600000002
node_cons: 9330.458784482316
tot_aggregated_send: 0
tot_msg_rcv: 7188
tot_msg_sent: 6732
tot_reconf_duration: 8.09
tot_sleeping_duration: 447328.68967999826
tot_uptimes: 117
tot_uptimes_duration: 6960.024320001721
