comms_cons: 46.78531840085113
finished_reconf: true
global_termination_time: 455839.431
local_termination_time: 269909.17260000005
node_cons: 9339.983803364285
tot_aggregated_send: 6090
tot_msg_rcv: 392
tot_msg_sent: 629
tot_reconf_duration: 15.110000000000001
tot_sleeping_duration: 448879.4127599968
tot_uptimes: 117
tot_uptimes_duration: 6960.018240003206
