comms_cons: 45.25894400033694
finished_reconf: true
global_termination_time: 452191.634
local_termination_time: 152589.77412000092
node_cons: 9262.650515924104
tot_aggregated_send: 6264
tot_msg_rcv: 212
tot_msg_sent: 403
tot_reconf_duration: 11.899999999999999
tot_sleeping_duration: 445286.114719997
tot_uptimes: 116
tot_uptimes_duration: 6905.519280003064
