comms_cons: 46.968908800956896
finished_reconf: true
global_termination_time: 453386.273
local_termination_time: 264067.47236
node_cons: 9325.426043364243
tot_aggregated_send: 5916
tot_msg_rcv: 412
tot_msg_sent: 811
tot_reconf_duration: 4.390000000000001
tot_sleeping_duration: 446426.2547599968
tot_uptimes: 117
tot_uptimes_duration: 6960.018240003206
