comms_cons: 80.60871039796983
finished_reconf: true
global_termination_time: 814595.127
local_termination_time: 15166.672840000001
node_cons: 16719.248240000023
tot_aggregated_send: 11716
tot_msg_rcv: 192
tot_msg_sent: 343
tot_reconf_duration: 6.279999999999999
tot_sleeping_duration: 802115.127
tot_uptimes: 209
tot_uptimes_duration: 12480.0
