comms_cons: 58.14529280083706
finished_reconf: true
global_termination_time: 572294.987
local_termination_time: 27519.863600000004
node_cons: 11738.18452224288
tot_aggregated_send: 7772
tot_msg_rcv: 371
tot_msg_sent: 694
tot_reconf_duration: 6.279999999999999
tot_sleeping_duration: 563534.9748399978
tot_uptimes: 147
tot_uptimes_duration: 8760.012160002138
