comms_cons: 58.20618240104189
finished_reconf: true
global_termination_time: 570544.612
local_termination_time: 203663.2659200007
node_cons: 11740.259559999986
tot_aggregated_send: 7772
tot_msg_rcv: 382
tot_msg_sent: 693
tot_reconf_duration: 7.819999999999999
tot_sleeping_duration: 561784.612
tot_uptimes: 147
tot_uptimes_duration: 8760.0
