comms_cons: 13.831359999653749
finished_reconf: true
global_termination_time: 169936.451
local_termination_time: 3146.95612
node_cons: 3455.1104389611846
tot_aggregated_send: 0
tot_msg_rcv: 0
tot_msg_sent: 0
tot_reconf_duration: 21.68
tot_sleeping_duration: 167356.3923599991
tot_uptimes: 44
tot_uptimes_duration: 2580.0586400008833
