comms_cons: 213.745049587669
finished_reconf: true
global_termination_time: 2172017.49
local_termination_time: 1548708.951
node_cons: 44675.05046670039
tot_aggregated_send: 29925
tot_msg_rcv: 783
tot_msg_sent: 1780
tot_reconf_duration: 4.390000000000001
tot_sleeping_duration: 2138657.4535200144
tot_uptimes: 557
tot_uptimes_duration: 33360.03647998581
