comms_cons: 59.60097280026466
finished_reconf: true
global_termination_time: 570599.284
local_termination_time: 51194.70836000001
node_cons: 11738.094901121449
tot_aggregated_send: 7250
tot_msg_rcv: 591
tot_msg_sent: 1218
tot_reconf_duration: 6.22
tot_sleeping_duration: 561839.2779199989
tot_uptimes: 147
tot_uptimes_duration: 8760.006080001069
