comms_cons: 38.034355200971966
finished_reconf: true
global_termination_time: 374009.303
local_termination_time: 279270.6843600001
node_cons: 7647.667121121436
tot_aggregated_send: 4930
tot_msg_rcv: 278
tot_msg_sent: 573
tot_reconf_duration: 11.31
tot_sleeping_duration: 368309.29691999895
tot_uptimes: 96
tot_uptimes_duration: 5700.006080001069
