comms_cons: 1.6842751999993482
finished_reconf: true
global_termination_time: 18351.333
local_termination_time: 5454.80248
node_cons: 355.71740000000034
tot_aggregated_send: 0
tot_msg_rcv: 160
tot_msg_sent: 96
tot_reconf_duration: 25.299999999999997
tot_sleeping_duration: 18111.333
tot_uptimes: 5
tot_uptimes_duration: 240.0
