comms_cons: 2.7435263999909334
finished_reconf: true
global_termination_time: 19013.317
local_termination_time: 3929.1833600000004
node_cons: 333.7313800000002
tot_aggregated_send: 0
tot_msg_rcv: 249
tot_msg_sent: 168
tot_reconf_duration: 9.11
tot_sleeping_duration: 18773.317
tot_uptimes: 5
tot_uptimes_duration: 240.0
