comms_cons: 2.315878399994504
finished_reconf: true
global_termination_time: 18857.653
local_termination_time: 6233.6003599999995
node_cons: 325.50189999999907
tot_aggregated_send: 0
tot_msg_rcv: 178
tot_msg_sent: 174
tot_reconf_duration: 3.05
tot_sleeping_duration: 18617.653
tot_uptimes: 5
tot_uptimes_duration: 240.00000000000003
