comms_cons: 10.883814399765912
finished_reconf: true
global_termination_time: 91031.631
local_termination_time: 65040.74512000019
node_cons: 1855.4084833574532
tot_aggregated_send: 812
tot_msg_rcv: 319
tot_msg_sent: 523
tot_reconf_duration: 5.57
tot_sleeping_duration: 89651.6127600019
tot_uptimes: 24
tot_uptimes_duration: 1380.0182399980986
