comms_cons: 10.257599999949548
finished_reconf: true
global_termination_time: 92825.578
local_termination_time: 10403.712360000001
node_cons: 1882.209964480026
tot_aggregated_send: 754
tot_msg_rcv: 299
tot_msg_sent: 507
tot_reconf_duration: 25.299999999999997
tot_sleeping_duration: 91445.55367999997
tot_uptimes: 24
tot_uptimes_duration: 1380.0243200000186
