comms_cons: 66.77646719942857
finished_reconf: true
global_termination_time: 660850.457
local_termination_time: 65107.37436000001
node_cons: 13595.361142242878
tot_aggregated_send: 9106
tot_msg_rcv: 356
tot_msg_sent: 688
tot_reconf_duration: 13.17
tot_sleeping_duration: 650710.4448399979
tot_uptimes: 170
tot_uptimes_duration: 10140.012160002138
