comms_cons: 66.60124160012724
finished_reconf: true
global_termination_time: 662865.261
local_termination_time: 134354.90636000002
node_cons: 13588.128406728572
tot_aggregated_send: 8700
tot_msg_rcv: 494
tot_msg_sent: 929
tot_reconf_duration: 7.819999999999999
tot_sleeping_duration: 652725.2245199936
tot_uptimes: 170
tot_uptimes_duration: 10140.036480006413
