comms_cons: 191.65867518156423
finished_reconf: true
global_termination_time: 1927086.057
local_termination_time: 289808.02704000025
node_cons: 39613.64674893895
tot_aggregated_send: 26158
tot_msg_rcv: 937
tot_msg_sent: 2036
tot_reconf_duration: 4.390000000000001
tot_sleeping_duration: 1897506.0083600157
tot_uptimes: 494
tot_uptimes_duration: 29580.04863998451
