comms_cons: 190.69811199066888
finished_reconf: true
global_termination_time: 1927291.27
local_termination_time: 793961.2563599998
node_cons: 39614.993939999666
tot_aggregated_send: 27724
tot_msg_rcv: 452
tot_msg_sent: 809
tot_reconf_duration: 5.43
tot_sleeping_duration: 1897711.27
tot_uptimes: 494
tot_uptimes_duration: 29580.0
