comms_cons: 92.74986879932732
finished_reconf: true
global_termination_time: 916883.949
local_termination_time: 122067.66219999961
node_cons: 18817.469283364317
tot_aggregated_send: 12644
tot_msg_rcv: 590
tot_msg_sent: 863
tot_reconf_duration: 13.17
tot_sleeping_duration: 902843.9307599969
tot_uptimes: 235
tot_uptimes_duration: 14040.018240003206
