comms_cons: 94.29372159781265
finished_reconf: true
global_termination_time: 916089.848
local_termination_time: 86473.89635999997
node_cons: 18803.8403334434
tot_aggregated_send: 11832
tot_msg_rcv: 811
tot_msg_sent: 1690
tot_reconf_duration: 3.08
tot_sleeping_duration: 902049.7750399974
tot_uptimes: 235
tot_uptimes_duration: 14040.072960002522
