comms_cons: 93.6627455951409
finished_reconf: true
global_termination_time: 919310.898
local_termination_time: 494163.5696000001
node_cons: 18886.46454446736
tot_aggregated_send: 12296
tot_msg_rcv: 606
tot_msg_sent: 1334
tot_reconf_duration: 4.8100000000000005
tot_sleeping_duration: 905210.8736800095
tot_uptimes: 236
tot_uptimes_duration: 14100.024319990542
