comms_cons: 96.64035199248434
finished_reconf: true
global_termination_time: 919445.162
local_termination_time: 306771.28812000045
node_cons: 18888.395606714777
tot_aggregated_send: 11716
tot_msg_rcv: 1051
tot_msg_sent: 1921
tot_reconf_duration: 6.22
tot_sleeping_duration: 905345.1255200038
tot_uptimes: 236
tot_uptimes_duration: 14100.03647999611
