comms_cons: 93.14477439408004
finished_reconf: true
global_termination_time: 915504.22224
local_termination_time: 555.3943599999984
node_cons: 18842.06608022827
tot_aggregated_send: 12296
tot_msg_rcv: 618
tot_msg_sent: 1242
tot_reconf_duration: 11.31
tot_sleeping_duration: 901443.9480800087
tot_uptimes: 235
tot_uptimes_duration: 14060.27415999122
