comms_cons: 15.658495999910034
finished_reconf: true
global_termination_time: 150778.56776000088
local_termination_time: 150778.56776000088
node_cons: 3167.9599768817825
tot_aggregated_send: 1842
tot_msg_rcv: 131
tot_msg_sent: 407
tot_reconf_duration: 24.59
tot_sleeping_duration: 148437.59183999957
tot_uptimes: 39
tot_uptimes_duration: 2340.9759200013214
