comms_cons: 17.423603199930888
finished_reconf: true
global_termination_time: 153845.017
local_termination_time: 107294.11035999998
node_cons: 3164.043123360886
tot_aggregated_send: 1566
tot_msg_rcv: 404
tot_msg_sent: 679
tot_reconf_duration: 22.65
tot_sleeping_duration: 151504.99875999935
tot_uptimes: 40
tot_uptimes_duration: 2340.0182400006524
