comms_cons: 16.80327679968987
finished_reconf: true
global_termination_time: 151287.984
local_termination_time: 9921.500479999999
node_cons: 3057.0781822394424
tot_aggregated_send: 1508
tot_msg_rcv: 390
tot_msg_sent: 656
tot_reconf_duration: 3.05
tot_sleeping_duration: 149007.97184000042
tot_uptimes: 39
tot_uptimes_duration: 2280.0121599995837
