comms_cons: 1.6382207999988085
finished_reconf: true
global_termination_time: 12749.575
local_termination_time: 10401.02636
node_cons: 245.16189999999898
tot_aggregated_send: 0
tot_msg_rcv: 126
tot_msg_sent: 123
tot_reconf_duration: 3.05
tot_sleeping_duration: 12569.575
tot_uptimes: 4
tot_uptimes_duration: 180.0
