comms_cons: 611.8323521108068
finished_reconf: true
global_termination_time: 6195296.661
local_termination_time: 2000105.71836
node_cons: 127426.83662446398
tot_aggregated_send: 85724
tot_msg_rcv: 2458
tot_msg_sent: 4812
tot_reconf_duration: 5.57
tot_sleeping_duration: 6100136.636680009
tot_uptimes: 1587
tot_uptimes_duration: 95160.024319991
