comms_cons: 200.57411839479917
finished_reconf: true
global_termination_time: 2033577.857
local_termination_time: 1213603.183
node_cons: 41802.442811756366
tot_aggregated_send: 29573
tot_msg_rcv: 333
tot_msg_sent: 581
tot_reconf_duration: 13.17
tot_sleeping_duration: 2002372.0631600025
tot_uptimes: 521
tot_uptimes_duration: 31205.793839997612
