comms_cons: 201.58861438880672
finished_reconf: true
global_termination_time: 2031542.795
local_termination_time: 240566.732
node_cons: 41789.4151073452
tot_aggregated_send: 28418
tot_msg_rcv: 673
tot_msg_sent: 1552
tot_reconf_duration: 5.43
tot_sleeping_duration: 2000338.8807600108
tot_uptimes: 521
tot_uptimes_duration: 31203.91423998921
