comms_cons: 106.88533759161669
finished_reconf: true
global_termination_time: 1060368.024
local_termination_time: 369783.80036000005
node_cons: 21867.90410894848
tot_aggregated_send: 13746
tot_msg_rcv: 840
tot_msg_sent: 1659
tot_reconf_duration: 11.31
tot_sleeping_duration: 1044047.9753600087
tot_uptimes: 272
tot_uptimes_duration: 16320.048639991379
