comms_cons: 1.0066176000022442
finished_reconf: true
global_termination_time: 4200.629
local_termination_time: 1046.5954400000007
node_cons: 87.26580000000018
tot_aggregated_send: 0
tot_msg_rcv: 99
tot_msg_sent: 54
tot_reconf_duration: 5.1
tot_sleeping_duration: 4140.629
tot_uptimes: 2
tot_uptimes_duration: 60.0
