comms_cons: 46.81100800054245
finished_reconf: true
global_termination_time: 471563.749
local_termination_time: 57127.1852400001
node_cons: 9671.558700000043
tot_aggregated_send: 6670
tot_msg_rcv: 176
tot_msg_sent: 269
tot_reconf_duration: 22.65
tot_sleeping_duration: 464363.74899999995
tot_uptimes: 121
tot_uptimes_duration: 7200.000000000029
