comms_cons: 46.44257280064709
finished_reconf: true
global_termination_time: 474357.258
local_termination_time: 404923.3057200006
node_cons: 9736.49898000001
tot_aggregated_send: 6554
tot_msg_rcv: 122
tot_msg_sent: 383
tot_reconf_duration: 11.31
tot_sleeping_duration: 467097.258
tot_uptimes: 122
tot_uptimes_duration: 7260.0
