comms_cons: 52.31779840080823
finished_reconf: true
global_termination_time: 529369.234
local_termination_time: 134399.56236000007
node_cons: 10863.78486000003
tot_aggregated_send: 7308
tot_msg_rcv: 190
tot_msg_sent: 454
tot_reconf_duration: 13.17
tot_sleeping_duration: 521269.23400000005
tot_uptimes: 136
tot_uptimes_duration: 8100.0
