comms_cons: 96.26553601358168
finished_reconf: true
global_termination_time: 526131.2201200005
local_termination_time: 119967.07959999997
node_cons: 10856.041911923556
tot_aggregated_send: 0
tot_msg_rcv: 7431
tot_msg_sent: 7200
tot_reconf_duration: 7.819999999999999
tot_sleeping_duration: 518031.5768399979
tot_uptimes: 135
tot_uptimes_duration: 8099.643280002638
