comms_cons: 62.92650240011942
finished_reconf: true
global_termination_time: 601604.395
local_termination_time: 303188.91732000065
node_cons: 12383.028406719413
tot_aggregated_send: 7772
tot_msg_rcv: 630
tot_msg_sent: 1161
tot_reconf_duration: 7.819999999999999
tot_sleeping_duration: 592364.3585200005
tot_uptimes: 155
tot_uptimes_duration: 9240.036479999544
