comms_cons: 60.8319104003989
finished_reconf: true
global_termination_time: 602360.726
local_termination_time: 285729.68160000007
node_cons: 12394.311787521505
tot_aggregated_send: 8294
tot_msg_rcv: 319
tot_msg_sent: 634
tot_reconf_duration: 11.31
tot_sleeping_duration: 593115.802319999
tot_uptimes: 155
tot_uptimes_duration: 9244.923680001113
