comms_cons: 655.2829767259751
finished_reconf: true
global_termination_time: 3325293.936519996
local_termination_time: 678.4984799999992
node_cons: 68472.38461198847
tot_aggregated_send: 0
tot_msg_rcv: 50196
tot_msg_sent: 49401
tot_reconf_duration: 18.21
tot_sleeping_duration: 3274175.4485200034
tot_uptimes: 852
tot_uptimes_duration: 51118.4879999925
