comms_cons: 331.7765248133489
finished_reconf: true
global_termination_time: 3328400.867
local_termination_time: 1391130.96336
node_cons: 68484.09438781766
tot_aggregated_send: 46110
tot_msg_rcv: 1491
tot_msg_sent: 2828
tot_reconf_duration: 25.299999999999997
tot_sleeping_duration: 3277280.8244400155
tot_uptimes: 853
tot_uptimes_duration: 51120.04255998437
