comms_cons: 338.22912003012027
finished_reconf: true
global_termination_time: 3328454.606
local_termination_time: 262069.14136000007
node_cons: 68475.1641522932
tot_aggregated_send: 45762
tot_msg_rcv: 1996
tot_msg_sent: 3651
tot_reconf_duration: 18.700000000000003
tot_sleeping_duration: 3277334.5391200194
tot_uptimes: 853
tot_uptimes_duration: 51120.06687998108
