comms_cons: 183.4478335959829
finished_reconf: true
global_termination_time: 1880244.022
local_termination_time: 277645.3665600002
node_cons: 38677.89739999978
tot_aggregated_send: 27086
tot_msg_rcv: 297
tot_msg_sent: 500
tot_reconf_duration: 25.299999999999997
tot_sleeping_duration: 1851384.022
tot_uptimes: 482
tot_uptimes_duration: 28860.0
