comms_cons: 86.40463359695711
finished_reconf: true
global_termination_time: 847740.856879998
local_termination_time: 847740.856879998
node_cons: 17550.235567677126
tot_aggregated_send: 11702
tot_msg_rcv: 503
tot_msg_sent: 927
tot_reconf_duration: 24.59
tot_sleeping_duration: 834658.8237600002
tot_uptimes: 218
tot_uptimes_duration: 13082.033119997825
