comms_cons: 119.6894911972181
finished_reconf: true
global_termination_time: 1260251.727
local_termination_time: 5763.608
node_cons: 25877.492165597996
tot_aggregated_send: 16582
tot_msg_rcv: 551
tot_msg_sent: 1059
tot_reconf_duration: 5.87
tot_sleeping_duration: 1240931.6966000015
tot_uptimes: 323
tot_uptimes_duration: 19320.030399998475
