comms_cons: 119.35082239733707
finished_reconf: true
global_termination_time: 1256925.959
local_termination_time: 7264.617
node_cons: 25797.92082112147
tot_aggregated_send: 17045
tot_msg_rcv: 447
tot_msg_sent: 649
tot_reconf_duration: 6.46
tot_sleeping_duration: 1237665.952919999
tot_uptimes: 322
tot_uptimes_duration: 19260.00608000107
