comms_cons: 122.02967039506701
finished_reconf: true
global_termination_time: 1256586.9
local_termination_time: 5019.892
node_cons: 25794.357353434214
tot_aggregated_send: 16061
tot_msg_rcv: 840
tot_msg_sent: 1647
tot_reconf_duration: 3.77
tot_sleeping_duration: 1237326.8270400043
tot_uptimes: 322
tot_uptimes_duration: 19260.072959995654
