comms_cons: 89.26658559691401
finished_reconf: true
global_termination_time: 885241.582
local_termination_time: 338867.1052800003
node_cons: 18162.809761121396
tot_aggregated_send: 11658
tot_msg_rcv: 692
tot_msg_sent: 1218
tot_reconf_duration: 4.390000000000001
tot_sleeping_duration: 871681.5759199989
tot_uptimes: 227
tot_uptimes_duration: 13560.006080001069
