comms_cons: 697.2768769070018
finished_reconf: true
global_termination_time: 7080568.399
local_termination_time: 2868071.293
node_cons: 145693.6522865402
tot_aggregated_send: 97883
tot_msg_rcv: 2696
tot_msg_sent: 5402
tot_reconf_duration: 25.299999999999997
tot_sleeping_duration: 6971786.251960011
tot_uptimes: 1814
tot_uptimes_duration: 108782.14703998901
