comms_cons: 687.9729856847367
finished_reconf: true
global_termination_time: 7083075.498
local_termination_time: 3043066.6641599988
node_cons: 145667.42250222925
tot_aggregated_send: 97788
tot_msg_rcv: 2079
tot_msg_sent: 4700
tot_reconf_duration: 8.09
tot_sleeping_duration: 6974295.485840004
tot_uptimes: 1814
tot_uptimes_duration: 108780.01215999573
