comms_cons: 690.6054656338786
finished_reconf: true
global_termination_time: 7076731.941
local_termination_time: 4180111.40136
node_cons: 145592.24019999502
tot_aggregated_send: 102196
tot_msg_rcv: 907
tot_msg_sent: 1865
tot_reconf_duration: 11.899999999999999
tot_sleeping_duration: 6968011.941
tot_uptimes: 1813
tot_uptimes_duration: 108720.0
