comms_cons: 701.0532353411354
finished_reconf: true
global_termination_time: 7083137.115
local_termination_time: 2675817.77836
node_cons: 145663.8346455811
tot_aggregated_send: 98948
tot_msg_rcv: 2615
tot_msg_sent: 4993
tot_reconf_duration: 5.43
tot_sleeping_duration: 6974357.084600011
tot_uptimes: 1814
tot_uptimes_duration: 108780.03039998934
