comms_cons: 160.38394881508543
finished_reconf: true
global_termination_time: 547235.35148
local_termination_time: 1923.5180400000015
node_cons: 22489.739209719937
tot_aggregated_send: 0
tot_msg_rcv: 8161
tot_msg_sent: 16214
tot_reconf_duration: 6.22
tot_sleeping_duration: 530445.738
tot_uptimes: 279
tot_uptimes_duration: 16789.613479999927
