comms_cons: 518.1059713282591
finished_reconf: true
global_termination_time: 5112196.4512399975
local_termination_time: 15721.909040000002
node_cons: 105191.14335499995
tot_aggregated_send: 70412
tot_msg_rcv: 2867
tot_msg_sent: 5471
tot_reconf_duration: 5.1
tot_sleeping_duration: 5033642.1438800255
tot_uptimes: 1310
tot_uptimes_duration: 78554.30735997239
