comms_cons: 511.29392011074617
finished_reconf: true
global_termination_time: 5114606.668
local_termination_time: 988802.2741999986
node_cons: 105183.02627116686
tot_aggregated_send: 70528
tot_msg_rcv: 2426
tot_msg_sent: 4759
tot_reconf_duration: 13.17
tot_sleeping_duration: 5036066.607200022
tot_uptimes: 1310
tot_uptimes_duration: 78540.06079997751
