comms_cons: 509.43111688255084
finished_reconf: true
global_termination_time: 5112940.65
local_termination_time: 1116870.1759599987
node_cons: 105169.32405116754
tot_aggregated_send: 70818
tot_msg_rcv: 2247
tot_msg_sent: 4364
tot_reconf_duration: 3.08
tot_sleeping_duration: 5034400.589200023
tot_uptimes: 1310
tot_uptimes_duration: 78540.06079997797
