comms_cons: 506.6138432669128
finished_reconf: true
global_termination_time: 5113334.623
local_termination_time: 1715447.7854799996
node_cons: 105185.60380334817
tot_aggregated_send: 71340
tot_msg_rcv: 1952
tot_msg_sent: 3709
tot_reconf_duration: 15.110000000000001
tot_sleeping_duration: 5034794.604760006
tot_uptimes: 1310
tot_uptimes_duration: 78540.0182399936
