comms_cons: 514.852160107987
finished_reconf: true
global_termination_time: 5113887.493
local_termination_time: 1512322.9309999999
node_cons: 105180.4759678164
tot_aggregated_send: 71271
tot_msg_rcv: 2332
tot_msg_sent: 4651
tot_reconf_duration: 11.31
tot_sleeping_duration: 5035347.450440016
tot_uptimes: 1310
tot_uptimes_duration: 78540.0425599846
