comms_cons: 513.4354432956757
finished_reconf: true
global_termination_time: 5112218.891
local_termination_time: 1394701.1683599998
node_cons: 105252.84721004988
tot_aggregated_send: 71804
tot_msg_rcv: 2055
tot_msg_sent: 4181
tot_reconf_duration: 5.43
tot_sleeping_duration: 5033618.83628002
tot_uptimes: 1310
tot_uptimes_duration: 78600.05471997987
