comms_cons: 76.10943999593728
finished_reconf: true
global_termination_time: 750026.071
local_termination_time: 534997.015
node_cons: 15432.068869583927
tot_aggregated_send: 10149
tot_msg_rcv: 423
tot_msg_sent: 998
tot_reconf_duration: 3.08
tot_sleeping_duration: 738504.124600012
tot_uptimes: 193
tot_uptimes_duration: 11521.946399988024
