comms_cons: 78.79057919867851
finished_reconf: true
global_termination_time: 751540.845
local_termination_time: 173177.32036000004
node_cons: 15431.860826719407
tot_aggregated_send: 9744
tot_msg_rcv: 833
tot_msg_sent: 1398
tot_reconf_duration: 4.8100000000000005
tot_sleeping_duration: 740020.8085200004
tot_uptimes: 193
tot_uptimes_duration: 11520.036479999544
