comms_cons: 195.19729278045372
finished_reconf: true
global_termination_time: 1904798.917
local_termination_time: 39716.37836000001
node_cons: 39150.423155644625
tot_aggregated_send: 25694
tot_msg_rcv: 1427
tot_msg_sent: 2548
tot_reconf_duration: 18.21
tot_sleeping_duration: 1875578.8318800263
tot_uptimes: 488
tot_uptimes_duration: 29220.08511997375
