comms_cons: 193.18247678465957
finished_reconf: true
global_termination_time: 1905077.688
local_termination_time: 908801.4543599999
node_cons: 39134.16522782225
tot_aggregated_send: 25694
tot_msg_rcv: 1110
tot_msg_sent: 2560
tot_reconf_duration: 6.279999999999999
tot_sleeping_duration: 1875857.6454400131
tot_uptimes: 488
tot_uptimes_duration: 29220.042559986876
