comms_cons: 188.13880319211532
finished_reconf: true
global_termination_time: 1900745.375
local_termination_time: 559834.3355199991
node_cons: 39049.42263999972
tot_aggregated_send: 27376
tot_msg_rcv: 410
tot_msg_sent: 810
tot_reconf_duration: 3.08
tot_sleeping_duration: 1871585.375
tot_uptimes: 487
tot_uptimes_duration: 29160.0
