comms_cons: 194.03027198104786
finished_reconf: true
global_termination_time: 1902973.142
local_termination_time: 225204.36036000005
node_cons: 39129.81959341095
tot_aggregated_send: 25810
tot_msg_rcv: 1231
tot_msg_sent: 2450
tot_reconf_duration: 3.05
tot_sleeping_duration: 1873753.0690400216
tot_uptimes: 488
tot_uptimes_duration: 29220.072959978483
