comms_cons: 1198.9974143401873
finished_reconf: true
global_termination_time: 3901993.101
local_termination_time: 2395037.4946000003
node_cons: 237524.5367462251
tot_aggregated_send: 0
tot_msg_rcv: 73592
tot_msg_sent: 108650
tot_reconf_duration: 5.57
tot_sleeping_duration: 3724609.2528400053
tot_uptimes: 2910
tot_uptimes_duration: 177383.84815999478
