comms_cons: 389.7100160337819
finished_reconf: true
global_termination_time: 3902080.512
local_termination_time: 1436417.8930000002
node_cons: 80275.58767734017
tot_aggregated_send: 54110
tot_msg_rcv: 1810
tot_msg_sent: 3313
tot_reconf_duration: 7.819999999999999
tot_sleeping_duration: 3842136.5477600135
tot_uptimes: 1000
tot_uptimes_duration: 59943.96423998661
