comms_cons: 180.3157887922092
finished_reconf: true
global_termination_time: 1813618.074
local_termination_time: 462146.10508000065
node_cons: 37285.32405999986
tot_aggregated_send: 25984
tot_msg_rcv: 499
tot_msg_sent: 923
tot_reconf_duration: 5.57
tot_sleeping_duration: 1785778.074
tot_uptimes: 465
tot_uptimes_duration: 27840.0
