comms_cons: 180.69114878936313
finished_reconf: true
global_termination_time: 1813787.285
local_termination_time: 771137.8073599999
node_cons: 37290.13137999983
tot_aggregated_send: 26042
tot_msg_rcv: 560
tot_msg_sent: 862
tot_reconf_duration: 9.11
tot_sleeping_duration: 1785947.285
tot_uptimes: 465
tot_uptimes_duration: 27839.999999999996
