comms_cons: 184.3162879817994
finished_reconf: true
global_termination_time: 1812764.85
local_termination_time: 336286.6698000003
node_cons: 37308.591970055975
tot_aggregated_send: 24650
tot_msg_rcv: 1111
tot_msg_sent: 2254
tot_reconf_duration: 22.65
tot_sleeping_duration: 1784924.795280018
tot_uptimes: 465
tot_uptimes_duration: 27840.054719982145
