comms_cons: 176.82545279520767
finished_reconf: true
global_termination_time: 1778819.253
local_termination_time: 636797.2294399996
node_cons: 36563.14676
tot_aggregated_send: 25230
tot_msg_rcv: 572
tot_msg_sent: 1076
tot_reconf_duration: 6.22
tot_sleeping_duration: 1751519.253
tot_uptimes: 456
tot_uptimes_duration: 27300.0
