comms_cons: 285.70263681588307
finished_reconf: true
global_termination_time: 2810391.879
local_termination_time: 2024117.36736
node_cons: 57879.173682233326
tot_aggregated_send: 38802
tot_msg_rcv: 1685
tot_msg_sent: 2938
tot_reconf_duration: 25.299999999999997
tot_sleeping_duration: 2767191.8668400045
tot_uptimes: 720
tot_uptimes_duration: 43200.012159995735
