comms_cons: 83.46373121130203
finished_reconf: true
global_termination_time: 424754.997
local_termination_time: 7023.707360000001
node_cons: 8707.486841121443
tot_aggregated_send: 0
tot_msg_rcv: 6442
tot_msg_sent: 6244
tot_reconf_duration: 22.65
tot_sleeping_duration: 418274.9909199989
tot_uptimes: 109
tot_uptimes_duration: 6480.006080001069
