comms_cons: 116.2149887959463
finished_reconf: true
global_termination_time: 1172175.625
local_termination_time: 357830.203
node_cons: 24110.6082657611
tot_aggregated_send: 16121
tot_msg_rcv: 439
tot_msg_sent: 1104
tot_reconf_duration: 5.57
tot_sleeping_duration: 1154174.845159999
tot_uptimes: 301
tot_uptimes_duration: 18000.77984000079
