comms_cons: 114.9257599997483
finished_reconf: true
global_termination_time: 1174084.76
local_termination_time: 501736.0756400004
node_cons: 24119.89300111685
tot_aggregated_send: 16646
tot_msg_rcv: 275
tot_msg_sent: 547
tot_reconf_duration: 13.17
tot_sleeping_duration: 1156084.7539200024
tot_uptimes: 301
tot_uptimes_duration: 18000.006079997635
