comms_cons: 112.09640960022027
finished_reconf: true
global_termination_time: 1174413.358
local_termination_time: 621523.8933199986
node_cons: 24108.548262242974
tot_aggregated_send: 16298
tot_msg_rcv: 291
tot_msg_sent: 449
tot_reconf_duration: 4.8100000000000005
tot_sleeping_duration: 1156413.3458399978
tot_uptimes: 301
tot_uptimes_duration: 18000.012160002138
