comms_cons: 118.45849599553556
finished_reconf: true
global_termination_time: 1171888.118
local_termination_time: 269576.59944000066
node_cons: 24117.415967836176
tot_aggregated_send: 15718
tot_msg_rcv: 778
tot_msg_sent: 1510
tot_reconf_duration: 11.31
tot_sleeping_duration: 1153888.0754400028
tot_uptimes: 301
tot_uptimes_duration: 18000.04255999712
