comms_cons: 114.25025279808361
finished_reconf: true
global_termination_time: 1173978.01
local_termination_time: 396592.99048000004
node_cons: 24109.422786719417
tot_aggregated_send: 15312
tot_msg_rcv: 639
tot_msg_sent: 1414
tot_reconf_duration: 5.43
tot_sleeping_duration: 1155977.9735200005
tot_uptimes: 301
tot_uptimes_duration: 18000.036479999544
