comms_cons: 212.08176638719766
finished_reconf: true
global_termination_time: 2158108.77
local_termination_time: 614410.7359599987
node_cons: 44354.228262233286
tot_aggregated_send: 29580
tot_msg_rcv: 715
tot_msg_sent: 1942
tot_reconf_duration: 4.8100000000000005
tot_sleeping_duration: 2124988.7578400047
tot_uptimes: 553
tot_uptimes_duration: 33120.01215999527
