comms_cons: 100.8196607965035
finished_reconf: true
global_termination_time: 1008466.015
local_termination_time: 504887.9109600001
node_cons: 20735.292201116874
tot_aggregated_send: 13456
tot_msg_rcv: 592
tot_msg_sent: 1276
tot_reconf_duration: 5.57
tot_sleeping_duration: 992986.0089200024
tot_uptimes: 259
tot_uptimes_duration: 15480.006079997635
