comms_cons: 102.04428799947671
finished_reconf: true
global_termination_time: 1011073.685
local_termination_time: 369084.35536000005
node_cons: 20734.276403355125
tot_aggregated_send: 13920
tot_msg_rcv: 603
tot_msg_sent: 987
tot_reconf_duration: 4.8100000000000005
tot_sleeping_duration: 995593.6667600037
tot_uptimes: 259
tot_uptimes_duration: 15480.018239996338
