comms_cons: 100.04857599100626
finished_reconf: true
global_termination_time: 1010063.146
local_termination_time: 355747.61536000005
node_cons: 20738.38840671481
tot_aggregated_send: 12702
tot_msg_rcv: 817
tot_msg_sent: 1687
tot_reconf_duration: 7.819999999999999
tot_sleeping_duration: 994583.1095200039
tot_uptimes: 259
tot_uptimes_duration: 15480.036479996095
