comms_cons: 120.39935999934286
finished_reconf: true
global_termination_time: 1254247.877
local_termination_time: 738776.5513599999
node_cons: 25793.281900000104
tot_aggregated_send: 17806
tot_msg_rcv: 197
tot_msg_sent: 297
tot_reconf_duration: 3.05
tot_sleeping_duration: 1234987.877
tot_uptimes: 322
tot_uptimes_duration: 19260.0
