comms_cons: 19.92839680025245
finished_reconf: true
global_termination_time: 200250.267
local_termination_time: 16059.793360000001
node_cons: 4122.089693483285
tot_aggregated_send: 2726
tot_msg_rcv: 86
tot_msg_sent: 217
tot_reconf_duration: 18.21
tot_sleeping_duration: 197190.25167999754
tot_uptimes: 52
tot_uptimes_duration: 3060.0153200024506
