comms_cons: 101.08940799987957
finished_reconf: true
global_termination_time: 1035744.258
local_termination_time: 177991.104
node_cons: 21320.887408160936
tot_aggregated_send: 15194
tot_msg_rcv: 64
tot_msg_sent: 107
tot_reconf_duration: 22.65
tot_sleeping_duration: 1019844.2365599994
tot_uptimes: 266
tot_uptimes_duration: 15900.02144000068
