comms_cons: 19.408640000029003
finished_reconf: true
global_termination_time: 190452.24880000082
local_termination_time: 108720.15171999994
node_cons: 3934.5886472011075
tot_aggregated_send: 2610
tot_msg_rcv: 130
tot_msg_sent: 209
tot_reconf_duration: 6.22
tot_sleeping_duration: 187520.104
tot_uptimes: 49
tot_uptimes_duration: 2932.144800000824
