comms_cons: 244.55455998742937
finished_reconf: true
global_termination_time: 2501697.043
local_termination_time: 1633368.040119998
node_cons: 51426.15266334978
tot_aggregated_send: 34858
tot_msg_rcv: 818
tot_msg_sent: 1494
tot_reconf_duration: 6.279999999999999
tot_sleeping_duration: 2463297.0247600074
tot_uptimes: 641
tot_uptimes_duration: 38400.0182399929
