comms_cons: 248.26673919883893
finished_reconf: true
global_termination_time: 2501570.253
local_termination_time: 372692.4606800007
node_cons: 51460.42534310433
tot_aggregated_send: 34916
tot_msg_rcv: 831
tot_msg_sent: 1989
tot_reconf_duration: 25.299999999999997
tot_sleeping_duration: 2463163.928920011
tot_uptimes: 641
tot_uptimes_duration: 38406.32407998887
