comms_cons: 250.48011520721337
finished_reconf: true
global_termination_time: 2499899.434
local_termination_time: 376766.46236
node_cons: 51423.594184466514
tot_aggregated_send: 35206
tot_msg_rcv: 949
tot_msg_sent: 1916
tot_reconf_duration: 4.390000000000001
tot_sleeping_duration: 2461499.4096800094
tot_uptimes: 641
tot_uptimes_duration: 38400.02431999054
