comms_cons: 248.72916480098658
finished_reconf: true
global_termination_time: 2502683.163
local_termination_time: 1336699.4557599989
node_cons: 51421.77446446632
tot_aggregated_send: 35554
tot_msg_rcv: 736
tot_msg_sent: 1515
tot_reconf_duration: 3.05
tot_sleeping_duration: 2464283.1386800096
tot_uptimes: 641
tot_uptimes_duration: 38400.02431999054
