comms_cons: 390.2506876722009
finished_reconf: true
global_termination_time: 2501792.675
local_termination_time: 1419102.73536
node_cons: 51432.97526223298
tot_aggregated_send: 0
tot_msg_rcv: 29970
tot_msg_sent: 29345
tot_reconf_duration: 11.31
tot_sleeping_duration: 2463392.6628400045
tot_uptimes: 641
tot_uptimes_duration: 38400.01215999527
