comms_cons: 248.21675517934133
finished_reconf: true
global_termination_time: 2505519.052
local_termination_time: 1450852.9203599987
node_cons: 51505.34650446648
tot_aggregated_send: 34220
tot_msg_rcv: 1182
tot_msg_sent: 2325
tot_reconf_duration: 5.43
tot_sleeping_duration: 2467059.0276800096
tot_uptimes: 642
tot_uptimes_duration: 38460.02431999054
