comms_cons: 29.633344000115287
finished_reconf: true
global_termination_time: 300135.532
local_termination_time: 10367.118880000004
node_cons: 6129.984524320012
tot_aggregated_send: 4176
tot_msg_rcv: 104
tot_msg_sent: 224
tot_reconf_duration: 13.17
tot_sleeping_duration: 295570.85712
tot_uptimes: 77
tot_uptimes_duration: 4564.674880000004
