comms_cons: 212.58766076914137
finished_reconf: true
global_termination_time: 2067094.472
local_termination_time: 1309334.41236
node_cons: 42507.472906700714
tot_aggregated_send: 27260
tot_msg_rcv: 1652
tot_msg_sent: 3399
tot_reconf_duration: 5.57
tot_sleeping_duration: 2035354.4355200143
tot_uptimes: 530
tot_uptimes_duration: 31740.036479985807
