comms_cons: 206.0437631886825
finished_reconf: true
global_termination_time: 2068877.871
local_termination_time: 1312778.31236
node_cons: 42516.02019999982
tot_aggregated_send: 29522
tot_msg_rcv: 646
tot_msg_sent: 1149
tot_reconf_duration: 11.899999999999999
tot_sleeping_duration: 2037137.871
tot_uptimes: 530
tot_uptimes_duration: 31740.0
