comms_cons: 212.18577916777542
finished_reconf: true
global_termination_time: 2072352.967
local_termination_time: 1283125.46036
node_cons: 42590.86840670071
tot_aggregated_send: 26912
tot_msg_rcv: 1671
tot_msg_sent: 3668
tot_reconf_duration: 7.819999999999999
tot_sleeping_duration: 2040552.9305200141
tot_uptimes: 531
tot_uptimes_duration: 31800.036479985807
