comms_cons: 212.0106495771631
finished_reconf: true
global_termination_time: 2068356.375
local_termination_time: 1297132.9353599998
node_cons: 42508.380030051085
tot_aggregated_send: 27666
tot_msg_rcv: 1534
tot_msg_sent: 3028
tot_reconf_duration: 6.22
tot_sleeping_duration: 2036616.3202800213
tot_uptimes: 530
tot_uptimes_duration: 31740.05471997871
