comms_cons: 94.99769599889126
finished_reconf: true
global_termination_time: 960885.394
local_termination_time: 52159.24436000001
node_cons: 19781.524860000027
tot_aggregated_send: 13862
tot_msg_rcv: 183
tot_msg_sent: 394
tot_reconf_duration: 13.17
tot_sleeping_duration: 946125.394
tot_uptimes: 247
tot_uptimes_duration: 14760.0
