comms_cons: 94.57599999780759
finished_reconf: true
global_termination_time: 960028.552
local_termination_time: 401300.71836
node_cons: 19708.702741121397
tot_aggregated_send: 13572
tot_msg_rcv: 182
tot_msg_sent: 621
tot_reconf_duration: 18.700000000000003
tot_sleeping_duration: 945328.5459199989
tot_uptimes: 246
tot_uptimes_duration: 14700.006080001069
