comms_cons: 94.18845439920469
finished_reconf: true
global_termination_time: 959180.889
local_termination_time: 345987.3523600001
node_cons: 19693.91956000004
tot_aggregated_send: 13804
tot_msg_rcv: 169
tot_msg_sent: 343
tot_reconf_duration: 7.819999999999999
tot_sleeping_duration: 944480.889
tot_uptimes: 246
tot_uptimes_duration: 14700.0
