comms_cons: 37.92250880020078
finished_reconf: true
global_termination_time: 386628.469
local_termination_time: 17518.760000000002
node_cons: 7973.685492522758
tot_aggregated_send: 5561
tot_msg_rcv: 33
tot_msg_sent: 170
tot_reconf_duration: 13.17
tot_sleeping_duration: 380686.8703199979
tot_uptimes: 100
tot_uptimes_duration: 5941.598680002053
