comms_cons: 38.652800000303685
finished_reconf: true
global_termination_time: 389822.264
local_termination_time: 46516.76336000002
node_cons: 7959.621620000019
tot_aggregated_send: 5452
tot_msg_rcv: 137
tot_msg_sent: 286
tot_reconf_duration: 4.390000000000001
tot_sleeping_duration: 383882.264
tot_uptimes: 100
tot_uptimes_duration: 5940.0
