comms_cons: 74.06856959664037
finished_reconf: true
global_termination_time: 711770.152
local_termination_time: 16250.702120000002
node_cons: 14626.12776895999
tot_aggregated_send: 8932
tot_msg_rcv: 691
tot_msg_sent: 1635
tot_reconf_duration: 3.08
tot_sleeping_duration: 700850.1033600001
tot_uptimes: 183
tot_uptimes_duration: 10920.048639999979
