comms_cons: 140.93408637056388
finished_reconf: true
global_termination_time: 711642.302
local_termination_time: 2339.5743600000005
node_cons: 14632.890643359717
tot_aggregated_send: 0
tot_msg_rcv: 10856
tot_msg_sent: 10563
tot_reconf_duration: 8.09
tot_sleeping_duration: 700722.2837600003
tot_uptimes: 183
tot_uptimes_duration: 10920.018239999772
