comms_cons: 70.81976319879684
finished_reconf: true
global_termination_time: 711064.163
local_termination_time: 311529.971
node_cons: 14639.05596335972
tot_aggregated_send: 9905
tot_msg_rcv: 217
tot_msg_sent: 643
tot_reconf_duration: 12.629999999999999
tot_sleeping_duration: 700144.1447600002
tot_uptimes: 183
tot_uptimes_duration: 10920.018239999772
