comms_cons: 72.21329919795102
finished_reconf: true
global_termination_time: 714074.181
local_termination_time: 115379.72943999962
node_cons: 14647.30716448348
tot_aggregated_send: 9628
tot_msg_rcv: 431
tot_msg_sent: 917
tot_reconf_duration: 18.700000000000003
tot_sleeping_duration: 703154.1566799975
tot_uptimes: 183
tot_uptimes_duration: 10920.024320002572
