comms_cons: 71.43037440029366
finished_reconf: true
global_termination_time: 712893.156
local_termination_time: 664196.4868399998
node_cons: 14626.046323364375
tot_aggregated_send: 9918
tot_msg_rcv: 300
tot_msg_sent: 639
tot_reconf_duration: 3.05
tot_sleeping_duration: 701973.1377599968
tot_uptimes: 183
tot_uptimes_duration: 10920.018240003206
