comms_cons: 282.4375872146437
finished_reconf: false
global_termination_time: 2808941.471
local_termination_time: 0
node_cons: 57844.82442334978
tot_aggregated_send: 39150
tot_msg_rcv: 1165
tot_msg_sent: 2613
tot_reconf_duration: 0
tot_sleeping_duration: 2765741.4527600068
tot_uptimes: 720
tot_uptimes_duration: 43200.01823999314
