comms_cons: 284.98462721645535
finished_reconf: true
global_termination_time: 2807941.83
local_termination_time: 2429789.04536
node_cons: 57855.81878446705
tot_aggregated_send: 38570
tot_msg_rcv: 1557
tot_msg_sent: 3189
tot_reconf_duration: 8.09
tot_sleeping_duration: 2764741.805680009
tot_uptimes: 720
tot_uptimes_duration: 43200.02431999124
