comms_cons: 271.7572096061609
finished_reconf: true
global_termination_time: 2749991.806
local_termination_time: 1515389.86736
node_cons: 56593.72554111591
tot_aggregated_send: 39904
tot_msg_rcv: 496
tot_msg_sent: 905
tot_reconf_duration: 25.299999999999997
tot_sleeping_duration: 2707751.799920002
tot_uptimes: 705
tot_uptimes_duration: 42240.006079997635
