comms_cons: 271.57416319449555
finished_reconf: true
global_termination_time: 2748720.131
local_termination_time: 1366264.219
node_cons: 56523.71987351329
tot_aggregated_send: 39786
tot_msg_rcv: 507
tot_msg_sent: 984
tot_reconf_duration: 18.700000000000003
tot_sleeping_duration: 2706525.7133200048
tot_uptimes: 704
tot_uptimes_duration: 42194.41767999553
