comms_cons: 84.0524159979608
finished_reconf: true
global_termination_time: 845588.647
local_termination_time: 445706.4753600001
node_cons: 17374.304284481183
tot_aggregated_send: 10846
tot_msg_rcv: 696
tot_msg_sent: 1237
tot_reconf_duration: 15.34
tot_sleeping_duration: 832628.6226799991
tot_uptimes: 217
tot_uptimes_duration: 12960.02432000084
