comms_cons: 210.04816638616617
finished_reconf: true
global_termination_time: 2099690.3720399993
local_termination_time: 2099690.330919999
node_cons: 43212.64478791807
tot_aggregated_send: 29740
tot_msg_rcv: 772
tot_msg_sent: 1414
tot_reconf_duration: 24.59
tot_sleeping_duration: 2067442.9847600001
tot_uptimes: 538
tot_uptimes_duration: 32247.387279999093
