comms_cons: 213.4524415754378
finished_reconf: true
global_termination_time: 2099690.784239997
local_termination_time: 7005.83448
node_cons: 43186.409747178324
tot_aggregated_send: 28536
tot_msg_rcv: 1474
tot_msg_sent: 2433
tot_reconf_duration: 18.21
tot_sleeping_duration: 2067456.519440013
tot_uptimes: 538
tot_uptimes_duration: 32234.264799984114
