comms_cons: 282.08445420147603
finished_reconf: true
global_termination_time: 2100327.285
local_termination_time: 695175.1114799998
node_cons: 43149.12012111651
tot_aggregated_send: 0
tot_msg_rcv: 21585
tot_msg_sent: 21291
tot_reconf_duration: 4.8100000000000005
tot_sleeping_duration: 2068107.2789200025
tot_uptimes: 538
tot_uptimes_duration: 32220.006079997635
