comms_cons: 27.573568001011306
finished_reconf: true
global_termination_time: 196409.3594400002
local_termination_time: 196409.3183200002
node_cons: 4096.174261846366
tot_aggregated_send: 1102
tot_msg_rcv: 1242
tot_msg_sent: 1847
tot_reconf_duration: 37.410000000000004
tot_sleeping_duration: 193388.17087999548
tot_uptimes: 51
tot_uptimes_duration: 3021.1885600047444
