comms_cons: 19.771123199920332
finished_reconf: true
global_termination_time: 201763.68
local_termination_time: 108550.652
node_cons: 4111.521063679251
tot_aggregated_send: 2840
tot_msg_rcv: 54
tot_msg_sent: 111
tot_reconf_duration: 9.42
tot_sleeping_duration: 198702.64288000055
tot_uptimes: 52
tot_uptimes_duration: 3061.0371199994406
