comms_cons: 21.204761599893367
finished_reconf: true
global_termination_time: 200533.392
local_termination_time: 100365.01847999997
node_cons: 4107.959560000012
tot_aggregated_send: 2668
tot_msg_rcv: 268
tot_msg_sent: 286
tot_reconf_duration: 7.819999999999999
tot_sleeping_duration: 197473.392
tot_uptimes: 52
tot_uptimes_duration: 3060.0
