comms_cons: 410.9196032560456
finished_reconf: true
global_termination_time: 4074721.85848
local_termination_time: 4074721.8173599998
node_cons: 83863.90333659743
tot_aggregated_send: 56698
tot_msg_rcv: 1961
tot_msg_sent: 3797
tot_reconf_duration: 37.410000000000004
tot_sleeping_duration: 4012128.05672003
tot_uptimes: 1044
tot_uptimes_duration: 62593.801759970025
