comms_cons: 409.39534085846634
finished_reconf: true
global_termination_time: 4077373.202
local_termination_time: 269738.5790000005
node_cons: 83899.78687340603
tot_aggregated_send: 57072
tot_msg_rcv: 1673
tot_msg_sent: 3479
tot_reconf_duration: 18.21
tot_sleeping_duration: 4014733.129040024
tot_uptimes: 1045
tot_uptimes_duration: 62640.07295997621
