comms_cons: 402.9357312170145
finished_reconf: true
global_termination_time: 4076972.344
local_termination_time: 1254930.6061599983
node_cons: 83879.17520446543
tot_aggregated_send: 56782
tot_msg_rcv: 1428
tot_msg_sent: 3034
tot_reconf_duration: 3.08
tot_sleeping_duration: 4014332.3196800095
tot_uptimes: 1045
tot_uptimes_duration: 62640.024319990654
