comms_cons: 406.80798083026275
finished_reconf: true
global_termination_time: 4076206.771
local_termination_time: 1119883.70348
node_cons: 83807.03208558277
tot_aggregated_send: 55796
tot_msg_rcv: 1974
tot_msg_sent: 4061
tot_reconf_duration: 9.11
tot_sleeping_duration: 4013626.740600012
tot_uptimes: 1044
tot_uptimes_duration: 62580.03039998864
