comms_cons: 407.41038085941665
finished_reconf: true
global_termination_time: 4078020.214
local_termination_time: 650408.2813599999
node_cons: 83879.18331116874
tot_aggregated_send: 57188
tot_msg_rcv: 1570
tot_msg_sent: 3166
tot_reconf_duration: 3.05
tot_sleeping_duration: 4015380.153200022
tot_uptimes: 1045
tot_uptimes_duration: 62640.06079997821
