comms_cons: 43.68588800069994
finished_reconf: true
global_termination_time: 427219.074
local_termination_time: 264450.00796000013
node_cons: 8765.522613762532
tot_aggregated_send: 5742
tot_msg_rcv: 318
tot_msg_sent: 581
tot_reconf_duration: 6.22
tot_sleeping_duration: 420679.0621599981
tot_uptimes: 110
tot_uptimes_duration: 6540.011840001913
