comms_cons: 57.40352000091902
finished_reconf: true
global_termination_time: 557424.49
local_termination_time: 163229.33560000008
node_cons: 11418.923983364277
tot_aggregated_send: 7366
tot_msg_rcv: 491
tot_msg_sent: 868
tot_reconf_duration: 7.819999999999999
tot_sleeping_duration: 548904.4717599968
tot_uptimes: 143
tot_uptimes_duration: 8520.018240003206
