comms_cons: 57.00218879974529
finished_reconf: true
global_termination_time: 559106.535
local_termination_time: 272822.82472000056
node_cons: 11497.074901121408
tot_aggregated_send: 7656
tot_msg_rcv: 372
tot_msg_sent: 636
tot_reconf_duration: 6.22
tot_sleeping_duration: 550526.528919999
tot_uptimes: 144
tot_uptimes_duration: 8580.006080001069
