comms_cons: 2296.549306211295
finished_reconf: true
global_termination_time: 7870466.197799998
local_termination_time: 7870466.156679998
node_cons: 321737.3216792068
tot_aggregated_send: 0
tot_msg_rcv: 116903
tot_msg_sent: 232160
tot_reconf_duration: 37.410000000000004
tot_sleeping_duration: 7630222.345
tot_uptimes: 3978
tot_uptimes_duration: 240243.85279999842
