comms_cons: 1549.9822767245687
finished_reconf: true
global_termination_time: 7870466.797799996
local_termination_time: 3374.7264800000003
node_cons: 161979.69991389188
tot_aggregated_send: 0
tot_msg_rcv: 118675
tot_msg_sent: 116909
tot_reconf_duration: 18.21
tot_sleeping_duration: 7749514.616520014
tot_uptimes: 2016
tot_uptimes_duration: 120952.18127998314
