comms_cons: 783.3312065537971
finished_reconf: true
global_termination_time: 7870942.936
local_termination_time: 2773053.04836
node_cons: 161906.00499004824
tot_aggregated_send: 109678
tot_msg_rcv: 3356
tot_msg_sent: 6027
tot_reconf_duration: 15.34
tot_sleeping_duration: 7750042.88128002
tot_uptimes: 2016
tot_uptimes_duration: 120900.05471998057
