comms_cons: 786.6204226224559
finished_reconf: true
global_termination_time: 7871384.657
local_termination_time: 2914110.62536
node_cons: 161892.11535228314
tot_aggregated_send: 108054
tot_msg_rcv: 3805
tot_msg_sent: 7702
tot_reconf_duration: 5.1
tot_sleeping_duration: 7750484.590120023
tot_uptimes: 2016
tot_uptimes_duration: 120900.06687997654
