comms_cons: 781.3060866014484
finished_reconf: true
global_termination_time: 7872564.555
local_termination_time: 3258604.3274399983
node_cons: 161983.38184781434
tot_aggregated_send: 108866
tot_msg_rcv: 3438
tot_msg_sent: 6450
tot_reconf_duration: 13.17
tot_sleeping_duration: 7751604.512440015
tot_uptimes: 2017
tot_uptimes_duration: 120960.04255998507
