comms_cons: 787.9203202303063
finished_reconf: true
global_termination_time: 7871693.956
local_termination_time: 848932.3614799998
node_cons: 161891.15931339926
tot_aggregated_send: 109040
tot_msg_rcv: 3546
tot_msg_sent: 7173
tot_reconf_duration: 4.390000000000001
tot_sleeping_duration: 7750793.883040027
tot_uptimes: 2016
tot_uptimes_duration: 120900.07295997371
