comms_cons: 792.1919106532164
finished_reconf: true
global_termination_time: 7871996.071
local_termination_time: 1129350.8393199984
node_cons: 161889.34773451582
tot_aggregated_send: 108286
tot_msg_rcv: 4218
tot_msg_sent: 7904
tot_reconf_duration: 3.05
tot_sleeping_duration: 7751095.991960029
tot_uptimes: 2016
tot_uptimes_duration: 120900.07903997134
