comms_cons: 58.246284800502885
finished_reconf: true
global_termination_time: 604312.42
local_termination_time: 158503.04136000006
node_cons: 12403.13498224287
tot_aggregated_send: 7598
tot_msg_rcv: 457
tot_msg_sent: 799
tot_reconf_duration: 22.65
tot_sleeping_duration: 595072.4078399979
tot_uptimes: 155
tot_uptimes_duration: 9240.012160002138
