comms_cons: 59.34438400051141
finished_reconf: true
global_termination_time: 603145.114
local_termination_time: 207115.46080000026
node_cons: 12379.932201121457
tot_aggregated_send: 8526
tot_msg_rcv: 146
tot_msg_sent: 348
tot_reconf_duration: 5.57
tot_sleeping_duration: 593905.1079199989
tot_uptimes: 155
tot_uptimes_duration: 9240.006080001069
