comms_cons: 59.225958400679644
finished_reconf: true
global_termination_time: 604341.94
local_termination_time: 207114.58348000006
node_cons: 12379.302082242886
tot_aggregated_send: 8294
tot_msg_rcv: 241
tot_msg_sent: 467
tot_reconf_duration: 5.1
tot_sleeping_duration: 595101.9278399978
tot_uptimes: 155
tot_uptimes_duration: 9240.012160002138
