comms_cons: 56.848729600573286
finished_reconf: true
global_termination_time: 601906.752
local_termination_time: 168213.55848000004
node_cons: 12382.995842242848
tot_aggregated_send: 7424
tot_msg_rcv: 343
tot_msg_sent: 873
tot_reconf_duration: 7.819999999999999
tot_sleeping_duration: 592666.7398399978
tot_uptimes: 155
tot_uptimes_duration: 9240.012160002138
