comms_cons: 210.71861759463837
finished_reconf: true
global_termination_time: 2201100.365
local_termination_time: 911085.6417999985
node_cons: 45242.047701116426
tot_aggregated_send: 30682
tot_msg_rcv: 361
tot_msg_sent: 985
tot_reconf_duration: 7.819999999999999
tot_sleeping_duration: 2167320.358920003
tot_uptimes: 564
tot_uptimes_duration: 33780.006079997635
