comms_cons: 90.26250241089858
finished_reconf: true
global_termination_time: 385530.2137200002
local_termination_time: 1015.1434799999992
node_cons: 7920.164318259195
tot_aggregated_send: 0
tot_msg_rcv: 7962
tot_msg_sent: 5752
tot_reconf_duration: 18.21
tot_sleeping_duration: 379633.69755998586
tot_uptimes: 99
tot_uptimes_duration: 5896.516160014333
