comms_cons: 187.17420162244238
finished_reconf: true
global_termination_time: 385529.6137200001
local_termination_time: 385529.5726000001
node_cons: 23577.14547024404
tot_aggregated_send: 0
tot_msg_rcv: 11469
tot_msg_sent: 16978
tot_reconf_duration: 37.410000000000004
tot_sleeping_duration: 367959.5295599971
tot_uptimes: 289
tot_uptimes_duration: 17570.08416000298
