comms_cons: 347.4842047236674
finished_reconf: true
global_termination_time: 719469.6915599995
local_termination_time: 719469.6504399995
node_cons: 43675.85657332168
tot_aggregated_send: 0
tot_msg_rcv: 21335
tot_msg_sent: 31480
tot_reconf_duration: 24.59
tot_sleeping_duration: 686876.365679998
tot_uptimes: 535
tot_uptimes_duration: 32593.32588000156
