comms_cons: 141.95745276933283
finished_reconf: true
global_termination_time: 721214.597
local_termination_time: 2532.06048
node_cons: 14813.343123355116
tot_aggregated_send: 0
tot_msg_rcv: 10913
tot_msg_sent: 10663
tot_reconf_duration: 22.65
tot_sleeping_duration: 710174.5787600036
tot_uptimes: 185
tot_uptimes_duration: 11040.018239996338
