comms_cons: 70.47639040045307
finished_reconf: true
global_termination_time: 719799.437
local_termination_time: 565879.26136
node_cons: 14791.00676000014
tot_aggregated_send: 10266
tot_msg_rcv: 207
tot_msg_sent: 239
tot_reconf_duration: 6.22
tot_sleeping_duration: 708759.437
tot_uptimes: 185
tot_uptimes_duration: 11040.0
