comms_cons: 71.84486399987647
finished_reconf: true
global_termination_time: 720142.939
local_termination_time: 378943.4258000007
node_cons: 14797.918980000019
tot_aggregated_send: 10324
tot_msg_rcv: 258
tot_msg_sent: 338
tot_reconf_duration: 11.31
tot_sleeping_duration: 709102.939
tot_uptimes: 185
tot_uptimes_duration: 11040.0
