comms_cons: 434.507449671969
finished_reconf: true
global_termination_time: 4327547.85148
local_termination_time: 4327547.81036
node_cons: 89086.01147771037
tot_aggregated_send: 60758
tot_msg_rcv: 1779
tot_msg_sent: 3505
tot_reconf_duration: 37.410000000000004
tot_sleeping_duration: 4261054.043640035
tot_uptimes: 1109
tot_uptimes_duration: 66493.80783996492
