comms_cons: 427.5682752334934
finished_reconf: true
global_termination_time: 4332862.369
local_termination_time: 1570284.32136
node_cons: 89108.11134893396
tot_aggregated_send: 59972
tot_msg_rcv: 1586
tot_msg_sent: 3428
tot_reconf_duration: 8.09
tot_sleeping_duration: 4266322.320360017
tot_uptimes: 1110
tot_uptimes_duration: 66540.04863998224
