comms_cons: 420.1260096236705
finished_reconf: true
global_termination_time: 4329514.902
local_termination_time: 2672426.0493199998
node_cons: 89032.10340334882
tot_aggregated_send: 59740
tot_msg_rcv: 1449
tot_msg_sent: 2667
tot_reconf_duration: 11.31
tot_sleeping_duration: 4263034.883760006
tot_uptimes: 1109
tot_uptimes_duration: 66480.01823999337
