comms_cons: 69.04870400008575
finished_reconf: true
global_termination_time: 699163.531
local_termination_time: 125452.827
node_cons: 14413.054857839486
tot_aggregated_send: 10034
tot_msg_rcv: 189
tot_msg_sent: 272
tot_reconf_duration: 22.65
tot_sleeping_duration: 688422.4584400003
tot_uptimes: 180
tot_uptimes_duration: 10741.072559999593
