comms_cons: 68.21314559944501
finished_reconf: true
global_termination_time: 698293.859
local_termination_time: 616061.5233599999
node_cons: 14308.08405999995
tot_aggregated_send: 10034
tot_msg_rcv: 153
tot_msg_sent: 181
tot_reconf_duration: 5.57
tot_sleeping_duration: 687613.859
tot_uptimes: 179
tot_uptimes_duration: 10680.0
