comms_cons: 69.81022079994362
finished_reconf: true
global_termination_time: 699543.52
local_termination_time: 158008.86448000005
node_cons: 14385.001900000005
tot_aggregated_send: 9918
tot_msg_rcv: 230
tot_msg_sent: 462
tot_reconf_duration: 3.05
tot_sleeping_duration: 688803.52
tot_uptimes: 180
tot_uptimes_duration: 10740.0
