comms_cons: 69.81847039950006
finished_reconf: true
global_termination_time: 700792.91
local_termination_time: 119786.57035999997
node_cons: 14391.47956000003
tot_aggregated_send: 9918
tot_msg_rcv: 237
tot_msg_sent: 457
tot_reconf_duration: 7.819999999999999
tot_sleeping_duration: 690052.91
tot_uptimes: 180
tot_uptimes_duration: 10740.0
