comms_cons: 212.17919999678506
finished_reconf: true
global_termination_time: 2183873.892
local_termination_time: 1661691.0522799983
node_cons: 44917.624059999616
tot_aggregated_send: 31842
tot_msg_rcv: 128
tot_msg_sent: 280
tot_reconf_duration: 5.57
tot_sleeping_duration: 2150333.892
tot_uptimes: 560
tot_uptimes_duration: 33540.0
