comms_cons: 175.00195842003626
finished_reconf: true
global_termination_time: 362230.0439600002
local_termination_time: 3066.853480000002
node_cons: 21964.35162136266
tot_aggregated_send: 0
tot_msg_rcv: 10769
tot_msg_sent: 15828
tot_reconf_duration: 18.21
tot_sleeping_duration: 345844.96371999825
tot_uptimes: 271
tot_uptimes_duration: 16385.080240001967
