comms_cons: 85.5106559979391
finished_reconf: true
global_termination_time: 874207.165
local_termination_time: 546325.2673599998
node_cons: 17940.549179999976
tot_aggregated_send: 11774
tot_msg_rcv: 424
tot_msg_sent: 799
tot_reconf_duration: 18.21
tot_sleeping_duration: 860827.165
tot_uptimes: 224
tot_uptimes_duration: 13380.0
