comms_cons: 88.272435195042
finished_reconf: true
global_termination_time: 870927.551
local_termination_time: 37248.950480000014
node_cons: 17922.76208223829
tot_aggregated_send: 11426
tot_msg_rcv: 640
tot_msg_sent: 1352
tot_reconf_duration: 5.1
tot_sleeping_duration: 857547.5388400013
tot_uptimes: 224
tot_uptimes_duration: 13380.012159998703
