comms_cons: 90.39911679620008
finished_reconf: true
global_termination_time: 871431.884
local_termination_time: 133215.38536000004
node_cons: 17931.21968559798
tot_aggregated_send: 11716
tot_msg_rcv: 807
tot_msg_sent: 1220
tot_reconf_duration: 11.31
tot_sleeping_duration: 858051.8536000014
tot_uptimes: 224
tot_uptimes_duration: 13380.030399998475
