comms_cons: 218.77078398142282
finished_reconf: true
global_termination_time: 2168917.7324799974
local_termination_time: 494158.97648000007
node_cons: 44634.00853876756
tot_aggregated_send: 30276
tot_msg_rcv: 1062
tot_msg_sent: 1912
tot_reconf_duration: 18.21
tot_sleeping_duration: 2135602.3632800216
tot_uptimes: 556
tot_uptimes_duration: 33315.36919997609
