comms_cons: 219.01498878522406
finished_reconf: true
global_termination_time: 2170710.353
local_termination_time: 1130240.663759998
node_cons: 44596.28848335012
tot_aggregated_send: 30102
tot_msg_rcv: 1099
tot_msg_sent: 2088
tot_reconf_duration: 5.57
tot_sleeping_duration: 2137410.334760007
tot_uptimes: 556
tot_uptimes_duration: 33300.0182399929
