comms_cons: 219.411622385659
finished_reconf: true
global_termination_time: 2169455.576
local_termination_time: 1112078.9873599997
node_cons: 44595.658364466675
tot_aggregated_send: 30160
tot_msg_rcv: 1156
tot_msg_sent: 2034
tot_reconf_duration: 5.1
tot_sleeping_duration: 2136155.5516800093
tot_uptimes: 556
tot_uptimes_duration: 33300.02431999054
