comms_cons: 218.1925887816947
finished_reconf: true
global_termination_time: 2170411.568
local_termination_time: 545013.62536
node_cons: 44619.531970051066
tot_aggregated_send: 29928
tot_msg_rcv: 984
tot_msg_sent: 2252
tot_reconf_duration: 22.65
tot_sleeping_duration: 2137111.513280021
tot_uptimes: 556
tot_uptimes_duration: 33300.05471997871
