comms_cons: 94.51644159485302
finished_reconf: true
global_termination_time: 935166.286
local_termination_time: 518565.66636000003
node_cons: 19219.161142233672
tot_aggregated_send: 12818
tot_msg_rcv: 510
tot_msg_sent: 1038
tot_reconf_duration: 13.17
tot_sleeping_duration: 920826.2738400047
tot_uptimes: 240
tot_uptimes_duration: 14340.012159995269
