comms_cons: 97.07609599025757
finished_reconf: true
global_termination_time: 936817.957
local_termination_time: 501890.9363200007
node_cons: 19212.319490051552
tot_aggregated_send: 11890
tot_msg_rcv: 1000
tot_msg_sent: 1865
tot_reconf_duration: 8.09
tot_sleeping_duration: 922477.9022800213
tot_uptimes: 240
tot_uptimes_duration: 14340.05471997871
