comms_cons: 96.18692479485108
finished_reconf: true
global_termination_time: 934527.956
local_termination_time: 564534.230999999
node_cons: 19213.672085584167
tot_aggregated_send: 12006
tot_msg_rcv: 928
tot_msg_sent: 1685
tot_reconf_duration: 9.11
tot_sleeping_duration: 920187.9256000118
tot_uptimes: 240
tot_uptimes_duration: 14340.030399988173
