comms_cons: 94.95759359714793
finished_reconf: true
global_termination_time: 933961.621
local_termination_time: 362534.6684800001
node_cons: 19232.034982242923
tot_aggregated_send: 12586
tot_msg_rcv: 626
tot_msg_sent: 1221
tot_reconf_duration: 22.65
tot_sleeping_duration: 919621.6088399979
tot_uptimes: 240
tot_uptimes_duration: 14340.012160002138
