comms_cons: 94.28947199744717
finished_reconf: true
global_termination_time: 934710.142
local_termination_time: 627514.7943999982
node_cons: 19218.427822233698
tot_aggregated_send: 12934
tot_msg_rcv: 479
tot_msg_sent: 919
tot_reconf_duration: 12.629999999999999
tot_sleeping_duration: 920370.1298400047
tot_uptimes: 240
tot_uptimes_duration: 14340.012159995269
