comms_cons: 96.57012479559522
finished_reconf: true
global_termination_time: 936588.787
local_termination_time: 600402.3395999998
node_cons: 19207.22976111688
tot_aggregated_send: 12412
tot_msg_rcv: 817
tot_msg_sent: 1449
tot_reconf_duration: 4.390000000000001
tot_sleeping_duration: 922248.7809200024
tot_uptimes: 240
tot_uptimes_duration: 14340.006079997635
