comms_cons: 2.162611199992995
finished_reconf: true
global_termination_time: 14688.32048
local_termination_time: 14688.27936
node_cons: 292.7635187200022
tot_aggregated_send: 0
tot_msg_rcv: 159
tot_msg_sent: 168
tot_reconf_duration: 24.59
tot_sleeping_duration: 14494.615999999998
tot_uptimes: 4
tot_uptimes_duration: 193.70448000000044
