comms_cons: 112.74211199393346
finished_reconf: true
global_termination_time: 1073434.955
local_termination_time: 26741.41252
node_cons: 22020.82989455336
tot_aggregated_send: 13630
tot_msg_rcv: 1230
tot_msg_sent: 2278
tot_reconf_duration: 5.57
tot_sleeping_duration: 1056994.875960005
tot_uptimes: 275
tot_uptimes_duration: 16440.07903999502
