comms_cons: 111.03622398698424
finished_reconf: true
global_termination_time: 1072654.116
local_termination_time: 375890.7745600002
node_cons: 22021.696312298944
tot_aggregated_send: 14036
tot_msg_rcv: 974
tot_msg_sent: 1867
tot_reconf_duration: 6.22
tot_sleeping_duration: 1056214.0491200157
tot_uptimes: 275
tot_uptimes_duration: 16440.066879984282
