comms_cons: 445.1755328580784
finished_reconf: true
global_termination_time: 4403659.355359998
local_termination_time: 18573.384480000004
node_cons: 90572.25696243705
tot_aggregated_send: 61248
tot_msg_rcv: 2285
tot_msg_sent: 4131
tot_reconf_duration: 6.279999999999999
tot_sleeping_duration: 4336024.009040028
tot_uptimes: 1128
tot_uptimes_duration: 67635.34631996974
