comms_cons: 442.3952576872957
finished_reconf: true
global_termination_time: 4404853.94
local_termination_time: 1282655.77636
node_cons: 90634.58763116786
tot_aggregated_send: 61596
tot_msg_rcv: 1812
tot_msg_sent: 3830
tot_reconf_duration: 8.09
tot_sleeping_duration: 4337173.879200023
tot_uptimes: 1129
tot_uptimes_duration: 67680.06079997774
