comms_cons: 447.73287691654036
finished_reconf: true
global_termination_time: 4407510.768
local_termination_time: 2563090.0553599996
node_cons: 90638.41452334829
tot_aggregated_send: 60320
tot_msg_rcv: 2632
tot_msg_sent: 5100
tot_reconf_duration: 10.95
tot_sleeping_duration: 4339830.749760007
tot_uptimes: 1129
tot_uptimes_duration: 67680.01823999337
