comms_cons: 441.952428846168
finished_reconf: true
global_termination_time: 4408407.766
local_termination_time: 1505222.5495999998
node_cons: 90634.20468893355
tot_aggregated_send: 61886
tot_msg_rcv: 1746
tot_msg_sent: 3543
tot_reconf_duration: 7.819999999999999
tot_sleeping_duration: 4340727.717360018
tot_uptimes: 1129
tot_uptimes_duration: 67680.04863998201
