comms_cons: 580.6606721002097
finished_reconf: true
global_termination_time: 5762628.527
local_termination_time: 121570.94735999998
node_cons: 118508.53163452132
tot_aggregated_send: 80446
tot_msg_rcv: 2695
tot_msg_sent: 5115
tot_reconf_duration: 5.1
tot_sleeping_duration: 5674128.447960027
tot_uptimes: 1476
tot_uptimes_duration: 88500.07903997385
