comms_cons: 582.6096385590749
finished_reconf: true
global_termination_time: 5766112.342
local_termination_time: 1001775.9019599976
node_cons: 118592.90763116648
tot_aggregated_send: 79634
tot_msg_rcv: 2940
tot_msg_sent: 5980
tot_reconf_duration: 8.09
tot_sleeping_duration: 5677552.281200022
tot_uptimes: 1477
tot_uptimes_duration: 88560.06079997774
