comms_cons: 582.7519169460072
finished_reconf: true
global_termination_time: 5763045.214
local_termination_time: 2442957.5688799983
node_cons: 118515.59590325099
tot_aggregated_send: 79808
tot_msg_rcv: 3022
tot_msg_sent: 5743
tot_reconf_duration: 9.42
tot_sleeping_duration: 5674544.24048002
tot_uptimes: 1476
tot_uptimes_duration: 88500.97351998067
