comms_cons: 582.8415617458103
finished_reconf: true
global_termination_time: 5763285.434
local_termination_time: 2700026.01036
node_cons: 118526.95158781567
tot_aggregated_send: 79866
tot_msg_rcv: 3046
tot_msg_sent: 5676
tot_reconf_duration: 18.700000000000003
tot_sleeping_duration: 5674785.391440016
tot_uptimes: 1476
tot_uptimes_duration: 88500.04255998437
