comms_cons: 569.5053760952675
finished_reconf: true
global_termination_time: 5761733.925
local_termination_time: 2066699.1544799996
node_cons: 118505.69074669863
tot_aggregated_send: 80040
tot_msg_rcv: 1986
tot_msg_sent: 4533
tot_reconf_duration: 3.05
tot_sleeping_duration: 5673233.888520013
tot_uptimes: 1476
tot_uptimes_duration: 88500.03647998697
