comms_cons: 136.4394496125721
finished_reconf: true
global_termination_time: 282058.77484000067
local_termination_time: 1416.6710400000015
node_cons: 17191.444612359224
tot_aggregated_send: 0
tot_msg_rcv: 8366
tot_msg_sent: 12371
tot_reconf_duration: 18.21
tot_sleeping_duration: 269238.2256000013
tot_uptimes: 211
tot_uptimes_duration: 12820.549239999402
