comms_cons: 29.632716800105726
finished_reconf: true
global_termination_time: 287820.136
local_termination_time: 59900.09636000001
node_cons: 5868.970041119162
tot_aggregated_send: 3770
tot_msg_rcv: 271
tot_msg_sent: 463
tot_reconf_duration: 3.05
tot_sleeping_duration: 283440.1299200006
tot_uptimes: 74
tot_uptimes_duration: 4380.006079999366
