comms_cons: 29.808012800372587
finished_reconf: true
global_termination_time: 283077.027
local_termination_time: 22198.51756
node_cons: 5792.934901119153
tot_aggregated_send: 3712
tot_msg_rcv: 356
tot_msg_sent: 462
tot_reconf_duration: 6.22
tot_sleeping_duration: 278757.0209200007
tot_uptimes: 73
tot_uptimes_duration: 4320.006079999366
