comms_cons: 205.68599678062736
finished_reconf: true
global_termination_time: 2025567.143
local_termination_time: 193479.44336000006
node_cons: 41730.87438782671
tot_aggregated_send: 27724
tot_msg_rcv: 1176
tot_msg_sent: 2363
tot_reconf_duration: 25.299999999999997
tot_sleeping_duration: 1994427.1004400095
tot_uptimes: 519
tot_uptimes_duration: 31140.04255999031
