comms_cons: 40.74559360048439
finished_reconf: true
global_termination_time: 400918.669
local_termination_time: 29397.04408
node_cons: 8220.082741121436
tot_aggregated_send: 5336
tot_msg_rcv: 292
tot_msg_sent: 565
tot_reconf_duration: 18.700000000000003
tot_sleeping_duration: 394798.6629199989
tot_uptimes: 103
tot_uptimes_duration: 6120.006080001069
