comms_cons: 13.028070399561635
finished_reconf: true
global_termination_time: 97953.994
local_termination_time: 45126.8541200001
node_cons: 2026.433706717185
tot_aggregated_send: 638
tot_msg_rcv: 536
tot_msg_sent: 806
tot_reconf_duration: 13.17
tot_sleeping_duration: 96453.9575200021
tot_uptimes: 26
tot_uptimes_duration: 1500.0364799978997
