comms_cons: 11.0076287999062
finished_reconf: true
global_termination_time: 95128.213
local_termination_time: 44247.08936000001
node_cons: 1948.7038033597341
tot_aggregated_send: 696
tot_msg_rcv: 350
tot_msg_sent: 628
tot_reconf_duration: 15.110000000000001
tot_sleeping_duration: 93688.1947600002
tot_uptimes: 25
tot_uptimes_duration: 1440.0182399998012
