comms_cons: 12.736793599795766
finished_reconf: true
global_termination_time: 95066.905
local_termination_time: 30763.76208
node_cons: 1945.3685278371925
tot_aggregated_send: 522
tot_msg_rcv: 547
tot_msg_sent: 868
tot_reconf_duration: 12.629999999999999
tot_sleeping_duration: 93626.86244000209
tot_uptimes: 25
tot_uptimes_duration: 1440.0425599979062
