comms_cons: 12.009548799754853
finished_reconf: true
global_termination_time: 98497.384
local_termination_time: 16044.197880000005
node_cons: 2033.9271644806001
tot_aggregated_send: 580
tot_msg_rcv: 458
tot_msg_sent: 790
tot_reconf_duration: 18.700000000000003
tot_sleeping_duration: 96997.35967999956
tot_uptimes: 26
tot_uptimes_duration: 1500.024320000448
