comms_cons: 12.949747199881987
finished_reconf: true
global_termination_time: 98463.873
local_termination_time: 40345.91136000001
node_cons: 2024.6683411191525
tot_aggregated_send: 638
tot_msg_rcv: 636
tot_msg_sent: 696
tot_reconf_duration: 11.899999999999999
tot_sleeping_duration: 96963.86692000064
tot_uptimes: 26
tot_uptimes_duration: 1500.0060799993662
