comms_cons: 11.15299840007761
finished_reconf: true
global_termination_time: 96504.522
local_termination_time: 40301.058400000074
node_cons: 1934.71640335859
tot_aggregated_send: 870
tot_msg_rcv: 295
tot_msg_sent: 531
tot_reconf_duration: 4.8100000000000005
tot_sleeping_duration: 95064.50376000105
tot_uptimes: 25
tot_uptimes_duration: 1440.0182399989499
