comms_cons: 12.74604799977856
finished_reconf: true
global_termination_time: 96510.026
local_termination_time: 12494.46636
node_cons: 1934.1379022402984
tot_aggregated_send: 696
tot_msg_rcv: 539
tot_msg_sent: 701
tot_reconf_duration: 4.390000000000001
tot_sleeping_duration: 95070.01383999977
tot_uptimes: 25
tot_uptimes_duration: 1440.012160000224
