comms_cons: 74.21525760559837
finished_reconf: true
global_termination_time: 255246.48448000016
local_termination_time: 2096.1540400000013
node_cons: 10408.989351720227
tot_aggregated_send: 0
tot_msg_rcv: 3783
tot_msg_sent: 7496
tot_reconf_duration: 4.390000000000001
tot_sleeping_duration: 247477.233
tot_uptimes: 129
tot_uptimes_duration: 7769.251480000159
