comms_cons: 89.77940479784634
finished_reconf: true
global_termination_time: 893144.555
local_termination_time: 60000.142360000005
node_cons: 18324.092685604897
tot_aggregated_send: 12064
tot_msg_rcv: 465
tot_msg_sent: 1116
tot_reconf_duration: 4.8100000000000005
tot_sleeping_duration: 879464.5245999964
tot_uptimes: 229
tot_uptimes_duration: 13680.030400003641
