comms_cons: 89.39942399502104
finished_reconf: true
global_termination_time: 893466.321
local_termination_time: 617626.3523599998
node_cons: 18324.92650447646
tot_aggregated_send: 12238
tot_msg_rcv: 420
tot_msg_sent: 931
tot_reconf_duration: 5.43
tot_sleeping_duration: 879786.2966800026
tot_uptimes: 229
tot_uptimes_duration: 13680.024319997407
