comms_cons: 61.565951999723296
finished_reconf: true
global_termination_time: 591410.049
local_termination_time: 27803.012
node_cons: 12227.063403364305
tot_aggregated_send: 7830
tot_msg_rcv: 546
tot_msg_sent: 981
tot_reconf_duration: 11.31
tot_sleeping_duration: 582290.0307599967
tot_uptimes: 152
tot_uptimes_duration: 9120.018240003206
