comms_cons: 98.73530879473601
finished_reconf: true
global_termination_time: 969978.9618399977
local_termination_time: 969978.9618399977
node_cons: 20052.06772959327
tot_aggregated_send: 13442
tot_msg_rcv: 569
tot_msg_sent: 996
tot_reconf_duration: 24.59
tot_sleeping_duration: 955028.4954400026
tot_uptimes: 249
tot_uptimes_duration: 14950.46639999494
