comms_cons: 97.33418879682279
finished_reconf: true
global_termination_time: 973585.88
local_termination_time: 400216.7284400007
node_cons: 20011.618364476522
tot_aggregated_send: 13224
tot_msg_rcv: 520
tot_msg_sent: 1050
tot_reconf_duration: 5.1
tot_sleeping_duration: 958645.8556800026
tot_uptimes: 250
tot_uptimes_duration: 14940.024319997407
