comms_cons: 99.30719999377143
finished_reconf: true
global_termination_time: 973439.046
local_termination_time: 474809.56208000064
node_cons: 20011.2164033506
tot_aggregated_send: 13340
tot_msg_rcv: 653
tot_msg_sent: 1101
tot_reconf_duration: 4.8100000000000005
tot_sleeping_duration: 958499.027760007
tot_uptimes: 250
tot_uptimes_duration: 14940.018239992962
