comms_cons: 126.55091199568625
finished_reconf: true
global_termination_time: 1326066.022
local_termination_time: 397.41112
node_cons: 27243.26402446737
tot_aggregated_send: 18270
tot_msg_rcv: 273
tot_msg_sent: 692
tot_reconf_duration: 5.87
tot_sleeping_duration: 1305725.9976800096
tot_uptimes: 340
tot_uptimes_duration: 20340.024319990538
