comms_cons: 130.45939199299252
finished_reconf: true
global_termination_time: 1327393.097
local_termination_time: 6725.589000000002
node_cons: 27239.078647835122
tot_aggregated_send: 17976
tot_msg_rcv: 589
tot_msg_sent: 1264
tot_reconf_duration: 2.77
tot_sleeping_duration: 1307053.0544400038
tot_uptimes: 340
tot_uptimes_duration: 20340.042559996327
