comms_cons: 73.443615996448
finished_reconf: true
global_termination_time: 723743.233
local_termination_time: 341711.5878400006
node_cons: 14875.700501121391
tot_aggregated_send: 9918
tot_msg_rcv: 438
tot_msg_sent: 807
tot_reconf_duration: 9.42
tot_sleeping_duration: 712643.226919999
tot_uptimes: 186
tot_uptimes_duration: 11100.00608000104
