comms_cons: 247.2002815928918
finished_reconf: true
global_termination_time: 2532379.131
local_termination_time: 771222.9754799998
node_cons: 52081.151719999165
tot_aggregated_send: 36366
tot_msg_rcv: 403
tot_msg_sent: 804
tot_reconf_duration: 15.34
tot_sleeping_duration: 2493499.131
tot_uptimes: 649
tot_uptimes_duration: 38880.0
