comms_cons: 85.82566400035927
finished_reconf: true
global_termination_time: 871348.532
local_termination_time: 286766.33436000004
node_cons: 17922.351980000025
tot_aggregated_send: 12528
tot_msg_rcv: 160
tot_msg_sent: 357
tot_reconf_duration: 4.8100000000000005
tot_sleeping_duration: 857968.532
tot_uptimes: 224
tot_uptimes_duration: 13380.0
