comms_cons: 77.86483199971802
finished_reconf: true
global_termination_time: 789734.546
local_termination_time: 5189.502
node_cons: 16235.513442241463
tot_aggregated_send: 11421
tot_msg_rcv: 122
tot_msg_sent: 292
tot_reconf_duration: 5.02
tot_sleeping_duration: 777614.5338399989
tot_uptimes: 203
tot_uptimes_duration: 12120.012160001075
