comms_cons: 77.95161599982717
finished_reconf: true
global_termination_time: 790759.307
local_termination_time: 6561.836
node_cons: 16243.579962241745
tot_aggregated_send: 11473
tot_msg_rcv: 141
tot_msg_sent: 234
tot_reconf_duration: 10.96
tot_sleeping_duration: 778639.2948399987
tot_uptimes: 203
tot_uptimes_duration: 12120.012160001286
