comms_cons: 79.1089279983022
finished_reconf: true
global_termination_time: 789563.293
local_termination_time: 4299.7699999999995
node_cons: 16247.477422242884
tot_aggregated_send: 11180
tot_msg_rcv: 320
tot_msg_sent: 524
tot_reconf_duration: 13.83
tot_sleeping_duration: 777443.2808399978
tot_uptimes: 203
tot_uptimes_duration: 12120.012160002138
