comms_cons: 140.5770303718502
finished_reconf: true
global_termination_time: 712676.613
local_termination_time: 2682.8253600000003
node_cons: 14646.649885607176
tot_aggregated_send: 0
tot_msg_rcv: 10816
tot_msg_sent: 10548
tot_reconf_duration: 18.21
tot_sleeping_duration: 701756.5825999947
tot_uptimes: 183
tot_uptimes_duration: 10920.030400005344
