comms_cons: 70.13489920030945
finished_reconf: true
global_termination_time: 710993.3831200001
local_termination_time: 369369.5567200001
node_cons: 14654.192859680166
tot_aggregated_send: 10092
tot_msg_rcv: 156
tot_msg_sent: 413
tot_reconf_duration: 7.819999999999999
tot_sleeping_duration: 700057.182
tot_uptimes: 183
tot_uptimes_duration: 10936.2011200001
