comms_cons: 80.1271039972048
finished_reconf: true
global_termination_time: 792765.4200799987
local_termination_time: 792765.3789599987
node_cons: 16420.4698392019
tot_aggregated_send: 10588
tot_msg_rcv: 380
tot_msg_sent: 1210
tot_reconf_duration: 37.410000000000004
tot_sleeping_duration: 780540.1272799972
tot_uptimes: 204
tot_uptimes_duration: 12225.292800001393
