comms_cons: 79.78236799804839
finished_reconf: true
global_termination_time: 795871.442
local_termination_time: 405804.3874800001
node_cons: 16315.568262242883
tot_aggregated_send: 10556
tot_msg_rcv: 583
tot_msg_sent: 987
tot_reconf_duration: 4.8100000000000005
tot_sleeping_duration: 783691.4298399979
tot_uptimes: 204
tot_uptimes_duration: 12180.012160002138
