comms_cons: 80.97742079845068
finished_reconf: true
global_termination_time: 793210.32
local_termination_time: 445295.065
node_cons: 16336.846759596076
tot_aggregated_send: 10728
tot_msg_rcv: 545
tot_msg_sent: 1036
tot_reconf_duration: 18.700000000000003
tot_sleeping_duration: 781028.5036000028
tot_uptimes: 204
tot_uptimes_duration: 12181.8163999971
