comms_cons: 144.4732799980344
finished_reconf: true
global_termination_time: 1479611.727
local_termination_time: 897630.60436
node_cons: 30376.96676000017
tot_aggregated_send: 20938
tot_msg_rcv: 343
tot_msg_sent: 678
tot_reconf_duration: 6.22
tot_sleeping_duration: 1456931.727
tot_uptimes: 379
tot_uptimes_duration: 22680.0
