comms_cons: 0.743449600000117
finished_reconf: true
global_termination_time: 5341.221
local_termination_time: 129.38336000000004
node_cons: 87.90406000000002
tot_aggregated_send: 0
tot_msg_rcv: 59
tot_msg_sent: 53
tot_reconf_duration: 5.57
tot_sleeping_duration: 5281.221
tot_uptimes: 2
tot_uptimes_duration: 60.0
