comms_cons: 0.7631872000001142
finished_reconf: true
global_termination_time: 4638.565
local_termination_time: 70.04536
node_cons: 86.87198
tot_aggregated_send: 0
tot_msg_rcv: 62
tot_msg_sent: 54
tot_reconf_duration: 4.8100000000000005
tot_sleeping_duration: 4578.565
tot_uptimes: 2
tot_uptimes_duration: 59.99999999999999
