comms_cons: 131.39383039803553
finished_reconf: true
global_termination_time: 1353205.347
local_termination_time: 794308.5373599998
node_cons: 27808.62621999999
tot_aggregated_send: 19430
tot_msg_rcv: 140
tot_msg_sent: 401
tot_reconf_duration: 8.09
tot_sleeping_duration: 1332445.347
tot_uptimes: 347
tot_uptimes_duration: 20759.999999999993
