comms_cons: 134.20175359735092
finished_reconf: true
global_termination_time: 1350228.847
local_termination_time: 247328.49336000005
node_cons: 27734.451540000056
tot_aggregated_send: 19372
tot_msg_rcv: 399
tot_msg_sent: 627
tot_reconf_duration: 12.629999999999999
tot_sleeping_duration: 1329528.847
tot_uptimes: 346
tot_uptimes_duration: 20700.000000000004
