comms_cons: 134.04712959674288
finished_reconf: true
global_termination_time: 1349668.646
local_termination_time: 102645.20163999948
node_cons: 27721.441900000027
tot_aggregated_send: 19256
tot_msg_rcv: 378
tot_msg_sent: 740
tot_reconf_duration: 3.05
tot_sleeping_duration: 1328968.646
tot_uptimes: 346
tot_uptimes_duration: 20700.0
