comms_cons: 110.56345599310279
finished_reconf: true
global_termination_time: 1112353.14824
local_termination_time: 289245.0783600001
node_cons: 22860.36532383663
tot_aggregated_send: 15080
tot_msg_rcv: 536
tot_msg_sent: 1189
tot_reconf_duration: 18.21
tot_sleeping_duration: 1095298.9016800027
tot_uptimes: 285
tot_uptimes_duration: 17054.24655999744
