comms_cons: 111.09637119744451
finished_reconf: true
global_termination_time: 1116444.923
local_termination_time: 568159.6772799983
node_cons: 22905.444522233738
tot_aggregated_send: 15254
tot_msg_rcv: 480
tot_msg_sent: 1152
tot_reconf_duration: 6.279999999999999
tot_sleeping_duration: 1099344.9108400047
tot_uptimes: 286
tot_uptimes_duration: 17100.01215999527
