comms_cons: 93.9192959924492
finished_reconf: true
global_termination_time: 920737.271
local_termination_time: 6652.479
node_cons: 18883.71864783625
tot_aggregated_send: 12352
tot_msg_rcv: 740
tot_msg_sent: 1184
tot_reconf_duration: 2.77
tot_sleeping_duration: 906637.2284400028
tot_uptimes: 236
tot_uptimes_duration: 14100.042559997179
