comms_cons: 93.36445439463175
finished_reconf: true
global_termination_time: 920595.97136
local_termination_time: 5023.226
node_cons: 18908.42018247419
tot_aggregated_send: 12116
tot_msg_rcv: 663
tot_msg_sent: 1410
tot_reconf_duration: 5.87
tot_sleeping_duration: 906480.6250400043
tot_uptimes: 236
tot_uptimes_duration: 14115.346319995646
