comms_cons: 94.93889278823329
finished_reconf: true
global_termination_time: 922781.318
local_termination_time: 4081.355
node_cons: 18969.17550237118
tot_aggregated_send: 11654
tot_msg_rcv: 908
tot_msg_sent: 1868
tot_reconf_duration: 6.46
tot_sleeping_duration: 908621.1964000214
tot_uptimes: 237
tot_uptimes_duration: 14160.121599978462
