comms_cons: 94.58320639404593
finished_reconf: true
global_termination_time: 922709.903
local_termination_time: 5901.782
node_cons: 18965.465494557953
tot_aggregated_send: 11653
tot_msg_rcv: 898
tot_msg_sent: 1826
tot_reconf_duration: 3.77
tot_sleeping_duration: 908549.8239600016
tot_uptimes: 237
tot_uptimes_duration: 14160.079039998454
