comms_cons: 109.8456255920801
finished_reconf: true
global_termination_time: 1065582.784
local_termination_time: 443296.2222400009
node_cons: 21862.329672309676
tot_aggregated_send: 13746
tot_msg_rcv: 914
tot_msg_sent: 2035
tot_reconf_duration: 6.279999999999999
tot_sleeping_duration: 1049261.7971200077
tot_uptimes: 273
tot_uptimes_duration: 16320.986879992299
