comms_cons: 110.65993599341402
finished_reconf: true
global_termination_time: 1064760.416
local_termination_time: 536288.6585999997
node_cons: 21859.45464671019
tot_aggregated_send: 13978
tot_msg_rcv: 1038
tot_msg_sent: 1804
tot_reconf_duration: 5.1
tot_sleeping_duration: 1048440.3795200073
tot_uptimes: 273
tot_uptimes_duration: 16320.036479992676
