comms_cons: 108.91333119499707
finished_reconf: true
global_termination_time: 1069326.91
local_termination_time: 567582.6903999982
node_cons: 21982.72951006967
tot_aggregated_send: 14210
tot_msg_rcv: 840
tot_msg_sent: 1505
tot_reconf_duration: 25.299999999999997
tot_sleeping_duration: 1052935.2952800076
tot_uptimes: 274
tot_uptimes_duration: 16391.614719992212
