comms_cons: 113.33012478671189
finished_reconf: true
global_termination_time: 1068013.741
local_termination_time: 121308.29735999997
node_cons: 21943.553535663283
tot_aggregated_send: 13340
tot_msg_rcv: 1389
tot_msg_sent: 2497
tot_reconf_duration: 7.819999999999999
tot_sleeping_duration: 1051633.6558800125
tot_uptimes: 274
tot_uptimes_duration: 16380.085119987489
