comms_cons: 66.22003199988897
finished_reconf: true
global_termination_time: 636103.046
local_termination_time: 154140.97864000036
node_cons: 13025.772830092863
tot_aggregated_send: 8236
tot_msg_rcv: 661
tot_msg_sent: 1165
tot_reconf_duration: 7.819999999999999
tot_sleeping_duration: 626382.9912799904
tot_uptimes: 163
tot_uptimes_duration: 9720.054720009619
