comms_cons: 270.44459522036425
finished_reconf: true
global_termination_time: 2811240.182
local_termination_time: 5785.209
node_cons: 57850.22108781775
tot_aggregated_send: 39377
tot_msg_rcv: 546
tot_msg_sent: 1183
tot_reconf_duration: 3.95
tot_sleeping_duration: 2768040.139440016
tot_uptimes: 720
tot_uptimes_duration: 43200.04255998414
