comms_cons: 272.81436805054517
finished_reconf: true
global_termination_time: 2810116.102
local_termination_time: 6902.041
node_cons: 57859.74066781744
tot_aggregated_send: 38269
tot_msg_rcv: 1099
tot_msg_sent: 2098
tot_reconf_duration: 10.96
tot_sleeping_duration: 2766916.059440016
tot_uptimes: 720
tot_uptimes_duration: 43200.04255998391
