comms_cons: 270.2603776302376
finished_reconf: true
global_termination_time: 2811091.838
local_termination_time: 5254.754000000001
node_cons: 57852.73068558407
tot_aggregated_send: 38680
tot_msg_rcv: 845
tot_msg_sent: 1553
tot_reconf_duration: 5.8100000000000005
tot_sleeping_duration: 2767891.807600011
tot_uptimes: 720
tot_uptimes_duration: 43200.03039998887
