comms_cons: 280.53514241147747
finished_reconf: true
global_termination_time: 2808343.431
local_termination_time: 5842.12
node_cons: 57866.59042670028
tot_aggregated_send: 38909
tot_msg_rcv: 1361
tot_msg_sent: 2369
tot_reconf_duration: 16.009999999999998
tot_sleeping_duration: 2765143.3945200136
tot_uptimes: 720
tot_uptimes_duration: 43200.03647998604
