comms_cons: 282.3815744170782
finished_reconf: true
global_termination_time: 2808844.145
local_termination_time: 6515.48
node_cons: 57850.737127822016
tot_aggregated_send: 39203
tot_msg_rcv: 1304
tot_msg_sent: 2411
tot_reconf_duration: 4.33
tot_sleeping_duration: 2765644.1024400126
tot_uptimes: 720
tot_uptimes_duration: 43200.04255998734
