comms_cons: 62.66688000044329
finished_reconf: true
global_termination_time: 650058.651
local_termination_time: 499098.68736000004
node_cons: 13343.365799999989
tot_aggregated_send: 8990
tot_msg_rcv: 185
tot_msg_sent: 350
tot_reconf_duration: 5.1
tot_sleeping_duration: 640098.651
tot_uptimes: 167
tot_uptimes_duration: 9960.0
