comms_cons: 96.45765119633172
finished_reconf: true
global_termination_time: 971371.566
local_termination_time: 625986.6283599999
node_cons: 19931.2458
tot_aggregated_send: 13978
tot_msg_rcv: 281
tot_msg_sent: 402
tot_reconf_duration: 5.1
tot_sleeping_duration: 956491.566
tot_uptimes: 249
tot_uptimes_duration: 14880.0
