comms_cons: 99.10906879325307
finished_reconf: true
global_termination_time: 965152.3361999987
local_termination_time: 396289.66036000004
node_cons: 19916.06437327021
tot_aggregated_send: 13050
tot_msg_rcv: 701
tot_msg_sent: 1313
tot_reconf_duration: 7.819999999999999
tot_sleeping_duration: 950286.4326800061
tot_uptimes: 248
tot_uptimes_duration: 14865.903519992658
