comms_cons: 2.2572927999960535
finished_reconf: true
global_termination_time: 18674.158
local_termination_time: 7179.13136
node_cons: 337.520200000002
tot_aggregated_send: 0
tot_msg_rcv: 178
tot_msg_sent: 165
tot_reconf_duration: 11.899999999999999
tot_sleeping_duration: 18434.157999999996
tot_uptimes: 5
tot_uptimes_duration: 240.0
