comms_cons: 2.3224575999923256
finished_reconf: true
global_termination_time: 18990.363
local_termination_time: 7415.70936
node_cons: 331.97956000000204
tot_aggregated_send: 0
tot_msg_rcv: 183
tot_msg_sent: 170
tot_reconf_duration: 7.819999999999999
tot_sleeping_duration: 18750.362999999998
tot_uptimes: 5
tot_uptimes_duration: 240.0
