comms_cons: 237.20647679391078
finished_reconf: true
global_termination_time: 2403224.299
local_termination_time: 1708843.6613599998
node_cons: 49416.025799999145
tot_aggregated_send: 34742
tot_msg_rcv: 388
tot_msg_sent: 924
tot_reconf_duration: 5.1
tot_sleeping_duration: 2366324.299
tot_uptimes: 616
tot_uptimes_duration: 36900.0
