comms_cons: 241.90402558616645
finished_reconf: true
global_termination_time: 2401962.276
local_termination_time: 1231867.8352799984
node_cons: 49415.67268558358
tot_aggregated_send: 32770
tot_msg_rcv: 1361
tot_msg_sent: 2637
tot_reconf_duration: 4.8100000000000005
tot_sleeping_duration: 2365062.245600012
tot_uptimes: 616
tot_uptimes_duration: 36900.03039998817
