comms_cons: 237.5683327966298
finished_reconf: true
global_termination_time: 2404735.777
local_termination_time: 1598913.3290000001
node_cons: 49423.97824111642
tot_aggregated_send: 34622
tot_msg_rcv: 449
tot_msg_sent: 1038
tot_reconf_duration: 10.95
tot_sleeping_duration: 2367835.770920002
tot_uptimes: 616
tot_uptimes_duration: 36900.006079997635
