comms_cons: 242.94977278465126
finished_reconf: true
global_termination_time: 2402741.002
local_termination_time: 760081.8403199986
node_cons: 49415.1511722845
tot_aggregated_send: 32944
tot_msg_rcv: 1347
tot_msg_sent: 2636
tot_reconf_duration: 4.390000000000001
tot_sleeping_duration: 2365840.935120026
tot_uptimes: 616
tot_uptimes_duration: 36900.06687997398
