comms_cons: 243.09455357206267
finished_reconf: true
global_termination_time: 2404536.538
local_termination_time: 809721.1184799998
node_cons: 49413.32331116772
tot_aggregated_send: 32422
tot_msg_rcv: 1607
tot_msg_sent: 2919
tot_reconf_duration: 3.05
tot_sleeping_duration: 2367636.477200024
tot_uptimes: 616
tot_uptimes_duration: 36900.060799976345
