comms_cons: 245.39758080035352
finished_reconf: true
global_termination_time: 2404696.901
local_termination_time: 1476939.0497599982
node_cons: 49419.776547817266
tot_aggregated_send: 32306
tot_msg_rcv: 1625
tot_msg_sent: 3368
tot_reconf_duration: 7.819999999999999
tot_sleeping_duration: 2367796.858440017
tot_uptimes: 616
tot_uptimes_duration: 36900.04255998344
