comms_cons: 246.37629438118842
finished_reconf: true
global_termination_time: 2404754.074
local_termination_time: 921958.0443599998
node_cons: 49429.988707817116
tot_aggregated_send: 31784
tot_msg_rcv: 1904
tot_msg_sent: 3760
tot_reconf_duration: 15.34
tot_sleeping_duration: 2367854.031440017
tot_uptimes: 616
tot_uptimes_duration: 36900.04255998344
