comms_cons: 819.5574529501299
finished_reconf: true
global_termination_time: 8312890.149
local_termination_time: 4313287.94836
node_cons: 171078.27438781378
tot_aggregated_send: 115826
tot_msg_rcv: 2972
tot_msg_sent: 5770
tot_reconf_duration: 25.299999999999997
tot_sleeping_duration: 8185150.106440015
tot_uptimes: 2129
tot_uptimes_duration: 127740.04255998507
