comms_cons: 816.1241665536293
finished_reconf: true
global_termination_time: 8315064.713
local_termination_time: 4375486.935
node_cons: 171066.72861797657
tot_aggregated_send: 115471
tot_msg_rcv: 2804
tot_msg_sent: 5772
tot_reconf_duration: 13.17
tot_sleeping_duration: 8187320.991000013
tot_uptimes: 2130
tot_uptimes_duration: 127743.72199998703
