comms_cons: 817.6857793447085
finished_reconf: true
global_termination_time: 8314997.817
local_termination_time: 4418197.11236
node_cons: 171048.08334557986
tot_aggregated_send: 115362
tot_msg_rcv: 3064
tot_msg_sent: 5856
tot_reconf_duration: 3.08
tot_sleeping_duration: 8187257.7866000105
tot_uptimes: 2130
tot_uptimes_duration: 127740.03039998934
