comms_cons: 811.6845633163332
finished_reconf: true
global_termination_time: 8316282.505
local_termination_time: 5127715.357919998
node_cons: 171071.67561910415
tot_aggregated_send: 114898
tot_msg_rcv: 2625
tot_msg_sent: 5848
tot_reconf_duration: 18.700000000000003
tot_sleeping_duration: 8188540.696920007
tot_uptimes: 2130
tot_uptimes_duration: 127741.80807999335
