comms_cons: 809.2800577125008
finished_reconf: true
global_termination_time: 8316011.468
local_termination_time: 5267923.939
node_cons: 171065.30148350832
tot_aggregated_send: 115416
tot_msg_rcv: 2436
tot_msg_sent: 5153
tot_reconf_duration: 10.95
tot_sleeping_duration: 8188266.560320005
tot_uptimes: 2130
tot_uptimes_duration: 127744.90767999552
