comms_cons: 832.4522306299775
finished_reconf: true
global_termination_time: 8314525.136
local_termination_time: 1584981.209519998
node_cons: 171048.06702893
tot_aggregated_send: 115710
tot_msg_rcv: 3614
tot_msg_sent: 7205
tot_reconf_duration: 3.05
tot_sleeping_duration: 8186785.087360017
tot_uptimes: 2130
tot_uptimes_duration: 127740.04863998224
