comms_cons: 830.6670146402419
finished_reconf: true
global_termination_time: 8312896.998
local_termination_time: 1926255.9753599998
node_cons: 170972.0237478134
tot_aggregated_send: 115768
tot_msg_rcv: 3868
tot_msg_sent: 6619
tot_reconf_duration: 6.22
tot_sleeping_duration: 8185216.9554400155
tot_uptimes: 2129
tot_uptimes_duration: 127680.0425599846
