comms_cons: 236.58803199752256
finished_reconf: true
global_termination_time: 2396404.079
local_termination_time: 743295.345119998
node_cons: 49252.60263999928
tot_aggregated_send: 34568
tot_msg_rcv: 408
tot_msg_sent: 984
tot_reconf_duration: 3.08
tot_sleeping_duration: 2359624.079
tot_uptimes: 614
tot_uptimes_duration: 36780.0
