comms_cons: 237.3452672021675
finished_reconf: true
global_termination_time: 2394418.453
local_termination_time: 1003621.495
node_cons: 49268.41852383328
tot_aggregated_send: 34620
tot_msg_rcv: 530
tot_msg_sent: 925
tot_reconf_duration: 11.899999999999999
tot_sleeping_duration: 2357635.586440005
tot_uptimes: 614
tot_uptimes_duration: 36782.866559995455
