comms_cons: 2.546150399991586
finished_reconf: true
global_termination_time: 13133.412
local_termination_time: 4965.045360000001
node_cons: 261.5393800000008
tot_aggregated_send: 0
tot_msg_rcv: 227
tot_msg_sent: 160
tot_reconf_duration: 15.110000000000001
tot_sleeping_duration: 12953.412
tot_uptimes: 4
tot_uptimes_duration: 180.0
