comms_cons: 88.58103039037634
finished_reconf: true
global_termination_time: 854752.8125599995
local_termination_time: 155213.7454000008
node_cons: 17575.376135917035
tot_aggregated_send: 11078
tot_msg_rcv: 808
tot_msg_sent: 1576
tot_reconf_duration: 18.21
tot_sleeping_duration: 841645.5332800017
tot_uptimes: 219
tot_uptimes_duration: 13107.279279997776
