comms_cons: 85.43749119845018
finished_reconf: true
global_termination_time: 855947.933
local_termination_time: 235928.53648000004
node_cons: 17598.60190000001
tot_aggregated_send: 12006
tot_msg_rcv: 285
tot_msg_sent: 695
tot_reconf_duration: 3.05
tot_sleeping_duration: 842807.933
tot_uptimes: 220
tot_uptimes_duration: 13140.0
