comms_cons: 50.0354432000886
finished_reconf: true
global_termination_time: 506422.5418400011
local_termination_time: 66995.95787999948
node_cons: 10467.198817080829
tot_aggregated_send: 7308
tot_msg_rcv: 94
tot_msg_sent: 204
tot_reconf_duration: 18.21
tot_sleeping_duration: 498623.83412000054
tot_uptimes: 130
tot_uptimes_duration: 7798.707720000602
