comms_cons: 50.594048000384056
finished_reconf: true
global_termination_time: 506762.93
local_termination_time: 22418.40436
node_cons: 10369.829761119145
tot_aggregated_send: 6960
tot_msg_rcv: 212
tot_msg_sent: 518
tot_reconf_duration: 4.390000000000001
tot_sleeping_duration: 499022.9239200006
tot_uptimes: 130
tot_uptimes_duration: 7740.006079999352
