comms_cons: 87.76652800052476
finished_reconf: true
global_termination_time: 896442.926
local_termination_time: 855520.1490799997
node_cons: 18402.00190000009
tot_aggregated_send: 12818
tot_msg_rcv: 161
tot_msg_sent: 361
tot_reconf_duration: 3.05
tot_sleeping_duration: 882702.926
tot_uptimes: 230
tot_uptimes_duration: 13740.0
