comms_cons: 88.03690239790149
finished_reconf: true
global_termination_time: 896843.799
local_termination_time: 623042.6933599999
node_cons: 18406.314901116977
tot_aggregated_send: 12992
tot_msg_rcv: 103
tot_msg_sent: 286
tot_reconf_duration: 6.22
tot_sleeping_duration: 883103.7929200024
tot_uptimes: 230
tot_uptimes_duration: 13740.006079997635
