comms_cons: 161.55946239162702
finished_reconf: true
global_termination_time: 1628018.259
local_termination_time: 467606.7600400008
node_cons: 33449.35782103303
tot_aggregated_send: 22620
tot_msg_rcv: 610
tot_msg_sent: 1327
tot_reconf_duration: 18.21
tot_sleeping_duration: 1603055.8776400052
tot_uptimes: 417
tot_uptimes_duration: 24962.38135999476
