comms_cons: 165.72249598583258
finished_reconf: true
global_termination_time: 1629859.218
local_termination_time: 11932.239040000002
node_cons: 33510.25118335051
tot_aggregated_send: 22330
tot_msg_rcv: 1108
tot_msg_sent: 1750
tot_reconf_duration: 6.22
tot_sleeping_duration: 1604839.1997600072
tot_uptimes: 418
tot_uptimes_duration: 25020.018239992904
