comms_cons: 158.33502719802303
finished_reconf: true
global_termination_time: 1627196.4
local_termination_time: 1015421.1383599999
node_cons: 33436.79897999994
tot_aggregated_send: 23548
tot_msg_rcv: 144
tot_msg_sent: 374
tot_reconf_duration: 11.31
tot_sleeping_duration: 1602236.4
tot_uptimes: 417
tot_uptimes_duration: 24960.0
