comms_cons: 147.61821439317308
finished_reconf: true
global_termination_time: 1484137.95624
local_termination_time: 209368.88548000006
node_cons: 30558.075293832033
tot_aggregated_send: 21112
tot_msg_rcv: 455
tot_msg_sent: 870
tot_reconf_duration: 6.22
tot_sleeping_duration: 1461322.699680006
tot_uptimes: 381
tot_uptimes_duration: 22815.256559994014
