comms_cons: 573.8813633176093
finished_reconf: true
global_termination_time: 5721026.787
local_termination_time: 444099.9790400007
node_cons: 117704.13489005427
tot_aggregated_send: 79750
tot_msg_rcv: 2539
tot_msg_sent: 4937
tot_reconf_duration: 4.390000000000001
tot_sleeping_duration: 5633126.732280016
tot_uptimes: 1466
tot_uptimes_duration: 87900.05471998354
