comms_cons: 570.4547200867568
finished_reconf: true
global_termination_time: 5720449.694
local_termination_time: 1101812.73636
node_cons: 117628.44468893298
tot_aggregated_send: 79924
tot_msg_rcv: 2251
tot_msg_sent: 4530
tot_reconf_duration: 7.819999999999999
tot_sleeping_duration: 5632609.645360017
tot_uptimes: 1465
tot_uptimes_duration: 87840.04863998247
