comms_cons: 569.6752832848541
finished_reconf: true
global_termination_time: 5724256.514
local_termination_time: 2287892.301639998
node_cons: 117706.6037478157
tot_aggregated_send: 79576
tot_msg_rcv: 2305
tot_msg_sent: 4705
tot_reconf_duration: 6.22
tot_sleeping_duration: 5636356.471440015
tot_uptimes: 1466
tot_uptimes_duration: 87900.04255998484
