comms_cons: 568.7401984866322
finished_reconf: true
global_termination_time: 5723386.406
local_termination_time: 2411871.14548
node_cons: 117705.54137201165
tot_aggregated_send: 79866
tot_msg_rcv: 2280
tot_msg_sent: 4300
tot_reconf_duration: 5.43
tot_sleeping_duration: 5635486.355640019
tot_uptimes: 1466
tot_uptimes_duration: 87900.05035998137
