comms_cons: 48.37685760064167
finished_reconf: true
global_termination_time: 487105.359
local_termination_time: 212426.38236000005
node_cons: 9992.926841121436
tot_aggregated_send: 6786
tot_msg_rcv: 181
tot_msg_sent: 386
tot_reconf_duration: 22.65
tot_sleeping_duration: 479665.3529199989
tot_uptimes: 125
tot_uptimes_duration: 7440.006080001069
