comms_cons: 26.454963200277078
finished_reconf: true
global_termination_time: 256852.5045600008
local_termination_time: 95367.6054799997
node_cons: 5299.742830083929
tot_aggregated_send: 3364
tot_msg_rcv: 215
tot_msg_sent: 441
tot_reconf_duration: 7.819999999999999
tot_sleeping_duration: 252902.44983999786
tot_uptimes: 66
tot_uptimes_duration: 3950.054720002925
