comms_cons: 157.11129599164016
finished_reconf: true
global_termination_time: 1571000.2922400003
local_termination_time: 40177.808480000014
node_cons: 32353.96362494913
tot_aggregated_send: 21924
tot_msg_rcv: 592
tot_msg_sent: 1363
tot_reconf_duration: 6.22
tot_sleeping_duration: 1546843.8196000084
tot_uptimes: 403
tot_uptimes_duration: 24156.472639991844
