comms_cons: 408.9762303973507
finished_reconf: true
global_termination_time: 4171304.375
local_termination_time: 2477149.5987599986
node_cons: 85811.65638111526
tot_aggregated_send: 58348
tot_msg_rcv: 1309
tot_msg_sent: 2505
tot_reconf_duration: 6.279999999999999
tot_sleeping_duration: 4107224.368920002
tot_uptimes: 1069
tot_uptimes_duration: 64080.00607999787
