comms_cons: 414.66394244817286
finished_reconf: true
global_termination_time: 4173594.271
local_termination_time: 2281047.997
node_cons: 85827.3879265428
tot_aggregated_send: 58225
tot_msg_rcv: 1573
tot_msg_sent: 3227
tot_reconf_duration: 13.17
tot_sleeping_duration: 4109509.503960011
tot_uptimes: 1069
tot_uptimes_duration: 64084.76703998889
