comms_cons: 421.15558406520694
finished_reconf: true
global_termination_time: 4173780.289
local_termination_time: 215694.56936000002
node_cons: 85818.07965228903
tot_aggregated_send: 58058
tot_msg_rcv: 2065
tot_msg_sent: 3891
tot_reconf_duration: 10.95
tot_sleeping_duration: 4109700.2221200215
tot_uptimes: 1069
tot_uptimes_duration: 64080.06687997856
