comms_cons: 410.47086082866446
finished_reconf: true
global_termination_time: 4169768.352
local_termination_time: 1990633.8943599998
node_cons: 85731.25118334916
tot_aggregated_send: 58232
tot_msg_rcv: 1402
tot_msg_sent: 2756
tot_reconf_duration: 6.22
tot_sleeping_duration: 4105748.3337600064
tot_uptimes: 1068
tot_uptimes_duration: 64020.0182399936
