comms_cons: 405.35234560972924
finished_reconf: true
global_termination_time: 4171734.312
local_termination_time: 2160484.58836
node_cons: 85818.51154446643
tot_aggregated_send: 58232
tot_msg_rcv: 1008
tot_msg_sent: 2372
tot_reconf_duration: 11.31
tot_sleeping_duration: 4107654.2876800084
tot_uptimes: 1069
tot_uptimes_duration: 64080.02431999147
