comms_cons: 193.1126783953445
finished_reconf: true
global_termination_time: 1955190.773
local_termination_time: 1438504.7078399998
node_cons: 40184.87009999998
tot_aggregated_send: 28362
tot_msg_rcv: 362
tot_msg_sent: 628
tot_reconf_duration: 10.95
tot_sleeping_duration: 1925190.773
tot_uptimes: 501
tot_uptimes_duration: 30000.0
