comms_cons: 201.44041597661663
finished_reconf: true
global_termination_time: 1951775.71
local_termination_time: 1013970.7094799988
node_cons: 40110.54870782211
tot_aggregated_send: 25752
tot_msg_rcv: 1795
tot_msg_sent: 3068
tot_reconf_duration: 15.34
tot_sleeping_duration: 1921835.667440013
tot_uptimes: 500
tot_uptimes_duration: 29940.042559986876
