comms_cons: 304.0999680131907
finished_reconf: true
global_termination_time: 3044281.043
local_termination_time: 2152823.5133599997
node_cons: 62619.233682232494
tot_aggregated_send: 42108
tot_msg_rcv: 1402
tot_msg_sent: 2711
tot_reconf_duration: 25.299999999999997
tot_sleeping_duration: 2997541.0308400043
tot_uptimes: 780
tot_uptimes_duration: 46740.0121599955
