comms_cons: 301.3273599935982
finished_reconf: true
global_termination_time: 3043997.543
local_termination_time: 1911340.03748
node_cons: 62589.07520446682
tot_aggregated_send: 42746
tot_msg_rcv: 913
tot_msg_sent: 2141
tot_reconf_duration: 3.08
tot_sleeping_duration: 2997257.518680009
tot_uptimes: 780
tot_uptimes_duration: 46740.024319991004
