comms_cons: 308.02211841465225
finished_reconf: true
global_termination_time: 3042957.584
local_termination_time: 592457.8359599996
node_cons: 62610.33601116797
tot_aggregated_send: 41528
tot_msg_rcv: 1752
tot_msg_sent: 3536
tot_reconf_duration: 18.700000000000003
tot_sleeping_duration: 2996217.523200023
tot_uptimes: 780
tot_uptimes_duration: 46740.060799977044
