comms_cons: 306.7185984295049
finished_reconf: true
global_termination_time: 3043941.932
local_termination_time: 473397.99436
node_cons: 62590.88674893431
tot_aggregated_send: 42340
tot_msg_rcv: 1430
tot_msg_sent: 2848
tot_reconf_duration: 4.390000000000001
tot_sleeping_duration: 2997201.8833600185
tot_uptimes: 780
tot_uptimes_duration: 46740.048639981775
