comms_cons: 732.6420346630938
finished_reconf: true
global_termination_time: 1521937.9121999997
local_termination_time: 1521937.8710799997
node_cons: 91770.77573082125
tot_aggregated_send: 0
tot_msg_rcv: 45185
tot_msg_sent: 66171
tot_reconf_duration: 37.410000000000004
tot_sleeping_duration: 1453439.0526400118
tot_uptimes: 1120
tot_uptimes_duration: 68498.85955998773
