comms_cons: 151.55187199255477
finished_reconf: true
global_termination_time: 1524792.434
local_termination_time: 700253.1305599994
node_cons: 31340.16405999998
tot_aggregated_send: 21576
tot_msg_rcv: 420
tot_msg_sent: 1039
tot_reconf_duration: 5.57
tot_sleeping_duration: 1501392.434
tot_uptimes: 391
tot_uptimes_duration: 23400.0
