comms_cons: 150.99921919649088
finished_reconf: true
global_termination_time: 1523050.325
local_termination_time: 375164.7342800008
node_cons: 31344.97138000003
tot_aggregated_send: 22040
tot_msg_rcv: 339
tot_msg_sent: 572
tot_reconf_duration: 9.11
tot_sleeping_duration: 1499650.325
tot_uptimes: 391
tot_uptimes_duration: 23400.0
