comms_cons: 36.10853120042964
finished_reconf: true
global_termination_time: 338669.09
local_termination_time: 82077.68235999996
node_cons: 6917.792663364298
tot_aggregated_send: 4408
tot_msg_rcv: 500
tot_msg_sent: 580
tot_reconf_duration: 6.279999999999999
tot_sleeping_duration: 333509.0717599968
tot_uptimes: 87
tot_uptimes_duration: 5160.018240003206
