comms_cons: 35.36357120036402
finished_reconf: true
global_termination_time: 342891.538
local_termination_time: 35885.129360000006
node_cons: 6993.770781119152
tot_aggregated_send: 4408
tot_msg_rcv: 328
tot_msg_sent: 638
tot_reconf_duration: 3.08
tot_sleeping_duration: 337671.5319200006
tot_uptimes: 88
tot_uptimes_duration: 5220.006079999366
