comms_cons: 67.70654720785683
finished_reconf: true
global_termination_time: 341366.138
local_termination_time: 5202.5073600000005
node_cons: 7020.35498224287
tot_aggregated_send: 0
tot_msg_rcv: 5264
tot_msg_sent: 5027
tot_reconf_duration: 22.65
tot_sleeping_duration: 336146.12583999784
tot_uptimes: 88
tot_uptimes_duration: 5220.0121600021375
