comms_cons: 34.7805312002098
finished_reconf: true
global_termination_time: 342660.713
local_termination_time: 255447.85136000003
node_cons: 7000.199559999979
tot_aggregated_send: 4640
tot_msg_rcv: 247
tot_msg_sent: 399
tot_reconf_duration: 7.819999999999999
tot_sleeping_duration: 337440.713
tot_uptimes: 88
tot_uptimes_duration: 5220.0
