comms_cons: 24.487782400043145
finished_reconf: true
global_termination_time: 238866.39224000042
local_termination_time: 110599.9552399997
node_cons: 4964.182479360548
tot_aggregated_send: 3190
tot_msg_rcv: 186
tot_msg_sent: 346
tot_reconf_duration: 4.8100000000000005
tot_sleeping_duration: 235163.89
tot_uptimes: 62
tot_uptimes_duration: 3702.502240000409
