comms_cons: 175.7304319881467
finished_reconf: true
global_termination_time: 1793675.104
local_termination_time: 321607.3397600004
node_cons: 36884.51490111667
tot_aggregated_send: 24766
tot_msg_rcv: 652
tot_msg_sent: 1292
tot_reconf_duration: 6.22
tot_sleeping_duration: 1766135.0979200024
tot_uptimes: 460
tot_uptimes_duration: 27540.006079997635
