comms_cons: 14.763724799846537
finished_reconf: true
global_termination_time: 147259.26
local_termination_time: 15645.62044
node_cons: 2987.9389800000004
tot_aggregated_send: 1972
tot_msg_rcv: 107
tot_msg_sent: 165
tot_reconf_duration: 11.31
tot_sleeping_duration: 145039.26
tot_uptimes: 38
tot_uptimes_duration: 2220.0
