comms_cons: 263.55712622486936
finished_reconf: true
global_termination_time: 1420537.272
local_termination_time: 481440.63848000055
node_cons: 29169.960121116874
tot_aggregated_send: 0
tot_msg_rcv: 20216
tot_msg_sent: 19844
tot_reconf_duration: 4.8100000000000005
tot_sleeping_duration: 1398757.2659200025
tot_uptimes: 364
tot_uptimes_duration: 21780.006079997635
