comms_cons: 141.17550079483604
finished_reconf: true
global_termination_time: 1417667.92
local_termination_time: 608466.1633599999
node_cons: 29167.56190000011
tot_aggregated_send: 20010
tot_msg_rcv: 426
tot_msg_sent: 1021
tot_reconf_duration: 3.05
tot_sleeping_duration: 1395887.92
tot_uptimes: 364
tot_uptimes_duration: 21780.0
