comms_cons: 38.69287040015651
finished_reconf: true
global_termination_time: 381223.188
local_termination_time: 32672.157840000003
node_cons: 7799.520121121442
tot_aggregated_send: 5162
tot_msg_rcv: 253
tot_msg_sent: 466
tot_reconf_duration: 4.8100000000000005
tot_sleeping_duration: 375403.18191999895
tot_uptimes: 98
tot_uptimes_duration: 5820.006080001069
