comms_cons: 36.84477440007097
finished_reconf: true
global_termination_time: 378235.497
local_termination_time: 166905.82936000003
node_cons: 7716.7900411202845
tot_aggregated_send: 5046
tot_msg_rcv: 234
tot_msg_sent: 320
tot_reconf_duration: 3.05
tot_sleeping_duration: 372475.4909199998
tot_uptimes: 97
tot_uptimes_duration: 5760.0060800002175
