comms_cons: 68.02234880076078
finished_reconf: true
global_termination_time: 692336.685
local_termination_time: 273821.7898400001
node_cons: 14228.70823999998
tot_aggregated_send: 9628
tot_msg_rcv: 250
tot_msg_sent: 461
tot_reconf_duration: 6.279999999999999
tot_sleeping_duration: 681716.685
tot_uptimes: 178
tot_uptimes_duration: 10620.0
