comms_cons: 140.34812157055393
finished_reconf: true
global_termination_time: 717180.801
local_termination_time: 354150.4503600001
node_cons: 14732.986841116886
tot_aggregated_send: 0
tot_msg_rcv: 10737
tot_msg_sent: 10596
tot_reconf_duration: 22.65
tot_sleeping_duration: 706200.7949200023
tot_uptimes: 184
tot_uptimes_duration: 10980.006079997635
