comms_cons: 74.30564479790567
finished_reconf: true
global_termination_time: 716218.991
local_termination_time: 13836.688360000002
node_cons: 14709.83290671941
tot_aggregated_send: 9338
tot_msg_rcv: 674
tot_msg_sent: 1283
tot_reconf_duration: 5.57
tot_sleeping_duration: 705238.9545200005
tot_uptimes: 184
tot_uptimes_duration: 10980.036479999544
