comms_cons: 72.73943679762067
finished_reconf: true
global_termination_time: 721319.726
local_termination_time: 432286.47712000046
node_cons: 14795.36050112143
tot_aggregated_send: 9918
tot_msg_rcv: 390
tot_msg_sent: 747
tot_reconf_duration: 9.42
tot_sleeping_duration: 710279.719919999
tot_uptimes: 185
tot_uptimes_duration: 11040.006080001069
