comms_cons: 72.35804159811367
finished_reconf: true
global_termination_time: 716697.369
local_termination_time: 437775.79080000066
node_cons: 14708.19463508195
tot_aggregated_send: 9802
tot_msg_rcv: 442
tot_msg_sent: 754
tot_reconf_duration: 4.390000000000001
tot_sleeping_duration: 705717.3592799985
tot_uptimes: 184
tot_uptimes_duration: 10980.009720001486
