comms_cons: 1223.8877440447136
finished_reconf: true
global_termination_time: 2527437.9735999997
local_termination_time: 2527437.9324799995
node_cons: 153826.37387141382
tot_aggregated_send: 0
tot_msg_rcv: 75045
tot_msg_sent: 110981
tot_reconf_duration: 24.59
tot_sleeping_duration: 2412581.3786400156
tot_uptimes: 1887
tot_uptimes_duration: 114856.59495998439
