comms_cons: 254.8704320084758
finished_reconf: true
global_termination_time: 2527988.015
local_termination_time: 172376.49536000006
node_cons: 51987.59290670482
tot_aggregated_send: 35032
tot_msg_rcv: 1210
tot_msg_sent: 2496
tot_reconf_duration: 5.57
tot_sleeping_duration: 2489167.9785200106
tot_uptimes: 648
tot_uptimes_duration: 38820.03647998924
