comms_cons: 253.73341440770074
finished_reconf: true
global_termination_time: 2531682.797
local_termination_time: 64412.062920000055
node_cons: 52091.13568783083
tot_aggregated_send: 35148
tot_msg_rcv: 1119
tot_msg_sent: 2298
tot_reconf_duration: 22.65
tot_sleeping_duration: 2492802.754440006
tot_uptimes: 649
tot_uptimes_duration: 38880.042559993744
