comms_cons: 254.43082238879495
finished_reconf: true
global_termination_time: 2529710.643
local_termination_time: 339317.3573600001
node_cons: 51984.178887821705
tot_aggregated_send: 34916
tot_msg_rcv: 1277
tot_msg_sent: 2479
tot_reconf_duration: 3.05
tot_sleeping_duration: 2490890.600440013
tot_uptimes: 648
tot_uptimes_duration: 38820.042559986876
