comms_cons: 250.53155838537432
finished_reconf: true
global_termination_time: 2528299.299
local_termination_time: 2079601.3335999998
node_cons: 51995.371544466616
tot_aggregated_send: 35612
tot_msg_rcv: 887
tot_msg_sent: 1580
tot_reconf_duration: 11.31
tot_sleeping_duration: 2489479.2746800096
tot_uptimes: 648
tot_uptimes_duration: 38820.02431999053
