comms_cons: 252.10241280007352
finished_reconf: true
global_termination_time: 2512661.746239997
local_termination_time: 93818.77747999998
node_cons: 51703.77771383177
tot_aggregated_send: 34916
tot_msg_rcv: 1144
tot_msg_sent: 2258
tot_reconf_duration: 18.21
tot_sleeping_duration: 2474066.4896800024
tot_uptimes: 644
tot_uptimes_duration: 38595.25655999442
