comms_cons: 456.3527102417438
finished_reconf: true
global_termination_time: 2517214.666
local_termination_time: 276301.0343600001
node_cons: 51743.126323349796
tot_aggregated_send: 0
tot_msg_rcv: 34961
tot_msg_sent: 34402
tot_reconf_duration: 3.05
tot_sleeping_duration: 2478574.647760007
tot_uptimes: 645
tot_uptimes_duration: 38640.0182399929
