comms_cons: 417.23665924475387
finished_reconf: true
global_termination_time: 4165108.048
local_termination_time: 556744.2833199996
node_cons: 85648.4504666994
tot_aggregated_send: 57130
tot_msg_rcv: 2002
tot_msg_sent: 4285
tot_reconf_duration: 4.390000000000001
tot_sleeping_duration: 4101148.0115200137
tot_uptimes: 1067
tot_uptimes_duration: 63960.03647998627
