comms_cons: 412.70418562750564
finished_reconf: true
global_termination_time: 4163225.483
local_termination_time: 702363.4854399986
node_cons: 85650.927465583
tot_aggregated_send: 58290
tot_msg_rcv: 1592
tot_msg_sent: 2847
tot_reconf_duration: 6.22
tot_sleeping_duration: 4099265.452600011
tot_uptimes: 1067
tot_uptimes_duration: 63960.03039998887
