comms_cons: 412.9685568222123
finished_reconf: true
global_termination_time: 4164858.083
local_termination_time: 2055520.339119998
node_cons: 85664.4237092606
tot_aggregated_send: 58290
tot_msg_rcv: 1604
tot_msg_sent: 2875
tot_reconf_duration: 11.31
tot_sleeping_duration: 4100893.1354800127
tot_uptimes: 1067
tot_uptimes_duration: 63964.94751998712
