comms_cons: 68.73948159954419
finished_reconf: true
global_termination_time: 684767.137
local_termination_time: 220458.10936000006
node_cons: 14090.274982242874
tot_aggregated_send: 9280
tot_msg_rcv: 371
tot_msg_sent: 797
tot_reconf_duration: 22.65
tot_sleeping_duration: 674267.1248399979
tot_uptimes: 176
tot_uptimes_duration: 10500.012160002138
