comms_cons: 68.35677439798812
finished_reconf: true
global_termination_time: 685358.219
local_termination_time: 277400.8903600001
node_cons: 14063.666323364376
tot_aggregated_send: 8816
tot_msg_rcv: 503
tot_msg_sent: 1070
tot_reconf_duration: 3.05
tot_sleeping_duration: 674858.2007599969
tot_uptimes: 176
tot_uptimes_duration: 10500.018240003206
