comms_cons: 65.6077824000881
finished_reconf: true
global_termination_time: 680303.355
local_termination_time: 330933.368
node_cons: 13995.808062081356
tot_aggregated_send: 9619
tot_msg_rcv: 118
tot_msg_sent: 235
tot_reconf_duration: 11.31
tot_sleeping_duration: 669862.392279999
tot_uptimes: 175
tot_uptimes_duration: 10440.962720001
