comms_cons: 144.70355199112169
finished_reconf: true
global_termination_time: 1447606.196
local_termination_time: 580087.6808799981
node_cons: 29739.847056551207
tot_aggregated_send: 20416
tot_msg_rcv: 537
tot_msg_sent: 1042
tot_reconf_duration: 9.42
tot_sleeping_duration: 1425405.2589600068
tot_uptimes: 371
tot_uptimes_duration: 22200.937039993354
