comms_cons: 142.48698879339935
finished_reconf: true
global_termination_time: 1445536.133
local_termination_time: 1052471.37936
node_cons: 29741.976482233902
tot_aggregated_send: 20126
tot_msg_rcv: 513
tot_msg_sent: 1019
tot_reconf_duration: 11.899999999999999
tot_sleeping_duration: 1423336.1208400046
tot_uptimes: 371
tot_uptimes_duration: 22200.01215999527
