comms_cons: 145.20322558764428
finished_reconf: true
global_termination_time: 1446954.181
local_termination_time: 649791.5973599999
node_cons: 29732.356403350776
tot_aggregated_send: 19430
tot_msg_rcv: 837
tot_msg_sent: 1802
tot_reconf_duration: 4.8100000000000005
tot_sleeping_duration: 1424754.162760007
tot_uptimes: 371
tot_uptimes_duration: 22200.01823999302
