comms_cons: 145.8331391903124
finished_reconf: true
global_termination_time: 1445618.122
local_termination_time: 612186.4231599994
node_cons: 29734.279324467494
tot_aggregated_send: 19488
tot_msg_rcv: 1022
tot_msg_sent: 1655
tot_reconf_duration: 6.22
tot_sleeping_duration: 1423418.0976800094
tot_uptimes: 371
tot_uptimes_duration: 22200.024319990538
