comms_cons: 137.17099519627257
finished_reconf: true
global_termination_time: 1398406.195
local_termination_time: 4725.951
node_cons: 28765.481660000038
tot_aggregated_send: 20122
tot_msg_rcv: 261
tot_msg_sent: 467
tot_reconf_duration: 2.77
tot_sleeping_duration: 1376926.195
tot_uptimes: 359
tot_uptimes_duration: 21479.999999999993
