comms_cons: 135.17591679798846
finished_reconf: true
global_termination_time: 1396581.854
local_termination_time: 7274.548000000001
node_cons: 28700.161140000044
tot_aggregated_send: 19880
tot_msg_rcv: 236
tot_msg_sent: 429
tot_reconf_duration: 13.83
tot_sleeping_duration: 1375161.854
tot_uptimes: 358
tot_uptimes_duration: 21420.0
