comms_cons: 137.74996479531916
finished_reconf: true
global_termination_time: 1396544.7
local_termination_time: 7441.983000000001
node_cons: 28689.223801116877
tot_aggregated_send: 19945
tot_msg_rcv: 322
tot_msg_sent: 670
tot_reconf_duration: 5.77
tot_sleeping_duration: 1375124.6939200023
tot_uptimes: 358
tot_uptimes_duration: 21420.006079997635
