comms_cons: 47.594560000199614
finished_reconf: true
global_termination_time: 479736.416
local_termination_time: 82896.92391999955
node_cons: 9807.441620000012
tot_aggregated_send: 6728
tot_msg_rcv: 162
tot_msg_sent: 344
tot_reconf_duration: 4.390000000000001
tot_sleeping_duration: 472416.416
tot_uptimes: 123
tot_uptimes_duration: 7320.0
