comms_cons: 273.94725760089744
finished_reconf: true
global_termination_time: 2705070.669
local_termination_time: 875912.21136
node_cons: 55603.84894558389
tot_aggregated_send: 37004
tot_msg_rcv: 1670
tot_msg_sent: 2963
tot_reconf_duration: 6.279999999999999
tot_sleeping_duration: 2663550.6386000114
tot_uptimes: 693
tot_uptimes_duration: 41520.03039998864
