comms_cons: 273.4542655876992
finished_reconf: true
global_termination_time: 2706927.325
local_termination_time: 1098903.138639999
node_cons: 55682.17640334963
tot_aggregated_send: 37294
tot_msg_rcv: 1368
tot_msg_sent: 2901
tot_reconf_duration: 4.8100000000000005
tot_sleeping_duration: 2665347.3067600075
tot_uptimes: 694
tot_uptimes_duration: 41580.0182399929
