comms_cons: 188.9618303922573
finished_reconf: true
global_termination_time: 1895065.4633999993
local_termination_time: 1895065.4222799994
node_cons: 39039.17085472015
tot_aggregated_send: 27072
tot_msg_rcv: 580
tot_msg_sent: 1069
tot_reconf_duration: 24.59
tot_sleeping_duration: 1865934.934919999
tot_uptimes: 486
tot_uptimes_duration: 29130.52848000027
