comms_cons: 189.19147518761508
finished_reconf: true
global_termination_time: 1900303.884
local_termination_time: 225057.50336000006
node_cons: 39076.031264476296
tot_aggregated_send: 26216
tot_msg_rcv: 929
tot_msg_sent: 1611
tot_reconf_duration: 22.65
tot_sleeping_duration: 1871143.8596800026
tot_uptimes: 487
tot_uptimes_duration: 29160.024319997407
