comms_cons: 46.88463360023872
finished_reconf: true
global_termination_time: 458424.905
local_termination_time: 118069.85935999997
node_cons: 9406.71394112145
tot_aggregated_send: 6148
tot_msg_rcv: 342
tot_msg_sent: 637
tot_reconf_duration: 5.1
tot_sleeping_duration: 451404.89891999896
tot_uptimes: 118
tot_uptimes_duration: 7020.006080001069
