comms_cons: 46.52872960086101
finished_reconf: true
global_termination_time: 459295.848
local_termination_time: 220189.98036000005
node_cons: 9410.790643364298
tot_aggregated_send: 6090
tot_msg_rcv: 346
tot_msg_sent: 636
tot_reconf_duration: 8.09
tot_sleeping_duration: 452275.8297599968
tot_uptimes: 118
tot_uptimes_duration: 7020.018240003206
