comms_cons: 45.681267200192025
finished_reconf: true
global_termination_time: 457231.446
local_termination_time: 158559.53136000005
node_cons: 9412.596783364283
tot_aggregated_send: 6032
tot_msg_rcv: 272
tot_msg_sent: 640
tot_reconf_duration: 9.42
tot_sleeping_duration: 450211.4277599968
tot_uptimes: 118
tot_uptimes_duration: 7020.018240003206
