comms_cons: 45.46885119999254
finished_reconf: true
global_termination_time: 459705.526
local_termination_time: 293214.25836000004
node_cons: 9415.940199999954
tot_aggregated_send: 6554
tot_msg_rcv: 136
tot_msg_sent: 221
tot_reconf_duration: 11.899999999999999
tot_sleeping_duration: 452685.526
tot_uptimes: 118
tot_uptimes_duration: 7019.999999999993
