comms_cons: 151.78872318926685
finished_reconf: true
global_termination_time: 1527375.751
local_termination_time: 664958.1051999987
node_cons: 31419.504544472053
tot_aggregated_send: 20648
tot_msg_rcv: 794
tot_msg_sent: 1629
tot_reconf_duration: 4.8100000000000005
tot_sleeping_duration: 1503915.7266800061
tot_uptimes: 392
tot_uptimes_duration: 23460.024319993972
