comms_cons: 161.88842239343307
finished_reconf: true
global_termination_time: 1633874.977
local_termination_time: 839906.2163599979
node_cons: 33606.87790303702
tot_aggregated_send: 23548
tot_msg_rcv: 366
tot_msg_sent: 693
tot_reconf_duration: 11.31
tot_sleeping_duration: 1608787.957640002
tot_uptimes: 419
tot_uptimes_duration: 25087.019359997823
