comms_cons: 1.2434687999958929
finished_reconf: true
global_termination_time: 4381.711
local_termination_time: 2421.1223600000003
node_cons: 84.5226399999999
tot_aggregated_send: 0
tot_msg_rcv: 127
tot_msg_sent: 59
tot_reconf_duration: 3.08
tot_sleeping_duration: 4321.711
tot_uptimes: 2
tot_uptimes_duration: 60.0
