comms_cons: 1.0478272000017732
finished_reconf: true
global_termination_time: 6671.994
local_termination_time: 1976.02536
node_cons: 96.50019999999981
tot_aggregated_send: 0
tot_msg_rcv: 111
tot_msg_sent: 47
tot_reconf_duration: 11.899999999999999
tot_sleeping_duration: 6611.994
tot_uptimes: 2
tot_uptimes_duration: 60.0
