comms_cons: 362.71912963149146
finished_reconf: true
global_termination_time: 3674174.506
local_termination_time: 2235838.09936
node_cons: 75534.99154446687
tot_aggregated_send: 51272
tot_msg_rcv: 1309
tot_msg_sent: 2551
tot_reconf_duration: 11.31
tot_sleeping_duration: 3617774.4816800086
tot_uptimes: 941
tot_uptimes_duration: 56400.02431999147
