comms_cons: 96.62871039739412
finished_reconf: true
global_termination_time: 983094.186
local_termination_time: 802697.8530399983
node_cons: 20177.711380000015
tot_aggregated_send: 14036
tot_msg_rcv: 193
tot_msg_sent: 458
tot_reconf_duration: 9.11
tot_sleeping_duration: 968034.186
tot_uptimes: 252
tot_uptimes_duration: 15060.0
