comms_cons: 97.40505599878333
finished_reconf: true
global_termination_time: 981706.044
local_termination_time: 670832.82136
node_cons: 20169.481900000093
tot_aggregated_send: 14036
tot_msg_rcv: 291
tot_msg_sent: 478
tot_reconf_duration: 3.05
tot_sleeping_duration: 966646.044
tot_uptimes: 252
tot_uptimes_duration: 15060.0
