comms_cons: 97.75269759499163
finished_reconf: true
global_termination_time: 984986.654
local_termination_time: 802755.9273599999
node_cons: 20266.51986111682
tot_aggregated_send: 13920
tot_msg_rcv: 269
tot_msg_sent: 668
tot_reconf_duration: 15.34
tot_sleeping_duration: 969866.6479200023
tot_uptimes: 253
tot_uptimes_duration: 15120.006079997635
