comms_cons: 20.725107200008278
finished_reconf: true
global_termination_time: 210417.261
local_termination_time: 84107.27500000001
node_cons: 4293.0297571994415
tot_aggregated_send: 2840
tot_msg_rcv: 94
tot_msg_sent: 216
tot_reconf_duration: 22.65
tot_sleeping_duration: 207234.08620000043
tot_uptimes: 54
tot_uptimes_duration: 3183.1747999995714
