comms_cons: 21.191603200080653
finished_reconf: true
global_termination_time: 210034.384
local_termination_time: 94314.33983999994
node_cons: 4273.378980000021
tot_aggregated_send: 2842
tot_msg_rcv: 157
tot_msg_sent: 222
tot_reconf_duration: 11.31
tot_sleeping_duration: 206854.384
tot_uptimes: 54
tot_uptimes_duration: 3180.0
