comms_cons: 330.4356797438554
finished_reconf: true
global_termination_time: 1689854.074
local_termination_time: 111.70404000000019
node_cons: 34724.7730011168
tot_aggregated_send: 0
tot_msg_rcv: 25173
tot_msg_sent: 25052
tot_reconf_duration: 13.17
tot_sleeping_duration: 1663934.0679200024
tot_uptimes: 433
tot_uptimes_duration: 25920.006079997635
