comms_cons: 170.4937727844305
finished_reconf: true
global_termination_time: 1685032.186
local_termination_time: 1145724.7793599998
node_cons: 34633.93022223355
tot_aggregated_send: 23142
tot_msg_rcv: 1048
tot_msg_sent: 1724
tot_reconf_duration: 5.43
tot_sleeping_duration: 1659172.1738400047
tot_uptimes: 432
tot_uptimes_duration: 25860.01215999527
