comms_cons: 53.7849600004119
finished_reconf: true
global_termination_time: 545164.77
local_termination_time: 21241.137400000003
node_cons: 11179.631380000015
tot_aggregated_send: 7830
tot_msg_rcv: 120
tot_msg_sent: 225
tot_reconf_duration: 9.11
tot_sleeping_duration: 536824.77
tot_uptimes: 140
tot_uptimes_duration: 8340.0
