comms_cons: 54.238924800832734
finished_reconf: true
global_termination_time: 540389.392
local_termination_time: 35980.49336000001
node_cons: 11112.31460000001
tot_aggregated_send: 7482
tot_msg_rcv: 257
tot_msg_sent: 505
tot_reconf_duration: 18.700000000000003
tot_sleeping_duration: 532109.392
tot_uptimes: 139
tot_uptimes_duration: 8280.0
