comms_cons: 53.74141440028243
finished_reconf: true
global_termination_time: 541857.706
local_termination_time: 40612.89860000011
node_cons: 11095.52972000001
tot_aggregated_send: 7714
tot_msg_rcv: 170
tot_msg_sent: 285
tot_reconf_duration: 6.34
tot_sleeping_duration: 533577.706
tot_uptimes: 139
tot_uptimes_duration: 8280.0
