comms_cons: 13.948108799857913
finished_reconf: true
global_termination_time: 116352.65247999996
local_termination_time: 116352.61135999997
node_cons: 2381.627942079668
tot_aggregated_send: 972
tot_msg_rcv: 431
tot_msg_sent: 717
tot_reconf_duration: 24.59
tot_sleeping_duration: 114598.9297600002
tot_uptimes: 30
tot_uptimes_duration: 1753.7227199997578
