comms_cons: 13.36298239982394
finished_reconf: true
global_termination_time: 120456.601
local_termination_time: 7206.24748
node_cons: 2434.9617444797427
tot_aggregated_send: 1218
tot_msg_rcv: 317
tot_msg_sent: 496
tot_reconf_duration: 18.21
tot_sleeping_duration: 118656.57668000019
tot_uptimes: 31
tot_uptimes_duration: 1800.0243199998076
