comms_cons: 13.646720000252696
finished_reconf: true
global_termination_time: 116468.63
local_termination_time: 23885.762080000008
node_cons: 2338.3963811202943
tot_aggregated_send: 1218
tot_msg_rcv: 391
tot_msg_sent: 467
tot_reconf_duration: 6.279999999999999
tot_sleeping_duration: 114728.6239199998
tot_uptimes: 30
tot_uptimes_duration: 1740.0060800002175
