comms_cons: 14.05966079967127
finished_reconf: true
global_termination_time: 117600.122
local_termination_time: 85278.7406799996
node_cons: 2420.8684067149175
tot_aggregated_send: 928
tot_msg_rcv: 392
tot_msg_sent: 817
tot_reconf_duration: 7.819999999999999
tot_sleeping_duration: 115800.0855200038
tot_uptimes: 31
tot_uptimes_duration: 1800.0364799961972
