comms_cons: 45.021664001768755
finished_reconf: true
global_termination_time: 377386.86740000034
local_termination_time: 377386.8262800003
node_cons: 7782.943237046244
tot_aggregated_send: 3292
tot_msg_rcv: 1219
tot_msg_sent: 2331
tot_reconf_duration: 24.59
tot_sleeping_duration: 371599.30203999573
tot_uptimes: 97
tot_uptimes_duration: 5787.56536000465
