comms_cons: 37.33695999996062
finished_reconf: true
global_termination_time: 379410.795
local_termination_time: 37048.18336
node_cons: 7823.738700000002
tot_aggregated_send: 5510
tot_msg_rcv: 69
tot_msg_sent: 96
tot_reconf_duration: 22.65
tot_sleeping_duration: 373590.795
tot_uptimes: 98
tot_uptimes_duration: 5820.0
