comms_cons: 37.40169600057053
finished_reconf: true
global_termination_time: 377500.335
local_termination_time: 182541.936600001
node_cons: 7727.998980000006
tot_aggregated_send: 5278
tot_msg_rcv: 126
tot_msg_sent: 281
tot_reconf_duration: 11.31
tot_sleeping_duration: 371740.335
tot_uptimes: 97
tot_uptimes_duration: 5760.0
