comms_cons: 220.27776627433587
finished_reconf: true
global_termination_time: 1127780.3979599997
local_termination_time: 3409.5753600000003
node_cons: 23183.38364855653
tot_aggregated_send: 0
tot_msg_rcv: 16780
tot_msg_sent: 16699
tot_reconf_duration: 18.21
tot_sleeping_duration: 1110484.9129200024
tot_uptimes: 289
tot_uptimes_duration: 17295.48503999738
