comms_cons: 2.3296639999937048
finished_reconf: true
global_termination_time: 18720.322
local_termination_time: 4304.861360000001
node_cons: 329.8882400000009
tot_aggregated_send: 0
tot_msg_rcv: 182
tot_msg_sent: 173
tot_reconf_duration: 6.279999999999999
tot_sleeping_duration: 18480.322
tot_uptimes: 5
tot_uptimes_duration: 240.0
