comms_cons: 117.8597887957932
finished_reconf: true
global_termination_time: 1184575.581
local_termination_time: 4369.624
node_cons: 24377.46158223716
tot_aggregated_send: 16853
tot_msg_rcv: 363
tot_msg_sent: 698
tot_reconf_duration: 25.35
tot_sleeping_duration: 1166395.5688400022
tot_uptimes: 304
tot_uptimes_duration: 18180.012159997852
