comms_cons: 117.79462399524846
finished_reconf: true
global_termination_time: 1186092.009
local_termination_time: 7180.155000000001
node_cons: 24351.496622237162
tot_aggregated_send: 16987
tot_msg_rcv: 335
tot_msg_sent: 582
tot_reconf_duration: 6.23
tot_sleeping_duration: 1167911.9968400022
tot_uptimes: 304
tot_uptimes_duration: 18180.012159997852
