comms_cons: 117.3005567970518
finished_reconf: true
global_termination_time: 1182133.029
local_termination_time: 4325.895
node_cons: 24288.484702238307
tot_aggregated_send: 16975
tot_msg_rcv: 330
tot_msg_sent: 524
tot_reconf_duration: 18.990000000000002
tot_sleeping_duration: 1164013.0168400013
tot_uptimes: 303
tot_uptimes_duration: 18120.012159998707
