comms_cons: 104.22173439612293
finished_reconf: true
global_termination_time: 1053447.191
local_termination_time: 508405.8857200001
node_cons: 21636.85459999997
tot_aggregated_send: 14906
tot_msg_rcv: 312
tot_msg_sent: 623
tot_reconf_duration: 18.700000000000003
tot_sleeping_duration: 1037307.1910000001
tot_uptimes: 270
tot_uptimes_duration: 16140.0
