comms_cons: 104.10268159839794
finished_reconf: true
global_termination_time: 1054976.351
local_termination_time: 595261.4013599999
node_cons: 21697.761620000052
tot_aggregated_send: 15370
tot_msg_rcv: 167
tot_msg_sent: 286
tot_reconf_duration: 4.390000000000001
tot_sleeping_duration: 1038776.351
tot_uptimes: 271
tot_uptimes_duration: 16200.0
