comms_cons: 104.41253119745578
finished_reconf: true
global_termination_time: 1052502.951
local_termination_time: 406810.14836000005
node_cons: 21622.087701121472
tot_aggregated_send: 15022
tot_msg_rcv: 275
tot_msg_sent: 573
tot_reconf_duration: 7.819999999999999
tot_sleeping_duration: 1036362.9449199989
tot_uptimes: 270
tot_uptimes_duration: 16140.006080001069
