comms_cons: 2.282982399992456
finished_reconf: true
global_termination_time: 12931.648
local_termination_time: 9695.77536
node_cons: 247.94579999999803
tot_aggregated_send: 0
tot_msg_rcv: 177
tot_msg_sent: 170
tot_reconf_duration: 5.1
tot_sleeping_duration: 12751.648
tot_uptimes: 4
tot_uptimes_duration: 180.0
