comms_cons: 2.2303487999968143
finished_reconf: true
global_termination_time: 12908.98
local_termination_time: 9115.58336
node_cons: 256.3789799999993
tot_aggregated_send: 0
tot_msg_rcv: 175
tot_msg_sent: 164
tot_reconf_duration: 11.31
tot_sleeping_duration: 12728.98
tot_uptimes: 4
tot_uptimes_duration: 180.0
