comms_cons: 82.25973759514
finished_reconf: true
global_termination_time: 809145.64
local_termination_time: 602842.6684399995
node_cons: 16655.125462238237
tot_aggregated_send: 11136
tot_msg_rcv: 510
tot_msg_sent: 857
tot_reconf_duration: 18.21
tot_sleeping_duration: 796725.6278400013
tot_uptimes: 208
tot_uptimes_duration: 12420.012159998703
