comms_cons: 84.26702079365904
finished_reconf: true
global_termination_time: 811605.242
local_termination_time: 234998.01836000007
node_cons: 16642.824650074526
tot_aggregated_send: 10672
tot_msg_rcv: 801
tot_msg_sent: 1335
tot_reconf_duration: 9.11
tot_sleeping_duration: 799185.187280004
tot_uptimes: 208
tot_uptimes_duration: 12420.054719995882
