comms_cons: 1.381631999995436
finished_reconf: true
global_termination_time: 11071.998
local_termination_time: 6981.59036
node_cons: 195.03740000000025
tot_aggregated_send: 0
tot_msg_rcv: 117
tot_msg_sent: 92
tot_reconf_duration: 25.299999999999997
tot_sleeping_duration: 10951.998
tot_uptimes: 3
tot_uptimes_duration: 120.0
