comms_cons: 1.5790079999968765
finished_reconf: true
global_termination_time: 11996.711
local_termination_time: 4877.24736
node_cons: 245.20263999999992
tot_aggregated_send: 0
tot_msg_rcv: 124
tot_msg_sent: 116
tot_reconf_duration: 3.08
tot_sleeping_duration: 11816.711
tot_uptimes: 4
tot_uptimes_duration: 180.0
