comms_cons: 1.447423999997876
finished_reconf: true
global_termination_time: 11399.471
local_termination_time: 5823.1633600000005
node_cons: 181.19938000000093
tot_aggregated_send: 0
tot_msg_rcv: 118
tot_msg_sent: 102
tot_reconf_duration: 15.110000000000001
tot_sleeping_duration: 11279.471
tot_uptimes: 3
tot_uptimes_duration: 120.00000000000011
