comms_cons: 181.4148607921835
finished_reconf: true
global_termination_time: 1829810.557
local_termination_time: 717686.0683599999
node_cons: 37619.639379999826
tot_aggregated_send: 26274
tot_msg_rcv: 444
tot_msg_sent: 856
tot_reconf_duration: 15.110000000000001
tot_sleeping_duration: 1801730.557
tot_uptimes: 469
tot_uptimes_duration: 28080.0
