comms_cons: 70.51586560009052
finished_reconf: true
global_termination_time: 712680.248
local_termination_time: 564414.9478399998
node_cons: 14628.411980000097
tot_aggregated_send: 9686
tot_msg_rcv: 395
tot_msg_sent: 637
tot_reconf_duration: 4.8100000000000005
tot_sleeping_duration: 701760.248
tot_uptimes: 183
tot_uptimes_duration: 10920.0
