comms_cons: 616.0398656871912
finished_reconf: true
global_termination_time: 6272155.268
local_termination_time: 4013511.2933599986
node_cons: 129033.61220111344
tot_aggregated_send: 86826
tot_msg_rcv: 2278
tot_msg_sent: 4530
tot_reconf_duration: 5.57
tot_sleeping_duration: 6175795.261920002
tot_uptimes: 1607
tot_uptimes_duration: 96360.00607999787
