comms_cons: 47.52200320087832
finished_reconf: true
global_termination_time: 468764.859
local_termination_time: 248730.10656000022
node_cons: 9653.616783364281
tot_aggregated_send: 6380
tot_msg_rcv: 323
tot_msg_sent: 519
tot_reconf_duration: 9.42
tot_sleeping_duration: 461564.8407599968
tot_uptimes: 121
tot_uptimes_duration: 7200.018240003206
