comms_cons: 162.87640318445634
finished_reconf: true
global_termination_time: 1604515.831
local_termination_time: 412415.0031600008
node_cons: 32950.04398335055
tot_aggregated_send: 21866
tot_msg_rcv: 978
tot_msg_sent: 1912
tot_reconf_duration: 7.819999999999999
tot_sleeping_duration: 1579915.812760007
tot_uptimes: 411
tot_uptimes_duration: 24600.018239992904
