comms_cons: 162.8154623856082
finished_reconf: true
global_termination_time: 1606292.142
local_termination_time: 501580.5914800005
node_cons: 33028.20304223367
tot_aggregated_send: 21866
tot_msg_rcv: 910
tot_msg_sent: 1971
tot_reconf_duration: 6.22
tot_sleeping_duration: 1581632.1298400047
tot_uptimes: 412
tot_uptimes_duration: 24660.01215999527
