comms_cons: 528.677574547703
finished_reconf: true
global_termination_time: 5183055.897
local_termination_time: 5205.839720000002
node_cons: 106618.83361228388
tot_aggregated_send: 70876
tot_msg_rcv: 3375
tot_msg_sent: 6104
tot_reconf_duration: 5.57
tot_sleeping_duration: 5103435.830120024
tot_uptimes: 1328
tot_uptimes_duration: 79620.06687997538
