comms_cons: 485.692921723092
finished_reconf: true
global_termination_time: 4818356.396239997
local_termination_time: 33529.541480000014
node_cons: 99104.40213718082
tot_aggregated_send: 66236
tot_msg_rcv: 2383
tot_msg_sent: 5202
tot_reconf_duration: 18.21
tot_sleeping_duration: 4744361.121440009
tot_uptimes: 1234
tot_uptimes_duration: 73995.27479998779
