comms_cons: 474.4290752218189
finished_reconf: true
global_termination_time: 4819223.846
local_termination_time: 3179723.88148
node_cons: 99146.50208223128
tot_aggregated_send: 67106
tot_msg_rcv: 1775
tot_msg_sent: 3230
tot_reconf_duration: 5.1
tot_sleeping_duration: 4745183.833840004
tot_uptimes: 1235
tot_uptimes_duration: 74040.0121599955
