comms_cons: 481.44159367369105
finished_reconf: true
global_termination_time: 4819265.68
local_termination_time: 1065194.1951599994
node_cons: 99146.12454446552
tot_aggregated_send: 67338
tot_msg_rcv: 1882
tot_msg_sent: 3956
tot_reconf_duration: 4.8100000000000005
tot_sleeping_duration: 4745225.655680008
tot_uptimes: 1235
tot_uptimes_duration: 74040.02431999124
