comms_cons: 242.636627186115
finished_reconf: true
global_termination_time: 2486902.97
local_termination_time: 1028659.5662399989
node_cons: 51103.638363349666
tot_aggregated_send: 34220
tot_msg_rcv: 918
tot_msg_sent: 1740
tot_reconf_duration: 5.43
tot_sleeping_duration: 2448742.951760007
tot_uptimes: 637
tot_uptimes_duration: 38160.0182399929
