comms_cons: 0.6579199999996488
finished_reconf: true
global_termination_time: 4446.808
local_termination_time: 588.6840399999995
node_cons: 95.69898000000009
tot_aggregated_send: 0
tot_msg_rcv: 51
tot_msg_sent: 49
tot_reconf_duration: 11.31
tot_sleeping_duration: 4386.808
tot_uptimes: 2
tot_uptimes_duration: 60.0
