comms_cons: 14.645926399921068
finished_reconf: true
global_termination_time: 139852.511
local_termination_time: 84464.70535999998
node_cons: 2842.666841119164
tot_aggregated_send: 1450
tot_msg_rcv: 269
tot_msg_sent: 508
tot_reconf_duration: 22.65
tot_sleeping_duration: 137752.50492000065
tot_uptimes: 36
tot_uptimes_duration: 2100.006079999366
