comms_cons: 434.38272003446997
finished_reconf: true
global_termination_time: 4422684.145
local_termination_time: 2343689.0433199997
node_cons: 90953.44080446615
tot_aggregated_send: 61422
tot_msg_rcv: 1638
tot_msg_sent: 2962
tot_reconf_duration: 6.279999999999999
tot_sleeping_duration: 4354764.120680008
tot_uptimes: 1133
tot_uptimes_duration: 67920.02431999124
