comms_cons: 434.55613442716157
finished_reconf: true
global_termination_time: 4423757.343
local_termination_time: 2656777.759879998
node_cons: 91001.75541654839
tot_aggregated_send: 61712
tot_msg_rcv: 1438
tot_msg_sent: 2899
tot_reconf_duration: 25.299999999999997
tot_sleeping_duration: 4355820.525960008
tot_uptimes: 1133
tot_uptimes_duration: 67936.81703999336
