comms_cons: 441.4583680882314
finished_reconf: true
global_termination_time: 4427682.15
local_termination_time: 490337.96236000006
node_cons: 91056.04382893776
tot_aggregated_send: 60668
tot_msg_rcv: 2089
tot_msg_sent: 4343
tot_reconf_duration: 22.65
tot_sleeping_duration: 4359702.101360015
tot_uptimes: 1134
tot_uptimes_duration: 67980.04863998521
