comms_cons: 1566.480212794655
finished_reconf: true
global_termination_time: 4421795.021
local_termination_time: 1584231.1255999997
node_cons: 268312.84661378316
tot_aggregated_send: 0
tot_msg_rcv: 96227
tot_msg_sent: 141870
tot_reconf_duration: 6.22
tot_sleeping_duration: 4221418.322080066
tot_uptimes: 3279
tot_uptimes_duration: 200376.69891993346
