comms_cons: 132.22938879286752
finished_reconf: true
global_termination_time: 1415938.587
local_termination_time: 6529.330000000001
node_cons: 29086.882365588805
tot_aggregated_send: 18904
tot_msg_rcv: 372
tot_msg_sent: 823
tot_reconf_duration: 2.77
tot_sleeping_duration: 1394218.5566000084
tot_uptimes: 363
tot_uptimes_duration: 21720.030399991607
