comms_cons: 143.49235198277418
finished_reconf: true
global_termination_time: 1418144.365
local_termination_time: 4714.116
node_cons: 29173.409372296715
tot_aggregated_send: 18784
tot_msg_rcv: 1097
tot_msg_sent: 1929
tot_reconf_duration: 7.29
tot_sleeping_duration: 1396364.2981200174
tot_uptimes: 364
tot_uptimes_duration: 21780.06687998258
