comms_cons: 141.6198655857844
finished_reconf: true
global_termination_time: 1417710.895
local_termination_time: 6640.652999999999
node_cons: 29197.918570056136
tot_aggregated_send: 18767
tot_msg_rcv: 1141
tot_msg_sent: 1617
tot_reconf_duration: 25.35
tot_sleeping_duration: 1395930.840280018
tot_uptimes: 364
tot_uptimes_duration: 21780.054719982145
