comms_cons: 33.68550400091103
finished_reconf: true
global_termination_time: 314931.605
local_termination_time: 18524.48
node_cons: 6448.064284482028
tot_aggregated_send: 3812
tot_msg_rcv: 492
tot_msg_sent: 816
tot_reconf_duration: 15.34
tot_sleeping_duration: 310131.58067999844
tot_uptimes: 81
tot_uptimes_duration: 4800.02432000151
