comms_cons: 32.959462400522625
finished_reconf: true
global_termination_time: 316478.135
local_termination_time: 17070.6146
node_cons: 6514.46580000001
tot_aggregated_send: 4118
tot_msg_rcv: 314
tot_msg_sent: 578
tot_reconf_duration: 5.1
tot_sleeping_duration: 311618.135
tot_uptimes: 82
tot_uptimes_duration: 4860.0
