comms_cons: 32.948633600973636
finished_reconf: true
global_termination_time: 319302.335
local_termination_time: 171869.32236000005
node_cons: 6511.698182242853
tot_aggregated_send: 4060
tot_msg_rcv: 312
tot_msg_sent: 636
tot_reconf_duration: 3.05
tot_sleeping_duration: 314442.3228399979
tot_uptimes: 82
tot_uptimes_duration: 4860.0121600021375
