comms_cons: 597.1465732710974
finished_reconf: true
global_termination_time: 3037390.896
local_termination_time: 1050679.0915599985
node_cons: 62455.721640070435
tot_aggregated_send: 0
tot_msg_rcv: 45713
tot_msg_sent: 45050
tot_reconf_duration: 22.65
tot_sleeping_duration: 2990770.3112800065
tot_uptimes: 778
tot_uptimes_duration: 46620.58471999387
