comms_cons: 55.621184000077506
finished_reconf: true
global_termination_time: 568019.365
local_termination_time: 4468.7016
node_cons: 11683.665541121525
tot_aggregated_send: 8236
tot_msg_rcv: 67
tot_msg_sent: 151
tot_reconf_duration: 25.299999999999997
tot_sleeping_duration: 559319.3589199989
tot_uptimes: 146
tot_uptimes_duration: 8700.006080001127
