comms_cons: 55.61397760014478
finished_reconf: true
global_termination_time: 568659.338
local_termination_time: 473199.09348000004
node_cons: 11667.184859999994
tot_aggregated_send: 8352
tot_msg_rcv: 55
tot_msg_sent: 46
tot_reconf_duration: 13.17
tot_sleeping_duration: 559959.338
tot_uptimes: 146
tot_uptimes_duration: 8700.0
