comms_cons: 142.53551359149614
finished_reconf: true
global_termination_time: 1435644.542
local_termination_time: 970441.1769599987
node_cons: 29490.749761116902
tot_aggregated_send: 19604
tot_msg_rcv: 693
tot_msg_sent: 1366
tot_reconf_duration: 4.390000000000001
tot_sleeping_duration: 1413624.5359200023
tot_uptimes: 368
tot_uptimes_duration: 22020.006079997635
