comms_cons: 143.43439359193357
finished_reconf: true
global_termination_time: 1434612.01224
local_termination_time: 8051.446440000003
node_cons: 29512.302903832016
tot_aggregated_send: 19778
tot_msg_rcv: 624
tot_msg_sent: 1398
tot_reconf_duration: 6.22
tot_sleeping_duration: 1412577.7656800062
tot_uptimes: 368
tot_uptimes_duration: 22034.246559994004
