comms_cons: 141.512012794619
finished_reconf: true
global_termination_time: 1438727.529
local_termination_time: 1063502.1639199995
node_cons: 29580.478980000127
tot_aggregated_send: 20416
tot_msg_rcv: 347
tot_msg_sent: 746
tot_reconf_duration: 11.31
tot_sleeping_duration: 1416647.529
tot_uptimes: 369
tot_uptimes_duration: 22080.0
