comms_cons: 1.4671615999983914
finished_reconf: true
global_termination_time: 13782.954
local_termination_time: 1045.7824800000012
node_cons: 246.98162000000028
tot_aggregated_send: 0
tot_msg_rcv: 107
tot_msg_sent: 116
tot_reconf_duration: 4.390000000000001
tot_sleeping_duration: 13602.954
tot_uptimes: 4
tot_uptimes_duration: 180.0000000000001
