comms_cons: 158.82030714911073
finished_reconf: true
global_termination_time: 803208.516
local_termination_time: 1551.1200400000016
node_cons: 16475.68604335512
tot_aggregated_send: 0
tot_msg_rcv: 12246
tot_msg_sent: 11893
tot_reconf_duration: 4.390000000000001
tot_sleeping_duration: 790908.4977600035
tot_uptimes: 206
tot_uptimes_duration: 12300.018239996338
