comms_cons: 85.47759359196563
finished_reconf: true
global_termination_time: 802296.8511200001
local_termination_time: 43630.16600000019
node_cons: 16495.6247520067
tot_aggregated_send: 9976
tot_msg_rcv: 1104
tot_msg_sent: 1912
tot_reconf_duration: 3.05
tot_sleeping_duration: 789980.5831199951
tot_uptimes: 206
tot_uptimes_duration: 12316.268000004988
