comms_cons: 0.6842367999996346
finished_reconf: true
global_termination_time: 4369.811
local_termination_time: 390.42603999999943
node_cons: 84.48189999999994
tot_aggregated_send: 0
tot_msg_rcv: 47
tot_msg_sent: 57
tot_reconf_duration: 3.05
tot_sleeping_duration: 4309.811
tot_uptimes: 2
tot_uptimes_duration: 60.0
