comms_cons: 663.8946752687548
finished_reconf: true
global_termination_time: 6886434.582
local_termination_time: 3716235.7399999998
node_cons: 141658.15670350956
tot_aggregated_send: 95812
tot_msg_rcv: 1552
tot_msg_sent: 3544
tot_reconf_duration: 10.95
tot_sleeping_duration: 6780651.694320004
tot_uptimes: 1764
tot_uptimes_duration: 105782.88767999597
