comms_cons: 161.8690559940928
finished_reconf: true
global_termination_time: 1631447.538
local_termination_time: 285553.54436000006
node_cons: 33512.39956000003
tot_aggregated_send: 23316
tot_msg_rcv: 424
tot_msg_sent: 863
tot_reconf_duration: 7.819999999999999
tot_sleeping_duration: 1606427.538
tot_uptimes: 418
tot_uptimes_duration: 25020.0
