comms_cons: 158.48634879669984
finished_reconf: true
global_termination_time: 1631130.417
local_termination_time: 1041693.1131599993
node_cons: 33517.13897999994
tot_aggregated_send: 23258
tot_msg_rcv: 287
tot_msg_sent: 544
tot_reconf_duration: 11.31
tot_sleeping_duration: 1606110.417
tot_uptimes: 418
tot_uptimes_duration: 25020.0
