comms_cons: 84.74009599592698
finished_reconf: true
global_termination_time: 849520.708
local_termination_time: 494837.90128000034
node_cons: 17440.705799999992
tot_aggregated_send: 12122
tot_msg_rcv: 298
tot_msg_sent: 460
tot_reconf_duration: 5.1
tot_sleeping_duration: 836500.708
tot_uptimes: 218
tot_uptimes_duration: 13020.0
