comms_cons: 90.59511679198843
finished_reconf: true
global_termination_time: 852191.079
local_termination_time: 35228.63660000002
node_cons: 17520.717108946195
tot_aggregated_send: 10846
tot_msg_rcv: 1117
tot_msg_sent: 1806
tot_reconf_duration: 4.8100000000000005
tot_sleeping_duration: 839111.0303600103
tot_uptimes: 219
tot_uptimes_duration: 13080.048639989676
