comms_cons: 15.37026559978495
finished_reconf: true
global_termination_time: 121784.463
local_termination_time: 31581.29348
node_cons: 2498.128483359733
tot_aggregated_send: 870
tot_msg_rcv: 537
tot_msg_sent: 931
tot_reconf_duration: 5.57
tot_sleeping_duration: 119924.4447600002
tot_uptimes: 32
tot_uptimes_duration: 1860.0182399998012
