comms_cons: 14.230809599773522
finished_reconf: true
global_termination_time: 121768.156
local_termination_time: 44343.2532400001
node_cons: 2497.490223358591
tot_aggregated_send: 1044
tot_msg_rcv: 431
tot_msg_sent: 688
tot_reconf_duration: 5.1
tot_sleeping_duration: 119908.13776000106
tot_uptimes: 32
tot_uptimes_duration: 1860.0182399989499
