comms_cons: 12.41249280003737
finished_reconf: true
global_termination_time: 124447.148
local_termination_time: 86956.82731999987
node_cons: 2494.6981822394273
tot_aggregated_send: 1218
tot_msg_rcv: 257
tot_msg_sent: 411
tot_reconf_duration: 3.05
tot_sleeping_duration: 122587.13584000041
tot_uptimes: 32
tot_uptimes_duration: 1860.0121599995837
