comms_cons: 15.355763199690195
finished_reconf: true
global_termination_time: 122039.6
local_termination_time: 45896.91236000001
node_cons: 2497.9383633574544
tot_aggregated_send: 928
tot_msg_rcv: 584
tot_msg_sent: 823
tot_reconf_duration: 5.43
tot_sleeping_duration: 120179.5817600019
tot_uptimes: 32
tot_uptimes_duration: 1860.0182399980986
