comms_cons: 107.45212159860652
finished_reconf: true
global_termination_time: 1087716.2484799998
local_termination_time: 1087716.20736
node_cons: 22403.6893609581
tot_aggregated_send: 15750
tot_msg_rcv: 224
tot_msg_sent: 357
tot_reconf_duration: 37.410000000000004
tot_sleeping_duration: 1071022.5318400012
tot_uptimes: 279
tot_uptimes_duration: 16693.716639998544
