comms_cons: 107.68897279773678
finished_reconf: true
global_termination_time: 1091704.869
local_termination_time: 367176.37836000003
node_cons: 22421.785800000005
tot_aggregated_send: 15834
tot_msg_rcv: 190
tot_msg_sent: 344
tot_reconf_duration: 5.1
tot_sleeping_duration: 1074964.869
tot_uptimes: 280
tot_uptimes_duration: 16740.0
