comms_cons: 106.54154239778771
finished_reconf: true
global_termination_time: 1091651.36
local_termination_time: 373900.3752800003
node_cons: 22432.01154000004
tot_aggregated_send: 15486
tot_msg_rcv: 253
tot_msg_sent: 455
tot_reconf_duration: 12.629999999999999
tot_sleeping_duration: 1074911.36
tot_uptimes: 280
tot_uptimes_duration: 16740.0
