comms_cons: 107.71466239876364
finished_reconf: true
global_termination_time: 1089120.527
local_termination_time: 305054.1932400005
node_cons: 22349.39010000005
tot_aggregated_send: 15486
tot_msg_rcv: 358
tot_msg_sent: 528
tot_reconf_duration: 10.95
tot_sleeping_duration: 1072440.527
tot_uptimes: 279
tot_uptimes_duration: 16680.0
