comms_cons: 108.09688319600313
finished_reconf: true
global_termination_time: 1088754.342
local_termination_time: 344757.07236000005
node_cons: 22349.87898000003
tot_aggregated_send: 15486
tot_msg_rcv: 360
tot_msg_sent: 584
tot_reconf_duration: 11.31
tot_sleeping_duration: 1072074.342
tot_uptimes: 279
tot_uptimes_duration: 16680.0
