comms_cons: 106.7465471986286
finished_reconf: true
global_termination_time: 1090914.298
local_termination_time: 263432.1103600001
node_cons: 22435.691720000075
tot_aggregated_send: 15776
tot_msg_rcv: 102
tot_msg_sent: 346
tot_reconf_duration: 15.34
tot_sleeping_duration: 1074174.298
tot_uptimes: 280
tot_uptimes_duration: 16740.000000000004
