comms_cons: 692.4523006407965
finished_reconf: true
global_termination_time: 2379879.0815999997
local_termination_time: 2379879.0404799995
node_cons: 96954.88177739621
tot_aggregated_send: 0
tot_msg_rcv: 35314
tot_msg_sent: 69936
tot_reconf_duration: 24.59
tot_sleeping_duration: 2307495.5950000007
tot_uptimes: 1196
tot_uptimes_duration: 72383.48659999936
