comms_cons: 118.84668159344608
finished_reconf: true
global_termination_time: 1160301.56924
local_termination_time: 159607.70620000016
node_cons: 23916.96497495354
tot_aggregated_send: 15544
tot_msg_rcv: 927
tot_msg_sent: 1591
tot_reconf_duration: 18.21
tot_sleeping_duration: 1142458.2266000048
tot_uptimes: 298
tot_uptimes_duration: 17843.342639995157
