comms_cons: 120.95527678573231
finished_reconf: true
global_termination_time: 1160877.628
local_termination_time: 48489.984
node_cons: 23914.39865056111
tot_aggregated_send: 14788
tot_msg_rcv: 1149
tot_msg_sent: 2446
tot_reconf_duration: 22.65
tot_sleeping_duration: 1143040.704959999
tot_uptimes: 298
tot_uptimes_duration: 17836.92304000081
