comms_cons: 77.3002751985679
finished_reconf: true
global_termination_time: 777325.137
local_termination_time: 237864.02624000047
node_cons: 15991.801900000008
tot_aggregated_send: 10962
tot_msg_rcv: 280
tot_msg_sent: 507
tot_reconf_duration: 3.05
tot_sleeping_duration: 765385.137
tot_uptimes: 200
tot_uptimes_duration: 11940.0
