comms_cons: 228.19297279283006
finished_reconf: true
global_termination_time: 2318810.639
local_termination_time: 1789049.2223599998
node_cons: 47648.54579999922
tot_aggregated_send: 33292
tot_msg_rcv: 466
tot_msg_sent: 926
tot_reconf_duration: 5.1
tot_sleeping_duration: 2283230.639
tot_uptimes: 594
tot_uptimes_duration: 35580.0
