comms_cons: 228.09989119150308
finished_reconf: true
global_termination_time: 2318667.011
local_termination_time: 1079245.6083599997
node_cons: 47662.13937999923
tot_aggregated_send: 33002
tot_msg_rcv: 519
tot_msg_sent: 1148
tot_reconf_duration: 15.110000000000001
tot_sleeping_duration: 2283087.011
tot_uptimes: 594
tot_uptimes_duration: 35580.0
