comms_cons: 231.4243263763698
finished_reconf: true
global_termination_time: 2315257.681
local_termination_time: 526740.4943599999
node_cons: 47567.92595563515
tot_aggregated_send: 30914
tot_msg_rcv: 1304
tot_msg_sent: 2956
tot_reconf_duration: 4.8100000000000005
tot_sleeping_duration: 2279737.595880033
tot_uptimes: 593
tot_uptimes_duration: 35520.08511996688
