comms_cons: 152.2887423894827
finished_reconf: true
global_termination_time: 1517783.834
local_termination_time: 610092.2143599999
node_cons: 31178.870223350514
tot_aggregated_send: 21054
tot_msg_rcv: 660
tot_msg_sent: 1433
tot_reconf_duration: 5.1
tot_sleeping_duration: 1494503.8157600071
tot_uptimes: 389
tot_uptimes_duration: 23280.018239992904
