comms_cons: 430.5006078253737
finished_reconf: true
global_termination_time: 889051.1343999982
local_termination_time: 889051.0932799983
node_cons: 54127.549510202545
tot_aggregated_send: 0
tot_msg_rcv: 26416
tot_msg_sent: 39017
tot_reconf_duration: 24.59
tot_sleeping_duration: 848652.2125999958
tot_uptimes: 660
tot_uptimes_duration: 40398.92180000252
