comms_cons: 88.12838399600162
finished_reconf: true
global_termination_time: 889159.956
local_termination_time: 414545.8136800002
node_cons: 18243.149761116798
tot_aggregated_send: 12006
tot_msg_rcv: 462
tot_msg_sent: 927
tot_reconf_duration: 4.390000000000001
tot_sleeping_duration: 875539.9499200024
tot_uptimes: 228
tot_uptimes_duration: 13620.006079997635
