comms_cons: 539.0660609060334
finished_reconf: true
global_termination_time: 5380515.917
local_termination_time: 2187014.1983600003
node_cons: 110641.02120669978
tot_aggregated_send: 74994
tot_msg_rcv: 2068
tot_msg_sent: 4872
tot_reconf_duration: 9.42
tot_sleeping_duration: 5297895.880520013
tot_uptimes: 1378
tot_uptimes_duration: 82620.03647998697
