comms_cons: 542.9640321219628
finished_reconf: true
global_termination_time: 5384019.613
local_termination_time: 2390939.39708
node_cons: 110733.94716446521
tot_aggregated_send: 74530
tot_msg_rcv: 2613
tot_msg_sent: 5383
tot_reconf_duration: 18.700000000000003
tot_sleeping_duration: 5301339.588680009
tot_uptimes: 1379
tot_uptimes_duration: 82680.02431999124
