comms_cons: 93.95160319769826
finished_reconf: true
global_termination_time: 954973.133
local_termination_time: 403040.5263600001
node_cons: 19609.50012112146
tot_aggregated_send: 13340
tot_msg_rcv: 293
tot_msg_sent: 647
tot_reconf_duration: 4.8100000000000005
tot_sleeping_duration: 940333.1269199989
tot_uptimes: 245
tot_uptimes_duration: 14640.006080001069
