comms_cons: 95.15635199677142
finished_reconf: true
global_termination_time: 956276.644
local_termination_time: 180381.34836000096
node_cons: 19607.150746723997
tot_aggregated_send: 12122
tot_msg_rcv: 762
tot_msg_sent: 1579
tot_reconf_duration: 3.05
tot_sleeping_duration: 941636.6075199969
tot_uptimes: 245
tot_uptimes_duration: 14640.036480002978
