comms_cons: 101.3683327921633
finished_reconf: true
global_termination_time: 990044.411
local_termination_time: 98188.981
node_cons: 20369.490737517644
tot_aggregated_send: 13396
tot_msg_rcv: 741
tot_msg_sent: 1269
tot_reconf_duration: 22.65
tot_sleeping_duration: 974854.9173200018
tot_uptimes: 254
tot_uptimes_duration: 15189.49367999821
