comms_cons: 100.60815359055577
finished_reconf: true
global_termination_time: 987321.926
local_termination_time: 304095.3834800001
node_cons: 20252.22826224291
tot_aggregated_send: 13166
tot_msg_rcv: 677
tot_msg_sent: 1448
tot_reconf_duration: 4.8100000000000005
tot_sleeping_duration: 972201.9138399978
tot_uptimes: 253
tot_uptimes_duration: 15120.012160002152
