comms_cons: 194.22164470642298
finished_reconf: true
global_termination_time: 990697.683
local_termination_time: 1684.3123600000004
node_cons: 20331.989761116864
tot_aggregated_send: 0
tot_msg_rcv: 14845
tot_msg_sent: 14674
tot_reconf_duration: 4.390000000000001
tot_sleeping_duration: 975517.6769200023
tot_uptimes: 254
tot_uptimes_duration: 15180.006079997635
