comms_cons: 11.605708799973453
finished_reconf: true
global_termination_time: 8330.236360000006
local_termination_time: 2576.0780400000012
node_cons: 1633.1230720400104
tot_aggregated_send: 0
tot_msg_rcv: 830
tot_msg_sent: 933
tot_reconf_duration: 18.21
tot_sleeping_duration: 7129.0459999999985
tot_uptimes: 17
tot_uptimes_duration: 1201.1903600000076
