comms_cons: 31.323571200810967
finished_reconf: true
global_termination_time: 307355.649
local_termination_time: 165608.34536000006
node_cons: 6273.060121121434
tot_aggregated_send: 4002
tot_msg_rcv: 240
tot_msg_sent: 519
tot_reconf_duration: 4.8100000000000005
tot_sleeping_duration: 302675.6429199989
tot_uptimes: 79
tot_uptimes_duration: 4680.006080001069
