comms_cons: 76.05555200959823
finished_reconf: true
global_termination_time: 387348.991
local_termination_time: 1252.8054800000025
node_cons: 7984.426841121441
tot_aggregated_send: 0
tot_msg_rcv: 5837
tot_msg_sent: 5723
tot_reconf_duration: 22.65
tot_sleeping_duration: 381408.9849199989
tot_uptimes: 100
tot_uptimes_duration: 5940.006080001069
