comms_cons: 94.2996735985657
finished_reconf: true
global_termination_time: 957953.8
local_termination_time: 308018.11576000083
node_cons: 19691.84452223825
tot_aggregated_send: 12818
tot_msg_rcv: 527
tot_msg_sent: 988
tot_reconf_duration: 6.279999999999999
tot_sleeping_duration: 943253.7878400014
tot_uptimes: 246
tot_uptimes_duration: 14700.012159998703
