comms_cons: 95.37208319351062
finished_reconf: true
global_termination_time: 956212.358
local_termination_time: 447379.9653600001
node_cons: 19610.540342233704
tot_aggregated_send: 13166
tot_msg_rcv: 403
tot_msg_sent: 927
tot_reconf_duration: 5.57
tot_sleeping_duration: 941572.3458400047
tot_uptimes: 245
tot_uptimes_duration: 14640.012159995269
