comms_cons: 94.99971199752395
finished_reconf: true
global_termination_time: 955970.092
local_termination_time: 438999.92480000027
node_cons: 19609.50012111682
tot_aggregated_send: 13050
tot_msg_rcv: 460
tot_msg_sent: 929
tot_reconf_duration: 4.8100000000000005
tot_sleeping_duration: 941330.0859200023
tot_uptimes: 245
tot_uptimes_duration: 14640.006079997605
