comms_cons: 95.98457599470711
finished_reconf: true
global_termination_time: 955026.48
local_termination_time: 166000.77136000004
node_cons: 19610.390927845438
tot_aggregated_send: 12122
tot_msg_rcv: 776
tot_msg_sent: 1691
tot_reconf_duration: 5.43
tot_sleeping_duration: 940386.4374399959
tot_uptimes: 245
tot_uptimes_duration: 14640.042560004047
