comms_cons: 0.7237120000016137
finished_reconf: true
global_termination_time: 7058.877
local_termination_time: 1403.0144800000003
node_cons: 95.69897999999992
tot_aggregated_send: 0
tot_msg_rcv: 61
tot_msg_sent: 49
tot_reconf_duration: 11.31
tot_sleeping_duration: 6998.877
tot_uptimes: 2
tot_uptimes_duration: 60.0
