comms_cons: 263.29300479580553
finished_reconf: true
global_termination_time: 2601933.798
local_termination_time: 268318.81764000043
node_cons: 53517.13283005557
tot_aggregated_send: 36018
tot_msg_rcv: 1387
tot_msg_sent: 2614
tot_reconf_duration: 7.819999999999999
tot_sleeping_duration: 2561973.7432800177
tot_uptimes: 667
tot_uptimes_duration: 39960.05471998238
