comms_cons: 104.08294399586495
finished_reconf: true
global_termination_time: 1026233.402
local_termination_time: 82161.85527999952
node_cons: 21055.620121116863
tot_aggregated_send: 13920
tot_msg_rcv: 625
tot_msg_sent: 1275
tot_reconf_duration: 4.8100000000000005
tot_sleeping_duration: 1010513.3959200024
tot_uptimes: 263
tot_uptimes_duration: 15720.006079997635
