comms_cons: 1363.6795910768326
finished_reconf: true
global_termination_time: 2815811.4075999996
local_termination_time: 2815811.3664799994
node_cons: 171349.67185945692
tot_aggregated_send: 0
tot_msg_rcv: 83643
tot_msg_sent: 123625
tot_reconf_duration: 24.59
tot_sleeping_duration: 2687867.9582800125
tot_uptimes: 2100
tot_uptimes_duration: 127943.44931998724
