comms_cons: 555.0497986749427
finished_reconf: true
global_termination_time: 2815812.0075999973
local_termination_time: 3545.7983600000002
node_cons: 57961.08455174619
tot_aggregated_send: 0
tot_msg_rcv: 42537
tot_msg_sent: 41825
tot_reconf_duration: 11.31
tot_sleeping_duration: 2772536.633760007
tot_uptimes: 722
tot_uptimes_duration: 43275.37383999047
