comms_cons: 283.0652544011301
finished_reconf: true
global_termination_time: 2815811.966119993
local_termination_time: 108976.03563999949
node_cons: 57975.91060861381
tot_aggregated_send: 39208
tot_msg_rcv: 1370
tot_msg_sent: 2445
tot_reconf_duration: 5.43
tot_sleeping_duration: 2772519.556360012
tot_uptimes: 722
tot_uptimes_duration: 43292.40975998121
