comms_cons: 105.22033919586325
finished_reconf: true
global_termination_time: 1054889.1995999997
local_termination_time: 1054889.1584799998
node_cons: 21743.63928399313
tot_aggregated_send: 14834
tot_msg_rcv: 332
tot_msg_sent: 826
tot_reconf_duration: 24.59
tot_sleeping_duration: 1038675.4236000049
tot_uptimes: 271
tot_uptimes_duration: 16213.775999994832
