comms_cons: 250.65498878853856
finished_reconf: true
global_termination_time: 2515572.435239997
local_termination_time: 302616.68548000004
node_cons: 51773.4276882905
tot_aggregated_send: 35438
tot_msg_rcv: 796
tot_msg_sent: 1863
tot_reconf_duration: 11.31
tot_sleeping_duration: 2476918.164360019
tot_uptimes: 645
tot_uptimes_duration: 38654.27087997855
