comms_cons: 251.37288319866948
finished_reconf: true
global_termination_time: 2521028.813
local_termination_time: 366379.3375600007
node_cons: 51826.673939999215
tot_aggregated_send: 35960
tot_msg_rcv: 801
tot_msg_sent: 1445
tot_reconf_duration: 5.43
tot_sleeping_duration: 2482328.813
tot_uptimes: 646
tot_uptimes_duration: 38700.0
