comms_cons: 103.82949119439144
finished_reconf: true
global_termination_time: 1015922.887
local_termination_time: 407117.34148000006
node_cons: 20919.199405588824
tot_aggregated_send: 13166
tot_msg_rcv: 999
tot_msg_sent: 1618
tot_reconf_duration: 22.65
tot_sleeping_duration: 1000322.8566000083
tot_uptimes: 261
tot_uptimes_duration: 15600.030399991607
