comms_cons: 101.99547519568611
finished_reconf: true
global_termination_time: 1014738.189
local_termination_time: 572779.5703599988
node_cons: 20814.037902233715
tot_aggregated_send: 13978
tot_msg_rcv: 500
tot_msg_sent: 1024
tot_reconf_duration: 4.390000000000001
tot_sleeping_duration: 999198.1768400047
tot_uptimes: 260
tot_uptimes_duration: 15540.012159995269
