comms_cons: 105.39070079303869
finished_reconf: true
global_termination_time: 1018350.676
local_termination_time: 40595.485280000066
node_cons: 20899.06026558879
tot_aggregated_send: 13166
tot_msg_rcv: 1057
tot_msg_sent: 1794
tot_reconf_duration: 7.819999999999999
tot_sleeping_duration: 1002750.6456000084
tot_uptimes: 261
tot_uptimes_duration: 15600.030399991607
