comms_cons: 103.15590399700832
finished_reconf: true
global_termination_time: 1045918.12
local_termination_time: 262547.9833600001
node_cons: 21485.137400000018
tot_aggregated_send: 14906
tot_msg_rcv: 273
tot_msg_sent: 500
tot_reconf_duration: 25.299999999999997
tot_sleeping_duration: 1029898.12
tot_uptimes: 268
tot_uptimes_duration: 16020.0
