comms_cons: 103.45259519948381
finished_reconf: true
global_termination_time: 1043522.751
local_termination_time: 319744.21956000023
node_cons: 21454.962640000056
tot_aggregated_send: 14964
tot_msg_rcv: 296
tot_msg_sent: 464
tot_reconf_duration: 3.08
tot_sleeping_duration: 1027502.751
tot_uptimes: 268
tot_uptimes_duration: 16020.0
