comms_cons: 102.024281599653
finished_reconf: true
global_termination_time: 1041291.3370000004
local_termination_time: 975007.8820799986
node_cons: 21445.02132000059
tot_aggregated_send: 15254
tot_msg_rcv: 99
tot_msg_sent: 154
tot_reconf_duration: 9.11
tot_sleeping_duration: 1025284.877
tot_uptimes: 267
tot_uptimes_duration: 16006.460000000428
