comms_cons: 102.20129279845945
finished_reconf: true
global_termination_time: 1045281.37
local_termination_time: 191793.81236000007
node_cons: 21471.29938000005
tot_aggregated_send: 14848
tot_msg_rcv: 173
tot_msg_sent: 513
tot_reconf_duration: 15.110000000000001
tot_sleeping_duration: 1029261.37
tot_uptimes: 268
tot_uptimes_duration: 16020.0
