comms_cons: 102.54999040011735
finished_reconf: true
global_termination_time: 1042014.04
local_termination_time: 168288.15488000045
node_cons: 21395.83460000005
tot_aggregated_send: 14732
tot_msg_rcv: 290
tot_msg_sent: 565
tot_reconf_duration: 18.700000000000003
tot_sleeping_duration: 1026054.04
tot_uptimes: 267
tot_uptimes_duration: 15960.0
