comms_cons: 102.20787199970432
finished_reconf: true
global_termination_time: 1042776.553
local_termination_time: 274042.54788000084
node_cons: 21471.50747544257
tot_aggregated_send: 15254
tot_msg_rcv: 57
tot_msg_sent: 224
tot_reconf_duration: 11.899999999999999
tot_sleeping_duration: 1026753.142039998
tot_uptimes: 268
tot_uptimes_duration: 16023.41096000193
