comms_cons: 102.69184639858041
finished_reconf: true
global_termination_time: 1044286.72
local_termination_time: 721374.2436799984
node_cons: 21456.74162000005
tot_aggregated_send: 15138
tot_msg_rcv: 182
tot_msg_sent: 288
tot_reconf_duration: 4.390000000000001
tot_sleeping_duration: 1028266.72
tot_uptimes: 268
tot_uptimes_duration: 16020.0
