comms_cons: 102.08944639779732
finished_reconf: true
global_termination_time: 1044859.214
local_termination_time: 254985.97336000003
node_cons: 21454.921900000016
tot_aggregated_send: 14964
tot_msg_rcv: 147
tot_msg_sent: 406
tot_reconf_duration: 3.05
tot_sleeping_duration: 1028839.214
tot_uptimes: 268
tot_uptimes_duration: 16020.0
