comms_cons: 881.4218817634991
finished_reconf: true
global_termination_time: 9033896.036
local_termination_time: 4930240.921359999
node_cons: 185846.97194446117
tot_aggregated_send: 124874
tot_msg_rcv: 3125
tot_msg_sent: 5969
tot_reconf_duration: 15.110000000000001
tot_sleeping_duration: 8895116.011680009
tot_uptimes: 2314
tot_uptimes_duration: 138780.02431999147
