comms_cons: 907.9107458644768
finished_reconf: true
global_termination_time: 9034450.913
local_termination_time: 778077.4865199982
node_cons: 185830.6459891638
tot_aggregated_send: 125860
tot_msg_rcv: 4002
tot_msg_sent: 8135
tot_reconf_duration: 3.05
tot_sleeping_duration: 8895670.850200022
tot_uptimes: 2314
tot_uptimes_duration: 138780.06279997784
