comms_cons: 905.2428546797389
finished_reconf: true
global_termination_time: 9034780.75
local_termination_time: 1077866.34536
node_cons: 185834.96445339848
tot_aggregated_send: 125222
tot_msg_rcv: 4206
tot_msg_sent: 8164
tot_reconf_duration: 6.22
tot_sleeping_duration: 8896000.677040026
tot_uptimes: 2314
tot_uptimes_duration: 138780.07295997394
