comms_cons: 89.18008319704987
finished_reconf: true
global_termination_time: 881615.3841599993
local_termination_time: 881615.3430399994
node_cons: 18165.38179759877
tot_aggregated_send: 12212
tot_msg_rcv: 504
tot_msg_sent: 837
tot_reconf_duration: 37.410000000000004
tot_sleeping_duration: 868086.9457600003
tot_uptimes: 226
tot_uptimes_duration: 13528.438399999053
