comms_cons: 159.8287359542737
finished_reconf: true
global_termination_time: 885752.315
local_termination_time: 225750.45236000005
node_cons: 18163.798364481157
tot_aggregated_send: 0
tot_msg_rcv: 12451
tot_msg_sent: 11843
tot_reconf_duration: 5.1
tot_sleeping_duration: 872192.2906799992
tot_uptimes: 227
tot_uptimes_duration: 13560.02432000084
