comms_cons: 89.16817919848918
finished_reconf: true
global_termination_time: 884116.579
local_termination_time: 516328.36636000004
node_cons: 18169.2358033643
tot_aggregated_send: 11542
tot_msg_rcv: 638
tot_msg_sent: 1373
tot_reconf_duration: 9.11
tot_sleeping_duration: 870556.5607599968
tot_uptimes: 227
tot_uptimes_duration: 13560.018240003206
