comms_cons: 89.37876479586456
finished_reconf: true
global_termination_time: 885560.288
local_termination_time: 518921.7973600001
node_cons: 18187.606841116893
tot_aggregated_send: 11832
tot_msg_rcv: 667
tot_msg_sent: 1085
tot_reconf_duration: 22.65
tot_sleeping_duration: 872000.2819200023
tot_uptimes: 227
tot_uptimes_duration: 13560.006079997635
