comms_cons: 90.61528319477918
finished_reconf: true
global_termination_time: 885679.791
local_termination_time: 502610.82672000007
node_cons: 18169.648642233667
tot_aggregated_send: 11832
tot_msg_rcv: 669
tot_msg_sent: 1272
tot_reconf_duration: 9.42
tot_sleeping_duration: 872119.7788400047
tot_uptimes: 227
tot_uptimes_duration: 13560.012159995269
