comms_cons: 91.45011199333345
finished_reconf: true
global_termination_time: 883979.122
local_termination_time: 518529.3413600001
node_cons: 18174.024104467364
tot_aggregated_send: 11600
tot_msg_rcv: 799
tot_msg_sent: 1501
tot_reconf_duration: 12.629999999999999
tot_sleeping_duration: 870419.0976800094
tot_uptimes: 227
tot_uptimes_duration: 13560.024319990538
