comms_cons: 90.03228159374774
finished_reconf: true
global_termination_time: 882032.532
local_termination_time: 525074.5533599998
node_cons: 18101.910882233627
tot_aggregated_send: 11832
tot_msg_rcv: 646
tot_msg_sent: 1209
tot_reconf_duration: 18.700000000000003
tot_sleeping_duration: 868532.5198400047
tot_uptimes: 226
tot_uptimes_duration: 13500.012159995269
