comms_cons: 90.41039359720033
finished_reconf: true
global_termination_time: 882713.007
local_termination_time: 52119.81588000009
node_cons: 18161.006323359725
tot_aggregated_send: 11890
tot_msg_rcv: 681
tot_msg_sent: 1171
tot_reconf_duration: 3.05
tot_sleeping_duration: 869152.9887600002
tot_uptimes: 227
tot_uptimes_duration: 13560.018239999772
