comms_cons: 88.95736319072402
finished_reconf: true
global_termination_time: 882032.608
local_termination_time: 174767.46496000013
node_cons: 18087.19283006988
tot_aggregated_send: 11136
tot_msg_rcv: 738
tot_msg_sent: 1647
tot_reconf_duration: 7.819999999999999
tot_sleeping_duration: 868532.5532800076
tot_uptimes: 226
tot_uptimes_duration: 13500.054719992448
