comms_cons: 299.31315199503274
finished_reconf: true
global_termination_time: 3053082.311
local_termination_time: 604600.1683599999
node_cons: 62766.404284466356
tot_aggregated_send: 42688
tot_msg_rcv: 885
tot_msg_sent: 1920
tot_reconf_duration: 15.34
tot_sleeping_duration: 3006222.2866800097
tot_uptimes: 782
tot_uptimes_duration: 46860.02431999077
