comms_cons: 304.4064256278614
finished_reconf: true
global_termination_time: 3048647.435
local_termination_time: 665416.1623599998
node_cons: 62671.21046670009
tot_aggregated_send: 42746
tot_msg_rcv: 1024
tot_msg_sent: 2498
tot_reconf_duration: 4.390000000000001
tot_sleeping_duration: 3001847.398520014
tot_uptimes: 781
tot_uptimes_duration: 46800.03647998604
