comms_cons: 311.1992960228627
finished_reconf: true
global_termination_time: 3052301.693
local_termination_time: 159791.69736000005
node_cons: 62754.06003005945
tot_aggregated_send: 42050
tot_msg_rcv: 1996
tot_msg_sent: 3254
tot_reconf_duration: 6.22
tot_sleeping_duration: 3005441.6382800145
tot_uptimes: 782
tot_uptimes_duration: 46860.05471998558
