comms_cons: 83.72415359909563
finished_reconf: true
global_termination_time: 820776.362
local_termination_time: 543783.59636
node_cons: 16884.216783359774
tot_aggregated_send: 10904
tot_msg_rcv: 549
tot_msg_sent: 1271
tot_reconf_duration: 9.42
tot_sleeping_duration: 808176.3437600002
tot_uptimes: 211
tot_uptimes_duration: 12600.018239999772
