comms_cons: 85.0374143954308
finished_reconf: true
global_termination_time: 820750.763
local_termination_time: 182330.71436000004
node_cons: 16879.89560672401
tot_aggregated_send: 10846
tot_msg_rcv: 739
tot_msg_sent: 1341
tot_reconf_duration: 6.22
tot_sleeping_duration: 808150.7265199971
tot_uptimes: 211
tot_uptimes_duration: 12600.036480002978
