comms_cons: 1.7895423999940874
finished_reconf: true
global_termination_time: 14756.094
local_termination_time: 10125.90936
node_cons: 271.7786999999995
tot_aggregated_send: 0
tot_msg_rcv: 147
tot_msg_sent: 125
tot_reconf_duration: 22.65
tot_sleeping_duration: 14576.094
tot_uptimes: 4
tot_uptimes_duration: 180.0
