comms_cons: 2.151398399992891
finished_reconf: true
global_termination_time: 14381.595
local_termination_time: 10089.11536
node_cons: 246.98161999999923
tot_aggregated_send: 0
tot_msg_rcv: 168
tot_msg_sent: 159
tot_reconf_duration: 4.390000000000001
tot_sleeping_duration: 14201.595
tot_uptimes: 4
tot_uptimes_duration: 180.0
