comms_cons: 2.2632447999925214
finished_reconf: true
global_termination_time: 15015.494
local_termination_time: 9306.91336
node_cons: 251.63955999999962
tot_aggregated_send: 0
tot_msg_rcv: 177
tot_msg_sent: 167
tot_reconf_duration: 7.819999999999999
tot_sleeping_duration: 14835.494
tot_uptimes: 4
tot_uptimes_duration: 180.0
