comms_cons: 17.289164799677412
finished_reconf: true
global_termination_time: 85948.027
local_termination_time: 1602.8513600000003
node_cons: 1775.934901119151
tot_aggregated_send: 0
tot_msg_rcv: 1354
tot_msg_sent: 1273
tot_reconf_duration: 6.22
tot_sleeping_duration: 84628.02092000064
tot_uptimes: 23
tot_uptimes_duration: 1320.0060799993662
