comms_cons: 131.91953919716553
finished_reconf: true
global_termination_time: 1342000.631
local_termination_time: 801642.3013199986
node_cons: 27574.504860000103
tot_aggregated_send: 19488
tot_msg_rcv: 168
tot_msg_sent: 394
tot_reconf_duration: 13.17
tot_sleeping_duration: 1321420.631
tot_uptimes: 344
tot_uptimes_duration: 20580.0
