comms_cons: 703.7628989625271
finished_reconf: true
global_termination_time: 885120.173
local_termination_time: 313716.138360001
node_cons: 87444.11098551472
tot_aggregated_send: 0
tot_msg_rcv: 48661
tot_msg_sent: 58306
tot_reconf_duration: 5.57
tot_sleeping_duration: 819820.2873200024
tot_uptimes: 1048
tot_uptimes_duration: 65299.88567999757
