comms_cons: 163.09496314469203
finished_reconf: true
global_termination_time: 885859.332
local_termination_time: 315744.20536
node_cons: 18163.806505593355
tot_aggregated_send: 0
tot_msg_rcv: 12632
tot_msg_sent: 12159
tot_reconf_duration: 5.1
tot_sleeping_duration: 872299.301600005
tot_uptimes: 227
tot_uptimes_duration: 13560.030399995041
