comms_cons: 88.14812159829945
finished_reconf: true
global_termination_time: 888775.152
local_termination_time: 736256.415239999
node_cons: 18249.972360000083
tot_aggregated_send: 12528
tot_msg_rcv: 240
tot_msg_sent: 630
tot_reconf_duration: 9.42
tot_sleeping_duration: 875155.152
tot_uptimes: 228
tot_uptimes_duration: 13620.0
