comms_cons: 88.4669311988564
finished_reconf: true
global_termination_time: 888673.902
local_termination_time: 400710.69236000004
node_cons: 18253.356482233645
tot_aggregated_send: 12586
tot_msg_rcv: 288
tot_msg_sent: 572
tot_reconf_duration: 11.899999999999999
tot_sleeping_duration: 875053.8898400047
tot_uptimes: 228
tot_uptimes_duration: 13620.012159995269
