comms_cons: 89.02378239557714
finished_reconf: true
global_termination_time: 885006.528
local_termination_time: 351632.23436000006
node_cons: 18172.215262238286
tot_aggregated_send: 11484
tot_msg_rcv: 599
tot_msg_sent: 1448
tot_reconf_duration: 11.31
tot_sleeping_duration: 871446.5158400014
tot_uptimes: 227
tot_uptimes_duration: 13560.012159998703
