comms_cons: 100.781088014024
finished_reconf: true
global_termination_time: 502795.682
local_termination_time: 1832.5863600000002
node_cons: 10292.072663364304
tot_aggregated_send: 0
tot_msg_rcv: 7886
tot_msg_sent: 7429
tot_reconf_duration: 6.279999999999999
tot_sleeping_duration: 495115.66375999677
tot_uptimes: 129
tot_uptimes_duration: 7680.018240003206
