comms_cons: 50.330880000772595
finished_reconf: true
global_termination_time: 499168.456
local_termination_time: 88362.13747999996
node_cons: 10221.064860000011
tot_aggregated_send: 6960
tot_msg_rcv: 296
tot_msg_sent: 394
tot_reconf_duration: 13.17
tot_sleeping_duration: 491548.456
tot_uptimes: 128
tot_uptimes_duration: 7620.0
