comms_cons: 98.97538561389013
finished_reconf: true
global_termination_time: 497669.159
local_termination_time: 2452.2433600000004
node_cons: 10304.376143364301
tot_aggregated_send: 0
tot_msg_rcv: 7628
tot_msg_sent: 7414
tot_reconf_duration: 15.34
tot_sleeping_duration: 489989.1407599968
tot_uptimes: 128
tot_uptimes_duration: 7680.018240003203
