comms_cons: 72.1086591985769
finished_reconf: true
global_termination_time: 706336.181
local_termination_time: 340496.25236000103
node_cons: 14465.350041116917
tot_aggregated_send: 9222
tot_msg_rcv: 518
tot_msg_sent: 1221
tot_reconf_duration: 3.05
tot_sleeping_duration: 695536.1749200023
tot_uptimes: 181
tot_uptimes_duration: 10800.006079997635
