comms_cons: 268.32904319037885
finished_reconf: true
global_termination_time: 2719389.275
local_termination_time: 562938.02
node_cons: 55926.46345622343
tot_aggregated_send: 37813
tot_msg_rcv: 990
tot_msg_sent: 1981
tot_reconf_duration: 4.8100000000000005
tot_sleeping_duration: 2677626.8168400116
tot_uptimes: 697
tot_uptimes_duration: 41762.45815998828
