comms_cons: 210.4175744285672
finished_reconf: true
global_termination_time: 439257.9486000001
local_termination_time: 439257.9074800001
node_cons: 26388.732155120528
tot_aggregated_send: 0
tot_msg_rcv: 12973
tot_msg_sent: 19009
tot_reconf_duration: 24.59
tot_sleeping_duration: 419575.0965199998
tot_uptimes: 322
tot_uptimes_duration: 19682.85208000036
