comms_cons: 86.91672321172926
finished_reconf: true
global_termination_time: 439258.5486000002
local_termination_time: 2934.2253600000004
node_cons: 9049.42427176455
tot_aggregated_send: 0
tot_msg_rcv: 6721
tot_msg_sent: 6487
tot_reconf_duration: 22.65
tot_sleeping_duration: 432523.1747599968
tot_uptimes: 113
tot_uptimes_duration: 6735.373840003391
