comms_cons: 43.73194240038275
finished_reconf: true
global_termination_time: 442735.436
local_termination_time: 307983.46560000005
node_cons: 9086.866759999974
tot_aggregated_send: 6380
tot_msg_rcv: 98
tot_msg_sent: 169
tot_reconf_duration: 6.22
tot_sleeping_duration: 435955.436
tot_uptimes: 114
tot_uptimes_duration: 6780.0
