comms_cons: 40.317964799935126
finished_reconf: true
global_termination_time: 401099.2938400006
local_termination_time: 401099.2527200006
node_cons: 8285.848392001388
tot_aggregated_send: 5612
tot_msg_rcv: 189
tot_msg_sent: 326
tot_reconf_duration: 24.59
tot_sleeping_duration: 394936.14583999955
tot_uptimes: 103
tot_uptimes_duration: 6163.14800000102
