comms_cons: 32.45840640012484
finished_reconf: true
global_termination_time: 167286.011
local_termination_time: 1173.8306000000007
node_cons: 3405.038700000002
tot_aggregated_send: 0
tot_msg_rcv: 2514
tot_msg_sent: 2418
tot_reconf_duration: 22.65
tot_sleeping_duration: 164766.011
tot_uptimes: 43
tot_uptimes_duration: 2520.0
