comms_cons: 2.296140799995052
finished_reconf: true
global_termination_time: 12583.802
local_termination_time: 4488.469359999999
node_cons: 245.16189999999904
tot_aggregated_send: 0
tot_msg_rcv: 176
tot_msg_sent: 172
tot_reconf_duration: 3.05
tot_sleeping_duration: 12403.802
tot_uptimes: 4
tot_uptimes_duration: 180.0
