comms_cons: 235.73523843378723
finished_reconf: true
global_termination_time: 543806.019
local_termination_time: 39674.33140000016
node_cons: 32648.50663432682
tot_aggregated_send: 0
tot_msg_rcv: 14538
tot_msg_sent: 21292
tot_reconf_duration: 18.21
tot_sleeping_duration: 519441.7341199949
tot_uptimes: 395
tot_uptimes_duration: 24364.284880005056
