comms_cons: 284.6826110659846
finished_reconf: true
global_termination_time: 976528.95
local_termination_time: 166380.56816000078
node_cons: 39924.22193624083
tot_aggregated_send: 0
tot_msg_rcv: 14487
tot_msg_sent: 28784
tot_reconf_duration: 18.21
tot_sleeping_duration: 946730.9718399992
tot_uptimes: 495
tot_uptimes_duration: 29797.978160000814
