comms_cons: 97.35900159782956
finished_reconf: true
global_termination_time: 977405.232
local_termination_time: 791175.10336
node_cons: 20093.45490112158
tot_aggregated_send: 13572
tot_msg_rcv: 433
tot_msg_sent: 793
tot_reconf_duration: 6.22
tot_sleeping_duration: 962405.225919999
tot_uptimes: 251
tot_uptimes_duration: 15000.006080001069
