comms_cons: 188.0161407891561
finished_reconf: true
global_termination_time: 1899746.996
local_termination_time: 921948.1343599998
node_cons: 39052.61393999969
tot_aggregated_send: 27086
tot_msg_rcv: 508
tot_msg_sent: 983
tot_reconf_duration: 5.43
tot_sleeping_duration: 1870586.996
tot_uptimes: 487
tot_uptimes_duration: 29160.0
