comms_cons: 97.64316159922994
finished_reconf: true
global_termination_time: 1010603.051
local_termination_time: 173318.01848000006
node_cons: 20752.465462238284
tot_aggregated_send: 13688
tot_msg_rcv: 404
tot_msg_sent: 751
tot_reconf_duration: 18.21
tot_sleeping_duration: 995123.0388400013
tot_uptimes: 259
tot_uptimes_duration: 15480.012159998703
