comms_cons: 201.21950718214305
finished_reconf: true
global_termination_time: 1981874.978
local_termination_time: 496254.69836000004
node_cons: 40740.96522782209
tot_aggregated_send: 27144
tot_msg_rcv: 1170
tot_msg_sent: 2271
tot_reconf_duration: 6.279999999999999
tot_sleeping_duration: 1951454.935440013
tot_uptimes: 508
tot_uptimes_duration: 30420.042559986876
