comms_cons: 196.71150079299218
finished_reconf: true
global_termination_time: 1981279.374
local_termination_time: 717737.5743599999
node_cons: 40748.540199999734
tot_aggregated_send: 28536
tot_msg_rcv: 504
tot_msg_sent: 859
tot_reconf_duration: 11.899999999999999
tot_sleeping_duration: 1950859.374
tot_uptimes: 508
tot_uptimes_duration: 30420.0
