comms_cons: 203.11550077946345
finished_reconf: true
global_termination_time: 1980915.034
local_termination_time: 494211.7965200004
node_cons: 40743.05654781754
tot_aggregated_send: 26564
tot_msg_rcv: 1461
tot_msg_sent: 2847
tot_reconf_duration: 7.819999999999999
tot_sleeping_duration: 1950494.9914400165
tot_uptimes: 508
tot_uptimes_duration: 30420.04255998344
