comms_cons: 460.80682246928296
finished_reconf: true
global_termination_time: 4604838.056
local_termination_time: 49520.31196000003
node_cons: 94738.82627117583
tot_aggregated_send: 63916
tot_msg_rcv: 2003
tot_msg_sent: 4122
tot_reconf_duration: 13.17
tot_sleeping_duration: 4534097.995200017
tot_uptimes: 1180
tot_uptimes_duration: 70740.06079998391
