comms_cons: 449.72130562943056
finished_reconf: true
global_termination_time: 4602509.324
local_termination_time: 3594112.38348
node_cons: 94656.6801999972
tot_aggregated_send: 66004
tot_msg_rcv: 779
tot_msg_sent: 1572
tot_reconf_duration: 11.899999999999999
tot_sleeping_duration: 4531829.324
tot_uptimes: 1179
tot_uptimes_duration: 70679.99999999997
