comms_cons: 53.017401602620815
finished_reconf: true
global_termination_time: 222941.35344000065
local_termination_time: 222941.31232000064
node_cons: 4692.371831612368
tot_aggregated_send: 0
tot_msg_rcv: 4675
tot_msg_sent: 3387
tot_reconf_duration: 37.410000000000004
tot_sleeping_duration: 219474.9090399914
tot_uptimes: 58
tot_uptimes_duration: 3466.4444000092262
