comms_cons: 44.124748802361985
finished_reconf: true
global_termination_time: 225541.303
local_termination_time: 6956.253360000001
node_cons: 4610.146841119155
tot_aggregated_send: 0
tot_msg_rcv: 3419
tot_msg_sent: 3287
tot_reconf_duration: 22.65
tot_sleeping_duration: 222121.29692000063
tot_uptimes: 58
tot_uptimes_duration: 3420.006079999366
