comms_cons: 178.1438335892393
finished_reconf: true
global_termination_time: 1768412.9791199989
local_termination_time: 1768412.937999999
node_cons: 36439.237906156566
tot_aggregated_send: 24533
tot_msg_rcv: 875
tot_msg_sent: 1666
tot_reconf_duration: 56.129999999999995
tot_sleeping_duration: 1741256.1356800015
tot_uptimes: 453
tot_uptimes_duration: 27156.843439997523
