comms_cons: 177.6659711838151
finished_reconf: true
global_termination_time: 1768413.00324
local_termination_time: 6605.758
node_cons: 36362.23828942522
tot_aggregated_send: 23701
tot_msg_rcv: 1267
tot_msg_sent: 2037
tot_reconf_duration: 21.68
tot_sleeping_duration: 1741278.726280011
tot_uptimes: 453
tot_uptimes_duration: 27134.276959989045
