comms_cons: 23.270630400177133
finished_reconf: true
global_termination_time: 221070.951
local_termination_time: 168980.81336000006
node_cons: 4529.806841121426
tot_aggregated_send: 2552
tot_msg_rcv: 309
tot_msg_sent: 676
tot_reconf_duration: 22.65
tot_sleeping_duration: 217710.94491999893
tot_uptimes: 57
tot_uptimes_duration: 3360.0060800010688
