comms_cons: 209.35784958003592
finished_reconf: true
global_termination_time: 2055858.282
local_termination_time: 633502.525
node_cons: 42265.10030510718
tot_aggregated_send: 28186
tot_msg_rcv: 1310
tot_msg_sent: 2326
tot_reconf_duration: 3.05
tot_sleeping_duration: 2024296.6999200094
tot_uptimes: 527
tot_uptimes_duration: 31561.58207999065
