comms_cons: 206.86436478466922
finished_reconf: true
global_termination_time: 2052071.75824
local_termination_time: 24046.27156
node_cons: 42212.97786470363
tot_aggregated_send: 28188
tot_msg_rcv: 1099
tot_msg_sent: 2155
tot_reconf_duration: 11.31
tot_sleeping_duration: 2020557.479760012
tot_uptimes: 526
tot_uptimes_duration: 31514.278479988046
