comms_cons: 113.5956991917466
finished_reconf: true
global_termination_time: 1113858.176
local_termination_time: 386884.65336000005
node_cons: 22914.07596335054
tot_aggregated_send: 14906
tot_msg_rcv: 834
tot_msg_sent: 1527
tot_reconf_duration: 12.629999999999999
tot_sleeping_duration: 1096758.157760007
tot_uptimes: 286
tot_uptimes_duration: 17100.018239992904
