comms_cons: 111.93439999001725
finished_reconf: true
global_termination_time: 1113831.519
local_termination_time: 607068.3083599998
node_cons: 22912.275262233616
tot_aggregated_send: 14964
tot_msg_rcv: 627
tot_msg_sent: 1420
tot_reconf_duration: 11.31
tot_sleeping_duration: 1096731.5068400048
tot_uptimes: 286
tot_uptimes_duration: 17100.01215999527
