comms_cons: 262.5758719864726
finished_reconf: true
global_termination_time: 2669312.076
local_termination_time: 904756.9454799998
node_cons: 54879.80034223269
tot_aggregated_send: 37294
tot_msg_rcv: 989
tot_msg_sent: 1627
tot_reconf_duration: 5.57
tot_sleeping_duration: 2628332.0638400046
tot_uptimes: 684
tot_uptimes_duration: 40980.01215999527
