comms_cons: 67.58874880099427
finished_reconf: true
global_termination_time: 670796.813
local_termination_time: 149650.84536000006
node_cons: 13756.041142242899
tot_aggregated_send: 9222
tot_msg_rcv: 363
tot_msg_sent: 688
tot_reconf_duration: 13.17
tot_sleeping_duration: 660536.8008399978
tot_uptimes: 172
tot_uptimes_duration: 10260.012160002138
