comms_cons: 69.08817919838016
finished_reconf: true
global_termination_time: 673323.169
local_termination_time: 85499.74483999966
node_cons: 13833.871544485759
tot_aggregated_send: 9048
tot_msg_rcv: 530
tot_msg_sent: 923
tot_reconf_duration: 11.31
tot_sleeping_duration: 663003.1446799957
tot_uptimes: 173
tot_uptimes_duration: 10320.024320004275
