comms_cons: 704.8498817471921
finished_reconf: true
global_termination_time: 7061802.81
local_termination_time: 2908222.41844
node_cons: 145263.29708669838
tot_aggregated_send: 98136
tot_msg_rcv: 3157
tot_msg_sent: 5839
tot_reconf_duration: 6.279999999999999
tot_sleeping_duration: 6953322.773520012
tot_uptimes: 1809
tot_uptimes_duration: 108480.0364799872
