comms_cons: 691.9206337431905
finished_reconf: true
global_termination_time: 7058005.098
local_termination_time: 3098374.7263599997
node_cons: 145185.42320781498
tot_aggregated_send: 97150
tot_msg_rcv: 2543
tot_msg_sent: 5473
tot_reconf_duration: 8.09
tot_sleeping_duration: 6949585.055440015
tot_uptimes: 1808
tot_uptimes_duration: 108420.04255998507
