comms_cons: 709.7649345944869
finished_reconf: true
global_termination_time: 7060305.77
local_termination_time: 1692188.7553599998
node_cons: 145260.77117228333
tot_aggregated_send: 98252
tot_msg_rcv: 3212
tot_msg_sent: 6416
tot_reconf_duration: 4.390000000000001
tot_sleeping_duration: 6951825.703120023
tot_uptimes: 1809
tot_uptimes_duration: 108480.06687997631
