comms_cons: 704.3954689534586
finished_reconf: true
global_termination_time: 7058975.344
local_termination_time: 2359800.2853599996
node_cons: 145182.88374781483
tot_aggregated_send: 98368
tot_msg_rcv: 2892
tot_msg_sent: 5804
tot_reconf_duration: 6.22
tot_sleeping_duration: 6950555.3014400145
tot_uptimes: 1808
tot_uptimes_duration: 108420.04255998507
