comms_cons: 23.086412800101858
finished_reconf: true
global_termination_time: 235283.98948000016
local_termination_time: 156312.54792000074
node_cons: 4866.044895601221
tot_aggregated_send: 3364
tot_msg_rcv: 42
tot_msg_sent: 103
tot_reconf_duration: 18.21
tot_sleeping_duration: 231668.36907999925
tot_uptimes: 61
tot_uptimes_duration: 3615.6204000009166
