comms_cons: 1.4408447999994611
finished_reconf: true
global_termination_time: 12922.354
local_termination_time: 5320.414360000001
node_cons: 271.77870000000075
tot_aggregated_send: 0
tot_msg_rcv: 122
tot_msg_sent: 97
tot_reconf_duration: 22.65
tot_sleeping_duration: 12742.354
tot_uptimes: 4
tot_uptimes_duration: 180.0
