comms_cons: 0.9276671999969369
finished_reconf: true
global_termination_time: 12725.253
local_termination_time: 6921.31936
node_cons: 256.3789800000005
tot_aggregated_send: 0
tot_msg_rcv: 76
tot_msg_sent: 65
tot_reconf_duration: 11.31
tot_sleeping_duration: 12545.253
tot_uptimes: 4
tot_uptimes_duration: 180.0
