comms_cons: 303.81849599044847
finished_reconf: true
global_termination_time: 3033671.254
local_termination_time: 331264.70636
node_cons: 62352.4170867044
tot_aggregated_send: 41818
tot_msg_rcv: 1508
tot_msg_sent: 2850
tot_reconf_duration: 6.279999999999999
tot_sleeping_duration: 2987111.2175200107
tot_uptimes: 777
tot_uptimes_duration: 46560.0364799893
