comms_cons: 239.1880703894281
finished_reconf: true
global_termination_time: 2364122.174
local_termination_time: 320963.5274400002
node_cons: 48612.68278782176
tot_aggregated_send: 32770
tot_msg_rcv: 1260
tot_msg_sent: 2327
tot_reconf_duration: 5.1
tot_sleeping_duration: 2327822.131440013
tot_uptimes: 606
tot_uptimes_duration: 36300.042559986876
