comms_cons: 280.40984320709214
finished_reconf: true
global_termination_time: 575852.4287599981
local_termination_time: 575852.3876399981
node_cons: 35310.02527196789
tot_aggregated_send: 0
tot_msg_rcv: 17156
tot_msg_sent: 25462
tot_reconf_duration: 24.59
tot_sleeping_duration: 549506.9231199921
tot_uptimes: 435
tot_uptimes_duration: 26345.505640005926
