comms_cons: 115.27055360353712
finished_reconf: true
global_termination_time: 580279.657
local_termination_time: 2350.818040000001
node_cons: 11915.081744483454
tot_aggregated_send: 0
tot_msg_rcv: 8940
tot_msg_sent: 8580
tot_reconf_duration: 18.21
tot_sleeping_duration: 571399.6326799975
tot_uptimes: 149
tot_uptimes_duration: 8880.024320002569
