comms_cons: 59.897664000740114
finished_reconf: true
global_termination_time: 578678.224
local_termination_time: 193513.54736000006
node_cons: 11897.278364481148
tot_aggregated_send: 7598
tot_msg_rcv: 518
tot_msg_sent: 988
tot_reconf_duration: 5.1
tot_sleeping_duration: 569798.1996799991
tot_uptimes: 149
tot_uptimes_duration: 8880.02432000084
