comms_cons: 59.85063680164446
finished_reconf: true
global_termination_time: 580482.628
local_termination_time: 178622.5706400004
node_cons: 11897.73464560716
tot_aggregated_send: 7540
tot_msg_rcv: 507
tot_msg_sent: 1051
tot_reconf_duration: 5.43
tot_sleeping_duration: 571602.5975999946
tot_uptimes: 149
tot_uptimes_duration: 8880.030400005344
