comms_cons: 669.9819328869555
finished_reconf: true
global_termination_time: 6745248.82432
local_termination_time: 6745248.7831999995
node_cons: 138826.20964983426
tot_aggregated_send: 97266
tot_msg_rcv: 1676
tot_msg_sent: 2889
tot_reconf_duration: 37.410000000000004
tot_sleeping_duration: 6641607.74376
tot_uptimes: 1728
tot_uptimes_duration: 103641.08055999933
