comms_cons: 649.2025600535624
finished_reconf: true
global_termination_time: 6751392.019
local_termination_time: 3661802.5115199992
node_cons: 138852.93088223
tot_aggregated_send: 93612
tot_msg_rcv: 1654
tot_msg_sent: 3409
tot_reconf_duration: 18.700000000000003
tot_sleeping_duration: 6647712.006840005
tot_uptimes: 1729
tot_uptimes_duration: 103680.01215999573
