comms_cons: 665.9174721219604
finished_reconf: true
global_termination_time: 6748694.375
local_termination_time: 951162.7943599999
node_cons: 138838.20468893205
tot_aggregated_send: 93728
tot_msg_rcv: 2432
tot_msg_sent: 5055
tot_reconf_duration: 7.819999999999999
tot_sleeping_duration: 6645014.326360018
tot_uptimes: 1729
tot_uptimes_duration: 103680.04863998247
