comms_cons: 668.2352129083288
finished_reconf: true
global_termination_time: 6745383.609
local_termination_time: 1243336.08836
node_cons: 138762.5878266981
tot_aggregated_send: 93786
tot_msg_rcv: 2848
tot_msg_sent: 4933
tot_reconf_duration: 11.31
tot_sleeping_duration: 6641763.572520013
tot_uptimes: 1728
tot_uptimes_duration: 103620.03647998697
