comms_cons: 667.0733953202327
finished_reconf: true
global_termination_time: 6746070.832
local_termination_time: 1475265.9793599998
node_cons: 138754.58650446363
tot_aggregated_send: 93728
tot_msg_rcv: 2638
tot_msg_sent: 5023
tot_reconf_duration: 5.43
tot_sleeping_duration: 6642450.80768001
tot_uptimes: 1728
tot_uptimes_duration: 103620.02431999124
