comms_cons: 151.57198078816168
finished_reconf: true
global_termination_time: 1503622.6144799998
local_termination_time: 1503622.5733599998
node_cons: 30982.70050654687
tot_aggregated_send: 20866
tot_msg_rcv: 707
tot_msg_sent: 1465
tot_reconf_duration: 24.59
tot_sleeping_duration: 1480508.8674400097
tot_uptimes: 386
tot_uptimes_duration: 23113.74703999015
