comms_cons: 235.79257585829723
finished_reconf: true
global_termination_time: 1505607.496
local_termination_time: 930805.3683599998
node_cons: 30946.258979999966
tot_aggregated_send: 0
tot_msg_rcv: 18152
tot_msg_sent: 17688
tot_reconf_duration: 11.31
tot_sleeping_duration: 1482507.496
tot_uptimes: 386
tot_uptimes_duration: 23100.0
