comms_cons: 19.94155520010464
finished_reconf: true
global_termination_time: 204120.994
local_termination_time: 178686.42764000085
node_cons: 4181.821899999987
tot_aggregated_send: 2958
tot_msg_rcv: 17
tot_msg_sent: 56
tot_reconf_duration: 3.05
tot_sleeping_duration: 201000.994
tot_uptimes: 53
tot_uptimes_duration: 3120.0
