comms_cons: 149.3193471890686
finished_reconf: true
global_termination_time: 1487037.043
local_termination_time: 830142.9254799988
node_cons: 30550.0561433505
tot_aggregated_send: 20706
tot_msg_rcv: 665
tot_msg_sent: 1324
tot_reconf_duration: 15.34
tot_sleeping_duration: 1464237.0247600072
tot_uptimes: 381
tot_uptimes_duration: 22800.018239992904
