comms_cons: 147.03292799275883
finished_reconf: true
global_termination_time: 1484956.018
local_termination_time: 313053.92336
node_cons: 30535.17790223825
tot_aggregated_send: 20358
tot_msg_rcv: 653
tot_msg_sent: 1337
tot_reconf_duration: 4.390000000000001
tot_sleeping_duration: 1462156.0058400012
tot_uptimes: 381
tot_uptimes_duration: 22800.012159998703
