comms_cons: 150.7163135892434
finished_reconf: true
global_termination_time: 1486090.178
local_termination_time: 532049.0735999998
node_cons: 30544.591544467297
tot_aggregated_send: 20300
tot_msg_rcv: 922
tot_msg_sent: 1686
tot_reconf_duration: 11.31
tot_sleeping_duration: 1463290.1536800095
tot_uptimes: 381
tot_uptimes_duration: 22800.024319990538
