comms_cons: 41.45553920022421
finished_reconf: true
global_termination_time: 412976.84
local_termination_time: 53463.12428000007
node_cons: 8444.163042242873
tot_aggregated_send: 5568
tot_msg_rcv: 239
tot_msg_sent: 494
tot_reconf_duration: 6.22
tot_sleeping_duration: 406676.8278399979
tot_uptimes: 106
tot_uptimes_duration: 6300.0121600021375
