comms_cons: 530.3565184137237
finished_reconf: true
global_termination_time: 5506967.706
local_termination_time: 2745475.5837999983
node_cons: 113286.3502233478
tot_aggregated_send: 75748
tot_msg_rcv: 1599
tot_msg_sent: 3265
tot_reconf_duration: 5.1
tot_sleeping_duration: 5422367.687760007
tot_uptimes: 1411
tot_uptimes_duration: 84600.01823999337
