comms_cons: 528.4005504338925
finished_reconf: true
global_termination_time: 5506854.944
local_termination_time: 2904866.9323599995
node_cons: 113313.78182334744
tot_aggregated_send: 75284
tot_msg_rcv: 1681
tot_msg_sent: 3348
tot_reconf_duration: 25.299999999999997
tot_sleeping_duration: 5422254.9257600065
tot_uptimes: 1411
tot_uptimes_duration: 84600.01823999337
