comms_cons: 546.961792070833
finished_reconf: true
global_termination_time: 5505264.272
local_termination_time: 1243336.08836
node_cons: 113214.44340334777
tot_aggregated_send: 76618
tot_msg_rcv: 2401
tot_msg_sent: 4116
tot_reconf_duration: 11.31
tot_sleeping_duration: 5420724.253760006
tot_uptimes: 1410
tot_uptimes_duration: 84540.01823999337
