comms_cons: 539.3862272537589
finished_reconf: true
global_termination_time: 5506492.32
local_termination_time: 1475265.9793599998
node_cons: 113286.79022223044
tot_aggregated_send: 76560
tot_msg_rcv: 1900
tot_msg_sent: 3522
tot_reconf_duration: 5.43
tot_sleeping_duration: 5421892.3078400055
tot_uptimes: 1411
tot_uptimes_duration: 84600.0121599955
