comms_cons: 279.05692799748925
finished_reconf: true
global_termination_time: 2873200.292
local_termination_time: 1387236.5007199997
node_cons: 59067.78485999881
tot_aggregated_send: 41586
tot_msg_rcv: 255
tot_msg_sent: 574
tot_reconf_duration: 13.17
tot_sleeping_duration: 2829100.292
tot_uptimes: 736
tot_uptimes_duration: 44100.0
