comms_cons: 285.4918527852652
finished_reconf: true
global_termination_time: 2872215.754
local_termination_time: 401484.57836000004
node_cons: 59057.355351177604
tot_aggregated_send: 38918
tot_msg_rcv: 1524
tot_msg_sent: 2953
tot_reconf_duration: 5.43
tot_sleeping_duration: 2828115.6932000164
tot_uptimes: 736
tot_uptimes_duration: 44100.060799984094
