comms_cons: 94.50655999830725
finished_reconf: true
global_termination_time: 921718.288
local_termination_time: 459515.57036
node_cons: 18967.214646719385
tot_aggregated_send: 11542
tot_msg_rcv: 909
tot_msg_sent: 1914
tot_reconf_duration: 5.1
tot_sleeping_duration: 907558.2515200004
tot_uptimes: 237
tot_uptimes_duration: 14160.036479999544
