comms_cons: 93.39299839592971
finished_reconf: true
global_termination_time: 923303.844
local_termination_time: 267291.42360000004
node_cons: 18978.157424476532
tot_aggregated_send: 12412
tot_msg_rcv: 621
tot_msg_sent: 1163
tot_reconf_duration: 13.17
tot_sleeping_duration: 909143.8196800026
tot_uptimes: 237
tot_uptimes_duration: 14160.024319997407
