comms_cons: 93.58254079717598
finished_reconf: true
global_termination_time: 920983.778
local_termination_time: 493325.74236000003
node_cons: 18892.28766224287
tot_aggregated_send: 12006
tot_msg_rcv: 885
tot_msg_sent: 1333
tot_reconf_duration: 9.11
tot_sleeping_duration: 906883.7658399979
tot_uptimes: 236
tot_uptimes_duration: 14100.012160002138
