comms_cons: 92.44415999785227
finished_reconf: true
global_termination_time: 922332.323
local_termination_time: 275339.53336000006
node_cons: 18973.032360000005
tot_aggregated_send: 12818
tot_msg_rcv: 411
tot_msg_sent: 822
tot_reconf_duration: 9.42
tot_sleeping_duration: 908172.323
tot_uptimes: 237
tot_uptimes_duration: 14160.0
