comms_cons: 94.55343359274944
finished_reconf: true
global_termination_time: 924502.798
local_termination_time: 330274.27336000005
node_cons: 18977.424104471964
tot_aggregated_send: 12470
tot_msg_rcv: 734
tot_msg_sent: 1168
tot_reconf_duration: 12.629999999999999
tot_sleeping_duration: 910342.773680006
tot_uptimes: 237
tot_uptimes_duration: 14160.024319993972
