comms_cons: 93.51016959378379
finished_reconf: true
global_termination_time: 921113.177
local_termination_time: 488576.0156000001
node_cons: 18894.818946710235
tot_aggregated_send: 12122
tot_msg_rcv: 696
tot_msg_sent: 1395
tot_reconf_duration: 10.95
tot_sleeping_duration: 907013.1405200073
tot_uptimes: 236
tot_uptimes_duration: 14100.036479992676
