comms_cons: 92.83251199753902
finished_reconf: true
global_termination_time: 922112.518
local_termination_time: 505315.847
node_cons: 18981.66225575639
tot_aggregated_send: 12754
tot_msg_rcv: 428
tot_msg_sent: 928
tot_reconf_duration: 11.899999999999999
tot_sleeping_duration: 907948.5881600027
tot_uptimes: 237
tot_uptimes_duration: 14163.92983999732
