comms_cons: 182.81313272219384
finished_reconf: true
global_termination_time: 923537.198
local_termination_time: 1038.5304800000006
node_cons: 18964.406323355124
tot_aggregated_send: 0
tot_msg_rcv: 14084
tot_msg_sent: 13701
tot_reconf_duration: 3.05
tot_sleeping_duration: 909377.1797600037
tot_uptimes: 237
tot_uptimes_duration: 14160.018239996338
