comms_cons: 16.31132159934669
finished_reconf: true
global_termination_time: 134048.405
local_termination_time: 6506.666999999999
node_cons: 2761.066568957206
tot_aggregated_send: 575
tot_msg_rcv: 867
tot_msg_sent: 1038
tot_reconf_duration: 21.68
tot_sleeping_duration: 132008.35636000207
tot_uptimes: 35
tot_uptimes_duration: 2040.0486399979127
