comms_cons: 13.839193599742215
finished_reconf: true
global_termination_time: 134140.825
local_termination_time: 439.77012
node_cons: 2744.3876267194682
tot_aggregated_send: 696
tot_msg_rcv: 569
tot_msg_sent: 841
tot_reconf_duration: 9.41
tot_sleeping_duration: 132100.7885200004
tot_uptimes: 35
tot_uptimes_duration: 2040.0364799996023
