comms_cons: 12.853324799899266
finished_reconf: true
global_termination_time: 136024.182
local_termination_time: 6090.268
node_cons: 2747.5001833585948
tot_aggregated_send: 630
tot_msg_rcv: 570
tot_msg_sent: 753
tot_reconf_duration: 11.719999999999999
tot_sleeping_duration: 133984.16376000107
tot_uptimes: 35
tot_uptimes_duration: 2040.0182399989499
