comms_cons: 60.962867199737055
finished_reconf: true
global_termination_time: 597121.576
local_termination_time: 71593.69243999987
node_cons: 12220.12676000002
tot_aggregated_send: 8120
tot_msg_rcv: 455
tot_msg_sent: 691
tot_reconf_duration: 6.22
tot_sleeping_duration: 588001.576
tot_uptimes: 153
tot_uptimes_duration: 9120.0
