comms_cons: 85.38790399688709
finished_reconf: true
global_termination_time: 845720.163
local_termination_time: 118311.0764799997
node_cons: 17360.43907008831
tot_aggregated_send: 10904
tot_msg_rcv: 704
tot_msg_sent: 1372
tot_reconf_duration: 5.1
tot_sleeping_duration: 832760.1082799938
tot_uptimes: 217
tot_uptimes_duration: 12960.054720006185
