comms_cons: 86.6495935961006
finished_reconf: true
global_termination_time: 841963.914
local_termination_time: 228639.64636000097
node_cons: 17282.067510684203
tot_aggregated_send: 11020
tot_msg_rcv: 748
tot_msg_sent: 1402
tot_reconf_duration: 5.43
tot_sleeping_duration: 829062.7238799969
tot_uptimes: 216
tot_uptimes_duration: 12901.190120003128
