comms_cons: 85.0705407982046
finished_reconf: true
global_termination_time: 844533.42
local_termination_time: 513377.3012000006
node_cons: 17374.320566714847
tot_aggregated_send: 11310
tot_msg_rcv: 579
tot_msg_sent: 1041
tot_reconf_duration: 15.34
tot_sleeping_duration: 831573.3835200039
tot_uptimes: 217
tot_uptimes_duration: 12960.03647999611
