comms_cons: 161.5660415911774
finished_reconf: true
global_termination_time: 1617320.4905999978
local_termination_time: 1617320.4905999978
node_cons: 33385.65212463537
tot_aggregated_send: 23070
tot_msg_rcv: 500
tot_msg_sent: 987
tot_reconf_duration: 24.59
tot_sleeping_duration: 1592412.1568400015
tot_uptimes: 415
tot_uptimes_duration: 24908.333759996516
