comms_cons: 156.2954751993571
finished_reconf: true
global_termination_time: 1624145.046
local_termination_time: 800032.6333599999
node_cons: 33356.458979999945
tot_aggregated_send: 23316
tot_msg_rcv: 143
tot_msg_sent: 297
tot_reconf_duration: 11.31
tot_sleeping_duration: 1599245.046
tot_uptimes: 416
tot_uptimes_duration: 24900.0
