comms_cons: 0.5855487999997423
finished_reconf: true
global_termination_time: 6596.313
local_termination_time: 278.47603999999984
node_cons: 105.06918000000002
tot_aggregated_send: 0
tot_msg_rcv: 46
tot_msg_sent: 42
tot_reconf_duration: 18.21
tot_sleeping_duration: 6536.313
tot_uptimes: 2
tot_uptimes_duration: 60.00000000000003
