comms_cons: 21.93568000016556
finished_reconf: true
global_termination_time: 221685.834
local_termination_time: 7436.887240000005
node_cons: 4560.129624481441
tot_aggregated_send: 3016
tot_msg_rcv: 91
tot_msg_sent: 227
tot_reconf_duration: 25.299999999999997
tot_sleeping_duration: 218305.86967999893
tot_uptimes: 57
tot_uptimes_duration: 3379.9643200010732
