comms_cons: 43.68999680249393
finished_reconf: true
global_termination_time: 218912.167
local_termination_time: 1657.3590400000014
node_cons: 4529.806841121434
tot_aggregated_send: 0
tot_msg_rcv: 3407
tot_msg_sent: 3232
tot_reconf_duration: 22.65
tot_sleeping_duration: 215552.16091999892
tot_uptimes: 57
tot_uptimes_duration: 3360.0060800010688
