comms_cons: 21.10607360019209
finished_reconf: true
global_termination_time: 218327.516
local_termination_time: 211349.9697200001
node_cons: 4424.6616200000235
tot_aggregated_send: 3074
tot_msg_rcv: 21
tot_msg_sent: 113
tot_reconf_duration: 4.390000000000001
tot_sleeping_duration: 215027.516
tot_uptimes: 56
tot_uptimes_duration: 3300.0
