comms_cons: 12.067507199844906
finished_reconf: true
global_termination_time: 116503.25203999983
local_termination_time: 116503.21091999984
node_cons: 2395.8431945597663
tot_aggregated_send: 1378
tot_msg_rcv: 137
tot_msg_sent: 319
tot_reconf_duration: 24.59
tot_sleeping_duration: 114738.913
tot_uptimes: 30
tot_uptimes_duration: 1764.3390399998316
