comms_cons: 13.502399999855804
finished_reconf: true
global_termination_time: 120601.115
local_termination_time: 29026.274480000004
node_cons: 2440.9749822394447
tot_aggregated_send: 1218
tot_msg_rcv: 325
tot_msg_sent: 511
tot_reconf_duration: 22.65
tot_sleeping_duration: 118801.10284000043
tot_uptimes: 31
tot_uptimes_duration: 1800.0121599995837
