comms_cons: 13.17813759973016
finished_reconf: true
global_termination_time: 119334.702
local_termination_time: 84902.32735999969
node_cons: 2416.177902238302
tot_aggregated_send: 1334
tot_msg_rcv: 265
tot_msg_sent: 404
tot_reconf_duration: 4.390000000000001
tot_sleeping_duration: 117534.68984000127
tot_uptimes: 31
tot_uptimes_duration: 1800.0121599987324
