comms_cons: 12.435315199908537
finished_reconf: true
global_termination_time: 117640.116
local_termination_time: 96243.57535999997
node_cons: 2420.827701119161
tot_aggregated_send: 1450
tot_msg_rcv: 155
tot_msg_sent: 286
tot_reconf_duration: 7.819999999999999
tot_sleeping_duration: 115840.10992000063
tot_uptimes: 31
tot_uptimes_duration: 1800.0060799993662
