comms_cons: 828.7470009502141
finished_reconf: true
global_termination_time: 1988623.99
local_termination_time: 583051.785879998
node_cons: 120922.17622124648
tot_aggregated_send: 0
tot_msg_rcv: 50853
tot_msg_sent: 75114
tot_reconf_duration: 18.21
tot_sleeping_duration: 1898334.6344800224
tot_uptimes: 1486
tot_uptimes_duration: 90289.3555199777
