comms_cons: 194.08044799554767
finished_reconf: true
global_termination_time: 1990563.003
local_termination_time: 848965.0503599999
node_cons: 40927.425541116594
tot_aggregated_send: 28478
tot_msg_rcv: 346
tot_msg_sent: 675
tot_reconf_duration: 25.299999999999997
tot_sleeping_duration: 1960022.9969200024
tot_uptimes: 510
tot_uptimes_duration: 30540.006079997635
