comms_cons: 197.173299193329
finished_reconf: true
global_termination_time: 1988319.2122799982
local_termination_time: 1988319.1711599983
node_cons: 41001.125929275906
tot_aggregated_send: 28638
tot_msg_rcv: 412
tot_msg_sent: 919
tot_reconf_duration: 24.59
tot_sleeping_duration: 1957723.444760001
tot_uptimes: 510
tot_uptimes_duration: 30595.767519997164
