comms_cons: 202.14042237770207
finished_reconf: true
global_termination_time: 1991239.003
local_termination_time: 593170.76536
node_cons: 40897.27517005585
tot_aggregated_send: 26506
tot_msg_rcv: 1443
tot_msg_sent: 2774
tot_reconf_duration: 3.05
tot_sleeping_duration: 1960698.9482800178
tot_uptimes: 510
tot_uptimes_duration: 30540.054719982145
