comms_cons: 196.5087999817402
finished_reconf: true
global_termination_time: 1989713.652
local_termination_time: 806127.08236
node_cons: 40901.56374782224
tot_aggregated_send: 26622
tot_msg_rcv: 1131
tot_msg_sent: 2116
tot_reconf_duration: 6.22
tot_sleeping_duration: 1959173.609440013
tot_uptimes: 510
tot_uptimes_duration: 30540.042559986876
