comms_cons: 51.92304640030534
finished_reconf: true
global_termination_time: 528920.313
local_termination_time: 475311.92376000085
node_cons: 10856.527701121451
tot_aggregated_send: 7424
tot_msg_rcv: 124
tot_msg_sent: 344
tot_reconf_duration: 7.819999999999999
tot_sleeping_duration: 520820.3069199989
tot_uptimes: 136
tot_uptimes_duration: 8100.006080001069
