comms_cons: 48.31569920128648
finished_reconf: true
global_termination_time: 459451.38496000017
local_termination_time: 459451.34384000016
node_cons: 9457.20687744703
tot_aggregated_send: 5844
tot_msg_rcv: 550
tot_msg_sent: 948
tot_reconf_duration: 24.59
tot_sleeping_duration: 452413.4359999949
tot_uptimes: 118
tot_uptimes_duration: 7037.948960005233
