comms_cons: 2.072447999993152
finished_reconf: true
global_termination_time: 16500.657
local_termination_time: 11039.457360000002
node_cons: 338.51154000000145
tot_aggregated_send: 0
tot_msg_rcv: 191
tot_msg_sent: 124
tot_reconf_duration: 12.629999999999999
tot_sleeping_duration: 16260.657
tot_uptimes: 5
tot_uptimes_duration: 240.0
