comms_cons: 3.046271999988001
finished_reconf: true
global_termination_time: 19016.23
local_termination_time: 6311.995360000001
node_cons: 327.9001211200068
tot_aggregated_send: 0
tot_msg_rcv: 288
tot_msg_sent: 174
tot_reconf_duration: 4.8100000000000005
tot_sleeping_duration: 18776.223919999997
tot_uptimes: 5
tot_uptimes_duration: 240.00608000000466
