comms_cons: 478.80128003409965
finished_reconf: true
global_termination_time: 4836795.073399998
local_termination_time: 4836795.032279998
node_cons: 99587.81108007101
tot_aggregated_send: 70038
tot_msg_rcv: 945
tot_msg_sent: 1791
tot_reconf_duration: 37.410000000000004
tot_sleeping_duration: 4762458.248680002
tot_uptimes: 1239
tot_uptimes_duration: 74336.82471999561
