comms_cons: 480.09966727346017
finished_reconf: true
global_termination_time: 4841216.874
local_termination_time: 3685436.3426
node_cons: 99556.13824111392
tot_aggregated_send: 67048
tot_msg_rcv: 2025
tot_msg_sent: 3899
tot_reconf_duration: 10.95
tot_sleeping_duration: 4766876.867920002
tot_uptimes: 1240
tot_uptimes_duration: 74340.00607999787
