comms_cons: 482.37516806021455
finished_reconf: true
global_termination_time: 4837878.17
local_termination_time: 2128804.3286
node_cons: 99476.33596781663
tot_aggregated_send: 67744
tot_msg_rcv: 1798
tot_msg_sent: 3774
tot_reconf_duration: 11.31
tot_sleeping_duration: 4763598.127440015
tot_uptimes: 1239
tot_uptimes_duration: 74280.0425599846
