comms_cons: 10.118809600054945
finished_reconf: true
global_termination_time: 100190.209
local_termination_time: 45550.11448000001
node_cons: 2033.2373211202892
tot_aggregated_send: 1334
tot_msg_rcv: 104
tot_msg_sent: 100
tot_reconf_duration: 18.21
tot_sleeping_duration: 98690.20291999979
tot_uptimes: 26
tot_uptimes_duration: 1500.0060800002175
