comms_cons: 9.868799999978842
finished_reconf: true
global_termination_time: 99679.381
local_termination_time: 29663.9476
node_cons: 2023.858979999996
tot_aggregated_send: 1276
tot_msg_rcv: 60
tot_msg_sent: 164
tot_reconf_duration: 11.31
tot_sleeping_duration: 98179.381
tot_uptimes: 26
tot_uptimes_duration: 1500.0
