comms_cons: 282.1634048069595
finished_reconf: true
global_termination_time: 2750147.035
local_termination_time: 743049.252879998
node_cons: 56567.021753401576
tot_aggregated_send: 36598
tot_msg_rcv: 2045
tot_msg_sent: 4245
tot_reconf_duration: 5.57
tot_sleeping_duration: 2707906.962040028
tot_uptimes: 705
tot_uptimes_duration: 42240.07295997208
