comms_cons: 274.14868480947035
finished_reconf: true
global_termination_time: 2750202.783
local_termination_time: 77009.51435999997
node_cons: 56571.731379999015
tot_aggregated_send: 39382
tot_msg_rcv: 845
tot_msg_sent: 1442
tot_reconf_duration: 9.11
tot_sleeping_duration: 2707962.783
tot_uptimes: 705
tot_uptimes_duration: 42240.0
