comms_cons: 283.8139327991074
finished_reconf: true
global_termination_time: 2750152.264
local_termination_time: 36563.25452000008
node_cons: 56565.45187787067
tot_aggregated_send: 36308
tot_msg_rcv: 2398
tot_msg_sent: 4434
tot_reconf_duration: 4.390000000000001
tot_sleeping_duration: 2707912.166720036
tot_uptimes: 705
tot_uptimes_duration: 42240.097279963884
