comms_cons: 275.7256703892961
finished_reconf: true
global_termination_time: 2751737.384
local_termination_time: 801478.47636
node_cons: 56563.58331117432
tot_aggregated_send: 36946
tot_msg_rcv: 1695
tot_msg_sent: 3266
tot_reconf_duration: 3.05
tot_sleeping_duration: 2709497.3232000186
tot_uptimes: 705
tot_uptimes_duration: 42240.06079998151
