comms_cons: 132.8208895963747
finished_reconf: true
global_termination_time: 1344570.572
local_termination_time: 504908.1906800003
node_cons: 27667.718700000078
tot_aggregated_send: 19488
tot_msg_rcv: 276
tot_msg_sent: 424
tot_reconf_duration: 22.65
tot_sleeping_duration: 1323930.572
tot_uptimes: 345
tot_uptimes_duration: 20640.0
