comms_cons: 15.450470399771774
finished_reconf: true
global_termination_time: 132964.99
local_termination_time: 66075.54235999996
node_cons: 2765.958105598021
tot_aggregated_send: 1044
tot_msg_rcv: 503
tot_msg_sent: 804
tot_reconf_duration: 25.299999999999997
tot_sleeping_duration: 130924.95960000146
tot_uptimes: 35
tot_uptimes_duration: 2040.0303999985335
