comms_cons: 17.318239999564224
finished_reconf: true
global_termination_time: 131876.55
local_termination_time: 76803.84991999982
node_cons: 2666.1145233574507
tot_aggregated_send: 986
tot_msg_rcv: 773
tot_msg_sent: 873
tot_reconf_duration: 10.95
tot_sleeping_duration: 129896.53176000189
tot_uptimes: 34
tot_uptimes_duration: 1980.0182399980986
