comms_cons: 15.304473599871326
finished_reconf: true
global_termination_time: 131046.4702399997
local_termination_time: 23043.691359999997
node_cons: 2739.7832883190886
tot_aggregated_send: 580
tot_msg_rcv: 684
tot_msg_sent: 1062
tot_reconf_duration: 11.31
tot_sleeping_duration: 129011.79936000038
tot_uptimes: 34
tot_uptimes_duration: 2034.6708799993212
