comms_cons: 233.647129598309
finished_reconf: true
global_termination_time: 2373398.785
local_termination_time: 1302168.7773599997
node_cons: 48784.27300111609
tot_aggregated_send: 34278
tot_msg_rcv: 318
tot_msg_sent: 917
tot_reconf_duration: 13.17
tot_sleeping_duration: 2336978.7789200027
tot_uptimes: 608
tot_uptimes_duration: 36420.006079997635
