comms_cons: 237.50911998396919
finished_reconf: true
global_termination_time: 2373929.132
local_termination_time: 545280.8903599998
node_cons: 48772.38232558386
tot_aggregated_send: 32654
tot_msg_rcv: 1161
tot_msg_sent: 2285
tot_reconf_duration: 4.390000000000001
tot_sleeping_duration: 2337509.101600012
tot_uptimes: 608
tot_uptimes_duration: 36420.030399988405
