comms_cons: 237.65100159794696
finished_reconf: true
global_termination_time: 2371249.8051199955
local_termination_time: 53222.80248000001
node_cons: 48806.86418749085
tot_aggregated_send: 33234
tot_msg_rcv: 934
tot_msg_sent: 1952
tot_reconf_duration: 7.819999999999999
tot_sleeping_duration: 2334807.5014400166
tot_uptimes: 608
tot_uptimes_duration: 36442.30367997871
