comms_cons: 1146.2645245161782
finished_reconf: true
global_termination_time: 2371249.2306
local_termination_time: 2371249.1894799997
node_cons: 143912.11193668906
tot_aggregated_send: 0
tot_msg_rcv: 70421
tot_msg_sent: 103804
tot_reconf_duration: 24.59
tot_sleeping_duration: 2263796.8641200196
tot_uptimes: 1754
tot_uptimes_duration: 107452.36647998038
