comms_cons: 419.06277125543807
finished_reconf: true
global_termination_time: 4198277.081
local_termination_time: 1900388.38836
node_cons: 86386.37242558294
tot_aggregated_send: 57594
tot_msg_rcv: 2219
tot_msg_sent: 3882
tot_reconf_duration: 15.34
tot_sleeping_duration: 4133777.0506000114
tot_uptimes: 1076
tot_uptimes_duration: 64500.03039998887
