comms_cons: 422.04252166752127
finished_reconf: true
global_termination_time: 4200607.488
local_termination_time: 215237.71520000018
node_cons: 86396.32382893332
tot_aggregated_send: 58058
tot_msg_rcv: 1872
tot_msg_sent: 4218
tot_reconf_duration: 22.65
tot_sleeping_duration: 4136107.4393600184
tot_uptimes: 1076
tot_uptimes_duration: 64500.048639981775
