comms_cons: 419.9772800491638
finished_reconf: true
global_termination_time: 4198169.433
local_termination_time: 1509542.7114799998
node_cons: 86373.9711833485
tot_aggregated_send: 57652
tot_msg_rcv: 2008
tot_msg_sent: 4175
tot_reconf_duration: 6.22
tot_sleeping_duration: 4133669.414760007
tot_uptimes: 1076
tot_uptimes_duration: 64500.01823999314
