comms_cons: 46.30440960323768
finished_reconf: true
global_termination_time: 261687.154
local_termination_time: 83910.86035999996
node_cons: 5386.93004112142
tot_aggregated_send: 0
tot_msg_rcv: 3556
tot_msg_sent: 3482
tot_reconf_duration: 3.05
tot_sleeping_duration: 257667.14791999894
tot_uptimes: 68
tot_uptimes_duration: 4020.0060800010688
