comms_cons: 43.16017920026743
finished_reconf: true
global_termination_time: 435674.965
local_termination_time: 120108.90323999943
node_cons: 8927.532684480684
tot_aggregated_send: 6148
tot_msg_rcv: 127
tot_msg_sent: 285
tot_reconf_duration: 6.279999999999999
tot_sleeping_duration: 429014.0206799995
tot_uptimes: 112
tot_uptimes_duration: 6660.944320000504
