comms_cons: 43.37729280017754
finished_reconf: true
global_termination_time: 435798.717
local_termination_time: 44793.67072000002
node_cons: 8933.098980000008
tot_aggregated_send: 6264
tot_msg_rcv: 165
tot_msg_sent: 164
tot_reconf_duration: 11.31
tot_sleeping_duration: 429138.717
tot_uptimes: 112
tot_uptimes_duration: 6660.0
