comms_cons: 64.8445952070179
finished_reconf: true
global_termination_time: 381192.641
local_termination_time: 8048.67036
node_cons: 7801.43490112144
tot_aggregated_send: 0
tot_msg_rcv: 4986
tot_msg_sent: 4870
tot_reconf_duration: 6.22
tot_sleeping_duration: 375372.63491999893
tot_uptimes: 98
tot_uptimes_duration: 5820.006080001069
