comms_cons: 0.5065984000000568
finished_reconf: true
global_termination_time: 4640.04
local_termination_time: 89.93748000000002
node_cons: 105.06917999999999
tot_aggregated_send: 0
tot_msg_rcv: 34
tot_msg_sent: 42
tot_reconf_duration: 18.21
tot_sleeping_duration: 4580.04
tot_uptimes: 2
tot_uptimes_duration: 59.99999999999999
