comms_cons: 46.26493440080196
finished_reconf: true
global_termination_time: 462733.66772000055
local_termination_time: 462733.62660000054
node_cons: 9587.306784565082
tot_aggregated_send: 6354
tot_msg_rcv: 175
tot_msg_sent: 502
tot_reconf_duration: 37.410000000000004
tot_sleeping_duration: 455611.5586799968
tot_uptimes: 119
tot_uptimes_duration: 7122.109040003779
