comms_cons: 46.86364160080248
finished_reconf: true
global_termination_time: 462816.987
local_termination_time: 349688.90656000027
node_cons: 9487.692201121452
tot_aggregated_send: 6322
tot_msg_rcv: 286
tot_msg_sent: 515
tot_reconf_duration: 5.57
tot_sleeping_duration: 455736.98091999895
tot_uptimes: 119
tot_uptimes_duration: 7080.006080001069
