comms_cons: 46.8354240003209
finished_reconf: true
global_termination_time: 464319.693
local_termination_time: 166114.04736000003
node_cons: 9494.998241121419
tot_aggregated_send: 6322
tot_msg_rcv: 282
tot_msg_sent: 516
tot_reconf_duration: 10.95
tot_sleeping_duration: 457239.68691999896
tot_uptimes: 119
tot_uptimes_duration: 7080.006080001069
