comms_cons: 45.7188608005386
finished_reconf: true
global_termination_time: 464716.311
local_termination_time: 44814.88144000004
node_cons: 9571.087701121442
tot_aggregated_send: 6380
tot_msg_rcv: 166
tot_msg_sent: 403
tot_reconf_duration: 7.819999999999999
tot_sleeping_duration: 457576.3049199989
tot_uptimes: 120
tot_uptimes_duration: 7140.006080001069
