comms_cons: 1.478374399993328
finished_reconf: true
global_termination_time: 11254.77148
local_termination_time: 11254.73036
node_cons: 212.42351871999944
tot_aggregated_send: 0
tot_msg_rcv: 113
tot_msg_sent: 110
tot_reconf_duration: 24.59
tot_sleeping_duration: 11121.067
tot_uptimes: 3
tot_uptimes_duration: 133.70448000000033
