comms_cons: 170.51375359292103
finished_reconf: true
global_termination_time: 1716195.29
local_termination_time: 1220486.55336
node_cons: 35284.62712111685
tot_aggregated_send: 24302
tot_msg_rcv: 464
tot_msg_sent: 1151
tot_reconf_duration: 11.31
tot_sleeping_duration: 1689855.2839200024
tot_uptimes: 440
tot_uptimes_duration: 26340.006079997635
