comms_cons: 41.40193280090382
finished_reconf: true
global_termination_time: 405179.165
local_termination_time: 13734.021720000002
node_cons: 8305.78684112144
tot_aggregated_send: 5220
tot_msg_rcv: 372
tot_msg_sent: 700
tot_reconf_duration: 22.65
tot_sleeping_duration: 398999.1589199989
tot_uptimes: 104
tot_uptimes_duration: 6180.006080001069
