comms_cons: 485.5008064677218
finished_reconf: true
global_termination_time: 4903454.275
local_termination_time: 1345887.658999998
node_cons: 100834.11464558211
tot_aggregated_send: 67744
tot_msg_rcv: 1846
tot_msg_sent: 4203
tot_reconf_duration: 5.43
tot_sleeping_duration: 4828154.244600011
tot_uptimes: 1256
tot_uptimes_duration: 75300.03039998887
