comms_cons: 271.16172800202435
finished_reconf: true
global_termination_time: 2725730.2379599996
local_termination_time: 2725730.1968399994
node_cons: 56152.135441912564
tot_aggregated_send: 39124
tot_msg_rcv: 744
tot_msg_sent: 1346
tot_reconf_duration: 37.410000000000004
tot_sleeping_duration: 2683832.3046800043
tot_uptimes: 699
tot_uptimes_duration: 41897.933279995385
