comms_cons: 278.52804482766635
finished_reconf: true
global_termination_time: 2727489.825
local_termination_time: 1498215.55336
node_cons: 56083.94153228523
tot_aggregated_send: 36540
tot_msg_rcv: 2182
tot_msg_sent: 3611
tot_reconf_duration: 4.8100000000000005
tot_sleeping_duration: 2685609.7581200255
tot_uptimes: 699
tot_uptimes_duration: 41880.06687997468
