comms_cons: 277.2077248027915
finished_reconf: true
global_termination_time: 2726349.469
local_termination_time: 378275.83536
node_cons: 56083.37931340192
tot_aggregated_send: 36888
tot_msg_rcv: 1759
tot_msg_sent: 3488
tot_reconf_duration: 4.390000000000001
tot_sleeping_duration: 2684469.396040028
tot_uptimes: 699
tot_uptimes_duration: 41880.07295997231
