comms_cons: 279.4007296322764
finished_reconf: true
global_termination_time: 2725964.369
local_termination_time: 1735263.69036
node_cons: 56085.823747817776
tot_aggregated_send: 36076
tot_msg_rcv: 2089
tot_msg_sent: 4304
tot_reconf_duration: 6.22
tot_sleeping_duration: 2684084.326440016
tot_uptimes: 699
tot_uptimes_duration: 41880.04255998414
