comms_cons: 95.44453759237365
finished_reconf: true
global_termination_time: 928890.809
local_termination_time: 253015.2784000004
node_cons: 19058.48928335514
tot_aggregated_send: 12586
tot_msg_rcv: 766
tot_msg_sent: 1154
tot_reconf_duration: 13.17
tot_sleeping_duration: 914670.7907600037
tot_uptimes: 238
tot_uptimes_duration: 14220.018239996336
