comms_cons: 96.88432639162181
finished_reconf: true
global_termination_time: 924715.163
local_termination_time: 287716.1244400007
node_cons: 18964.47148671024
tot_aggregated_send: 11832
tot_msg_rcv: 1031
tot_msg_sent: 1862
tot_reconf_duration: 3.08
tot_sleeping_duration: 910555.1265200073
tot_uptimes: 237
tot_uptimes_duration: 14160.036479992676
