comms_cons: 94.40494079770342
finished_reconf: true
global_termination_time: 926801.399
local_termination_time: 387787.1148400001
node_cons: 19053.396783359778
tot_aggregated_send: 12644
tot_msg_rcv: 608
tot_msg_sent: 1097
tot_reconf_duration: 9.42
tot_sleeping_duration: 912581.3807600002
tot_uptimes: 238
tot_uptimes_duration: 14220.01823999983
