comms_cons: 94.34572799741157
finished_reconf: true
global_termination_time: 945576.707
local_termination_time: 504049.8843200002
node_cons: 19450.82452223365
tot_aggregated_send: 12818
tot_msg_rcv: 535
tot_msg_sent: 987
tot_reconf_duration: 6.279999999999999
tot_sleeping_duration: 931056.6948400048
tot_uptimes: 243
tot_uptimes_duration: 14520.012159995269
