comms_cons: 94.64802559618325
finished_reconf: true
global_termination_time: 946098.434
local_termination_time: 218346.788480001
node_cons: 19452.96457272137
tot_aggregated_send: 13340
tot_msg_rcv: 352
tot_msg_sent: 694
tot_reconf_duration: 5.57
tot_sleeping_duration: 931576.1035199991
tot_uptimes: 243
tot_uptimes_duration: 14522.330480000994
