comms_cons: 98.22171519176483
finished_reconf: true
global_termination_time: 947444.729
local_termination_time: 118819.73759999995
node_cons: 19473.087546719427
tot_aggregated_send: 12528
tot_msg_rcv: 903
tot_msg_sent: 1497
tot_reconf_duration: 22.65
tot_sleeping_duration: 932924.6925200005
tot_uptimes: 243
tot_uptimes_duration: 14520.036479999544
