comms_cons: 82.17733119813602
finished_reconf: true
global_termination_time: 821980.796
local_termination_time: 547697.9535999978
node_cons: 16880.325844635383
tot_aggregated_send: 11194
tot_msg_rcv: 362
tot_msg_sent: 933
tot_reconf_duration: 4.390000000000001
tot_sleeping_duration: 809378.5822400035
tot_uptimes: 211
tot_uptimes_duration: 12602.21375999652
