comms_cons: 92.87198719962427
finished_reconf: true
global_termination_time: 938974.826
local_termination_time: 484297.7813600001
node_cons: 19302.431720000062
tot_aggregated_send: 13514
tot_msg_rcv: 210
tot_msg_sent: 392
tot_reconf_duration: 15.34
tot_sleeping_duration: 924574.826
tot_uptimes: 241
tot_uptimes_duration: 14400.0
