comms_cons: 97.34584319222648
finished_reconf: true
global_termination_time: 938069.02048
local_termination_time: 206113.15736000004
node_cons: 19331.585668785217
tot_aggregated_send: 12064
tot_msg_rcv: 880
tot_msg_sent: 1852
tot_reconf_duration: 22.65
tot_sleeping_duration: 923654.661280011
tot_uptimes: 241
tot_uptimes_duration: 14414.359199988947
