comms_cons: 97.63667199193478
finished_reconf: true
global_termination_time: 938143.247
local_termination_time: 201191.25016000078
node_cons: 19288.180826714815
tot_aggregated_send: 12180
tot_msg_rcv: 913
tot_msg_sent: 1747
tot_reconf_duration: 4.8100000000000005
tot_sleeping_duration: 923743.2105200039
tot_uptimes: 241
tot_uptimes_duration: 14400.03647999611
