comms_cons: 184.38342391785352
finished_reconf: true
global_termination_time: 939931.17
local_termination_time: 673977.4205599986
node_cons: 19290.06304223841
tot_aggregated_send: 0
tot_msg_rcv: 14106
tot_msg_sent: 13920
tot_reconf_duration: 6.22
tot_sleeping_duration: 925531.1578400014
tot_uptimes: 241
tot_uptimes_duration: 14400.012159998703
