comms_cons: 41.31863040035336
finished_reconf: true
global_termination_time: 414293.517
local_termination_time: 235423.314
node_cons: 8523.0322746442
tot_aggregated_send: 5797
tot_msg_rcv: 136
tot_msg_sent: 347
tot_reconf_duration: 4.8100000000000005
tot_sleeping_duration: 407933.17323999683
tot_uptimes: 107
tot_uptimes_duration: 6360.343760003132
