comms_cons: 103.74207999805274
finished_reconf: true
global_termination_time: 1036769.1053199995
local_termination_time: 1036769.0641999996
node_cons: 21351.744513201163
tot_aggregated_send: 14660
tot_msg_rcv: 391
tot_msg_sent: 717
tot_reconf_duration: 24.59
tot_sleeping_duration: 1020848.0065199987
tot_uptimes: 266
tot_uptimes_duration: 15921.098800000836
