comms_cons: 476.82754537054063
finished_reconf: true
global_termination_time: 1039377.798
local_termination_time: 911794.3135199982
node_cons: 62897.94290823228
tot_aggregated_send: 0
tot_msg_rcv: 29352
tot_msg_sent: 43123
tot_reconf_duration: 4.390000000000001
tot_sleeping_duration: 992408.4318400049
tot_uptimes: 772
tot_uptimes_duration: 46969.36615999512
