comms_cons: 690.1749825218013
finished_reconf: true
global_termination_time: 6914062.864
local_termination_time: 1657213.7130799987
node_cons: 142210.36894558076
tot_aggregated_send: 96802
tot_msg_rcv: 2874
tot_msg_sent: 5225
tot_reconf_duration: 6.279999999999999
tot_sleeping_duration: 6807862.833600011
tot_uptimes: 1771
tot_uptimes_duration: 106200.0303999891
