comms_cons: 694.3166465488715
finished_reconf: true
global_termination_time: 6914727.547
local_termination_time: 1691588.7880399984
node_cons: 142209.38034222968
tot_aggregated_send: 96164
tot_msg_rcv: 3447
tot_msg_sent: 5923
tot_reconf_duration: 5.57
tot_sleeping_duration: 6808527.5348400045
tot_uptimes: 1771
tot_uptimes_duration: 106200.01215999573
