comms_cons: 681.0144512871091
finished_reconf: true
global_termination_time: 6913738.364
local_termination_time: 4303893.732
node_cons: 142224.4501851032
tot_aggregated_send: 96568
tot_msg_rcv: 2291
tot_msg_sent: 4649
tot_reconf_duration: 9.42
tot_sleeping_duration: 6807531.001920009
tot_uptimes: 1771
tot_uptimes_duration: 106207.36207999103
