comms_cons: 17.06417919949279
finished_reconf: true
global_termination_time: 119705.633
local_termination_time: 27035.45136
node_cons: 2416.210466719184
tot_aggregated_send: 522
tot_msg_rcv: 894
tot_msg_sent: 1181
tot_reconf_duration: 4.390000000000001
tot_sleeping_duration: 117905.59652000062
tot_uptimes: 31
tot_uptimes_duration: 1800.0364799993913
