comms_cons: 100.14181119604878
finished_reconf: true
global_termination_time: 997745.86
local_termination_time: 464829.67136000004
node_cons: 20512.127164467296
tot_aggregated_send: 13572
tot_msg_rcv: 575
tot_msg_sent: 1073
tot_reconf_duration: 18.700000000000003
tot_sleeping_duration: 982445.8356800094
tot_uptimes: 256
tot_uptimes_duration: 15300.024319990538
