comms_cons: 96.89187839619629
finished_reconf: true
global_termination_time: 998252.304
local_termination_time: 559034.6974399996
node_cons: 20502.884623350557
tot_aggregated_send: 13920
tot_msg_rcv: 233
tot_msg_sent: 574
tot_reconf_duration: 11.899999999999999
tot_sleeping_duration: 982952.2857600071
tot_uptimes: 256
tot_uptimes_duration: 15300.018239992904
