comms_cons: 99.68271359761708
finished_reconf: true
global_termination_time: 997628.44748
local_termination_time: 123734.0910799999
node_cons: 20526.15507920564
tot_aggregated_send: 13340
tot_msg_rcv: 560
tot_msg_sent: 1252
tot_reconf_duration: 3.05
tot_sleeping_duration: 982302.0746799958
tot_uptimes: 256
tot_uptimes_duration: 15326.372800004203
