comms_cons: 100.70562559480048
finished_reconf: true
global_termination_time: 997654.246
local_termination_time: 390708.8505200003
node_cons: 20575.51932446732
tot_aggregated_send: 12818
tot_msg_rcv: 967
tot_msg_sent: 1522
tot_reconf_duration: 6.22
tot_sleeping_duration: 982294.2216800095
tot_uptimes: 256
tot_uptimes_duration: 15360.024319990538
