comms_cons: 472.3799872673985
finished_reconf: true
global_termination_time: 4703179.193
local_termination_time: 2009462.974399999
node_cons: 96760.15126446541
tot_aggregated_send: 65888
tot_msg_rcv: 2037
tot_msg_sent: 3874
tot_reconf_duration: 22.65
tot_sleeping_duration: 4630939.1686800085
tot_uptimes: 1205
tot_uptimes_duration: 72240.02431999124
