comms_cons: 2267.724107156045
finished_reconf: true
global_termination_time: 4699609.3136
local_termination_time: 4699609.27248
node_cons: 284327.4710966515
tot_aggregated_send: 0
tot_msg_rcv: 139570
tot_msg_sent: 205114
tot_reconf_duration: 37.410000000000004
tot_sleeping_duration: 4487304.109480019
tot_uptimes: 3479
tot_uptimes_duration: 212305.2041199809
