comms_cons: 474.4751233003766
finished_reconf: true
global_termination_time: 4700822.594
local_termination_time: 11190.522480000003
node_cons: 96683.48323452623
tot_aggregated_send: 65076
tot_msg_rcv: 2350
tot_msg_sent: 4691
tot_reconf_duration: 25.299999999999997
tot_sleeping_duration: 4628642.514960023
tot_uptimes: 1204
tot_uptimes_duration: 72180.07903997682
