comms_cons: 477.6367617047056
finished_reconf: true
global_termination_time: 4699646.835
local_termination_time: 155120.30132000067
node_cons: 96667.01069452196
tot_aggregated_send: 64786
tot_msg_rcv: 2821
tot_msg_sent: 4991
tot_reconf_duration: 13.17
tot_sleeping_duration: 4627466.755960027
tot_uptimes: 1204
tot_uptimes_duration: 72180.07903997361
