comms_cons: 469.5186560705656
finished_reconf: true
global_termination_time: 4704908.714
local_termination_time: 1035173.5213999981
node_cons: 96744.79225005061
tot_aggregated_send: 65830
tot_msg_rcv: 1780
tot_msg_sent: 3755
tot_reconf_duration: 11.31
tot_sleeping_duration: 4632668.65928002
tot_uptimes: 1205
tot_uptimes_duration: 72240.05471998014
