comms_cons: 471.307264088863
finished_reconf: true
global_termination_time: 4702144.062
local_termination_time: 439831.92436000006
node_cons: 96750.27313116752
tot_aggregated_send: 65134
tot_msg_rcv: 2031
tot_msg_sent: 4470
tot_reconf_duration: 15.34
tot_sleeping_duration: 4629904.001200022
tot_uptimes: 1205
tot_uptimes_duration: 72240.06079997774
