comms_cons: 31.59129600055333
finished_reconf: true
global_termination_time: 314371.566
local_termination_time: 39637.88836000002
node_cons: 6444.367822242874
tot_aggregated_send: 4234
tot_msg_rcv: 171
tot_msg_sent: 397
tot_reconf_duration: 12.629999999999999
tot_sleeping_duration: 309571.55383999785
tot_uptimes: 81
tot_uptimes_duration: 4800.0121600021375
