comms_cons: 32.34992640099934
finished_reconf: true
global_termination_time: 311143.903
local_termination_time: 787.6604799999999
node_cons: 6354.258363364299
tot_aggregated_send: 3886
tot_msg_rcv: 334
tot_msg_sent: 698
tot_reconf_duration: 5.43
tot_sleeping_duration: 306403.8847599968
tot_uptimes: 80
tot_uptimes_duration: 4740.018240003206
