comms_cons: 29.83667200076456
finished_reconf: true
global_termination_time: 295564.797
local_termination_time: 144907.76236000005
node_cons: 6056.27498224286
tot_aggregated_send: 3944
tot_msg_rcv: 204
tot_msg_sent: 387
tot_reconf_duration: 22.65
tot_sleeping_duration: 291064.7848399979
tot_uptimes: 76
tot_uptimes_duration: 4500.0121600021375
