comms_cons: 0.7434496000007121
finished_reconf: true
global_termination_time: 5191.585
local_termination_time: 1007.7603599999999
node_cons: 93.13235999999979
tot_aggregated_send: 0
tot_msg_rcv: 63
tot_msg_sent: 50
tot_reconf_duration: 9.42
tot_sleeping_duration: 5131.585
tot_uptimes: 2
tot_uptimes_duration: 59.999999999999886
