comms_cons: 306.5747901744096
finished_reconf: true
global_termination_time: 1560758.321
local_termination_time: 3513.25136
node_cons: 32080.397321121403
tot_aggregated_send: 0
tot_msg_rcv: 23464
tot_msg_sent: 23130
tot_reconf_duration: 18.21
tot_sleeping_duration: 1536818.3149199989
tot_uptimes: 400
tot_uptimes_duration: 23940.00608000101
