comms_cons: 2.3619327999943245
finished_reconf: true
global_termination_time: 18684.104
local_termination_time: 7052.24736
node_cons: 342.19172000000026
tot_aggregated_send: 0
tot_msg_rcv: 196
tot_msg_sent: 163
tot_reconf_duration: 15.34
tot_sleeping_duration: 18444.104
tot_uptimes: 5
tot_uptimes_duration: 240.0
