comms_cons: 2.0198143999969123
finished_reconf: true
global_termination_time: 16464.514
local_termination_time: 6709.32948
node_cons: 333.7313800000009
tot_aggregated_send: 0
tot_msg_rcv: 195
tot_msg_sent: 112
tot_reconf_duration: 9.11
tot_sleeping_duration: 16224.513999999997
tot_uptimes: 5
tot_uptimes_duration: 240.0000000000001
