comms_cons: 2.5790463999914772
finished_reconf: true
global_termination_time: 17786.088
local_termination_time: 7129.341400000004
node_cons: 327.89198000000056
tot_aggregated_send: 0
tot_msg_rcv: 218
tot_msg_sent: 174
tot_reconf_duration: 4.8100000000000005
tot_sleeping_duration: 17546.088
tot_uptimes: 5
tot_uptimes_duration: 240.0
