comms_cons: 84.40455679852555
finished_reconf: true
global_termination_time: 862234.2110000002
local_termination_time: 385234.7036000006
node_cons: 17732.606500000307
tot_aggregated_send: 12412
tot_msg_rcv: 130
tot_msg_sent: 287
tot_reconf_duration: 22.65
tot_sleeping_duration: 849014.011
tot_uptimes: 221
tot_uptimes_duration: 13220.200000000186
