comms_cons: 85.71912319995107
finished_reconf: true
global_termination_time: 866086.807
local_termination_time: 340809.57536
node_cons: 17789.50554112144
tot_aggregated_send: 12470
tot_msg_rcv: 233
tot_msg_sent: 325
tot_reconf_duration: 25.299999999999997
tot_sleeping_duration: 852826.8009199989
tot_uptimes: 222
tot_uptimes_duration: 13260.006080001069
