comms_cons: 85.39864319805201
finished_reconf: true
global_termination_time: 863290.034
local_termination_time: 427729.515
node_cons: 17773.758443041374
tot_aggregated_send: 12408
tot_msg_rcv: 170
tot_msg_sent: 403
tot_reconf_duration: 10.95
tot_sleeping_duration: 850027.234639999
tot_uptimes: 222
tot_uptimes_duration: 13262.799360000994
