comms_cons: 55.344230400064774
finished_reconf: true
global_termination_time: 565841.028
local_termination_time: 4431.058480000001
node_cons: 11593.689180000016
tot_aggregated_send: 8178
tot_msg_rcv: 76
tot_msg_sent: 158
tot_reconf_duration: 18.21
tot_sleeping_duration: 557201.028
tot_uptimes: 145
tot_uptimes_duration: 8640.0
