comms_cons: 55.58108160055334
finished_reconf: true
global_termination_time: 563233.554
local_termination_time: 196254.03436000005
node_cons: 11581.760501121424
tot_aggregated_send: 8062
tot_msg_rcv: 104
tot_msg_sent: 282
tot_reconf_duration: 9.42
tot_sleeping_duration: 554593.547919999
tot_uptimes: 145
tot_uptimes_duration: 8640.006080001069
