comms_cons: 55.42878719917424
finished_reconf: true
global_termination_time: 564616.851
local_termination_time: 126224.20935999998
node_cons: 11576.333940000026
tot_aggregated_send: 8120
tot_msg_rcv: 76
tot_msg_sent: 228
tot_reconf_duration: 5.43
tot_sleeping_duration: 555976.851
tot_uptimes: 145
tot_uptimes_duration: 8640.0
