comms_cons: 271.3656831965652
finished_reconf: true
global_termination_time: 2740419.0724799996
local_termination_time: 2740419.0313599994
node_cons: 56370.09980095217
tot_aggregated_send: 39252
tot_msg_rcv: 593
tot_msg_sent: 1400
tot_reconf_duration: 24.59
tot_sleeping_duration: 2698345.3558400045
tot_uptimes: 702
tot_uptimes_duration: 42073.71663999511
