comms_cons: 273.8311423911517
finished_reconf: true
global_termination_time: 2743181.878
local_termination_time: 911122.3851199991
node_cons: 56405.22012111593
tot_aggregated_send: 38512
tot_msg_rcv: 1000
tot_msg_sent: 2108
tot_reconf_duration: 4.8100000000000005
tot_sleeping_duration: 2701061.8719200026
tot_uptimes: 703
tot_uptimes_duration: 42120.006079997635
