comms_cons: 118.9585151949047
finished_reconf: true
global_termination_time: 1207584.093
local_termination_time: 4179.946
node_cons: 24834.68278111687
tot_aggregated_send: 17276
tot_msg_rcv: 238
tot_msg_sent: 567
tot_reconf_duration: 7.08
tot_sleeping_duration: 1189044.0869200025
tot_uptimes: 310
tot_uptimes_duration: 18540.006079997635
