comms_cons: 2.151398399994984
finished_reconf: true
global_termination_time: 13319.554
local_termination_time: 4927.584360000001
node_cons: 275.37740000000025
tot_aggregated_send: 0
tot_msg_rcv: 176
tot_msg_sent: 150
tot_reconf_duration: 25.299999999999997
tot_sleeping_duration: 13139.554
tot_uptimes: 4
tot_uptimes_duration: 180.0
