comms_cons: 2.322457599994437
finished_reconf: true
global_termination_time: 17900.419
local_termination_time: 7035.87236
node_cons: 334.15236000000016
tot_aggregated_send: 0
tot_msg_rcv: 185
tot_msg_sent: 168
tot_reconf_duration: 9.42
tot_sleeping_duration: 17660.419
tot_uptimes: 5
tot_uptimes_duration: 240.0
