comms_cons: 1.473740799999316
finished_reconf: true
global_termination_time: 19060.954
local_termination_time: 4915.785360000001
node_cons: 342.19172000000026
tot_aggregated_send: 0
tot_msg_rcv: 120
tot_msg_sent: 104
tot_reconf_duration: 15.34
tot_sleeping_duration: 18820.954
tot_uptimes: 5
tot_uptimes_duration: 240.0
