comms_cons: 34.094041599981985
finished_reconf: true
global_termination_time: 344499.545
local_termination_time: 8979.442480000002
node_cons: 7076.45198000001
tot_aggregated_send: 4988
tot_msg_rcv: 81
tot_msg_sent: 113
tot_reconf_duration: 4.8100000000000005
tot_sleeping_duration: 339219.545
tot_uptimes: 89
tot_uptimes_duration: 5280.0
