comms_cons: 33.790771200212156
finished_reconf: true
global_termination_time: 346620.225
local_termination_time: 243866.73664000086
node_cons: 7078.366760000012
tot_aggregated_send: 4988
tot_msg_rcv: 37
tot_msg_sent: 111
tot_reconf_duration: 6.22
tot_sleeping_duration: 341340.225
tot_uptimes: 89
tot_uptimes_duration: 5280.0
