comms_cons: 1.6579583999945224
finished_reconf: true
global_termination_time: 17706.102
local_termination_time: 11248.32936
node_cons: 327.32161999999926
tot_aggregated_send: 0
tot_msg_rcv: 129
tot_msg_sent: 123
tot_reconf_duration: 4.390000000000001
tot_sleeping_duration: 17466.102
tot_uptimes: 5
tot_uptimes_duration: 240.0
