comms_cons: 409.727667261118
finished_reconf: true
global_termination_time: 4102393.287
local_termination_time: 972505.70436
node_cons: 84369.84934781665
tot_aggregated_send: 57014
tot_msg_rcv: 1747
tot_msg_sent: 3513
tot_reconf_duration: 9.42
tot_sleeping_duration: 4039393.244440016
tot_uptimes: 1051
tot_uptimes_duration: 63000.04255998414
