comms_cons: 414.1651968671612
finished_reconf: true
global_termination_time: 4105935.604
local_termination_time: 720066.492759999
node_cons: 84462.82415228385
tot_aggregated_send: 56608
tot_msg_rcv: 2143
tot_msg_sent: 4199
tot_reconf_duration: 18.700000000000003
tot_sleeping_duration: 4042875.537120025
tot_uptimes: 1052
tot_uptimes_duration: 63060.06687997468
