comms_cons: 415.0757760846945
finished_reconf: true
global_termination_time: 4102234.786
local_termination_time: 81469.45435999996
node_cons: 84371.95151116708
tot_aggregated_send: 56318
tot_msg_rcv: 2292
tot_msg_sent: 4480
tot_reconf_duration: 10.95
tot_sleeping_duration: 4039234.725200023
tot_uptimes: 1051
tot_uptimes_duration: 63000.060799977044
