comms_cons: 411.0726848616341
finished_reconf: true
global_termination_time: 4104965.122
local_termination_time: 1479409.827359998
node_cons: 84448.41087862033
tot_aggregated_send: 57072
tot_msg_rcv: 1920
tot_msg_sent: 3489
tot_reconf_duration: 6.22
tot_sleeping_duration: 4041903.162240013
tot_uptimes: 1052
tot_uptimes_duration: 63061.95975998696
