comms_cons: 407.38185607725836
finished_reconf: true
global_termination_time: 4103148.249
local_termination_time: 1516572.45536
node_cons: 84372.39968558332
tot_aggregated_send: 56144
tot_msg_rcv: 1887
tot_msg_sent: 3887
tot_reconf_duration: 11.31
tot_sleeping_duration: 4040148.2186000105
tot_uptimes: 1051
tot_uptimes_duration: 63000.030399989104
