comms_cons: 114.7280895995209
finished_reconf: true
global_termination_time: 1182600.336
local_termination_time: 428974.77168000024
node_cons: 24271.12676
tot_aggregated_send: 17168
tot_msg_rcv: 98
tot_msg_sent: 172
tot_reconf_duration: 6.22
tot_sleeping_duration: 1164480.336
tot_uptimes: 303
tot_uptimes_duration: 18120.0
