comms_cons: 113.5576575993503
finished_reconf: true
global_termination_time: 1178947.915
local_termination_time: 345547.60736
node_cons: 24197.698980000034
tot_aggregated_send: 16878
tot_msg_rcv: 146
tot_msg_sent: 236
tot_reconf_duration: 11.31
tot_sleeping_duration: 1160887.915
tot_uptimes: 302
tot_uptimes_duration: 18060.0
