comms_cons: 950.8667650113338
finished_reconf: true
global_termination_time: 9580359.596
local_termination_time: 1834707.2445999999
node_cons: 197094.93313116446
tot_aggregated_send: 133632
tot_msg_rcv: 3523
tot_msg_sent: 7369
tot_reconf_duration: 15.34
tot_sleeping_duration: 9433179.535200022
tot_uptimes: 2454
tot_uptimes_duration: 147180.06079997867
