comms_cons: 952.7328322516547
finished_reconf: true
global_termination_time: 9581062.569
local_termination_time: 2326110.675
node_cons: 197081.12983212437
tot_aggregated_send: 132410
tot_msg_rcv: 3917
tot_msg_sent: 8481
tot_reconf_duration: 5.1
tot_sleeping_duration: 9433882.43156002
tot_uptimes: 2454
tot_uptimes_duration: 147180.13743997857
