comms_cons: 947.9735553885031
finished_reconf: true
global_termination_time: 9580501.53
local_termination_time: 2648462.2686799983
node_cons: 197091.97813004587
tot_aggregated_send: 133342
tot_msg_rcv: 3607
tot_msg_sent: 7136
tot_reconf_duration: 13.17
tot_sleeping_duration: 9433321.47528002
tot_uptimes: 2454
tot_uptimes_duration: 147180.05471997987
