comms_cons: 939.5251521892296
finished_reconf: true
global_termination_time: 9580686.125
local_termination_time: 2726474.8993599997
node_cons: 197085.0387844613
tot_aggregated_send: 132936
tot_msg_rcv: 3309
tot_msg_sent: 6558
tot_reconf_duration: 8.09
tot_sleeping_duration: 9433506.100680009
tot_uptimes: 2454
tot_uptimes_duration: 147180.02431999147
