comms_cons: 965.1883778881054
finished_reconf: true
global_termination_time: 9580138.833
local_termination_time: 810500.7113599998
node_cons: 197080.08745451426
tot_aggregated_send: 132704
tot_msg_rcv: 4725
tot_msg_sent: 9274
tot_reconf_duration: 4.390000000000001
tot_sleeping_duration: 9432958.75396003
tot_uptimes: 2454
tot_uptimes_duration: 147180.0790399711
