comms_cons: 364.6409216335538
finished_reconf: true
global_termination_time: 3658532.347
local_termination_time: 294423.9397200006
node_cons: 75229.03940558764
tot_aggregated_send: 51040
tot_msg_rcv: 1436
tot_msg_sent: 2947
tot_reconf_duration: 22.65
tot_sleeping_duration: 3602372.3166000084
tot_uptimes: 937
tot_uptimes_duration: 56160.03039999207
