comms_cons: 303.49790077996323
finished_reconf: true
global_termination_time: 3099570.589
local_termination_time: 1902411.2653599998
node_cons: 63716.57836446586
tot_aggregated_send: 42688
tot_msg_rcv: 1202
tot_msg_sent: 2238
tot_reconf_duration: 5.1
tot_sleeping_duration: 3051990.5646800096
tot_uptimes: 794
tot_uptimes_duration: 47580.02431999054
