comms_cons: 313.94626562398895
finished_reconf: true
global_termination_time: 3098738.537
local_termination_time: 737652.0044799998
node_cons: 63730.18822670032
tot_aggregated_send: 42746
tot_msg_rcv: 1730
tot_msg_sent: 3242
tot_reconf_duration: 15.110000000000001
tot_sleeping_duration: 3051158.5005200137
tot_uptimes: 794
tot_uptimes_duration: 47580.03647998627
