comms_cons: 311.5758080087815
finished_reconf: true
global_termination_time: 3098761.052
local_termination_time: 164624.35772000012
node_cons: 63740.46011117685
tot_aggregated_send: 43210
tot_msg_rcv: 1469
tot_msg_sent: 2678
tot_reconf_duration: 22.65
tot_sleeping_duration: 3051180.991200017
tot_uptimes: 794
tot_uptimes_duration: 47580.06079998368
