comms_cons: 610.2061125245805
finished_reconf: true
global_termination_time: 3098167.178
local_termination_time: 2563.735480000002
node_cons: 63725.812764469214
tot_aggregated_send: 0
tot_msg_rcv: 46746
tot_msg_sent: 46001
tot_reconf_duration: 11.899999999999999
tot_sleeping_duration: 3050587.153680007
tot_uptimes: 794
tot_uptimes_duration: 47580.02431999291
