comms_cons: 97.7684991956319
finished_reconf: true
global_termination_time: 974168.658
local_termination_time: 276164.84836000006
node_cons: 20011.24896783165
tot_aggregated_send: 13282
tot_msg_rcv: 411
tot_msg_sent: 1167
tot_reconf_duration: 4.8100000000000005
tot_sleeping_duration: 959228.6154400064
tot_uptimes: 250
tot_uptimes_duration: 14940.042559993744
