comms_cons: 97.88105599557412
finished_reconf: true
global_termination_time: 971589.8780000003
local_termination_time: 212336.72336000006
node_cons: 19974.747837841234
tot_aggregated_send: 12992
tot_msg_rcv: 660
tot_msg_sent: 1225
tot_reconf_duration: 6.22
tot_sleeping_duration: 956678.5254399994
tot_uptimes: 249
tot_uptimes_duration: 14911.352560000902
