comms_cons: 20.447807999484517
finished_reconf: true
global_termination_time: 103856.793
local_termination_time: 817.7985999999999
node_cons: 2094.8016199999993
tot_aggregated_send: 0
tot_msg_rcv: 1599
tot_msg_sent: 1509
tot_reconf_duration: 4.390000000000001
tot_sleeping_duration: 102296.793
tot_uptimes: 27
tot_uptimes_duration: 1560.0
