comms_cons: 174.31057913042378
finished_reconf: true
global_termination_time: 1088148.393
local_termination_time: 204437.48800000045
node_cons: 22341.06012111686
tot_aggregated_send: 0
tot_msg_rcv: 13367
tot_msg_sent: 13129
tot_reconf_duration: 4.8100000000000005
tot_sleeping_duration: 1071468.3869200023
tot_uptimes: 279
tot_uptimes_duration: 16680.006079997635
