comms_cons: 105.40536319771981
finished_reconf: true
global_termination_time: 1086298.301
local_termination_time: 607465.4913599999
node_cons: 22338.670041116933
tot_aggregated_send: 15544
tot_msg_rcv: 128
tot_msg_sent: 349
tot_reconf_duration: 3.05
tot_sleeping_duration: 1069618.2949200023
tot_uptimes: 279
tot_uptimes_duration: 16680.006079997635
