comms_cons: 189.16465919008724
finished_reconf: true
global_termination_time: 1890140.584
local_termination_time: 160390.6294800001
node_cons: 38902.501847826825
tot_aggregated_send: 26390
tot_msg_rcv: 792
tot_msg_sent: 1570
tot_reconf_duration: 13.17
tot_sleeping_duration: 1861100.5414400098
tot_uptimes: 485
tot_uptimes_duration: 29040.04255999031
