comms_cons: 189.8631807901171
finished_reconf: true
global_termination_time: 1893314.134
local_termination_time: 990473.7540799987
node_cons: 38888.72632335494
tot_aggregated_send: 26448
tot_msg_rcv: 896
tot_msg_sent: 1515
tot_reconf_duration: 3.05
tot_sleeping_duration: 1864274.1157600037
tot_uptimes: 485
tot_uptimes_duration: 29040.018239996338
