comms_cons: 79.51816960782145
finished_reconf: true
global_termination_time: 350818.2697200002
local_termination_time: 337.1484799999991
node_cons: 7197.112459373504
tot_aggregated_send: 0
tot_msg_rcv: 6849
tot_msg_sent: 5235
tot_reconf_duration: 18.21
tot_sleeping_duration: 345461.7474799902
tot_uptimes: 90
tot_uptimes_duration: 5356.522240010083
