comms_cons: 35.65331200051481
finished_reconf: true
global_termination_time: 354285.008
local_termination_time: 140285.36904000078
node_cons: 7251.14380336432
tot_aggregated_send: 4698
tot_msg_rcv: 208
tot_msg_sent: 513
tot_reconf_duration: 15.110000000000001
tot_sleeping_duration: 348884.98975999677
tot_uptimes: 91
tot_uptimes_duration: 5400.018240003206
