comms_cons: 30.435379200341234
finished_reconf: true
global_termination_time: 303961.081
local_termination_time: 48691.68036000001
node_cons: 6190.330041121441
tot_aggregated_send: 4176
tot_msg_rcv: 161
tot_msg_sent: 289
tot_reconf_duration: 3.05
tot_sleeping_duration: 299341.07491999894
tot_uptimes: 78
tot_uptimes_duration: 4620.006080001069
