comms_cons: 99.09285758715517
finished_reconf: true
global_termination_time: 945875.026
local_termination_time: 207176.67820000017
node_cons: 19446.527768948465
tot_aggregated_send: 12006
tot_msg_rcv: 1016
tot_msg_sent: 2040
tot_reconf_duration: 3.08
tot_sleeping_duration: 931354.9773600086
tot_uptimes: 243
tot_uptimes_duration: 14520.048639991379
