comms_cons: 137.59080958551797
finished_reconf: true
global_termination_time: 1350648.683
local_termination_time: 16109.768480000002
node_cons: 27742.14315564957
tot_aggregated_send: 17864
tot_msg_rcv: 903
tot_msg_sent: 2146
tot_reconf_duration: 18.21
tot_sleeping_duration: 1329948.5978800228
tot_uptimes: 346
tot_uptimes_duration: 20700.085119977244
