comms_cons: 139.56664318211548
finished_reconf: true
global_termination_time: 1346538.093
local_termination_time: 173240.77348000006
node_cons: 27645.57779230359
tot_aggregated_send: 17458
tot_msg_rcv: 1252
tot_msg_sent: 2504
tot_reconf_duration: 6.279999999999999
tot_sleeping_duration: 1325898.0261200124
tot_uptimes: 345
tot_uptimes_duration: 20640.066879987717
