comms_cons: 133.09063679662836
finished_reconf: true
global_termination_time: 1349724.668
local_termination_time: 492649.82992000075
node_cons: 27762.907677997846
tot_aggregated_send: 19430
tot_msg_rcv: 235
tot_msg_sent: 564
tot_reconf_duration: 25.299999999999997
tot_sleeping_duration: 1329016.2660000017
tot_uptimes: 346
tot_uptimes_duration: 20708.401999998372
