comms_cons: 138.22241278908265
finished_reconf: true
global_termination_time: 1346662.357
local_termination_time: 449718.40336000005
node_cons: 27644.39092782246
tot_aggregated_send: 18212
tot_msg_rcv: 1051
tot_msg_sent: 1746
tot_reconf_duration: 5.43
tot_sleeping_duration: 1326022.3144400131
tot_uptimes: 345
tot_uptimes_duration: 20640.042559986876
