comms_cons: 383.10915828246436
finished_reconf: true
global_termination_time: 791836.1205999998
local_termination_time: 791836.0794799998
node_cons: 48213.59104887994
tot_aggregated_send: 0
tot_msg_rcv: 23471
tot_msg_sent: 34759
tot_reconf_duration: 24.59
tot_sleeping_duration: 755853.8966799994
tot_uptimes: 591
tot_uptimes_duration: 35982.2239200004
