comms_cons: 156.53038075308757
finished_reconf: true
global_termination_time: 791836.7205999999
local_termination_time: 891.8460399999994
node_cons: 16280.024271758439
tot_aggregated_send: 0
tot_msg_rcv: 12080
tot_msg_sent: 11709
tot_reconf_duration: 22.65
tot_sleeping_duration: 779701.346760001
tot_uptimes: 203
tot_uptimes_duration: 12135.373839998814
