comms_cons: 76.84659199348957
finished_reconf: true
global_termination_time: 728726.5998399997
local_termination_time: 728726.5587199997
node_cons: 14999.295420075865
tot_aggregated_send: 9150
tot_msg_rcv: 876
tot_msg_sent: 1656
tot_reconf_duration: 24.59
tot_sleeping_duration: 717549.6751200027
tot_uptimes: 187
tot_uptimes_duration: 11176.924719996889
