comms_cons: 75.10971519788676
finished_reconf: true
global_termination_time: 728841.209
local_termination_time: 49341.21596000012
node_cons: 14964.136848957667
tot_aggregated_send: 9628
tot_msg_rcv: 628
tot_msg_sent: 1160
tot_reconf_duration: 15.34
tot_sleeping_duration: 717681.1603600017
tot_uptimes: 187
tot_uptimes_duration: 11160.048639998247
