comms_cons: 185.093260789623
finished_reconf: true
global_termination_time: 1854166.36
local_termination_time: 725041.5083599999
node_cons: 38088.550222233396
tot_aggregated_send: 25462
tot_msg_rcv: 872
tot_msg_sent: 1800
tot_reconf_duration: 5.43
tot_sleeping_duration: 1825726.3478400048
tot_uptimes: 475
tot_uptimes_duration: 28440.01215999527
