comms_cons: 166.99983359205504
finished_reconf: true
global_termination_time: 1683562.05
local_termination_time: 785451.4929599988
node_cons: 34633.08826223387
tot_aggregated_send: 23896
tot_msg_rcv: 469
tot_msg_sent: 1018
tot_reconf_duration: 4.8100000000000005
tot_sleeping_duration: 1657702.0378400045
tot_uptimes: 432
tot_uptimes_duration: 25860.012159995385
