comms_cons: 609.9569596077979
finished_reconf: true
global_termination_time: 1268229.4906
local_termination_time: 1268229.44948
node_cons: 76356.19113810995
tot_aggregated_send: 0
tot_msg_rcv: 37654
tot_msg_sent: 55057
tot_reconf_duration: 24.59
tot_sleeping_duration: 1211229.6415200061
tot_uptimes: 933
tot_uptimes_duration: 56999.84907999377
