comms_cons: 0.7039743999976765
finished_reconf: true
global_termination_time: 6568.942
local_termination_time: 2839.7343600000004
node_cons: 96.50020000000012
tot_aggregated_send: 0
tot_msg_rcv: 60
tot_msg_sent: 47
tot_reconf_duration: 11.899999999999999
tot_sleeping_duration: 6508.942
tot_uptimes: 2
tot_uptimes_duration: 60.0
