comms_cons: 88.35928320080576
finished_reconf: true
global_termination_time: 910141.742
local_termination_time: 259193.947
node_cons: 18762.69073752401
tot_aggregated_send: 12584
tot_msg_rcv: 274
tot_msg_sent: 572
tot_reconf_duration: 22.65
tot_sleeping_duration: 896152.248319997
tot_uptimes: 234
tot_uptimes_duration: 13989.493680002983
