comms_cons: 89.16789760059021
finished_reconf: true
global_termination_time: 913281.326
local_termination_time: 621591.7743599999
node_cons: 18727.691183364437
tot_aggregated_send: 11948
tot_msg_rcv: 499
tot_msg_sent: 1106
tot_reconf_duration: 6.22
tot_sleeping_duration: 899301.3077599967
tot_uptimes: 234
tot_uptimes_duration: 13980.018240003206
