comms_cons: 129.3752703927805
finished_reconf: true
global_termination_time: 1281534.9965999997
local_termination_time: 1281534.9554799998
node_cons: 26420.80140847658
tot_aggregated_send: 17896
tot_msg_rcv: 647
tot_msg_sent: 1123
tot_reconf_duration: 37.410000000000004
tot_sleeping_duration: 1261841.1962800024
tot_uptimes: 329
tot_uptimes_duration: 19693.800319997405
