comms_cons: 133.34785278429106
finished_reconf: true
global_termination_time: 1284307.953
local_termination_time: 70344.42547999996
node_cons: 26376.38543659295
tot_aggregated_send: 16994
tot_msg_rcv: 1237
tot_msg_sent: 2037
tot_reconf_duration: 18.21
tot_sleeping_duration: 1264627.8512400351
tot_uptimes: 329
tot_uptimes_duration: 19680.101759964833
