comms_cons: 129.79673598932223
finished_reconf: true
global_termination_time: 1284376.151
local_termination_time: 197956.70136000006
node_cons: 26360.023747822466
tot_aggregated_send: 17516
tot_msg_rcv: 697
tot_msg_sent: 1514
tot_reconf_duration: 6.22
tot_sleeping_duration: 1264696.1084400131
tot_uptimes: 329
tot_uptimes_duration: 19680.042559986876
