comms_cons: 1.513215999995001
finished_reconf: true
global_termination_time: 10369.497
local_termination_time: 6578.24436
node_cons: 166.64161999999922
tot_aggregated_send: 0
tot_msg_rcv: 118
tot_msg_sent: 112
tot_reconf_duration: 4.390000000000001
tot_sleeping_duration: 10249.497
tot_uptimes: 3
tot_uptimes_duration: 120.0
