comms_cons: 31.644979199808475
finished_reconf: true
global_termination_time: 162256.464
local_termination_time: 1540.1510400000013
node_cons: 3302.3867600000017
tot_aggregated_send: 0
tot_msg_rcv: 2433
tot_msg_sent: 2376
tot_reconf_duration: 6.22
tot_sleeping_duration: 159796.464
tot_uptimes: 42
tot_uptimes_duration: 2460.0
