comms_cons: 52.78247680362801
finished_reconf: true
global_termination_time: 360603.72360000096
local_termination_time: 360603.72360000096
node_cons: 7529.662913697127
tot_aggregated_send: 1856
tot_msg_rcv: 2570
tot_msg_sent: 3603
tot_reconf_duration: 37.410000000000004
tot_sleeping_duration: 355018.3164799882
tot_uptimes: 93
tot_uptimes_duration: 5585.40712001278
