comms_cons: 198.46814719244736
finished_reconf: true
global_termination_time: 2013560.27
local_termination_time: 1005273.5293599999
node_cons: 41392.984859999735
tot_aggregated_send: 28652
tot_msg_rcv: 533
tot_msg_sent: 981
tot_reconf_duration: 13.17
tot_sleeping_duration: 1982660.27
tot_uptimes: 516
tot_uptimes_duration: 30900.0
