comms_cons: 204.47421437364
finished_reconf: true
global_termination_time: 2009787.90112
local_termination_time: 225268.51596000063
node_cons: 41325.184828623715
tot_aggregated_send: 26912
tot_msg_rcv: 1314
tot_msg_sent: 2852
tot_reconf_duration: 4.390000000000001
tot_sleeping_duration: 1978929.631360012
tot_uptimes: 515
tot_uptimes_duration: 30858.269759988063
