comms_cons: 197.75949438633862
finished_reconf: true
global_termination_time: 2010650.742
local_termination_time: 1286695.878
node_cons: 41305.39584223343
tot_aggregated_send: 27368
tot_msg_rcv: 822
tot_msg_sent: 1867
tot_reconf_duration: 7.819999999999999
tot_sleeping_duration: 1979810.7298400048
tot_uptimes: 515
tot_uptimes_duration: 30840.01215999527
