comms_cons: 200.04784638885903
finished_reconf: true
global_termination_time: 2011201.276
local_termination_time: 322309.28076000087
node_cons: 41382.47393999967
tot_aggregated_send: 28652
tot_msg_rcv: 541
tot_msg_sent: 1213
tot_reconf_duration: 5.43
tot_sleeping_duration: 1980301.276
tot_uptimes: 516
tot_uptimes_duration: 30900.0
