comms_cons: 78.33195519648531
finished_reconf: true
global_termination_time: 781417.937
local_termination_time: 569119.2176799994
node_cons: 16092.729179999973
tot_aggregated_send: 11020
tot_msg_rcv: 320
tot_msg_sent: 565
tot_reconf_duration: 18.21
tot_sleeping_duration: 769417.937
tot_uptimes: 201
tot_uptimes_duration: 12000.0
