comms_cons: 79.22785919892534
finished_reconf: true
global_termination_time: 782152.956
local_termination_time: 465931.3253600001
node_cons: 16074.564544481145
tot_aggregated_send: 10498
tot_msg_rcv: 442
tot_msg_sent: 1102
tot_reconf_duration: 4.8100000000000005
tot_sleeping_duration: 770152.9316799991
tot_uptimes: 201
tot_uptimes_duration: 12000.02432000084
