comms_cons: 487.88790408978275
finished_reconf: true
global_termination_time: 4820303.624119997
local_termination_time: 104006.27759999996
node_cons: 99190.716597496
tot_aggregated_send: 66816
tot_msg_rcv: 2650
tot_msg_sent: 4689
tot_reconf_duration: 22.65
tot_sleeping_duration: 4746248.390440013
tot_uptimes: 1235
tot_uptimes_duration: 74055.23367998417
