comms_cons: 485.3167104995448
finished_reconf: true
global_termination_time: 4821002.326
local_termination_time: 347863.34500000044
node_cons: 99146.14082669879
tot_aggregated_send: 67106
tot_msg_rcv: 2302
tot_msg_sent: 4357
tot_reconf_duration: 4.8100000000000005
tot_sleeping_duration: 4746962.289520014
tot_uptimes: 1235
tot_uptimes_duration: 74040.03647998627
