comms_cons: 473.15820803507313
finished_reconf: true
global_termination_time: 4821345.572
local_termination_time: 1910201.17536
node_cons: 99154.9678266995
tot_aggregated_send: 67860
tot_msg_rcv: 1406
tot_msg_sent: 2653
tot_reconf_duration: 11.31
tot_sleeping_duration: 4747305.535520013
tot_uptimes: 1235
tot_uptimes_duration: 74040.03647998674
