comms_cons: 283.1161344133244
finished_reconf: true
global_termination_time: 2811224.927
local_termination_time: 1641524.4714799998
node_cons: 57852.40476558385
tot_aggregated_send: 39382
tot_msg_rcv: 1269
tot_msg_sent: 2381
tot_reconf_duration: 5.57
tot_sleeping_duration: 2768024.8966000113
tot_uptimes: 720
tot_uptimes_duration: 43200.03039998864
