comms_cons: 284.4627904120481
finished_reconf: false
global_termination_time: 2810450.764
local_termination_time: 0
node_cons: 57864.01019229398
tot_aggregated_send: 38904
tot_msg_rcv: 1475
tot_msg_sent: 2858
tot_reconf_duration: 14.08
tot_sleeping_duration: 2767250.697120019
tot_uptimes: 720
tot_uptimes_duration: 43200.066879981314
