comms_cons: 281.2851712079244
finished_reconf: true
global_termination_time: 2810051.891
local_termination_time: 4964.08848
node_cons: 57860.23225005141
tot_aggregated_send: 39556
tot_msg_rcv: 990
tot_msg_sent: 2207
tot_reconf_duration: 11.31
tot_sleeping_duration: 2766851.8362800204
tot_uptimes: 720
tot_uptimes_duration: 43200.05471997941
