comms_cons: 55.10737920123598
finished_reconf: true
global_termination_time: 556471.906
local_termination_time: 355748.5073600001
node_cons: 11439.046841121479
tot_aggregated_send: 7366
tot_msg_rcv: 364
tot_msg_sent: 646
tot_reconf_duration: 22.65
tot_sleeping_duration: 547951.899919999
tot_uptimes: 143
tot_uptimes_duration: 8520.006080001069
