comms_cons: 55.506688000976744
finished_reconf: true
global_termination_time: 555901.456
local_termination_time: 161581.96136000007
node_cons: 11425.455963364313
tot_aggregated_send: 7598
tot_msg_rcv: 209
tot_msg_sent: 630
tot_reconf_duration: 12.629999999999999
tot_sleeping_duration: 547381.4377599969
tot_uptimes: 143
tot_uptimes_duration: 8520.018240003206
