comms_cons: 375.6137344244731
finished_reconf: true
global_termination_time: 3773951.01448
local_termination_time: 3773950.9733599997
node_cons: 77660.19980095587
tot_aggregated_send: 54100
tot_msg_rcv: 1068
tot_msg_sent: 1924
tot_reconf_duration: 24.59
tot_sleeping_duration: 3715977.2978400015
tot_uptimes: 967
tot_uptimes_duration: 57973.71663999854
