comms_cons: 374.4595008199197
finished_reconf: true
global_termination_time: 3779136.008
local_termination_time: 1326800.6397999993
node_cons: 77692.97074669949
tot_aggregated_send: 52954
tot_msg_rcv: 1283
tot_msg_sent: 2677
tot_reconf_duration: 3.05
tot_sleeping_duration: 3721115.9715200136
tot_uptimes: 968
tot_uptimes_duration: 58020.03647998627
