comms_cons: 63.561651200598206
finished_reconf: true
global_termination_time: 639499.657
local_termination_time: 311554.5338400001
node_cons: 13101.960121121447
tot_aggregated_send: 8526
tot_msg_rcv: 374
tot_msg_sent: 761
tot_reconf_duration: 4.8100000000000005
tot_sleeping_duration: 629719.650919999
tot_uptimes: 164
tot_uptimes_duration: 9780.006080001069
