comms_cons: 65.50314240080728
finished_reconf: true
global_termination_time: 639565.608
local_termination_time: 165287.66236000005
node_cons: 13103.907465607172
tot_aggregated_send: 8526
tot_msg_rcv: 499
tot_msg_sent: 932
tot_reconf_duration: 6.22
tot_sleeping_duration: 629785.5775999946
tot_uptimes: 164
tot_uptimes_duration: 9780.030400005344
