comms_cons: 70.46001280764058
finished_reconf: true
global_termination_time: 339126.5186000002
local_termination_time: 2637.2053600000004
node_cons: 6954.554751762268
tot_aggregated_send: 0
tot_msg_rcv: 5712
tot_msg_sent: 4991
tot_reconf_duration: 18.21
tot_sleeping_duration: 333951.1447599985
tot_uptimes: 87
tot_uptimes_duration: 5175.373840001688
