comms_cons: 34.79080960069211
finished_reconf: true
global_termination_time: 342407.375
local_termination_time: 112725.97451999951
node_cons: 7004.9389800000245
tot_aggregated_send: 4698
tot_msg_rcv: 252
tot_msg_sent: 338
tot_reconf_duration: 11.31
tot_sleeping_duration: 337187.375
tot_uptimes: 88
tot_uptimes_duration: 5220.0
