comms_cons: 132.9656319959963
finished_reconf: true
global_termination_time: 1392986.243
local_termination_time: 5607.356
node_cons: 28611.309182238307
tot_aggregated_send: 19480
tot_msg_rcv: 245
tot_msg_sent: 485
tot_reconf_duration: 7.55
tot_sleeping_duration: 1371626.2308400013
tot_uptimes: 357
tot_uptimes_duration: 21360.012159998703
