comms_cons: 11.870758400142016
finished_reconf: true
global_termination_time: 83575.459
local_termination_time: 13467.50436
node_cons: 1698.1750667183276
tot_aggregated_send: 522
tot_msg_rcv: 586
tot_msg_sent: 697
tot_reconf_duration: 8.09
tot_sleeping_duration: 82315.42252000124
tot_uptimes: 22
tot_uptimes_duration: 1260.036479998751
