comms_cons: 9.931513600270819
finished_reconf: true
global_termination_time: 84143.202
local_termination_time: 4121.326480000001
node_cons: 1717.9475467214627
tot_aggregated_send: 580
tot_msg_rcv: 300
tot_msg_sent: 630
tot_reconf_duration: 22.65
tot_sleeping_duration: 82883.16551999892
tot_uptimes: 22
tot_uptimes_duration: 1260.036480001092
