comms_cons: 12.432230400027995
finished_reconf: true
global_termination_time: 85549.006
local_termination_time: 37035.284
node_cons: 1733.2554643205822
tot_aggregated_send: 522
tot_msg_rcv: 723
tot_msg_sent: 648
tot_reconf_duration: 18.700000000000003
tot_sleeping_duration: 84273.53111999956
tot_uptimes: 22
tot_uptimes_duration: 1275.4748800004381
