comms_cons: 11.5384127997685
finished_reconf: true
global_termination_time: 83861.027
local_termination_time: 32786.572360000006
node_cons: 1702.0589467183233
tot_aggregated_send: 464
tot_msg_rcv: 534
tot_msg_sent: 756
tot_reconf_duration: 10.95
tot_sleeping_duration: 82600.99052000126
tot_uptimes: 22
tot_uptimes_duration: 1260.036479998751
