comms_cons: 10.996979200139856
finished_reconf: true
global_termination_time: 83982.776
local_termination_time: 29652.04596
node_cons: 1694.5383633597341
tot_aggregated_send: 638
tot_msg_rcv: 454
tot_msg_sent: 580
tot_reconf_duration: 5.43
tot_sleeping_duration: 82722.7577600002
tot_uptimes: 22
tot_uptimes_duration: 1260.0182399998012
