comms_cons: 115.07020800197857
finished_reconf: true
global_termination_time: 586611.077
local_termination_time: 506786.5638000007
node_cons: 12061.619560000025
tot_aggregated_send: 0
tot_msg_rcv: 8794
tot_msg_sent: 8696
tot_reconf_duration: 7.819999999999999
tot_sleeping_duration: 577611.077
tot_uptimes: 151
tot_uptimes_duration: 9000.0
