comms_cons: 170.31575040248535
finished_reconf: true
global_termination_time: 586611.077
local_termination_time: 506791.0226800007
node_cons: 23856.067858999966
tot_aggregated_send: 0
tot_msg_rcv: 8696
tot_msg_sent: 17191
tot_reconf_duration: 11.31
tot_sleeping_duration: 568806.216
tot_uptimes: 292
tot_uptimes_duration: 17804.86099999995
