comms_cons: 124.49162239780603
finished_reconf: true
global_termination_time: 1271428.304
local_termination_time: 463672.33636
node_cons: 26131.019380000023
tot_aggregated_send: 18328
tot_msg_rcv: 148
tot_msg_sent: 446
tot_reconf_duration: 15.110000000000001
tot_sleeping_duration: 1251928.304
tot_uptimes: 326
tot_uptimes_duration: 19500.0
