comms_cons: 124.41267199743889
finished_reconf: true
global_termination_time: 1269886.845
local_termination_time: 319224.19336000003
node_cons: 26126.660199999995
tot_aggregated_send: 18270
tot_msg_rcv: 230
tot_msg_sent: 410
tot_reconf_duration: 11.899999999999999
tot_sleeping_duration: 1250386.845
tot_uptimes: 326
tot_uptimes_duration: 19500.0
