comms_cons: 125.97378559631252
finished_reconf: true
global_termination_time: 1272003.409
local_termination_time: 299045.50636
node_cons: 26116.461619999973
tot_aggregated_send: 18038
tot_msg_rcv: 415
tot_msg_sent: 694
tot_reconf_duration: 4.390000000000001
tot_sleeping_duration: 1252503.409
tot_uptimes: 326
tot_uptimes_duration: 19499.999999999993
