comms_cons: 123.82712319686033
finished_reconf: true
global_termination_time: 1268624.649
local_termination_time: 670356.8364799978
node_cons: 26034.301900000104
tot_aggregated_send: 18328
tot_msg_rcv: 120
tot_msg_sent: 373
tot_reconf_duration: 3.05
tot_sleeping_duration: 1249184.649
tot_uptimes: 325
tot_uptimes_duration: 19440.0
