comms_cons: 74.3646975982314
finished_reconf: true
global_termination_time: 731237.167
local_termination_time: 420054.66420000064
node_cons: 15036.008367831622
tot_aggregated_send: 9628
tot_msg_rcv: 457
tot_msg_sent: 1218
tot_reconf_duration: 9.11
tot_sleeping_duration: 720017.1244400062
tot_uptimes: 188
tot_uptimes_duration: 11220.042559993744
