comms_cons: 76.08372479871522
finished_reconf: true
global_termination_time: 734533.023
local_termination_time: 271692.9702800008
node_cons: 15110.500826728603
tot_aggregated_send: 9686
tot_msg_rcv: 654
tot_msg_sent: 1224
tot_reconf_duration: 4.8100000000000005
tot_sleeping_duration: 723252.9865199936
tot_uptimes: 189
tot_uptimes_duration: 11280.036480006413
