comms_cons: 42.962176000172924
finished_reconf: true
global_termination_time: 435286.19
local_termination_time: 50238.916720000016
node_cons: 8948.498700000004
tot_aggregated_send: 6264
tot_msg_rcv: 113
tot_msg_sent: 153
tot_reconf_duration: 22.65
tot_sleeping_duration: 428626.19
tot_uptimes: 112
tot_uptimes_duration: 6660.0
