comms_cons: 378.1789951964868
finished_reconf: true
global_termination_time: 3841198.583
local_termination_time: 2531948.78636
node_cons: 78981.14579999818
tot_aggregated_send: 53998
tot_msg_rcv: 1270
tot_msg_sent: 2213
tot_reconf_duration: 5.1
tot_sleeping_duration: 3782218.583
tot_uptimes: 984
tot_uptimes_duration: 58980.0
