comms_cons: 381.96203521190637
finished_reconf: true
global_termination_time: 3841246.504
local_termination_time: 2531927.38472
node_cons: 79008.58554111494
tot_aggregated_send: 53592
tot_msg_rcv: 1637
tot_msg_sent: 2827
tot_reconf_duration: 25.299999999999997
tot_sleeping_duration: 3782266.4979200023
tot_uptimes: 984
tot_uptimes_duration: 58980.00607999787
