comms_cons: 382.41684483641757
finished_reconf: true
global_termination_time: 3837191.532
local_termination_time: 2517174.937
node_cons: 78913.90929526927
tot_aggregated_send: 53469
tot_msg_rcv: 1617
tot_msg_sent: 3038
tot_reconf_duration: 13.17
tot_sleeping_duration: 3778269.9304800066
tot_uptimes: 983
tot_uptimes_duration: 58921.60151999351
