comms_cons: 380.6856704316884
finished_reconf: true
global_termination_time: 3836766.035
local_termination_time: 1478759.80936
node_cons: 78904.89878446644
tot_aggregated_send: 53592
tot_msg_rcv: 1320
tot_msg_sent: 2950
tot_reconf_duration: 8.09
tot_sleeping_duration: 3777846.010680009
tot_uptimes: 983
tot_uptimes_duration: 58920.02431999124
