comms_cons: 383.8772096454847
finished_reconf: true
global_termination_time: 3840264.709
local_termination_time: 1446692.591879998
node_cons: 78987.45540990113
tot_aggregated_send: 53302
tot_msg_rcv: 1598
tot_msg_sent: 3448
tot_reconf_duration: 9.11
tot_sleeping_duration: 3781284.0637200125
tot_uptimes: 984
tot_uptimes_duration: 58980.64527998725
