comms_cons: 383.9884288337251
finished_reconf: true
global_termination_time: 3837629.939
local_termination_time: 258444.74436000007
node_cons: 78919.33972893367
tot_aggregated_send: 53940
tot_msg_rcv: 1415
tot_msg_sent: 3009
tot_reconf_duration: 18.700000000000003
tot_sleeping_duration: 3778709.890360018
tot_uptimes: 983
tot_uptimes_duration: 58920.048639981775
