comms_cons: 385.8220800433198
finished_reconf: true
global_termination_time: 3841346.213
local_termination_time: 92646.30859999995
node_cons: 78989.16406633507
tot_aggregated_send: 53708
tot_msg_rcv: 1625
tot_msg_sent: 3308
tot_reconf_duration: 10.95
tot_sleeping_duration: 3782366.1577600176
tot_uptimes: 984
tot_uptimes_duration: 58980.055239982845
