comms_cons: 380.73575684710335
finished_reconf: true
global_termination_time: 3837071.549
local_termination_time: 490554.4414800005
node_cons: 78900.46082669921
tot_aggregated_send: 53766
tot_msg_rcv: 1293
tot_msg_sent: 2810
tot_reconf_duration: 4.8100000000000005
tot_sleeping_duration: 3778151.5125200143
tot_uptimes: 983
tot_uptimes_duration: 58920.03647998592
