comms_cons: 386.37793924544707
finished_reconf: true
global_termination_time: 3838166.383
local_termination_time: 961741.6073599999
node_cons: 78898.0626055829
tot_aggregated_send: 52780
tot_msg_rcv: 2235
tot_msg_sent: 3712
tot_reconf_duration: 3.05
tot_sleeping_duration: 3779246.3526000115
tot_uptimes: 983
tot_uptimes_duration: 58920.03039998864
