comms_cons: 242.43806718121377
finished_reconf: true
global_termination_time: 2361499.963
local_termination_time: 225835.22699999998
node_cons: 48581.603619167
tot_aggregated_send: 31144
tot_msg_rcv: 1975
tot_msg_sent: 3730
tot_reconf_duration: 22.65
tot_sleeping_duration: 2325240.9302000245
tot_uptimes: 605
tot_uptimes_duration: 36259.03279997583
