comms_cons: 239.33156477877213
finished_reconf: true
global_termination_time: 2361428.266
local_termination_time: 1023497.8723599999
node_cons: 48536.04468893411
tot_aggregated_send: 31494
tot_msg_rcv: 1682
tot_msg_sent: 3200
tot_reconf_duration: 7.819999999999999
tot_sleeping_duration: 2325188.2173600188
tot_uptimes: 605
tot_uptimes_duration: 36240.048639981076
