comms_cons: 467.0942462715473
finished_reconf: true
global_termination_time: 2359470.0515999976
local_termination_time: 2195.406480000002
node_cons: 48561.30455174661
tot_aggregated_send: 0
tot_msg_rcv: 35954
tot_msg_sent: 35040
tot_reconf_duration: 11.31
tot_sleeping_duration: 2323214.677760007
tot_uptimes: 605
tot_uptimes_duration: 36255.37383999047
