comms_cons: 94.05369601102203
finished_reconf: true
global_termination_time: 407170.58112000057
local_termination_time: 2696.7786
node_cons: 8429.046876346545
tot_aggregated_send: 0
tot_msg_rcv: 8163
tot_msg_sent: 6123
tot_reconf_duration: 18.21
tot_sleeping_duration: 400894.01823998074
tot_uptimes: 105
tot_uptimes_duration: 6276.562880019825
