comms_cons: 92.95459199857505
finished_reconf: true
global_termination_time: 940728.76
local_termination_time: 418492.90636
node_cons: 19290.128239999987
tot_aggregated_send: 13340
tot_msg_rcv: 269
tot_msg_sent: 519
tot_reconf_duration: 6.279999999999999
tot_sleeping_duration: 926328.76
tot_uptimes: 241
tot_uptimes_duration: 14400.0
