comms_cons: 92.6811903992288
finished_reconf: true
global_termination_time: 942113.288
local_termination_time: 366099.37636000005
node_cons: 19368.471980000028
tot_aggregated_send: 13514
tot_msg_rcv: 169
tot_msg_sent: 404
tot_reconf_duration: 4.8100000000000005
tot_sleeping_duration: 927653.288
tot_uptimes: 242
tot_uptimes_duration: 14460.0
