comms_cons: 93.58911999665597
finished_reconf: true
global_termination_time: 940344.0964799998
local_termination_time: 940344.0553599999
node_cons: 19333.351659841257
tot_aggregated_send: 13384
tot_msg_rcv: 311
tot_msg_sent: 529
tot_reconf_duration: 24.59
tot_sleeping_duration: 925930.3859199989
tot_uptimes: 241
tot_uptimes_duration: 14413.710560000909
