comms_cons: 33.97498880051248
finished_reconf: true
global_termination_time: 173929.786
local_termination_time: 2974.8633600000003
node_cons: 3539.110041119154
tot_aggregated_send: 0
tot_msg_rcv: 2613
tot_msg_sent: 2551
tot_reconf_duration: 3.05
tot_sleeping_duration: 171289.7799200006
tot_uptimes: 45
tot_uptimes_duration: 2640.0060799993666
