comms_cons: 33.41443840032837
finished_reconf: true
global_termination_time: 168516.372
local_termination_time: 232.21503999999996
node_cons: 3463.074901120292
tot_aggregated_send: 0
tot_msg_rcv: 2584
tot_msg_sent: 2493
tot_reconf_duration: 6.22
tot_sleeping_duration: 165936.3659199998
tot_uptimes: 44
tot_uptimes_duration: 2580.0060800002175
