comms_cons: 21.770572800355126
finished_reconf: true
global_termination_time: 203397.314
local_termination_time: 14097.07836
node_cons: 4198.511720000003
tot_aggregated_send: 2668
tot_msg_rcv: 307
tot_msg_sent: 334
tot_reconf_duration: 15.34
tot_sleeping_duration: 200277.314
tot_uptimes: 53
tot_uptimes_duration: 3120.0
