comms_cons: 264.2930431976468
finished_reconf: true
global_termination_time: 2696211.872
local_termination_time: 1030494.6363999982
node_cons: 55443.1282399991
tot_aggregated_send: 39092
tot_msg_rcv: 407
tot_msg_sent: 672
tot_reconf_duration: 6.279999999999999
tot_sleeping_duration: 2654811.872
tot_uptimes: 691
tot_uptimes_duration: 41400.0
