comms_cons: 151.4400255965129
finished_reconf: true
global_termination_time: 1533747.627
local_termination_time: 747466.2674799998
node_cons: 31518.00918
tot_aggregated_send: 22156
tot_msg_rcv: 298
tot_msg_sent: 564
tot_reconf_duration: 18.21
tot_sleeping_duration: 1510227.627
tot_uptimes: 393
tot_uptimes_duration: 23520.0
