comms_cons: 153.32167679371258
finished_reconf: true
global_termination_time: 1535423.955
local_termination_time: 365297.254
node_cons: 31619.905636874926
tot_aggregated_send: 21806
tot_msg_rcv: 516
tot_msg_sent: 982
tot_reconf_duration: 22.65
tot_sleeping_duration: 1511832.359080004
tot_uptimes: 394
tot_uptimes_duration: 23591.59591999615
