comms_cons: 58.69367039938511
finished_reconf: true
global_termination_time: 598057.507
local_termination_time: 158948.663
node_cons: 12325.622307520971
tot_aggregated_send: 8582
tot_msg_rcv: 122
tot_msg_sent: 218
tot_reconf_duration: 22.65
tot_sleeping_duration: 588875.3833199992
tot_uptimes: 154
tot_uptimes_duration: 9182.123680000717
