comms_cons: 106.67640318933726
finished_reconf: true
global_termination_time: 1027299.269
local_termination_time: 570420.6963599998
node_cons: 21149.988226705605
tot_aggregated_send: 13398
tot_msg_rcv: 967
tot_msg_sent: 1850
tot_reconf_duration: 15.110000000000001
tot_sleeping_duration: 1011519.2325200108
tot_uptimes: 264
tot_uptimes_duration: 15780.036479989241
