comms_cons: 455.8055933962768
finished_reconf: true
global_termination_time: 941489.2049199984
local_termination_time: 941489.1637999985
node_cons: 57281.851884309326
tot_aggregated_send: 0
tot_msg_rcv: 27995
tot_msg_sent: 41284
tot_reconf_duration: 37.410000000000004
tot_sleeping_duration: 898747.5700400057
tot_uptimes: 701
tot_uptimes_duration: 42741.634879992715
