comms_cons: 94.87787519750454
finished_reconf: true
global_termination_time: 943295.03
local_termination_time: 450285.3513600001
node_cons: 19379.09968111687
tot_aggregated_send: 12992
tot_msg_rcv: 451
tot_msg_sent: 980
tot_reconf_duration: 12.629999999999999
tot_sleeping_duration: 928835.0239200024
tot_uptimes: 242
tot_uptimes_duration: 14460.006079997635
