comms_cons: 94.00263679790847
finished_reconf: true
global_termination_time: 942550.14
local_termination_time: 582282.6733599999
node_cons: 19378.10020000006
tot_aggregated_send: 13340
tot_msg_rcv: 320
tot_msg_sent: 628
tot_reconf_duration: 11.899999999999999
tot_sleeping_duration: 928090.14
tot_uptimes: 242
tot_uptimes_duration: 14460.0
