comms_cons: 71.93039359926246
finished_reconf: true
global_termination_time: 724202.897
local_termination_time: 201197.13772000012
node_cons: 14870.464060000033
tot_aggregated_send: 10382
tot_msg_rcv: 208
tot_msg_sent: 343
tot_reconf_duration: 5.57
tot_sleeping_duration: 713102.897
tot_uptimes: 186
tot_uptimes_duration: 11100.0
