comms_cons: 71.54222079977463
finished_reconf: true
global_termination_time: 725063.884
local_termination_time: 134200.73536000052
node_cons: 14868.861619999963
tot_aggregated_send: 10440
tot_msg_rcv: 148
tot_msg_sent: 286
tot_reconf_duration: 4.390000000000001
tot_sleeping_duration: 713963.884
tot_uptimes: 186
tot_uptimes_duration: 11099.999999999942
