comms_cons: 76.65059200064175
finished_reconf: true
global_termination_time: 764686.699
local_termination_time: 425669.7953600001
node_cons: 15670.441900000087
tot_aggregated_send: 9918
tot_msg_rcv: 629
tot_msg_sent: 1104
tot_reconf_duration: 3.05
tot_sleeping_duration: 752986.699
tot_uptimes: 196
tot_uptimes_duration: 11700.0
