comms_cons: 88.88843521067426
finished_reconf: true
global_termination_time: 377558.4468400002
local_termination_time: 323.5954799999991
node_cons: 7758.211411300067
tot_aggregated_send: 0
tot_msg_rcv: 7861
tot_msg_sent: 5644
tot_reconf_duration: 18.21
tot_sleeping_duration: 371782.8813199852
tot_uptimes: 97
tot_uptimes_duration: 5775.565520014985
