comms_cons: 267.48914559933866
finished_reconf: true
global_termination_time: 2651693.359
local_termination_time: 1608466.6078399997
node_cons: 54581.63498223269
tot_aggregated_send: 37062
tot_msg_rcv: 1292
tot_msg_sent: 2303
tot_reconf_duration: 22.65
tot_sleeping_duration: 2610953.346840005
tot_uptimes: 680
tot_uptimes_duration: 40740.0121599953
