comms_cons: 268.1485696041557
finished_reconf: true
global_termination_time: 2652954.154
local_termination_time: 202614.99392000027
node_cons: 54559.363747822164
tot_aggregated_send: 36888
tot_msg_rcv: 1370
tot_msg_sent: 2499
tot_reconf_duration: 6.22
tot_sleeping_duration: 2612214.1114400127
tot_uptimes: 680
tot_uptimes_duration: 40740.04255998734
