comms_cons: 32.65914880012238
finished_reconf: true
global_termination_time: 330264.4738000004
local_termination_time: 21446.520480000003
node_cons: 6854.639967320813
tot_aggregated_send: 4756
tot_msg_rcv: 71
tot_msg_sent: 137
tot_reconf_duration: 22.65
tot_sleeping_duration: 325168.2219199998
tot_uptimes: 85
tot_uptimes_duration: 5096.2518800006
