comms_cons: 96.33098241054793
finished_reconf: true
global_termination_time: 330263.9049200003
local_termination_time: 330263.8638000003
node_cons: 13566.690214880438
tot_aggregated_send: 0
tot_msg_rcv: 4889
tot_msg_sent: 9751
tot_reconf_duration: 24.59
tot_sleeping_duration: 320156.887
tot_uptimes: 167
tot_uptimes_duration: 10107.017920000304
