comms_cons: 64.95031040084166
finished_reconf: true
global_termination_time: 624289.309
local_termination_time: 34486.461600000024
node_cons: 12780.05418448461
tot_aggregated_send: 7888
tot_msg_rcv: 646
tot_msg_sent: 1338
tot_reconf_duration: 4.390000000000001
tot_sleeping_duration: 614749.2846799965
tot_uptimes: 160
tot_uptimes_duration: 9540.024320003424
