comms_cons: 62.35170559796384
finished_reconf: true
global_termination_time: 623104.71936
local_termination_time: 184729.3435200008
node_cons: 12805.146871278239
tot_aggregated_send: 8584
tot_msg_rcv: 253
tot_msg_sent: 640
tot_reconf_duration: 7.819999999999999
tot_sleeping_duration: 613549.4338400012
tot_uptimes: 160
tot_uptimes_duration: 9555.285519998695
