comms_cons: 0.33553919999889337
finished_reconf: true
global_termination_time: 3519.0362000000055
local_termination_time: 3503.6353599999998
node_cons: 39.86636380000718
tot_aggregated_send: 0
tot_msg_rcv: 41
tot_msg_sent: 9
tot_reconf_duration: 5.57
tot_sleeping_duration: 3494.912
tot_uptimes: 1
tot_uptimes_duration: 24.124200000005658
