comms_cons: 0.7237120000016137
finished_reconf: true
global_termination_time: 4542.092
local_termination_time: 1917.6743600000004
node_cons: 100.85938000000017
tot_aggregated_send: 0
tot_msg_rcv: 65
tot_msg_sent: 45
tot_reconf_duration: 15.110000000000001
tot_sleeping_duration: 4482.092
tot_uptimes: 2
tot_uptimes_duration: 60.0
