comms_cons: 0.7368703999996062
finished_reconf: true
global_termination_time: 4434.465
local_termination_time: 797.3163599999999
node_cons: 95.21010000000007
tot_aggregated_send: 0
tot_msg_rcv: 63
tot_msg_sent: 48
tot_reconf_duration: 10.95
tot_sleeping_duration: 4374.465
tot_uptimes: 2
tot_uptimes_duration: 60.0
