comms_cons: 104.96455679423401
finished_reconf: true
global_termination_time: 1035002.965
local_termination_time: 256326.58736000003
node_cons: 21314.861744481146
tot_aggregated_send: 13862
tot_msg_rcv: 728
tot_msg_sent: 1364
tot_reconf_duration: 18.21
tot_sleeping_duration: 1019102.9406799992
tot_uptimes: 266
tot_uptimes_duration: 15900.02432000084
