comms_cons: 107.36659199524192
finished_reconf: true
global_termination_time: 1033803.7181200001
local_termination_time: 217421.54648000008
node_cons: 21238.050408637813
tot_aggregated_send: 13514
tot_msg_rcv: 1054
tot_msg_sent: 1751
tot_reconf_duration: 4.8100000000000005
tot_sleeping_duration: 1017947.4683600018
tot_uptimes: 265
tot_uptimes_duration: 15856.249759998347
