comms_cons: 50.81627520084935
finished_reconf: true
global_termination_time: 511239.817
local_termination_time: 92794.14335999996
node_cons: 10478.573682242859
tot_aggregated_send: 6786
tot_msg_rcv: 365
tot_msg_sent: 572
tot_reconf_duration: 25.299999999999997
tot_sleeping_duration: 503439.80483999784
tot_uptimes: 131
tot_uptimes_duration: 7800.0121600021375
