comms_cons: 1.4671615999972645
finished_reconf: true
global_termination_time: 14507.377
local_termination_time: 6452.30836
node_cons: 261.8517200000002
tot_aggregated_send: 0
tot_msg_rcv: 119
tot_msg_sent: 104
tot_reconf_duration: 15.34
tot_sleeping_duration: 14327.377
tot_uptimes: 4
tot_uptimes_duration: 180.0
