comms_cons: 1.5066367999992436
finished_reconf: true
global_termination_time: 10334.749
local_termination_time: 7063.81036
node_cons: 173.47236000000012
tot_aggregated_send: 0
tot_msg_rcv: 121
tot_msg_sent: 108
tot_reconf_duration: 9.42
tot_sleeping_duration: 10214.749
tot_uptimes: 3
tot_uptimes_duration: 120.0
