comms_cons: 308.48093442963926
finished_reconf: true
global_termination_time: 3012260.269
local_termination_time: 736800.7144799998
node_cons: 61950.76593340144
tot_aggregated_send: 39208
tot_msg_rcv: 2505
tot_msg_sent: 5173
tot_reconf_duration: 6.279999999999999
tot_sleeping_duration: 2966000.196040028
tot_uptimes: 772
tot_uptimes_duration: 46260.07295997208
