comms_cons: 296.9258752123344
finished_reconf: true
global_termination_time: 3010786.053
local_termination_time: 401437.8792400005
node_cons: 61946.330781117955
tot_aggregated_send: 43210
tot_msg_rcv: 489
tot_msg_sent: 1432
tot_reconf_duration: 3.08
tot_sleeping_duration: 2964526.0469200006
tot_uptimes: 772
tot_uptimes_duration: 46260.006079999366
