comms_cons: 298.9934016133012
finished_reconf: true
global_termination_time: 3010065.736
local_termination_time: 785306.1497599991
node_cons: 61878.951539998794
tot_aggregated_send: 42746
tot_msg_rcv: 910
tot_msg_sent: 1789
tot_reconf_duration: 12.629999999999999
tot_sleeping_duration: 2963865.736
tot_uptimes: 771
tot_uptimes_duration: 46200.0
