comms_cons: 301.5055680149203
finished_reconf: true
global_termination_time: 3013036.265
local_termination_time: 723679.0360799987
node_cons: 61950.643747816735
tot_aggregated_send: 40542
tot_msg_rcv: 1678
tot_msg_sent: 3608
tot_reconf_duration: 6.22
tot_sleeping_duration: 2966776.222440017
tot_uptimes: 772
tot_uptimes_duration: 46260.04255998344
