comms_cons: 18.36157439992217
finished_reconf: true
global_termination_time: 190903.35356000034
local_termination_time: 140271.6484800001
node_cons: 3897.482785840456
tot_aggregated_send: 2726
tot_msg_rcv: 14
tot_msg_sent: 50
tot_reconf_duration: 13.17
tot_sleeping_duration: 188005.969
tot_uptimes: 49
tot_uptimes_duration: 2897.384560000326
