comms_cons: 18.90204160012758
finished_reconf: true
global_termination_time: 191436.049
local_termination_time: 171875.14348000006
node_cons: 3947.279559999972
tot_aggregated_send: 2784
tot_msg_rcv: 38
tot_msg_sent: 51
tot_reconf_duration: 7.819999999999999
tot_sleeping_duration: 188496.049
tot_uptimes: 50
tot_uptimes_duration: 2940.0
