comms_cons: 19.013888000034182
finished_reconf: true
global_termination_time: 194463.513
local_termination_time: 59586.80520000022
node_cons: 3944.0420811191543
tot_aggregated_send: 2668
tot_msg_rcv: 53
tot_msg_sent: 169
tot_reconf_duration: 5.43
tot_sleeping_duration: 191523.50692000063
tot_uptimes: 50
tot_uptimes_duration: 2940.006079999366
