comms_cons: 47.745254400179185
finished_reconf: true
global_termination_time: 486902.55104000086
local_termination_time: 189042.764
node_cons: 10083.936100242398
tot_aggregated_send: 7132
tot_msg_rcv: 31
tot_msg_sent: 93
tot_reconf_duration: 22.65
tot_sleeping_duration: 479394.5768799991
tot_uptimes: 125
tot_uptimes_duration: 7507.974160001788
