comms_cons: 47.90973440029529
finished_reconf: true
global_termination_time: 491592.858
local_termination_time: 310006.13588000095
node_cons: 10046.641900000077
tot_aggregated_send: 7076
tot_msg_rcv: 33
tot_msg_sent: 172
tot_reconf_duration: 3.05
tot_sleeping_duration: 484092.858
tot_uptimes: 126
tot_uptimes_duration: 7500.0
