comms_cons: 2.382297599991419
finished_reconf: true
global_termination_time: 13596.54848
local_termination_time: 13596.50736
node_cons: 310.1812198400071
tot_aggregated_send: 0
tot_msg_rcv: 204
tot_msg_sent: 158
tot_reconf_duration: 37.410000000000004
tot_sleeping_duration: 13402.837919999994
tot_uptimes: 4
tot_uptimes_duration: 193.710560000005
