comms_cons: 2.3948287999920863
finished_reconf: true
global_termination_time: 14380.209
local_termination_time: 6045.70336
node_cons: 261.8517200000002
tot_aggregated_send: 0
tot_msg_rcv: 201
tot_msg_sent: 162
tot_reconf_duration: 15.34
tot_sleeping_duration: 14200.209
tot_uptimes: 4
tot_uptimes_duration: 180.0
