comms_cons: 2.53957119999452
finished_reconf: true
global_termination_time: 18298.321
local_termination_time: 4002.9863600000003
node_cons: 339.24486000000013
tot_aggregated_send: 0
tot_msg_rcv: 222
tot_msg_sent: 164
tot_reconf_duration: 13.17
tot_sleeping_duration: 18058.321
tot_uptimes: 5
tot_uptimes_duration: 240.0
