comms_cons: 2.4869375999960024
finished_reconf: true
global_termination_time: 14423.151
local_termination_time: 5892.53636
node_cons: 261.539380000002
tot_aggregated_send: 0
tot_msg_rcv: 217
tot_msg_sent: 160
tot_reconf_duration: 15.110000000000001
tot_sleeping_duration: 14243.150999999998
tot_uptimes: 4
tot_uptimes_duration: 180.0
