comms_cons: 73.77256960093096
finished_reconf: true
global_termination_time: 783176.685
local_termination_time: 300964.96936000005
node_cons: 16085.909283364294
tot_aggregated_send: 10324
tot_msg_rcv: 289
tot_msg_sent: 600
tot_reconf_duration: 13.17
tot_sleeping_duration: 771176.6667599968
tot_uptimes: 201
tot_uptimes_duration: 12000.018240003206
