comms_cons: 75.38903040074503
finished_reconf: true
global_termination_time: 782368.794
local_termination_time: 136189.9111600008
node_cons: 16085.15154000003
tot_aggregated_send: 10672
tot_msg_rcv: 196
tot_msg_sent: 591
tot_reconf_duration: 12.629999999999999
tot_sleeping_duration: 770368.794
tot_uptimes: 201
tot_uptimes_duration: 12000.0
