comms_cons: 78.29248000159214
finished_reconf: true
global_termination_time: 783289.937
local_termination_time: 214242.00020000062
node_cons: 16082.902664485722
tot_aggregated_send: 10440
tot_msg_rcv: 484
tot_msg_sent: 976
tot_reconf_duration: 10.95
tot_sleeping_duration: 771289.9126799958
tot_uptimes: 201
tot_uptimes_duration: 12000.024320004275
