comms_cons: 77.5157888010325
finished_reconf: true
global_termination_time: 783930.432
local_termination_time: 140748.13336000004
node_cons: 16084.168341121447
tot_aggregated_send: 10730
tot_msg_rcv: 398
tot_msg_sent: 653
tot_reconf_duration: 11.899999999999999
tot_sleeping_duration: 771930.4259199989
tot_uptimes: 201
tot_uptimes_duration: 12000.006080001069
