comms_cons: 74.25989760063592
finished_reconf: true
global_termination_time: 781611.883
local_termination_time: 205746.35676000087
node_cons: 16074.548262242804
tot_aggregated_send: 10382
tot_msg_rcv: 265
tot_msg_sent: 640
tot_reconf_duration: 4.8100000000000005
tot_sleeping_duration: 769611.8708399979
tot_uptimes: 201
tot_uptimes_duration: 12000.01216000208
