comms_cons: 284.5118656158039
finished_reconf: true
global_termination_time: 2809336.571
local_termination_time: 4350.178000000001
node_cons: 57848.64307117976
tot_aggregated_send: 38856
tot_msg_rcv: 1473
tot_msg_sent: 2914
tot_reconf_duration: 2.77
tot_sleeping_duration: 2766136.5102000143
tot_uptimes: 720
tot_uptimes_duration: 43200.060799985644
