comms_cons: 282.5605632137579
finished_reconf: true
global_termination_time: 2810801.721
local_termination_time: 6108.626
node_cons: 57855.15873452994
tot_aggregated_send: 38910
tot_msg_rcv: 1229
tot_msg_sent: 2807
tot_reconf_duration: 7.55
tot_sleeping_duration: 2767601.6419600216
tot_uptimes: 720
tot_uptimes_duration: 43200.079039978315
