comms_cons: 98.63536639849376
finished_reconf: true
global_termination_time: 1006176.457
local_termination_time: 348093.853
node_cons: 20660.46021352284
tot_aggregated_send: 14438
tot_msg_rcv: 158
tot_msg_sent: 396
tot_reconf_duration: 7.819999999999999
tot_sleeping_duration: 990754.619319998
tot_uptimes: 258
tot_uptimes_duration: 15421.837680002092
