comms_cons: 507.4960128914893
finished_reconf: true
global_termination_time: 5104267.005
local_termination_time: 718626.1063599999
node_cons: 105010.38232558171
tot_aggregated_send: 71282
tot_msg_rcv: 2019
tot_msg_sent: 3836
tot_reconf_duration: 4.390000000000001
tot_sleeping_duration: 5025846.9746000115
tot_uptimes: 1308
tot_uptimes_duration: 78420.03039998864
