comms_cons: 504.7166976823836
finished_reconf: true
global_termination_time: 5106777.558
local_termination_time: 1204479.7143599996
node_cons: 105008.5707466989
tot_aggregated_send: 70876
tot_msg_rcv: 1905
tot_msg_sent: 3932
tot_reconf_duration: 3.05
tot_sleeping_duration: 5028357.521520013
tot_uptimes: 1308
tot_uptimes_duration: 78420.03647998674
