comms_cons: 225.48234238055355
finished_reconf: true
global_termination_time: 2239834.122239997
local_termination_time: 163429.24016000077
node_cons: 46084.549381185265
tot_aggregated_send: 30856
tot_msg_rcv: 1072
tot_msg_sent: 2343
tot_reconf_duration: 18.21
tot_sleeping_duration: 2205435.451440008
tot_uptimes: 574
tot_uptimes_duration: 34398.6707999894
