comms_cons: 622.0683259953222
finished_reconf: true
global_termination_time: 2240343.152
local_termination_time: 1283262.4044399995
node_cons: 135671.1719709964
tot_aggregated_send: 0
tot_msg_rcv: 38231
tot_msg_sent: 56321
tot_reconf_duration: 6.22
tot_sleeping_duration: 2139026.7029999993
tot_uptimes: 1665
tot_uptimes_duration: 101316.44900000052
