comms_cons: 253.09335663591602
finished_reconf: true
global_termination_time: 2241002.471
local_termination_time: 1286581.0963599999
node_cons: 46050.18712111638
tot_aggregated_send: 0
tot_msg_rcv: 19377
tot_msg_sent: 19091
tot_reconf_duration: 11.31
tot_sleeping_duration: 2206622.464920002
tot_uptimes: 574
tot_uptimes_duration: 34380.006079997635
