comms_cons: 767.2864570209324
finished_reconf: true
global_termination_time: 2321263.376
local_termination_time: 1058414.9705999997
node_cons: 140465.65530462773
tot_aggregated_send: 0
tot_msg_rcv: 47210
tot_msg_sent: 69414
tot_reconf_duration: 6.22
tot_sleeping_duration: 2216366.282240006
tot_uptimes: 1716
tot_uptimes_duration: 104897.09375999411
