comms_cons: 289.5111167892637
finished_reconf: true
global_termination_time: 2928100.327
local_termination_time: 2033374.719
node_cons: 60187.06394446665
tot_aggregated_send: 40649
tot_msg_rcv: 1084
tot_msg_sent: 2271
tot_reconf_duration: 9.11
tot_sleeping_duration: 2883160.302680009
tot_uptimes: 750
tot_uptimes_duration: 44940.02431999077
