comms_cons: 294.5855040131763
finished_reconf: true
global_termination_time: 2927225.86
local_termination_time: 640891.8073599999
node_cons: 60205.516393406746
tot_aggregated_send: 40600
tot_msg_rcv: 1340
tot_msg_sent: 2835
tot_reconf_duration: 22.65
tot_sleeping_duration: 2882285.787040024
tot_uptimes: 750
tot_uptimes_duration: 44940.07295997598
