comms_cons: 293.3354816101963
finished_reconf: true
global_termination_time: 2926143.329
local_termination_time: 156425.24336000005
node_cons: 60189.62779341526
tot_aggregated_send: 40542
tot_msg_rcv: 1349
tot_msg_sent: 2693
tot_reconf_duration: 10.95
tot_sleeping_duration: 2881203.2560400176
tot_uptimes: 750
tot_uptimes_duration: 44940.07295998238
