comms_cons: 294.04418562182695
finished_reconf: true
global_termination_time: 2924145.496
local_termination_time: 1136895.095279999
node_cons: 60100.33860781782
tot_aggregated_send: 40020
tot_msg_rcv: 1650
tot_msg_sent: 3023
tot_reconf_duration: 4.390000000000001
tot_sleeping_duration: 2879265.4534400157
tot_uptimes: 749
tot_uptimes_duration: 44880.04255998437
