comms_cons: 26.474700799929632
finished_reconf: true
global_termination_time: 13341.758360000005
local_termination_time: 2934.147040000001
node_cons: 3918.777647400024
tot_aggregated_send: 0
tot_msg_rcv: 2005
tot_msg_sent: 2018
tot_reconf_duration: 18.21
tot_sleeping_duration: 10433.581759999988
tot_uptimes: 39
tot_uptimes_duration: 2908.176600000017
