comms_cons: 1.5329535999991566
finished_reconf: true
global_termination_time: 18060.536
local_termination_time: 7079.639480000001
node_cons: 328.2858000000017
tot_aggregated_send: 0
tot_msg_rcv: 119
tot_msg_sent: 114
tot_reconf_duration: 5.1
tot_sleeping_duration: 17820.536
tot_uptimes: 5
tot_uptimes_duration: 240.0
