comms_cons: 1.8092799999940221
finished_reconf: true
global_termination_time: 15899.91
local_termination_time: 5882.48836
node_cons: 327.89198000000056
tot_aggregated_send: 0
tot_msg_rcv: 160
tot_msg_sent: 115
tot_reconf_duration: 4.8100000000000005
tot_sleeping_duration: 15659.91
tot_uptimes: 5
tot_uptimes_duration: 240.0
