comms_cons: 92.47065599798945
finished_reconf: true
global_termination_time: 935783.328
local_termination_time: 151402.01084000012
node_cons: 19205.40190000002
tot_aggregated_send: 13398
tot_msg_rcv: 195
tot_msg_sent: 462
tot_reconf_duration: 3.05
tot_sleeping_duration: 921443.328
tot_uptimes: 240
tot_uptimes_duration: 14340.000000000004
