comms_cons: 885.9031431062577
finished_reconf: true
global_termination_time: 3044855.0056
local_termination_time: 3044854.9644799996
node_cons: 124034.59282539322
tot_aggregated_send: 0
tot_msg_rcv: 45177
tot_msg_sent: 89477
tot_reconf_duration: 24.59
tot_sleeping_duration: 2952247.687000002
tot_uptimes: 1527
tot_uptimes_duration: 92607.31859999796
