comms_cons: 297.4810111829167
finished_reconf: true
global_termination_time: 3047784.346
local_termination_time: 1377713.10536
node_cons: 62673.66304223253
tot_aggregated_send: 42166
tot_msg_rcv: 1074
tot_msg_sent: 1976
tot_reconf_duration: 6.22
tot_sleeping_duration: 3000984.3338400046
tot_uptimes: 781
tot_uptimes_duration: 46800.012159995385
