comms_cons: 25.250969599886005
finished_reconf: true
global_termination_time: 249534.068
local_termination_time: 21283.177359999998
node_cons: 5067.397902239163
tot_aggregated_send: 3306
tot_msg_rcv: 186
tot_msg_sent: 346
tot_reconf_duration: 4.390000000000001
tot_sleeping_duration: 245754.05584000063
tot_uptimes: 64
tot_uptimes_duration: 3780.0121599993727
