comms_cons: 2.7144447999950554
finished_reconf: true
global_termination_time: 14580.506
local_termination_time: 7257.543360000001
node_cons: 271.786841120007
tot_aggregated_send: 0
tot_msg_rcv: 258
tot_msg_sent: 155
tot_reconf_duration: 22.65
tot_sleeping_duration: 14400.499919999995
tot_uptimes: 4
tot_uptimes_duration: 180.00608000000466
