comms_cons: 2.535756799991343
finished_reconf: true
global_termination_time: 16782.564
local_termination_time: 9438.517360000002
node_cons: 346.754600000001
tot_aggregated_send: 0
tot_msg_rcv: 225
tot_msg_sent: 160
tot_reconf_duration: 18.700000000000003
tot_sleeping_duration: 16542.564
tot_uptimes: 5
tot_uptimes_duration: 240.0
