comms_cons: 2.684313599991129
finished_reconf: true
global_termination_time: 16111.018
local_termination_time: 9993.326360000001
node_cons: 327.90012112000807
tot_aggregated_send: 0
tot_msg_rcv: 235
tot_msg_sent: 173
tot_reconf_duration: 4.8100000000000005
tot_sleeping_duration: 15871.011919999995
tot_uptimes: 5
tot_uptimes_duration: 240.00608000000466
