comms_cons: 389.53274854002814
finished_reconf: true
global_termination_time: 1338877.0461999995
local_termination_time: 1338877.0050799996
node_cons: 54599.91978779851
tot_aggregated_send: 0
tot_msg_rcv: 19846
tot_msg_sent: 39360
tot_reconf_duration: 24.59
tot_sleeping_duration: 1298125.346
tot_uptimes: 672
tot_uptimes_duration: 40751.70019999953
