comms_cons: 186.55224318205498
finished_reconf: true
global_termination_time: 1842071.2224399985
local_termination_time: 1842071.1813199986
node_cons: 37955.81218822315
tot_aggregated_send: 25320
tot_msg_rcv: 1011
tot_msg_sent: 2024
tot_reconf_duration: 37.410000000000004
tot_sleeping_duration: 1813762.776280011
tot_uptimes: 472
tot_uptimes_duration: 28308.446159987536
