comms_cons: 187.3690367781104
finished_reconf: true
global_termination_time: 1842071.31224
local_termination_time: 123277.80635999997
node_cons: 37884.034876116966
tot_aggregated_send: 24708
tot_msg_rcv: 1269
tot_msg_sent: 2501
tot_reconf_duration: 18.21
tot_sleeping_duration: 1813796.9988000323
tot_uptimes: 472
tot_uptimes_duration: 28274.313439967984
