comms_cons: 182.23788799516095
finished_reconf: true
global_termination_time: 1842747.819
local_termination_time: 568040.0013599999
node_cons: 37847.71220111659
tot_aggregated_send: 26506
tot_msg_rcv: 385
tot_msg_sent: 808
tot_reconf_duration: 5.57
tot_sleeping_duration: 1814487.8129200023
tot_uptimes: 472
tot_uptimes_duration: 28260.006079997635
