comms_cons: 828.2162425476059
finished_reconf: true
global_termination_time: 2009678.528
local_termination_time: 438621.6814800001
node_cons: 121589.48208229103
tot_aggregated_send: 0
tot_msg_rcv: 51016
tot_msg_sent: 74870
tot_reconf_duration: 18.21
tot_sleeping_duration: 1918890.811120019
tot_uptimes: 1492
tot_uptimes_duration: 90787.71687998102
