comms_cons: 340.0579581346934
finished_reconf: true
global_termination_time: 2014272.731
local_termination_time: 438625.1526000001
node_cons: 41405.96453451853
tot_aggregated_send: 0
tot_msg_rcv: 26207
tot_msg_sent: 25481
tot_reconf_duration: 22.65
tot_sleeping_duration: 1983372.6519600307
tot_uptimes: 516
tot_uptimes_duration: 30900.07903996925
