comms_cons: 199.12509438932778
finished_reconf: true
global_termination_time: 2009325.6973999992
local_termination_time: 2009325.6562799993
node_cons: 41386.45669695832
tot_aggregated_send: 28626
tot_msg_rcv: 454
tot_msg_sent: 1184
tot_reconf_duration: 37.410000000000004
tot_sleeping_duration: 1978455.1567600002
tot_uptimes: 515
tot_uptimes_duration: 30870.540639998973
