comms_cons: 199.2859135923085
finished_reconf: true
global_termination_time: 2014446.728
local_termination_time: 425781.32036000007
node_cons: 41379.2826399997
tot_aggregated_send: 28884
tot_msg_rcv: 478
tot_msg_sent: 928
tot_reconf_duration: 3.08
tot_sleeping_duration: 1983546.728
tot_uptimes: 516
tot_uptimes_duration: 30900.0
