comms_cons: 341.54739173172686
finished_reconf: true
global_termination_time: 2011781.004
local_termination_time: 439430.96436000004
node_cons: 41381.72967340627
tot_aggregated_send: 0
tot_msg_rcv: 26376
tot_msg_sent: 25538
tot_reconf_duration: 4.8100000000000005
tot_sleeping_duration: 1980880.931040025
tot_uptimes: 516
tot_uptimes_duration: 30900.07295997505
