comms_cons: 198.5779711941921
finished_reconf: true
global_termination_time: 2010192.061
local_termination_time: 1298903.3129199985
node_cons: 41311.91153999985
tot_aggregated_send: 29058
tot_msg_rcv: 382
tot_msg_sent: 743
tot_reconf_duration: 12.629999999999999
tot_sleeping_duration: 1979352.061
tot_uptimes: 515
tot_uptimes_duration: 30840.0
