comms_cons: 203.97493757573417
finished_reconf: true
global_termination_time: 2012434.77
local_termination_time: 376816.60199999996
node_cons: 41383.73919147855
tot_aggregated_send: 26793
tot_msg_rcv: 1285
tot_msg_sent: 2925
tot_reconf_duration: 4.390000000000001
tot_sleeping_duration: 1981532.7703200306
tot_uptimes: 516
tot_uptimes_duration: 30901.999679969333
