comms_cons: 201.0591295871673
finished_reconf: true
global_termination_time: 2009667.673
local_termination_time: 1160149.9235999999
node_cons: 41315.63242558396
tot_aggregated_send: 26854
tot_msg_rcv: 1326
tot_msg_sent: 2380
tot_reconf_duration: 15.34
tot_sleeping_duration: 1978827.6426000118
tot_uptimes: 515
tot_uptimes_duration: 30840.030399988173
