comms_cons: 319.6134208436854
finished_reconf: true
global_termination_time: 3151025.969
local_termination_time: 1330555.7233599997
node_cons: 64784.83940558333
tot_aggregated_send: 43558
tot_msg_rcv: 1846
tot_msg_sent: 3176
tot_reconf_duration: 22.65
tot_sleeping_duration: 3102665.9386000116
tot_uptimes: 807
tot_uptimes_duration: 48360.03039998864
