comms_cons: 144.17721599536165
finished_reconf: true
global_termination_time: 1459106.884
local_termination_time: 695630.44636
node_cons: 29982.98834111691
tot_aggregated_send: 20996
tot_msg_rcv: 290
tot_msg_sent: 628
tot_reconf_duration: 11.899999999999999
tot_sleeping_duration: 1436726.8779200024
tot_uptimes: 374
tot_uptimes_duration: 22380.006079997635
