comms_cons: 25.772608000241277
finished_reconf: true
global_termination_time: 230896.36924000096
local_termination_time: 230896.36924000096
node_cons: 4859.401808963884
tot_aggregated_send: 2596
tot_msg_rcv: 436
tot_msg_sent: 886
tot_reconf_duration: 24.59
tot_sleeping_duration: 227292.18059999807
tot_uptimes: 60
tot_uptimes_duration: 3604.188640002889
