comms_cons: 23.30415360003473
finished_reconf: true
global_termination_time: 233904.87
local_termination_time: 64393.20636000002
node_cons: 4746.029761121444
tot_aggregated_send: 3190
tot_msg_rcv: 122
tot_msg_sent: 231
tot_reconf_duration: 4.390000000000001
tot_sleeping_duration: 230364.86391999893
tot_uptimes: 60
tot_uptimes_duration: 3540.0060800010688
