comms_cons: 59.46280960136562
finished_reconf: true
global_termination_time: 566240.617
local_termination_time: 162274.41836000004
node_cons: 11664.715967845426
tot_aggregated_send: 7308
tot_msg_rcv: 628
tot_msg_sent: 1102
tot_reconf_duration: 11.31
tot_sleeping_duration: 557540.5744399959
tot_uptimes: 146
tot_uptimes_duration: 8700.042560004047
