comms_cons: 95.03654399821237
finished_reconf: true
global_termination_time: 964699.835
local_termination_time: 365156.88468000066
node_cons: 19852.50823999999
tot_aggregated_send: 13920
tot_msg_rcv: 180
tot_msg_sent: 345
tot_reconf_duration: 6.279999999999999
tot_sleeping_duration: 949879.835
tot_uptimes: 248
tot_uptimes_duration: 14820.0
