comms_cons: 97.31087359510187
finished_reconf: true
global_termination_time: 964174.2313999992
local_termination_time: 964174.1902799993
node_cons: 19855.3611203204
tot_aggregated_send: 13256
tot_msg_rcv: 520
tot_msg_sent: 1014
tot_reconf_duration: 37.410000000000004
tot_sleeping_duration: 949383.672519999
tot_uptimes: 247
tot_uptimes_duration: 14790.558880000266
