comms_cons: 94.91216639655605
finished_reconf: true
global_termination_time: 964174.9990000004
local_termination_time: 262820.68460000097
node_cons: 19830.03258000063
tot_aggregated_send: 13746
tot_msg_rcv: 195
tot_msg_sent: 485
tot_reconf_duration: 3.08
tot_sleeping_duration: 949368.539
tot_uptimes: 247
tot_uptimes_duration: 14806.460000000428
