comms_cons: 95.22076159934653
finished_reconf: true
global_termination_time: 967212.708
local_termination_time: 201441.20836000008
node_cons: 19864.499380000052
tot_aggregated_send: 14094
tot_msg_rcv: 161
tot_msg_sent: 218
tot_reconf_duration: 15.110000000000001
tot_sleeping_duration: 952392.708
tot_uptimes: 248
tot_uptimes_duration: 14820.0
