comms_cons: 95.36675839873034
finished_reconf: true
global_termination_time: 967742.58
local_termination_time: 216551.70236000005
node_cons: 19860.148341116856
tot_aggregated_send: 13978
tot_msg_rcv: 180
tot_msg_sent: 337
tot_reconf_duration: 11.899999999999999
tot_sleeping_duration: 952922.5739200023
tot_uptimes: 248
tot_uptimes_duration: 14820.006079997635
