comms_cons: 94.62926079829529
finished_reconf: true
global_termination_time: 966986.52
local_termination_time: 592781.348359998
node_cons: 19855.010173037434
tot_aggregated_send: 14036
tot_msg_rcv: 117
tot_msg_sent: 231
tot_reconf_duration: 6.22
tot_sleeping_duration: 952164.590640002
tot_uptimes: 248
tot_uptimes_duration: 14821.929359997972
