comms_cons: 363.9932671063403
finished_reconf: true
global_termination_time: 753201.7725999998
local_termination_time: 753201.7314799998
node_cons: 45764.05899508392
tot_aggregated_send: 0
tot_msg_rcv: 22323
tot_msg_sent: 33001
tot_reconf_duration: 24.59
tot_sleeping_duration: 719048.9228799966
tot_uptimes: 561
tot_uptimes_duration: 34152.84972000329
