comms_cons: 74.54223999894698
finished_reconf: true
global_termination_time: 755477.507
local_termination_time: 196411.63236000005
node_cons: 15526.45172000002
tot_aggregated_send: 10788
tot_msg_rcv: 149
tot_msg_sent: 392
tot_reconf_duration: 15.34
tot_sleeping_duration: 743897.507
tot_uptimes: 194
tot_uptimes_duration: 11580.0
