comms_cons: 77.65989119753355
finished_reconf: true
global_termination_time: 753202.6719599988
local_termination_time: 22923.6596
node_cons: 15491.260206157769
tot_aggregated_send: 9860
tot_msg_rcv: 627
tot_msg_sent: 1316
tot_reconf_duration: 4.390000000000001
tot_sleeping_duration: 741637.8485200005
tot_uptimes: 193
tot_uptimes_duration: 11564.82343999832
