comms_cons: 66.66678400455608
finished_reconf: true
global_termination_time: 493284.0650400003
local_termination_time: 493284.0239200003
node_cons: 10206.46070594878
tot_aggregated_send: 3538
tot_msg_rcv: 2738
tot_msg_sent: 3866
tot_reconf_duration: 37.410000000000004
tot_sleeping_duration: 485699.55575997883
tot_uptimes: 127
tot_uptimes_duration: 7584.5092800214825
