comms_cons: 48.870924800023765
finished_reconf: true
global_termination_time: 493774.015
local_termination_time: 123655.56155999987
node_cons: 10139.000200000024
tot_aggregated_send: 7134
tot_msg_rcv: 131
tot_msg_sent: 163
tot_reconf_duration: 11.899999999999999
tot_sleeping_duration: 486214.015
tot_uptimes: 127
tot_uptimes_duration: 7560.0
