comms_cons: 48.80513280032362
finished_reconf: true
global_termination_time: 494386.298
local_termination_time: 164947.1
node_cons: 10129.075881761384
tot_aggregated_send: 7074
tot_msg_rcv: 112
tot_msg_sent: 233
tot_reconf_duration: 3.05
tot_sleeping_duration: 486824.734159999
tot_uptimes: 127
tot_uptimes_duration: 7561.563840001036
