comms_cons: 51.79866880081982
finished_reconf: true
global_termination_time: 520464.069
local_termination_time: 267568.84836000047
node_cons: 10691.189761121384
tot_aggregated_send: 7018
tot_msg_rcv: 253
tot_msg_sent: 603
tot_reconf_duration: 4.390000000000001
tot_sleeping_duration: 512484.06291999895
tot_uptimes: 134
tot_uptimes_duration: 7980.006080001069
