comms_cons: 51.94362880105512
finished_reconf: true
global_termination_time: 521308.722
local_termination_time: 395942.10636000003
node_cons: 10700.578980000011
tot_aggregated_send: 7018
tot_msg_rcv: 305
tot_msg_sent: 572
tot_reconf_duration: 11.31
tot_sleeping_duration: 513328.722
tot_uptimes: 134
tot_uptimes_duration: 7980.0
