comms_cons: 297.5286463938128
finished_reconf: true
global_termination_time: 3046324.348
local_termination_time: 2013481.21536
node_cons: 62686.05614334968
tot_aggregated_send: 42282
tot_msg_rcv: 939
tot_msg_sent: 2001
tot_reconf_duration: 15.34
tot_sleeping_duration: 2999524.329760007
tot_uptimes: 781
tot_uptimes_duration: 46800.01823999314
