comms_cons: 306.9663936364645
finished_reconf: true
global_termination_time: 3047154.614
local_termination_time: 203720.18436000004
node_cons: 62696.04011117293
tot_aggregated_send: 41934
tot_msg_rcv: 1597
tot_msg_sent: 3126
tot_reconf_duration: 22.65
tot_sleeping_duration: 3000354.5532000195
tot_uptimes: 781
tot_uptimes_duration: 46800.06079998071
