comms_cons: 308.0275136131138
finished_reconf: true
global_termination_time: 3048665.782
local_termination_time: 487113.21736
node_cons: 62690.67601117224
tot_aggregated_send: 41992
tot_msg_rcv: 1581
tot_msg_sent: 3244
tot_reconf_duration: 18.700000000000003
tot_sleeping_duration: 3001865.7212000196
tot_uptimes: 781
tot_uptimes_duration: 46800.060799980245
