comms_cons: 64.89005439726564
finished_reconf: true
global_termination_time: 625216.146
local_termination_time: 199841.41700000045
node_cons: 12885.183123359704
tot_aggregated_send: 8236
tot_msg_rcv: 600
tot_msg_sent: 1026
tot_reconf_duration: 22.65
tot_sleeping_duration: 615616.1277600002
tot_uptimes: 161
tot_uptimes_duration: 9600.018239999772
