comms_cons: 65.34425599704144
finished_reconf: true
global_termination_time: 626874.706
local_termination_time: 158615.12936000005
node_cons: 12860.948262238278
tot_aggregated_send: 8120
tot_msg_rcv: 651
tot_msg_sent: 1160
tot_reconf_duration: 4.8100000000000005
tot_sleeping_duration: 617274.6938400012
tot_uptimes: 161
tot_uptimes_duration: 9600.012159998703
