comms_cons: 63.83105280087846
finished_reconf: true
global_termination_time: 625792.794
local_termination_time: 18843.78748
node_cons: 12861.79836336431
tot_aggregated_send: 8526
tot_msg_rcv: 422
tot_msg_sent: 755
tot_reconf_duration: 5.43
tot_sleeping_duration: 616192.7757599967
tot_uptimes: 161
tot_uptimes_duration: 9600.018240003206
