comms_cons: 177.10871679148
finished_reconf: true
global_termination_time: 1802362.864
local_termination_time: 424568.02736000007
node_cons: 37067.53126446723
tot_aggregated_send: 24534
tot_msg_rcv: 770
tot_msg_sent: 1615
tot_reconf_duration: 22.65
tot_sleeping_duration: 1774702.8396800095
tot_uptimes: 462
tot_uptimes_duration: 27660.024319990538
