comms_cons: 52.495436800379885
finished_reconf: true
global_termination_time: 533893.701
local_termination_time: 476700.9042800008
node_cons: 10934.768239999974
tot_aggregated_send: 7714
tot_msg_rcv: 96
tot_msg_sent: 169
tot_reconf_duration: 6.279999999999999
tot_sleeping_duration: 525733.701
tot_uptimes: 137
tot_uptimes_duration: 8160.0
