comms_cons: 0.7763455999974372
finished_reconf: true
global_termination_time: 4992.618
local_termination_time: 2509.6403600000003
node_cons: 84.5226399999999
tot_aggregated_send: 0
tot_msg_rcv: 62
tot_msg_sent: 56
tot_reconf_duration: 3.08
tot_sleeping_duration: 4932.618
tot_uptimes: 2
tot_uptimes_duration: 60.0
