comms_cons: 111.70949119079367
finished_reconf: true
global_termination_time: 1141730.021
local_termination_time: 2530.93612
node_cons: 23468.984192326574
tot_aggregated_send: 14442
tot_msg_rcv: 754
tot_msg_sent: 1783
tot_reconf_duration: 7.08
tot_sleeping_duration: 1124209.954119995
tot_uptimes: 293
tot_uptimes_duration: 17520.066880004888
