comms_cons: 49.665408003758834
finished_reconf: true
global_termination_time: 251377.32872000066
local_termination_time: 1727.5413600000002
node_cons: 5205.454961200039
tot_aggregated_send: 0
tot_msg_rcv: 3805
tot_msg_sent: 3742
tot_reconf_duration: 4.8100000000000005
tot_sleeping_duration: 247494.63792000062
tot_uptimes: 65
tot_uptimes_duration: 3882.690800000026
