comms_cons: 100.97749761078099
finished_reconf: true
global_termination_time: 346725.05200000055
local_termination_time: 1653.3550400000015
node_cons: 14134.07729200073
tot_aggregated_send: 0
tot_msg_rcv: 5163
tot_msg_sent: 10182
tot_reconf_duration: 6.22
tot_sleeping_duration: 336175.66400000005
tot_uptimes: 175
tot_uptimes_duration: 10549.38800000053
