comms_cons: 50.9559040042425
finished_reconf: true
global_termination_time: 258107.532
local_termination_time: 431.83303999999947
node_cons: 5333.1987000000045
tot_aggregated_send: 0
tot_msg_rcv: 3937
tot_msg_sent: 3808
tot_reconf_duration: 22.65
tot_sleeping_duration: 254147.532
tot_uptimes: 67
tot_uptimes_duration: 3960.0
