comms_cons: 63.80728319970675
finished_reconf: true
global_termination_time: 602473.7
local_termination_time: 83902.33835999997
node_cons: 12380.871888966867
tot_aggregated_send: 7540
tot_msg_rcv: 755
tot_msg_sent: 1405
tot_reconf_duration: 6.22
tot_sleeping_duration: 593233.6513599948
tot_uptimes: 155
tot_uptimes_duration: 9240.048640005116
