comms_cons: 147.7826175987339
finished_reconf: true
global_termination_time: 1529876.012
local_termination_time: 190180.42036000005
node_cons: 31421.403042238315
tot_aggregated_send: 21634
tot_msg_rcv: 303
tot_msg_sent: 525
tot_reconf_duration: 6.22
tot_sleeping_duration: 1506415.9998400013
tot_uptimes: 392
tot_uptimes_duration: 23460.012159998703
