comms_cons: 346.2053376293976
finished_reconf: true
global_termination_time: 3469962.115
local_termination_time: 101074.20715999954
node_cons: 71371.33482300997
tot_aggregated_send: 47792
tot_msg_rcv: 1460
tot_msg_sent: 3370
tot_reconf_duration: 18.21
tot_sleeping_duration: 3416678.6156400214
tot_uptimes: 889
tot_uptimes_duration: 53283.499359978756
