comms_cons: 340.61400961610985
finished_reconf: true
global_termination_time: 3465220.97
local_termination_time: 1982155.14836
node_cons: 71265.7870633496
tot_aggregated_send: 47908
tot_msg_rcv: 1349
tot_msg_sent: 2513
tot_reconf_duration: 3.08
tot_sleeping_duration: 3412000.9517600066
tot_uptimes: 888
tot_uptimes_duration: 53220.01823999337
