comms_cons: 341.91347203264195
finished_reconf: true
global_termination_time: 3466290.987
local_termination_time: 157749.51308000015
node_cons: 71292.45267564223
tot_aggregated_send: 48604
tot_msg_rcv: 1012
tot_msg_sent: 2352
tot_reconf_duration: 22.65
tot_sleeping_duration: 3413070.9018800273
tot_uptimes: 888
tot_uptimes_duration: 53220.08511997298
