comms_cons: 59.87729920056583
finished_reconf: true
global_termination_time: 630477.777
local_termination_time: 290789.4249200008
node_cons: 12945.367701121459
tot_aggregated_send: 8526
tot_msg_rcv: 217
tot_msg_sent: 358
tot_reconf_duration: 7.819999999999999
tot_sleeping_duration: 620817.7709199989
tot_uptimes: 162
tot_uptimes_duration: 9660.006080001069
