comms_cons: 2.3362431999957196
finished_reconf: true
global_termination_time: 14637.493480000001
local_termination_time: 14637.452360000001
node_cons: 292.7635187200006
tot_aggregated_send: 0
tot_msg_rcv: 183
tot_msg_sent: 172
tot_reconf_duration: 24.59
tot_sleeping_duration: 14443.789
tot_uptimes: 4
tot_uptimes_duration: 193.70448000000033
