comms_cons: 2.524735999995158
finished_reconf: true
global_termination_time: 17821.788
local_termination_time: 4134.5383600000005
node_cons: 329.8882400000009
tot_aggregated_send: 0
tot_msg_rcv: 212
tot_msg_sent: 172
tot_reconf_duration: 6.279999999999999
tot_sleeping_duration: 17581.788
tot_uptimes: 5
tot_uptimes_duration: 240.0
