comms_cons: 2.6893183999966492
finished_reconf: true
global_termination_time: 18771.49
local_termination_time: 7089.90136
node_cons: 325.50189999999907
tot_aggregated_send: 0
tot_msg_rcv: 234
tot_msg_sent: 174
tot_reconf_duration: 3.05
tot_sleeping_duration: 18531.49
tot_uptimes: 5
tot_uptimes_duration: 240.0
