comms_cons: 298.38033280285845
finished_reconf: true
global_termination_time: 3016130.517
local_termination_time: 1901916.0518399987
node_cons: 62030.05220111571
tot_aggregated_send: 42340
tot_msg_rcv: 990
tot_msg_sent: 2021
tot_reconf_duration: 5.57
tot_sleeping_duration: 2969810.5109200026
tot_uptimes: 773
tot_uptimes_duration: 46320.006079997635
