comms_cons: 296.7406336043325
finished_reconf: true
global_termination_time: 3016692.044
local_termination_time: 2297672.086879998
node_cons: 62079.35541654996
tot_aggregated_send: 42108
tot_msg_rcv: 1006
tot_msg_sent: 1988
tot_reconf_duration: 25.299999999999997
tot_sleeping_duration: 2970355.2269600066
tot_uptimes: 773
tot_uptimes_duration: 46336.81703999359
