comms_cons: 300.7107968205371
finished_reconf: true
global_termination_time: 3016018.573
local_termination_time: 1317657.7054799995
node_cons: 62026.6544644668
tot_aggregated_send: 42282
tot_msg_rcv: 1195
tot_msg_sent: 2229
tot_reconf_duration: 3.05
tot_sleeping_duration: 2969698.5486800084
tot_uptimes: 773
tot_uptimes_duration: 46320.02431999124
