comms_cons: 1326.0907653195682
finished_reconf: true
global_termination_time: 3014797.631
local_termination_time: 1472487.9193199985
node_cons: 182385.82546245446
tot_aggregated_send: 0
tot_msg_rcv: 81576
tot_msg_sent: 119985
tot_reconf_duration: 6.22
tot_sleeping_duration: 2878593.4646800146
tot_uptimes: 2233
tot_uptimes_duration: 136204.1663199855
