comms_cons: 301.0713984349768
finished_reconf: true
global_termination_time: 3013942.66
local_termination_time: 1485614.193
node_cons: 62030.87275830057
tot_aggregated_send: 41062
tot_msg_rcv: 1461
tot_msg_sent: 3238
tot_reconf_duration: 5.43
tot_sleeping_duration: 2967621.8991200137
tot_uptimes: 772
tot_uptimes_duration: 46320.760879986454
