comms_cons: 411.9266112421076
finished_reconf: true
global_termination_time: 4111342.142
local_termination_time: 126262.403
node_cons: 84575.29850436804
tot_aggregated_send: 57534
tot_msg_rcv: 1750
tot_msg_sent: 3326
tot_reconf_duration: 22.65
tot_sleeping_duration: 4048202.082400022
tot_uptimes: 1053
tot_uptimes_duration: 63140.05959997774
