comms_cons: 241.2344191931767
finished_reconf: true
global_termination_time: 2373684.10348
local_termination_time: 2373684.06236
node_cons: 48818.21307101666
tot_aggregated_send: 32350
tot_msg_rcv: 1448
tot_msg_sent: 2866
tot_reconf_duration: 24.59
tot_sleeping_duration: 2337250.3321200167
tot_uptimes: 608
tot_uptimes_duration: 36433.77135998327
