comms_cons: 227.1929343922083
finished_reconf: true
global_termination_time: 2374677.963
local_termination_time: 753150.3266799995
node_cons: 48855.264522233054
tot_aggregated_send: 32886
tot_msg_rcv: 543
tot_msg_sent: 1103
tot_reconf_duration: 6.279999999999999
tot_sleeping_duration: 2338197.9508400047
tot_uptimes: 609
tot_uptimes_duration: 36480.01215999527
