comms_cons: 230.07567359215045
finished_reconf: true
global_termination_time: 2377058.696
local_termination_time: 618593.7163599998
node_cons: 48854.30034223295
tot_aggregated_send: 33118
tot_msg_rcv: 547
tot_msg_sent: 1305
tot_reconf_duration: 5.57
tot_sleeping_duration: 2340578.6838400047
tot_uptimes: 609
tot_uptimes_duration: 36480.01215999527
