comms_cons: 239.09106558106933
finished_reconf: true
global_termination_time: 2377179.228
local_termination_time: 1084080.8991999985
node_cons: 48852.689761116046
tot_aggregated_send: 32886
tot_msg_rcv: 1237
tot_msg_sent: 2217
tot_reconf_duration: 4.390000000000001
tot_sleeping_duration: 2340699.2219200023
tot_uptimes: 609
tot_uptimes_duration: 36480.006079997635
