comms_cons: 301.2023549787584
finished_reconf: true
global_termination_time: 2374307.789
local_termination_time: 1115972.8634799998
node_cons: 48857.36398334994
tot_aggregated_send: 0
tot_msg_rcv: 23160
tot_msg_sent: 22621
tot_reconf_duration: 7.819999999999999
tot_sleeping_duration: 2337827.7707600067
tot_uptimes: 609
tot_uptimes_duration: 36480.0182399929
