comms_cons: 299.57071338043386
finished_reconf: true
global_termination_time: 2375230.165
local_termination_time: 1116014.6233599999
node_cons: 48862.095262233095
tot_aggregated_send: 0
tot_msg_rcv: 22945
tot_msg_sent: 22588
tot_reconf_duration: 11.31
tot_sleeping_duration: 2338750.152840005
tot_uptimes: 609
tot_uptimes_duration: 36480.01215999527
