comms_cons: 865.2229633306613
finished_reconf: true
global_termination_time: 8709431.6074
local_termination_time: 8709431.56628
node_cons: 179249.90483806803
tot_aggregated_send: 125080
tot_msg_rcv: 2168
tot_msg_sent: 4260
tot_reconf_duration: 37.410000000000004
tot_sleeping_duration: 8575601.060680006
tot_uptimes: 2231
tot_uptimes_duration: 133830.546719996
