comms_cons: 856.8963009388563
finished_reconf: true
global_termination_time: 8710093.633
local_termination_time: 5159969.016239999
node_cons: 179170.60394446272
tot_aggregated_send: 121046
tot_msg_rcv: 2964
tot_msg_sent: 6233
tot_reconf_duration: 9.11
tot_sleeping_duration: 8576293.608680008
tot_uptimes: 2231
tot_uptimes_duration: 133800.02431999147
