comms_cons: 849.2036609654546
finished_reconf: true
global_termination_time: 8713603.373
local_termination_time: 5657130.045159999
node_cons: 179255.7241044621
tot_aggregated_send: 120466
tot_msg_rcv: 2889
tot_msg_sent: 5719
tot_reconf_duration: 12.629999999999999
tot_sleeping_duration: 8579743.348680008
tot_uptimes: 2232
tot_uptimes_duration: 133860.02431999147
