comms_cons: 871.1452930550616
finished_reconf: true
global_termination_time: 8714470.347
local_termination_time: 365638.1420800006
node_cons: 179245.16967340308
tot_aggregated_send: 121162
tot_msg_rcv: 3771
tot_msg_sent: 7476
tot_reconf_duration: 4.8100000000000005
tot_sleeping_duration: 8580610.274040023
tot_uptimes: 2232
tot_uptimes_duration: 133860.07295997714
