comms_cons: 870.7661634084701
finished_reconf: true
global_termination_time: 8710487.733
local_termination_time: 466873.79336
node_cons: 179164.24303116414
tot_aggregated_send: 121974
tot_msg_rcv: 3667
tot_msg_sent: 6710
tot_reconf_duration: 4.390000000000001
tot_sleeping_duration: 8576687.67220002
tot_uptimes: 2231
tot_uptimes_duration: 133800.06079997797
