comms_cons: 103.46986239336073
finished_reconf: true
global_termination_time: 1023248.365
local_termination_time: 410141.28536000004
node_cons: 21055.0497611214
tot_aggregated_send: 14152
tot_msg_rcv: 533
tot_msg_sent: 1041
tot_reconf_duration: 4.390000000000001
tot_sleeping_duration: 1007528.3589199989
tot_uptimes: 263
tot_uptimes_duration: 15720.006080001069
