comms_cons: 87.13555199724698
finished_reconf: true
global_termination_time: 858286.451
local_termination_time: 12499.89848
node_cons: 17625.24312335512
tot_aggregated_send: 11832
tot_msg_rcv: 558
tot_msg_sent: 854
tot_reconf_duration: 22.65
tot_sleeping_duration: 845146.4327600037
tot_uptimes: 220
tot_uptimes_duration: 13140.018239996338
