comms_cons: 167.69064958481295
finished_reconf: true
global_termination_time: 1671895.606
local_termination_time: 641043.0883599998
node_cons: 34392.49464670094
tot_aggregated_send: 23258
tot_msg_rcv: 753
tot_msg_sent: 1477
tot_reconf_duration: 5.1
tot_sleeping_duration: 1646215.569520014
tot_uptimes: 429
tot_uptimes_duration: 25680.036479985807
