comms_cons: 167.0076671882531
finished_reconf: true
global_termination_time: 1673517.619
local_termination_time: 639764.6513599999
node_cons: 34419.90996446737
tot_aggregated_send: 23084
tot_msg_rcv: 747
tot_msg_sent: 1553
tot_reconf_duration: 25.299999999999997
tot_sleeping_duration: 1647837.5946800094
tot_uptimes: 429
tot_uptimes_duration: 25680.024319990538
