comms_cons: 329.64573414612516
finished_reconf: true
global_termination_time: 1672391.03
local_termination_time: 705774.1384799998
node_cons: 34396.1477011169
tot_aggregated_send: 0
tot_msg_rcv: 25282
tot_msg_sent: 24823
tot_reconf_duration: 7.819999999999999
tot_sleeping_duration: 1646711.0239200024
tot_uptimes: 429
tot_uptimes_duration: 25680.006079997635
