comms_cons: 2.302719999994502
finished_reconf: true
global_termination_time: 15870.351
local_termination_time: 5333.74736
node_cons: 328.7339400000004
tot_aggregated_send: 0
tot_msg_rcv: 179
tot_msg_sent: 171
tot_reconf_duration: 5.43
tot_sleeping_duration: 15630.351
tot_uptimes: 5
tot_uptimes_duration: 240.0
