comms_cons: 93.46411521327607
finished_reconf: true
global_termination_time: 530024.414
local_termination_time: 396190.24956000026
node_cons: 10876.674982242906
tot_aggregated_send: 0
tot_msg_rcv: 7200
tot_msg_sent: 7006
tot_reconf_duration: 22.65
tot_sleeping_duration: 521924.40183999785
tot_uptimes: 136
tot_uptimes_duration: 8100.0121600021375
