comms_cons: 54.26524160039285
finished_reconf: true
global_termination_time: 532061.766
local_termination_time: 250566.90784000015
node_cons: 10933.182082242884
tot_aggregated_send: 7308
tot_msg_rcv: 362
tot_msg_sent: 578
tot_reconf_duration: 5.1
tot_sleeping_duration: 523901.7538399978
tot_uptimes: 137
tot_uptimes_duration: 8160.0121600021375
