comms_cons: 54.094809600822884
finished_reconf: true
global_termination_time: 530495.341
local_termination_time: 83952.02835999998
node_cons: 10866.793688931419
tot_aggregated_send: 7076
tot_msg_rcv: 396
tot_msg_sent: 750
tot_reconf_duration: 15.34
tot_sleeping_duration: 522395.2947199915
tot_uptimes: 136
tot_uptimes_duration: 8100.046280008508
