comms_cons: 60.365414401489815
finished_reconf: true
global_termination_time: 569111.6242400002
local_termination_time: 243438.5051200009
node_cons: 11719.739426405677
tot_aggregated_send: 6670
tot_msg_rcv: 937
tot_msg_sent: 1568
tot_reconf_duration: 18.21
tot_sleeping_duration: 560377.4866399958
tot_uptimes: 146
tot_uptimes_duration: 8734.137600004236
