comms_cons: 59.39106560171182
finished_reconf: true
global_termination_time: 570838.43
local_termination_time: 164477.234
node_cons: 11739.455315125684
tot_aggregated_send: 7305
tot_msg_rcv: 556
tot_msg_sent: 1166
tot_reconf_duration: 4.8100000000000005
tot_sleeping_duration: 562075.9779199959
tot_uptimes: 147
tot_uptimes_duration: 8762.452080004237
