comms_cons: 24.711475200146218
finished_reconf: true
global_termination_time: 252954.132
local_termination_time: 185762.78436000002
node_cons: 5152.379559999974
tot_aggregated_send: 3654
tot_msg_rcv: 51
tot_msg_sent: 51
tot_reconf_duration: 7.819999999999999
tot_sleeping_duration: 249114.132
tot_uptimes: 65
tot_uptimes_duration: 3840.0
