comms_cons: 146.0794431969066
finished_reconf: true
global_termination_time: 1471282.903
local_termination_time: 200917.7109600006
node_cons: 30242.197400000074
tot_aggregated_send: 21112
tot_msg_rcv: 418
tot_msg_sent: 674
tot_reconf_duration: 25.299999999999997
tot_sleeping_duration: 1448722.903
tot_uptimes: 377
tot_uptimes_duration: 22560.0
