comms_cons: 396.2261117316711
finished_reconf: true
global_termination_time: 1470240.788
local_termination_time: 415319.92860000004
node_cons: 59695.908420999134
tot_aggregated_send: 0
tot_msg_rcv: 20242
tot_msg_sent: 39981
tot_reconf_duration: 13.17
tot_sleeping_duration: 1425671.6889999998
tot_uptimes: 737
tot_uptimes_duration: 44569.09900000017
