comms_cons: 268.3503998177998
finished_reconf: true
global_termination_time: 1470240.788
local_termination_time: 415311.92748
node_cons: 30216.303042233674
tot_aggregated_send: 0
tot_msg_rcv: 20543
tot_msg_sent: 20244
tot_reconf_duration: 6.22
tot_sleeping_duration: 1447680.7758400047
tot_uptimes: 377
tot_uptimes_duration: 22560.01215999527
