comms_cons: 85.71284479420959
finished_reconf: true
global_termination_time: 853338.2822400001
local_termination_time: 48837.52932000004
node_cons: 17557.909041593728
tot_aggregated_send: 11658
tot_msg_rcv: 457
tot_msg_sent: 911
tot_reconf_duration: 18.21
tot_sleeping_duration: 840244.0478400048
tot_uptimes: 219
tot_uptimes_duration: 13094.234399995301
