comms_cons: 143.45180796873893
finished_reconf: true
global_termination_time: 856438.65
local_termination_time: 278979.89836000005
node_cons: 17603.02080447651
tot_aggregated_send: 0
tot_msg_rcv: 11125
tot_msg_sent: 10677
tot_reconf_duration: 6.279999999999999
tot_sleeping_duration: 843298.6256800026
tot_uptimes: 220
tot_uptimes_duration: 13140.024319997407
