comms_cons: 444.03020804106245
finished_reconf: true
global_termination_time: 4481875.449
local_termination_time: 2498484.376279999
node_cons: 92160.99878446524
tot_aggregated_send: 61886
tot_msg_rcv: 1890
tot_msg_sent: 3714
tot_reconf_duration: 8.09
tot_sleeping_duration: 4413055.4246800095
tot_uptimes: 1148
tot_uptimes_duration: 68820.024319991
