comms_cons: 450.35345285740215
finished_reconf: true
global_termination_time: 4481945.698
local_termination_time: 323623.9705200004
node_cons: 92180.8445345179
tot_aggregated_send: 61886
tot_msg_rcv: 2127
tot_msg_sent: 4437
tot_reconf_duration: 22.65
tot_sleeping_duration: 4413125.618960029
tot_uptimes: 1148
tot_uptimes_duration: 68820.07903997041
