comms_cons: 438.94196482474763
finished_reconf: true
global_termination_time: 4480863.664
local_termination_time: 1864873.0327999983
node_cons: 92162.82934781615
tot_aggregated_send: 62582
tot_msg_rcv: 1443
tot_msg_sent: 2691
tot_reconf_duration: 9.42
tot_sleeping_duration: 4412043.621440016
tot_uptimes: 1148
tot_uptimes_duration: 68820.04255998414
