comms_cons: 443.0834304464836
finished_reconf: true
global_termination_time: 4478214.244
local_termination_time: 1327149.230359999
node_cons: 92080.33283005033
tot_aggregated_send: 61654
tot_msg_rcv: 1800
tot_msg_sent: 3893
tot_reconf_duration: 7.819999999999999
tot_sleeping_duration: 4409454.189280021
tot_uptimes: 1147
tot_uptimes_duration: 68760.05471997964
