comms_cons: 441.983520053074
finished_reconf: true
global_termination_time: 4479804.071
local_termination_time: 1461722.6254799997
node_cons: 92157.38650446535
tot_aggregated_send: 61944
tot_msg_rcv: 1690
tot_msg_sent: 3545
tot_reconf_duration: 5.43
tot_sleeping_duration: 4410984.046680009
tot_uptimes: 1148
tot_uptimes_duration: 68820.024319991
