comms_cons: 84.79648639963918
finished_reconf: true
global_termination_time: 842028.344
local_termination_time: 224187.28436000005
node_cons: 17297.845462238278
tot_aggregated_send: 11658
tot_msg_rcv: 431
tot_msg_sent: 799
tot_reconf_duration: 18.21
tot_sleeping_duration: 829128.3318400014
tot_uptimes: 216
tot_uptimes_duration: 12900.012159998703
