comms_cons: 84.74351359608391
finished_reconf: true
global_termination_time: 841782.063
local_termination_time: 514451.758
node_cons: 17281.491583198247
tot_aggregated_send: 11539
tot_msg_rcv: 411
tot_msg_sent: 931
tot_reconf_duration: 4.8100000000000005
tot_sleeping_duration: 828880.6742000013
tot_uptimes: 216
tot_uptimes_duration: 12901.388799998676
