comms_cons: 83.27293439990117
finished_reconf: true
global_termination_time: 840969.584
local_termination_time: 15112.18972
node_cons: 17288.467121121455
tot_aggregated_send: 11832
tot_msg_rcv: 257
tot_msg_sent: 568
tot_reconf_duration: 11.31
tot_sleeping_duration: 828069.5779199989
tot_uptimes: 216
tot_uptimes_duration: 12900.006080001069
