comms_cons: 118.59172479101939
finished_reconf: true
global_termination_time: 1160478.8464799998
local_termination_time: 163429.28128000078
node_cons: 23909.53031135578
tot_aggregated_send: 15718
tot_msg_rcv: 798
tot_msg_sent: 1508
tot_reconf_duration: 18.21
tot_sleeping_duration: 1142641.0562400029
tot_uptimes: 298
tot_uptimes_duration: 17837.79023999683
