comms_cons: 180.11623039777245
finished_reconf: true
global_termination_time: 1823759.396
local_termination_time: 894635.89736
node_cons: 37527.30823999988
tot_aggregated_send: 26332
tot_msg_rcv: 295
tot_msg_sent: 749
tot_reconf_duration: 6.279999999999999
tot_sleeping_duration: 1795739.396
tot_uptimes: 468
tot_uptimes_duration: 28020.0
