comms_cons: 181.03389439492202
finished_reconf: true
global_termination_time: 1823236.244
local_termination_time: 703492.2776399981
node_cons: 37459.76962495745
tot_aggregated_send: 26100
tot_msg_rcv: 498
tot_msg_sent: 919
tot_reconf_duration: 13.17
tot_sleeping_duration: 1795273.6713600017
tot_uptimes: 467
tot_uptimes_duration: 27962.572639998165
