comms_cons: 531.5405435693449
finished_reconf: true
global_termination_time: 1822220.0035999997
local_termination_time: 1822219.9624799998
node_cons: 74534.09680951497
tot_aggregated_send: 0
tot_msg_rcv: 27031
tot_msg_sent: 53758
tot_reconf_duration: 24.59
tot_sleeping_duration: 1766580.9419200022
tot_uptimes: 920
tot_uptimes_duration: 55639.061679997525
