comms_cons: 103.23485439761414
finished_reconf: true
global_termination_time: 1048627.981
local_termination_time: 236453.46336000005
node_cons: 21538.72476559339
tot_aggregated_send: 14036
tot_msg_rcv: 658
tot_msg_sent: 998
tot_reconf_duration: 5.57
tot_sleeping_duration: 1032547.9506000049
tot_uptimes: 269
tot_uptimes_duration: 16080.030399995034
