comms_cons: 106.10801919229883
finished_reconf: true
global_termination_time: 1048384.655
local_termination_time: 344885.08056000026
node_cons: 21535.375910060742
tot_aggregated_send: 13862
tot_msg_rcv: 803
tot_msg_sent: 1462
tot_reconf_duration: 3.08
tot_sleeping_duration: 1032304.6002800144
tot_uptimes: 269
tot_uptimes_duration: 16080.05471998558
