comms_cons: 100.30648319796272
finished_reconf: true
global_termination_time: 1044278.136
local_termination_time: 746324.071
node_cons: 21484.657136873615
tot_aggregated_send: 13859
tot_msg_rcv: 437
tot_msg_sent: 950
tot_reconf_duration: 15.110000000000001
tot_sleeping_duration: 1028248.1600800048
tot_uptimes: 268
tot_uptimes_duration: 16029.975919995224
