comms_cons: 105.43623679286335
finished_reconf: true
global_termination_time: 1044798.004
local_termination_time: 628007.9063599999
node_cons: 21467.98038671022
tot_aggregated_send: 13920
tot_msg_rcv: 774
tot_msg_sent: 1332
tot_reconf_duration: 12.629999999999999
tot_sleeping_duration: 1028777.9675200073
tot_uptimes: 268
tot_uptimes_duration: 16020.036479992668
