comms_cons: 105.67511039499979
finished_reconf: true
global_termination_time: 1045668.603
local_termination_time: 398768.40236
node_cons: 21476.199023359666
tot_aggregated_send: 13746
tot_msg_rcv: 812
tot_msg_sent: 1504
tot_reconf_duration: 18.700000000000003
tot_sleeping_duration: 1029648.5847600002
tot_uptimes: 268
tot_uptimes_duration: 16020.018239999772
