comms_cons: 108.66141439936406
finished_reconf: true
global_termination_time: 1106605.127
local_termination_time: 684170.5724799999
node_cons: 22742.18976112148
tot_aggregated_send: 14906
tot_msg_rcv: 491
tot_msg_sent: 1118
tot_reconf_duration: 4.390000000000001
tot_sleeping_duration: 1089625.120919999
tot_uptimes: 284
tot_uptimes_duration: 16980.00608000107
