comms_cons: 110.25983999665554
finished_reconf: true
global_termination_time: 1106989.905
local_termination_time: 684236.0477999984
node_cons: 22746.85584223379
tot_aggregated_send: 15544
tot_msg_rcv: 347
tot_msg_sent: 868
tot_reconf_duration: 7.819999999999999
tot_sleeping_duration: 1090009.8928400048
tot_uptimes: 284
tot_uptimes_duration: 16980.01215999527
