comms_cons: 68.90396159839352
finished_reconf: true
global_termination_time: 684660.0984799998
local_termination_time: 684660.0573599999
node_cons: 14111.267942080409
tot_aggregated_send: 9498
tot_msg_rcv: 327
tot_msg_sent: 647
tot_reconf_duration: 24.59
tot_sleeping_duration: 674146.3757599995
tot_uptimes: 176
tot_uptimes_duration: 10513.72272000028
