comms_cons: 408.84172160638553
finished_reconf: true
global_termination_time: 4176499.172
local_termination_time: 1907258.95936
node_cons: 85904.30800223183
tot_aggregated_send: 58000
tot_msg_rcv: 1306
tot_msg_sent: 2835
tot_reconf_duration: 15.34
tot_sleeping_duration: 4112359.1598400045
tot_uptimes: 1070
tot_uptimes_duration: 64140.0121599955
