comms_cons: 406.3291583988797
finished_reconf: true
global_termination_time: 4176424.279
local_termination_time: 1931867.376359998
node_cons: 85893.31588526895
tot_aggregated_send: 57826
tot_msg_rcv: 1206
tot_msg_sent: 2728
tot_reconf_duration: 6.279999999999999
tot_sleeping_duration: 4112283.2874800065
tot_uptimes: 1070
tot_uptimes_duration: 64140.991519993404
