comms_cons: 196.0344703775932
finished_reconf: true
global_termination_time: 1915803.044
local_termination_time: 926345.3740000001
node_cons: 39375.095606700874
tot_aggregated_send: 25571
tot_msg_rcv: 1374
tot_msg_sent: 2852
tot_reconf_duration: 6.22
tot_sleeping_duration: 1886403.0075200142
tot_uptimes: 491
tot_uptimes_duration: 29400.036479985807
