comms_cons: 2.2898687999904945
finished_reconf: true
global_termination_time: 13811.441
local_termination_time: 4061.36236
node_cons: 245.20263999999992
tot_aggregated_send: 0
tot_msg_rcv: 175
tot_msg_sent: 172
tot_reconf_duration: 3.08
tot_sleeping_duration: 13631.441
tot_uptimes: 4
tot_uptimes_duration: 180.0
