comms_cons: 142.66107519016134
finished_reconf: true
global_termination_time: 1415495.78312
local_termination_time: 53022.33228000016
node_cons: 29109.993595271248
tot_aggregated_send: 19372
tot_msg_rcv: 756
tot_msg_sent: 1555
tot_reconf_duration: 4.8100000000000005
tot_sleeping_duration: 1393760.5616000064
tot_uptimes: 363
tot_uptimes_duration: 21735.22151999343
