comms_cons: 140.09748479740452
finished_reconf: true
global_termination_time: 1416775.195
local_termination_time: 183712.29736000003
node_cons: 29093.699560000015
tot_aggregated_send: 20358
tot_msg_rcv: 305
tot_msg_sent: 631
tot_reconf_duration: 7.819999999999999
tot_sleeping_duration: 1395055.195
tot_uptimes: 363
tot_uptimes_duration: 21720.0
