comms_cons: 138.85633919561047
finished_reconf: true
global_termination_time: 1417119.749
local_termination_time: 942492.0941199989
node_cons: 29098.438979999963
tot_aggregated_send: 20068
tot_msg_rcv: 368
tot_msg_sent: 669
tot_reconf_duration: 11.31
tot_sleeping_duration: 1395399.749
tot_uptimes: 363
tot_uptimes_duration: 21720.0
