comms_cons: 19.244160000061072
finished_reconf: true
global_termination_time: 192544.648
local_termination_time: 57549.89368000014
node_cons: 3943.1919799999996
tot_aggregated_send: 2668
tot_msg_rcv: 86
tot_msg_sent: 171
tot_reconf_duration: 4.8100000000000005
tot_sleeping_duration: 189604.648
tot_uptimes: 50
tot_uptimes_duration: 2940.0
