comms_cons: 120.47601919571719
finished_reconf: true
global_termination_time: 605985.7845199993
local_termination_time: 2650.9573600000003
node_cons: 12520.51766440045
tot_aggregated_send: 0
tot_msg_rcv: 9310
tot_msg_sent: 9000
tot_reconf_duration: 18.21
tot_sleeping_duration: 596653.6049199989
tot_uptimes: 156
tot_uptimes_duration: 9332.179600000323
