comms_cons: 60.73259520016176
finished_reconf: true
global_termination_time: 605985.7533999993
local_termination_time: 117223.47759999995
node_cons: 12505.161747599097
tot_aggregated_send: 8410
tot_msg_rcv: 277
tot_msg_sent: 544
tot_reconf_duration: 22.65
tot_sleeping_duration: 596669.545
tot_uptimes: 156
tot_uptimes_duration: 9316.208399999305
