comms_cons: 119.84504319585044
finished_reconf: true
global_termination_time: 607157.346
local_termination_time: 2127.685040000001
node_cons: 12459.231980000017
tot_aggregated_send: 0
tot_msg_rcv: 9222
tot_msg_sent: 8993
tot_reconf_duration: 4.8100000000000005
tot_sleeping_duration: 597857.346
tot_uptimes: 156
tot_uptimes_duration: 9300.0
