comms_cons: 63.568512000934646
finished_reconf: true
global_termination_time: 610233.039
local_termination_time: 128149.97835999943
node_cons: 12539.16722752497
tot_aggregated_send: 7656
tot_msg_rcv: 722
tot_msg_sent: 1284
tot_reconf_duration: 4.390000000000001
tot_sleeping_duration: 600872.9153199963
tot_uptimes: 157
tot_uptimes_duration: 9360.1236800037
