comms_cons: 61.41488640106297
finished_reconf: true
global_termination_time: 608454.256
local_termination_time: 228624.43736000004
node_cons: 12463.32770112142
tot_aggregated_send: 8294
tot_msg_rcv: 349
tot_msg_sent: 691
tot_reconf_duration: 7.819999999999999
tot_sleeping_duration: 599154.249919999
tot_uptimes: 156
tot_uptimes_duration: 9300.006080001069
