comms_cons: 70.18933119452853
finished_reconf: true
global_termination_time: 603883.9127999994
local_termination_time: 603883.8716799994
node_cons: 12435.7399643174
tot_aggregated_send: 5670
tot_msg_rcv: 1671
tot_msg_sent: 3330
tot_reconf_duration: 24.59
tot_sleeping_duration: 594621.5179200013
tot_uptimes: 155
tot_uptimes_duration: 9262.394879998043
