comms_cons: 93.2470015982238
finished_reconf: true
global_termination_time: 942876.948
local_termination_time: 403224.40036
node_cons: 19368.8658
tot_aggregated_send: 13398
tot_msg_rcv: 199
tot_msg_sent: 576
tot_reconf_duration: 5.1
tot_sleeping_duration: 928416.948
tot_uptimes: 242
tot_uptimes_duration: 14460.0
