comms_cons: 93.28052479919113
finished_reconf: true
global_termination_time: 942086.422
local_termination_time: 369817.103
node_cons: 19387.582811761407
tot_aggregated_send: 13565
tot_msg_rcv: 207
tot_msg_sent: 407
tot_reconf_duration: 13.17
tot_sleeping_duration: 927620.6281599989
tot_uptimes: 242
tot_uptimes_duration: 14465.793840001046
