comms_cons: 52.430272000182484
finished_reconf: true
global_termination_time: 522764.508
local_termination_time: 228091.14736000006
node_cons: 10705.747521121466
tot_aggregated_send: 7250
tot_msg_rcv: 267
tot_msg_sent: 453
tot_reconf_duration: 15.110000000000001
tot_sleeping_duration: 514784.5019199989
tot_uptimes: 134
tot_uptimes_duration: 7980.006080001069
