comms_cons: 53.47573760106495
finished_reconf: true
global_termination_time: 520988.935
local_termination_time: 88822.26803999984
node_cons: 10716.011264485749
tot_aggregated_send: 6728
tot_msg_rcv: 428
tot_msg_sent: 973
tot_reconf_duration: 22.65
tot_sleeping_duration: 513008.9106799957
tot_uptimes: 134
tot_uptimes_duration: 7980.024320004275
