comms_cons: 53.93429760130268
finished_reconf: true
global_termination_time: 522866.639
local_termination_time: 121872.64759999997
node_cons: 10710.647164485752
tot_aggregated_send: 6728
tot_msg_rcv: 493
tot_msg_sent: 976
tot_reconf_duration: 18.700000000000003
tot_sleeping_duration: 514886.61467999575
tot_uptimes: 134
tot_uptimes_duration: 7980.024320004275
