comms_cons: 52.64578560099181
finished_reconf: true
global_termination_time: 522634.126
local_termination_time: 300981.56036000006
node_cons: 10700.114523364322
tot_aggregated_send: 7134
tot_msg_rcv: 294
tot_msg_sent: 573
tot_reconf_duration: 10.95
tot_sleeping_duration: 514654.1077599968
tot_uptimes: 134
tot_uptimes_duration: 7980.018240003206
