comms_cons: 51.64014080047701
finished_reconf: true
global_termination_time: 522016.653
local_termination_time: 184967.6520400003
node_cons: 10691.768262242871
tot_aggregated_send: 7366
tot_msg_rcv: 137
tot_msg_sent: 347
tot_reconf_duration: 4.8100000000000005
tot_sleeping_duration: 514036.64083999785
tot_uptimes: 134
tot_uptimes_duration: 7980.0121600021375
