comms_cons: 50.78547200015791
finished_reconf: true
global_termination_time: 516032.458
local_termination_time: 60844.98856000014
node_cons: 10612.444060000014
tot_aggregated_send: 7424
tot_msg_rcv: 68
tot_msg_sent: 227
tot_reconf_duration: 5.57
tot_sleeping_duration: 508112.458
tot_uptimes: 133
tot_uptimes_duration: 7920.0
