comms_cons: 51.46908160062118
finished_reconf: true
global_termination_time: 515037.313
local_termination_time: 119425.49847999995
node_cons: 10532.986760000016
tot_aggregated_send: 7250
tot_msg_rcv: 230
tot_msg_sent: 343
tot_reconf_duration: 6.22
tot_sleeping_duration: 507177.313
tot_uptimes: 132
tot_uptimes_duration: 7860.0
