comms_cons: 1.8948095999979966
finished_reconf: true
global_termination_time: 10317.10348
local_termination_time: 10317.06236
node_cons: 212.42351872000063
tot_aggregated_send: 0
tot_msg_rcv: 174
tot_msg_sent: 110
tot_reconf_duration: 24.59
tot_sleeping_duration: 10183.399
tot_uptimes: 3
tot_uptimes_duration: 133.70448000000033
