comms_cons: 20.19814399995235
finished_reconf: true
global_termination_time: 10317.662360000002
local_termination_time: 1478.919760000004
node_cons: 2510.266978040005
tot_aggregated_send: 0
tot_msg_rcv: 1582
tot_msg_sent: 1487
tot_reconf_duration: 6.22
tot_sleeping_duration: 8449.237999999998
tot_uptimes: 27
tot_uptimes_duration: 1868.424360000004
