comms_cons: 230.57589759513226
finished_reconf: true
global_termination_time: 2316230.87
local_termination_time: 1309263.8573599998
node_cons: 47662.13937999923
tot_aggregated_send: 33292
tot_msg_rcv: 665
tot_msg_sent: 1090
tot_reconf_duration: 15.110000000000001
tot_sleeping_duration: 2280650.87
tot_uptimes: 594
tot_uptimes_duration: 35580.0
