comms_cons: 230.02257278259736
finished_reconf: true
global_termination_time: 2317040.619
local_termination_time: 983407.3253599999
node_cons: 47648.233391167814
tot_aggregated_send: 31204
tot_msg_rcv: 1307
tot_msg_sent: 2451
tot_reconf_duration: 4.8100000000000005
tot_sleeping_duration: 2281460.5582000236
tot_uptimes: 594
tot_uptimes_duration: 35580.060799976345
