comms_cons: 230.08120319784277
finished_reconf: true
global_termination_time: 2314358.111
local_termination_time: 1273143.8473599998
node_cons: 47574.07235999931
tot_aggregated_send: 33234
tot_msg_rcv: 643
tot_msg_sent: 1094
tot_reconf_duration: 9.42
tot_sleeping_duration: 2278838.111
tot_uptimes: 593
tot_uptimes_duration: 35520.0
