comms_cons: 224.9231103927692
finished_reconf: true
global_termination_time: 2314464.954
local_termination_time: 1672981.16036
node_cons: 47576.150099999664
tot_aggregated_send: 33176
tot_msg_rcv: 323
tot_msg_sent: 688
tot_reconf_duration: 10.95
tot_sleeping_duration: 2278944.954
tot_uptimes: 593
tot_uptimes_duration: 35520.0
