comms_cons: 236.802604779178
finished_reconf: true
global_termination_time: 2316610.122
local_termination_time: 720459.7183599999
node_cons: 47645.8433111678
tot_aggregated_send: 31378
tot_msg_rcv: 1585
tot_msg_sent: 3030
tot_reconf_duration: 3.05
tot_sleeping_duration: 2281030.0612000236
tot_uptimes: 594
tot_uptimes_duration: 35580.060799976345
