comms_cons: 73.17238399601231
finished_reconf: true
global_termination_time: 609862.796
local_termination_time: 293355.36436000007
node_cons: 12557.866873452615
tot_aggregated_send: 5742
tot_msg_rcv: 2057
tot_msg_sent: 3325
tot_reconf_duration: 18.21
tot_sleeping_duration: 600502.7230399905
tot_uptimes: 157
tot_uptimes_duration: 9360.072960009391
