comms_cons: 61.91845760090755
finished_reconf: true
global_termination_time: 611564.792
local_termination_time: 444025.97932000016
node_cons: 12541.576381121407
tot_aggregated_send: 8294
tot_msg_rcv: 366
tot_msg_sent: 750
tot_reconf_duration: 6.279999999999999
tot_sleeping_duration: 602204.7859199989
tot_uptimes: 157
tot_uptimes_duration: 9360.006080001069
