comms_cons: 62.989260800730364
finished_reconf: true
global_termination_time: 611719.856
local_termination_time: 387087.6768000007
node_cons: 12540.612201121457
tot_aggregated_send: 8120
tot_msg_rcv: 530
tot_msg_sent: 924
tot_reconf_duration: 5.57
tot_sleeping_duration: 602359.8499199989
tot_uptimes: 157
tot_uptimes_duration: 9360.006080001069
