comms_cons: 63.85176319812326
finished_reconf: true
global_termination_time: 609486.7329599988
local_termination_time: 141800.47448000006
node_cons: 12626.505783924118
tot_aggregated_send: 7888
tot_msg_rcv: 637
tot_msg_sent: 1179
tot_reconf_duration: 22.65
tot_sleeping_duration: 600079.9016799957
tot_uptimes: 157
tot_uptimes_duration: 9406.831280003069
