comms_cons: 61.726681599857606
finished_reconf: true
global_termination_time: 610585.152
local_termination_time: 309979.121
node_cons: 12539.026043364249
tot_aggregated_send: 8231
tot_msg_rcv: 367
tot_msg_sent: 784
tot_reconf_duration: 4.390000000000001
tot_sleeping_duration: 601225.1337599967
tot_uptimes: 157
tot_uptimes_duration: 9360.018240003206
