comms_cons: 666.0120833213405
finished_reconf: true
global_termination_time: 6714141.669
local_termination_time: 3199750.866319999
node_cons: 138125.0282266985
tot_aggregated_send: 93380
tot_msg_rcv: 2690
tot_msg_sent: 5159
tot_reconf_duration: 15.110000000000001
tot_sleeping_duration: 6611001.632520013
tot_uptimes: 1720
tot_uptimes_duration: 103140.03647998697
