comms_cons: 657.6776960897446
finished_reconf: true
global_termination_time: 6716042.949
local_termination_time: 3641803.3583599995
node_cons: 138119.34638222939
tot_aggregated_send: 93786
tot_msg_rcv: 1988
tot_msg_sent: 4188
tot_reconf_duration: 10.95
tot_sleeping_duration: 6612902.936840004
tot_uptimes: 1720
tot_uptimes_duration: 103140.01215999573
