comms_cons: 676.2234049810953
finished_reconf: true
global_termination_time: 6711955.501
local_termination_time: 604827.3520000001
node_cons: 138028.36773451627
tot_aggregated_send: 92622
tot_msg_rcv: 3520
tot_msg_sent: 6641
tot_reconf_duration: 3.05
tot_sleeping_duration: 6608875.42196003
tot_uptimes: 1719
tot_uptimes_duration: 103080.07903997065
