comms_cons: 668.0514049308849
finished_reconf: true
global_termination_time: 6711911.833
local_termination_time: 1309892.3970799998
node_cons: 138039.58561791707
tot_aggregated_send: 92510
tot_msg_rcv: 3006
tot_msg_sent: 6023
tot_reconf_duration: 11.31
tot_sleeping_duration: 6608831.753360028
tot_uptimes: 1719
tot_uptimes_duration: 103080.07963997126
