comms_cons: 164.91485439396482
finished_reconf: true
global_termination_time: 1657343.161
local_termination_time: 237253.62956000023
node_cons: 34088.89732112142
tot_aggregated_send: 23722
tot_msg_rcv: 489
tot_msg_sent: 855
tot_reconf_duration: 18.21
tot_sleeping_duration: 1631903.154919999
tot_uptimes: 425
tot_uptimes_duration: 25440.00608000107
