comms_cons: 168.56693758665367
finished_reconf: true
global_termination_time: 1656764.078
local_termination_time: 109832.71059999941
node_cons: 34070.740826714784
tot_aggregated_send: 22852
tot_msg_rcv: 1025
tot_msg_sent: 1744
tot_reconf_duration: 4.8100000000000005
tot_sleeping_duration: 1631324.041520004
tot_uptimes: 425
tot_uptimes_duration: 25440.03647999611
