comms_cons: 161.19039999758752
finished_reconf: true
global_termination_time: 1657619.585
local_termination_time: 1201452.4021599984
node_cons: 34079.51898000007
tot_aggregated_send: 23896
tot_msg_rcv: 151
tot_msg_sent: 453
tot_reconf_duration: 11.31
tot_sleeping_duration: 1632179.585
tot_uptimes: 425
tot_uptimes_duration: 25440.0
