comms_cons: 200.55658878193296
finished_reconf: true
global_termination_time: 1990980.735
local_termination_time: 510724.31736
node_cons: 40899.09489005113
tot_aggregated_send: 26854
tot_msg_rcv: 1175
tot_msg_sent: 2454
tot_reconf_duration: 4.390000000000001
tot_sleeping_duration: 1960440.6802800214
tot_uptimes: 510
tot_uptimes_duration: 30540.05471997871
