comms_cons: 880.0727233928358
finished_reconf: true
global_termination_time: 8890769.236
local_termination_time: 3427163.3132399986
node_cons: 182871.7981300477
tot_aggregated_send: 123598
tot_msg_rcv: 3593
tot_msg_sent: 6574
tot_reconf_duration: 13.17
tot_sleeping_duration: 8754209.181280019
tot_uptimes: 2277
tot_uptimes_duration: 136560.0547199808
