comms_cons: 894.1829378567168
finished_reconf: true
global_termination_time: 8890364.188119996
local_termination_time: 274049.0020000005
node_cons: 182905.02916196128
tot_aggregated_send: 124062
tot_msg_rcv: 3938
tot_msg_sent: 7909
tot_reconf_duration: 22.65
tot_sleeping_duration: 8753788.930120021
tot_uptimes: 2277
tot_uptimes_duration: 136575.25799997587
