comms_cons: 866.3065857504986
finished_reconf: true
global_termination_time: 8890979.273
local_termination_time: 3636621.312319999
node_cons: 182866.66492446265
tot_aggregated_send: 122902
tot_msg_rcv: 2749
tot_msg_sent: 6021
tot_reconf_duration: 9.42
tot_sleeping_duration: 8754419.248680009
tot_uptimes: 2277
tot_uptimes_duration: 136560.02431999147
