comms_cons: 866.5950273688674
finished_reconf: true
global_termination_time: 8891085.405
local_termination_time: 5336870.743359999
node_cons: 182879.25436362714
tot_aggregated_send: 122438
tot_msg_rcv: 3170
tot_msg_sent: 6108
tot_reconf_duration: 18.700000000000003
tot_sleeping_duration: 8754525.390240004
tot_uptimes: 2277
tot_uptimes_duration: 136560.01475999597
