comms_cons: 892.5603010363369
finished_reconf: true
global_termination_time: 8894794.688
local_termination_time: 672843.5603599999
node_cons: 182938.43587563236
tot_aggregated_send: 123076
tot_msg_rcv: 4105
tot_msg_sent: 8482
tot_reconf_duration: 3.05
tot_sleeping_duration: 8758174.60288003
tot_uptimes: 2278
tot_uptimes_duration: 136620.0851199692
