comms_cons: 886.8842114263022
finished_reconf: true
global_termination_time: 8895258.529
local_termination_time: 1353018.9565999997
node_cons: 182942.742878028
tot_aggregated_send: 123830
tot_msg_rcv: 3762
tot_msg_sent: 7208
tot_reconf_duration: 6.22
tot_sleeping_duration: 8758638.442280032
tot_uptimes: 2278
tot_uptimes_duration: 136620.08671996603
