comms_cons: 12.349158400001873
finished_reconf: true
global_termination_time: 111628.617
local_termination_time: 47651.75136000001
node_cons: 2256.0682622405793
tot_aggregated_send: 1102
tot_msg_rcv: 290
tot_msg_sent: 485
tot_reconf_duration: 4.8100000000000005
tot_sleeping_duration: 109948.60483999956
tot_uptimes: 29
tot_uptimes_duration: 1680.012160000435
