comms_cons: 13.461670399814851
finished_reconf: true
global_termination_time: 111977.734
local_termination_time: 21930.313360000004
node_cons: 2253.6944644777486
tot_aggregated_send: 812
tot_msg_rcv: 480
tot_msg_sent: 755
tot_reconf_duration: 3.05
tot_sleeping_duration: 110297.70968000169
tot_uptimes: 29
tot_uptimes_duration: 1680.024319998316
