comms_cons: 12.04057599988385
finished_reconf: true
global_termination_time: 109472.277
local_termination_time: 54969.49944000014
node_cons: 2257.983042238304
tot_aggregated_send: 870
tot_msg_rcv: 322
tot_msg_sent: 638
tot_reconf_duration: 6.22
tot_sleeping_duration: 107792.26484000127
tot_uptimes: 29
tot_uptimes_duration: 1680.0121599987324
