comms_cons: 11.210956799844642
finished_reconf: true
global_termination_time: 110123.691
local_termination_time: 47928.930400000165
node_cons: 2256.918363357454
tot_aggregated_send: 870
tot_msg_rcv: 312
tot_msg_sent: 522
tot_reconf_duration: 5.43
tot_sleeping_duration: 108443.67276000191
tot_uptimes: 29
tot_uptimes_duration: 1680.0182399980986
