comms_cons: 283.5898368090306
finished_reconf: true
global_termination_time: 2808879.18
local_termination_time: 2149791.85836
node_cons: 57860.968341115666
tot_aggregated_send: 39382
tot_msg_rcv: 1352
tot_msg_sent: 2370
tot_reconf_duration: 11.899999999999999
tot_sleeping_duration: 2765679.1739200023
tot_uptimes: 720
tot_uptimes_duration: 43200.006079997635
