comms_cons: 285.70451200057437
finished_reconf: true
global_termination_time: 2810454.137
local_termination_time: 299028.72916000074
node_cons: 57849.4198678174
tot_aggregated_send: 38686
tot_msg_rcv: 1658
tot_msg_sent: 3080
tot_reconf_duration: 3.3600000000000003
tot_sleeping_duration: 2767254.094440016
tot_uptimes: 720
tot_uptimes_duration: 43200.04255998391
