comms_cons: 112.55086079150861
finished_reconf: true
global_termination_time: 1080626.479
local_termination_time: 177809.29176000087
node_cons: 22178.079627836236
tot_aggregated_send: 13862
tot_msg_rcv: 1087
tot_msg_sent: 2159
tot_reconf_duration: 3.08
tot_sleeping_duration: 1064066.4364400029
tot_uptimes: 277
tot_uptimes_duration: 16560.04255999718
