comms_cons: 110.47134719684806
finished_reconf: true
global_termination_time: 1079646.827
local_termination_time: 285947.92520000064
node_cons: 22188.758946728634
tot_aggregated_send: 14442
tot_msg_rcv: 785
tot_msg_sent: 1564
tot_reconf_duration: 10.95
tot_sleeping_duration: 1063086.7905199935
tot_uptimes: 277
tot_uptimes_duration: 16560.036480006413
