comms_cons: 109.4211839931275
finished_reconf: true
global_termination_time: 1080092.255
local_termination_time: 186471.28248000005
node_cons: 22182.327465593393
tot_aggregated_send: 14152
tot_msg_rcv: 922
tot_msg_sent: 1561
tot_reconf_duration: 6.22
tot_sleeping_duration: 1063532.2246000047
tot_uptimes: 277
tot_uptimes_duration: 16560.03039999504
