comms_cons: 105.02307839427087
finished_reconf: true
global_termination_time: 1081120.873
local_termination_time: 249457.1317200001
node_cons: 22181.262786714815
tot_aggregated_send: 13978
tot_msg_rcv: 642
tot_msg_sent: 1343
tot_reconf_duration: 5.43
tot_sleeping_duration: 1064560.8365200039
tot_uptimes: 277
tot_uptimes_duration: 16560.03647999611
