comms_cons: 33.15321600076166
finished_reconf: true
global_termination_time: 321486.161
local_termination_time: 53550.364
node_cons: 6594.97816320173
tot_aggregated_send: 4173
tot_msg_rcv: 287
tot_msg_sent: 579
tot_reconf_duration: 4.390000000000001
tot_sleeping_duration: 316565.31219999876
tot_uptimes: 83
tot_uptimes_duration: 4920.84880000128
