comms_cons: 96.13589760006248
finished_reconf: true
global_termination_time: 967488.305
local_termination_time: 5269.962
node_cons: 19847.757942238295
tot_aggregated_send: 13742
tot_msg_rcv: 288
tot_msg_sent: 582
tot_reconf_duration: 2.77
tot_sleeping_duration: 952668.2928400014
tot_uptimes: 248
tot_uptimes_duration: 14820.012159998703
