comms_cons: 97.40568319588286
finished_reconf: true
global_termination_time: 971292.331
local_termination_time: 4239.8679999999995
node_cons: 19958.76158223687
tot_aggregated_send: 13547
tot_msg_rcv: 444
tot_msg_sent: 814
tot_reconf_duration: 25.35
tot_sleeping_duration: 956412.3188400023
tot_uptimes: 249
tot_uptimes_duration: 14880.012159997641
