comms_cons: 17.698047999956273
finished_reconf: true
global_termination_time: 13264.650240000003
local_termination_time: 250.22703999999996
node_cons: 2465.029281960033
tot_aggregated_send: 0
tot_msg_rcv: 1221
tot_msg_sent: 1468
tot_reconf_duration: 4.390000000000001
tot_sleeping_duration: 11428.154599999978
tot_uptimes: 30
tot_uptimes_duration: 1836.495640000025
