comms_cons: 42.37330560188579
finished_reconf: true
global_termination_time: 364178.26180000074
local_termination_time: 364178.2206800007
node_cons: 7571.4246206567195
tot_aggregated_send: 3712
tot_msg_rcv: 974
tot_msg_sent: 1753
tot_reconf_duration: 24.59
tot_sleeping_duration: 358548.66403998825
tot_uptimes: 94
tot_uptimes_duration: 5629.597760012473
