comms_cons: 104.65240959927817
finished_reconf: true
global_termination_time: 1054008.532
local_termination_time: 113465.77595999993
node_cons: 21632.29172000005
tot_aggregated_send: 15022
tot_msg_rcv: 318
tot_msg_sent: 566
tot_reconf_duration: 15.34
tot_sleeping_duration: 1037868.5319999999
tot_uptimes: 270
tot_uptimes_duration: 16140.0
