comms_cons: 102.46508799762636
finished_reconf: true
global_termination_time: 1053064.482
local_termination_time: 135573.91836000004
node_cons: 21615.601900000016
tot_aggregated_send: 15022
tot_msg_rcv: 145
tot_msg_sent: 406
tot_reconf_duration: 3.05
tot_sleeping_duration: 1036924.4820000001
tot_uptimes: 270
tot_uptimes_duration: 16140.0
