comms_cons: 760.1396801980956
finished_reconf: true
global_termination_time: 7515312.015239997
local_termination_time: 71152.59447999997
node_cons: 154618.05487611727
tot_aggregated_send: 103472
tot_msg_rcv: 3990
tot_msg_sent: 8070
tot_reconf_duration: 18.21
tot_sleeping_duration: 7399857.701800024
tot_uptimes: 1925
tot_uptimes_duration: 115454.31343997199
