comms_cons: 739.8009153244618
finished_reconf: true
global_termination_time: 7519637.585
local_termination_time: 3722353.18772
node_cons: 154671.68410446317
tot_aggregated_send: 104052
tot_msg_rcv: 2989
tot_msg_sent: 5403
tot_reconf_duration: 12.629999999999999
tot_sleeping_duration: 7404137.5606800085
tot_uptimes: 1926
tot_uptimes_duration: 115500.02431999147
