comms_cons: 734.0673153007042
finished_reconf: true
global_termination_time: 7517833.659
local_termination_time: 3732031.734199999
node_cons: 154679.9271644636
tot_aggregated_send: 104284
tot_msg_rcv: 2460
tot_msg_sent: 4829
tot_reconf_duration: 18.700000000000003
tot_sleeping_duration: 7402333.6346800085
tot_uptimes: 1926
tot_uptimes_duration: 115500.02431999147
