comms_cons: 16.967756799909196
finished_reconf: true
global_termination_time: 171421.69
local_termination_time: 14354.14448
node_cons: 3485.378700000001
tot_aggregated_send: 2378
tot_msg_rcv: 106
tot_msg_sent: 95
tot_reconf_duration: 22.65
tot_sleeping_duration: 168841.69
tot_uptimes: 44
tot_uptimes_duration: 2580.0
