comms_cons: 16.737484800071673
finished_reconf: true
global_termination_time: 168600.65284000066
local_termination_time: 168587.3172400005
node_cons: 3527.2528497608873
tot_aggregated_send: 2494
tot_msg_rcv: 17
tot_msg_sent: 32
tot_reconf_duration: 6.22
tot_sleeping_duration: 165972.717
tot_uptimes: 44
tot_uptimes_duration: 2627.9358400006604
