comms_cons: 16.71116800002801
finished_reconf: true
global_termination_time: 169759.618
local_termination_time: 61295.48596000003
node_cons: 3469.978980000008
tot_aggregated_send: 2436
tot_msg_rcv: 56
tot_msg_sent: 48
tot_reconf_duration: 11.31
tot_sleeping_duration: 167179.618
tot_uptimes: 44
tot_uptimes_duration: 2580.0000000000073
