comms_cons: 126.95224319399509
finished_reconf: true
global_termination_time: 1267384.213
local_termination_time: 458371.36436000094
node_cons: 26048.99264416273
tot_aggregated_send: 17806
tot_msg_rcv: 508
tot_msg_sent: 982
tot_reconf_duration: 9.11
tot_sleeping_duration: 1247939.3875599978
tot_uptimes: 325
tot_uptimes_duration: 19444.825440002023
