comms_cons: 126.55749119699146
finished_reconf: true
global_termination_time: 1265998.137
local_termination_time: 814723.6096799995
node_cons: 26046.320200000067
tot_aggregated_send: 18096
tot_msg_rcv: 455
tot_msg_sent: 685
tot_reconf_duration: 11.899999999999999
tot_sleeping_duration: 1246558.137
tot_uptimes: 325
tot_uptimes_duration: 19440.0
