comms_cons: 343.76436480585187
finished_reconf: true
global_termination_time: 3450204.366
local_termination_time: 388397.4973600001
node_cons: 70961.10870782085
tot_aggregated_send: 47908
tot_msg_rcv: 1503
tot_msg_sent: 2840
tot_reconf_duration: 15.34
tot_sleeping_duration: 3397224.323440013
tot_uptimes: 884
tot_uptimes_duration: 52980.042559986876
