comms_cons: 343.20003201130413
finished_reconf: true
global_termination_time: 3449198.506
local_termination_time: 567456.6133599979
node_cons: 70949.53782861959
tot_aggregated_send: 47676
tot_msg_rcv: 1639
tot_msg_sent: 2849
tot_reconf_duration: 5.57
tot_sleeping_duration: 3396217.196240014
tot_uptimes: 884
tot_uptimes_duration: 52981.309759986005
