comms_cons: 347.017363229468
finished_reconf: true
global_termination_time: 3449588.221
local_termination_time: 584299.538239999
node_cons: 70944.41888781628
tot_aggregated_send: 48372
tot_msg_rcv: 1523
tot_msg_sent: 2849
tot_reconf_duration: 3.05
tot_sleeping_duration: 3396608.178440016
tot_uptimes: 884
tot_uptimes_duration: 52980.04255998344
