comms_cons: 345.59542403043196
finished_reconf: true
global_termination_time: 3448634.740119997
local_termination_time: 45093.80560000002
node_cons: 70967.99997861686
tot_aggregated_send: 48488
tot_msg_rcv: 1364
tot_msg_sent: 2675
tot_reconf_duration: 5.43
tot_sleeping_duration: 3395639.500360013
tot_uptimes: 884
tot_uptimes_duration: 52995.239759983924
