comms_cons: 161.98053118962966
finished_reconf: true
global_termination_time: 1601778.798
local_termination_time: 559885.5119599997
node_cons: 32947.00476558413
tot_aggregated_send: 22156
tot_msg_rcv: 835
tot_msg_sent: 1630
tot_reconf_duration: 5.57
tot_sleeping_duration: 1577178.7676000118
tot_uptimes: 411
tot_uptimes_duration: 24600.030399988173
