comms_cons: 46.00302080024318
finished_reconf: true
global_termination_time: 448755.437
local_termination_time: 244420.732
node_cons: 9181.30599608563
tot_aggregated_send: 5911
tot_msg_rcv: 385
tot_msg_sent: 697
tot_reconf_duration: 12.629999999999999
tot_sleeping_duration: 441911.4082799958
tot_uptimes: 115
tot_uptimes_duration: 6844.028720004193
