comms_cons: 46.5879424005301
finished_reconf: true
global_termination_time: 444428.751
local_termination_time: 79925.91459999996
node_cons: 9103.822741121458
tot_aggregated_send: 5858
tot_msg_rcv: 539
tot_msg_sent: 685
tot_reconf_duration: 18.700000000000003
tot_sleeping_duration: 437648.7449199989
tot_uptimes: 114
tot_uptimes_duration: 6780.006080001069
