comms_cons: 136.0311935850878
finished_reconf: true
global_termination_time: 1345378.507
local_termination_time: 651329.079879999
node_cons: 27642.986748934716
tot_aggregated_send: 17922
tot_msg_rcv: 904
tot_msg_sent: 1851
tot_reconf_duration: 4.390000000000001
tot_sleeping_duration: 1324738.458360019
tot_uptimes: 345
tot_uptimes_duration: 20640.048639981076
