comms_cons: 188.34005762350483
finished_reconf: true
global_termination_time: 388095.0084800002
local_termination_time: 1250.2994800000024
node_cons: 23741.969458166594
tot_aggregated_send: 0
tot_msg_rcv: 11515
tot_msg_sent: 17108
tot_reconf_duration: 18.21
tot_sleeping_duration: 370382.35703999526
tot_uptimes: 292
tot_uptimes_duration: 17712.6514400049
