comms_cons: 36.353555199909245
finished_reconf: true
global_termination_time: 10012.845600000015
local_termination_time: 2102.798480000002
node_cons: 4082.6864048800467
tot_aggregated_send: 0
tot_msg_rcv: 2962
tot_msg_sent: 2563
tot_reconf_duration: 18.21
tot_sleeping_duration: 6982.2576799999815
tot_uptimes: 43
tot_uptimes_duration: 3030.5879200000336
