comms_cons: 2.4869375999960024
finished_reconf: true
global_termination_time: 14142.494
local_termination_time: 5204.94036
node_cons: 248.58405999999962
tot_aggregated_send: 0
tot_msg_rcv: 209
tot_msg_sent: 169
tot_reconf_duration: 5.57
tot_sleeping_duration: 13962.494
tot_uptimes: 4
tot_uptimes_duration: 180.0
