comms_cons: 1.4868991999993089
finished_reconf: true
global_termination_time: 10012.430240000012
local_termination_time: 6246.097360000001
node_cons: 261.10050936001767
tot_aggregated_send: 0
tot_msg_rcv: 122
tot_msg_sent: 104
tot_reconf_duration: 15.110000000000001
tot_sleeping_duration: 9832.758
tot_uptimes: 3
tot_uptimes_duration: 179.6722400000126
