comms_cons: 103.66337279148632
finished_reconf: true
global_termination_time: 1053282.077
local_termination_time: 4609.839000000001
node_cons: 21615.279397657177
tot_aggregated_send: 14380
tot_msg_rcv: 419
tot_msg_sent: 956
tot_reconf_duration: 2.77
tot_sleeping_duration: 1037142.0338800171
tot_uptimes: 270
tot_uptimes_duration: 16140.043119982933
