comms_cons: 104.91479039344968
finished_reconf: true
global_termination_time: 1049041.036
local_termination_time: 4319.483
node_cons: 21541.454311186746
tot_aggregated_send: 13854
tot_msg_rcv: 655
tot_msg_sent: 1436
tot_reconf_duration: 7.55
tot_sleeping_duration: 1032960.97520001
tot_uptimes: 269
tot_uptimes_duration: 16080.060799990082
