comms_cons: 203.01562878543467
finished_reconf: true
global_termination_time: 2029263.533
local_termination_time: 396839.67640000087
node_cons: 41728.58388783449
tot_aggregated_send: 28014
tot_msg_rcv: 933
tot_msg_sent: 1912
tot_reconf_duration: 18.21
tot_sleeping_duration: 1998118.010440004
tot_uptimes: 520
tot_uptimes_duration: 31145.522559996112
