comms_cons: 200.0668927972754
finished_reconf: true
global_termination_time: 2028361.767
local_termination_time: 1724233.8111999985
node_cons: 41700.60189999941
tot_aggregated_send: 29464
tot_msg_rcv: 365
tot_msg_sent: 580
tot_reconf_duration: 3.05
tot_sleeping_duration: 1997221.767
tot_uptimes: 520
tot_uptimes_duration: 31140.0
