comms_cons: 201.50115839071356
finished_reconf: true
global_termination_time: 2025220.296
local_termination_time: 490314.03236000007
node_cons: 41626.739559999674
tot_aggregated_send: 28942
tot_msg_rcv: 590
tot_msg_sent: 1095
tot_reconf_duration: 7.819999999999999
tot_sleeping_duration: 1994140.296
tot_uptimes: 519
tot_uptimes_duration: 31080.0
