comms_cons: 154.06071042221794
finished_reconf: true
global_termination_time: 526417.5858399988
local_termination_time: 264.90703999999994
node_cons: 21601.52073675848
tot_aggregated_send: 0
tot_msg_rcv: 7841
tot_msg_sent: 15573
tot_reconf_duration: 6.22
tot_sleeping_duration: 510291.317
tot_uptimes: 268
tot_uptimes_duration: 16126.26883999884
