comms_cons: 16.85023360031269
finished_reconf: true
global_termination_time: 165228.2113600002
local_termination_time: 148687.53108000016
node_cons: 3404.6116590402353
tot_aggregated_send: 2262
tot_msg_rcv: 127
tot_msg_sent: 172
tot_reconf_duration: 6.279999999999999
tot_sleeping_duration: 162691.928
tot_uptimes: 43
tot_uptimes_duration: 2536.283360000176
