comms_cons: 77.39833599790471
finished_reconf: true
global_termination_time: 775683.764
local_termination_time: 165008.66236000005
node_cons: 15928.15986112145
tot_aggregated_send: 10788
tot_msg_rcv: 293
tot_msg_sent: 683
tot_reconf_duration: 15.34
tot_sleeping_duration: 763803.7579199988
tot_uptimes: 199
tot_uptimes_duration: 11880.006080001069
