comms_cons: 152.99697275757316
finished_reconf: true
global_termination_time: 770766.839
local_termination_time: 179.85803999999996
node_cons: 15857.75498223828
tot_aggregated_send: 0
tot_msg_rcv: 11833
tot_msg_sent: 11420
tot_reconf_duration: 22.65
tot_sleeping_duration: 758946.8268400014
tot_uptimes: 198
tot_uptimes_duration: 11820.0121599987
