comms_cons: 79.58388479740148
finished_reconf: true
global_termination_time: 771489.078
local_termination_time: 13004.5116
node_cons: 15837.623983364314
tot_aggregated_send: 10324
tot_msg_rcv: 669
tot_msg_sent: 1105
tot_reconf_duration: 7.819999999999999
tot_sleeping_duration: 759669.0597599967
tot_uptimes: 198
tot_uptimes_duration: 11820.018240003206
