comms_cons: 0.6381823999996594
finished_reconf: true
global_termination_time: 6333.45
local_termination_time: 729.6323599999998
node_cons: 111.09869999999998
tot_aggregated_send: 0
tot_msg_rcv: 60
tot_msg_sent: 37
tot_reconf_duration: 22.65
tot_sleeping_duration: 6273.45
tot_uptimes: 2
tot_uptimes_duration: 60.0
