comms_cons: 34.48389120010502
finished_reconf: true
global_termination_time: 340610.159
local_termination_time: 31566.22436
node_cons: 6997.152201120299
tot_aggregated_send: 4756
tot_msg_rcv: 199
tot_msg_sent: 286
tot_reconf_duration: 5.57
tot_sleeping_duration: 335390.1529199998
tot_uptimes: 88
tot_uptimes_duration: 5220.0060800002175
