comms_cons: 141.71687679180695
finished_reconf: true
global_termination_time: 1430423.29
local_termination_time: 525470.6143599999
node_cons: 29416.876508948477
tot_aggregated_send: 18734
tot_msg_rcv: 1108
tot_msg_sent: 1700
tot_reconf_duration: 9.11
tot_sleeping_duration: 1408463.2413600085
tot_uptimes: 367
tot_uptimes_duration: 21960.04863999138
