comms_cons: 145.7295615907907
finished_reconf: true
global_termination_time: 1430357.404
local_termination_time: 57962.382000000005
node_cons: 29410.749151844015
tot_aggregated_send: 19312
tot_msg_rcv: 1018
tot_msg_sent: 1821
tot_reconf_duration: 3.05
tot_sleeping_duration: 1408395.7854399972
tot_uptimes: 367
tot_uptimes_duration: 21961.618560002964
