comms_cons: 147.26587518231
finished_reconf: true
global_termination_time: 1432801.794
local_termination_time: 370163.59136
node_cons: 29413.017017892314
tot_aggregated_send: 17690
tot_msg_rcv: 1595
tot_msg_sent: 3100
tot_reconf_duration: 6.22
tot_sleeping_duration: 1410841.6967200208
tot_uptimes: 367
tot_uptimes_duration: 21960.097279979324
