comms_cons: 823.7553153192417
finished_reconf: true
global_termination_time: 8304781.105919998
local_termination_time: 8304781.064799998
node_cons: 170924.11756358092
tot_aggregated_send: 119686
tot_msg_rcv: 1874
tot_msg_sent: 3645
tot_reconf_duration: 37.410000000000004
tot_sleeping_duration: 8177168.473520007
tot_uptimes: 2127
tot_uptimes_duration: 127612.63239999043
