comms_cons: 812.6183233727309
finished_reconf: true
global_termination_time: 8305483.506
local_termination_time: 5826520.240359999
node_cons: 170828.25088222735
tot_aggregated_send: 114550
tot_msg_rcv: 2909
tot_msg_sent: 6055
tot_reconf_duration: 18.700000000000003
tot_sleeping_duration: 8177923.493840004
tot_uptimes: 2127
tot_uptimes_duration: 127560.01215999573
