comms_cons: 840.1429250470245
finished_reconf: true
global_termination_time: 8304841.984
local_termination_time: 155451.5006000001
node_cons: 170809.4859556365
tot_aggregated_send: 114318
tot_msg_rcv: 4606
tot_msg_sent: 8773
tot_reconf_duration: 4.8100000000000005
tot_sleeping_duration: 8177281.898880028
tot_uptimes: 2127
tot_uptimes_duration: 127560.08511997195
