comms_cons: 68.73948159982271
finished_reconf: true
global_termination_time: 707881.581
local_termination_time: 525348.0113199987
node_cons: 14548.071980000095
tot_aggregated_send: 9628
tot_msg_rcv: 239
tot_msg_sent: 581
tot_reconf_duration: 4.8100000000000005
tot_sleeping_duration: 697021.581
tot_uptimes: 182
tot_uptimes_duration: 10860.0
