comms_cons: 71.12835839997454
finished_reconf: true
global_termination_time: 708973.211
local_termination_time: 368124.17236
node_cons: 14550.003042242844
tot_aggregated_send: 9454
tot_msg_rcv: 457
tot_msg_sent: 900
tot_reconf_duration: 6.22
tot_sleeping_duration: 698113.1988399979
tot_uptimes: 182
tot_uptimes_duration: 10860.012160002138
