comms_cons: 76.2792447969705
finished_reconf: true
global_termination_time: 737029.622
local_termination_time: 369546.0928400006
node_cons: 15110.886505597948
tot_aggregated_send: 9686
tot_msg_rcv: 689
tot_msg_sent: 1219
tot_reconf_duration: 5.1
tot_sleeping_duration: 725749.5916000016
tot_uptimes: 189
tot_uptimes_duration: 11280.030399998475
