comms_cons: 95.64556799746548
finished_reconf: true
global_termination_time: 956753.878
local_termination_time: 381042.215
node_cons: 19698.683403355124
tot_aggregated_send: 13331
tot_msg_rcv: 407
tot_msg_sent: 799
tot_reconf_duration: 11.31
tot_sleeping_duration: 942053.8597600036
tot_uptimes: 246
tot_uptimes_duration: 14700.018239996338
