comms_cons: 162.73717754512182
finished_reconf: true
global_termination_time: 958353.175
local_termination_time: 307172.24160000007
node_cons: 19690.68208112145
tot_aggregated_send: 0
tot_msg_rcv: 12547
tot_msg_sent: 12188
tot_reconf_duration: 5.43
tot_sleeping_duration: 943653.1689199989
tot_uptimes: 246
tot_uptimes_duration: 14700.006080001069
