comms_cons: 127.15807999941164
finished_reconf: true
global_termination_time: 587834.6410799986
local_termination_time: 587834.5999599986
node_cons: 12141.121508248663
tot_aggregated_send: 0
tot_msg_rcv: 10544
tot_msg_sent: 8782
tot_reconf_duration: 24.59
tot_sleeping_duration: 578792.2749199921
tot_uptimes: 151
tot_uptimes_duration: 9042.366160006455
