comms_cons: 30.39590400049009
finished_reconf: true
global_termination_time: 295590.187
local_termination_time: 146104.96736000007
node_cons: 6046.0438033609
tot_aggregated_send: 4002
tot_msg_rcv: 281
tot_msg_sent: 337
tot_reconf_duration: 15.110000000000001
tot_sleeping_duration: 291090.16875999933
tot_uptimes: 76
tot_uptimes_duration: 4500.018240000652
