comms_cons: 29.953075200160786
finished_reconf: true
global_termination_time: 299582.92
local_termination_time: 174677.25736000005
node_cons: 6122.999681121442
tot_aggregated_send: 4176
tot_msg_rcv: 155
tot_msg_sent: 222
tot_reconf_duration: 12.629999999999999
tot_sleeping_duration: 295022.9139199989
tot_uptimes: 77
tot_uptimes_duration: 4560.006080001069
