comms_cons: 30.290636800698344
finished_reconf: true
global_termination_time: 300229.021
local_termination_time: 54795.98936000001
node_cons: 6123.733001121435
tot_aggregated_send: 4060
tot_msg_rcv: 207
tot_msg_sent: 337
tot_reconf_duration: 13.17
tot_sleeping_duration: 295669.01491999894
tot_uptimes: 77
tot_uptimes_duration: 4560.006080001069
