comms_cons: 42.37067520037939
finished_reconf: true
global_termination_time: 420076.032
local_termination_time: 279759.9028800005
node_cons: 8621.1254622429
tot_aggregated_send: 5742
tot_msg_rcv: 248
tot_msg_sent: 451
tot_reconf_duration: 18.21
tot_sleeping_duration: 413656.01983999787
tot_uptimes: 108
tot_uptimes_duration: 6420.0121600021375
