comms_cons: 363.4412928483205
finished_reconf: true
global_termination_time: 418250.5707600009
local_termination_time: 418250.5296400009
node_cons: 42051.66237416503
tot_aggregated_send: 0
tot_msg_rcv: 24907
tot_msg_sent: 30331
tot_reconf_duration: 24.59
tot_sleeping_duration: 386870.2353199969
tot_uptimes: 511
tot_uptimes_duration: 31380.33544000399
