comms_cons: 41.27194880039746
finished_reconf: true
global_termination_time: 418918.641
local_termination_time: 36160.16912
node_cons: 8611.73898000001
tot_aggregated_send: 5858
tot_msg_rcv: 77
tot_msg_sent: 338
tot_reconf_duration: 11.31
tot_sleeping_duration: 412498.641
tot_uptimes: 108
tot_uptimes_duration: 6420.000000000001
