comms_cons: 650.6741504981766
finished_reconf: true
global_termination_time: 6621143.625
local_termination_time: 4552434.18336
node_cons: 136191.1863822301
tot_aggregated_send: 90886
tot_msg_rcv: 2824
tot_msg_sent: 5188
tot_reconf_duration: 10.95
tot_sleeping_duration: 6519443.612840004
tot_uptimes: 1696
tot_uptimes_duration: 101700.01215999573
