comms_cons: 2.1711359999970465
finished_reconf: true
global_termination_time: 15286.051
local_termination_time: 6052.1413600000005
node_cons: 275.37740000000025
tot_aggregated_send: 0
tot_msg_rcv: 178
tot_msg_sent: 151
tot_reconf_duration: 25.299999999999997
tot_sleeping_duration: 15106.051
tot_uptimes: 4
tot_uptimes_duration: 180.0
