comms_cons: 194.71147518241077
finished_reconf: true
global_termination_time: 1922424.9512400003
local_termination_time: 155213.7454000008
node_cons: 39621.73208831638
tot_aggregated_send: 26216
tot_msg_rcv: 1099
tot_msg_sent: 2280
tot_reconf_duration: 18.21
tot_sleeping_duration: 1892852.8803600029
tot_uptimes: 493
tot_uptimes_duration: 29572.070879997482
