comms_cons: 325.3384381515014
finished_reconf: true
global_termination_time: 1924786.674
local_termination_time: 283242.9673600001
node_cons: 39531.44632335492
tot_aggregated_send: 0
tot_msg_rcv: 24915
tot_msg_sent: 24535
tot_reconf_duration: 3.05
tot_sleeping_duration: 1895266.6557600037
tot_uptimes: 493
tot_uptimes_duration: 29520.018239996338
