comms_cons: 0.8487168000018923
finished_reconf: true
global_termination_time: 6506.987
local_termination_time: 1727.0523600000004
node_cons: 105.06918000000005
tot_aggregated_send: 0
tot_msg_rcv: 88
tot_msg_sent: 41
tot_reconf_duration: 18.21
tot_sleeping_duration: 6446.987
tot_uptimes: 2
tot_uptimes_duration: 60.0
