comms_cons: 0.769766400000121
finished_reconf: true
global_termination_time: 7263.555
local_termination_time: 184.50936000000002
node_cons: 84.52264000000001
tot_aggregated_send: 0
tot_msg_rcv: 61
tot_msg_sent: 56
tot_reconf_duration: 3.08
tot_sleeping_duration: 7203.555
tot_uptimes: 2
tot_uptimes_duration: 60.0
