comms_cons: 0.8947711999970457
finished_reconf: true
global_termination_time: 7477.176
local_termination_time: 2366.3703600000003
node_cons: 86.87197999999992
tot_aggregated_send: 0
tot_msg_rcv: 80
tot_msg_sent: 56
tot_reconf_duration: 4.8100000000000005
tot_sleeping_duration: 7417.176
tot_uptimes: 2
tot_uptimes_duration: 60.0
