comms_cons: 48.88106240027001
finished_reconf: true
global_termination_time: 485553.597
local_termination_time: 126598.37799999974
node_cons: 9974.531380000013
tot_aggregated_send: 6786
tot_msg_rcv: 243
tot_msg_sent: 401
tot_reconf_duration: 9.11
tot_sleeping_duration: 478113.597
tot_uptimes: 125
tot_uptimes_duration: 7440.0
