comms_cons: 48.68636160042866
finished_reconf: true
global_termination_time: 486888.02
local_termination_time: 56184.07336000001
node_cons: 9978.336482242876
tot_aggregated_send: 6612
tot_msg_rcv: 216
tot_msg_sent: 572
tot_reconf_duration: 11.899999999999999
tot_sleeping_duration: 479448.0078399979
tot_uptimes: 125
tot_uptimes_duration: 7440.0121600021375
