comms_cons: 50.277561601236116
finished_reconf: true
global_termination_time: 483467.92
local_termination_time: 254014.37648000006
node_cons: 9888.376403364302
tot_aggregated_send: 6380
tot_msg_rcv: 507
tot_msg_sent: 754
tot_reconf_duration: 4.8100000000000005
tot_sleeping_duration: 476087.9017599968
tot_uptimes: 124
tot_uptimes_duration: 7380.018240003206
