comms_cons: 367.5864832288282
finished_reconf: true
global_termination_time: 3707364.74
local_termination_time: 2737645.3557599992
node_cons: 76267.38917999812
tot_aggregated_send: 53302
tot_msg_rcv: 846
tot_msg_sent: 1723
tot_reconf_duration: 18.21
tot_sleeping_duration: 3650424.74
tot_uptimes: 950
tot_uptimes_duration: 56940.0
