comms_cons: 731.2578506607132
finished_reconf: true
global_termination_time: 3707086.716
local_termination_time: 2489.2113600000002
node_cons: 76249.62650559214
tot_aggregated_send: 0
tot_msg_rcv: 56094
tot_msg_sent: 55052
tot_reconf_duration: 5.1
tot_sleeping_duration: 3650146.6856000046
tot_uptimes: 950
tot_uptimes_duration: 56940.03039999551
