comms_cons: 377.638188866559
finished_reconf: true
global_termination_time: 3706006.25
local_termination_time: 180225.31860000012
node_cons: 76357.4469522892
tot_aggregated_send: 50750
tot_msg_rcv: 2308
tot_msg_sent: 4339
tot_reconf_duration: 25.299999999999997
tot_sleeping_duration: 3649006.1831200216
tot_uptimes: 950
tot_uptimes_duration: 57000.066879978345
