comms_cons: 374.001830462029
finished_reconf: true
global_termination_time: 3707585.401
local_termination_time: 474203.64648000005
node_cons: 76260.60184781691
tot_aggregated_send: 51446
tot_msg_rcv: 1806
tot_msg_sent: 3595
tot_reconf_duration: 13.17
tot_sleeping_duration: 3650645.358440016
tot_uptimes: 950
tot_uptimes_duration: 56940.04255998414
