comms_cons: 31.467449600401974
finished_reconf: true
global_termination_time: 303157.794
local_termination_time: 56267.64036000001
node_cons: 6193.113941121435
tot_aggregated_send: 3886
tot_msg_rcv: 316
tot_msg_sent: 580
tot_reconf_duration: 5.1
tot_sleeping_duration: 298537.7879199989
tot_uptimes: 78
tot_uptimes_duration: 4620.006080001069
