comms_cons: 167.2224767883985
finished_reconf: true
global_termination_time: 1669439.21524
local_termination_time: 71404.30947999997
node_cons: 34349.00160607255
tot_aggregated_send: 22678
tot_msg_rcv: 827
tot_msg_sent: 1910
tot_reconf_duration: 18.21
tot_sleeping_duration: 1643804.9565200056
tot_uptimes: 428
tot_uptimes_duration: 25634.25871999444
