comms_cons: 234.51845118582497
finished_reconf: true
global_termination_time: 2358896.175
local_termination_time: 547984.3502799983
node_cons: 48533.9126633499
tot_aggregated_send: 32538
tot_msg_rcv: 1031
tot_msg_sent: 2076
tot_reconf_duration: 6.279999999999999
tot_sleeping_duration: 2322656.156760007
tot_uptimes: 605
tot_uptimes_duration: 36240.0182399929
