comms_cons: 235.88468478749218
finished_reconf: true
global_termination_time: 2361084.678
local_termination_time: 489313.57500000094
node_cons: 48532.97290670498
tot_aggregated_send: 32770
tot_msg_rcv: 1020
tot_msg_sent: 2063
tot_reconf_duration: 5.57
tot_sleeping_duration: 2324844.641520011
tot_uptimes: 605
tot_uptimes_duration: 36240.03647998924
