comms_cons: 241.2811839839228
finished_reconf: true
global_termination_time: 2357617.860599998
local_termination_time: 69301.20099999946
node_cons: 48515.93124169341
tot_aggregated_send: 31842
tot_msg_rcv: 1668
tot_msg_sent: 3162
tot_reconf_duration: 13.17
tot_sleeping_duration: 2321398.2591200173
tot_uptimes: 604
tot_uptimes_duration: 36219.601479980614
