comms_cons: 236.26627839023482
finished_reconf: true
global_termination_time: 2359878.066
local_termination_time: 580452.9263599999
node_cons: 48556.15940558388
tot_aggregated_send: 33060
tot_msg_rcv: 894
tot_msg_sent: 1957
tot_reconf_duration: 22.65
tot_sleeping_duration: 2323638.0356000117
tot_uptimes: 605
tot_uptimes_duration: 36240.030399988405
