comms_cons: 104.20794879463108
finished_reconf: true
global_termination_time: 1017839.486
local_termination_time: 246377.93536000006
node_cons: 20895.366505602593
tot_aggregated_send: 13398
tot_msg_rcv: 758
tot_msg_sent: 1683
tot_reconf_duration: 5.1
tot_sleeping_duration: 1002239.4555999981
tot_uptimes: 261
tot_uptimes_duration: 15600.03040000191
