comms_cons: 204.4691198976176
finished_reconf: true
global_termination_time: 1017233.47
local_termination_time: 1266.4164800000005
node_cons: 20894.394184481156
tot_aggregated_send: 0
tot_msg_rcv: 15987
tot_msg_sent: 15088
tot_reconf_duration: 4.390000000000001
tot_sleeping_duration: 1001633.4456799992
tot_uptimes: 261
tot_uptimes_duration: 15600.02432000084
