comms_cons: 103.06364799160842
finished_reconf: true
global_termination_time: 1017636.896
local_termination_time: 238409.2393600005
node_cons: 20899.052124481128
tot_aggregated_send: 13340
tot_msg_rcv: 641
tot_msg_sent: 1685
tot_reconf_duration: 7.819999999999999
tot_sleeping_duration: 1002036.871679999
tot_uptimes: 261
tot_uptimes_duration: 15600.02432000084
