comms_cons: 9.460889600094717
finished_reconf: true
global_termination_time: 96577.841
local_termination_time: 16766.22048
node_cons: 1952.9054622405804
tot_aggregated_send: 870
tot_msg_rcv: 171
tot_msg_sent: 397
tot_reconf_duration: 18.21
tot_sleeping_duration: 95137.82883999957
tot_uptimes: 25
tot_uptimes_duration: 1440.012160000435
