comms_cons: 10.724723199920973
finished_reconf: true
global_termination_time: 99921.102
local_termination_time: 28757.884240000003
node_cons: 2018.1552878388834
tot_aggregated_send: 986
tot_msg_rcv: 182
tot_msg_sent: 462
tot_reconf_duration: 6.22
tot_sleeping_duration: 98420.19944000083
tot_uptimes: 26
tot_uptimes_duration: 1500.9025599991692
