comms_cons: 468.4413821800422
finished_reconf: true
global_termination_time: 970628.7725999998
local_termination_time: 970628.7314799998
node_cons: 58788.9226287113
tot_aggregated_send: 0
tot_msg_rcv: 28829
tot_msg_sent: 42371
tot_reconf_duration: 37.410000000000004
tot_sleeping_duration: 926761.6181200056
tot_uptimes: 717
tot_uptimes_duration: 43867.15447999423
