comms_cons: 191.65614710998798
finished_reconf: true
global_termination_time: 970629.3725999999
local_termination_time: 189.24647999999993
node_cons: 19969.610328399893
tot_aggregated_send: 0
tot_msg_rcv: 14747
tot_msg_sent: 14383
tot_reconf_duration: 18.21
tot_sleeping_duration: 955734.017
tot_uptimes: 249
tot_uptimes_duration: 14895.355599999897
