comms_cons: 99.76930559148444
finished_reconf: true
global_termination_time: 971888.615
local_termination_time: 375876.03548
node_cons: 19932.91336894385
tot_aggregated_send: 12818
tot_msg_rcv: 834
tot_msg_sent: 1512
tot_reconf_duration: 6.279999999999999
tot_sleeping_duration: 957008.566360012
tot_uptimes: 249
tot_uptimes_duration: 14880.048639987948
