comms_cons: 98.37219839659939
finished_reconf: true
global_termination_time: 972566.066
local_termination_time: 356134.1698800004
node_cons: 20022.569283355104
tot_aggregated_send: 12934
tot_msg_rcv: 672
tot_msg_sent: 1346
tot_reconf_duration: 13.17
tot_sleeping_duration: 957626.0477600036
tot_uptimes: 250
tot_uptimes_duration: 14940.018239996338
