comms_cons: 97.65634559798818
finished_reconf: true
global_termination_time: 974789.932
local_termination_time: 461155.30520000064
node_cons: 20017.46050111684
tot_aggregated_send: 13282
tot_msg_rcv: 464
tot_msg_sent: 1097
tot_reconf_duration: 9.42
tot_sleeping_duration: 959849.9259200024
tot_uptimes: 250
tot_uptimes_duration: 14940.006079997635
