comms_cons: 96.92188159846975
finished_reconf: true
global_termination_time: 971876.977
local_termination_time: 558640.0193599998
node_cons: 19949.72274111684
tot_aggregated_send: 12992
tot_msg_rcv: 565
tot_msg_sent: 1173
tot_reconf_duration: 18.700000000000003
tot_sleeping_duration: 956996.9709200023
tot_uptimes: 249
tot_uptimes_duration: 14880.006079997664
