comms_cons: 97.79322879448546
finished_reconf: true
global_termination_time: 974217.085
local_termination_time: 375494.62136000005
node_cons: 20012.058363350516
tot_aggregated_send: 13456
tot_msg_rcv: 481
tot_msg_sent: 927
tot_reconf_duration: 5.43
tot_sleeping_duration: 959277.0667600071
tot_uptimes: 250
tot_uptimes_duration: 14940.018239992904
