comms_cons: 529.6058625027504
finished_reconf: true
global_termination_time: 5290486.856
local_termination_time: 247918.13876000087
node_cons: 108788.0380356346
tot_aggregated_send: 74588
tot_msg_rcv: 1949
tot_msg_sent: 3957
tot_reconf_duration: 5.57
tot_sleeping_duration: 5209246.770880031
tot_uptimes: 1355
tot_uptimes_duration: 81240.08511996851
