comms_cons: 529.9085056967803
finished_reconf: true
global_termination_time: 5289389.482
local_termination_time: 1475791.0413199987
node_cons: 108797.56038669948
tot_aggregated_send: 74240
tot_msg_rcv: 2014
tot_msg_sent: 4289
tot_reconf_duration: 12.629999999999999
tot_sleeping_duration: 5208149.445520013
tot_uptimes: 1355
tot_uptimes_duration: 81240.03647998697
