comms_cons: 102.13550079623695
finished_reconf: true
global_termination_time: 1028961.25
local_termination_time: 624120.8717199997
node_cons: 21144.778979999952
tot_aggregated_send: 14674
tot_msg_rcv: 277
tot_msg_sent: 573
tot_reconf_duration: 11.31
tot_sleeping_duration: 1013181.25
tot_uptimes: 264
tot_uptimes_duration: 15780.0
