comms_cons: 224.5399807934303
finished_reconf: true
global_termination_time: 2308578.83
local_termination_time: 564452.1493599999
node_cons: 47485.09818223314
tot_aggregated_send: 32248
tot_msg_rcv: 592
tot_msg_sent: 1288
tot_reconf_duration: 3.05
tot_sleeping_duration: 2273118.817840005
tot_uptimes: 592
tot_uptimes_duration: 35460.01215999527
