comms_cons: 85.49670399784799
finished_reconf: true
global_termination_time: 830464.881
local_termination_time: 54865.18572000012
node_cons: 17066.46996448575
tot_aggregated_send: 10962
tot_msg_rcv: 716
tot_msg_sent: 1317
tot_reconf_duration: 25.299999999999997
tot_sleeping_duration: 817744.8566799958
tot_uptimes: 213
tot_uptimes_duration: 12720.024320004275
