comms_cons: 82.89473919591418
finished_reconf: true
global_termination_time: 830255.239
local_termination_time: 673088.0488399988
node_cons: 17038.060098196984
tot_aggregated_send: 11600
tot_msg_rcv: 303
tot_msg_sent: 696
tot_reconf_duration: 4.390000000000001
tot_sleeping_duration: 817535.2252000022
tot_uptimes: 213
tot_uptimes_duration: 12720.013799997716
