comms_cons: 85.62731519319513
finished_reconf: true
global_termination_time: 832880.17
local_termination_time: 330579.96336000005
node_cons: 17119.834645588773
tot_aggregated_send: 11078
tot_msg_rcv: 658
tot_msg_sent: 1278
tot_reconf_duration: 5.43
tot_sleeping_duration: 820100.1396000084
tot_uptimes: 214
tot_uptimes_duration: 12780.030399991607
