comms_cons: 10.25021439995077
finished_reconf: true
global_termination_time: 104285.759
local_termination_time: 12590.6336
node_cons: 2104.2071211202897
tot_aggregated_send: 1334
tot_msg_rcv: 59
tot_msg_sent: 164
tot_reconf_duration: 11.31
tot_sleeping_duration: 102725.7529199998
tot_uptimes: 27
tot_uptimes_duration: 1560.0060800002175
