comms_cons: 246.7279616046449
finished_reconf: true
global_termination_time: 2475844.4043599977
local_termination_time: 2475844.4043599977
node_cons: 51057.686071975084
tot_aggregated_send: 35250
tot_msg_rcv: 677
tot_msg_sent: 1573
tot_reconf_duration: 24.59
tot_sleeping_duration: 2437738.1363600153
tot_uptimes: 635
tot_uptimes_duration: 38106.26799998217
