comms_cons: 248.89176317833028
finished_reconf: true
global_termination_time: 2476905.73
local_termination_time: 431020.40036
node_cons: 50944.12080446656
tot_aggregated_send: 33988
tot_msg_rcv: 1291
tot_msg_sent: 2552
tot_reconf_duration: 6.279999999999999
tot_sleeping_duration: 2438865.7056800094
tot_uptimes: 635
tot_uptimes_duration: 38040.02431999054
