comms_cons: 248.4910592007215
finished_reconf: true
global_termination_time: 2477544.768
local_termination_time: 235496.55336000008
node_cons: 50969.97438782203
tot_aggregated_send: 34452
tot_msg_rcv: 1063
tot_msg_sent: 2255
tot_reconf_duration: 25.299999999999997
tot_sleeping_duration: 2439504.725440013
tot_uptimes: 635
tot_uptimes_duration: 38040.04255998711
