comms_cons: 242.95035518550074
finished_reconf: true
global_termination_time: 2478731.484
local_termination_time: 1434524.0812799982
node_cons: 50942.95836334967
tot_aggregated_send: 34568
tot_msg_rcv: 696
tot_msg_sent: 1661
tot_reconf_duration: 5.43
tot_sleeping_duration: 2440691.465760007
tot_uptimes: 635
tot_uptimes_duration: 38040.0182399929
