comms_cons: 106.55735039622678
finished_reconf: true
global_termination_time: 1065752.701
local_termination_time: 325781.3793600001
node_cons: 21859.036403357444
tot_aggregated_send: 14906
tot_msg_rcv: 419
tot_msg_sent: 871
tot_reconf_duration: 4.8100000000000005
tot_sleeping_duration: 1049432.6827600019
tot_uptimes: 273
tot_uptimes_duration: 16320.01823999807
