comms_cons: 208.02239989072714
finished_reconf: true
global_termination_time: 1060521.051
local_termination_time: 559610.2505999998
node_cons: 21782.75956000011
tot_aggregated_send: 0
tot_msg_rcv: 15903
tot_msg_sent: 15716
tot_reconf_duration: 7.819999999999999
tot_sleeping_duration: 1044261.0510000001
tot_uptimes: 272
tot_uptimes_duration: 16259.999999999993
