comms_cons: 235.33140478950895
finished_reconf: true
global_termination_time: 2321886.995
local_termination_time: 1578162.8250399984
node_cons: 47728.50826223315
tot_aggregated_send: 31610
tot_msg_rcv: 1317
tot_msg_sent: 2842
tot_reconf_duration: 4.8100000000000005
tot_sleeping_duration: 2286246.982840005
tot_uptimes: 595
tot_uptimes_duration: 35640.01215999527
