comms_cons: 415.2283904896843
finished_reconf: true
global_termination_time: 4108404.635
local_termination_time: 252793.80036000005
node_cons: 84525.325471172
tot_aggregated_send: 57304
tot_msg_rcv: 2087
tot_msg_sent: 3720
tot_reconf_duration: 5.57
tot_sleeping_duration: 4045284.5742000192
tot_uptimes: 1053
tot_uptimes_duration: 63120.06079998071
