comms_cons: 413.6850112752349
finished_reconf: true
global_termination_time: 4105199.057
local_termination_time: 1465272.961879999
node_cons: 84450.18120669997
tot_aggregated_send: 56840
tot_msg_rcv: 1917
tot_msg_sent: 4119
tot_reconf_duration: 9.42
tot_sleeping_duration: 4042139.0205200133
tot_uptimes: 1052
tot_uptimes_duration: 63060.03647998674
