comms_cons: 87.5434623993858
finished_reconf: true
global_termination_time: 893731.889
local_termination_time: 5816.648999999999
node_cons: 18351.96158223715
tot_aggregated_send: 13025
tot_msg_rcv: 105
tot_msg_sent: 176
tot_reconf_duration: 25.35
tot_sleeping_duration: 880051.8768400021
tot_uptimes: 229
tot_uptimes_duration: 13680.012159997852
