comms_cons: 87.94416639867255
finished_reconf: true
global_termination_time: 892285.9842400004
local_termination_time: 6516.711
node_cons: 18354.218712481954
tot_aggregated_send: 12871
tot_msg_rcv: 147
tot_msg_sent: 349
tot_reconf_duration: 5.02
tot_sleeping_duration: 878583.6679199989
tot_uptimes: 229
tot_uptimes_duration: 13702.316320001439
