comms_cons: 87.07668479878802
finished_reconf: true
global_termination_time: 896089.078
local_termination_time: 5607.476
node_cons: 18414.46834000003
tot_aggregated_send: 12808
tot_msg_rcv: 151
tot_msg_sent: 276
tot_reconf_duration: 12.23
tot_sleeping_duration: 882349.078
tot_uptimes: 230
tot_uptimes_duration: 13740.0
