comms_cons: 82.00314879662159
finished_reconf: true
global_termination_time: 842814.712
local_termination_time: 4631.808
node_cons: 17291.913704471954
tot_aggregated_send: 11064
tot_msg_rcv: 486
tot_msg_sent: 914
tot_reconf_duration: 13.83
tot_sleeping_duration: 829914.687680006
tot_uptimes: 216
tot_uptimes_duration: 12900.024319993972
