comms_cons: 83.20714239949635
finished_reconf: true
global_termination_time: 843551.427
local_termination_time: 6448.583
node_cons: 17359.66774672861
tot_aggregated_send: 11595
tot_msg_rcv: 347
tot_msg_sent: 705
tot_reconf_duration: 4.55
tot_sleeping_duration: 830591.3905199936
tot_uptimes: 217
tot_uptimes_duration: 12960.036480006413
