comms_cons: 83.81111039622797
finished_reconf: true
global_termination_time: 842640.621
local_termination_time: 7349.339
node_cons: 17281.95409118678
tot_aggregated_send: 11187
tot_msg_rcv: 531
tot_msg_sent: 1021
tot_reconf_duration: 6.46
tot_sleeping_duration: 829740.5602000098
tot_uptimes: 216
tot_uptimes_duration: 12900.060799990111
