comms_cons: 400.29117445779866
finished_reconf: true
global_termination_time: 3996299.815
local_termination_time: 949649.2081599993
node_cons: 82205.01224558333
tot_aggregated_send: 55854
tot_msg_rcv: 1511
tot_msg_sent: 3476
tot_reconf_duration: 12.629999999999999
tot_sleeping_duration: 3934919.784600011
tot_uptimes: 1024
tot_uptimes_duration: 61380.030399989104
