comms_cons: 402.21854726664816
finished_reconf: true
global_termination_time: 3997381.902
local_termination_time: 1740830.1069599986
node_cons: 82192.00260558278
tot_aggregated_send: 55854
tot_msg_rcv: 1794
tot_msg_sent: 3485
tot_reconf_duration: 3.05
tot_sleeping_duration: 3936001.871600011
tot_uptimes: 1024
tot_uptimes_duration: 61380.03039998887
