comms_cons: 404.97670406643135
finished_reconf: true
global_termination_time: 3999919.217
local_termination_time: 1217724.5493599998
node_cons: 82278.84468893362
tot_aggregated_send: 55680
tot_msg_rcv: 2160
tot_msg_sent: 3714
tot_reconf_duration: 7.819999999999999
tot_sleeping_duration: 3938479.1683600186
tot_uptimes: 1025
tot_uptimes_duration: 61440.048639981775
