comms_cons: 19.40206079995878
finished_reconf: true
global_termination_time: 198739.052
local_termination_time: 18116.229600000002
node_cons: 4034.884860000005
tot_aggregated_send: 2726
tot_msg_rcv: 61
tot_msg_sent: 162
tot_reconf_duration: 13.17
tot_sleeping_duration: 195739.052
tot_uptimes: 51
tot_uptimes_duration: 3000.0
