comms_cons: 19.7968127999568
finished_reconf: true
global_termination_time: 196281.452
local_termination_time: 65019.511320000136
node_cons: 4024.3820811191545
tot_aggregated_send: 2668
tot_msg_rcv: 113
tot_msg_sent: 228
tot_reconf_duration: 5.43
tot_sleeping_duration: 193281.4459200006
tot_uptimes: 51
tot_uptimes_duration: 3000.006079999366
