comms_cons: 142.28898559529884
finished_reconf: true
global_termination_time: 1443031.217
local_termination_time: 644904.7602799992
node_cons: 29660.33009999998
tot_aggregated_send: 20938
tot_msg_rcv: 235
tot_msg_sent: 454
tot_reconf_duration: 10.95
tot_sleeping_duration: 1420891.217
tot_uptimes: 370
tot_uptimes_duration: 22140.0
