comms_cons: 146.66008318957313
finished_reconf: true
global_termination_time: 1438496.90036
local_termination_time: 178186.1786000001
node_cons: 29592.982732469645
tot_aggregated_send: 19314
tot_msg_rcv: 932
tot_msg_sent: 2047
tot_reconf_duration: 4.390000000000001
tot_sleeping_duration: 1416400.544040008
tot_uptimes: 369
tot_uptimes_duration: 22096.35631999222
