comms_cons: 146.46451198583023
finished_reconf: true
global_termination_time: 1438742.015
local_termination_time: 106829.94115999952
node_cons: 29569.318887817855
tot_aggregated_send: 19488
tot_msg_rcv: 906
tot_msg_sent: 1865
tot_reconf_duration: 3.05
tot_sleeping_duration: 1416661.9724400165
tot_uptimes: 369
tot_uptimes_duration: 22080.04255998344
