comms_cons: 45.25894400099132
finished_reconf: true
global_termination_time: 446362.389
local_termination_time: 98067.79735999998
node_cons: 9189.559405607177
tot_aggregated_send: 5974
tot_msg_rcv: 337
tot_msg_sent: 568
tot_reconf_duration: 22.65
tot_sleeping_duration: 439522.3585999947
tot_uptimes: 115
tot_uptimes_duration: 6840.030400005344
