comms_cons: 45.62017280094096
finished_reconf: true
global_termination_time: 449164.374
local_termination_time: 192874.58000000092
node_cons: 9245.07790224289
tot_aggregated_send: 6090
tot_msg_rcv: 265
tot_msg_sent: 579
tot_reconf_duration: 4.390000000000001
tot_sleeping_duration: 442264.3618399979
tot_uptimes: 116
tot_uptimes_duration: 6900.0121600021375
