comms_cons: 1.513215999995001
finished_reconf: true
global_termination_time: 8086.204
local_termination_time: 4756.884360000001
node_cons: 167.6058000000005
tot_aggregated_send: 0
tot_msg_rcv: 118
tot_msg_sent: 112
tot_reconf_duration: 5.1
tot_sleeping_duration: 7966.204
tot_uptimes: 3
tot_uptimes_duration: 120.0
