comms_cons: 1.4868991999976726
finished_reconf: true
global_termination_time: 10822.014
local_termination_time: 4064.9294800000007
node_cons: 175.55010000000038
tot_aggregated_send: 0
tot_msg_rcv: 120
tot_msg_sent: 106
tot_reconf_duration: 10.95
tot_sleeping_duration: 10702.014
tot_uptimes: 3
tot_uptimes_duration: 119.99999999999955
