comms_cons: 1.4737407999951315
finished_reconf: true
global_termination_time: 10983.953
local_termination_time: 7113.39936
node_cons: 176.84020000000075
tot_aggregated_send: 0
tot_msg_rcv: 119
tot_msg_sent: 105
tot_reconf_duration: 11.899999999999999
tot_sleeping_duration: 10863.953
tot_uptimes: 3
tot_uptimes_duration: 120.0
