comms_cons: 1.5329535999949357
finished_reconf: true
global_termination_time: 8954.132
local_termination_time: 5551.562360000001
node_cons: 168.0539400000004
tot_aggregated_send: 0
tot_msg_rcv: 121
tot_msg_sent: 111
tot_reconf_duration: 5.43
tot_sleeping_duration: 8834.132
tot_uptimes: 3
tot_uptimes_duration: 120.0
