comms_cons: 360.2901504149324
finished_reconf: true
global_termination_time: 3656063.714
local_termination_time: 2380062.8489599996
node_cons: 75219.08800223167
tot_aggregated_send: 50982
tot_msg_rcv: 1294
tot_msg_sent: 2486
tot_reconf_duration: 15.34
tot_sleeping_duration: 3599903.701840005
tot_uptimes: 937
tot_uptimes_duration: 56160.01215999527
