comms_cons: 359.80986881672527
finished_reconf: true
global_termination_time: 3656441.164
local_termination_time: 2297581.6422399995
node_cons: 75205.63836334925
tot_aggregated_send: 50982
tot_msg_rcv: 1267
tot_msg_sent: 2440
tot_reconf_duration: 5.43
tot_sleeping_duration: 3600281.1457600067
tot_uptimes: 937
tot_uptimes_duration: 56160.01823999314
