comms_cons: 71.90407680091182
finished_reconf: true
global_termination_time: 728609.857
local_termination_time: 629505.6844799998
node_cons: 14949.209761121469
tot_aggregated_send: 10150
tot_msg_rcv: 247
tot_msg_sent: 532
tot_reconf_duration: 4.390000000000001
tot_sleeping_duration: 717449.8509199988
tot_uptimes: 187
tot_uptimes_duration: 11160.006080001069
