comms_cons: 75.41960959682574
finished_reconf: true
global_termination_time: 729096.185
local_termination_time: 266699.8413600001
node_cons: 14947.430746714874
tot_aggregated_send: 9454
tot_msg_rcv: 669
tot_msg_sent: 1340
tot_reconf_duration: 3.05
tot_sleeping_duration: 717936.1485200039
tot_uptimes: 187
tot_uptimes_duration: 11160.03647999611
