comms_cons: 142.34015359084208
finished_reconf: true
global_termination_time: 1398590.33148
local_termination_time: 1398590.29036
node_cons: 28830.905643200967
tot_aggregated_send: 19346
tot_msg_rcv: 883
tot_msg_sent: 1404
tot_reconf_duration: 37.410000000000004
tot_sleeping_duration: 1377096.6026799993
tot_uptimes: 359
tot_uptimes_duration: 21493.72880000068
