comms_cons: 143.15107838897882
finished_reconf: true
global_termination_time: 1401114.518
local_termination_time: 159607.70620000016
node_cons: 28786.530591182152
tot_aggregated_send: 19024
tot_msg_rcv: 1023
tot_msg_sent: 1711
tot_reconf_duration: 18.21
tot_sleeping_duration: 1379634.4572000133
tot_uptimes: 359
tot_uptimes_duration: 21480.060799986648
