comms_cons: 144.65687038289536
finished_reconf: true
global_termination_time: 1398612.925
local_termination_time: 508388.4203600001
node_cons: 28782.61684894853
tot_aggregated_send: 18560
tot_msg_rcv: 1227
tot_msg_sent: 2200
tot_reconf_duration: 15.34
tot_sleeping_duration: 1377132.8763600085
tot_uptimes: 359
tot_uptimes_duration: 21480.04863999138
