comms_cons: 144.22366078325916
finished_reconf: true
global_termination_time: 1400097.19
local_termination_time: 433507.9892000002
node_cons: 28774.164650060713
tot_aggregated_send: 17980
tot_msg_rcv: 1399
tot_msg_sent: 2542
tot_reconf_duration: 9.11
tot_sleeping_duration: 1378617.1352800145
tot_uptimes: 359
tot_uptimes_duration: 21480.05471998558
