comms_cons: 142.24951038938377
finished_reconf: true
global_termination_time: 1401364.132
local_termination_time: 218856.57036000004
node_cons: 28792.51126448576
tot_aggregated_send: 18908
tot_msg_rcv: 877
tot_msg_sent: 1837
tot_reconf_duration: 22.65
tot_sleeping_duration: 1379884.1076799957
tot_uptimes: 359
tot_uptimes_duration: 21480.024320004275
