comms_cons: 144.42823678322367
finished_reconf: true
global_termination_time: 1400926.555
local_termination_time: 663872.967
node_cons: 28781.467378941434
tot_aggregated_send: 18613
tot_msg_rcv: 1191
tot_msg_sent: 2149
tot_reconf_duration: 12.629999999999999
tot_sleeping_duration: 1379444.6163600138
tot_uptimes: 359
tot_uptimes_duration: 21481.938639986096
