comms_cons: 142.45394558461595
finished_reconf: true
global_termination_time: 1399464.55
local_termination_time: 723935.8563599999
node_cons: 28776.63894671017
tot_aggregated_send: 18966
tot_msg_rcv: 948
tot_msg_sent: 1738
tot_reconf_duration: 10.95
tot_sleeping_duration: 1377984.5135200073
tot_uptimes: 359
tot_uptimes_duration: 21480.036479992676
