comms_cons: 143.1256959809174
finished_reconf: true
global_termination_time: 1400393.486
local_termination_time: 290793.05416000076
node_cons: 28770.24003006529
tot_aggregated_send: 18096
tot_msg_rcv: 1240
tot_msg_sent: 2419
tot_reconf_duration: 6.22
tot_sleeping_duration: 1378913.4312800108
tot_uptimes: 359
tot_uptimes_duration: 21480.054719989013
