comms_cons: 165.95436799089447
finished_reconf: true
global_termination_time: 1648238.786
local_termination_time: 285549.16372000007
node_cons: 33909.5067489392
tot_aggregated_send: 22910
tot_msg_rcv: 760
tot_msg_sent: 1555
tot_reconf_duration: 4.390000000000001
tot_sleeping_duration: 1622918.7373600157
tot_uptimes: 423
tot_uptimes_duration: 25320.04863998451
