comms_cons: 362.5610496395184
finished_reconf: true
global_termination_time: 3653863.794
local_termination_time: 2646023.7274800004
node_cons: 75126.47708670082
tot_aggregated_send: 50228
tot_msg_rcv: 1624
tot_msg_sent: 3254
tot_reconf_duration: 6.279999999999999
tot_sleeping_duration: 3597763.7575200135
tot_uptimes: 936
tot_uptimes_duration: 56100.03647998674
