comms_cons: 368.4464384251688
finished_reconf: true
global_termination_time: 3653921.525
local_termination_time: 488461.86072000006
node_cons: 75123.91860781598
tot_aggregated_send: 50808
tot_msg_rcv: 1765
tot_msg_sent: 3428
tot_reconf_duration: 4.390000000000001
tot_sleeping_duration: 3597821.482440016
tot_uptimes: 936
tot_uptimes_duration: 56100.04255998344
