comms_cons: 363.4876416422614
finished_reconf: true
global_termination_time: 3653698.006
local_termination_time: 647920.9958799981
node_cons: 75128.56026558341
tot_aggregated_send: 50808
tot_msg_rcv: 1487
tot_msg_sent: 2953
tot_reconf_duration: 7.819999999999999
tot_sleeping_duration: 3597597.975600011
tot_uptimes: 936
tot_uptimes_duration: 56100.03039998887
