comms_cons: 363.8559872129264
finished_reconf: true
global_termination_time: 3652772.21
local_termination_time: 959434.2583599999
node_cons: 75133.30782670007
tot_aggregated_send: 50460
tot_msg_rcv: 1580
tot_msg_sent: 3263
tot_reconf_duration: 11.31
tot_sleeping_duration: 3596672.173520013
tot_uptimes: 936
tot_uptimes_duration: 56100.036479986506
