comms_cons: 169.05912313611194
finished_reconf: true
global_termination_time: 860635.958
local_termination_time: 440929.3813600001
node_cons: 17678.94190000009
tot_aggregated_send: 0
tot_msg_rcv: 12936
tot_msg_sent: 12760
tot_reconf_duration: 3.05
tot_sleeping_duration: 847435.958
tot_uptimes: 221
tot_uptimes_duration: 13200.0
