comms_cons: 2.1250815999957786
finished_reconf: true
global_termination_time: 12945.39048
local_termination_time: 12945.34936
node_cons: 310.18121984000715
tot_aggregated_send: 0
tot_msg_rcv: 166
tot_msg_sent: 156
tot_reconf_duration: 37.410000000000004
tot_sleeping_duration: 12751.679919999995
tot_uptimes: 4
tot_uptimes_duration: 193.710560000005
