comms_cons: 1.7171711999985475
finished_reconf: true
global_termination_time: 18618.796
local_termination_time: 11361.482359999998
node_cons: 341.8793799999984
tot_aggregated_send: 0
tot_msg_rcv: 138
tot_msg_sent: 123
tot_reconf_duration: 15.110000000000001
tot_sleeping_duration: 18378.796
tot_uptimes: 5
tot_uptimes_duration: 240.0
