comms_cons: 12.454425600025587
finished_reconf: true
global_termination_time: 126050.568
local_termination_time: 25515.528280000002
node_cons: 2586.238979999997
tot_aggregated_send: 1798
tot_msg_rcv: 46
tot_msg_sent: 49
tot_reconf_duration: 11.31
tot_sleeping_duration: 124130.568
tot_uptimes: 33
tot_uptimes_duration: 1920.0
