comms_cons: 287.4089856085413
finished_reconf: true
global_termination_time: 2903209.902
local_termination_time: 1837359.178999999
node_cons: 59701.14823999892
tot_aggregated_send: 41934
tot_msg_rcv: 594
tot_msg_sent: 1155
tot_reconf_duration: 6.279999999999999
tot_sleeping_duration: 2858629.902
tot_uptimes: 744
tot_uptimes_duration: 44580.0
