comms_cons: 289.5825472061519
finished_reconf: true
global_termination_time: 2900209.2816799986
local_termination_time: 2900209.2405599984
node_cons: 59713.29239863794
tot_aggregated_send: 41282
tot_msg_rcv: 948
tot_msg_sent: 1784
tot_reconf_duration: 24.59
tot_sleeping_duration: 2855638.781919999
tot_uptimes: 743
tot_uptimes_duration: 44570.49975999951
