comms_cons: 291.87470079361657
finished_reconf: true
global_termination_time: 2903497.512
local_termination_time: 1842289.65236
node_cons: 59699.20082670091
tot_aggregated_send: 38338
tot_msg_rcv: 1977
tot_msg_sent: 4049
tot_reconf_duration: 4.8100000000000005
tot_sleeping_duration: 2858917.475520014
tot_uptimes: 744
tot_uptimes_duration: 44580.036479986506
