comms_cons: 386.8336896592272
finished_reconf: true
global_termination_time: 3849114.65948
local_termination_time: 3849114.6183599997
node_cons: 79204.13448989374
tot_aggregated_send: 53798
tot_msg_rcv: 1673
tot_msg_sent: 3326
tot_reconf_duration: 37.410000000000004
tot_sleeping_duration: 3790000.8942000177
tot_uptimes: 986
tot_uptimes_duration: 59113.76527998205
