comms_cons: 377.2217408376638
finished_reconf: true
global_termination_time: 3851662.486
local_termination_time: 2738089.216879999
node_cons: 79249.6218233486
tot_aggregated_send: 53302
tot_msg_rcv: 1158
tot_msg_sent: 2874
tot_reconf_duration: 25.299999999999997
tot_sleeping_duration: 3792502.467760007
tot_uptimes: 987
tot_uptimes_duration: 59160.01823999314
