comms_cons: 382.7214208428483
finished_reconf: true
global_termination_time: 3852776.199
local_termination_time: 1402865.73436
node_cons: 79219.4552044661
tot_aggregated_send: 53186
tot_msg_rcv: 1788
tot_msg_sent: 3197
tot_reconf_duration: 3.08
tot_sleeping_duration: 3793616.174680009
tot_uptimes: 987
tot_uptimes_duration: 59160.024319991004
