comms_cons: 385.15294722872
finished_reconf: true
global_termination_time: 3849359.794
local_termination_time: 654609.193
node_cons: 79152.11666893795
tot_aggregated_send: 53993
tot_msg_rcv: 1643
tot_msg_sent: 2905
tot_reconf_duration: 12.629999999999999
tot_sleeping_duration: 3790259.745360015
tot_uptimes: 986
tot_uptimes_duration: 59100.048639984976
