comms_cons: 210.17008629098697
finished_reconf: true
global_termination_time: 1147158.734
local_termination_time: 222242.47736000005
node_cons: 23548.205227831655
tot_aggregated_send: 0
tot_msg_rcv: 16328
tot_msg_sent: 15617
tot_reconf_duration: 6.279999999999999
tot_sleeping_duration: 1129578.6914400063
tot_uptimes: 294
tot_uptimes_duration: 17580.042559993744
