comms_cons: 908.310745125223
finished_reconf: true
global_termination_time: 1143482.27
local_termination_time: 220101.5365600007
node_cons: 113763.26473105875
tot_aggregated_send: 0
tot_msg_rcv: 62483
tot_msg_sent: 75575
tot_reconf_duration: 5.57
tot_sleeping_duration: 1058526.5562800136
tot_uptimes: 1370
tot_uptimes_duration: 84955.71371998641
