comms_cons: 115.05704959697907
finished_reconf: true
global_termination_time: 1143824.951
local_termination_time: 281363.75788000046
node_cons: 23493.678105602576
tot_aggregated_send: 15428
tot_msg_rcv: 741
tot_msg_sent: 1319
tot_reconf_duration: 25.299999999999997
tot_sleeping_duration: 1126304.920599998
tot_uptimes: 293
tot_uptimes_duration: 17520.03040000191
