comms_cons: 114.17050879621198
finished_reconf: true
global_termination_time: 1143400.302
local_termination_time: 333810.5438800009
node_cons: 23483.457088802315
tot_aggregated_send: 15602
tot_msg_rcv: 476
tot_msg_sent: 1276
tot_reconf_duration: 13.17
tot_sleeping_duration: 1125875.6027999981
tot_uptimes: 293
tot_uptimes_duration: 17524.69920000172
