comms_cons: 116.74594559012866
finished_reconf: true
global_termination_time: 1146150.784
local_termination_time: 686087.4633599998
node_cons: 23565.063446710163
tot_aggregated_send: 15254
tot_msg_rcv: 921
tot_msg_sent: 1569
tot_reconf_duration: 18.700000000000003
tot_sleeping_duration: 1128570.7475200074
tot_uptimes: 294
tot_uptimes_duration: 17580.036479992676
