comms_cons: 115.35566719468476
finished_reconf: true
global_termination_time: 1143837.839
local_termination_time: 556418.5773599999
node_cons: 23465.8608267103
tot_aggregated_send: 15544
tot_msg_rcv: 649
tot_msg_sent: 1340
tot_reconf_duration: 4.8100000000000005
tot_sleeping_duration: 1126317.8025200071
tot_uptimes: 293
tot_uptimes_duration: 17520.036479992676
