comms_cons: 117.67266559168714
finished_reconf: true
global_termination_time: 1146733.048
local_termination_time: 307152.3378400001
node_cons: 23547.034645593383
tot_aggregated_send: 15486
tot_msg_rcv: 892
tot_msg_sent: 1507
tot_reconf_duration: 5.43
tot_sleeping_duration: 1129153.017600005
tot_uptimes: 294
tot_uptimes_duration: 17580.03039999504
