comms_cons: 54.13365760023796
finished_reconf: true
global_termination_time: 560091.758
local_termination_time: 336816.4333600001
node_cons: 11519.37870000006
tot_aggregated_send: 8062
tot_msg_rcv: 67
tot_msg_sent: 99
tot_reconf_duration: 22.65
tot_sleeping_duration: 551511.758
tot_uptimes: 144
tot_uptimes_duration: 8580.000000000007
