comms_cons: 268.19639041944913
finished_reconf: true
global_termination_time: 556353.4284799999
local_termination_time: 2664.327040000001
node_cons: 33685.193105925086
tot_aggregated_send: 0
tot_msg_rcv: 16487
tot_msg_sent: 24276
tot_reconf_duration: 18.21
tot_sleeping_duration: 531214.919199996
tot_uptimes: 412
tot_uptimes_duration: 25138.509280003796
