comms_cons: 57.462732800387414
finished_reconf: true
global_termination_time: 557950.332
local_termination_time: 13092.874319999999
node_cons: 11415.213941121443
tot_aggregated_send: 7366
tot_msg_rcv: 501
tot_msg_sent: 867
tot_reconf_duration: 5.1
tot_sleeping_duration: 549430.325919999
tot_uptimes: 143
tot_uptimes_duration: 8520.006080001069
