comms_cons: 55.31854079993659
finished_reconf: true
global_termination_time: 556353.1992400002
local_termination_time: 271937.62636000005
node_cons: 11480.37057936036
tot_aggregated_send: 7772
tot_msg_rcv: 235
tot_msg_sent: 401
tot_reconf_duration: 13.17
tot_sleeping_duration: 547792.717
tot_uptimes: 143
tot_uptimes_duration: 8560.482240000274
