comms_cons: 57.343334400174726
finished_reconf: true
global_termination_time: 560774.472
local_termination_time: 25976.21536
node_cons: 11499.247701121447
tot_aggregated_send: 7424
tot_msg_rcv: 425
tot_msg_sent: 866
tot_reconf_duration: 7.819999999999999
tot_sleeping_duration: 552194.4659199988
tot_uptimes: 144
tot_uptimes_duration: 8580.006080001069
