comms_cons: 671.1701192033906
finished_reconf: true
global_termination_time: 3414552.8864399963
local_termination_time: 3147.34036
node_cons: 70289.73418486
tot_aggregated_send: 0
tot_msg_rcv: 51270
tot_msg_sent: 50738
tot_reconf_duration: 5.1
tot_sleeping_duration: 3362063.85852001
tot_uptimes: 875
tot_uptimes_duration: 52489.02791998623
