comms_cons: 343.62961923536255
finished_reconf: true
global_termination_time: 3419281.178
local_termination_time: 364625.4196800003
node_cons: 70308.54320782184
tot_aggregated_send: 47676
tot_msg_rcv: 1530
tot_msg_sent: 3022
tot_reconf_duration: 8.09
tot_sleeping_duration: 3366781.1354400124
tot_uptimes: 876
tot_uptimes_duration: 52500.042559987574
