comms_cons: 344.82416003241383
finished_reconf: true
global_termination_time: 3416493.614
local_termination_time: 454220.11248000007
node_cons: 70229.5883678175
tot_aggregated_send: 47038
tot_msg_rcv: 1717
tot_msg_sent: 3656
tot_reconf_duration: 9.11
tot_sleeping_duration: 3364053.5714400155
tot_uptimes: 875
tot_uptimes_duration: 52440.04255998437
