comms_cons: 347.1154048516697
finished_reconf: true
global_termination_time: 3416315.932
local_termination_time: 1524862.3210799994
node_cons: 70230.00934781741
tot_aggregated_send: 47212
tot_msg_rcv: 2065
tot_msg_sent: 3481
tot_reconf_duration: 9.42
tot_sleeping_duration: 3363875.889440016
tot_uptimes: 875
tot_uptimes_duration: 52440.04255998437
