comms_cons: 347.55263364871837
finished_reconf: true
global_termination_time: 3415177.191
local_termination_time: 1524866.4040799988
node_cons: 70234.37318753888
tot_aggregated_send: 47038
tot_msg_rcv: 2134
tot_msg_sent: 3652
tot_reconf_duration: 12.629999999999999
tot_sleeping_duration: 3362737.144960015
tot_uptimes: 875
tot_uptimes_duration: 52440.04603998526
