comms_cons: 11.673145600028992
finished_reconf: true
global_termination_time: 85497.54947999996
local_termination_time: 85497.50835999996
node_cons: 1756.3175020785288
tot_aggregated_send: 612
tot_msg_rcv: 552
tot_msg_sent: 609
tot_reconf_duration: 37.410000000000004
tot_sleeping_duration: 84223.82676000106
tot_uptimes: 22
tot_uptimes_duration: 1273.7227199989065
