comms_cons: 11.101894400356553
finished_reconf: true
global_termination_time: 88063.358
local_termination_time: 30047.65036
node_cons: 1782.3663822405833
tot_aggregated_send: 464
tot_msg_rcv: 587
tot_msg_sent: 637
tot_reconf_duration: 10.95
tot_sleeping_duration: 86743.34583999956
tot_uptimes: 23
tot_uptimes_duration: 1320.012160000435
