comms_cons: 10.43831680002365
finished_reconf: true
global_termination_time: 87823.552
local_termination_time: 28046.541520000013
node_cons: 1773.4904667194664
tot_aggregated_send: 580
tot_msg_rcv: 361
tot_msg_sent: 645
tot_reconf_duration: 4.390000000000001
tot_sleeping_duration: 86503.5155200004
tot_uptimes: 23
tot_uptimes_duration: 1320.0364799996023
