comms_cons: 10.49675520003769
finished_reconf: true
global_termination_time: 86647.409
local_termination_time: 45993.21848000002
node_cons: 1778.115842239159
tot_aggregated_send: 696
tot_msg_rcv: 375
tot_msg_sent: 526
tot_reconf_duration: 7.819999999999999
tot_sleeping_duration: 85327.39684000063
tot_uptimes: 23
tot_uptimes_duration: 1320.0121599993727
