comms_cons: 77.9378303997161
finished_reconf: true
global_termination_time: 795100.556
local_termination_time: 686048.0033599999
node_cons: 16320.014361116811
tot_aggregated_send: 11484
tot_msg_rcv: 79
tot_msg_sent: 283
tot_reconf_duration: 8.09
tot_sleeping_duration: 782920.5499200023
tot_uptimes: 204
tot_uptimes_duration: 12180.006079997635
