comms_cons: 77.54903040005551
finished_reconf: true
global_termination_time: 792138.39
local_termination_time: 201273.34036000006
node_cons: 16249.199380000045
tot_aggregated_send: 11542
tot_msg_rcv: 85
tot_msg_sent: 160
tot_reconf_duration: 15.110000000000001
tot_sleeping_duration: 780018.39
tot_uptimes: 203
tot_uptimes_duration: 12120.0
