comms_cons: 795.170797009225
finished_reconf: true
global_termination_time: 7955680.968
local_termination_time: 2406615.31536
node_cons: 163673.476848931
tot_aggregated_send: 111244
tot_msg_rcv: 3309
tot_msg_sent: 6307
tot_reconf_duration: 15.34
tot_sleeping_duration: 7833460.919360017
tot_uptimes: 2038
tot_uptimes_duration: 122220.0486399827
