comms_cons: 799.6648258153999
finished_reconf: true
global_termination_time: 7956587.354
local_termination_time: 2736665.67244
node_cons: 163660.20918893162
tot_aggregated_send: 110142
tot_msg_rcv: 4018
tot_msg_sent: 7382
tot_reconf_duration: 5.57
tot_sleeping_duration: 7834367.305360017
tot_uptimes: 2038
tot_uptimes_duration: 122220.0486399827
