comms_cons: 784.2751617486776
finished_reconf: true
global_termination_time: 7954784.966
local_termination_time: 3336112.7876
node_cons: 163664.98394446276
tot_aggregated_send: 111128
tot_msg_rcv: 2991
tot_msg_sent: 5084
tot_reconf_duration: 9.11
tot_sleeping_duration: 7832564.941680009
tot_uptimes: 2038
tot_uptimes_duration: 122220.02431999147
