comms_cons: 780.469881718192
finished_reconf: true
global_termination_time: 7956445.644
local_termination_time: 5030148.109359999
node_cons: 163669.75596334564
tot_aggregated_send: 111302
tot_msg_rcv: 2537
tot_msg_sent: 4788
tot_reconf_duration: 12.629999999999999
tot_sleeping_duration: 7834225.625760007
tot_uptimes: 2038
tot_uptimes_duration: 122220.0182399936
