comms_cons: 776.517785716574
finished_reconf: true
global_termination_time: 7956370.653
local_termination_time: 5153910.191279998
node_cons: 163667.46638222891
tot_aggregated_send: 110838
tot_msg_rcv: 2477
tot_msg_sent: 4710
tot_reconf_duration: 10.95
tot_sleeping_duration: 7834150.640840004
tot_uptimes: 2038
tot_uptimes_duration: 122220.01215999573
