comms_cons: 394.0362109347557
finished_reconf: true
global_termination_time: 1351213.457
local_termination_time: 465528.1490400003
node_cons: 55202.36233799862
tot_aggregated_send: 0
tot_msg_rcv: 20073
tot_msg_sent: 39818
tot_reconf_duration: 13.17
tot_sleeping_duration: 1310000.2550000001
tot_uptimes: 683
tot_uptimes_duration: 41213.201999999656
