comms_cons: 133.8810815971604
finished_reconf: true
global_termination_time: 1349628.17
local_termination_time: 587162.4069199993
node_cons: 27721.482639999987
tot_aggregated_send: 19372
tot_msg_rcv: 341
tot_msg_sent: 636
tot_reconf_duration: 3.08
tot_sleeping_duration: 1328928.17
tot_uptimes: 346
tot_uptimes_duration: 20700.0
