comms_cons: 139.82523518830675
finished_reconf: true
global_termination_time: 1349698.41
local_termination_time: 340132.69016000035
node_cons: 27723.893091951188
tot_aggregated_send: 17980
tot_msg_rcv: 1229
tot_msg_sent: 2045
tot_reconf_duration: 4.8100000000000005
tot_sleeping_duration: 1328998.3643600065
tot_uptimes: 346
tot_uptimes_duration: 20700.04563999339
