comms_cons: 58.50224640075112
finished_reconf: true
global_termination_time: 582453.278
local_termination_time: 100570.58235999997
node_cons: 12001.418700000027
tot_aggregated_send: 8178
tot_msg_rcv: 271
tot_msg_sent: 443
tot_reconf_duration: 22.65
tot_sleeping_duration: 573513.278
tot_uptimes: 150
tot_uptimes_duration: 8940.0
