comms_cons: 58.11407360058863
finished_reconf: true
global_termination_time: 580830.852
local_termination_time: 177547.01444000023
node_cons: 11898.766760000017
tot_aggregated_send: 8236
tot_msg_rcv: 254
tot_msg_sent: 343
tot_reconf_duration: 6.22
tot_sleeping_duration: 571950.852
tot_uptimes: 149
tot_uptimes_duration: 8880.0
