comms_cons: 517.2914816820679
finished_reconf: true
global_termination_time: 5165464.709239997
local_termination_time: 32332.40648
node_cons: 106253.35045276592
tot_aggregated_send: 72384
tot_msg_rcv: 2063
tot_msg_sent: 4178
tot_reconf_duration: 18.21
tot_sleeping_duration: 5086130.414040021
tot_uptimes: 1323
tot_uptimes_duration: 79334.29519997688
