comms_cons: 507.98723846229694
finished_reconf: true
global_termination_time: 5167344.595
local_termination_time: 2703205.5553599996
node_cons: 106324.20182334806
tot_aggregated_send: 72094
tot_msg_rcv: 1683
tot_msg_sent: 3434
tot_reconf_duration: 25.299999999999997
tot_sleeping_duration: 5087964.576760006
tot_uptimes: 1324
tot_uptimes_duration: 79380.0182399936
