comms_cons: 388.0823998791457
finished_reconf: true
global_termination_time: 799914.7251599983
local_termination_time: 799914.6840399983
node_cons: 48889.6677348404
tot_aggregated_send: 0
tot_msg_rcv: 23743
tot_msg_sent: 35244
tot_reconf_duration: 24.59
tot_sleeping_duration: 763427.5895999975
tot_uptimes: 597
tot_uptimes_duration: 36487.13556000075
