comms_cons: 79.15435519810441
finished_reconf: true
global_termination_time: 803601.604
local_termination_time: 259683.13436000005
node_cons: 16478.146760000025
tot_aggregated_send: 11600
tot_msg_rcv: 146
tot_msg_sent: 285
tot_reconf_duration: 6.22
tot_sleeping_duration: 791301.604
tot_uptimes: 206
tot_uptimes_duration: 12300.0
