comms_cons: 80.03659519720951
finished_reconf: true
global_termination_time: 803882.255
local_termination_time: 505335.74436000007
node_cons: 16477.296624481158
tot_aggregated_send: 11194
tot_msg_rcv: 274
tot_msg_sent: 697
tot_reconf_duration: 5.57
tot_sleeping_duration: 791582.2306799991
tot_uptimes: 206
tot_uptimes_duration: 12300.02432000084
