comms_cons: 81.60965119814863
finished_reconf: true
global_termination_time: 800648.955
local_termination_time: 142917.96436000004
node_cons: 16473.923311205115
tot_aggregated_send: 10440
tot_msg_rcv: 671
tot_msg_sent: 1294
tot_reconf_duration: 3.05
tot_sleeping_duration: 788348.8941999961
tot_uptimes: 206
tot_uptimes_duration: 12300.06080000382
