comms_cons: 73.79230719861458
finished_reconf: true
global_termination_time: 720787.006
local_termination_time: 3131.4551600000013
node_cons: 14789.127650961418
tot_aggregated_send: 9686
tot_msg_rcv: 537
tot_msg_sent: 993
tot_reconf_duration: 4.8100000000000005
tot_sleeping_duration: 709746.979359999
tot_uptimes: 185
tot_uptimes_duration: 11040.026640001044
