comms_cons: 72.74621439657456
finished_reconf: true
global_termination_time: 716817.906
local_termination_time: 201234.22536000007
node_cons: 14708.238607840858
tot_aggregated_send: 9454
tot_msg_rcv: 439
tot_msg_sent: 1164
tot_reconf_duration: 4.390000000000001
tot_sleeping_duration: 705837.8634399994
tot_uptimes: 184
tot_uptimes_duration: 10980.042560000613
