comms_cons: 86.90835199323729
finished_reconf: true
global_termination_time: 837526.7630799997
local_termination_time: 4585.687
node_cons: 17232.039432782898
tot_aggregated_send: 10487
tot_msg_rcv: 983
tot_msg_sent: 1738
tot_reconf_duration: 10.55
tot_sleeping_duration: 824668.1278800125
tot_uptimes: 215
tot_uptimes_duration: 12858.635199987213
