comms_cons: 279.7410047910136
finished_reconf: true
global_termination_time: 2808861.798
local_termination_time: 5458.569
node_cons: 57848.59422447549
tot_aggregated_send: 39784
tot_msg_rcv: 977
tot_msg_sent: 1758
tot_reconf_duration: 2.77
tot_sleeping_duration: 2765661.7736800024
tot_uptimes: 720
tot_uptimes_duration: 43200.02431999741
