comms_cons: 88.7665663975961
finished_reconf: true
global_termination_time: 912874.215
local_termination_time: 5229.755
node_cons: 18735.844622233693
tot_aggregated_send: 12921
tot_msg_rcv: 144
tot_msg_sent: 427
tot_reconf_duration: 12.23
tot_sleeping_duration: 898894.2028400047
tot_uptimes: 234
tot_uptimes_duration: 13980.012159995269
