comms_cons: 1362.3730214918342
finished_reconf: true
global_termination_time: 6933411.622599998
local_termination_time: 187.48448000000002
node_cons: 142648.83917509366
tot_aggregated_send: 0
tot_msg_rcv: 104120
tot_msg_sent: 102950
tot_reconf_duration: 18.21
tot_sleeping_duration: 6826896.230520014
tot_uptimes: 1776
tot_uptimes_duration: 106515.39207998384
