comms_cons: 684.0886401579006
finished_reconf: true
global_termination_time: 6934897.793
local_termination_time: 1949849.2427599991
node_cons: 142637.89810558077
tot_aggregated_send: 95062
tot_msg_rcv: 3012
tot_msg_sent: 5902
tot_reconf_duration: 25.299999999999997
tot_sleeping_duration: 6828397.76260001
tot_uptimes: 1776
tot_uptimes_duration: 106500.0303999891
