comms_cons: 697.3804098147531
finished_reconf: true
global_termination_time: 6937257.091
local_termination_time: 920459.4593599999
node_cons: 142689.87489004838
tot_aggregated_send: 95990
tot_msg_rcv: 3420
tot_msg_sent: 6586
tot_reconf_duration: 4.390000000000001
tot_sleeping_duration: 6830697.03628002
tot_uptimes: 1777
tot_uptimes_duration: 106560.05471997987
