comms_cons: 66.74906880682289
finished_reconf: true
global_termination_time: 322200.8368000002
local_termination_time: 322200.7956800002
node_cons: 6651.080859684647
tot_aggregated_send: 0
tot_msg_rcv: 5364
tot_msg_sent: 4780
tot_reconf_duration: 24.59
tot_sleeping_duration: 317258.57567999675
tot_uptimes: 83
tot_uptimes_duration: 4942.261120003457
