comms_cons: 76.04214399660471
finished_reconf: true
global_termination_time: 721124.6351999986
local_termination_time: 721124.5940799987
node_cons: 14894.105604484386
tot_aggregated_send: 9138
tot_msg_rcv: 851
tot_msg_sent: 1570
tot_reconf_duration: 37.410000000000004
tot_sleeping_duration: 710039.2708799954
tot_uptimes: 185
tot_uptimes_duration: 11085.364320003253
