comms_cons: 73.26338559824941
finished_reconf: true
global_termination_time: 721852.47
local_termination_time: 393447.82232000015
node_cons: 14807.995305597915
tot_aggregated_send: 9744
tot_msg_rcv: 472
tot_msg_sent: 919
tot_reconf_duration: 18.700000000000003
tot_sleeping_duration: 710812.4396000016
tot_uptimes: 185
tot_uptimes_duration: 11040.030399998475
