comms_cons: 142.7665535686433
finished_reconf: true
global_termination_time: 724460.116
local_termination_time: 381958.15336000005
node_cons: 14873.55212446736
tot_aggregated_send: 0
tot_msg_rcv: 10972
tot_msg_sent: 10728
tot_reconf_duration: 7.819999999999999
tot_sleeping_duration: 713360.0916800095
tot_uptimes: 186
tot_uptimes_duration: 11100.024319990538
