comms_cons: 75.21742719415575
finished_reconf: true
global_termination_time: 724827.435
local_termination_time: 242560.28136000005
node_cons: 14871.403747836242
tot_aggregated_send: 9222
tot_msg_rcv: 700
tot_msg_sent: 1510
tot_reconf_duration: 6.22
tot_sleeping_duration: 713727.3924400029
tot_uptimes: 186
tot_uptimes_duration: 11100.042559997179
