comms_cons: 73.04290559363211
finished_reconf: true
global_termination_time: 722462.08
local_termination_time: 229924.66636000006
node_cons: 14878.291544467347
tot_aggregated_send: 9686
tot_msg_rcv: 429
tot_msg_sent: 987
tot_reconf_duration: 11.31
tot_sleeping_duration: 711362.0556800094
tot_uptimes: 186
tot_uptimes_duration: 11100.024319990538
