comms_cons: 125.95871998911473
finished_reconf: true
global_termination_time: 635535.481
local_termination_time: 272.41047999999967
node_cons: 13022.038364481143
tot_aggregated_send: 0
tot_msg_rcv: 9740
tot_msg_sent: 9405
tot_reconf_duration: 5.1
tot_sleeping_duration: 625815.4566799991
tot_uptimes: 163
tot_uptimes_duration: 9720.02432000084
