comms_cons: 126.31260158967856
finished_reconf: true
global_termination_time: 635417.6295999999
local_termination_time: 1665.6543600000002
node_cons: 13046.651791764169
tot_aggregated_send: 0
tot_msg_rcv: 9789
tot_msg_sent: 9406
tot_reconf_duration: 8.09
tot_sleeping_duration: 625682.2557599968
tot_uptimes: 163
tot_uptimes_duration: 9735.3738400031
