comms_cons: 63.96768000029911
finished_reconf: true
global_termination_time: 636072.955
local_termination_time: 98931.84203999954
node_cons: 13021.644544485736
tot_aggregated_send: 8642
tot_msg_rcv: 323
tot_msg_sent: 757
tot_reconf_duration: 4.8100000000000005
tot_sleeping_duration: 626352.9306799957
tot_uptimes: 163
tot_uptimes_duration: 9720.024320004275
