comms_cons: 63.39045119972161
finished_reconf: true
global_termination_time: 636814.796
local_termination_time: 126352.15547999996
node_cons: 13112.579681121435
tot_aggregated_send: 8874
tot_msg_rcv: 244
tot_msg_sent: 519
tot_reconf_duration: 12.629999999999999
tot_sleeping_duration: 627034.7899199988
tot_uptimes: 164
tot_uptimes_duration: 9780.006080001069
