comms_cons: 66.61439999907279
finished_reconf: true
global_termination_time: 637173.128
local_termination_time: 135015.1818400006
node_cons: 13101.430466724023
tot_aggregated_send: 8294
tot_msg_rcv: 667
tot_msg_sent: 1164
tot_reconf_duration: 4.390000000000001
tot_sleeping_duration: 627393.0915199971
tot_uptimes: 164
tot_uptimes_duration: 9780.036480002978
