comms_cons: 62.81162240029419
finished_reconf: true
global_termination_time: 635601.978
local_termination_time: 87258.019
node_cons: 13030.983254002067
tot_aggregated_send: 8874
tot_msg_rcv: 150
tot_msg_sent: 523
tot_reconf_duration: 7.819999999999999
tot_sleeping_duration: 625878.0319999984
tot_uptimes: 163
tot_uptimes_duration: 9723.946000001524
