comms_cons: 369.0719231955631
finished_reconf: true
global_termination_time: 3810198.032
local_termination_time: 2388677.37836
node_cons: 78339.10476558328
tot_aggregated_send: 50866
tot_msg_rcv: 1786
tot_msg_sent: 3444
tot_reconf_duration: 5.57
tot_sleeping_duration: 3751698.0016000113
tot_uptimes: 976
tot_uptimes_duration: 58500.03039998864
