comms_cons: 373.7810752011095
finished_reconf: true
global_termination_time: 3809175.048
local_termination_time: 1290429.8973599998
node_cons: 78349.38485999798
tot_aggregated_send: 54404
tot_msg_rcv: 910
tot_msg_sent: 1498
tot_reconf_duration: 13.17
tot_sleeping_duration: 3750675.048
tot_uptimes: 976
tot_uptimes_duration: 58500.00000000001
