comms_cons: 376.51504002037836
finished_reconf: true
global_termination_time: 3806381.262
local_termination_time: 81255.39835999996
node_cons: 78255.34263999839
tot_aggregated_send: 54462
tot_msg_rcv: 943
tot_msg_sent: 1822
tot_reconf_duration: 3.08
tot_sleeping_duration: 3747941.262
tot_uptimes: 975
tot_uptimes_duration: 58440.00000000023
