comms_cons: 370.7277184195792
finished_reconf: true
global_termination_time: 3806130.959
local_termination_time: 1133318.7956399992
node_cons: 78257.77339116744
tot_aggregated_send: 51156
tot_msg_rcv: 1696
tot_msg_sent: 3495
tot_reconf_duration: 4.8100000000000005
tot_sleeping_duration: 3747690.898200023
tot_uptimes: 975
tot_uptimes_duration: 58440.060799977044
