comms_cons: 373.5296704128665
finished_reconf: true
global_termination_time: 3806474.312
local_termination_time: 1200146.5393999983
node_cons: 78268.31153999825
tot_aggregated_send: 54926
tot_msg_rcv: 581
tot_msg_sent: 1267
tot_reconf_duration: 12.629999999999999
tot_sleeping_duration: 3748034.312
tot_uptimes: 975
tot_uptimes_duration: 58440.0
