comms_cons: 380.36667522638965
finished_reconf: true
global_termination_time: 3810646.188
local_termination_time: 320946.6978800004
node_cons: 78337.61860430067
tot_aggregated_send: 51388
tot_msg_rcv: 2079
tot_msg_sent: 4346
tot_reconf_duration: 4.390000000000001
tot_sleeping_duration: 3752146.070760043
tot_uptimes: 976
tot_uptimes_duration: 58500.11723995715
