comms_cons: 366.99726082218814
finished_reconf: true
global_termination_time: 3806959.135
local_termination_time: 1368770.1843599998
node_cons: 78261.86097116776
tot_aggregated_send: 50808
tot_msg_rcv: 1656
tot_msg_sent: 3317
tot_reconf_duration: 7.819999999999999
tot_sleeping_duration: 3748519.0742000225
tot_uptimes: 975
tot_uptimes_duration: 58440.06079997728
