comms_cons: 381.54817284537444
finished_reconf: true
global_termination_time: 3806509.876
local_termination_time: 448773.8315200008
node_cons: 78258.66419787359
tot_aggregated_send: 50576
tot_msg_rcv: 2395
tot_msg_sent: 5023
tot_reconf_duration: 5.43
tot_sleeping_duration: 3748069.7787200334
tot_uptimes: 975
tot_uptimes_duration: 58440.09727996675
