comms_cons: 15.659750399659865
finished_reconf: true
global_termination_time: 142228.32948000007
local_termination_time: 142228.28836000006
node_cons: 2944.024224318148
tot_aggregated_send: 1392
tot_msg_rcv: 284
tot_msg_sent: 704
tot_reconf_duration: 24.59
tot_sleeping_duration: 140054.59460000147
tot_uptimes: 37
tot_uptimes_duration: 2173.7348799986066
