comms_cons: 17.704908799434044
finished_reconf: true
global_termination_time: 146221.624
local_termination_time: 76422.44947999995
node_cons: 2990.5137067160467
tot_aggregated_send: 1218
tot_msg_rcv: 545
tot_msg_sent: 927
tot_reconf_duration: 13.17
tot_sleeping_duration: 144001.58752000297
tot_uptimes: 38
tot_uptimes_duration: 2220.0364799970484
