comms_cons: 16.509094399604017
finished_reconf: true
global_termination_time: 143322.05
local_termination_time: 27806.472359999996
node_cons: 2907.6478267183247
tot_aggregated_send: 1276
tot_msg_rcv: 478
tot_msg_sent: 756
tot_reconf_duration: 11.31
tot_sleeping_duration: 141162.01352000123
tot_uptimes: 37
tot_uptimes_duration: 2160.036479998751
