comms_cons: 208.28291828923352
finished_reconf: true
global_termination_time: 1060561.046
local_termination_time: 518862.9107200001
node_cons: 21802.91498223373
tot_aggregated_send: 0
tot_msg_rcv: 15955
tot_msg_sent: 15702
tot_reconf_duration: 22.65
tot_sleeping_duration: 1044301.0338400048
tot_uptimes: 272
tot_uptimes_duration: 16260.012159995269
