comms_cons: 106.95289599410995
finished_reconf: true
global_termination_time: 1059948.839
local_termination_time: 471608.622
node_cons: 21779.132274635063
tot_aggregated_send: 14613
tot_msg_rcv: 540
tot_msg_sent: 1103
tot_reconf_duration: 4.8100000000000005
tot_sleeping_duration: 1043688.4952400036
tot_uptimes: 272
tot_uptimes_duration: 16260.343759996293
