comms_cons: 105.96472319367885
finished_reconf: true
global_termination_time: 1061052.899
local_termination_time: 453771.90536000003
node_cons: 21778.126043355067
tot_aggregated_send: 14848
tot_msg_rcv: 389
tot_msg_sent: 869
tot_reconf_duration: 4.390000000000001
tot_sleeping_duration: 1044792.8807600036
tot_uptimes: 272
tot_uptimes_duration: 16260.018239996338
