comms_cons: 106.17512959330298
finished_reconf: true
global_termination_time: 1057300.77648
local_termination_time: 103531.61979999956
node_cons: 21716.45612983677
tot_aggregated_send: 14732
tot_msg_rcv: 471
tot_msg_sent: 934
tot_reconf_duration: 3.05
tot_sleeping_duration: 1041085.4559200024
tot_uptimes: 271
tot_uptimes_duration: 16215.320559997577
