comms_cons: 23.856179200292434
finished_reconf: true
global_termination_time: 243070.089
local_termination_time: 200141.35436000003
node_cons: 4991.6995599999755
tot_aggregated_send: 3422
tot_msg_rcv: 49
tot_msg_sent: 155
tot_reconf_duration: 7.819999999999999
tot_sleeping_duration: 239350.089
tot_uptimes: 63
tot_uptimes_duration: 3720.0
