comms_cons: 24.533836800056214
finished_reconf: true
global_termination_time: 241084.527
local_termination_time: 125816.93935999997
node_cons: 4916.098980000021
tot_aggregated_send: 3248
tot_msg_rcv: 201
tot_msg_sent: 280
tot_reconf_duration: 11.31
tot_sleeping_duration: 237424.527
tot_uptimes: 62
tot_uptimes_duration: 3660.0
