comms_cons: 73.71322880375259
finished_reconf: true
global_termination_time: 251344.83220000064
local_termination_time: 251344.79108000064
node_cons: 10320.487160800876
tot_aggregated_send: 0
tot_msg_rcv: 3802
tot_msg_sent: 7401
tot_reconf_duration: 37.410000000000004
tot_sleeping_duration: 243675.165
tot_uptimes: 128
tot_uptimes_duration: 7669.6672000006365
