comms_cons: 24.64568320013004
finished_reconf: true
global_termination_time: 251751.638
local_termination_time: 39171.147480000014
node_cons: 5154.131380000005
tot_aggregated_send: 3596
tot_msg_rcv: 41
tot_msg_sent: 109
tot_reconf_duration: 9.11
tot_sleeping_duration: 247911.638
tot_uptimes: 65
tot_uptimes_duration: 3840.0
