comms_cons: 25.356236800329587
finished_reconf: true
global_termination_time: 255272.924
local_termination_time: 122959.07047999995
node_cons: 5234.900501121433
tot_aggregated_send: 3538
tot_msg_rcv: 92
tot_msg_sent: 224
tot_reconf_duration: 9.42
tot_sleeping_duration: 251372.91791999893
tot_uptimes: 66
tot_uptimes_duration: 3900.0060800010688
