comms_cons: 25.172019200246563
finished_reconf: true
global_termination_time: 254993.97
local_termination_time: 178487.8832000002
node_cons: 5228.061620000023
tot_aggregated_send: 3654
tot_msg_rcv: 60
tot_msg_sent: 112
tot_reconf_duration: 4.390000000000001
tot_sleeping_duration: 251093.97
tot_uptimes: 66
tot_uptimes_duration: 3900.0
