comms_cons: 25.218073600039872
finished_reconf: true
global_termination_time: 251566.147
local_termination_time: 18482.255480000003
node_cons: 5145.901900000008
tot_aggregated_send: 3538
tot_msg_rcv: 123
tot_msg_sent: 172
tot_reconf_duration: 3.05
tot_sleeping_duration: 247726.147
tot_uptimes: 65
tot_uptimes_duration: 3840.0
