comms_cons: 24.540416000108944
finished_reconf: true
global_termination_time: 251860.671
local_termination_time: 170962.56644000066
node_cons: 5157.118980000001
tot_aggregated_send: 3654
tot_msg_rcv: 28
tot_msg_sent: 48
tot_reconf_duration: 11.31
tot_sleeping_duration: 248020.671
tot_uptimes: 65
tot_uptimes_duration: 3840.0
