comms_cons: 66.13411839978136
finished_reconf: true
global_termination_time: 668488.91
local_termination_time: 5791.021
node_cons: 13767.589581121449
tot_aggregated_send: 9043
tot_msg_rcv: 387
tot_msg_sent: 622
tot_reconf_duration: 21.68
tot_sleeping_duration: 658228.9039199989
tot_uptimes: 172
tot_uptimes_duration: 10260.006080001069
