comms_cons: 65.3978751998482
finished_reconf: true
global_termination_time: 669833.295
local_termination_time: 6543.898
node_cons: 13754.06390112145
tot_aggregated_send: 9442
tot_msg_rcv: 193
tot_msg_sent: 306
tot_reconf_duration: 11.719999999999999
tot_sleeping_duration: 659573.2889199989
tot_uptimes: 172
tot_uptimes_duration: 10260.006080001069
