comms_cons: 65.06170879823746
finished_reconf: true
global_termination_time: 674843.716
local_termination_time: 4091.3690000000006
node_cons: 13832.815041121448
tot_aggregated_send: 9327
tot_msg_rcv: 225
tot_msg_sent: 337
tot_reconf_duration: 10.55
tot_sleeping_duration: 664523.709919999
tot_uptimes: 173
tot_uptimes_duration: 10320.006080001069
