comms_cons: 457.453030502576
finished_reconf: true
global_termination_time: 4521617.457
local_termination_time: 405511.6366400004
node_cons: 92957.62776893338
tot_aggregated_send: 62814
tot_msg_rcv: 2412
tot_msg_sent: 4306
tot_reconf_duration: 3.08
tot_sleeping_duration: 4452197.408360018
tot_uptimes: 1158
tot_uptimes_duration: 69420.04863998201
