comms_cons: 456.2392576995222
finished_reconf: true
global_termination_time: 4522162.808
local_termination_time: 1587294.3146
node_cons: 93059.13902334882
tot_aggregated_send: 63104
tot_msg_rcv: 2191
tot_msg_sent: 4050
tot_reconf_duration: 18.700000000000003
tot_sleeping_duration: 4452682.7897600075
tot_uptimes: 1159
tot_uptimes_duration: 69480.01823999337
