comms_cons: 457.66773129419266
finished_reconf: true
global_termination_time: 4521664.374
local_termination_time: 232429.51848000006
node_cons: 92974.30127229304
tot_aggregated_send: 62408
tot_msg_rcv: 2459
tot_msg_sent: 4695
tot_reconf_duration: 15.34
tot_sleeping_duration: 4452244.307120019
tot_uptimes: 1158
tot_uptimes_duration: 69420.06687998178
