comms_cons: 61.160243206446104
finished_reconf: true
global_termination_time: 326007.46732000075
local_termination_time: 146625.51236000005
node_cons: 6713.401494480966
tot_aggregated_send: 0
tot_msg_rcv: 4780
tot_msg_sent: 4515
tot_reconf_duration: 18.21
tot_sleeping_duration: 321012.193
tot_uptimes: 84
tot_uptimes_duration: 4995.274320000724
