comms_cons: 33.402598400678755
finished_reconf: true
global_termination_time: 327492.291
local_termination_time: 151358.3112000006
node_cons: 6678.839559999977
tot_aggregated_send: 4234
tot_msg_rcv: 270
tot_msg_sent: 573
tot_reconf_duration: 7.819999999999999
tot_sleeping_duration: 322512.291
tot_uptimes: 84
tot_uptimes_duration: 4980.0
