comms_cons: 31.540684799972308
finished_reconf: true
global_termination_time: 327303.007
local_termination_time: 301641.20636000007
node_cons: 6683.578980000004
tot_aggregated_send: 4698
tot_msg_rcv: 31
tot_msg_sent: 65
tot_reconf_duration: 11.31
tot_sleeping_duration: 322323.007
tot_uptimes: 84
tot_uptimes_duration: 4980.0
