comms_cons: 219.85775359126103
finished_reconf: true
global_termination_time: 2263467.39
local_termination_time: 1342762.6186799984
node_cons: 46524.266504466694
tot_aggregated_send: 30914
tot_msg_rcv: 811
tot_msg_sent: 1693
tot_reconf_duration: 5.43
tot_sleeping_duration: 2228727.3656800096
tot_uptimes: 580
tot_uptimes_duration: 34740.02431999054
