comms_cons: 162.42567679210902
finished_reconf: true
global_termination_time: 1648838.997
local_termination_time: 53777.274
node_cons: 33958.226617192224
tot_aggregated_send: 23082
tot_msg_rcv: 577
tot_msg_sent: 1028
tot_reconf_duration: 22.65
tot_sleeping_duration: 1623501.0822000057
tot_uptimes: 423
tot_uptimes_duration: 25337.9147999942
