comms_cons: 158.94689279665226
finished_reconf: true
global_termination_time: 1649918.857
local_termination_time: 1145732.4220799995
node_cons: 33909.4497611213
tot_aggregated_send: 22736
tot_msg_rcv: 492
tot_msg_sent: 931
tot_reconf_duration: 4.390000000000001
tot_sleeping_duration: 1624598.850919999
tot_uptimes: 423
tot_uptimes_duration: 25320.00608000107
