comms_cons: 261.73299201737035
finished_reconf: true
global_termination_time: 2811185.946
local_termination_time: 938.59412
node_cons: 57848.56980111611
tot_aggregated_send: 39150
tot_msg_rcv: 179
tot_msg_sent: 452
tot_reconf_duration: 2.77
tot_sleeping_duration: 2767985.939920002
tot_uptimes: 720
tot_uptimes_duration: 43200.00607999787
