comms_cons: 266.4785920214824
finished_reconf: true
global_termination_time: 2809336.959
local_termination_time: 986.0242399999998
node_cons: 57855.06104111611
tot_aggregated_send: 39440
tot_msg_rcv: 363
tot_msg_sent: 701
tot_reconf_duration: 7.55
tot_sleeping_duration: 2766136.952920002
tot_uptimes: 720
tot_uptimes_duration: 43200.00607999787
