comms_cons: 272.3305088207295
finished_reconf: true
global_termination_time: 2810650.296
local_termination_time: 4605.2390000000005
node_cons: 57854.07510558408
tot_aggregated_send: 39490
tot_msg_rcv: 652
tot_msg_sent: 1250
tot_reconf_duration: 6.8
tot_sleeping_duration: 2767450.265600011
tot_uptimes: 720
tot_uptimes_duration: 43200.03039998887
