comms_cons: 40.3377024012562
finished_reconf: true
global_termination_time: 185775.64724000046
local_termination_time: 185775.60612000045
node_cons: 3856.0702558426574
tot_aggregated_send: 0
tot_msg_rcv: 3353
tot_msg_sent: 2775
tot_reconf_duration: 24.59
tot_sleeping_duration: 182920.77267999848
tot_uptimes: 48
tot_uptimes_duration: 2854.874560001974
