comms_cons: 18.283596800029894
finished_reconf: true
global_termination_time: 186307.586
local_termination_time: 22952.660720000003
node_cons: 3784.5082400000106
tot_aggregated_send: 2668
tot_msg_rcv: 58
tot_msg_sent: 53
tot_reconf_duration: 6.279999999999999
tot_sleeping_duration: 183487.586
tot_uptimes: 48
tot_uptimes_duration: 2820.0000000000036
