comms_cons: 18.619135999935853
finished_reconf: true
global_termination_time: 186398.568
local_termination_time: 18482.54436
node_cons: 3781.9416200000014
tot_aggregated_send: 2610
tot_msg_rcv: 108
tot_msg_sent: 112
tot_reconf_duration: 4.390000000000001
tot_sleeping_duration: 183578.568
tot_uptimes: 48
tot_uptimes_duration: 2820.0
