comms_cons: 54.088230401346614
finished_reconf: true
global_termination_time: 185776.16500000053
local_termination_time: 1633.5450400000013
node_cons: 7572.649237000764
tot_aggregated_send: 0
tot_msg_rcv: 2773
tot_msg_sent: 5447
tot_reconf_duration: 6.22
tot_sleeping_duration: 180127.02199999997
tot_uptimes: 94
tot_uptimes_duration: 5649.143000000564
