comms_cons: 164.92863998342477
finished_reconf: true
global_termination_time: 1646854.172
local_termination_time: 204520.74436000004
node_cons: 33847.90988558876
tot_aggregated_send: 22214
tot_msg_rcv: 924
tot_msg_sent: 1930
tot_reconf_duration: 18.21
tot_sleeping_duration: 1621594.1416000084
tot_uptimes: 422
tot_uptimes_duration: 25260.030399991607
