comms_cons: 160.3028351973338
finished_reconf: true
global_termination_time: 1651345.607
local_termination_time: 1175808.1571199978
node_cons: 33930.44756479391
tot_aggregated_send: 23490
tot_msg_rcv: 281
tot_msg_sent: 594
tot_reconf_duration: 13.17
tot_sleeping_duration: 1626018.8238000046
tot_uptimes: 423
tot_uptimes_duration: 25326.783199995523
