comms_cons: 162.8113919881522
finished_reconf: true
global_termination_time: 1648006.222
local_termination_time: 1066660.8366399992
node_cons: 33911.96746559332
tot_aggregated_send: 21460
tot_msg_rcv: 1074
tot_msg_sent: 2215
tot_reconf_duration: 6.22
tot_sleeping_duration: 1622686.191600005
tot_uptimes: 423
tot_uptimes_duration: 25320.03039999504
