comms_cons: 325.23485414977387
finished_reconf: true
global_termination_time: 1646099.2464399985
local_termination_time: 3543.6476
node_cons: 33904.106659274985
tot_aggregated_send: 0
tot_msg_rcv: 24979
tot_msg_sent: 24453
tot_reconf_duration: 11.31
tot_sleeping_duration: 1620790.2489200023
tot_uptimes: 422
tot_uptimes_duration: 25308.99751999625
