comms_cons: 0.7302912000016284
finished_reconf: true
global_termination_time: 7171.608
local_termination_time: 1225.9183600000001
node_cons: 91.32621999999989
tot_aggregated_send: 0
tot_msg_rcv: 59
tot_msg_sent: 51
tot_reconf_duration: 8.09
tot_sleeping_duration: 7111.608
tot_uptimes: 2
tot_uptimes_duration: 60.0
