comms_cons: 32.37624320015864
finished_reconf: true
global_termination_time: 321979.993
local_termination_time: 58107.59048000001
node_cons: 6594.411980000004
tot_aggregated_send: 4466
tot_msg_rcv: 169
tot_msg_sent: 286
tot_reconf_duration: 4.8100000000000005
tot_sleeping_duration: 317059.993
tot_uptimes: 83
tot_uptimes_duration: 4920.0
