comms_cons: 138.99938559634066
finished_reconf: true
global_termination_time: 1407597.703
local_termination_time: 663236.9837599981
node_cons: 28977.851684637604
tot_aggregated_send: 20300
tot_msg_rcv: 256
tot_msg_sent: 572
tot_reconf_duration: 25.299999999999997
tot_sleeping_duration: 1385981.9492400018
tot_uptimes: 361
tot_uptimes_duration: 21615.75375999813
