comms_cons: 140.87838719033095
finished_reconf: true
global_termination_time: 1409207.81
local_termination_time: 528853.7158799991
node_cons: 28939.55154000005
tot_aggregated_send: 19894
tot_msg_rcv: 544
tot_msg_sent: 975
tot_reconf_duration: 12.629999999999999
tot_sleeping_duration: 1387607.81
tot_uptimes: 361
tot_uptimes_duration: 21600.0
