comms_cons: 146.3430271807048
finished_reconf: true
global_termination_time: 1406621.441
local_termination_time: 418367.47936000006
node_cons: 28929.8146455842
tot_aggregated_send: 18270
tot_msg_rcv: 1359
tot_msg_sent: 2616
tot_reconf_duration: 5.43
tot_sleeping_duration: 1385021.410600012
tot_uptimes: 361
tot_uptimes_duration: 21600.030399988173
