comms_cons: 75.85651839897734
finished_reconf: true
global_termination_time: 764024.479
local_termination_time: 604536.502999999
node_cons: 15672.261620000041
tot_aggregated_send: 10382
tot_msg_rcv: 356
tot_msg_sent: 791
tot_reconf_duration: 4.390000000000001
tot_sleeping_duration: 752324.479
tot_uptimes: 196
tot_uptimes_duration: 11700.0
