comms_cons: 78.04904959621236
finished_reconf: true
global_termination_time: 762808.728
local_termination_time: 387817.9268400006
node_cons: 15676.927701116865
tot_aggregated_send: 10440
tot_msg_rcv: 557
tot_msg_sent: 866
tot_reconf_duration: 7.819999999999999
tot_sleeping_duration: 751108.7219200024
tot_uptimes: 196
tot_uptimes_duration: 11700.006079997635
