comms_cons: 58.649958399723204
finished_reconf: true
global_termination_time: 577416.639
local_termination_time: 64008.820999999996
node_cons: 11840.78369040305
tot_aggregated_send: 7770
tot_msg_rcv: 407
tot_msg_sent: 738
tot_reconf_duration: 22.65
tot_sleeping_duration: 568596.6053999977
tot_uptimes: 148
tot_uptimes_duration: 8820.033600002273
