comms_cons: 58.87628800061696
finished_reconf: true
global_termination_time: 573691.735
local_termination_time: 9194.13148
node_cons: 11738.111183364308
tot_aggregated_send: 7250
tot_msg_rcv: 479
tot_msg_sent: 1221
tot_reconf_duration: 6.22
tot_sleeping_duration: 564931.7167599967
tot_uptimes: 147
tot_uptimes_duration: 8760.018240003206
