comms_cons: 149.07711997854457
finished_reconf: true
global_termination_time: 1440544.688
local_termination_time: 113960.79235999996
node_cons: 29569.318887827052
tot_aggregated_send: 18850
tot_msg_rcv: 1307
tot_msg_sent: 2502
tot_reconf_duration: 3.05
tot_sleeping_duration: 1418464.64544001
tot_uptimes: 369
tot_uptimes_duration: 22080.04255999031
