comms_cons: 140.16985599847308
finished_reconf: true
global_termination_time: 1440410.072
local_termination_time: 1161038.6323199987
node_cons: 29580.478980000124
tot_aggregated_send: 20590
tot_msg_rcv: 211
tot_msg_sent: 504
tot_reconf_duration: 11.31
tot_sleeping_duration: 1418330.072
tot_uptimes: 369
tot_uptimes_duration: 22080.0
