comms_cons: 65.91008000713639
finished_reconf: true
global_termination_time: 334889.828
local_termination_time: 1870.3894800000005
node_cons: 6859.658700000008
tot_aggregated_send: 0
tot_msg_rcv: 5105
tot_msg_sent: 4912
tot_reconf_duration: 22.65
tot_sleeping_duration: 329789.828
tot_uptimes: 86
tot_uptimes_duration: 5100.0
