comms_cons: 427.6999616603289
finished_reconf: true
global_termination_time: 4251744.761
local_termination_time: 30563.88692
node_cons: 87444.37509340583
tot_aggregated_send: 59392
tot_msg_rcv: 1913
tot_msg_sent: 3701
tot_reconf_duration: 25.299999999999997
tot_sleeping_duration: 4186464.6880400237
tot_uptimes: 1089
tot_uptimes_duration: 65280.07295997621
