comms_cons: 429.9497472703989
finished_reconf: true
global_termination_time: 4250353.516
local_termination_time: 1368612.415
node_cons: 87449.01449814359
tot_aggregated_send: 58868
tot_msg_rcv: 2246
tot_msg_sent: 4235
tot_reconf_duration: 18.700000000000003
tot_sleeping_duration: 4185063.284560011
tot_uptimes: 1089
tot_uptimes_duration: 65290.23143998929
