comms_cons: 429.0226624680259
finished_reconf: true
global_termination_time: 4250043.616
local_termination_time: 1641356.94936
node_cons: 87420.59654781687
tot_aggregated_send: 59276
tot_msg_rcv: 2101
tot_msg_sent: 3831
tot_reconf_duration: 7.819999999999999
tot_sleeping_duration: 4184763.573440016
tot_uptimes: 1089
tot_uptimes_duration: 65280.04255998437
