comms_cons: 33.22607360042759
finished_reconf: true
global_termination_time: 330034.68012000027
local_termination_time: 270508.35336000007
node_cons: 6814.560323044668
tot_aggregated_send: 4350
tot_msg_rcv: 249
tot_msg_sent: 451
tot_reconf_duration: 22.65
tot_sleeping_duration: 324968.3607599968
tot_uptimes: 85
tot_uptimes_duration: 5066.319360003457
