comms_cons: 32.77757440049075
finished_reconf: true
global_termination_time: 330366.942
local_termination_time: 167262.00436000005
node_cons: 6756.1240600000165
tot_aggregated_send: 4582
tot_msg_rcv: 115
tot_msg_sent: 285
tot_reconf_duration: 5.57
tot_sleeping_duration: 325326.942
tot_uptimes: 85
tot_uptimes_duration: 5040.0
