comms_cons: 33.2094976005545
finished_reconf: true
global_termination_time: 330034.5383600002
local_termination_time: 10346.132000000001
node_cons: 6776.903540160254
tot_aggregated_send: 4521
tot_msg_rcv: 175
tot_msg_sent: 351
tot_reconf_duration: 4.8100000000000005
tot_sleeping_duration: 324978.24892000004
tot_uptimes: 85
tot_uptimes_duration: 5056.289440000182
