comms_cons: 48.23114240082606
finished_reconf: true
global_termination_time: 473781.441
local_termination_time: 26906.60848
node_cons: 9741.979861121443
tot_aggregated_send: 6264
tot_msg_rcv: 323
tot_msg_sent: 744
tot_reconf_duration: 15.34
tot_sleeping_duration: 466521.4349199989
tot_uptimes: 122
tot_uptimes_duration: 7260.006080001069
