comms_cons: 252.07246718278046
finished_reconf: true
global_termination_time: 2498883.267
local_termination_time: 914483.1698799991
node_cons: 51371.64182334979
tot_aggregated_send: 34800
tot_msg_rcv: 1270
tot_msg_sent: 2243
tot_reconf_duration: 25.299999999999997
tot_sleeping_duration: 2460543.2487600073
tot_uptimes: 640
tot_uptimes_duration: 38340.01823999289
