comms_cons: 1.7698047999941526
finished_reconf: true
global_termination_time: 9921.71348
local_termination_time: 9921.67236
node_cons: 212.42351872000063
tot_aggregated_send: 0
tot_msg_rcv: 159
tot_msg_sent: 109
tot_reconf_duration: 24.59
tot_sleeping_duration: 9788.009
tot_uptimes: 3
tot_uptimes_duration: 133.70448000000033
