comms_cons: 72.18760959768899
finished_reconf: true
global_termination_time: 730547.5824799999
local_termination_time: 730547.5413599999
node_cons: 15075.331659841253
tot_aggregated_send: 10542
tot_msg_rcv: 132
tot_msg_sent: 297
tot_reconf_duration: 24.59
tot_sleeping_duration: 719313.8719199989
tot_uptimes: 188
tot_uptimes_duration: 11233.710560000909
