comms_cons: 72.77911039990744
finished_reconf: true
global_termination_time: 736206.366
local_termination_time: 474821.56736000004
node_cons: 15112.374901121413
tot_aggregated_send: 10498
tot_msg_rcv: 163
tot_msg_sent: 401
tot_reconf_duration: 6.22
tot_sleeping_duration: 724926.3599199989
tot_uptimes: 189
tot_uptimes_duration: 11280.006080001069
