comms_cons: 27.856032000159054
finished_reconf: true
global_termination_time: 279658.4546400005
local_termination_time: 47686.38168000005
node_cons: 5772.004582960655
tot_aggregated_send: 3944
tot_msg_rcv: 110
tot_msg_sent: 179
tot_reconf_duration: 18.21
tot_sleeping_duration: 275366.24
tot_uptimes: 72
tot_uptimes_duration: 4292.214640000486
