comms_cons: 170.74997758639222
finished_reconf: true
global_termination_time: 1675676.798
local_termination_time: 927722.517759999
node_cons: 34481.26305986295
tot_aggregated_send: 22794
tot_msg_rcv: 1072
tot_msg_sent: 2087
tot_reconf_duration: 11.31
tot_sleeping_duration: 1649936.7650800126
tot_uptimes: 430
tot_uptimes_duration: 25740.032919987345
