comms_cons: 24.027238400166723
finished_reconf: true
global_termination_time: 242354.073
local_termination_time: 76010.63147999997
node_cons: 4996.438980000021
tot_aggregated_send: 3422
tot_msg_rcv: 66
tot_msg_sent: 164
tot_reconf_duration: 11.31
tot_sleeping_duration: 238634.073
tot_uptimes: 63
tot_uptimes_duration: 3720.0
