comms_cons: 11.834035200290279
finished_reconf: true
global_termination_time: 62096.13260000003
local_termination_time: 188.72603999999998
node_cons: 1255.0674584000494
tot_aggregated_send: 0
tot_msg_rcv: 938
tot_msg_sent: 858
tot_reconf_duration: 22.65
tot_sleeping_duration: 61181.787
tot_uptimes: 16
tot_uptimes_duration: 914.3456000000369
