comms_cons: 53.91923200144524
finished_reconf: true
global_termination_time: 62095.53260000001
local_termination_time: 62095.49148000001
node_cons: 6350.751675721524
tot_aggregated_send: 0
tot_msg_rcv: 3635
tot_msg_sent: 4560
tot_reconf_duration: 24.59
tot_sleeping_duration: 57377.56511999888
tot_uptimes: 78
tot_uptimes_duration: 4717.967480001134
