comms_cons: 12.420556800343043
finished_reconf: true
global_termination_time: 63674.177
local_termination_time: 1747.4223600000003
node_cons: 1293.88676
tot_aggregated_send: 0
tot_msg_rcv: 961
tot_msg_sent: 925
tot_reconf_duration: 6.22
tot_sleeping_duration: 62714.177
tot_uptimes: 17
tot_uptimes_duration: 960.0
