comms_cons: 0.6052864000000958
finished_reconf: true
global_termination_time: 5043.034
local_termination_time: 212.12403999999998
node_cons: 101.17172000000001
tot_aggregated_send: 0
tot_msg_rcv: 47
tot_msg_sent: 45
tot_reconf_duration: 15.34
tot_sleeping_duration: 4983.034
tot_uptimes: 2
tot_uptimes_duration: 60.0
