comms_cons: 24.37593600060904
finished_reconf: true
global_termination_time: 235783.563
local_termination_time: 48781.734480000014
node_cons: 4826.931980000001
tot_aggregated_send: 3190
tot_msg_rcv: 229
tot_msg_sent: 286
tot_reconf_duration: 4.8100000000000005
tot_sleeping_duration: 232183.563
tot_uptimes: 61
tot_uptimes_duration: 3600.0
