comms_cons: 191.1066495913373
finished_reconf: true
global_termination_time: 1904337.381
local_termination_time: 924964.3097199977
node_cons: 39171.817162076666
tot_aggregated_send: 26796
tot_msg_rcv: 802
tot_msg_sent: 1450
tot_reconf_duration: 18.21
tot_sleeping_duration: 1875101.3182800023
tot_uptimes: 488
tot_uptimes_duration: 29236.062719997717
