comms_cons: 191.15457278568144
finished_reconf: true
global_termination_time: 1903049.842
local_termination_time: 942626.5109599998
node_cons: 39159.94554111667
tot_aggregated_send: 26332
tot_msg_rcv: 827
tot_msg_sent: 1894
tot_reconf_duration: 25.299999999999997
tot_sleeping_duration: 1873829.8359200023
tot_uptimes: 488
tot_uptimes_duration: 29220.006079997635
