comms_cons: 2.4916799999945347
finished_reconf: true
global_termination_time: 17522.428
local_termination_time: 5343.31836
node_cons: 327.89198000000056
tot_aggregated_send: 0
tot_msg_rcv: 206
tot_msg_sent: 172
tot_reconf_duration: 4.8100000000000005
tot_sleeping_duration: 17282.428
tot_uptimes: 5
tot_uptimes_duration: 240.0
