comms_cons: 2.473779199994428
finished_reconf: true
global_termination_time: 19100.572
local_termination_time: 4039.1643600000007
node_cons: 329.80676000000034
tot_aggregated_send: 0
tot_msg_rcv: 205
tot_msg_sent: 171
tot_reconf_duration: 6.22
tot_sleeping_duration: 18860.572
tot_uptimes: 5
tot_uptimes_duration: 240.0
