comms_cons: 1279.0747011179074
finished_reconf: true
global_termination_time: 3762209.485
local_termination_time: 2412187.7136000004
node_cons: 227823.63133929804
tot_aggregated_send: 0
tot_msg_rcv: 78712
tot_msg_sent: 115701
tot_reconf_duration: 5.57
tot_sleeping_duration: 3592070.5251200106
tot_uptimes: 2783
tot_uptimes_duration: 170138.95987998915
