comms_cons: 377.48577284462436
finished_reconf: true
global_termination_time: 3763503.726
local_termination_time: 1092958.11836
node_cons: 77379.85650893419
tot_aggregated_send: 52316
tot_msg_rcv: 1748
tot_msg_sent: 3311
tot_reconf_duration: 9.11
tot_sleeping_duration: 3705723.677360018
tot_uptimes: 964
tot_uptimes_duration: 57780.04863998201
