comms_cons: 367.8421248110178
finished_reconf: true
global_termination_time: 3767659.352
local_termination_time: 1080145.2731599982
node_cons: 77458.43654781762
tot_aggregated_send: 52548
tot_msg_rcv: 1152
tot_msg_sent: 2209
tot_reconf_duration: 7.819999999999999
tot_sleeping_duration: 3709819.3094400153
tot_uptimes: 965
tot_uptimes_duration: 57840.042559984606
