comms_cons: 80.72145279898751
finished_reconf: true
global_termination_time: 822878.931
local_termination_time: 504882.6942000006
node_cons: 16883.80394448113
tot_aggregated_send: 10846
tot_msg_rcv: 493
tot_msg_sent: 930
tot_reconf_duration: 9.11
tot_sleeping_duration: 810278.9066799992
tot_uptimes: 211
tot_uptimes_duration: 12600.02432000084
