comms_cons: 82.07018879678037
finished_reconf: true
global_termination_time: 822913.892
local_termination_time: 242706.61299999998
node_cons: 16884.20050112143
tot_aggregated_send: 11482
tot_msg_rcv: 299
tot_msg_sent: 694
tot_reconf_duration: 9.42
tot_sleeping_duration: 810313.885919999
tot_uptimes: 211
tot_uptimes_duration: 12600.006080001069
