comms_cons: 84.72756479418453
finished_reconf: true
global_termination_time: 822820.587
local_termination_time: 371120.26964000036
node_cons: 16877.956403355118
tot_aggregated_send: 10904
tot_msg_rcv: 698
tot_msg_sent: 1277
tot_reconf_duration: 4.8100000000000005
tot_sleeping_duration: 810220.5687600037
tot_uptimes: 211
tot_uptimes_duration: 12600.018239996338
