comms_cons: 82.97154559617108
finished_reconf: true
global_termination_time: 820654.095
local_termination_time: 345234.859
node_cons: 16878.80650447654
tot_aggregated_send: 10610
tot_msg_rcv: 716
tot_msg_sent: 1286
tot_reconf_duration: 5.43
tot_sleeping_duration: 808054.0706800026
tot_uptimes: 211
tot_uptimes_duration: 12600.024319997407
