comms_cons: 302.118617588238
finished_reconf: true
global_termination_time: 3119295.063
local_termination_time: 1650978.0663599998
node_cons: 64119.77490111548
tot_aggregated_send: 43616
tot_msg_rcv: 780
tot_msg_sent: 1524
tot_reconf_duration: 6.22
tot_sleeping_duration: 3071415.0569200027
tot_uptimes: 799
tot_uptimes_duration: 47880.006079997635
