comms_cons: 86.96386559907259
finished_reconf: true
global_termination_time: 880778.757
local_termination_time: 429832.22680000076
node_cons: 18084.064060000037
tot_aggregated_send: 12702
tot_msg_rcv: 173
tot_msg_sent: 343
tot_reconf_duration: 5.57
tot_sleeping_duration: 867278.757
tot_uptimes: 226
tot_uptimes_duration: 13500.0
