comms_cons: 89.75905279719953
finished_reconf: true
global_termination_time: 881795.751
local_termination_time: 33095.491600000016
node_cons: 18083.07268560258
tot_aggregated_send: 11832
tot_msg_rcv: 587
tot_msg_sent: 1224
tot_reconf_duration: 4.8100000000000005
tot_sleeping_duration: 868295.7205999981
tot_uptimes: 226
tot_uptimes_duration: 13500.03040000191
