comms_cons: 90.09290239169536
finished_reconf: true
global_termination_time: 881311.315
local_termination_time: 102323.01259999994
node_cons: 18082.505003596703
tot_aggregated_send: 11774
tot_msg_rcv: 637
tot_msg_sent: 1282
tot_reconf_duration: 4.390000000000001
tot_sleeping_duration: 867811.2826000024
tot_uptimes: 226
tot_uptimes_duration: 13500.032399997523
