comms_cons: 88.84511999821646
finished_reconf: true
global_termination_time: 880053.8281200001
local_termination_time: 58849.17060000002
node_cons: 18108.837283039855
tot_aggregated_send: 11890
tot_msg_rcv: 577
tot_msg_sent: 1037
tot_reconf_duration: 7.819999999999999
tot_sleeping_duration: 866537.6087600002
tot_uptimes: 226
tot_uptimes_duration: 13516.219359999872
