comms_cons: 82.23404799784069
finished_reconf: true
global_termination_time: 821625.336
local_termination_time: 235083.20860000007
node_cons: 16976.477321121445
tot_aggregated_send: 11658
tot_msg_rcv: 274
tot_msg_sent: 568
tot_reconf_duration: 18.21
tot_sleeping_duration: 808965.329919999
tot_uptimes: 211
tot_uptimes_duration: 12660.006080001069
