comms_cons: 712.5461565577915
finished_reconf: true
global_termination_time: 821565.6175999998
local_termination_time: 821565.5764799998
node_cons: 82301.7629500967
tot_aggregated_send: 0
tot_msg_rcv: 48926
tot_msg_sent: 59374
tot_reconf_duration: 37.410000000000004
tot_sleeping_duration: 760138.4628799859
tot_uptimes: 997
tot_uptimes_duration: 61427.15472001384
