comms_cons: 166.75376634336507
finished_reconf: true
global_termination_time: 824030.07
local_termination_time: 840.5724799999991
node_cons: 16962.783207831566
tot_aggregated_send: 0
tot_msg_rcv: 13095
tot_msg_sent: 12249
tot_reconf_duration: 8.09
tot_sleeping_duration: 811370.0274400063
tot_uptimes: 212
tot_uptimes_duration: 12660.042559993686
