comms_cons: 82.87160319622122
finished_reconf: true
global_termination_time: 825284.022
local_termination_time: 140880.86936000007
node_cons: 16972.275662238306
tot_aggregated_send: 11368
tot_msg_rcv: 368
tot_msg_sent: 860
tot_reconf_duration: 15.110000000000001
tot_sleeping_duration: 812624.0098400014
tot_uptimes: 212
tot_uptimes_duration: 12660.012159998703
