comms_cons: 81.55576319853441
finished_reconf: true
global_termination_time: 822631.761
local_termination_time: 107122.28187999946
node_cons: 16894.10442656215
tot_aggregated_send: 11368
tot_msg_rcv: 336
tot_msg_sent: 692
tot_reconf_duration: 12.629999999999999
tot_sleeping_duration: 810027.6139599985
tot_uptimes: 211
tot_uptimes_duration: 12604.147040001597
