comms_cons: 85.23353599353774
finished_reconf: true
global_termination_time: 823641.77
local_termination_time: 338162.8484800005
node_cons: 16877.41046671475
tot_aggregated_send: 10788
tot_msg_rcv: 771
tot_msg_sent: 1396
tot_reconf_duration: 4.390000000000001
tot_sleeping_duration: 811041.7335200039
tot_uptimes: 211
tot_uptimes_duration: 12600.03647999611
