comms_cons: 224.75205118860515
finished_reconf: true
global_termination_time: 2269816.241
local_termination_time: 328541.27236000006
node_cons: 46688.159559999454
tot_aggregated_send: 32248
tot_msg_rcv: 761
tot_msg_sent: 1152
tot_reconf_duration: 7.819999999999999
tot_sleeping_duration: 2234956.241
tot_uptimes: 582
tot_uptimes_duration: 34860.0
