comms_cons: 179.54636799516786
finished_reconf: true
global_termination_time: 1841859.029
local_termination_time: 714272.5577199998
node_cons: 37850.75955999992
tot_aggregated_send: 26100
tot_msg_rcv: 325
tot_msg_sent: 865
tot_reconf_duration: 7.819999999999999
tot_sleeping_duration: 1813599.029
tot_uptimes: 472
tot_uptimes_duration: 28260.0
