comms_cons: 65.07486720015925
finished_reconf: true
global_termination_time: 639138.714
local_termination_time: 114692.04759999996
node_cons: 13102.378364485749
tot_aggregated_send: 8584
tot_msg_rcv: 434
tot_msg_sent: 873
tot_reconf_duration: 5.1
tot_sleeping_duration: 629358.6896799958
tot_uptimes: 164
tot_uptimes_duration: 9780.024320004275
