comms_cons: 127.10860158913985
finished_reconf: true
global_termination_time: 635589.017
local_termination_time: 2336.81536
node_cons: 13021.090466721724
tot_aggregated_send: 0
tot_msg_rcv: 9913
tot_msg_sent: 9404
tot_reconf_duration: 4.390000000000001
tot_sleeping_duration: 625868.9805199987
tot_uptimes: 163
tot_uptimes_duration: 9720.036480001276
