comms_cons: 63.54379519896624
finished_reconf: true
global_termination_time: 638411.104
local_termination_time: 265230.1948400001
node_cons: 13106.080265602583
tot_aggregated_send: 8236
tot_msg_rcv: 490
tot_msg_sent: 934
tot_reconf_duration: 7.819999999999999
tot_sleeping_duration: 628631.0735999981
tot_uptimes: 164
tot_uptimes_duration: 9780.03040000191
