comms_cons: 212.71279357780554
finished_reconf: true
global_termination_time: 2126974.176
local_termination_time: 591214.0763599998
node_cons: 43712.55662446684
tot_aggregated_send: 28246
tot_msg_rcv: 1452
tot_msg_sent: 2631
tot_reconf_duration: 5.57
tot_sleeping_duration: 2094334.1516800094
tot_uptimes: 545
tot_uptimes_duration: 32640.024319990538
