comms_cons: 210.61315199204859
finished_reconf: true
global_termination_time: 2127863.008
local_termination_time: 440291.6044800001
node_cons: 43715.94621999961
tot_aggregated_send: 30450
tot_msg_rcv: 466
tot_msg_sent: 1095
tot_reconf_duration: 8.09
tot_sleeping_duration: 2095223.008
tot_uptimes: 545
tot_uptimes_duration: 32640.0
