comms_cons: 218.2385919745384
finished_reconf: true
global_termination_time: 2127183.151
local_termination_time: 473963.10836
node_cons: 43713.4963122847
tot_aggregated_send: 28652
tot_msg_rcv: 1721
tot_msg_sent: 2798
tot_reconf_duration: 6.22
tot_sleeping_duration: 2094543.084120026
tot_uptimes: 545
tot_uptimes_duration: 32640.06687997398
