comms_cons: 214.00579837916177
finished_reconf: true
global_termination_time: 2126514.859239997
local_termination_time: 61638.95148000001
node_cons: 43740.796360523906
tot_aggregated_send: 29000
tot_msg_rcv: 1079
tot_msg_sent: 2447
tot_reconf_duration: 11.31
tot_sleeping_duration: 2093859.5662000235
tot_uptimes: 545
tot_uptimes_duration: 32655.29303997336
