comms_cons: 458.55450865130996
finished_reconf: true
global_termination_time: 2467039.6
local_termination_time: 357086.0773600001
node_cons: 50698.698182233
tot_aggregated_send: 0
tot_msg_rcv: 35047
tot_msg_sent: 34651
tot_reconf_duration: 3.05
tot_sleeping_duration: 2429179.587840005
tot_uptimes: 632
tot_uptimes_duration: 37860.01215999527
