comms_cons: 117.94531839812429
finished_reconf: true
global_termination_time: 1204460.112
local_termination_time: 847748.556879998
node_cons: 24782.457404317316
tot_aggregated_send: 16472
tot_msg_rcv: 531
tot_msg_sent: 924
tot_reconf_duration: 18.21
tot_sleeping_duration: 1185970.397120002
tot_uptimes: 309
tot_uptimes_duration: 18489.714879998006
