comms_cons: 119.46481279135475
finished_reconf: true
global_termination_time: 1201416.368
local_termination_time: 319125.00848
node_cons: 24670.35790223824
tot_aggregated_send: 16472
tot_msg_rcv: 563
tot_msg_sent: 1122
tot_reconf_duration: 4.390000000000001
tot_sleeping_duration: 1182996.3558400013
tot_uptimes: 308
tot_uptimes_duration: 18420.012159998703
