comms_cons: 118.40586239147443
finished_reconf: true
global_termination_time: 1201218.289
local_termination_time: 161320.18036000003
node_cons: 24675.023983350504
tot_aggregated_send: 16008
tot_msg_rcv: 684
tot_msg_sent: 1305
tot_reconf_duration: 7.819999999999999
tot_sleeping_duration: 1182798.2707600072
tot_uptimes: 308
tot_uptimes_duration: 18420.018239992904
