comms_cons: 123.49655038869565
finished_reconf: true
global_termination_time: 1204355.543
local_termination_time: 150780.66384000014
node_cons: 24753.240030065324
tot_aggregated_send: 15544
tot_msg_rcv: 1068
tot_msg_sent: 2158
tot_reconf_duration: 6.22
tot_sleeping_duration: 1185875.488280011
tot_uptimes: 309
tot_uptimes_duration: 18480.054719989013
