comms_cons: 2.171763199992115
finished_reconf: true
global_termination_time: 14990.16848
local_termination_time: 14990.12736
node_cons: 310.1730787200009
tot_aggregated_send: 0
tot_msg_rcv: 173
tot_msg_sent: 157
tot_reconf_duration: 37.410000000000004
tot_sleeping_duration: 14796.464
tot_uptimes: 4
tot_uptimes_duration: 193.70448000000033
