comms_cons: 41.171660800202766
finished_reconf: true
global_termination_time: 403657.864
local_termination_time: 317124.0543600001
node_cons: 8279.161900000074
tot_aggregated_send: 5510
tot_msg_rcv: 284
tot_msg_sent: 463
tot_reconf_duration: 3.05
tot_sleeping_duration: 397477.864
tot_uptimes: 104
tot_uptimes_duration: 6180.0
