comms_cons: 39.981798400181525
finished_reconf: true
global_termination_time: 401828.08848000015
local_termination_time: 401802.6304800005
node_cons: 8263.496519720236
tot_aggregated_send: 5684
tot_msg_rcv: 153
tot_msg_sent: 240
tot_reconf_duration: 11.31
tot_sleeping_duration: 395668.165
tot_uptimes: 103
tot_uptimes_duration: 6159.923480000172
