comms_cons: 77.61544959887016
finished_reconf: true
global_termination_time: 786263.207
local_termination_time: 647011.727
node_cons: 16164.988062076916
tot_aggregated_send: 10837
tot_msg_rcv: 300
tot_msg_sent: 661
tot_reconf_duration: 11.31
tot_sleeping_duration: 774202.2442800023
tot_uptimes: 202
tot_uptimes_duration: 12060.96271999774
