comms_cons: 77.18717439991966
finished_reconf: true
global_termination_time: 771989.101
local_termination_time: 160211.32736000005
node_cons: 15844.87300112147
tot_aggregated_send: 10846
tot_msg_rcv: 317
tot_msg_sent: 569
tot_reconf_duration: 13.17
tot_sleeping_duration: 760169.0949199989
tot_uptimes: 198
tot_uptimes_duration: 11820.006080001069
