comms_cons: 69.72601600194753
finished_reconf: true
global_termination_time: 699386.303
local_termination_time: 31715.81648
node_cons: 14405.654308969186
tot_aggregated_send: 8120
tot_msg_rcv: 760
tot_msg_sent: 1719
tot_reconf_duration: 18.21
tot_sleeping_duration: 688646.254359993
tot_uptimes: 180
tot_uptimes_duration: 10740.048640006848
