comms_cons: 278.3849984160553
finished_reconf: true
global_termination_time: 2738801.502
local_termination_time: 1434323.7547999995
node_cons: 56352.74624670072
tot_aggregated_send: 37410
tot_msg_rcv: 1670
tot_msg_sent: 3232
tot_reconf_duration: 25.299999999999997
tot_sleeping_duration: 2696741.4655200136
tot_uptimes: 702
tot_uptimes_duration: 42060.03647998627
