comms_cons: 341.5779328182955
finished_reconf: true
global_termination_time: 3444869.507
local_termination_time: 2439034.7532799984
node_cons: 70890.5882970331
tot_aggregated_send: 49474
tot_msg_rcv: 788
tot_msg_sent: 1655
tot_reconf_duration: 18.21
tot_sleeping_duration: 3391945.041640004
tot_uptimes: 883
tot_uptimes_duration: 52924.46535999607
