comms_cons: 346.79176965110855
finished_reconf: true
global_termination_time: 3445527.113
local_termination_time: 917275.3653599998
node_cons: 70880.77684893429
tot_aggregated_send: 48082
tot_msg_rcv: 1558
tot_msg_sent: 3070
tot_reconf_duration: 15.34
tot_sleeping_duration: 3392607.064360018
tot_uptimes: 883
tot_uptimes_duration: 52920.04863998201
