comms_cons: 341.302579211782
finished_reconf: true
global_termination_time: 3445970.409
local_termination_time: 2056730.997999999
node_cons: 70877.76485999822
tot_aggregated_send: 49706
tot_msg_rcv: 730
tot_msg_sent: 1440
tot_reconf_duration: 13.17
tot_sleeping_duration: 3393050.409
tot_uptimes: 883
tot_uptimes_duration: 52919.99999999994
