comms_cons: 342.7696320178819
finished_reconf: true
global_termination_time: 3444901.06
local_termination_time: 1766236.0787199987
node_cons: 70865.87418446655
tot_aggregated_send: 48430
tot_msg_rcv: 1284
tot_msg_sent: 2384
tot_reconf_duration: 4.390000000000001
tot_sleeping_duration: 3391981.035680009
tot_uptimes: 883
tot_uptimes_duration: 52920.02431999124
