comms_cons: 344.7710720224273
finished_reconf: true
global_termination_time: 3442675.125239997
local_termination_time: 40995.70452000008
node_cons: 70807.10360941636
tot_aggregated_send: 47850
tot_msg_rcv: 1581
tot_msg_sent: 2972
tot_reconf_duration: 6.22
tot_sleeping_duration: 3389800.8482800135
tot_uptimes: 882
tot_uptimes_duration: 52874.276959983516
