comms_cons: 69.01643520027434
finished_reconf: true
global_termination_time: 684558.108
local_termination_time: 190974.55736000006
node_cons: 14066.040121121527
tot_aggregated_send: 9512
tot_msg_rcv: 340
tot_msg_sent: 639
tot_reconf_duration: 4.8100000000000005
tot_sleeping_duration: 674058.1019199989
tot_uptimes: 176
tot_uptimes_duration: 10500.006080001127
