comms_cons: 71.11544319777997
finished_reconf: true
global_termination_time: 684903.303
local_termination_time: 64837.479480000016
node_cons: 14066.93092783396
tot_aggregated_send: 8700
tot_msg_rcv: 770
tot_msg_sent: 1339
tot_reconf_duration: 5.43
tot_sleeping_duration: 674403.2604400045
tot_uptimes: 176
tot_uptimes_duration: 10500.042559995476
