comms_cons: 287.7895679987361
finished_reconf: true
global_termination_time: 2882942.995
local_termination_time: 346269.40099999995
node_cons: 59325.35881118132
tot_aggregated_send: 39705
tot_msg_rcv: 1210
tot_msg_sent: 2827
tot_reconf_duration: 25.299999999999997
tot_sleeping_duration: 2838662.934200013
tot_uptimes: 739
tot_uptimes_duration: 44280.06079998688
