comms_cons: 289.8420864067084
finished_reconf: true
global_termination_time: 2884367.889
local_termination_time: 175264.0564800001
node_cons: 59308.88627118595
tot_aggregated_send: 40078
tot_msg_rcv: 1250
tot_msg_sent: 2726
tot_reconf_duration: 13.17
tot_sleeping_duration: 2840087.8282000097
tot_uptimes: 739
tot_uptimes_duration: 44280.060799990315
