comms_cons: 287.5295551902279
finished_reconf: true
global_termination_time: 2882510.224
local_termination_time: 838332.63836
node_cons: 59297.50082669997
tot_aggregated_send: 39962
tot_msg_rcv: 1206
tot_msg_sent: 2534
tot_reconf_duration: 4.8100000000000005
tot_sleeping_duration: 2838230.187520014
tot_uptimes: 739
tot_uptimes_duration: 44280.03647998581
