comms_cons: 288.7562303831415
finished_reconf: true
global_termination_time: 2888032.153
local_termination_time: 943785.9013599999
node_cons: 59377.262325583084
tot_aggregated_send: 39498
tot_msg_rcv: 1498
tot_msg_sent: 2894
tot_reconf_duration: 4.390000000000001
tot_sleeping_duration: 2843692.1226000115
tot_uptimes: 740
tot_uptimes_duration: 44340.03039998817
