comms_cons: 285.7342975893235
finished_reconf: true
global_termination_time: 2882773.341
local_termination_time: 1542844.2414799999
node_cons: 59301.563983349486
tot_aggregated_send: 39672
tot_msg_rcv: 1275
tot_msg_sent: 2482
tot_reconf_duration: 7.819999999999999
tot_sleeping_duration: 2838493.322760007
tot_uptimes: 739
tot_uptimes_duration: 44280.0182399929
