comms_cons: 0.572390400000068
finished_reconf: true
global_termination_time: 6958.599
local_termination_time: 81.41148000000004
node_cons: 91.32621999999999
tot_aggregated_send: 0
tot_msg_rcv: 35
tot_msg_sent: 52
tot_reconf_duration: 8.09
tot_sleeping_duration: 6898.599
tot_uptimes: 2
tot_uptimes_duration: 59.99999999999999
