comms_cons: 119.40590079587774
finished_reconf: true
global_termination_time: 1213025.229
local_termination_time: 316619.1783600001
node_cons: 24911.940121121468
tot_aggregated_send: 16878
tot_msg_rcv: 402
tot_msg_sent: 869
tot_reconf_duration: 4.8100000000000005
tot_sleeping_duration: 1194425.222919999
tot_uptimes: 311
tot_uptimes_duration: 18600.00608000107
