comms_cons: 123.4210047917585
finished_reconf: true
global_termination_time: 1213601.948
local_termination_time: 274568.54472000006
node_cons: 24916.068406719434
tot_aggregated_send: 15776
tot_msg_rcv: 1065
tot_msg_sent: 1918
tot_reconf_duration: 7.819999999999999
tot_sleeping_duration: 1195001.9115200005
tot_uptimes: 311
tot_uptimes_duration: 18600.036479999544
