comms_cons: 2.6017535999953023
finished_reconf: true
global_termination_time: 17438.399
local_termination_time: 6445.177360000001
node_cons: 329.80676000000034
tot_aggregated_send: 0
tot_msg_rcv: 224
tot_msg_sent: 171
tot_reconf_duration: 6.22
tot_sleeping_duration: 17198.399
tot_uptimes: 5
tot_uptimes_duration: 240.0
