comms_cons: 2.197452799994413
finished_reconf: true
global_termination_time: 13687.78948
local_termination_time: 13687.74836
node_cons: 292.7716598400071
tot_aggregated_send: 0
tot_msg_rcv: 165
tot_msg_sent: 168
tot_reconf_duration: 24.59
tot_sleeping_duration: 13494.078919999994
tot_uptimes: 4
tot_uptimes_duration: 193.710560000005
