comms_cons: 96.5826559942344
finished_reconf: true
global_termination_time: 956083.937
local_termination_time: 4431.058480000001
node_cons: 19627.72174446736
tot_aggregated_send: 13166
tot_msg_rcv: 536
tot_msg_sent: 978
tot_reconf_duration: 18.21
tot_sleeping_duration: 941443.9126800095
tot_uptimes: 245
tot_uptimes_duration: 14640.024319990538
