comms_cons: 96.08620159596674
finished_reconf: true
global_termination_time: 955926.409
local_termination_time: 458190.00536000007
node_cons: 19609.508262233692
tot_aggregated_send: 13224
tot_msg_rcv: 451
tot_msg_sent: 929
tot_reconf_duration: 4.8100000000000005
tot_sleeping_duration: 941286.3968400047
tot_uptimes: 245
tot_uptimes_duration: 14640.012159995269
