comms_cons: 94.0957183996153
finished_reconf: true
global_termination_time: 957053.917
local_termination_time: 422772.7605600002
node_cons: 19689.261619999972
tot_aggregated_send: 14036
tot_msg_rcv: 96
tot_msg_sent: 170
tot_reconf_duration: 4.390000000000001
tot_sleeping_duration: 942353.917
tot_uptimes: 246
tot_uptimes_duration: 14700.0
