comms_cons: 94.20756479755171
finished_reconf: true
global_termination_time: 955700.057
local_termination_time: 71364.04335999995
node_cons: 19607.101900000012
tot_aggregated_send: 13688
tot_msg_rcv: 169
tot_msg_sent: 462
tot_reconf_duration: 3.05
tot_sleeping_duration: 941060.057
tot_uptimes: 245
tot_uptimes_duration: 14640.0
