comms_cons: 117.7217023992135
finished_reconf: true
global_termination_time: 596079.443
local_termination_time: 3130.84936
node_cons: 12236.417321116849
tot_aggregated_send: 0
tot_msg_rcv: 9081
tot_msg_sent: 8811
tot_reconf_duration: 18.21
tot_sleeping_duration: 586959.4369200023
tot_uptimes: 153
tot_uptimes_duration: 9120.006079997635
