comms_cons: 62.35847039890074
finished_reconf: true
global_termination_time: 600785.998
local_termination_time: 26783.968
node_cons: 12299.03669799798
tot_aggregated_send: 7653
tot_msg_rcv: 599
tot_msg_sent: 1226
tot_reconf_duration: 4.8100000000000005
tot_sleeping_duration: 591605.6360000016
tot_uptimes: 154
tot_uptimes_duration: 9180.36199999848
