comms_cons: 235.81808639071826
finished_reconf: true
global_termination_time: 2404183.747
local_termination_time: 1575014.653719999
node_cons: 49443.45739999939
tot_aggregated_send: 34278
tot_msg_rcv: 484
tot_msg_sent: 1080
tot_reconf_duration: 25.299999999999997
tot_sleeping_duration: 2367283.747
tot_uptimes: 616
tot_uptimes_duration: 36900.0
