comms_cons: 241.71950077359762
finished_reconf: true
global_termination_time: 2404536.538
local_termination_time: 809721.1184799998
node_cons: 49413.27446446672
tot_aggregated_send: 32422
tot_msg_rcv: 1521
tot_msg_sent: 2797
tot_reconf_duration: 3.05
tot_sleeping_duration: 2367636.5136800096
tot_uptimes: 616
tot_uptimes_duration: 36900.02431999054
