comms_cons: 237.05847677870656
finished_reconf: true
global_termination_time: 2401105.682
local_termination_time: 1550654.5563599998
node_cons: 49337.22304223296
tot_aggregated_send: 32074
tot_msg_rcv: 1342
tot_msg_sent: 2615
tot_reconf_duration: 6.22
tot_sleeping_duration: 2364265.6698400048
tot_uptimes: 615
tot_uptimes_duration: 36840.01215999527
