comms_cons: 41.337113600024544
finished_reconf: true
global_termination_time: 404075.07148000016
local_termination_time: 3171.676400000001
node_cons: 8302.460029839396
tot_aggregated_send: 5510
tot_msg_rcv: 304
tot_msg_sent: 468
tot_reconf_duration: 5.1
tot_sleeping_duration: 397879.75092000066
tot_uptimes: 104
tot_uptimes_duration: 6195.320559999542
