comms_cons: 41.93582080172747
finished_reconf: true
global_termination_time: 406292.965
local_termination_time: 164184.828
node_cons: 8362.474445445705
tot_aggregated_send: 5043
tot_msg_rcv: 342
tot_msg_sent: 989
tot_reconf_duration: 4.390000000000001
tot_sleeping_duration: 400052.10403999576
tot_uptimes: 105
tot_uptimes_duration: 6240.86096000424
