comms_cons: 40.627187200298884
finished_reconf: true
global_termination_time: 408527.767
local_termination_time: 99681.40035999997
node_cons: 8362.73394000002
tot_aggregated_send: 5858
tot_msg_rcv: 148
tot_msg_sent: 169
tot_reconf_duration: 5.43
tot_sleeping_duration: 402287.767
tot_uptimes: 105
tot_uptimes_duration: 6240.0
