comms_cons: 200.50174718024758
finished_reconf: true
global_termination_time: 1997849.5
local_termination_time: 173093.89836000005
node_cons: 41084.547546705275
tot_aggregated_send: 27202
tot_msg_rcv: 1172
tot_msg_sent: 2102
tot_reconf_duration: 22.65
tot_sleeping_duration: 1967189.4635200107
tot_uptimes: 512
tot_uptimes_duration: 30660.036479989238
