comms_cons: 201.27746557823167
finished_reconf: true
global_termination_time: 2000230.607
local_termination_time: 1086219.7183599998
node_cons: 41142.55932446697
tot_aggregated_send: 26390
tot_msg_rcv: 1412
tot_msg_sent: 2791
tot_reconf_duration: 6.22
tot_sleeping_duration: 1969510.5826800095
tot_uptimes: 513
tot_uptimes_duration: 30720.024319990538
