comms_cons: 198.09924479594451
finished_reconf: true
global_termination_time: 1997220.42
local_termination_time: 501989.7999200003
node_cons: 41074.57171999972
tot_aggregated_send: 28768
tot_msg_rcv: 485
tot_msg_sent: 856
tot_reconf_duration: 15.34
tot_sleeping_duration: 1966560.42
tot_uptimes: 512
tot_uptimes_duration: 30660.0
