comms_cons: 40.448921599917966
finished_reconf: true
global_termination_time: 411012.693
local_termination_time: 1077.315200000001
node_cons: 8466.45870000001
tot_aggregated_send: 5974
tot_msg_rcv: 78
tot_msg_sent: 96
tot_reconf_duration: 22.65
tot_sleeping_duration: 404712.693
tot_uptimes: 106
tot_uptimes_duration: 6300.0
