comms_cons: 40.363392000230796
finished_reconf: true
global_termination_time: 412870.306
local_termination_time: 216658.29448000007
node_cons: 8442.231980000008
tot_aggregated_send: 5974
tot_msg_rcv: 49
tot_msg_sent: 112
tot_reconf_duration: 4.8100000000000005
tot_sleeping_duration: 406570.306
tot_uptimes: 106
tot_uptimes_duration: 6300.0
