comms_cons: 41.38316800044901
finished_reconf: true
global_termination_time: 411259.464
local_termination_time: 1058.0140000000022
node_cons: 8443.07394000001
tot_aggregated_send: 5742
tot_msg_rcv: 204
tot_msg_sent: 344
tot_reconf_duration: 5.43
tot_sleeping_duration: 404959.464
tot_uptimes: 106
tot_uptimes_duration: 6300.0
