comms_cons: 196.26022398104968
finished_reconf: true
global_termination_time: 1946681.84
local_termination_time: 525749.9253599999
node_cons: 40040.16825228492
tot_aggregated_send: 25926
tot_msg_rcv: 1339
tot_msg_sent: 2564
tot_reconf_duration: 22.65
tot_sleeping_duration: 1916801.773120026
tot_uptimes: 499
tot_uptimes_duration: 29880.06687997398
