comms_cons: 194.7553855817907
finished_reconf: true
global_termination_time: 1947033.12
local_termination_time: 902155.65236
node_cons: 40015.892685583975
tot_aggregated_send: 25810
tot_msg_rcv: 1387
tot_msg_sent: 2404
tot_reconf_duration: 4.8100000000000005
tot_sleeping_duration: 1917153.089600012
tot_uptimes: 499
tot_uptimes_duration: 29880.030399988173
