comms_cons: 198.78199677763374
finished_reconf: true
global_termination_time: 1946806.547
local_termination_time: 145839.72636000006
node_cons: 40016.78349229408
tot_aggregated_send: 26216
tot_msg_rcv: 1318
tot_msg_sent: 2678
tot_reconf_duration: 5.43
tot_sleeping_duration: 1916926.480120019
tot_uptimes: 499
tot_uptimes_duration: 29880.066879980848
