comms_cons: 194.8497215811878
finished_reconf: true
global_termination_time: 1947438.106
local_termination_time: 684846.0043599999
node_cons: 40030.20056670069
tot_aggregated_send: 26158
tot_msg_rcv: 1184
tot_msg_sent: 2274
tot_reconf_duration: 15.34
tot_sleeping_duration: 1917558.069520014
tot_uptimes: 499
tot_uptimes_duration: 29880.036479985807
