comms_cons: 1.8816511999937828
finished_reconf: true
global_termination_time: 18566.235
local_termination_time: 11348.872360000001
node_cons: 355.7174000000015
tot_aggregated_send: 0
tot_msg_rcv: 162
tot_msg_sent: 124
tot_reconf_duration: 25.299999999999997
tot_sleeping_duration: 18326.235
tot_uptimes: 5
tot_uptimes_duration: 240.0
