comms_cons: 211.06506238874823
finished_reconf: true
global_termination_time: 2110049.49248
local_termination_time: 2110049.45136
node_cons: 43452.777502071884
tot_aggregated_send: 29960
tot_msg_rcv: 775
tot_msg_sent: 1344
tot_reconf_duration: 37.410000000000004
tot_sleeping_duration: 2077635.7697600054
tot_uptimes: 541
tot_uptimes_duration: 32413.722719994475
