comms_cons: 209.44287998857936
finished_reconf: true
global_termination_time: 2110695.755
local_termination_time: 1201834.3050000002
node_cons: 43411.40233623767
tot_aggregated_send: 30100
tot_msg_rcv: 530
tot_msg_sent: 1205
tot_reconf_duration: 18.700000000000003
tot_sleeping_duration: 2078293.9568400015
tot_uptimes: 541
tot_uptimes_duration: 32401.798159998376
