comms_cons: 218.066924768148
finished_reconf: true
global_termination_time: 2110058.552
local_termination_time: 768651.8132799983
node_cons: 43468.21215786898
tot_aggregated_send: 27782
tot_msg_rcv: 1918
tot_msg_sent: 3444
tot_reconf_duration: 3.05
tot_sleeping_duration: 2077598.454720038
tot_uptimes: 541
tot_uptimes_duration: 32460.097279962152
