comms_cons: 169.4853759945023
finished_reconf: true
global_termination_time: 1709835.039
local_termination_time: 498498.9623600001
node_cons: 35112.72190000001
tot_aggregated_send: 24476
tot_msg_rcv: 478
tot_msg_sent: 806
tot_reconf_duration: 3.05
tot_sleeping_duration: 1683615.039
tot_uptimes: 438
tot_uptimes_duration: 26220.0
