comms_cons: 166.40770559611448
finished_reconf: true
global_termination_time: 1710746.794
local_termination_time: 1124972.85436
node_cons: 35204.278980000025
tot_aggregated_send: 24418
tot_msg_rcv: 287
tot_msg_sent: 588
tot_reconf_duration: 11.31
tot_sleeping_duration: 1684466.794
tot_uptimes: 439
tot_uptimes_duration: 26280.0
