comms_cons: 498.8017020080192
finished_reconf: true
global_termination_time: 1708433.6355999997
local_termination_time: 1708433.5944799997
node_cons: 69974.76956639784
tot_aggregated_send: 0
tot_msg_rcv: 25354
tot_msg_sent: 50460
tot_reconf_duration: 24.59
tot_sleeping_duration: 1656199.598
tot_uptimes: 863
tot_uptimes_duration: 52234.037599999516
