comms_cons: 128.48578558761932
finished_reconf: true
global_termination_time: 1254617.882
local_termination_time: 143844.27748000005
node_cons: 25810.028707817863
tot_aggregated_send: 16762
tot_msg_rcv: 1024
tot_msg_sent: 1744
tot_reconf_duration: 15.34
tot_sleeping_duration: 1235357.8394400165
tot_uptimes: 322
tot_uptimes_duration: 19260.04255998344
