comms_cons: 126.04377598976941
finished_reconf: true
global_termination_time: 1252755.197
local_termination_time: 478458.0183600009
node_cons: 25718.688449742236
tot_aggregated_send: 16472
tot_msg_rcv: 839
tot_msg_sent: 1848
tot_reconf_duration: 6.279999999999999
tot_sleeping_duration: 1233554.1811600132
tot_uptimes: 321
tot_uptimes_duration: 19201.015839986736
