comms_cons: 127.62898559287116
finished_reconf: true
global_termination_time: 1256693.606
local_termination_time: 772624.4453599999
node_cons: 25823.538105588843
tot_aggregated_send: 16762
tot_msg_rcv: 863
tot_msg_sent: 1773
tot_reconf_duration: 25.299999999999997
tot_sleeping_duration: 1237433.5756000085
tot_uptimes: 322
tot_uptimes_duration: 19260.030399991592
