comms_cons: 126.34225919290368
finished_reconf: true
global_termination_time: 1254469.952
local_termination_time: 613917.212879999
node_cons: 25800.19134894385
tot_aggregated_send: 16356
tot_msg_rcv: 983
tot_msg_sent: 1866
tot_reconf_duration: 8.09
tot_sleeping_duration: 1235209.9033600122
tot_uptimes: 322
tot_uptimes_duration: 19260.048639987945
