comms_cons: 129.75404798703914
finished_reconf: true
global_termination_time: 1252327.534
local_termination_time: 515552.8078400006
node_cons: 25795.720826701032
tot_aggregated_send: 16820
tot_msg_rcv: 1099
tot_msg_sent: 1802
tot_reconf_duration: 4.8100000000000005
tot_sleeping_duration: 1233067.4975200142
tot_uptimes: 321
tot_uptimes_duration: 19260.036479985807
