comms_cons: 152.32574078335867
finished_reconf: true
global_termination_time: 1496088.38
local_termination_time: 110086.40071999966
node_cons: 30776.82525006073
tot_aggregated_send: 20242
tot_msg_rcv: 930
tot_msg_sent: 1982
tot_reconf_duration: 4.8100000000000005
tot_sleeping_duration: 1473108.3252800142
tot_uptimes: 384
tot_uptimes_duration: 22980.05471998558
