comms_cons: 151.1539775916251
finished_reconf: true
global_termination_time: 1495846.8421200004
local_termination_time: 25046.6386
node_cons: 30834.46271974121
tot_aggregated_send: 20416
tot_msg_rcv: 908
tot_msg_sent: 1650
tot_reconf_duration: 4.390000000000001
tot_sleeping_duration: 1472823.3162800143
tot_uptimes: 384
tot_uptimes_duration: 23023.52583998593
