comms_cons: 153.06167678811747
finished_reconf: true
global_termination_time: 1497181.239
local_termination_time: 322315.1607600009
node_cons: 30787.973219113144
tot_aggregated_send: 20242
tot_msg_rcv: 1047
tot_msg_sent: 1975
tot_reconf_duration: 11.31
tot_sleeping_duration: 1474199.4509200053
tot_uptimes: 384
tot_uptimes_duration: 22981.788079994847
