comms_cons: 153.34967678547915
finished_reconf: true
global_termination_time: 1498340.232
local_termination_time: 253062.66260000053
node_cons: 30777.642786710232
tot_aggregated_send: 19720
tot_msg_rcv: 1315
tot_msg_sent: 2273
tot_reconf_duration: 5.43
tot_sleeping_duration: 1475360.1955200073
tot_uptimes: 384
tot_uptimes_duration: 22980.036479992676
