comms_cons: 2.276403199994571
finished_reconf: true
global_termination_time: 13267.303
local_termination_time: 6231.999200000001
node_cons: 247.9458000000005
tot_aggregated_send: 0
tot_msg_rcv: 176
tot_msg_sent: 170
tot_reconf_duration: 5.1
tot_sleeping_duration: 13087.303
tot_uptimes: 4
tot_uptimes_duration: 180.0
