comms_cons: 2.171135999994937
finished_reconf: true
global_termination_time: 14177.28
local_termination_time: 5189.034360000001
node_cons: 275.37740000000025
tot_aggregated_send: 0
tot_msg_rcv: 178
tot_msg_sent: 151
tot_reconf_duration: 25.299999999999997
tot_sleeping_duration: 13997.28
tot_uptimes: 4
tot_uptimes_duration: 180.0
