comms_cons: 21.250816000149122
finished_reconf: true
global_termination_time: 216024.026
local_termination_time: 46301.32036000001
node_cons: 4434.05898
tot_aggregated_send: 3074
tot_msg_rcv: 50
tot_msg_sent: 106
tot_reconf_duration: 11.31
tot_sleeping_duration: 212724.026
tot_uptimes: 56
tot_uptimes_duration: 3300.0
