comms_cons: 112.84643839542022
finished_reconf: true
global_termination_time: 1146405.908
local_termination_time: 710150.7663599999
node_cons: 23543.77004111693
tot_aggregated_send: 15950
tot_msg_rcv: 388
tot_msg_sent: 814
tot_reconf_duration: 3.05
tot_sleeping_duration: 1128825.9019200024
tot_uptimes: 294
tot_uptimes_duration: 17580.006079997635
