comms_cons: 115.30110719399582
finished_reconf: true
global_termination_time: 1146056.996
local_termination_time: 820174.78036
node_cons: 23550.25584223379
tot_aggregated_send: 16008
tot_msg_rcv: 539
tot_msg_sent: 978
tot_reconf_duration: 7.819999999999999
tot_sleeping_duration: 1128476.9838400048
tot_uptimes: 294
tot_uptimes_duration: 17580.01215999527
