comms_cons: 2.1313151999944466
finished_reconf: true
global_termination_time: 13293.01448
local_termination_time: 13292.97336
node_cons: 310.1730787200009
tot_aggregated_send: 0
tot_msg_rcv: 166
tot_msg_sent: 156
tot_reconf_duration: 37.410000000000004
tot_sleeping_duration: 13099.31
tot_uptimes: 4
tot_uptimes_duration: 193.70448000000033
