comms_cons: 2.2369279999926084
finished_reconf: true
global_termination_time: 13293.554480000004
local_termination_time: 5594.1633600000005
node_cons: 300.41251872000646
tot_aggregated_send: 0
tot_msg_rcv: 182
tot_msg_sent: 157
tot_reconf_duration: 22.65
tot_sleeping_duration: 13092.17
tot_uptimes: 4
tot_uptimes_duration: 201.38448000000426
