comms_cons: 2.283609599993857
finished_reconf: true
global_termination_time: 18049.574
local_termination_time: 5786.92636
node_cons: 337.5202000000007
tot_aggregated_send: 0
tot_msg_rcv: 182
tot_msg_sent: 165
tot_reconf_duration: 11.899999999999999
tot_sleeping_duration: 17809.574
tot_uptimes: 5
tot_uptimes_duration: 240.0
