comms_cons: 2.302719999994511
finished_reconf: true
global_termination_time: 15077.647
local_termination_time: 5073.6363599999995
node_cons: 246.98161999999925
tot_aggregated_send: 0
tot_msg_rcv: 179
tot_msg_sent: 170
tot_reconf_duration: 4.390000000000001
tot_sleeping_duration: 14897.647
tot_uptimes: 4
tot_uptimes_duration: 180.00000000000003
