comms_cons: 101.92993279716694
finished_reconf: true
global_termination_time: 1029927.141
local_termination_time: 328803.5805600007
node_cons: 21135.38162000005
tot_aggregated_send: 14674
tot_msg_rcv: 242
tot_msg_sent: 576
tot_reconf_duration: 4.390000000000001
tot_sleeping_duration: 1014147.1409999998
tot_uptimes: 264
tot_uptimes_duration: 15780.000000000058
