comms_cons: 2.60536319999139
finished_reconf: true
global_termination_time: 13742.15
local_termination_time: 10634.65436
node_cons: 253.39952112000702
tot_aggregated_send: 0
tot_msg_rcv: 229
tot_msg_sent: 167
tot_reconf_duration: 9.11
tot_sleeping_duration: 13562.143919999995
tot_uptimes: 4
tot_uptimes_duration: 180.00608000000466
