comms_cons: 2.434303999994322
finished_reconf: true
global_termination_time: 12210.266
local_termination_time: 5944.274960000009
node_cons: 256.3789800000005
tot_aggregated_send: 0
tot_msg_rcv: 205
tot_msg_sent: 164
tot_reconf_duration: 11.31
tot_sleeping_duration: 12030.266
tot_uptimes: 4
tot_uptimes_duration: 180.0
