comms_cons: 73.9063552078036
finished_reconf: true
global_termination_time: 328750.9256000002
local_termination_time: 1402.9653600000004
node_cons: 6793.931739610002
tot_aggregated_send: 0
tot_msg_rcv: 6309
tot_msg_sent: 4922
tot_reconf_duration: 18.21
tot_sleeping_duration: 323695.50919999275
tot_uptimes: 85
tot_uptimes_duration: 5055.416400007467
