comms_cons: 33.73813760053222
finished_reconf: true
global_termination_time: 330116.728
local_termination_time: 59904.48356000014
node_cons: 6760.939521121439
tot_aggregated_send: 4466
tot_msg_rcv: 260
tot_msg_sent: 402
tot_reconf_duration: 9.11
tot_sleeping_duration: 325076.72191999893
tot_uptimes: 85
tot_uptimes_duration: 5040.006080001069
