comms_cons: 105.03034879483292
finished_reconf: true
global_termination_time: 1049836.772
local_termination_time: 362391.2684800001
node_cons: 21538.684060000043
tot_aggregated_send: 14790
tot_msg_rcv: 425
tot_msg_sent: 749
tot_reconf_duration: 5.57
tot_sleeping_duration: 1033756.7720000001
tot_uptimes: 269
tot_uptimes_duration: 16080.0
