comms_cons: 103.47170559914808
finished_reconf: true
global_termination_time: 1047675.627
local_termination_time: 489469.9474000008
node_cons: 21582.349335601102
tot_aggregated_send: 15196
tot_msg_rcv: 195
tot_msg_sent: 337
tot_reconf_duration: 25.299999999999997
tot_sleeping_duration: 1031583.0265999992
tot_uptimes: 269
tot_uptimes_duration: 16092.60040000081
