comms_cons: 105.88655359576144
finished_reconf: true
global_termination_time: 1049278.982
local_termination_time: 176288.648
node_cons: 21544.23277799469
tot_aggregated_send: 14380
tot_msg_rcv: 546
tot_msg_sent: 1169
tot_reconf_duration: 7.819999999999999
tot_sleeping_duration: 1033197.1200000041
tot_uptimes: 269
tot_uptimes_duration: 16081.861999996036
