comms_cons: 2.6637823999905788
finished_reconf: true
global_termination_time: 9629.785
local_termination_time: 5492.758360000001
node_cons: 167.6058000000005
tot_aggregated_send: 0
tot_msg_rcv: 286
tot_msg_sent: 116
tot_reconf_duration: 5.1
tot_sleeping_duration: 9509.785
tot_uptimes: 3
tot_uptimes_duration: 120.0
