comms_cons: 1.8355967999970386
finished_reconf: true
global_termination_time: 8881.356
local_termination_time: 6891.483360000001
node_cons: 191.43870000000075
tot_aggregated_send: 0
tot_msg_rcv: 181
tot_msg_sent: 97
tot_reconf_duration: 22.65
tot_sleeping_duration: 8761.356
tot_uptimes: 3
tot_uptimes_duration: 120.0
