comms_cons: 85.5295999987874
finished_reconf: true
global_termination_time: 852464.206
local_termination_time: 623733.1246399991
node_cons: 17522.664522238327
tot_aggregated_send: 11426
tot_msg_rcv: 530
tot_msg_sent: 1044
tot_reconf_duration: 6.279999999999999
tot_sleeping_duration: 839384.1938400012
tot_uptimes: 219
tot_uptimes_duration: 13080.012159998703
