comms_cons: 86.2673791959619
finished_reconf: true
global_termination_time: 850684.095
local_termination_time: 287208.4454400002
node_cons: 17468.19438783623
tot_aggregated_send: 11310
tot_msg_rcv: 540
tot_msg_sent: 1263
tot_reconf_duration: 25.299999999999997
tot_sleeping_duration: 837664.0524400028
tot_uptimes: 218
tot_uptimes_duration: 13020.042559997179
