comms_cons: 87.77498879550363
finished_reconf: true
global_termination_time: 849470.078
local_termination_time: 36758.599
node_cons: 17451.565019265923
tot_aggregated_send: 11075
tot_msg_rcv: 745
tot_msg_sent: 1522
tot_reconf_duration: 8.09
tot_sleeping_duration: 836445.0004800105
tot_uptimes: 218
tot_uptimes_duration: 13025.077519989467
