comms_cons: 86.09334399757424
finished_reconf: true
global_termination_time: 850196.654
local_termination_time: 373741.1848800004
node_cons: 17450.96410447656
tot_aggregated_send: 11542
tot_msg_rcv: 504
tot_msg_sent: 1039
tot_reconf_duration: 12.629999999999999
tot_sleeping_duration: 837176.6296800026
tot_uptimes: 218
tot_uptimes_duration: 13020.024319997407
