comms_cons: 84.91676159605136
finished_reconf: true
global_termination_time: 849645.872
local_termination_time: 572299.7921599993
node_cons: 17449.95648223372
tot_aggregated_send: 11774
tot_msg_rcv: 329
tot_msg_sent: 804
tot_reconf_duration: 11.899999999999999
tot_sleeping_duration: 836625.8598400047
tot_uptimes: 218
tot_uptimes_duration: 13020.012159995269
