comms_cons: 272.35381761661347
finished_reconf: true
global_termination_time: 2709754.123
local_termination_time: 539155.978
node_cons: 55682.620415746715
tot_aggregated_send: 37813
tot_msg_rcv: 1204
tot_msg_sent: 2380
tot_reconf_duration: 4.8100000000000005
tot_sleeping_duration: 2668173.773160009
tot_uptimes: 694
tot_uptimes_duration: 41580.349839990726
