comms_cons: 263.45158399239403
finished_reconf: true
global_termination_time: 2707496.48
local_termination_time: 815759.64036
node_cons: 55684.08304223284
tot_aggregated_send: 38512
tot_msg_rcv: 485
tot_msg_sent: 1046
tot_reconf_duration: 6.22
tot_sleeping_duration: 2665916.4678400047
tot_uptimes: 694
tot_uptimes_duration: 41580.01215999527
