comms_cons: 80.68793599937639
finished_reconf: true
global_termination_time: 820607.411
local_termination_time: 418528.855
node_cons: 16878.333941121422
tot_aggregated_send: 10784
tot_msg_rcv: 437
tot_msg_sent: 1044
tot_reconf_duration: 5.1
tot_sleeping_duration: 808007.4049199988
tot_uptimes: 211
tot_uptimes_duration: 12600.006080001069
