comms_cons: 81.67321599898679
finished_reconf: true
global_termination_time: 819208.005
local_termination_time: 360705.71344000066
node_cons: 16799.514901121416
tot_aggregated_send: 11426
tot_msg_rcv: 295
tot_msg_sent: 692
tot_reconf_duration: 6.22
tot_sleeping_duration: 806667.998919999
tot_uptimes: 210
tot_uptimes_duration: 12540.006080001069
