comms_cons: 45.22542080048764
finished_reconf: true
global_termination_time: 453711.835
local_termination_time: 352059.36636000004
node_cons: 9325.97198000001
tot_aggregated_send: 6438
tot_msg_rcv: 149
tot_msg_sent: 287
tot_reconf_duration: 4.8100000000000005
tot_sleeping_duration: 446751.835
tot_uptimes: 117
tot_uptimes_duration: 6960.0
