comms_cons: 45.073126400353715
finished_reconf: true
global_termination_time: 451035.208
local_termination_time: 103038.4292799998
node_cons: 9245.061620000011
tot_aggregated_send: 6380
tot_msg_rcv: 184
tot_msg_sent: 286
tot_reconf_duration: 4.390000000000001
tot_sleeping_duration: 444135.208
tot_uptimes: 116
tot_uptimes_duration: 6900.0
