comms_cons: 74.004096000601
finished_reconf: true
global_termination_time: 747458.7522400003
local_termination_time: 11788.62772
node_cons: 15429.317023846163
tot_aggregated_send: 10092
tot_msg_rcv: 402
tot_msg_sent: 754
tot_reconf_duration: 18.21
tot_sleeping_duration: 735954.2056799957
tot_uptimes: 192
tot_uptimes_duration: 11504.546560004586
