comms_cons: 76.4048767971129
finished_reconf: true
global_termination_time: 747618.712
local_termination_time: 36553.89048000001
node_cons: 15375.72312335511
tot_aggregated_send: 10150
tot_msg_rcv: 550
tot_msg_sent: 914
tot_reconf_duration: 22.65
tot_sleeping_duration: 736158.6937600037
tot_uptimes: 192
tot_uptimes_duration: 11460.018239996338
