comms_cons: 73.0817536003133
finished_reconf: true
global_termination_time: 749011.383
local_termination_time: 67379.16359999994
node_cons: 15351.47198000002
tot_aggregated_send: 10498
tot_msg_rcv: 227
tot_msg_sent: 383
tot_reconf_duration: 4.8100000000000005
tot_sleeping_duration: 737551.383
tot_uptimes: 192
tot_uptimes_duration: 11460.0
