comms_cons: 57.65216000034332
finished_reconf: true
global_termination_time: 584322.685
local_termination_time: 420830.88336000004
node_cons: 11977.191980000014
tot_aggregated_send: 8062
tot_msg_rcv: 197
tot_msg_sent: 503
tot_reconf_duration: 4.8100000000000005
tot_sleeping_duration: 575382.685
tot_uptimes: 150
tot_uptimes_duration: 8940.0
