comms_cons: 33.097862400161496
finished_reconf: true
global_termination_time: 326875.379
local_termination_time: 19140.31736
node_cons: 6674.181620000007
tot_aggregated_send: 4524
tot_msg_rcv: 219
tot_msg_sent: 287
tot_reconf_duration: 4.390000000000001
tot_sleeping_duration: 321895.379
tot_uptimes: 84
tot_uptimes_duration: 4980.0
