comms_cons: 226.31132158395857
finished_reconf: true
global_termination_time: 2236528.426
local_termination_time: 37473.42648000001
node_cons: 45979.274308943335
tot_aggregated_send: 30972
tot_msg_rcv: 1228
tot_msg_sent: 2198
tot_reconf_duration: 18.21
tot_sleeping_duration: 2202208.377360012
tot_uptimes: 573
tot_uptimes_duration: 34320.048639987945
