comms_cons: 223.67553918086023
finished_reconf: true
global_termination_time: 2239521.325
local_termination_time: 1521473.501239998
node_cons: 46043.37266335001
tot_aggregated_send: 30856
tot_msg_rcv: 891
tot_msg_sent: 2250
tot_reconf_duration: 6.279999999999999
tot_sleeping_duration: 2205141.306760007
tot_uptimes: 574
tot_uptimes_duration: 34380.0182399929
