comms_cons: 621.0192635158136
finished_reconf: true
global_termination_time: 2128708.045759999
local_termination_time: 2128708.004639999
node_cons: 87010.57278978998
tot_aggregated_send: 0
tot_msg_rcv: 31629
tot_msg_sent: 62760
tot_reconf_duration: 24.59
tot_sleeping_duration: 2063751.2275600047
tot_uptimes: 1075
tot_uptimes_duration: 64956.81819999443
