comms_cons: 217.1267583843926
finished_reconf: true
global_termination_time: 2130960.117
local_termination_time: 513321.4473600001
node_cons: 43789.515170051134
tot_aggregated_send: 28594
tot_msg_rcv: 1381
tot_msg_sent: 3027
tot_reconf_duration: 3.05
tot_sleeping_duration: 2098260.0622800216
tot_uptimes: 546
tot_uptimes_duration: 32700.05471997871
