comms_cons: 219.0053439748919
finished_reconf: true
global_termination_time: 2129709.756
local_termination_time: 636802.4850000001
node_cons: 43798.42091909774
tot_aggregated_send: 28474
tot_msg_rcv: 1669
tot_msg_sent: 3142
tot_reconf_duration: 7.819999999999999
tot_sleeping_duration: 2097007.8879200164
tot_uptimes: 546
tot_uptimes_duration: 32701.86807998363
