comms_cons: 126.7290815941433
finished_reconf: true
global_termination_time: 1234164.783
local_termination_time: 620101.6757999995
node_cons: 25394.012685584275
tot_aggregated_send: 16878
tot_msg_rcv: 926
tot_msg_sent: 1457
tot_reconf_duration: 4.8100000000000005
tot_sleeping_duration: 1215204.7526000119
tot_uptimes: 317
tot_uptimes_duration: 18960.030399988173
