comms_cons: 127.47269759035427
finished_reconf: true
global_termination_time: 1236683.252
local_termination_time: 435366.16736
node_cons: 25393.458607817804
tot_aggregated_send: 16472
tot_msg_rcv: 1039
tot_msg_sent: 1864
tot_reconf_duration: 4.390000000000001
tot_sleeping_duration: 1217723.2094400167
tot_uptimes: 317
tot_uptimes_duration: 18960.04255998344
