comms_cons: 56.12120319960273
finished_reconf: true
global_termination_time: 561900.607
local_termination_time: 46529.737600000204
node_cons: 11499.444432400285
tot_aggregated_send: 7772
tot_msg_rcv: 238
tot_msg_sent: 521
tot_reconf_duration: 5.1
tot_sleeping_duration: 553317.6953999997
tot_uptimes: 144
tot_uptimes_duration: 8582.911600000203
