comms_cons: 126.57625599802766
finished_reconf: true
global_termination_time: 1276233.233
local_termination_time: 454110.94536000007
node_cons: 26198.40406000005
tot_aggregated_send: 17806
tot_msg_rcv: 468
tot_msg_sent: 965
tot_reconf_duration: 5.57
tot_sleeping_duration: 1256673.233
tot_uptimes: 327
tot_uptimes_duration: 19560.0
