comms_cons: 128.91103359138907
finished_reconf: true
global_termination_time: 1275751.338
local_termination_time: 449380.20036000095
node_cons: 26206.234219742346
tot_aggregated_send: 16588
tot_msg_rcv: 1058
tot_msg_sent: 1947
tot_reconf_duration: 7.819999999999999
tot_sleeping_duration: 1256187.7721600132
tot_uptimes: 327
tot_uptimes_duration: 19563.565839986783
