comms_cons: 16.559846399744217
finished_reconf: true
global_termination_time: 146858.018
local_termination_time: 76436.92191999956
node_cons: 2979.120121119149
tot_aggregated_send: 1508
tot_msg_rcv: 372
tot_msg_sent: 637
tot_reconf_duration: 4.8100000000000005
tot_sleeping_duration: 144638.01192000063
tot_uptimes: 38
tot_uptimes_duration: 2220.006079999366
