comms_cons: 15.895347199891148
finished_reconf: true
global_termination_time: 144763.12424000015
local_termination_time: 124330.54123999944
node_cons: 3005.5615027194626
tot_aggregated_send: 1624
tot_msg_rcv: 318
tot_msg_sent: 473
tot_reconf_duration: 7.819999999999999
tot_sleeping_duration: 142526.42376000056
tot_uptimes: 38
tot_uptimes_duration: 2236.700479999592
