comms_cons: 0.7237119999998363
finished_reconf: true
global_termination_time: 5836.085000000001
local_termination_time: 242.92648
node_cons: 95.69898000000003
tot_aggregated_send: 0
tot_msg_rcv: 61
tot_msg_sent: 49
tot_reconf_duration: 11.31
tot_sleeping_duration: 5776.085
tot_uptimes: 2
tot_uptimes_duration: 60.00000000000094
