comms_cons: 162.1413119835473
finished_reconf: true
global_termination_time: 1592270.992
local_termination_time: 757658.6345999987
node_cons: 32705.992906700976
tot_aggregated_send: 21518
tot_msg_rcv: 1097
tot_msg_sent: 2030
tot_reconf_duration: 5.57
tot_sleeping_duration: 1567850.9555200143
tot_uptimes: 408
tot_uptimes_duration: 24420.036479985807
