comms_cons: 157.33418879536217
finished_reconf: true
global_termination_time: 1592623.8
local_termination_time: 954340.9283599998
node_cons: 32713.25009999999
tot_aggregated_send: 22968
tot_msg_rcv: 349
tot_msg_sent: 596
tot_reconf_duration: 10.95
tot_sleeping_duration: 1568203.8
tot_uptimes: 408
tot_uptimes_duration: 24420.0
