comms_cons: 251.9570431846675
finished_reconf: true
global_termination_time: 2544350.63
local_termination_time: 1450631.3634799998
node_cons: 52322.17986111615
tot_aggregated_send: 35148
tot_msg_rcv: 1066
tot_msg_sent: 2082
tot_reconf_duration: 15.34
tot_sleeping_duration: 2505290.623920002
tot_uptimes: 652
tot_uptimes_duration: 39060.006079997635
