comms_cons: 253.23368958219487
finished_reconf: true
global_termination_time: 2544553.719
local_termination_time: 1301347.6843599998
node_cons: 52309.87638111607
tot_aggregated_send: 34626
tot_msg_rcv: 1340
tot_msg_sent: 2526
tot_reconf_duration: 6.279999999999999
tot_sleeping_duration: 2505493.712920002
tot_uptimes: 652
tot_uptimes_duration: 39060.006079997635
