comms_cons: 253.52508158609697
finished_reconf: true
global_termination_time: 2543068.288
local_termination_time: 1612222.8973599998
node_cons: 52308.73836334962
tot_aggregated_send: 35380
tot_msg_rcv: 1064
tot_msg_sent: 2090
tot_reconf_duration: 5.43
tot_sleeping_duration: 2504008.2697600075
tot_uptimes: 652
tot_uptimes_duration: 39060.0182399929
