comms_cons: 798.0842434064538
finished_reconf: true
global_termination_time: 8036119.589
local_termination_time: 2317273.0702799987
node_cons: 165266.99290669756
tot_aggregated_send: 111766
tot_msg_rcv: 3093
tot_msg_sent: 6444
tot_reconf_duration: 5.57
tot_sleeping_duration: 7912699.5525200125
tot_uptimes: 2058
tot_uptimes_duration: 123420.0364799872
