comms_cons: 802.3043393840387
finished_reconf: true
global_termination_time: 8036073.582
local_termination_time: 2696903.1767199985
node_cons: 165277.29742446277
tot_aggregated_send: 111186
tot_msg_rcv: 3650
tot_msg_sent: 7107
tot_reconf_duration: 13.17
tot_sleeping_duration: 7912653.557680009
tot_uptimes: 2058
tot_uptimes_duration: 123420.02431999147
