comms_cons: 793.7737601539313
finished_reconf: true
global_termination_time: 8037840.868
local_termination_time: 6381296.00236
node_cons: 165354.5982411117
tot_aggregated_send: 111534
tot_msg_rcv: 2920
tot_msg_sent: 6195
tot_reconf_duration: 10.95
tot_sleeping_duration: 7914360.861920002
tot_uptimes: 2059
tot_uptimes_duration: 123480.00607999787
