comms_cons: 811.6517570160509
finished_reconf: true
global_termination_time: 8038407.937
local_termination_time: 363339.1432800003
node_cons: 165346.3740967539
tot_aggregated_send: 111360
tot_msg_rcv: 4167
tot_msg_sent: 7838
tot_reconf_duration: 4.8100000000000005
tot_sleeping_duration: 7914927.84580003
tot_uptimes: 2059
tot_uptimes_duration: 123480.09119996981
