comms_cons: 810.4231810711505
finished_reconf: true
global_termination_time: 8035356.234
local_termination_time: 832885.0252799992
node_cons: 165263.61145228203
tot_aggregated_send: 111186
tot_msg_rcv: 4265
tot_msg_sent: 7728
tot_reconf_duration: 3.05
tot_sleeping_duration: 7911936.167120025
tot_uptimes: 2058
tot_uptimes_duration: 123420.06687997584
