comms_cons: 812.0703106508296
finished_reconf: true
global_termination_time: 8035005.336
local_termination_time: 1017000.3755199983
node_cons: 165270.0809711652
tot_aggregated_send: 110954
tot_msg_rcv: 4520
tot_msg_sent: 7954
tot_reconf_duration: 7.819999999999999
tot_sleeping_duration: 7911585.275200021
tot_uptimes: 2058
tot_uptimes_duration: 123420.06079997821
