comms_cons: 799.0331265861292
finished_reconf: true
global_termination_time: 8035686.504
local_termination_time: 1884654.36036
node_cons: 165274.8122500484
tot_aggregated_send: 113274
tot_msg_rcv: 2773
tot_msg_sent: 5400
tot_reconf_duration: 11.31
tot_sleeping_duration: 7912266.449280019
tot_uptimes: 2058
tot_uptimes_duration: 123420.05471998057
