comms_cons: 802.0158145827594
finished_reconf: true
global_termination_time: 8034910.264
local_termination_time: 1930740.3573599998
node_cons: 165266.8190689314
tot_aggregated_send: 113216
tot_msg_rcv: 3050
tot_msg_sent: 5635
tot_reconf_duration: 5.43
tot_sleeping_duration: 7911490.2153600175
tot_uptimes: 2058
tot_uptimes_duration: 123420.04863998294
