comms_cons: 57.95617280075302
finished_reconf: true
global_termination_time: 578120.887
local_termination_time: 218739.41936000006
node_cons: 11896.851980000014
tot_aggregated_send: 8062
tot_msg_rcv: 229
tot_msg_sent: 518
tot_reconf_duration: 4.8100000000000005
tot_sleeping_duration: 569240.887
tot_uptimes: 149
tot_uptimes_duration: 8880.0
