comms_cons: 57.29292800046807
finished_reconf: true
global_termination_time: 576982.1024799999
local_termination_time: 576982.0613599999
node_cons: 11861.72351871982
tot_aggregated_send: 8106
tot_msg_rcv: 188
tot_msg_sent: 414
tot_reconf_duration: 24.59
tot_sleeping_duration: 568148.398
tot_uptimes: 148
tot_uptimes_duration: 8833.704479999844
