comms_cons: 33.34338560055583
finished_reconf: true
global_termination_time: 332623.99
local_termination_time: 215548.99028000032
node_cons: 6839.519559999979
tot_aggregated_send: 4582
tot_msg_rcv: 145
tot_msg_sent: 341
tot_reconf_duration: 7.819999999999999
tot_sleeping_duration: 327523.99
tot_uptimes: 86
tot_uptimes_duration: 5100.0
