comms_cons: 34.10657280015291
finished_reconf: true
global_termination_time: 344499.545
local_termination_time: 8980.03248
node_cons: 7075.881620000007
tot_aggregated_send: 4988
tot_msg_rcv: 83
tot_msg_sent: 113
tot_reconf_duration: 4.390000000000001
tot_sleeping_duration: 339219.545
tot_uptimes: 89
tot_uptimes_duration: 5280.0
