comms_cons: 101.12664321015257
finished_reconf: true
global_termination_time: 343965.9029600006
local_termination_time: 343965.8618400006
node_cons: 14185.952434561144
tot_aggregated_send: 0
tot_msg_rcv: 5164
tot_msg_sent: 10206
tot_reconf_duration: 24.59
tot_sleeping_duration: 333396.4039199998
tot_uptimes: 175
tot_uptimes_duration: 10569.499040000832
