comms_cons: 353.24326402817894
finished_reconf: true
global_termination_time: 3496101.324
local_termination_time: 1515363.7793599998
node_cons: 71935.06684111505
tot_aggregated_send: 48488
tot_msg_rcv: 1798
tot_msg_sent: 3404
tot_reconf_duration: 22.65
tot_sleeping_duration: 3442401.317920002
tot_uptimes: 896
tot_uptimes_duration: 53700.006079997635
