comms_cons: 354.097171234059
finished_reconf: true
global_termination_time: 3497814.775
local_termination_time: 27910.751480000003
node_cons: 71912.89336894108
tot_aggregated_send: 48314
tot_msg_rcv: 1901
tot_msg_sent: 3602
tot_reconf_duration: 6.279999999999999
tot_sleeping_duration: 3444114.726360013
tot_uptimes: 896
tot_uptimes_duration: 53700.04863998709
