comms_cons: 346.6859072302096
finished_reconf: true
global_termination_time: 3495998.838
local_termination_time: 1842733.4224399996
node_cons: 71929.72716446657
tot_aggregated_send: 47850
tot_msg_rcv: 1673
tot_msg_sent: 3171
tot_reconf_duration: 18.700000000000003
tot_sleeping_duration: 3442298.813680009
tot_uptimes: 896
tot_uptimes_duration: 53700.024319991004
