comms_cons: 352.92732803501724
finished_reconf: true
global_termination_time: 3496231.713
local_termination_time: 1295522.9235999999
node_cons: 71914.94398334925
tot_aggregated_send: 48488
tot_msg_rcv: 1733
tot_msg_sent: 3421
tot_reconf_duration: 7.819999999999999
tot_sleeping_duration: 3442531.694760007
tot_uptimes: 896
tot_uptimes_duration: 53700.01823999314
