comms_cons: 352.10597763868356
finished_reconf: true
global_termination_time: 3497694.973
local_termination_time: 238724.90236000007
node_cons: 71925.15614334917
tot_aggregated_send: 48720
tot_msg_rcv: 1614
tot_msg_sent: 3185
tot_reconf_duration: 15.34
tot_sleeping_duration: 3443994.954760007
tot_uptimes: 896
tot_uptimes_duration: 53700.01823999314
