comms_cons: 65.26469120069436
finished_reconf: true
global_termination_time: 655397.155
local_termination_time: 237740.45248000007
node_cons: 13434.673001121468
tot_aggregated_send: 9106
tot_msg_rcv: 243
tot_msg_sent: 570
tot_reconf_duration: 13.17
tot_sleeping_duration: 645377.1489199989
tot_uptimes: 168
tot_uptimes_duration: 10020.006080001069
