comms_cons: 128.85631998407598
finished_reconf: true
global_termination_time: 653813.633
local_termination_time: 392947.81248000014
node_cons: 13420.921900000083
tot_aggregated_send: 0
tot_msg_rcv: 9897
tot_msg_sent: 9688
tot_reconf_duration: 3.05
tot_sleeping_duration: 643793.633
tot_uptimes: 168
tot_uptimes_duration: 10020.0
