comms_cons: 33.62033920001732
finished_reconf: true
global_termination_time: 336245.022
local_termination_time: 99957.82691999983
node_cons: 6915.201620000007
tot_aggregated_send: 4814
tot_msg_rcv: 126
tot_msg_sent: 170
tot_reconf_duration: 4.390000000000001
tot_sleeping_duration: 331085.022
tot_uptimes: 87
tot_uptimes_duration: 5160.0
