comms_cons: 33.119692800052945
finished_reconf: true
global_termination_time: 336799.185
local_termination_time: 129729.02727999951
node_cons: 6913.381899999992
tot_aggregated_send: 4872
tot_msg_rcv: 48
tot_msg_sent: 114
tot_reconf_duration: 3.05
tot_sleeping_duration: 331639.185
tot_uptimes: 87
tot_uptimes_duration: 5160.0
