comms_cons: 33.2584831999636
finished_reconf: true
global_termination_time: 336985.128
local_termination_time: 29585.19836
node_cons: 6917.686760000004
tot_aggregated_send: 4872
tot_msg_rcv: 72
tot_msg_sent: 111
tot_reconf_duration: 6.22
tot_sleeping_duration: 331825.128
tot_uptimes: 87
tot_uptimes_duration: 5160.0
