comms_cons: 116.95512960199397
finished_reconf: true
global_termination_time: 589168.047
local_termination_time: 717.6154799999991
node_cons: 12057.942082242878
tot_aggregated_send: 0
tot_msg_rcv: 9065
tot_msg_sent: 8710
tot_reconf_duration: 5.1
tot_sleeping_duration: 580168.0348399979
tot_uptimes: 151
tot_uptimes_duration: 9000.012160002138
