comms_cons: 1.552691199999055
finished_reconf: true
global_termination_time: 13617.916
local_termination_time: 5553.91736
node_cons: 247.55198000000055
tot_aggregated_send: 0
tot_msg_rcv: 122
tot_msg_sent: 114
tot_reconf_duration: 4.8100000000000005
tot_sleeping_duration: 13437.916
tot_uptimes: 4
tot_uptimes_duration: 180.0
