comms_cons: 521.5898815872669
finished_reconf: true
global_termination_time: 603959.9831599992
local_termination_time: 603959.9420399993
node_cons: 60184.78272809636
tot_aggregated_send: 0
tot_msg_rcv: 35883
tot_msg_sent: 43397
tot_reconf_duration: 37.410000000000004
tot_sleeping_duration: 559050.3640800162
tot_uptimes: 719
tot_uptimes_duration: 44909.61907998308
