comms_cons: 63.468569598968905
finished_reconf: true
global_termination_time: 606202.387
local_termination_time: 16356.984600000002
node_cons: 12465.128367838553
tot_aggregated_send: 7772
tot_msg_rcv: 655
tot_msg_sent: 1220
tot_reconf_duration: 9.11
tot_sleeping_duration: 596902.3444400011
tot_uptimes: 156
tot_uptimes_duration: 9300.042559998908
