comms_cons: 62.35502080057262
finished_reconf: true
global_termination_time: 608833.391
local_termination_time: 61369.867680000054
node_cons: 12463.36026560257
tot_aggregated_send: 7946
tot_msg_rcv: 489
tot_msg_sent: 1042
tot_reconf_duration: 7.819999999999999
tot_sleeping_duration: 599533.360599998
tot_uptimes: 156
tot_uptimes_duration: 9300.03040000191
