comms_cons: 67.22626559937233
finished_reconf: true
global_termination_time: 683020.404
local_termination_time: 583374.6268399997
node_cons: 14003.88917999997
tot_aggregated_send: 9860
tot_msg_rcv: 142
tot_msg_sent: 215
tot_reconf_duration: 18.21
tot_sleeping_duration: 672580.404
tot_uptimes: 175
tot_uptimes_duration: 10440.0
