comms_cons: 203.2650111840737
finished_reconf: true
global_termination_time: 2019571.503
local_termination_time: 177054.42536000005
node_cons: 41560.54988558382
tot_aggregated_send: 28072
tot_msg_rcv: 918
tot_msg_sent: 1906
tot_reconf_duration: 18.21
tot_sleeping_duration: 1988551.4726000119
tot_uptimes: 518
tot_uptimes_duration: 31020.030399988173
