comms_cons: 202.976153584245
finished_reconf: true
global_termination_time: 2017386.358
local_termination_time: 203720.18436000004
node_cons: 41486.24754670526
tot_aggregated_send: 27956
tot_msg_rcv: 957
tot_msg_sent: 1939
tot_reconf_duration: 22.65
tot_sleeping_duration: 1986426.321520011
tot_uptimes: 517
tot_uptimes_duration: 30960.03647998924
