comms_cons: 293.65518058789655
finished_reconf: true
global_termination_time: 2019145.38
local_termination_time: 895923.4274799998
node_cons: 41546.41584223342
tot_aggregated_send: 0
tot_msg_rcv: 22476
tot_msg_sent: 22157
tot_reconf_duration: 7.819999999999999
tot_sleeping_duration: 1988125.3678400046
tot_uptimes: 518
tot_uptimes_duration: 31020.01215999527
