comms_cons: 912.19292241569
finished_reconf: true
global_termination_time: 3128796.366
local_termination_time: 859909.0064799997
node_cons: 127797.9057109967
tot_aggregated_send: 0
tot_msg_rcv: 46442
tot_msg_sent: 92206
tot_reconf_duration: 18.21
tot_sleeping_duration: 3033372.0369999995
tot_uptimes: 1580
tot_uptimes_duration: 95424.32900000052
