comms_cons: 307.13761279743693
finished_reconf: true
global_termination_time: 3129243.359
local_termination_time: 2379067.574999998
node_cons: 64377.89197399581
tot_aggregated_send: 45182
tot_msg_rcv: 460
tot_msg_sent: 1040
tot_reconf_duration: 13.17
tot_sleeping_duration: 3081177.6330000022
tot_uptimes: 802
tot_uptimes_duration: 48065.72599999793
