comms_cons: 314.35233281335036
finished_reconf: true
global_termination_time: 3126506.748239997
local_termination_time: 56484.04312000009
node_cons: 64307.82007829425
tot_aggregated_send: 43616
tot_msg_rcv: 1419
tot_msg_sent: 2743
tot_reconf_duration: 11.31
tot_sleeping_duration: 3078491.467360015
tot_uptimes: 801
tot_uptimes_duration: 48015.28087998176
