comms_cons: 303.0128253796884
finished_reconf: true
global_termination_time: 1523172.361
local_termination_time: 2764.5974800000004
node_cons: 31357.38793530736
tot_aggregated_send: 0
tot_msg_rcv: 23431
tot_msg_sent: 22628
tot_reconf_duration: 18.21
tot_sleeping_duration: 1499772.3171200096
tot_uptimes: 391
tot_uptimes_duration: 23400.043879990524
