comms_cons: 151.97294079407465
finished_reconf: true
global_termination_time: 1523733.789
local_termination_time: 286359.86536000005
node_cons: 31344.97138000003
tot_aggregated_send: 21866
tot_msg_rcv: 487
tot_msg_sent: 746
tot_reconf_duration: 9.11
tot_sleeping_duration: 1500333.789
tot_uptimes: 391
tot_uptimes_duration: 23400.0
