comms_cons: 301.23879657809636
finished_reconf: true
global_termination_time: 1523109.04
local_termination_time: 2868.0583600000004
node_cons: 31363.4034761459
tot_aggregated_send: 0
tot_msg_rcv: 23172
tot_msg_sent: 22616
tot_reconf_duration: 22.65
tot_sleeping_duration: 1499709.0065600106
tot_uptimes: 391
tot_uptimes_duration: 23400.033439989435
