comms_cons: 150.2162943942162
finished_reconf: true
global_termination_time: 1526125.957
local_termination_time: 735857.4563599998
node_cons: 31357.994599999987
tot_aggregated_send: 22098
tot_msg_rcv: 229
tot_msg_sent: 505
tot_reconf_duration: 18.700000000000003
tot_sleeping_duration: 1502725.957
tot_uptimes: 391
tot_uptimes_duration: 23400.0
