comms_cons: 155.5723903828639
finished_reconf: true
global_termination_time: 1523591.183
local_termination_time: 146377.2736000001
node_cons: 31338.683736766347
tot_aggregated_send: 20532
tot_msg_rcv: 1012
tot_msg_sent: 2103
tot_reconf_duration: 4.390000000000001
tot_sleeping_duration: 1500191.0918000252
tot_uptimes: 391
tot_uptimes_duration: 23400.09119997482
