comms_cons: 157.40798717940297
finished_reconf: true
global_termination_time: 1524985.898
local_termination_time: 168005.95136000004
node_cons: 31340.04721005613
tot_aggregated_send: 19952
tot_msg_rcv: 1295
tot_msg_sent: 2679
tot_reconf_duration: 5.43
tot_sleeping_duration: 1501585.8432800178
tot_uptimes: 391
tot_uptimes_duration: 23400.054719982145
