comms_cons: 217.81757438821012
finished_reconf: true
global_termination_time: 2190172.363
local_termination_time: 1353197.4308399986
node_cons: 45008.284859999425
tot_aggregated_send: 31204
tot_msg_rcv: 639
tot_msg_sent: 1264
tot_reconf_duration: 13.17
tot_sleeping_duration: 2156572.363
tot_uptimes: 561
tot_uptimes_duration: 33600.0
