comms_cons: 220.97587198202154
finished_reconf: true
global_termination_time: 2188379.544
local_termination_time: 198168.76248000006
node_cons: 44994.5907467005
tot_aggregated_send: 30218
tot_msg_rcv: 1099
tot_msg_sent: 2269
tot_reconf_duration: 3.05
tot_sleeping_duration: 2154779.5075200144
tot_uptimes: 561
tot_uptimes_duration: 33600.03647998581
