comms_cons: 1083.6191770438033
finished_reconf: true
global_termination_time: 5506460.576799996
local_termination_time: 2749.1096000000007
node_cons: 113373.97549054286
tot_aggregated_send: 0
tot_msg_rcv: 82887
tot_msg_sent: 81816
tot_reconf_duration: 18.21
tot_sleeping_duration: 5421808.413760006
tot_uptimes: 1411
tot_uptimes_duration: 84652.16303998977
