comms_cons: 546.9040064857198
finished_reconf: true
global_termination_time: 5507003.529
local_termination_time: 3107142.32736
node_cons: 113286.36650558209
tot_aggregated_send: 75748
tot_msg_rcv: 2729
tot_msg_sent: 4650
tot_reconf_duration: 5.1
tot_sleeping_duration: 5422403.498600011
tot_uptimes: 1411
tot_uptimes_duration: 84600.0303999891
