comms_cons: 95.24833280040718
finished_reconf: true
global_termination_time: 994002.322
local_termination_time: 174681.56460000007
node_cons: 20427.22428448575
tot_aggregated_send: 12934
tot_msg_rcv: 498
tot_msg_sent: 1046
tot_reconf_duration: 15.34
tot_sleeping_duration: 978762.2976799958
tot_uptimes: 255
tot_uptimes_duration: 15240.024320004275
