comms_cons: 99.99726079381617
finished_reconf: true
global_termination_time: 994611.22
local_termination_time: 448024.9448400001
node_cons: 20413.326505597957
tot_aggregated_send: 12992
tot_msg_rcv: 798
tot_msg_sent: 1409
tot_reconf_duration: 5.1
tot_sleeping_duration: 979371.1896000016
tot_uptimes: 255
tot_uptimes_duration: 15240.030399998475
