comms_cons: 98.91303039601532
finished_reconf: true
global_termination_time: 992478.3312400001
local_termination_time: 42316.74272000021
node_cons: 20435.753155919225
tot_aggregated_send: 13340
tot_msg_rcv: 585
tot_msg_sent: 1108
tot_reconf_duration: 4.390000000000001
tot_sleeping_duration: 977220.8319600007
tot_uptimes: 255
tot_uptimes_duration: 15257.499279999392
