comms_cons: 193.77780478839318
finished_reconf: true
global_termination_time: 1941597.2192400005
local_termination_time: 310985.57036
node_cons: 40008.10522271532
tot_aggregated_send: 27318
tot_msg_rcv: 710
tot_msg_sent: 1424
tot_reconf_duration: 4.390000000000001
tot_sleeping_duration: 1911722.578760004
tot_uptimes: 498
tot_uptimes_duration: 29874.640479996742
