comms_cons: 169.99336953615824
finished_reconf: true
global_termination_time: 1182196.436
local_termination_time: 474972.6833600001
node_cons: 24293.446841116904
tot_aggregated_send: 0
tot_msg_rcv: 13027
tot_msg_sent: 12811
tot_reconf_duration: 22.65
tot_sleeping_duration: 1164076.4299200024
tot_uptimes: 303
tot_uptimes_duration: 18120.006079997635
