comms_cons: 171.84234233343116
finished_reconf: true
global_termination_time: 1181103.451
local_termination_time: 473898.62412000046
node_cons: 24269.220121116865
tot_aggregated_send: 0
tot_msg_rcv: 13295
tot_msg_sent: 12824
tot_reconf_duration: 4.8100000000000005
tot_sleeping_duration: 1162983.4449200023
tot_uptimes: 303
tot_uptimes_duration: 18120.006079997635
