comms_cons: 115.08622719760517
finished_reconf: true
global_termination_time: 1181686.303
local_termination_time: 755482.9326799985
node_cons: 24268.64976111689
tot_aggregated_send: 16472
tot_msg_rcv: 323
tot_msg_sent: 697
tot_reconf_duration: 4.390000000000001
tot_sleeping_duration: 1163566.2969200024
tot_uptimes: 303
tot_uptimes_duration: 18120.006079997635
