comms_cons: 115.90775039592558
finished_reconf: true
global_termination_time: 1180847.365
local_termination_time: 553376.0463599999
node_cons: 24273.299560000127
tot_aggregated_send: 16704
tot_msg_rcv: 249
tot_msg_sent: 664
tot_reconf_duration: 7.819999999999999
tot_sleeping_duration: 1162727.365
tot_uptimes: 303
tot_uptimes_duration: 18120.0
