comms_cons: 116.72816639803966
finished_reconf: true
global_termination_time: 1179683.63548
local_termination_time: 1179683.59436
node_cons: 24314.431659841266
tot_aggregated_send: 17038
tot_msg_rcv: 232
tot_msg_sent: 471
tot_reconf_duration: 24.59
tot_sleeping_duration: 1161549.9249199992
tot_uptimes: 303
tot_uptimes_duration: 18133.71056000091
