comms_cons: 12.685062399984872
finished_reconf: true
global_termination_time: 97245.555
local_termination_time: 10425.856520000001
node_cons: 1936.7126633603036
tot_aggregated_send: 522
tot_msg_rcv: 695
tot_msg_sent: 715
tot_reconf_duration: 6.279999999999999
tot_sleeping_duration: 95805.53675999977
tot_uptimes: 25
tot_uptimes_duration: 1440.0182400002286
