comms_cons: 9.869094400010574
finished_reconf: true
global_termination_time: 93246.044
local_termination_time: 30012.45136
node_cons: 1863.1952622405788
tot_aggregated_send: 522
tot_msg_rcv: 352
tot_msg_sent: 626
tot_reconf_duration: 11.31
tot_sleeping_duration: 91866.03183999956
tot_uptimes: 24
tot_uptimes_duration: 1380.012160000435
