comms_cons: 0.8289792000018483
finished_reconf: true
global_termination_time: 4352.327
local_termination_time: 1223.4783600000003
node_cons: 88.78676000000004
tot_aggregated_send: 0
tot_msg_rcv: 71
tot_msg_sent: 54
tot_reconf_duration: 6.22
tot_sleeping_duration: 4292.327
tot_uptimes: 2
tot_uptimes_duration: 60.0
