comms_cons: 133.0649472118993
finished_reconf: true
global_termination_time: 274353.97776000097
local_termination_time: 3417.559040000001
node_cons: 16784.72314812166
tot_aggregated_send: 0
tot_msg_rcv: 8150
tot_msg_sent: 12074
tot_reconf_duration: 18.21
tot_sleeping_duration: 261837.17867999975
tot_uptimes: 206
tot_uptimes_duration: 12516.79908000122
