comms_cons: 27.93528320002223
finished_reconf: true
global_termination_time: 275518.872
local_termination_time: 13125.783720000001
node_cons: 5630.331980000007
tot_aggregated_send: 3828
tot_msg_rcv: 190
tot_msg_sent: 228
tot_reconf_duration: 4.8100000000000005
tot_sleeping_duration: 271318.872
tot_uptimes: 71
tot_uptimes_duration: 4200.0
