comms_cons: 99.18801919787072
finished_reconf: true
global_termination_time: 1006109.316
local_termination_time: 6127.98
node_cons: 20666.16928111686
tot_aggregated_send: 14552
tot_msg_rcv: 182
tot_msg_sent: 342
tot_reconf_duration: 13.83
tot_sleeping_duration: 990689.3099200024
tot_uptimes: 258
tot_uptimes_duration: 15420.006079997635
