comms_cons: 99.3734912005262
finished_reconf: true
global_termination_time: 1002691.7334799999
local_termination_time: 1311.25912
node_cons: 20595.43606871995
tot_aggregated_send: 14442
tot_msg_rcv: 256
tot_msg_sent: 405
tot_reconf_duration: 5.8100000000000005
tot_sleeping_duration: 987316.419
tot_uptimes: 257
tot_uptimes_duration: 15375.314479999943
