comms_cons: 98.66168319940128
finished_reconf: true
global_termination_time: 1003726.78
local_termination_time: 6651.002
node_cons: 20656.168962238295
tot_aggregated_send: 14725
tot_msg_rcv: 95
tot_msg_sent: 176
tot_reconf_duration: 6.46
tot_sleeping_duration: 988306.7678400013
tot_uptimes: 258
tot_uptimes_duration: 15420.012159998703
