comms_cons: 514.3964669295177
finished_reconf: true
global_termination_time: 1062769.2843999981
local_termination_time: 1062769.2432799982
node_cons: 64640.078573070285
tot_aggregated_send: 0
tot_msg_rcv: 31576
tot_msg_sent: 46608
tot_reconf_duration: 24.59
tot_sleeping_duration: 1014519.3326800044
tot_uptimes: 793
tot_uptimes_duration: 48249.95171999368
