comms_cons: 186.06073598628822
finished_reconf: true
global_termination_time: 1871469.8052400001
local_termination_time: 4741.120999999999
node_cons: 38546.26201495423
tot_aggregated_send: 25789
tot_msg_rcv: 810
tot_msg_sent: 1680
tot_reconf_duration: 21.68
tot_sleeping_duration: 1842704.4426000044
tot_uptimes: 480
tot_uptimes_duration: 28765.362639995838
