comms_cons: 163.2496895959759
finished_reconf: true
global_termination_time: 1651957.34
local_termination_time: 1276207.76436
node_cons: 33991.384060000084
tot_aggregated_send: 23722
tot_msg_rcv: 340
tot_msg_sent: 751
tot_reconf_duration: 5.57
tot_sleeping_duration: 1626577.34
tot_uptimes: 424
tot_uptimes_duration: 25380.0
