comms_cons: 162.94704639465894
finished_reconf: true
global_termination_time: 1650710.815
local_termination_time: 1012998.9589599997
node_cons: 33921.36486000006
tot_aggregated_send: 23664
tot_msg_rcv: 417
tot_msg_sent: 686
tot_reconf_duration: 13.17
tot_sleeping_duration: 1625390.815
tot_uptimes: 423
tot_uptimes_duration: 25320.0
