comms_cons: 196.89571838839345
finished_reconf: true
global_termination_time: 1985377.221
local_termination_time: 503914.81548000005
node_cons: 40819.64579999967
tot_aggregated_send: 28246
tot_msg_rcv: 581
tot_msg_sent: 1100
tot_reconf_duration: 5.1
tot_sleeping_duration: 1954897.221
tot_uptimes: 509
tot_uptimes_duration: 30480.0
