comms_cons: 372.4402684959864
finished_reconf: true
global_termination_time: 1985994.495
local_termination_time: 338165.88736000005
node_cons: 40819.317108938965
tot_aggregated_send: 0
tot_msg_rcv: 28822
tot_msg_sent: 27787
tot_reconf_duration: 4.8100000000000005
tot_sleeping_duration: 1955514.4463600158
tot_uptimes: 509
tot_uptimes_duration: 30480.04863998451
