comms_cons: 203.20980477884314
finished_reconf: true
global_termination_time: 1985799.543
local_termination_time: 221881.95036000008
node_cons: 40818.78745452314
tot_aggregated_send: 26274
tot_msg_rcv: 1683
tot_msg_sent: 2928
tot_reconf_duration: 4.390000000000001
tot_sleeping_duration: 1955319.4639600276
tot_uptimes: 509
tot_uptimes_duration: 30480.079039972683
