comms_cons: 651.7438087110506
finished_reconf: true
global_termination_time: 3311467.3887199974
local_termination_time: 719.4334799999991
node_cons: 68157.24251706453
tot_aggregated_send: 0
tot_msg_rcv: 49861
tot_msg_sent: 49200
tot_reconf_duration: 5.1
tot_sleeping_duration: 3260570.9610000076
tot_uptimes: 849
tot_uptimes_duration: 50896.42771998956
