comms_cons: 334.41318401753324
finished_reconf: true
global_termination_time: 3313947.256
local_termination_time: 1546705.646639998
node_cons: 68134.8926855837
tot_aggregated_send: 45588
tot_msg_rcv: 1641
tot_msg_sent: 3600
tot_reconf_duration: 4.8100000000000005
tot_sleeping_duration: 3263067.225600011
tot_uptimes: 849
tot_uptimes_duration: 50880.03039998887
