comms_cons: 332.08856321209987
finished_reconf: true
global_termination_time: 3314596.337
local_termination_time: 1641890.5859199984
node_cons: 68141.15306558322
tot_aggregated_send: 46748
tot_msg_rcv: 1292
tot_msg_sent: 2435
tot_reconf_duration: 9.42
tot_sleeping_duration: 3263716.306600011
tot_uptimes: 849
tot_uptimes_duration: 50880.03039998864
