comms_cons: 332.931814426901
finished_reconf: true
global_termination_time: 3313176.754
local_termination_time: 1864876.12736
node_cons: 68145.48782223283
tot_aggregated_send: 46342
tot_msg_rcv: 1427
tot_msg_sent: 2835
tot_reconf_duration: 12.629999999999999
tot_sleeping_duration: 3262296.741840005
tot_uptimes: 849
tot_uptimes_duration: 50880.01215999562
