comms_cons: 336.4399808533581
finished_reconf: true
global_termination_time: 3313782.418
local_termination_time: 2005370.5941999997
node_cons: 68143.20638223307
tot_aggregated_send: 45414
tot_msg_rcv: 1957
tot_msg_sent: 3764
tot_reconf_duration: 10.95
tot_sleeping_duration: 3262902.4058400043
tot_uptimes: 849
tot_uptimes_duration: 50880.012159995735
