comms_cons: 390.6704317379469
finished_reconf: true
global_termination_time: 1341756.815
local_termination_time: 1022377.9005199992
node_cons: 54743.582106998954
tot_aggregated_send: 0
tot_msg_rcv: 19892
tot_msg_sent: 39488
tot_reconf_duration: 13.17
tot_sleeping_duration: 1300886.2420000003
tot_uptimes: 677
tot_uptimes_duration: 40870.57299999983
