comms_cons: 135.01176319006277
finished_reconf: true
global_termination_time: 1344672.383
local_termination_time: 37734.018480000006
node_cons: 27667.76754670563
tot_aggregated_send: 18444
tot_msg_rcv: 747
tot_msg_sent: 1330
tot_reconf_duration: 22.65
tot_sleeping_duration: 1324032.3465200106
tot_uptimes: 345
tot_uptimes_duration: 20640.03647998924
