comms_cons: 696.2056001667796
finished_reconf: true
global_termination_time: 6958038.113
local_termination_time: 926786.0633599999
node_cons: 143094.0963972798
tot_aggregated_send: 96860
tot_msg_rcv: 2976
tot_msg_sent: 5982
tot_reconf_duration: 6.22
tot_sleeping_duration: 6851178.0311200265
tot_uptimes: 1782
tot_uptimes_duration: 106860.08187997341
