comms_cons: 691.0797953454316
finished_reconf: true
global_termination_time: 6957782.032
local_termination_time: 1068645.3862399978
node_cons: 143093.1135045234
tot_aggregated_send: 96686
tot_msg_rcv: 2776
tot_msg_sent: 5579
tot_reconf_duration: 5.43
tot_sleeping_duration: 6850921.882960023
tot_uptimes: 1782
tot_uptimes_duration: 106860.1490399763
