comms_cons: 54.10201600440363
finished_reconf: true
global_termination_time: 271814.471
local_termination_time: 4423.598360000001
node_cons: 5574.226841119157
tot_aggregated_send: 0
tot_msg_rcv: 4241
tot_msg_sent: 3982
tot_reconf_duration: 22.65
tot_sleeping_duration: 267674.46492000064
tot_uptimes: 70
tot_uptimes_duration: 4140.006079999366
