comms_cons: 27.119462400194926
finished_reconf: true
global_termination_time: 270897.479
local_termination_time: 96881.16835999998
node_cons: 5559.636482241739
tot_aggregated_send: 3770
tot_msg_rcv: 129
tot_msg_sent: 223
tot_reconf_duration: 11.899999999999999
tot_sleeping_duration: 266757.4668399987
tot_uptimes: 70
tot_uptimes_duration: 4140.012160001286
