comms_cons: 280.05102080249566
finished_reconf: true
global_termination_time: 2809884.481
local_termination_time: 2769358.478279999
node_cons: 57869.52917999891
tot_aggregated_send: 40194
tot_msg_rcv: 823
tot_msg_sent: 1549
tot_reconf_duration: 18.21
tot_sleeping_duration: 2766684.481
tot_uptimes: 720
tot_uptimes_duration: 43200.0
