comms_cons: 284.76156161092496
finished_reconf: true
global_termination_time: 2809056.008
local_termination_time: 821486.6953599999
node_cons: 57865.37636781741
tot_aggregated_send: 38686
tot_msg_rcv: 1529
tot_msg_sent: 3067
tot_reconf_duration: 15.110000000000001
tot_sleeping_duration: 2765855.965440016
tot_uptimes: 720
tot_uptimes_duration: 43200.04255998391
