comms_cons: 284.2068992283779
finished_reconf: true
global_termination_time: 2808447.291
local_termination_time: 1933399.6625999988
node_cons: 57853.43414335021
tot_aggregated_send: 38628
tot_msg_rcv: 1437
tot_msg_sent: 3132
tot_reconf_duration: 6.34
tot_sleeping_duration: 2765247.2727600066
tot_uptimes: 720
tot_uptimes_duration: 43200.0182399936
