comms_cons: 58.23215360052442
finished_reconf: true
global_termination_time: 575980.373
local_termination_time: 128558.77247999996
node_cons: 11827.889283364306
tot_aggregated_send: 8004
tot_msg_rcv: 331
tot_msg_sent: 516
tot_reconf_duration: 13.17
tot_sleeping_duration: 567160.3547599969
tot_uptimes: 148
tot_uptimes_duration: 8820.018240003206
