comms_cons: 55.89688320095472
finished_reconf: true
global_termination_time: 576745.656
local_termination_time: 468058.33236
node_cons: 11826.1483411214
tot_aggregated_send: 7830
tot_msg_rcv: 251
tot_msg_sent: 415
tot_reconf_duration: 11.899999999999999
tot_sleeping_duration: 567925.6499199988
tot_uptimes: 148
tot_uptimes_duration: 8820.006080001069
