comms_cons: 59.29832960128742
finished_reconf: true
global_termination_time: 580116.294
local_termination_time: 279307.8776000001
node_cons: 11894.47004112151
tot_aggregated_send: 7946
tot_msg_rcv: 428
tot_msg_sent: 639
tot_reconf_duration: 3.05
tot_sleeping_duration: 571236.2879199989
tot_uptimes: 149
tot_uptimes_duration: 8880.006080001069
