comms_cons: 59.541760001778734
finished_reconf: true
global_termination_time: 575649.316
local_termination_time: 107680.10735999998
node_cons: 11830.860566728614
tot_aggregated_send: 7424
tot_msg_rcv: 586
tot_msg_sent: 1040
tot_reconf_duration: 15.34
tot_sleeping_duration: 566829.2795199936
tot_uptimes: 148
tot_uptimes_duration: 8820.036480006413
