comms_cons: 44.32407040077779
finished_reconf: true
global_termination_time: 439117.449
local_termination_time: 180396.04620000062
node_cons: 9022.80918
tot_aggregated_send: 6032
tot_msg_rcv: 257
tot_msg_sent: 448
tot_reconf_duration: 18.21
tot_sleeping_duration: 432397.449
tot_uptimes: 113
tot_uptimes_duration: 6720.0
