comms_cons: 87.021760011234
finished_reconf: true
global_termination_time: 440182.67
local_termination_time: 315.77935999999994
node_cons: 9032.437400000012
tot_aggregated_send: 0
tot_msg_rcv: 6746
tot_msg_sent: 6479
tot_reconf_duration: 25.299999999999997
tot_sleeping_duration: 433462.67
tot_uptimes: 113
tot_uptimes_duration: 6720.0
