comms_cons: 43.49509120041428
finished_reconf: true
global_termination_time: 439399.637
local_termination_time: 273542.45360000007
node_cons: 9015.96485999999
tot_aggregated_send: 6322
tot_msg_rcv: 127
tot_msg_sent: 162
tot_reconf_duration: 13.17
tot_sleeping_duration: 432679.637
tot_uptimes: 113
tot_uptimes_duration: 6720.0
