comms_cons: 9.915481599973191
finished_reconf: true
global_termination_time: 84307.997
local_termination_time: 40256.822
node_cons: 1697.7921244800243
tot_aggregated_send: 692
tot_msg_rcv: 292
tot_msg_sent: 524
tot_reconf_duration: 7.819999999999999
tot_sleeping_duration: 83047.97267999999
tot_uptimes: 22
tot_uptimes_duration: 1260.0243200000186
