comms_cons: 0.717132799997633
finished_reconf: true
global_termination_time: 7447.76
local_termination_time: 2852.5673600000005
node_cons: 98.22486000000009
tot_aggregated_send: 0
tot_msg_rcv: 62
tot_msg_sent: 46
tot_reconf_duration: 13.17
tot_sleeping_duration: 7387.76
tot_uptimes: 2
tot_uptimes_duration: 60.0
