comms_cons: 246.27489280530492
finished_reconf: true
global_termination_time: 2462804.573
local_termination_time: 1488405.1194799996
node_cons: 50632.09300111601
tot_aggregated_send: 34916
tot_msg_rcv: 903
tot_msg_sent: 1613
tot_reconf_duration: 13.17
tot_sleeping_duration: 2425004.5669200025
tot_uptimes: 631
tot_uptimes_duration: 37800.006079997635
