comms_cons: 249.70037759106097
finished_reconf: true
global_termination_time: 2458092.967
local_termination_time: 601600.7223599999
node_cons: 50538.05074670035
tot_aggregated_send: 33466
tot_msg_rcv: 1463
tot_msg_sent: 3024
tot_reconf_duration: 3.05
tot_sleeping_duration: 2420352.9305200144
tot_uptimes: 630
tot_uptimes_duration: 37740.03647998581
