comms_cons: 303.3675392281573
finished_reconf: true
global_termination_time: 3026654.6222399967
local_termination_time: 76743.34447999996
node_cons: 62310.05895052836
tot_aggregated_send: 42340
tot_msg_rcv: 1218
tot_msg_sent: 2551
tot_reconf_duration: 18.21
tot_sleeping_duration: 2980138.3192000194
tot_uptimes: 776
tot_uptimes_duration: 46516.30303997727
