comms_cons: 459.8789310472333
finished_reconf: true
global_termination_time: 3026928.014
local_termination_time: 1920662.2053199983
node_cons: 62270.43394111542
tot_aggregated_send: 0
tot_msg_rcv: 35325
tot_msg_sent: 34574
tot_reconf_duration: 5.1
tot_sleeping_duration: 2980428.0079200026
tot_uptimes: 776
tot_uptimes_duration: 46500.006079997635
