comms_cons: 301.3608831965505
finished_reconf: true
global_termination_time: 3028186.93
local_termination_time: 1865531.4908399996
node_cons: 62281.4174244663
tot_aggregated_send: 41528
tot_msg_rcv: 1438
tot_msg_sent: 2840
tot_reconf_duration: 13.17
tot_sleeping_duration: 2981686.9056800096
tot_uptimes: 776
tot_uptimes_duration: 46500.024319990756
