comms_cons: 302.8668928161407
finished_reconf: true
global_termination_time: 3028086.573
local_termination_time: 779435.5577599991
node_cons: 62269.51046670501
tot_aggregated_send: 41470
tot_msg_rcv: 1483
tot_msg_sent: 3081
tot_reconf_duration: 4.390000000000001
tot_sleeping_duration: 2981586.5365200103
tot_uptimes: 776
tot_uptimes_duration: 46500.03647998971
