comms_cons: 145.20366078882574
finished_reconf: true
global_termination_time: 1424856.462
local_termination_time: 129358.28147999998
node_cons: 29274.56754670565
tot_aggregated_send: 19256
tot_msg_rcv: 966
tot_msg_sent: 1849
tot_reconf_duration: 22.65
tot_sleeping_duration: 1403016.4255200108
tot_uptimes: 365
tot_uptimes_duration: 21840.03647998924
