comms_cons: 138.5447935978279
finished_reconf: true
global_termination_time: 1419809.228
local_termination_time: 920465.78736
node_cons: 29169.96012111711
tot_aggregated_send: 20184
tot_msg_rcv: 269
tot_msg_sent: 605
tot_reconf_duration: 4.8100000000000005
tot_sleeping_duration: 1398029.221920002
tot_uptimes: 364
tot_uptimes_duration: 21780.00607999775
