comms_cons: 209.0135679838827
finished_reconf: true
global_termination_time: 2076189.39524
local_termination_time: 39716.41948000001
node_cons: 42705.697713827
tot_aggregated_send: 28710
tot_msg_rcv: 1025
tot_msg_sent: 2032
tot_reconf_duration: 18.21
tot_sleeping_duration: 2044314.1386800094
tot_uptimes: 532
tot_uptimes_duration: 31875.25655999058
