comms_cons: 38.81728000015431
finished_reconf: true
global_termination_time: 397764.325
local_termination_time: 46436.23348000002
node_cons: 8130.508341121443
tot_aggregated_send: 5742
tot_msg_rcv: 52
tot_msg_sent: 106
tot_reconf_duration: 11.899999999999999
tot_sleeping_duration: 391704.31891999894
tot_uptimes: 102
tot_uptimes_duration: 6060.006080001069
