comms_cons: 38.84422400006271
finished_reconf: true
global_termination_time: 397588.001
local_termination_time: 148544.74048000007
node_cons: 8135.171720000005
tot_aggregated_send: 5742
tot_msg_rcv: 60
tot_msg_sent: 102
tot_reconf_duration: 15.34
tot_sleeping_duration: 391528.001
tot_uptimes: 102
tot_uptimes_duration: 6060.0
