comms_cons: 209.13099518171055
finished_reconf: true
global_termination_time: 2072403.502
local_termination_time: 541130.13036
node_cons: 42611.00754670065
tot_aggregated_send: 28536
tot_msg_rcv: 1059
tot_msg_sent: 2190
tot_reconf_duration: 22.65
tot_sleeping_duration: 2040603.4655200143
tot_uptimes: 531
tot_uptimes_duration: 31800.036479985807
