comms_cons: 125.9887231972766
finished_reconf: true
global_termination_time: 1277070.065
local_termination_time: 427262.42936
node_cons: 26279.70824
tot_aggregated_send: 18560
tot_msg_rcv: 188
tot_msg_sent: 402
tot_reconf_duration: 6.279999999999999
tot_sleeping_duration: 1257450.065
tot_uptimes: 328
tot_uptimes_duration: 19620.0
