comms_cons: 127.12392959659867
finished_reconf: true
global_termination_time: 1278009.065
local_termination_time: 621226.9493599999
node_cons: 26278.10580000001
tot_aggregated_send: 18328
tot_msg_rcv: 360
tot_msg_sent: 634
tot_reconf_duration: 5.1
tot_sleeping_duration: 1258389.065
tot_uptimes: 328
tot_uptimes_duration: 19620.0
