comms_cons: 124.93242879945545
finished_reconf: true
global_termination_time: 1277053.067
local_termination_time: 983476.3298799981
node_cons: 26295.324524317537
tot_aggregated_send: 18560
tot_msg_rcv: 121
tot_msg_sent: 308
tot_reconf_duration: 13.17
tot_sleeping_duration: 1257428.3921200018
tot_uptimes: 328
tot_uptimes_duration: 19624.674879998085
