comms_cons: 50.2401152010918
finished_reconf: true
global_termination_time: 491413.05948000005
local_termination_time: 491413.01836000005
node_cons: 10094.292365446428
tot_aggregated_send: 6482
tot_msg_rcv: 382
tot_msg_sent: 771
tot_reconf_duration: 24.59
tot_sleeping_duration: 483899.31851999526
tot_uptimes: 126
tot_uptimes_duration: 7513.740960004783
