comms_cons: 51.22041600133066
finished_reconf: true
global_termination_time: 493087.169
local_termination_time: 80242.0594399996
node_cons: 10131.303042242876
tot_aggregated_send: 6496
tot_msg_rcv: 531
tot_msg_sent: 759
tot_reconf_duration: 6.22
tot_sleeping_duration: 485527.15683999786
tot_uptimes: 127
tot_uptimes_duration: 7560.0121600021375
