comms_cons: 56.40679680466271
finished_reconf: true
global_termination_time: 276329.5606000002
local_termination_time: 1443.9810400000015
node_cons: 5669.114751759987
tot_aggregated_send: 0
tot_msg_rcv: 4506
tot_msg_sent: 4064
tot_reconf_duration: 18.21
tot_sleeping_duration: 272114.18676000024
tot_uptimes: 71
tot_uptimes_duration: 4215.373839999986
