comms_cons: 132.54129921181516
finished_reconf: true
global_termination_time: 276328.9606000001
local_termination_time: 276328.9194800001
node_cons: 16655.22370499877
tot_aggregated_send: 0
tot_msg_rcv: 8159
tot_msg_sent: 11986
tot_reconf_duration: 24.59
tot_sleeping_duration: 263915.34560000105
tot_uptimes: 205
tot_uptimes_duration: 12413.614999999056
