comms_cons: 27.132620799968155
finished_reconf: true
global_termination_time: 276601.71
local_termination_time: 29264.16836
node_cons: 5639.158980000002
tot_aggregated_send: 3944
tot_msg_rcv: 74
tot_msg_sent: 106
tot_reconf_duration: 11.31
tot_sleeping_duration: 272401.71
tot_uptimes: 71
tot_uptimes_duration: 4200.0
