comms_cons: 51.9199488005431
finished_reconf: true
global_termination_time: 520152.348
local_termination_time: 6278.055
node_cons: 10701.844622241735
tot_aggregated_send: 7411
tot_msg_rcv: 188
tot_msg_sent: 292
tot_reconf_duration: 12.23
tot_sleeping_duration: 512172.3358399987
tot_uptimes: 134
tot_uptimes_duration: 7980.012160001286
