comms_cons: 434.3689216663352
finished_reconf: true
global_termination_time: 4320024.988239997
local_termination_time: 95745.28647999997
node_cons: 88901.22213718128
tot_aggregated_send: 60204
tot_msg_rcv: 1991
tot_msg_sent: 3825
tot_reconf_duration: 18.21
tot_sleeping_duration: 4253649.713440009
tot_uptimes: 1107
tot_uptimes_duration: 66375.27479998779
