comms_cons: 1820.8887515214203
finished_reconf: true
global_termination_time: 4320466.474
local_termination_time: 790680.5835999999
node_cons: 262379.52781932696
tot_aggregated_send: 0
tot_msg_rcv: 111806
tot_msg_sent: 164960
tot_reconf_duration: 6.22
tot_sleeping_duration: 4124520.931760018
tot_uptimes: 3207
tot_uptimes_duration: 195945.54223998226
