comms_cons: 740.9791371107259
finished_reconf: true
global_termination_time: 4320466.474
local_termination_time: 791788.9503599998
node_cons: 88871.43154446519
tot_aggregated_send: 0
tot_msg_rcv: 56734
tot_msg_sent: 55890
tot_reconf_duration: 11.31
tot_sleeping_duration: 4254106.44968001
tot_uptimes: 1107
tot_uptimes_duration: 66360.02431999077
