comms_cons: 10.39071999968588
finished_reconf: true
global_termination_time: 112938.846
local_termination_time: 262.3002399999999
node_cons: 2257.5158833574533
tot_aggregated_send: 522
tot_msg_rcv: 433
tot_msg_sent: 625
tot_reconf_duration: 5.87
tot_sleeping_duration: 111258.8277600019
tot_uptimes: 29
tot_uptimes_duration: 1680.0182399980986
