comms_cons: 14.02796159951431
finished_reconf: true
global_termination_time: 114224.175
local_termination_time: 6893.280000000001
node_cons: 2339.9499055968968
tot_aggregated_send: 459
tot_msg_rcv: 695
tot_msg_sent: 980
tot_reconf_duration: 7.3999999999999995
tot_sleeping_duration: 112484.14460000231
tot_uptimes: 30
tot_uptimes_duration: 1740.0303999976823
