comms_cons: 12.529305599614105
finished_reconf: true
global_termination_time: 111718.302
local_termination_time: 2628.84712
node_cons: 2275.3491255980357
tot_aggregated_send: 754
tot_msg_rcv: 439
tot_msg_sent: 713
tot_reconf_duration: 18.990000000000002
tot_sleeping_duration: 110038.27160000146
tot_uptimes: 29
tot_uptimes_duration: 1680.0303999985335
