comms_cons: 14.11821439972885
finished_reconf: true
global_termination_time: 110922.96435999963
local_termination_time: 5100.968
node_cons: 2314.837039996139
tot_aggregated_send: 574
tot_msg_rcv: 617
tot_msg_sent: 953
tot_reconf_duration: 7.08
tot_sleeping_duration: 109201.36436000252
tot_uptimes: 29
tot_uptimes_duration: 1721.5999999971173
