comms_cons: 49.28604160035997
finished_reconf: true
global_termination_time: 520845.468
local_termination_time: 88160.51635999995
node_cons: 10719.585541121429
tot_aggregated_send: 7018
tot_msg_rcv: 202
tot_msg_sent: 272
tot_reconf_duration: 25.299999999999997
tot_sleeping_duration: 512865.4619199989
tot_uptimes: 134
tot_uptimes_duration: 7980.006080001069
