comms_cons: 50.6861568001061
finished_reconf: true
global_termination_time: 521852.507
local_termination_time: 66709.15655999958
node_cons: 10691.768530038522
tot_aggregated_send: 6960
tot_msg_rcv: 221
tot_msg_sent: 523
tot_reconf_duration: 4.8100000000000005
tot_sleeping_duration: 513872.4946400011
tot_uptimes: 134
tot_uptimes_duration: 7980.012359998887
