comms_cons: 24.882534399898855
finished_reconf: true
global_termination_time: 243223.356
local_termination_time: 78669.3641999999
node_cons: 4988.462081121445
tot_aggregated_send: 3306
tot_msg_rcv: 190
tot_msg_sent: 286
tot_reconf_duration: 5.43
tot_sleeping_duration: 239503.34991999893
tot_uptimes: 63
tot_uptimes_duration: 3720.0060800010688
