comms_cons: 119.6205951960589
finished_reconf: true
global_termination_time: 1205888.042
local_termination_time: 885567.3274799999
node_cons: 24760.896482233737
tot_aggregated_send: 16704
tot_msg_rcv: 497
tot_msg_sent: 980
tot_reconf_duration: 11.899999999999999
tot_sleeping_duration: 1187408.0298400046
tot_uptimes: 309
tot_uptimes_duration: 18480.01215999527
