comms_cons: 67.04267520025073
finished_reconf: true
global_termination_time: 661558.673
local_termination_time: 67455.75499999974
node_cons: 13602.20546224289
tot_aggregated_send: 8816
tot_msg_rcv: 516
tot_msg_sent: 859
tot_reconf_duration: 18.21
tot_sleeping_duration: 651418.6608399978
tot_uptimes: 170
tot_uptimes_duration: 10140.012160002138
