comms_cons: 64.1424576001226
finished_reconf: true
global_termination_time: 659412.54
local_termination_time: 549042.7193599999
node_cons: 13512.487121116768
tot_aggregated_send: 9048
tot_msg_rcv: 235
tot_msg_sent: 466
tot_reconf_duration: 11.31
tot_sleeping_duration: 649332.5339200024
tot_uptimes: 169
tot_uptimes_duration: 10080.006079997635
