comms_cons: 0.8684543999971327
finished_reconf: true
global_termination_time: 4766.325
local_termination_time: 3220.63036
node_cons: 86.30161999999983
tot_aggregated_send: 0
tot_msg_rcv: 75
tot_msg_sent: 56
tot_reconf_duration: 4.390000000000001
tot_sleeping_duration: 4706.325
tot_uptimes: 2
tot_uptimes_duration: 60.0
