comms_cons: 0.7039743999996285
finished_reconf: true
global_termination_time: 4689.672
local_termination_time: 278.8190399999995
node_cons: 88.78890239999782
tot_aggregated_send: 0
tot_msg_rcv: 52
tot_msg_sent: 55
tot_reconf_duration: 6.22
tot_sleeping_duration: 4629.670400000001
tot_uptimes: 2
tot_uptimes_duration: 60.00159999999835
