comms_cons: 526.6137277109693
finished_reconf: true
global_termination_time: 1594670.033
local_termination_time: 731332.3663999982
node_cons: 96883.41935834826
tot_aggregated_send: 0
tot_msg_rcv: 32366
tot_msg_sent: 47677
tot_reconf_duration: 4.390000000000001
tot_sleeping_duration: 1522319.429760007
tot_uptimes: 1188
tot_uptimes_duration: 72350.60323999316
