comms_cons: 156.95339519891277
finished_reconf: true
global_termination_time: 1596809.698
local_termination_time: 869487.0073999981
node_cons: 32794.07897999997
tot_aggregated_send: 23084
tot_msg_rcv: 205
tot_msg_sent: 567
tot_reconf_duration: 11.31
tot_sleeping_duration: 1572329.698
tot_uptimes: 409
tot_uptimes_duration: 24480.0
