comms_cons: 27.64652800038201
finished_reconf: true
global_termination_time: 272031.825
local_termination_time: 37512.143000000004
node_cons: 5558.37080560374
tot_aggregated_send: 3476
tot_msg_rcv: 205
tot_msg_sent: 522
tot_reconf_duration: 10.95
tot_sleeping_duration: 267891.7945999972
tot_uptimes: 70
tot_uptimes_duration: 4140.03040000279
