comms_cons: 44.83586560025309
finished_reconf: true
global_termination_time: 441950.19
local_termination_time: 140206.12612000093
node_cons: 9091.68680480268
tot_aggregated_send: 6032
tot_msg_rcv: 266
tot_msg_sent: 516
tot_reconf_duration: 8.09
tot_sleeping_duration: 435168.486799998
tot_uptimes: 114
tot_uptimes_duration: 6781.703200001997
