comms_cons: 44.567500800430736
finished_reconf: true
global_termination_time: 450099.788
local_termination_time: 73685.0664799994
node_cons: 9243.250041121426
tot_aggregated_send: 6264
tot_msg_rcv: 105
tot_msg_sent: 405
tot_reconf_duration: 3.05
tot_sleeping_duration: 443199.78191999893
tot_uptimes: 116
tot_uptimes_duration: 6900.006080001069
