comms_cons: 103.35923199793487
finished_reconf: true
global_termination_time: 1056542.569
local_termination_time: 576451.1454399995
node_cons: 21722.558700000063
tot_aggregated_send: 15312
tot_msg_rcv: 164
tot_msg_sent: 234
tot_reconf_duration: 22.65
tot_sleeping_duration: 1040342.5689999999
tot_uptimes: 271
tot_uptimes_duration: 16200.0
