comms_cons: 104.48427519517162
finished_reconf: true
global_termination_time: 1055648.1484799997
local_termination_time: 1055648.1073599998
node_cons: 21760.961219836663
tot_aggregated_send: 15170
tot_msg_rcv: 238
tot_msg_sent: 471
tot_reconf_duration: 37.410000000000004
tot_sleeping_duration: 1039434.4379200023
tot_uptimes: 271
tot_uptimes_duration: 16213.710559997475
