comms_cons: 103.69539839920634
finished_reconf: true
global_termination_time: 1057740.715
local_termination_time: 728439.5693599998
node_cons: 21702.79436111682
tot_aggregated_send: 15312
tot_msg_rcv: 107
tot_msg_sent: 342
tot_reconf_duration: 8.09
tot_sleeping_duration: 1041540.7089200024
tot_uptimes: 271
tot_uptimes_duration: 16200.006079997635
