comms_cons: 104.73589119778264
finished_reconf: true
global_termination_time: 1049930.539
local_termination_time: 166653.036360001
node_cons: 21593.61707416281
tot_aggregated_send: 14790
tot_msg_rcv: 379
tot_msg_sent: 750
tot_reconf_duration: 25.299999999999997
tot_sleeping_duration: 1033829.523559998
tot_uptimes: 269
tot_uptimes_duration: 16101.015440002055
