comms_cons: 103.78030079831947
finished_reconf: true
global_termination_time: 1050038.499
local_termination_time: 114442.98895999964
node_cons: 21549.00486000003
tot_aggregated_send: 15022
tot_msg_rcv: 242
tot_msg_sent: 510
tot_reconf_duration: 13.17
tot_sleeping_duration: 1033958.4990000001
tot_uptimes: 269
tot_uptimes_duration: 16080.0
