comms_cons: 107.63571199204479
finished_reconf: true
global_termination_time: 1052440.528
local_termination_time: 57132.05852000017
node_cons: 21615.642605597994
tot_aggregated_send: 14268
tot_msg_rcv: 751
tot_msg_sent: 1341
tot_reconf_duration: 3.05
tot_sleeping_duration: 1036300.4976000014
tot_uptimes: 270
tot_uptimes_duration: 16140.030399998475
