comms_cons: 2.329036799994488
finished_reconf: true
global_termination_time: 13259.442
local_termination_time: 825.8389599999998
node_cons: 248.58406000000008
tot_aggregated_send: 0
tot_msg_rcv: 182
tot_msg_sent: 171
tot_reconf_duration: 5.57
tot_sleeping_duration: 13079.442
tot_uptimes: 4
tot_uptimes_duration: 180.0
