comms_cons: 2.3158783999923473
finished_reconf: true
global_termination_time: 12152.589240000012
local_termination_time: 7512.695360000001
node_cons: 323.43973936001623
tot_aggregated_send: 0
tot_msg_rcv: 182
tot_msg_sent: 170
tot_reconf_duration: 7.819999999999999
tot_sleeping_duration: 11918.967
tot_uptimes: 4
tot_uptimes_duration: 233.62224000001152
