comms_cons: 90.48395519330917
finished_reconf: true
global_termination_time: 886051.1014799998
local_termination_time: 886051.0603599999
node_cons: 18226.05006655141
tot_aggregated_send: 11748
tot_msg_rcv: 646
tot_msg_sent: 1359
tot_reconf_duration: 37.410000000000004
tot_sleeping_duration: 872477.3544400063
tot_uptimes: 227
tot_uptimes_duration: 13573.747039993556
