comms_cons: 10.2181248001099
finished_reconf: true
global_termination_time: 85528.444
local_termination_time: 34306.91292000005
node_cons: 1694.0902233608715
tot_aggregated_send: 348
tot_msg_rcv: 455
tot_msg_sent: 751
tot_reconf_duration: 5.1
tot_sleeping_duration: 84268.42575999936
tot_uptimes: 22
tot_uptimes_duration: 1260.0182400006524
