comms_cons: 10.911449600024294
finished_reconf: true
global_termination_time: 86584.338
local_termination_time: 35289.34624000019
node_cons: 1791.8059856008283
tot_aggregated_send: 580
tot_msg_rcv: 555
tot_msg_sent: 524
tot_reconf_duration: 13.17
tot_sleeping_duration: 85259.52759999938
tot_uptimes: 23
tot_uptimes_duration: 1324.8104000006206
