comms_cons: 36.86451200020032
finished_reconf: true
global_termination_time: 363304.872
local_termination_time: 77079.08447999998
node_cons: 7486.987121121457
tot_aggregated_send: 4988
tot_msg_rcv: 216
tot_msg_sent: 400
tot_reconf_duration: 11.31
tot_sleeping_duration: 357724.8659199989
tot_uptimes: 94
tot_uptimes_duration: 5580.006080001069
