comms_cons: 63.486444799227066
finished_reconf: true
global_termination_time: 617434.7376399991
local_termination_time: 617434.6965199992
node_cons: 12770.86274192456
tot_aggregated_send: 8222
tot_msg_rcv: 459
tot_msg_sent: 967
tot_reconf_duration: 24.59
tot_sleeping_duration: 607922.0643599958
tot_uptimes: 159
tot_uptimes_duration: 9512.673280003386
