comms_cons: 66.18014079819957
finished_reconf: true
global_termination_time: 619702.269
local_termination_time: 155032.46036000006
node_cons: 12700.702787843162
tot_aggregated_send: 7656
tot_msg_rcv: 889
tot_msg_sent: 1514
tot_reconf_duration: 5.1
tot_sleeping_duration: 610222.2264399976
tot_uptimes: 159
tot_uptimes_duration: 9480.042560002345
