comms_cons: 64.22839679944694
finished_reconf: true
global_termination_time: 620252.895
local_termination_time: 178788.56636000003
node_cons: 12704.380265601403
tot_aggregated_send: 7714
tot_msg_rcv: 712
tot_msg_sent: 1336
tot_reconf_duration: 7.819999999999999
tot_sleeping_duration: 610772.8645999989
tot_uptimes: 159
tot_uptimes_duration: 9480.030400001058
