comms_cons: 63.177318400433606
finished_reconf: true
global_termination_time: 624123.228
local_termination_time: 243435.16984000057
node_cons: 12782.525184639593
tot_aggregated_send: 8410
tot_msg_rcv: 424
tot_msg_sent: 769
tot_reconf_duration: 6.22
tot_sleeping_duration: 614583.2142400002
tot_uptimes: 160
tot_uptimes_duration: 9540.013759999681
