comms_cons: 65.98937600029028
finished_reconf: true
global_termination_time: 617435.2302400001
local_termination_time: 13252.862360000001
node_cons: 12733.660428328087
tot_aggregated_send: 7714
tot_msg_rcv: 894
tot_msg_sent: 1421
tot_reconf_duration: 15.34
tot_sleeping_duration: 607940.959359994
tot_uptimes: 159
tot_uptimes_duration: 9494.270880006028
