comms_cons: 185.42159359556925
finished_reconf: true
global_termination_time: 1935366.229
local_termination_time: 1002245.6153599999
node_cons: 39776.74675999987
tot_aggregated_send: 26912
tot_msg_rcv: 444
tot_msg_sent: 827
tot_reconf_duration: 6.22
tot_sleeping_duration: 1905666.229
tot_uptimes: 496
tot_uptimes_duration: 29700.0
