comms_cons: 471.1524861772152
finished_reconf: true
global_termination_time: 1261878.399
local_termination_time: 224608.2396000001
node_cons: 76231.3316774699
tot_aggregated_send: 0
tot_msg_rcv: 29021
tot_msg_sent: 42593
tot_reconf_duration: 18.21
tot_sleeping_duration: 1204965.3276800062
tot_uptimes: 932
tot_uptimes_duration: 56913.071319993745
