comms_cons: 104.75660799323036
finished_reconf: true
global_termination_time: 1016611.698
local_termination_time: 42028.91048000001
node_cons: 20896.985227827052
tot_aggregated_send: 13746
tot_msg_rcv: 853
tot_msg_sent: 1323
tot_reconf_duration: 6.279999999999999
tot_sleeping_duration: 1001011.6554400097
tot_uptimes: 261
tot_uptimes_duration: 15600.04255999031
