comms_cons: 101.48415999576618
finished_reconf: true
global_termination_time: 1014893.202
local_termination_time: 615007.9265599995
node_cons: 20824.236482233726
tot_aggregated_send: 14326
tot_msg_rcv: 411
tot_msg_sent: 688
tot_reconf_duration: 11.899999999999999
tot_sleeping_duration: 999353.1898400048
tot_uptimes: 260
tot_uptimes_duration: 15540.012159995269
