comms_cons: 113.06392320664294
finished_reconf: true
global_termination_time: 566703.926
local_termination_time: 2601.3073600000002
node_cons: 11664.683403362029
tot_aggregated_send: 0
tot_msg_rcv: 8778
tot_msg_sent: 8406
tot_reconf_duration: 11.31
tot_sleeping_duration: 558003.9077599986
tot_uptimes: 146
tot_uptimes_duration: 8700.018240001504
