comms_cons: 280.8134400004503
finished_reconf: true
global_termination_time: 2808782.673
local_termination_time: 5274.4
node_cons: 57879.274146704876
tot_aggregated_send: 38951
tot_msg_rcv: 1245
tot_msg_sent: 2486
tot_reconf_duration: 25.35
tot_sleeping_duration: 2765582.6365200104
tot_uptimes: 720
tot_uptimes_duration: 43200.036479989474
