comms_cons: 275.45001601841955
finished_reconf: true
global_termination_time: 2807936.374
local_termination_time: 4599.887
node_cons: 57863.61370446661
tot_aggregated_send: 39194
tot_msg_rcv: 851
tot_msg_sent: 1821
tot_reconf_duration: 13.83
tot_sleeping_duration: 2764736.3496800093
tot_uptimes: 720
tot_uptimes_duration: 43200.02431999077
