comms_cons: 282.9760256132464
finished_reconf: true
global_termination_time: 2809808.137
local_termination_time: 4091.3690000000006
node_cons: 57859.18388782202
tot_aggregated_send: 38733
tot_msg_rcv: 1484
tot_msg_sent: 2793
tot_reconf_duration: 10.55
tot_sleeping_duration: 2766608.094440013
tot_uptimes: 720
tot_uptimes_duration: 43200.04255998734
