comms_cons: 58.33776640052951
finished_reconf: true
global_termination_time: 585027.267
local_termination_time: 176914.60820000063
node_cons: 11986.027121121444
tot_aggregated_send: 8120
tot_msg_rcv: 234
tot_msg_sent: 513
tot_reconf_duration: 11.31
tot_sleeping_duration: 576087.260919999
tot_uptimes: 150
tot_uptimes_duration: 8940.006080001069
