comms_cons: 14.22485760015029
finished_reconf: true
global_termination_time: 142020.628
local_termination_time: 57709.089
node_cons: 2898.475881760291
tot_aggregated_send: 1796
tot_msg_rcv: 76
tot_msg_sent: 291
tot_reconf_duration: 3.05
tot_sleeping_duration: 139859.06415999978
tot_uptimes: 37
tot_uptimes_duration: 2161.5638400002135
