comms_cons: 11.053055999903622
finished_reconf: true
global_termination_time: 107920.61695999987
local_termination_time: 107906.27135999997
node_cons: 2213.7016474398392
tot_aggregated_send: 1450
tot_msg_rcv: 105
tot_msg_sent: 124
tot_reconf_duration: 7.819999999999999
tot_sleeping_duration: 106275.298
tot_uptimes: 28
tot_uptimes_duration: 1645.3189599998732
