comms_cons: 344.6003520198091
finished_reconf: true
global_termination_time: 3439408.976119997
local_termination_time: 8054.276440000003
node_cons: 70734.4842797312
tot_aggregated_send: 47792
tot_msg_rcv: 1378
tot_msg_sent: 3208
tot_reconf_duration: 10.95
tot_sleeping_duration: 3386593.7302800175
tot_uptimes: 881
tot_uptimes_duration: 52815.245839979674
