comms_cons: 343.38881283131
finished_reconf: true
global_termination_time: 3439730.27
local_termination_time: 1930740.3573599998
node_cons: 70706.61464558406
tot_aggregated_send: 48662
tot_msg_rcv: 1238
tot_msg_sent: 2294
tot_reconf_duration: 5.43
tot_sleeping_duration: 3386930.2396000107
tot_uptimes: 881
tot_uptimes_duration: 52800.03039998934
