comms_cons: 63.094527999640874
finished_reconf: true
global_termination_time: 646316.783
local_termination_time: 6672.623
node_cons: 13270.44318224288
tot_aggregated_send: 9162
tot_msg_rcv: 134
tot_msg_sent: 294
tot_reconf_duration: 10.55
tot_sleeping_duration: 636416.7708399979
tot_uptimes: 166
tot_uptimes_duration: 9900.012160002138
