comms_cons: 146.9436480145201
finished_reconf: true
global_termination_time: 302422.0244400003
local_termination_time: 1644.8500400000014
node_cons: 18581.17953660594
tot_aggregated_send: 0
tot_msg_rcv: 8953
tot_msg_sent: 13382
tot_reconf_duration: 18.21
tot_sleeping_duration: 288563.5850399959
tot_uptimes: 229
tot_uptimes_duration: 13858.439400004423
