comms_cons: 31.573580800856806
finished_reconf: true
global_termination_time: 305540.783
local_termination_time: 135109.1761600008
node_cons: 6273.051980000004
tot_aggregated_send: 4060
tot_msg_rcv: 279
tot_msg_sent: 460
tot_reconf_duration: 4.8100000000000005
tot_sleeping_duration: 300860.783
tot_uptimes: 79
tot_uptimes_duration: 4680.0
