comms_cons: 34.75791360080565
finished_reconf: true
global_termination_time: 330595.558
local_termination_time: 6925.27448
node_cons: 6765.719681121438
tot_aggregated_send: 4118
tot_msg_rcv: 421
tot_msg_sent: 744
tot_reconf_duration: 12.629999999999999
tot_sleeping_duration: 325555.55191999895
tot_uptimes: 85
tot_uptimes_duration: 5040.006080001069
