comms_cons: 33.726233600074885
finished_reconf: true
global_termination_time: 331307.014
local_termination_time: 104532.16387999975
node_cons: 6773.979023362036
tot_aggregated_send: 4350
tot_msg_rcv: 268
tot_msg_sent: 508
tot_reconf_duration: 18.700000000000003
tot_sleeping_duration: 326266.9957599985
tot_uptimes: 85
tot_uptimes_duration: 5040.018240001504
