comms_cons: 87.50793599633468
finished_reconf: true
global_termination_time: 788935.4902400001
local_termination_time: 56272.22152000017
node_cons: 16280.106054895936
tot_aggregated_send: 6844
tot_msg_rcv: 2339
tot_msg_sent: 4123
tot_reconf_duration: 18.21
tot_sleeping_duration: 776795.5523199881
tot_uptimes: 203
tot_uptimes_duration: 12139.937920011893
