comms_cons: 77.92467199908158
finished_reconf: true
global_termination_time: 791641.337
local_termination_time: 397735.00684000104
node_cons: 16236.252201116868
tot_aggregated_send: 11426
tot_msg_rcv: 133
tot_msg_sent: 285
tot_reconf_duration: 5.57
tot_sleeping_duration: 779521.3309200024
tot_uptimes: 203
tot_uptimes_duration: 12120.006079997635
