comms_cons: 77.40042239945903
finished_reconf: true
global_termination_time: 790391.728
local_termination_time: 192804.29736000008
node_cons: 16263.045541121479
tot_aggregated_send: 11426
tot_msg_rcv: 128
tot_msg_sent: 211
tot_reconf_duration: 25.299999999999997
tot_sleeping_duration: 778271.7219199989
tot_uptimes: 203
tot_uptimes_duration: 12120.006080001069
