comms_cons: 78.5359103997263
finished_reconf: true
global_termination_time: 791001.207
local_termination_time: 125727.11883999994
node_cons: 16239.299560000034
tot_aggregated_send: 11194
tot_msg_rcv: 278
tot_msg_sent: 465
tot_reconf_duration: 7.819999999999999
tot_sleeping_duration: 778881.207
tot_uptimes: 203
tot_uptimes_duration: 12120.0
