comms_cons: 284.3081727995436
finished_reconf: true
global_termination_time: 2824774.101239997
local_termination_time: 21441.02936
node_cons: 58131.05098388875
tot_aggregated_send: 38222
tot_msg_rcv: 1818
tot_msg_sent: 3172
tot_reconf_duration: 18.21
tot_sleeping_duration: 2781378.7899600198
tot_uptimes: 724
tot_uptimes_duration: 43395.311279977446
