comms_cons: 280.4374272092409
finished_reconf: true
global_termination_time: 2828632.273
local_termination_time: 544830.9534799998
node_cons: 58173.08579999892
tot_aggregated_send: 40542
tot_msg_rcv: 636
tot_msg_sent: 1446
tot_reconf_duration: 5.1
tot_sleeping_duration: 2785192.273
tot_uptimes: 725
tot_uptimes_duration: 43440.0
