comms_cons: 274.9184511905452
finished_reconf: true
global_termination_time: 2826612.525
local_termination_time: 1276544.5384799992
node_cons: 58111.222741116035
tot_aggregated_send: 40194
tot_msg_rcv: 562
tot_msg_sent: 1030
tot_reconf_duration: 18.700000000000003
tot_sleeping_duration: 2783232.518920002
tot_uptimes: 724
tot_uptimes_duration: 43380.006079997635
