comms_cons: 292.1013504271438
finished_reconf: true
global_termination_time: 2825370.32
local_termination_time: 73052.60535999999
node_cons: 58101.26853229104
tot_aggregated_send: 37236
tot_msg_rcv: 2457
tot_msg_sent: 4703
tot_reconf_duration: 11.31
tot_sleeping_duration: 2781990.2531200205
tot_uptimes: 724
tot_uptimes_duration: 43380.066879979146
