comms_cons: 70.41877760813291
finished_reconf: true
global_termination_time: 353529.137
local_termination_time: 7186.115360000001
node_cons: 7261.391264479749
tot_aggregated_send: 0
tot_msg_rcv: 5500
tot_msg_sent: 5203
tot_reconf_duration: 22.65
tot_sleeping_duration: 348129.1126800002
tot_uptimes: 91
tot_uptimes_duration: 5400.024319999806
