comms_cons: 51.923046400033975
finished_reconf: true
global_termination_time: 528871.314
local_termination_time: 80537.25659999994
node_cons: 10853.464060000004
tot_aggregated_send: 7714
tot_msg_rcv: 66
tot_msg_sent: 112
tot_reconf_duration: 5.57
tot_sleeping_duration: 520771.314
tot_uptimes: 136
tot_uptimes_duration: 8100.0
