comms_cons: 51.699353600360396
finished_reconf: true
global_termination_time: 526022.547
local_termination_time: 27638.640440000006
node_cons: 10772.48580000002
tot_aggregated_send: 7540
tot_msg_rcv: 90
tot_msg_sent: 228
tot_reconf_duration: 5.1
tot_sleeping_duration: 517982.547
tot_uptimes: 135
tot_uptimes_duration: 8040.000000000002
