comms_cons: 51.75198720003095
finished_reconf: true
global_termination_time: 524570.4746399992
local_termination_time: 138869.55584000013
node_cons: 10847.109972959011
tot_aggregated_send: 7656
tot_msg_rcv: 96
tot_msg_sent: 114
tot_reconf_duration: 25.299999999999997
tot_sleeping_duration: 516495.23
tot_uptimes: 135
tot_uptimes_duration: 8075.244639999233
