comms_cons: 52.508595200751046
finished_reconf: true
global_termination_time: 526376.811
local_termination_time: 17806.338480000002
node_cons: 10786.087521119167
tot_aggregated_send: 7250
tot_msg_rcv: 222
tot_msg_sent: 509
tot_reconf_duration: 15.110000000000001
tot_sleeping_duration: 518336.80492000066
tot_uptimes: 135
tot_uptimes_duration: 8040.006079999366
