comms_cons: 418.77120001277603
finished_reconf: true
global_termination_time: 4256949.675
local_termination_time: 1318764.272239999
node_cons: 87604.95739999773
tot_aggregated_send: 61538
tot_msg_rcv: 684
tot_msg_sent: 1428
tot_reconf_duration: 25.299999999999997
tot_sleeping_duration: 4191549.675
tot_uptimes: 1091
tot_uptimes_duration: 65400.0
