comms_cons: 283.52209921014276
finished_reconf: true
global_termination_time: 2837259.209
local_termination_time: 565801.3512799992
node_cons: 58351.64245005602
tot_aggregated_send: 38454
tot_msg_rcv: 1521
tot_msg_sent: 3118
tot_reconf_duration: 18.21
tot_sleeping_duration: 2793699.1542800167
tot_uptimes: 727
tot_uptimes_duration: 43560.0547199829
