comms_cons: 285.781625606444
finished_reconf: true
global_termination_time: 2831661.171
local_termination_time: 111745.34335999997
node_cons: 58277.38895787844
tot_aggregated_send: 37700
tot_msg_rcv: 2017
tot_msg_sent: 3719
tot_reconf_duration: 22.65
tot_sleeping_duration: 2788161.0737200305
tot_uptimes: 726
tot_uptimes_duration: 43500.09727996972
