comms_cons: 826.6095108287004
finished_reconf: true
global_termination_time: 2831541.9956
local_termination_time: 2831541.95448
node_cons: 115873.09055651158
tot_aggregated_send: 0
tot_msg_rcv: 42064
tot_msg_sent: 83575
tot_reconf_duration: 37.410000000000004
tot_sleeping_duration: 2745042.9009200037
tot_uptimes: 1431
tot_uptimes_duration: 86499.09467999649
