comms_cons: 282.93916159166497
finished_reconf: true
global_termination_time: 2833102.862
local_termination_time: 630872.2987999994
node_cons: 58253.121532290046
tot_aggregated_send: 38280
tot_msg_rcv: 1520
tot_msg_sent: 3204
tot_reconf_duration: 4.8100000000000005
tot_sleeping_duration: 2789602.795120022
tot_uptimes: 726
tot_uptimes_duration: 43500.066879978345
