comms_cons: 280.8903424067803
finished_reconf: true
global_termination_time: 2834108.736
local_termination_time: 848255.3817999994
node_cons: 58263.651539999264
tot_aggregated_send: 40368
tot_msg_rcv: 827
tot_msg_sent: 1499
tot_reconf_duration: 12.629999999999999
tot_sleeping_duration: 2790608.7359999996
tot_uptimes: 726
tot_uptimes_duration: 43500.00000000023
