comms_cons: 853.5900353573788
finished_reconf: true
global_termination_time: 8720540.801
local_termination_time: 5128573.3076
node_cons: 179412.06120669647
tot_aggregated_send: 120756
tot_msg_rcv: 3064
tot_msg_sent: 5921
tot_reconf_duration: 9.42
tot_sleeping_duration: 8586560.764520014
tot_uptimes: 2234
tot_uptimes_duration: 133980.0364799872
