comms_cons: 877.0102658829493
finished_reconf: true
global_termination_time: 8720900.347
local_termination_time: 574868.5423599998
node_cons: 179405.3037367487
tot_aggregated_send: 119886
tot_msg_rcv: 4409
tot_msg_sent: 9004
tot_reconf_duration: 4.390000000000001
tot_sleeping_duration: 8586920.255800033
tot_uptimes: 2234
tot_uptimes_duration: 133980.09119996638
