comms_cons: 84.37823999644607
finished_reconf: true
global_termination_time: 813714.925
local_termination_time: 317915.2003600001
node_cons: 16731.624990079137
tot_aggregated_send: 9860
tot_msg_rcv: 1047
tot_msg_sent: 1918
tot_reconf_duration: 15.34
tot_sleeping_duration: 801234.8702800007
tot_uptimes: 209
tot_uptimes_duration: 12480.054719999316
