comms_cons: 81.55949439667842
finished_reconf: true
global_termination_time: 813767.259
local_termination_time: 374973.9587600004
node_cons: 16745.08554111684
tot_aggregated_send: 10788
tot_msg_rcv: 584
tot_msg_sent: 1024
tot_reconf_duration: 25.299999999999997
tot_sleeping_duration: 801287.2529200023
tot_uptimes: 209
tot_uptimes_duration: 12480.006079997635
