comms_cons: 82.67485439364512
finished_reconf: true
global_termination_time: 813498.142
local_termination_time: 323555.5723200007
node_cons: 16742.167802952896
tot_aggregated_send: 11020
tot_msg_rcv: 517
tot_msg_sent: 1030
tot_reconf_duration: 22.65
tot_sleeping_duration: 801017.6273600053
tot_uptimes: 209
tot_uptimes_duration: 12480.514639994653
