comms_cons: 84.56966399751258
finished_reconf: true
global_termination_time: 815039.67
local_termination_time: 57960.09336000001
node_cons: 16714.910746718277
tot_aggregated_send: 10614
tot_msg_rcv: 813
tot_msg_sent: 1427
tot_reconf_duration: 3.05
tot_sleeping_duration: 802559.6335200013
tot_uptimes: 209
tot_uptimes_duration: 12480.036479998693
