comms_cons: 62.733299199052155
finished_reconf: true
global_termination_time: 639561.531
local_termination_time: 275973.10660000006
node_cons: 13149.481695516915
tot_aggregated_send: 9222
tot_msg_rcv: 91
tot_msg_sent: 222
tot_reconf_duration: 25.299999999999997
tot_sleeping_duration: 629766.8153200023
tot_uptimes: 164
tot_uptimes_duration: 9794.715679997695
