comms_cons: 62.717491199959746
finished_reconf: true
global_termination_time: 640998.817
local_termination_time: 456446.2627200006
node_cons: 13192.911540000026
tot_aggregated_send: 9280
tot_msg_rcv: 88
tot_msg_sent: 165
tot_reconf_duration: 12.629999999999999
tot_sleeping_duration: 631158.817
tot_uptimes: 165
tot_uptimes_duration: 9840.0
