comms_cons: 62.62082560047952
finished_reconf: true
global_termination_time: 639967.433
local_termination_time: 353874.3491200005
node_cons: 13110.290100000035
tot_aggregated_send: 9164
tot_msg_rcv: 130
tot_msg_sent: 224
tot_reconf_duration: 10.95
tot_sleeping_duration: 630187.433
tot_uptimes: 164
tot_uptimes_duration: 9780.0
