comms_cons: 63.12084480009553
finished_reconf: true
global_termination_time: 640549.913
local_termination_time: 326479.94536000007
node_cons: 13183.133940000009
tot_aggregated_send: 9222
tot_msg_rcv: 107
tot_msg_sent: 265
tot_reconf_duration: 5.43
tot_sleeping_duration: 630709.913
tot_uptimes: 165
tot_uptimes_duration: 9840.0
