comms_cons: 63.02215679870605
finished_reconf: true
global_termination_time: 640721.09
local_termination_time: 533631.6767999993
node_cons: 13196.591719999975
tot_aggregated_send: 9338
tot_msg_rcv: 81
tot_msg_sent: 160
tot_reconf_duration: 15.34
tot_sleeping_duration: 630881.09
tot_uptimes: 165
tot_uptimes_duration: 9840.0
