comms_cons: 50.441408000928526
finished_reconf: true
global_termination_time: 493252.643
local_termination_time: 77611.929
node_cons: 10137.278907366339
tot_aggregated_send: 6552
tot_msg_rcv: 352
tot_msg_sent: 762
tot_reconf_duration: 6.279999999999999
tot_sleeping_duration: 485688.22875999525
tot_uptimes: 127
tot_uptimes_duration: 7564.414240004728
