comms_cons: 423.8473856591935
finished_reconf: true
global_termination_time: 490457.32872000104
local_termination_time: 490457.32872000104
node_cons: 48849.43821882845
tot_aggregated_send: 0
tot_msg_rcv: 29195
tot_msg_sent: 35222
tot_reconf_duration: 37.410000000000004
tot_sleeping_duration: 454013.23951997934
tot_uptimes: 586
tot_uptimes_duration: 36444.08920002167
