comms_cons: 50.35027200094455
finished_reconf: true
global_termination_time: 492180.489
local_termination_time: 184026.69752000086
node_cons: 10135.227662242894
tot_aggregated_send: 6612
tot_msg_rcv: 348
tot_msg_sent: 693
tot_reconf_duration: 9.11
tot_sleeping_duration: 484620.47683999786
tot_uptimes: 127
tot_uptimes_duration: 7560.0121600021375
