comms_cons: 49.607795200065055
finished_reconf: true
global_termination_time: 492182.387
local_termination_time: 121074.16200000001
node_cons: 10145.473902880605
tot_aggregated_send: 6842
tot_msg_rcv: 233
tot_msg_sent: 466
tot_reconf_duration: 9.42
tot_sleeping_duration: 484615.0370799995
tot_uptimes: 127
tot_uptimes_duration: 7567.349920000444
