comms_cons: 157.64289275051956
finished_reconf: true
global_termination_time: 801879.866
local_termination_time: 2162.0276
node_cons: 16475.68604335512
tot_aggregated_send: 0
tot_msg_rcv: 12065
tot_msg_sent: 11894
tot_reconf_duration: 4.390000000000001
tot_sleeping_duration: 789579.8477600038
tot_uptimes: 206
tot_uptimes_duration: 12300.018239996338
