comms_cons: 80.26028799942993
finished_reconf: true
global_termination_time: 800226.9758399988
local_termination_time: 14198.804999999998
node_cons: 16465.169792639885
tot_aggregated_send: 11190
tot_msg_rcv: 336
tot_msg_sent: 674
tot_reconf_duration: 7.819999999999999
tot_sleeping_duration: 787938.2900799989
tot_uptimes: 205
tot_uptimes_duration: 12288.685759999898
