comms_cons: 112.83390719942611
finished_reconf: true
global_termination_time: 1150316.47
local_termination_time: 4761.052000000001
node_cons: 23628.7489622383
tot_aggregated_send: 16581
tot_msg_rcv: 103
tot_msg_sent: 466
tot_reconf_duration: 6.46
tot_sleeping_duration: 1132676.4578400014
tot_uptimes: 295
tot_uptimes_duration: 17640.012159998703
