comms_cons: 113.41973759912682
finished_reconf: true
global_termination_time: 1145812.7727599991
local_termination_time: 1145812.7316399992
node_cons: 23650.5649253558
tot_aggregated_send: 16471
tot_msg_rcv: 255
tot_msg_sent: 513
tot_reconf_duration: 45.83
tot_sleeping_duration: 1128196.3965200023
tot_uptimes: 294
tot_uptimes_duration: 17616.37623999687
