comms_cons: 215.20625919482077
finished_reconf: true
global_termination_time: 2175114.573
local_termination_time: 850439.0253599999
node_cons: 44757.916381116396
tot_aggregated_send: 31436
tot_msg_rcv: 440
tot_msg_sent: 834
tot_reconf_duration: 6.279999999999999
tot_sleeping_duration: 2141694.566920002
tot_uptimes: 558
tot_uptimes_duration: 33420.006079997635
