comms_cons: 213.13699839526186
finished_reconf: true
global_termination_time: 2174574.645
local_termination_time: 1513386.2289999998
node_cons: 44675.96579999934
tot_aggregated_send: 31026
tot_msg_rcv: 439
tot_msg_sent: 930
tot_reconf_duration: 5.1
tot_sleeping_duration: 2141214.645
tot_uptimes: 557
tot_uptimes_duration: 33360.0
