comms_cons: 214.6990335908645
finished_reconf: true
global_termination_time: 2175880.939
local_termination_time: 1118911.41248
node_cons: 44783.73739999959
tot_aggregated_send: 31320
tot_msg_rcv: 522
tot_msg_sent: 791
tot_reconf_duration: 25.299999999999997
tot_sleeping_duration: 2142460.939
tot_uptimes: 558
tot_uptimes_duration: 33420.0
