comms_cons: 52.028313600361244
finished_reconf: true
global_termination_time: 528708.239
local_termination_time: 380568.1297600004
node_cons: 10861.258980000011
tot_aggregated_send: 7656
tot_msg_rcv: 88
tot_msg_sent: 164
tot_reconf_duration: 11.31
tot_sleeping_duration: 520608.23899999994
tot_uptimes: 136
tot_uptimes_duration: 8100.0
