comms_cons: 247.4968191889035
finished_reconf: true
global_termination_time: 2545731.145
local_termination_time: 1446355.8520799996
node_cons: 52335.69739999927
tot_aggregated_send: 35148
tot_msg_rcv: 864
tot_msg_sent: 1606
tot_reconf_duration: 25.299999999999997
tot_sleeping_duration: 2506671.145
tot_uptimes: 652
tot_uptimes_duration: 39060.0
