comms_cons: 258.5230656088264
finished_reconf: true
global_termination_time: 2547491.53
local_termination_time: 61369.867680000054
node_cons: 52392.34840670971
tot_aggregated_send: 35032
tot_msg_rcv: 1476
tot_msg_sent: 2785
tot_reconf_duration: 7.819999999999999
tot_sleeping_duration: 2508371.493520007
tot_uptimes: 653
tot_uptimes_duration: 39120.03647999291
