comms_cons: 256.6503104166086
finished_reconf: true
global_termination_time: 2544986.241
local_termination_time: 19996.897399999998
node_cons: 52309.860030065116
tot_aggregated_send: 35264
tot_msg_rcv: 1245
tot_msg_sent: 2500
tot_reconf_duration: 6.22
tot_sleeping_duration: 2505926.1862800103
tot_uptimes: 652
tot_uptimes_duration: 39060.05471998948
