comms_cons: 232.96135039071785
finished_reconf: true
global_termination_time: 2338745.7432399974
local_termination_time: 55686.06328000016
node_cons: 48090.415943107524
tot_aggregated_send: 32422
tot_msg_rcv: 898
tot_msg_sent: 2089
tot_reconf_duration: 18.21
tot_sleeping_duration: 2302849.039160006
tot_uptimes: 599
tot_uptimes_duration: 35896.70407999114
