comms_cons: 229.29169918951732
finished_reconf: true
global_termination_time: 2339380.989
local_termination_time: 1355916.5313599997
node_cons: 48127.81818223279
tot_aggregated_send: 32828
tot_msg_rcv: 685
tot_msg_sent: 1338
tot_reconf_duration: 3.05
tot_sleeping_duration: 2303440.976840005
tot_uptimes: 600
tot_uptimes_duration: 35940.01215999527
