comms_cons: 129.68222716309083
finished_reconf: true
global_termination_time: 996866.3482400001
local_termination_time: 252481.15048000007
node_cons: 20530.814686349782
tot_aggregated_send: 6380
tot_msg_rcv: 5578
tot_msg_sent: 7760
tot_reconf_duration: 18.21
tot_sleeping_duration: 981551.8706400376
tot_uptimes: 256
tot_uptimes_duration: 15314.477599962498
