comms_cons: 98.77415680012844
finished_reconf: true
global_termination_time: 997902.275
local_termination_time: 332218.6165200004
node_cons: 20493.6258
tot_aggregated_send: 14326
tot_msg_rcv: 227
tot_msg_sent: 460
tot_reconf_duration: 5.1
tot_sleeping_duration: 982602.275
tot_uptimes: 256
tot_uptimes_duration: 15300.0
