comms_cons: 489.00279691506535
finished_reconf: true
global_termination_time: 4841124.631
local_termination_time: 95158.59347999995
node_cons: 99575.70695228418
tot_aggregated_send: 67048
tot_msg_rcv: 2472
tot_msg_sent: 4804
tot_reconf_duration: 25.299999999999997
tot_sleeping_duration: 4766784.564120024
tot_uptimes: 1240
tot_uptimes_duration: 74340.06687997538
