comms_cons: 489.92268812463186
finished_reconf: true
global_termination_time: 4840617.945
local_termination_time: 3440000.3231999995
node_cons: 99547.84082669977
tot_aggregated_send: 66816
tot_msg_rcv: 2623
tot_msg_sent: 5025
tot_reconf_duration: 4.8100000000000005
tot_sleeping_duration: 4766277.908520014
tot_uptimes: 1240
tot_uptimes_duration: 74340.03647998697
