comms_cons: 467.7584636449821
finished_reconf: true
global_termination_time: 1603847.703239997
local_termination_time: 1603847.703239997
node_cons: 65555.61810914858
tot_aggregated_send: 0
tot_msg_rcv: 23826
tot_msg_sent: 47269
tot_reconf_duration: 24.59
tot_sleeping_duration: 1554914.0028000043
tot_uptimes: 808
tot_uptimes_duration: 48933.70043999246
