comms_cons: 156.12441599495637
finished_reconf: true
global_termination_time: 1606883.01
local_termination_time: 959434.2583599999
node_cons: 33035.09897999996
tot_aggregated_send: 22504
tot_msg_rcv: 407
tot_msg_sent: 819
tot_reconf_duration: 11.31
tot_sleeping_duration: 1582223.01
tot_uptimes: 412
tot_uptimes_duration: 24660.0
