comms_cons: 132.00830079171047
finished_reconf: true
global_termination_time: 1314439.4714399986
local_termination_time: 1314439.4303199986
node_cons: 27129.44859375081
tot_aggregated_send: 18153
tot_msg_rcv: 577
tot_msg_sent: 1333
tot_reconf_duration: 51.83
tot_sleeping_duration: 1294231.0596000054
tot_uptimes: 337
tot_uptimes_duration: 20208.411839993234
