comms_cons: 129.662873593101
finished_reconf: true
global_termination_time: 1317694.371
local_termination_time: 7055.263
node_cons: 27079.984805598
tot_aggregated_send: 18149
tot_msg_rcv: 508
tot_msg_sent: 1051
tot_reconf_duration: 3.95
tot_sleeping_duration: 1297474.3406000014
tot_uptimes: 338
tot_uptimes_duration: 20220.030399998475
