comms_cons: 130.11088639337086
finished_reconf: true
global_termination_time: 1314904.525
local_termination_time: 6499.615999999999
node_cons: 27002.268447840863
tot_aggregated_send: 17974
tot_msg_rcv: 555
tot_msg_sent: 1248
tot_reconf_duration: 5.87
tot_sleeping_duration: 1294744.4824399992
tot_uptimes: 337
tot_uptimes_duration: 20160.042560000613
