comms_cons: 14.790041599951124
finished_reconf: true
global_termination_time: 151406.646
local_termination_time: 37733.977360000004
node_cons: 3083.678699999993
tot_aggregated_send: 2088
tot_msg_rcv: 65
tot_msg_sent: 95
tot_reconf_duration: 22.65
tot_sleeping_duration: 149126.646
tot_uptimes: 39
tot_uptimes_duration: 2280.0
