comms_cons: 15.302246400139902
finished_reconf: true
global_termination_time: 154730.661
local_termination_time: 116113.95563999949
node_cons: 3141.7067600000028
tot_aggregated_send: 2088
tot_msg_rcv: 68
tot_msg_sent: 169
tot_reconf_duration: 6.22
tot_sleeping_duration: 152390.661
tot_uptimes: 40
tot_uptimes_duration: 2340.0
