comms_cons: 195.11933439025879
finished_reconf: true
global_termination_time: 1992138.416
local_termination_time: 680578.2083599999
node_cons: 40981.95266335023
tot_aggregated_send: 28130
tot_msg_rcv: 547
tot_msg_sent: 980
tot_reconf_duration: 6.279999999999999
tot_sleeping_duration: 1961538.397760007
tot_uptimes: 511
tot_uptimes_duration: 30600.018239992904
