comms_cons: 201.4864255823444
finished_reconf: true
global_termination_time: 1993855.665
local_termination_time: 263348.966
node_cons: 41023.907985914644
tot_aggregated_send: 27316
tot_msg_rcv: 1217
tot_msg_sent: 2092
tot_reconf_duration: 22.65
tot_sleeping_duration: 1963240.9157200037
tot_uptimes: 511
tot_uptimes_duration: 30614.749279996206
