comms_cons: 202.25635198581392
finished_reconf: true
global_termination_time: 2022260.347
local_termination_time: 370061.13836000004
node_cons: 41543.384765588446
tot_aggregated_send: 28072
tot_msg_rcv: 1023
tot_msg_sent: 1646
tot_reconf_duration: 5.57
tot_sleeping_duration: 1991240.3166000084
tot_uptimes: 518
tot_uptimes_duration: 31020.030399991607
