comms_cons: 201.57352958644177
finished_reconf: true
global_termination_time: 2022477.71
local_termination_time: 1204479.7143599996
node_cons: 41539.94632334991
tot_aggregated_send: 28304
tot_msg_rcv: 786
tot_msg_sent: 1548
tot_reconf_duration: 3.05
tot_sleeping_duration: 1991457.691760007
tot_uptimes: 518
tot_uptimes_duration: 31020.018239992904
