comms_cons: 200.60701438739653
finished_reconf: true
global_termination_time: 2021844.015
local_termination_time: 1160276.8855599985
node_cons: 41543.178363350075
tot_aggregated_send: 28072
tot_msg_rcv: 761
tot_msg_sent: 1659
tot_reconf_duration: 5.43
tot_sleeping_duration: 1990823.996760007
tot_uptimes: 518
tot_uptimes_duration: 31020.018239992904
