comms_cons: 349.17850884219416
finished_reconf: true
global_termination_time: 3484962.08548
local_termination_time: 3484962.0443599997
node_cons: 71732.53891324255
tot_aggregated_send: 49042
tot_msg_rcv: 1341
tot_msg_sent: 2690
tot_reconf_duration: 37.410000000000004
tot_sleeping_duration: 3431428.3019600264
tot_uptimes: 893
tot_uptimes_duration: 53533.783519973455
