comms_cons: 504.3500992462806
finished_reconf: true
global_termination_time: 3486651.547
local_termination_time: 2265539.7326000007
node_cons: 71671.81638111555
tot_aggregated_send: 0
tot_msg_rcv: 38782
tot_msg_sent: 37876
tot_reconf_duration: 6.279999999999999
tot_sleeping_duration: 3433131.540920002
tot_uptimes: 893
tot_uptimes_duration: 53520.006079997635
