comms_cons: 344.38164481816386
finished_reconf: true
global_termination_time: 3485114.883
local_termination_time: 1181389.1491199979
node_cons: 71667.48702893405
tot_aggregated_send: 48720
tot_msg_rcv: 1119
tot_msg_sent: 2505
tot_reconf_duration: 3.05
tot_sleeping_duration: 3431594.834360018
tot_uptimes: 893
tot_uptimes_duration: 53520.04863998201
