comms_cons: 926.8131138761337
finished_reconf: true
global_termination_time: 9189153.808239995
local_termination_time: 232117.4264000008
node_cons: 189107.4975583598
tot_aggregated_send: 128006
tot_msg_rcv: 4444
tot_msg_sent: 8415
tot_reconf_duration: 18.21
tot_sleeping_duration: 9047941.882640019
tot_uptimes: 2354
tot_uptimes_duration: 141211.92559997502
