comms_cons: 912.1929217832677
finished_reconf: true
global_termination_time: 9190271.15
local_termination_time: 3038743.655239999
node_cons: 189057.95370669602
tot_aggregated_send: 128644
tot_msg_rcv: 3333
tot_msg_sent: 6671
tot_reconf_duration: 13.17
tot_sleeping_duration: 9049091.113520013
tot_uptimes: 2354
tot_uptimes_duration: 141180.0364799872
