comms_cons: 907.6147649906719
finished_reconf: true
global_termination_time: 9189295.764
local_termination_time: 3501798.41248
node_cons: 189052.44022669594
tot_aggregated_send: 128934
tot_msg_rcv: 3041
tot_msg_sent: 5977
tot_reconf_duration: 9.11
tot_sleeping_duration: 9048115.727520013
tot_uptimes: 2354
tot_uptimes_duration: 141180.0364799872
