comms_cons: 923.1738242881789
finished_reconf: true
global_termination_time: 9189636.13
local_termination_time: 389832.2166800003
node_cons: 189044.23517004668
tot_aggregated_send: 126730
tot_msg_rcv: 4691
tot_msg_sent: 8894
tot_reconf_duration: 3.05
tot_sleeping_duration: 9048456.07528002
tot_uptimes: 2354
tot_uptimes_duration: 141180.0547199801
