comms_cons: 915.4283522485432
finished_reconf: true
global_termination_time: 9191582.609
local_termination_time: 445384.3890800001
node_cons: 189048.53188892943
tot_aggregated_send: 127658
tot_msg_rcv: 3931
tot_msg_sent: 7551
tot_reconf_duration: 6.22
tot_sleeping_duration: 9050402.560360018
tot_uptimes: 2354
tot_uptimes_duration: 141180.04863998224
