comms_cons: 1.3158399999956536
finished_reconf: true
global_termination_time: 8323.86248
local_termination_time: 8323.82136
node_cons: 229.8412198400071
tot_aggregated_send: 0
tot_msg_rcv: 101
tot_msg_sent: 98
tot_reconf_duration: 37.410000000000004
tot_sleeping_duration: 8190.151919999995
tot_uptimes: 3
tot_uptimes_duration: 133.710560000005
