comms_cons: 385.15164165605387
finished_reconf: true
global_termination_time: 3815895.84
local_termination_time: 159607.78844000018
node_cons: 78517.01501453163
tot_aggregated_send: 52954
tot_msg_rcv: 1975
tot_msg_sent: 3610
tot_reconf_duration: 18.21
tot_sleeping_duration: 3757275.7609600197
tot_uptimes: 978
tot_uptimes_duration: 58620.07903998025
