comms_cons: 375.7893695900132
finished_reconf: true
global_termination_time: 3816148.852
local_termination_time: 2574293.58648
node_cons: 78499.76034223214
tot_aggregated_send: 53186
tot_msg_rcv: 1319
tot_msg_sent: 2612
tot_reconf_duration: 5.57
tot_sleeping_duration: 3757528.8398400047
tot_uptimes: 978
tot_uptimes_duration: 58620.01215999527
