comms_cons: 378.61984641716015
finished_reconf: true
global_termination_time: 3817490.346
local_termination_time: 2175865.18136
node_cons: 78526.56996446516
tot_aggregated_send: 52780
tot_msg_rcv: 1824
tot_msg_sent: 2943
tot_reconf_duration: 25.299999999999997
tot_sleeping_duration: 3758870.3216800094
tot_uptimes: 978
tot_uptimes_duration: 58620.02431999054
