comms_cons: 379.94738564517485
finished_reconf: true
global_termination_time: 3815299.34
local_termination_time: 1635379.7634799997
node_cons: 78510.10556558277
tot_aggregated_send: 52954
tot_msg_rcv: 1747
tot_msg_sent: 3047
tot_reconf_duration: 13.17
tot_sleeping_duration: 3756679.309600011
tot_uptimes: 978
tot_uptimes_duration: 58620.03039998864
