comms_cons: 378.50593923500986
finished_reconf: true
global_termination_time: 3813994.235
local_termination_time: 1455243.1691199979
node_cons: 78417.85046669988
tot_aggregated_send: 53418
tot_msg_rcv: 1320
tot_msg_sent: 2792
tot_reconf_duration: 4.390000000000001
tot_sleeping_duration: 3755434.1985200136
tot_uptimes: 977
tot_uptimes_duration: 58560.036479986506
