comms_cons: 384.0407168341844
finished_reconf: true
global_termination_time: 3817659.439
local_termination_time: 1523661.09436
node_cons: 78502.85654781788
tot_aggregated_send: 52316
tot_msg_rcv: 2107
tot_msg_sent: 3949
tot_reconf_duration: 7.819999999999999
tot_sleeping_duration: 3759039.396440015
tot_uptimes: 978
tot_uptimes_duration: 58620.04255998484
