comms_cons: 57.701574399133705
finished_reconf: true
global_termination_time: 569798.799
local_termination_time: 384843.48560000013
node_cons: 11674.029180000045
tot_aggregated_send: 7888
tot_msg_rcv: 377
tot_msg_sent: 505
tot_reconf_duration: 18.21
tot_sleeping_duration: 561098.799
tot_uptimes: 146
tot_uptimes_duration: 8700.0
