comms_cons: 57.726528000734945
finished_reconf: true
global_termination_time: 566988.3822400001
local_termination_time: 347089.6735200004
node_cons: 11689.21600496265
tot_aggregated_send: 7192
tot_msg_rcv: 540
tot_msg_sent: 1043
tot_reconf_duration: 15.34
tot_sleeping_duration: 558274.1295999981
tot_uptimes: 146
tot_uptimes_duration: 8714.252640001941
