comms_cons: 286.17584640320507
finished_reconf: true
global_termination_time: 2811658.347
local_termination_time: 161925.18188000045
node_cons: 57851.79907005538
tot_aggregated_send: 38396
tot_msg_rcv: 1729
tot_msg_sent: 3373
tot_reconf_duration: 5.1
tot_sleeping_duration: 2768458.292280018
tot_uptimes: 721
tot_uptimes_duration: 43200.05471998238
