comms_cons: 281.6160768287153
finished_reconf: true
global_termination_time: 2813641.771
local_termination_time: 321952.10040000034
node_cons: 57862.74184781803
tot_aggregated_send: 39730
tot_msg_rcv: 1047
tot_msg_sent: 2027
tot_reconf_duration: 13.17
tot_sleeping_duration: 2770441.7284400156
tot_uptimes: 721
tot_uptimes_duration: 43200.04255998437
