comms_cons: 286.729721602301
finished_reconf: true
global_termination_time: 2810693.23
local_termination_time: 1614046.4883599996
node_cons: 57848.99074670004
tot_aggregated_send: 38454
tot_msg_rcv: 1815
tot_msg_sent: 3312
tot_reconf_duration: 3.05
tot_sleeping_duration: 2767493.1935200137
tot_uptimes: 720
tot_uptimes_duration: 43200.03647998604
