comms_cons: 285.557017602818
finished_reconf: true
global_termination_time: 2811219.853
local_termination_time: 1599112.1270799995
node_cons: 57772.9637478174
tot_aggregated_send: 38860
tot_msg_rcv: 1697
tot_msg_sent: 2846
tot_reconf_duration: 6.22
tot_sleeping_duration: 2768079.810440016
tot_uptimes: 720
tot_uptimes_duration: 43140.04255998391
