comms_cons: 284.33251841334004
finished_reconf: true
global_termination_time: 2812958.732
local_termination_time: 1178013.7627599991
node_cons: 57860.21596781782
tot_aggregated_send: 39150
tot_msg_rcv: 1457
tot_msg_sent: 2609
tot_reconf_duration: 11.31
tot_sleeping_duration: 2769758.6894400157
tot_uptimes: 721
tot_uptimes_duration: 43200.04255998414
