comms_cons: 283.823142413382
finished_reconf: true
global_termination_time: 2811026.073
local_termination_time: 711785.5653599998
node_cons: 57771.9153511681
tot_aggregated_send: 38570
tot_msg_rcv: 1431
tot_msg_sent: 3138
tot_reconf_duration: 5.43
tot_sleeping_duration: 2767886.0122000226
tot_uptimes: 720
tot_uptimes_duration: 43140.060799977
