comms_cons: 61.89260800011406
finished_reconf: true
global_termination_time: 623655.692
local_termination_time: 7333.689
node_cons: 12779.432241121449
tot_aggregated_send: 8869
tot_msg_rcv: 188
tot_msg_sent: 351
tot_reconf_duration: 3.95
tot_sleeping_duration: 614115.6859199989
tot_uptimes: 160
tot_uptimes_duration: 9540.006080001069
