comms_cons: 46.416883200513766
finished_reconf: true
global_termination_time: 457041.6782400004
local_termination_time: 82775.90779999958
node_cons: 9465.145400481992
tot_aggregated_send: 6206
tot_msg_rcv: 312
tot_msg_sent: 537
tot_reconf_duration: 6.22
tot_sleeping_duration: 449979.1699199989
tot_uptimes: 118
tot_uptimes_duration: 7062.508320001478
