comms_cons: 148.9004543876999
finished_reconf: true
global_termination_time: 1557239.78
local_termination_time: 5817.541
node_cons: 31980.488506701044
tot_aggregated_send: 20991
tot_msg_rcv: 561
tot_msg_sent: 1080
tot_reconf_duration: 3.77
tot_sleeping_duration: 1533359.7435200142
tot_uptimes: 399
tot_uptimes_duration: 23880.036479985807
