comms_cons: 536.0656897851919
finished_reconf: true
global_termination_time: 2708484.902
local_termination_time: 3333.91148
node_cons: 55700.37360335415
tot_aggregated_send: 0
tot_msg_rcv: 41292
tot_msg_sent: 40186
tot_reconf_duration: 18.21
tot_sleeping_duration: 2666904.8837600034
tot_uptimes: 694
tot_uptimes_duration: 41580.01823999634
