comms_cons: 2190.973271584251
finished_reconf: true
global_termination_time: 4533196.3606
local_termination_time: 4533196.31948
node_cons: 275019.41779195453
tot_aggregated_send: 0
tot_msg_rcv: 134625
tot_msg_sent: 198390
tot_reconf_duration: 37.410000000000004
tot_sleeping_duration: 4327842.65260003
tot_uptimes: 3357
tot_uptimes_duration: 205353.70799997018
