comms_cons: 444.51644800804587
finished_reconf: true
global_termination_time: 4537301.28
local_termination_time: 3073367.1754799997
node_cons: 93309.11368223085
tot_aggregated_send: 62930
tot_msg_rcv: 1626
tot_msg_sent: 3007
tot_reconf_duration: 25.299999999999997
tot_sleeping_duration: 4467641.267840005
tot_uptimes: 1162
tot_uptimes_duration: 69660.01215999527
