comms_cons: 454.9864640861443
finished_reconf: true
global_termination_time: 4535382.737
local_termination_time: 262838.82236000005
node_cons: 93291.96481005447
tot_aggregated_send: 62872
tot_msg_rcv: 2044
tot_msg_sent: 4238
tot_reconf_duration: 12.629999999999999
tot_sleeping_duration: 4465722.682280017
tot_uptimes: 1162
tot_uptimes_duration: 69660.05471998284
