comms_cons: 37.034944000219696
finished_reconf: true
global_termination_time: 367962.918
local_termination_time: 41724.664000000004
node_cons: 7559.0500220803015
tot_aggregated_send: 5217
tot_msg_rcv: 177
tot_msg_sent: 234
tot_reconf_duration: 4.390000000000001
tot_sleeping_duration: 362322.0752799998
tot_uptimes: 95
tot_uptimes_duration: 5640.842720000212
