comms_cons: 36.527718400523476
finished_reconf: true
global_termination_time: 365483.288
local_termination_time: 166292.25884000058
node_cons: 7486.987121121436
tot_aggregated_send: 5104
tot_msg_rcv: 167
tot_msg_sent: 281
tot_reconf_duration: 11.31
tot_sleeping_duration: 359903.28191999893
tot_uptimes: 94
tot_uptimes_duration: 5580.006080001069
