comms_cons: 200.84353918937057
finished_reconf: true
global_termination_time: 2008517.005
local_termination_time: 115557.22835999998
node_cons: 41315.64870783132
tot_aggregated_send: 28014
tot_msg_rcv: 816
tot_msg_sent: 1696
tot_reconf_duration: 15.34
tot_sleeping_duration: 1977676.9624400062
tot_uptimes: 515
tot_uptimes_duration: 30840.042559993744
