comms_cons: 751.3624385588308
finished_reconf: true
global_termination_time: 7589655.102
local_termination_time: 2626217.918
node_cons: 156121.53313116534
tot_aggregated_send: 104732
tot_msg_rcv: 3186
tot_msg_sent: 6284
tot_reconf_duration: 15.34
tot_sleeping_duration: 7473075.041200021
tot_uptimes: 1944
tot_uptimes_duration: 116580.06079997821
