comms_cons: 2860.6513161942685
finished_reconf: true
global_termination_time: 7588796.798
local_termination_time: 2695466.3354800004
node_cons: 460501.22948507
tot_aggregated_send: 0
tot_msg_rcv: 175699
tot_msg_sent: 259104
tot_reconf_duration: 5.57
tot_sleeping_duration: 7244888.160640016
tot_uptimes: 5643
tot_uptimes_duration: 343908.63735998434
