comms_cons: 1164.9746206029308
finished_reconf: true
global_termination_time: 7589046.656
local_termination_time: 2696122.07036
node_cons: 156107.59464669737
tot_aggregated_send: 0
tot_msg_rcv: 89249
tot_msg_sent: 87822
tot_reconf_duration: 5.1
tot_sleeping_duration: 7472466.619520013
tot_uptimes: 1944
tot_uptimes_duration: 116580.03647998697
