comms_cons: 749.2136065683217
finished_reconf: true
global_termination_time: 7588532.049
local_termination_time: 2725162.2853599996
node_cons: 156135.0456354106
tot_aggregated_send: 104516
tot_msg_rcv: 3176
tot_msg_sent: 6184
tot_reconf_duration: 25.299999999999997
tot_sleeping_duration: 7471951.998040018
tot_uptimes: 1944
tot_uptimes_duration: 116580.05095998221
