comms_cons: 739.9961473265166
finished_reconf: true
global_termination_time: 7588485.567
local_termination_time: 2973083.6323599997
node_cons: 156113.04022669708
tot_aggregated_send: 104516
tot_msg_rcv: 2449
tot_msg_sent: 5510
tot_reconf_duration: 9.11
tot_sleeping_duration: 7471905.530520013
tot_uptimes: 1944
tot_uptimes_duration: 116580.03647998697
