comms_cons: 398.3379710634633
finished_reconf: true
global_termination_time: 823226.4621999986
local_termination_time: 823226.4210799986
node_cons: 50077.3847832761
tot_aggregated_send: 0
tot_msg_rcv: 24438
tot_msg_sent: 36105
tot_reconf_duration: 24.59
tot_sleeping_duration: 785852.308680001
tot_uptimes: 614
tot_uptimes_duration: 37374.15351999758
