comms_cons: 83.25250559870514
finished_reconf: true
global_termination_time: 823226.46212
local_termination_time: 4678.479
node_cons: 16903.339997039006
tot_aggregated_send: 11133
tot_msg_rcv: 474
tot_msg_sent: 1046
tot_reconf_duration: 6.22
tot_sleeping_duration: 810608.9167600009
tot_uptimes: 211
tot_uptimes_duration: 12617.545359999238
