comms_cons: 409.9818304490577
finished_reconf: true
global_termination_time: 4070987.972
local_termination_time: 2265539.6503600003
node_cons: 83722.84894558361
tot_aggregated_send: 55738
tot_msg_rcv: 2287
tot_msg_sent: 4288
tot_reconf_duration: 6.279999999999999
tot_sleeping_duration: 4008467.9416000107
tot_uptimes: 1043
tot_uptimes_duration: 62520.030399989104
