comms_cons: 409.37376642708807
finished_reconf: true
global_termination_time: 4075514.832
local_termination_time: 3431087.0754800006
node_cons: 83802.20034223223
tot_aggregated_send: 56318
tot_msg_rcv: 2065
tot_msg_sent: 3839
tot_reconf_duration: 5.57
tot_sleeping_duration: 4012934.8198400047
tot_uptimes: 1044
tot_uptimes_duration: 62580.0121599955
