comms_cons: 405.7554624468104
finished_reconf: true
global_termination_time: 4070165.807
local_termination_time: 1181389.1491199979
node_cons: 83718.49517005068
tot_aggregated_send: 57072
tot_msg_rcv: 1358
tot_msg_sent: 3242
tot_reconf_duration: 3.05
tot_sleeping_duration: 4007645.75228002
tot_uptimes: 1043
tot_uptimes_duration: 62520.054719979875
