comms_cons: 407.48944647367995
finished_reconf: true
global_termination_time: 4075197.633
local_termination_time: 2156629.09136
node_cons: 83802.05092781779
tot_aggregated_send: 56260
tot_msg_rcv: 2012
tot_msg_sent: 3661
tot_reconf_duration: 5.43
tot_sleeping_duration: 4012617.590440015
tot_uptimes: 1044
tot_uptimes_duration: 62580.04255998484
