comms_cons: 1603.6606001674143
finished_reconf: true
global_termination_time: 8150718.750279997
local_termination_time: 2683.9884800000023
node_cons: 167734.60718837875
tot_aggregated_send: 0
tot_msg_rcv: 122681
tot_msg_sent: 121066
tot_reconf_duration: 18.21
tot_sleeping_duration: 8025468.654680008
tot_uptimes: 2088
tot_uptimes_duration: 125250.09559998848
