comms_cons: 812.2482946099792
finished_reconf: true
global_termination_time: 8152513.049
local_termination_time: 1346704.13536
node_cons: 167678.18965116568
tot_aggregated_send: 113158
tot_msg_rcv: 3531
tot_msg_sent: 6768
tot_reconf_duration: 6.279999999999999
tot_sleeping_duration: 8027292.988200021
tot_uptimes: 2088
tot_uptimes_duration: 125220.06079997867
