comms_cons: 810.3911234091024
finished_reconf: true
global_termination_time: 8153256.412
local_termination_time: 1717753.97336
node_cons: 167677.21733005138
tot_aggregated_send: 112578
tot_msg_rcv: 3717
tot_msg_sent: 6877
tot_reconf_duration: 5.57
tot_sleeping_duration: 8028036.357280016
tot_uptimes: 2088
tot_uptimes_duration: 125220.0547199829
