comms_cons: 818.7366594293551
finished_reconf: true
global_termination_time: 8150718.558119996
local_termination_time: 84922.92259999996
node_cons: 167720.77730307903
tot_aggregated_send: 113854
tot_msg_rcv: 3510
tot_msg_sent: 7073
tot_reconf_duration: 22.65
tot_sleeping_duration: 8025483.294040022
tot_uptimes: 2088
tot_uptimes_duration: 125235.26407997374
