comms_cons: 794.3265537288344
finished_reconf: true
global_termination_time: 8152114.803
local_termination_time: 3832526.1819999996
node_cons: 167682.41306558045
tot_aggregated_send: 113100
tot_msg_rcv: 2399
tot_msg_sent: 5234
tot_reconf_duration: 9.42
tot_sleeping_duration: 8026894.772600011
tot_uptimes: 2088
tot_uptimes_duration: 125220.03039998934
