comms_cons: 818.0262977983738
finished_reconf: true
global_termination_time: 8151103.245
local_termination_time: 498417.8683600001
node_cons: 167676.2015322817
tot_aggregated_send: 113912
tot_msg_rcv: 3558
tot_msg_sent: 6862
tot_reconf_duration: 4.8100000000000005
tot_sleeping_duration: 8025883.1781200245
tot_uptimes: 2088
tot_uptimes_duration: 125220.06687997573
