comms_cons: 125.33307519499304
finished_reconf: true
global_termination_time: 1248027.582
local_termination_time: 646026.3985999998
node_cons: 25662.849964481225
tot_aggregated_send: 16414
tot_msg_rcv: 850
tot_msg_sent: 1786
tot_reconf_duration: 25.299999999999997
tot_sleeping_duration: 1228887.5576799992
tot_uptimes: 320
tot_uptimes_duration: 19140.02432000084
