comms_cons: 127.39901438630687
finished_reconf: true
global_termination_time: 1246313.975
local_termination_time: 439858.7984800001
node_cons: 25639.495066710264
tot_aggregated_send: 15892
tot_msg_rcv: 1138
tot_msg_sent: 2334
tot_reconf_duration: 8.09
tot_sleeping_duration: 1227173.9385200073
tot_uptimes: 320
tot_uptimes_duration: 19140.036479992676
