comms_cons: 123.60308479489426
finished_reconf: true
global_termination_time: 1247722.165
local_termination_time: 753122.0203599998
node_cons: 25653.887164471904
tot_aggregated_send: 17052
tot_msg_rcv: 525
tot_msg_sent: 1210
tot_reconf_duration: 18.700000000000003
tot_sleeping_duration: 1228582.140680006
tot_uptimes: 320
tot_uptimes_duration: 19140.024319993972
