comms_cons: 121.3185791977781
finished_reconf: true
global_termination_time: 1249233.016
local_termination_time: 855635.1660000001
node_cons: 25649.874114630762
tot_aggregated_send: 17684
tot_msg_rcv: 173
tot_msg_sent: 582
tot_reconf_duration: 11.899999999999999
tot_sleeping_duration: 1230089.0922400071
tot_uptimes: 320
tot_uptimes_duration: 19143.92375999305
