comms_cons: 178.79307512699575
finished_reconf: true
global_termination_time: 903831.431
local_termination_time: 1851.2923600000004
node_cons: 18583.27732111686
tot_aggregated_send: 0
tot_msg_rcv: 13782
tot_msg_sent: 13393
tot_reconf_duration: 18.21
tot_sleeping_duration: 889971.4249200023
tot_uptimes: 232
tot_uptimes_duration: 13860.006079997635
