comms_cons: 91.44679039800485
finished_reconf: true
global_termination_time: 907461.352
local_termination_time: 221068.07636000006
node_cons: 18647.473368966872
tot_aggregated_send: 11542
tot_msg_rcv: 780
tot_msg_sent: 1579
tot_reconf_duration: 6.279999999999999
tot_sleeping_duration: 893541.3033599949
tot_uptimes: 233
tot_uptimes_duration: 13920.048640005116
