comms_cons: 88.51655680014088
finished_reconf: true
global_termination_time: 904016.619
local_termination_time: 60652.140080000034
node_cons: 18566.144765602578
tot_aggregated_send: 11716
tot_msg_rcv: 592
tot_msg_sent: 1146
tot_reconf_duration: 5.57
tot_sleeping_duration: 890156.588599998
tot_uptimes: 232
tot_uptimes_duration: 13860.030400001908
