comms_cons: 91.56735999485076
finished_reconf: true
global_termination_time: 909211.323
local_termination_time: 520988.80748000054
node_cons: 18673.269964471936
tot_aggregated_send: 12122
tot_msg_rcv: 590
tot_msg_sent: 1205
tot_reconf_duration: 25.299999999999997
tot_sleeping_duration: 895291.298680006
tot_uptimes: 233
tot_uptimes_duration: 13920.024319993972
