comms_cons: 91.00349439884913
finished_reconf: true
global_termination_time: 907145.837
local_termination_time: 431862.94704000076
node_cons: 18645.45268559798
tot_aggregated_send: 12412
tot_msg_rcv: 439
tot_msg_sent: 981
tot_reconf_duration: 4.8100000000000005
tot_sleeping_duration: 893225.8066000015
tot_uptimes: 233
tot_uptimes_duration: 13920.030399998475
