comms_cons: 92.59217919483967
finished_reconf: true
global_termination_time: 903101.9671200004
local_termination_time: 37515.31440000016
node_cons: 18638.251638642843
tot_aggregated_send: 11426
tot_msg_rcv: 790
tot_msg_sent: 1858
tot_reconf_duration: 7.819999999999999
tot_sleeping_duration: 889190.3673599983
tot_uptimes: 232
tot_uptimes_duration: 13911.599760002107
