comms_cons: 169.31571199307922
finished_reconf: true
global_termination_time: 1703613.043
local_termination_time: 170219.62836000006
node_cons: 35034.20161999997
tot_aggregated_send: 24360
tot_msg_rcv: 485
tot_msg_sent: 890
tot_reconf_duration: 4.390000000000001
tot_sleeping_duration: 1677453.043
tot_uptimes: 437
tot_uptimes_duration: 26160.0
