comms_cons: 1.2566271999958494
finished_reconf: true
global_termination_time: 6524.866
local_termination_time: 2400.93748
node_cons: 90.95956000000021
tot_aggregated_send: 0
tot_msg_rcv: 138
tot_msg_sent: 53
tot_reconf_duration: 7.819999999999999
tot_sleeping_duration: 6464.866
tot_uptimes: 2
tot_uptimes_duration: 60.0
