comms_cons: 19.080307200043293
finished_reconf: true
global_termination_time: 179202.209
local_termination_time: 3228.20124
node_cons: 3631.9327633620155
tot_aggregated_send: 1624
tot_msg_rcv: 470
tot_msg_sent: 806
tot_reconf_duration: 12.23
tot_sleeping_duration: 176502.19075999848
tot_uptimes: 46
tot_uptimes_duration: 2700.0182400015037
