comms_cons: 17.290137599956203
finished_reconf: true
global_termination_time: 178354.197
local_termination_time: 6341.6359999999995
node_cons: 3624.939063360875
tot_aggregated_send: 1734
tot_msg_rcv: 337
tot_msg_sent: 557
tot_reconf_duration: 7.08
tot_sleeping_duration: 175654.17875999934
tot_uptimes: 46
tot_uptimes_duration: 2700.0182400006524
