comms_cons: 112.3474432055405
finished_reconf: true
global_termination_time: 565251.9
local_termination_time: 2429.41336
node_cons: 11584.35154448114
tot_aggregated_send: 0
tot_msg_rcv: 8716
tot_msg_sent: 8357
tot_reconf_duration: 11.31
tot_sleeping_duration: 556611.8756799991
tot_uptimes: 145
tot_uptimes_duration: 8640.02432000084
