comms_cons: 103.1750143987892
finished_reconf: true
global_termination_time: 1044082.246
local_termination_time: 82731.52335999996
node_cons: 21459.30824000003
tot_aggregated_send: 14848
tot_msg_rcv: 257
tot_msg_sent: 577
tot_reconf_duration: 6.279999999999999
tot_sleeping_duration: 1028062.246
tot_uptimes: 268
tot_uptimes_duration: 16020.0
