comms_cons: 103.55274239669046
finished_reconf: true
global_termination_time: 1046851.607
local_termination_time: 326399.97436000005
node_cons: 21565.48554111685
tot_aggregated_send: 15138
tot_msg_rcv: 226
tot_msg_sent: 376
tot_reconf_duration: 25.299999999999997
tot_sleeping_duration: 1030771.6009200023
tot_uptimes: 269
tot_uptimes_duration: 16080.006079997635
