comms_cons: 103.04700159853286
finished_reconf: true
global_termination_time: 1043387.1004799998
local_termination_time: 1043387.0593599998
node_cons: 21519.94121984126
tot_aggregated_send: 15112
tot_msg_rcv: 192
tot_msg_sent: 359
tot_reconf_duration: 37.41
tot_sleeping_duration: 1027353.3899199988
tot_uptimes: 268
tot_uptimes_duration: 16033.710560000909
