comms_cons: 102.33945599853003
finished_reconf: true
global_termination_time: 1043438.976
local_termination_time: 448438.52736000007
node_cons: 21457.31198000003
tot_aggregated_send: 15196
tot_msg_rcv: 112
tot_msg_sent: 247
tot_reconf_duration: 4.8100000000000005
tot_sleeping_duration: 1027418.976
tot_uptimes: 268
tot_uptimes_duration: 16020.0
