comms_cons: 103.00454399812537
finished_reconf: true
global_termination_time: 1044654.982
local_termination_time: 67482.13067999987
node_cons: 21459.389720000047
tot_aggregated_send: 14906
tot_msg_rcv: 288
tot_msg_sent: 462
tot_reconf_duration: 6.34
tot_sleeping_duration: 1028634.982
tot_uptimes: 268
tot_uptimes_duration: 16020.0
