comms_cons: 102.39208959891887
finished_reconf: true
global_termination_time: 1045226.242
local_termination_time: 392914.2253600001
node_cons: 21459.973660000058
tot_aggregated_send: 15138
tot_msg_rcv: 145
tot_msg_sent: 280
tot_reconf_duration: 6.77
tot_sleeping_duration: 1029206.242
tot_uptimes: 268
tot_uptimes_duration: 16020.0
