comms_cons: 68.72632320011698
finished_reconf: true
global_termination_time: 700140.256
local_termination_time: 647730.4256799995
node_cons: 14391.479560000107
tot_aggregated_send: 10150
tot_msg_rcv: 104
tot_msg_sent: 192
tot_reconf_duration: 7.819999999999999
tot_sleeping_duration: 689400.256
tot_uptimes: 180
tot_uptimes_duration: 10740.0
