comms_cons: 282.62670722538326
finished_reconf: true
global_termination_time: 2810132.757
local_termination_time: 340872.0633200002
node_cons: 57851.364544466924
tot_aggregated_send: 39498
tot_msg_rcv: 1194
tot_msg_sent: 2264
tot_reconf_duration: 4.8100000000000005
tot_sleeping_duration: 2766932.732680009
tot_uptimes: 720
tot_uptimes_duration: 43200.024319991004
