comms_cons: 75.91143679995739
finished_reconf: true
global_termination_time: 771946.068
local_termination_time: 271735.2702400009
node_cons: 15888.061483361265
tot_aggregated_send: 11136
tot_msg_rcv: 116
tot_msg_sent: 286
tot_reconf_duration: 25.299999999999997
tot_sleeping_duration: 760106.1097599991
tot_uptimes: 198
tot_uptimes_duration: 11839.958240000939
