comms_cons: 76.10818559873661
finished_reconf: true
global_termination_time: 770093.786
local_termination_time: 237487.34236000007
node_cons: 15844.864860000042
tot_aggregated_send: 11020
tot_msg_rcv: 164
tot_msg_sent: 384
tot_reconf_duration: 13.17
tot_sleeping_duration: 758273.786
tot_uptimes: 198
tot_uptimes_duration: 11820.0
