comms_cons: 75.97064960043394
finished_reconf: true
global_termination_time: 769635.356
local_termination_time: 180373.5375600007
node_cons: 15847.499380000043
tot_aggregated_send: 10962
tot_msg_rcv: 191
tot_msg_sent: 394
tot_reconf_duration: 15.110000000000001
tot_sleeping_duration: 757815.356
tot_uptimes: 198
tot_uptimes_duration: 11820.0
