comms_cons: 0.19737599999934904
finished_reconf: true
global_termination_time: 3434.0829600000025
local_termination_time: 3420.7473600000003
node_cons: 57.59820744000342
tot_aggregated_send: 0
tot_msg_rcv: 21
tot_msg_sent: 8
tot_reconf_duration: 13.17
tot_sleeping_duration: 3404.424
tot_uptimes: 1
tot_uptimes_duration: 29.65896000000248
