comms_cons: 0.9281279999964284
finished_reconf: true
global_termination_time: 6190.34
local_termination_time: 2527.3463600000005
node_cons: 111.09870000000012
tot_aggregated_send: 0
tot_msg_rcv: 104
tot_msg_sent: 37
tot_reconf_duration: 22.65
tot_sleeping_duration: 6130.34
tot_uptimes: 2
tot_uptimes_duration: 60.0
