comms_cons: 0.9539840000021269
finished_reconf: true
global_termination_time: 5625.733
local_termination_time: 1964.9083600000004
node_cons: 84.48190000000025
tot_aggregated_send: 0
tot_msg_rcv: 89
tot_msg_sent: 56
tot_reconf_duration: 3.05
tot_sleeping_duration: 5565.733
tot_uptimes: 2
tot_uptimes_duration: 60.0
