comms_cons: 12.059673599949864
finished_reconf: true
global_termination_time: 124254.035
local_termination_time: 113964.15935999998
node_cons: 2515.2691800000084
tot_aggregated_send: 1682
tot_msg_rcv: 52
tot_msg_sent: 99
tot_reconf_duration: 18.21
tot_sleeping_duration: 122394.035
tot_uptimes: 32
tot_uptimes_duration: 1860.0
