comms_cons: 208.68564478444313
finished_reconf: true
global_termination_time: 2088299.95
local_termination_time: 101074.24827999953
node_cons: 42930.96475375066
tot_aggregated_send: 28768
tot_msg_rcv: 889
tot_msg_sent: 2062
tot_reconf_duration: 18.21
tot_sleeping_duration: 2056256.4581600067
tot_uptimes: 535
tot_uptimes_duration: 32043.49183999331
