comms_cons: 278.6025471984533
finished_reconf: true
global_termination_time: 2794526.118
local_termination_time: 833839.65236
node_cons: 57451.652663349516
tot_aggregated_send: 39034
tot_msg_rcv: 1191
tot_msg_sent: 2121
tot_reconf_duration: 6.279999999999999
tot_sleeping_duration: 2751626.099760007
tot_uptimes: 716
tot_uptimes_duration: 42900.0182399929
