comms_cons: 280.63577599816625
finished_reconf: true
global_termination_time: 2795568.888
local_termination_time: 628954.1295999998
node_cons: 57450.69662446625
tot_aggregated_send: 38744
tot_msg_rcv: 1337
tot_msg_sent: 2574
tot_reconf_duration: 5.57
tot_sleeping_duration: 2752668.8636800093
tot_uptimes: 716
tot_uptimes_duration: 42900.02431999054
