comms_cons: 56.45416960522976
finished_reconf: true
global_termination_time: 292068.188
local_termination_time: 1072.7443600000004
node_cons: 5969.897321121437
tot_aggregated_send: 0
tot_msg_rcv: 4303
tot_msg_sent: 4277
tot_reconf_duration: 18.21
tot_sleeping_duration: 287628.18191999895
tot_uptimes: 75
tot_uptimes_duration: 4440.006080001069
