comms_cons: 56.45564160540347
finished_reconf: true
global_termination_time: 286753.19460000016
local_termination_time: 516.9710399999994
node_cons: 5891.913128400253
tot_aggregated_send: 0
tot_msg_rcv: 4337
tot_msg_sent: 4240
tot_reconf_duration: 4.8100000000000005
tot_sleeping_duration: 282357.839
tot_uptimes: 74
tot_uptimes_duration: 4395.3556000001845
