comms_cons: 48.9577088003502
finished_reconf: true
global_termination_time: 483398.442
local_termination_time: 116304.06135999996
node_cons: 9899.713001121441
tot_aggregated_send: 6322
tot_msg_rcv: 314
tot_msg_sent: 807
tot_reconf_duration: 13.17
tot_sleeping_duration: 476018.4359199989
tot_uptimes: 124
tot_uptimes_duration: 7380.006080001069
