comms_cons: 52.01550080143152
finished_reconf: true
global_termination_time: 482481.691
local_termination_time: 223999.915
node_cons: 9894.256508971479
tot_aggregated_send: 5791
tot_msg_rcv: 770
tot_msg_sent: 1345
tot_reconf_duration: 9.11
tot_sleeping_duration: 475101.64235999144
tot_uptimes: 124
tot_uptimes_duration: 7380.04864000855
