comms_cons: 50.28834560064022
finished_reconf: true
global_termination_time: 481918.497
local_termination_time: 164623.69136000006
node_cons: 9899.020386728602
tot_aggregated_send: 6206
tot_msg_rcv: 511
tot_msg_sent: 927
tot_reconf_duration: 12.629999999999999
tot_sleeping_duration: 474538.46051999356
tot_uptimes: 124
tot_uptimes_duration: 7380.036480006413
