comms_cons: 49.5545344010346
finished_reconf: true
global_termination_time: 487661.631
local_termination_time: 262248.3956400009
node_cons: 9977.054523364319
tot_aggregated_send: 6496
tot_msg_rcv: 345
tot_msg_sent: 691
tot_reconf_duration: 10.95
tot_sleeping_duration: 480221.6127599968
tot_uptimes: 125
tot_uptimes_duration: 7440.018240003206
