comms_cons: 466.93957770554596
finished_reconf: true
global_termination_time: 4618008.859119996
local_termination_time: 10344.2306
node_cons: 95013.052879729
tot_aggregated_send: 63278
tot_msg_rcv: 2478
tot_msg_sent: 5212
tot_reconf_duration: 22.65
tot_sleeping_duration: 4547073.613280018
tot_uptimes: 1183
tot_uptimes_duration: 70935.24583997883
