comms_cons: 465.80626569740906
finished_reconf: true
global_termination_time: 4618705.424
local_termination_time: 748387.6243599999
node_cons: 94968.46082669936
tot_aggregated_send: 63452
tot_msg_rcv: 2343
tot_msg_sent: 5007
tot_reconf_duration: 4.8100000000000005
tot_sleeping_duration: 4547785.387520013
tot_uptimes: 1183
tot_uptimes_duration: 70920.0364799865
