comms_cons: 467.7131648874246
finished_reconf: true
global_termination_time: 4619184.508
local_termination_time: 1144758.4183599998
node_cons: 94966.06260558189
tot_aggregated_send: 63046
tot_msg_rcv: 2908
tot_msg_sent: 5134
tot_reconf_duration: 3.05
tot_sleeping_duration: 4548264.477600012
tot_uptimes: 1183
tot_uptimes_duration: 70920.03039998864
