comms_cons: 454.26744324444326
finished_reconf: true
global_termination_time: 4620650.138
local_termination_time: 1374135.25436
node_cons: 95050.69932446558
tot_aggregated_send: 64322
tot_msg_rcv: 1414
tot_msg_sent: 3310
tot_reconf_duration: 6.22
tot_sleeping_duration: 4549670.113680009
tot_uptimes: 1184
tot_uptimes_duration: 70980.02431999124
