comms_cons: 2.9343231999903026
finished_reconf: true
global_termination_time: 17944.48
local_termination_time: 7295.769360000001
node_cons: 341.87938000000076
tot_aggregated_send: 0
tot_msg_rcv: 280
tot_msg_sent: 166
tot_reconf_duration: 15.110000000000001
tot_sleeping_duration: 17704.48
tot_uptimes: 5
tot_uptimes_duration: 240.0
