comms_cons: 3.217228799989367
finished_reconf: true
global_termination_time: 14821.761
local_termination_time: 8136.15048
node_cons: 253.8123600000001
tot_aggregated_send: 0
tot_msg_rcv: 319
tot_msg_sent: 169
tot_reconf_duration: 9.42
tot_sleeping_duration: 14641.761
tot_uptimes: 4
tot_uptimes_duration: 180.0
