comms_cons: 2.921164799990346
finished_reconf: true
global_termination_time: 17356.609
local_termination_time: 6438.92036
node_cons: 327.32161999999926
tot_aggregated_send: 0
tot_msg_rcv: 271
tot_msg_sent: 173
tot_reconf_duration: 4.390000000000001
tot_sleeping_duration: 17116.609
tot_uptimes: 5
tot_uptimes_duration: 240.0
