comms_cons: 2.5461503999958066
finished_reconf: true
global_termination_time: 16549.62
local_termination_time: 7279.125360000001
node_cons: 331.97956000000084
tot_aggregated_send: 0
tot_msg_rcv: 216
tot_msg_sent: 171
tot_reconf_duration: 7.819999999999999
tot_sleeping_duration: 16309.619999999999
tot_uptimes: 5
tot_uptimes_duration: 240.0
