comms_cons: 1.5526911999974868
finished_reconf: true
global_termination_time: 12815.808
local_termination_time: 7154.5383600000005
node_cons: 247.9458000000005
tot_aggregated_send: 0
tot_msg_rcv: 122
tot_msg_sent: 114
tot_reconf_duration: 5.1
tot_sleeping_duration: 12635.808
tot_uptimes: 4
tot_uptimes_duration: 180.0
