comms_cons: 1.4408447999952403
finished_reconf: true
global_termination_time: 13796.303
local_termination_time: 3266.2659200000035
node_cons: 249.4689024000059
tot_aggregated_send: 0
tot_msg_rcv: 104
tot_msg_sent: 115
tot_reconf_duration: 6.22
tot_sleeping_duration: 13616.301399999995
tot_uptimes: 4
tot_uptimes_duration: 180.00160000000415
