comms_cons: 75.62533119698547
finished_reconf: true
global_termination_time: 749023.736
local_termination_time: 636177.7693599998
node_cons: 15369.685462238234
tot_aggregated_send: 10150
tot_msg_rcv: 431
tot_msg_sent: 913
tot_reconf_duration: 18.21
tot_sleeping_duration: 737563.7238400014
tot_uptimes: 192
tot_uptimes_duration: 11460.012159998703
