comms_cons: 12.322841599960727
finished_reconf: true
global_termination_time: 124615.11
local_termination_time: 1575.3852400000023
node_cons: 2498.9867600000002
tot_aggregated_send: 1624
tot_msg_rcv: 79
tot_msg_sent: 170
tot_reconf_duration: 6.22
tot_sleeping_duration: 122755.11
tot_uptimes: 32
tot_uptimes_duration: 1860.0
