comms_cons: 12.618905599965288
finished_reconf: true
global_termination_time: 127151.702
local_termination_time: 48219.66436000001
node_cons: 2586.2471211191482
tot_aggregated_send: 1740
tot_msg_rcv: 71
tot_msg_sent: 107
tot_reconf_duration: 11.31
tot_sleeping_duration: 125231.69592000064
tot_uptimes: 33
tot_uptimes_duration: 1920.0060799993662
