comms_cons: 185.58607359127956
finished_reconf: true
global_termination_time: 1896644.161
local_termination_time: 1462921.075
node_cons: 38982.95551175693
tot_aggregated_send: 26729
tot_msg_rcv: 489
tot_msg_sent: 990
tot_reconf_duration: 11.31
tot_sleeping_duration: 1867542.1471600023
tot_uptimes: 486
tot_uptimes_duration: 29102.013839997817
