comms_cons: 63.318220799377166
finished_reconf: true
global_termination_time: 643919.67
local_termination_time: 106059.96959999995
node_cons: 13206.526841119181
tot_aggregated_send: 9222
tot_msg_rcv: 133
tot_msg_sent: 269
tot_reconf_duration: 22.65
tot_sleeping_duration: 634079.6639200008
tot_uptimes: 165
tot_uptimes_duration: 9840.006079999366
