comms_cons: 64.08861440055519
finished_reconf: true
global_termination_time: 642533.529
local_termination_time: 104965.76167999957
node_cons: 13181.721620000017
tot_aggregated_send: 9048
tot_msg_rcv: 233
tot_msg_sent: 460
tot_reconf_duration: 4.390000000000001
tot_sleeping_duration: 632693.529
tot_uptimes: 165
tot_uptimes_duration: 9840.0
