comms_cons: 178.50685439136046
finished_reconf: true
global_termination_time: 1792832.381
local_termination_time: 687929.5353599999
node_cons: 36888.43137999985
tot_aggregated_send: 25694
tot_msg_rcv: 518
tot_msg_sent: 920
tot_reconf_duration: 9.11
tot_sleeping_duration: 1765292.381
tot_uptimes: 460
tot_uptimes_duration: 27540.0
