comms_cons: 181.5848447853096
finished_reconf: true
global_termination_time: 1792607.0922400001
local_termination_time: 16899.909600000003
node_cons: 36925.90298494408
tot_aggregated_send: 24882
tot_msg_rcv: 1005
tot_msg_sent: 1712
tot_reconf_duration: 22.65
tot_sleeping_duration: 1765052.839600012
tot_uptimes: 460
tot_uptimes_duration: 27554.252639988204
