comms_cons: 86.46426879896288
finished_reconf: true
global_termination_time: 860740.5824799999
local_termination_time: 860740.5413599999
node_cons: 17726.584224326976
tot_aggregated_send: 11992
tot_msg_rcv: 380
tot_msg_sent: 768
tot_reconf_duration: 24.59
tot_sleeping_duration: 847526.8475999946
tot_uptimes: 221
tot_uptimes_duration: 13213.734880005184
