comms_cons: 90.5692671931562
finished_reconf: true
global_termination_time: 863177.944
local_termination_time: 404963.44636
node_cons: 17763.62923307823
tot_aggregated_send: 11252
tot_msg_rcv: 948
tot_msg_sent: 1566
tot_reconf_duration: 6.22
tot_sleeping_duration: 849917.9122800013
tot_uptimes: 222
tot_uptimes_duration: 13260.03171999869
