comms_cons: 84.60976639896758
finished_reconf: true
global_termination_time: 861260.263
local_termination_time: 330418.7553600005
node_cons: 17682.19022223368
tot_aggregated_send: 11020
tot_msg_rcv: 559
tot_msg_sent: 1282
tot_reconf_duration: 5.43
tot_sleeping_duration: 848060.2508400048
tot_uptimes: 221
tot_uptimes_duration: 13200.012159995269
