comms_cons: 33.678924799912465
finished_reconf: true
global_termination_time: 14986.144240000003
local_termination_time: 1184.3950400000015
node_cons: 4552.413744960038
tot_aggregated_send: 0
tot_msg_rcv: 2470
tot_msg_sent: 2648
tot_reconf_duration: 6.22
tot_sleeping_duration: 11592.591599999978
tot_uptimes: 53
tot_uptimes_duration: 3393.552640000026
