comms_cons: 281.70818562408397
finished_reconf: false
global_termination_time: 2809758.662
local_termination_time: 0
node_cons: 57863.93692223264
tot_aggregated_send: 40122
tot_msg_rcv: 1067
tot_msg_sent: 1629
tot_reconf_duration: 14.08
tot_sleeping_duration: 2766558.6498400047
tot_uptimes: 720
tot_uptimes_duration: 43200.01215999527
