comms_cons: 285.73465602592364
finished_reconf: true
global_termination_time: 2809455.962
local_termination_time: 289245.1194800001
node_cons: 57869.59430893889
tot_aggregated_send: 38628
tot_msg_rcv: 1677
tot_msg_sent: 3125
tot_reconf_duration: 18.21
tot_sleeping_duration: 2766255.9133600146
tot_uptimes: 720
tot_uptimes_duration: 43200.048639984976
