comms_cons: 284.16880640063744
finished_reconf: true
global_termination_time: 2807791.996
local_termination_time: 408459.43036
node_cons: 57850.8023255837
tot_aggregated_send: 39498
tot_msg_rcv: 1427
tot_msg_sent: 2267
tot_reconf_duration: 4.390000000000001
tot_sleeping_duration: 2764591.965600011
tot_uptimes: 720
tot_uptimes_duration: 43200.03039998864
