comms_cons: 284.4524480171945
finished_reconf: true
global_termination_time: 2808092.059
local_termination_time: 1834874.14236
node_cons: 57853.26304223291
tot_aggregated_send: 38860
tot_msg_rcv: 1477
tot_msg_sent: 2899
tot_reconf_duration: 6.22
tot_sleeping_duration: 2764892.0468400046
tot_uptimes: 720
tot_uptimes_duration: 43200.0121599955
