comms_cons: 2.1645567999948723
finished_reconf: true
global_termination_time: 12878.77848
local_termination_time: 12878.737360000001
node_cons: 310.18121984000703
tot_aggregated_send: 0
tot_msg_rcv: 172
tot_msg_sent: 156
tot_reconf_duration: 37.410000000000004
tot_sleeping_duration: 12685.067919999996
tot_uptimes: 4
tot_uptimes_duration: 193.710560000005
