comms_cons: 2.3750911999921516
finished_reconf: true
global_termination_time: 13702.135
local_termination_time: 8068.25636
node_cons: 247.55198000000055
tot_aggregated_send: 0
tot_msg_rcv: 191
tot_msg_sent: 170
tot_reconf_duration: 4.8100000000000005
tot_sleeping_duration: 13522.135
tot_uptimes: 4
tot_uptimes_duration: 180.0
