comms_cons: 3.0198527999900198
finished_reconf: true
global_termination_time: 16353.563
local_termination_time: 6661.91336
node_cons: 325.50189999999907
tot_aggregated_send: 0
tot_msg_rcv: 283
tot_msg_sent: 176
tot_reconf_duration: 3.05
tot_sleeping_duration: 16113.563
tot_uptimes: 5
tot_uptimes_duration: 240.0
