comms_cons: 329.3460029478407
finished_reconf: true
global_termination_time: 1819364.728
local_termination_time: 998093.562
node_cons: 37388.96689118834
tot_aggregated_send: 0
tot_msg_rcv: 25475
tot_msg_sent: 24586
tot_reconf_duration: 22.65
tot_sleeping_duration: 1791464.6472000086
tot_uptimes: 466
tot_uptimes_duration: 27900.08079999138
