comms_cons: 180.0266495954415
finished_reconf: true
global_termination_time: 1818909.561
local_termination_time: 1347877.0532799982
node_cons: 37366.62823999989
tot_aggregated_send: 26216
tot_msg_rcv: 398
tot_msg_sent: 749
tot_reconf_duration: 6.279999999999999
tot_sleeping_duration: 1791009.561
tot_uptimes: 466
tot_uptimes_duration: 27900.0
