comms_cons: 179.47399679538046
finished_reconf: true
global_termination_time: 1818081.643
local_termination_time: 1201252.7693599998
node_cons: 37375.98485999979
tot_aggregated_send: 26390
tot_msg_rcv: 354
tot_msg_sent: 535
tot_reconf_duration: 13.17
tot_sleeping_duration: 1790181.6429999997
tot_uptimes: 466
tot_uptimes_duration: 27900.00000000003
