comms_cons: 184.87614718119588
finished_reconf: true
global_termination_time: 1818031.633
local_termination_time: 859517.92436
node_cons: 37364.11046670087
tot_aggregated_send: 24070
tot_msg_rcv: 1366
tot_msg_sent: 2664
tot_reconf_duration: 4.390000000000001
tot_sleeping_duration: 1790131.596520014
tot_uptimes: 466
tot_uptimes_duration: 27900.036479985807
