comms_cons: 184.73140478586146
finished_reconf: true
global_termination_time: 1818558.097
local_termination_time: 1504040.4051999988
node_cons: 37368.727701116775
tot_aggregated_send: 24418
tot_msg_rcv: 1278
tot_msg_sent: 2383
tot_reconf_duration: 7.819999999999999
tot_sleeping_duration: 1790658.0909200024
tot_uptimes: 466
tot_uptimes_duration: 27900.006079997635
