comms_cons: 180.64639999429372
finished_reconf: true
global_termination_time: 1817214.24
local_termination_time: 1110651.7704799997
node_cons: 37365.47393999976
tot_aggregated_send: 25810
tot_msg_rcv: 581
tot_msg_sent: 1066
tot_reconf_duration: 5.43
tot_sleeping_duration: 1789314.24
tot_uptimes: 466
tot_uptimes_duration: 27900.0
