comms_cons: 192.06456313414975
finished_reconf: true
global_termination_time: 1607793.85136
local_termination_time: 55957.19148000001
node_cons: 33063.860899314954
tot_aggregated_send: 15138
tot_msg_rcv: 5294
tot_msg_sent: 8761
tot_reconf_duration: 18.21
tot_sleeping_duration: 1583119.3691200337
tot_uptimes: 412
tot_uptimes_duration: 24674.48223996634
