comms_cons: 460.3967360949055
finished_reconf: true
global_termination_time: 4540479.367
local_termination_time: 4060.246040000001
node_cons: 93362.73361228844
tot_aggregated_send: 62524
tot_msg_rcv: 2572
tot_msg_sent: 4880
tot_reconf_duration: 5.57
tot_sleeping_duration: 4470759.300120021
tot_uptimes: 1163
tot_uptimes_duration: 69720.06687997835
