comms_cons: 452.6210048719974
finished_reconf: true
global_termination_time: 4540555.082
local_termination_time: 1101745.72536
node_cons: 93359.3196278163
tot_aggregated_send: 62988
tot_msg_rcv: 1979
tot_msg_sent: 3828
tot_reconf_duration: 3.08
tot_sleeping_duration: 4470835.039440016
tot_uptimes: 1163
tot_uptimes_duration: 69720.04255998414
