comms_cons: 456.57992968700023
finished_reconf: true
global_termination_time: 4540685.814
local_termination_time: 969053.6283599999
node_cons: 93370.50410893327
tot_aggregated_send: 62640
tot_msg_rcv: 2000
tot_msg_sent: 4757
tot_reconf_duration: 11.31
tot_sleeping_duration: 4470965.765360018
tot_uptimes: 1163
tot_uptimes_duration: 69720.04863998201
