comms_cons: 399.2221952656301
finished_reconf: true
global_termination_time: 3967909.249239997
local_termination_time: 173317.97736000005
node_cons: 81670.63841941128
tot_aggregated_send: 55506
tot_msg_rcv: 1807
tot_msg_sent: 3366
tot_reconf_duration: 18.21
tot_sleeping_duration: 3906933.962280017
tot_uptimes: 1017
tot_uptimes_duration: 60975.28695998009
