comms_cons: 388.7704576232356
finished_reconf: true
global_termination_time: 3969164.095
local_termination_time: 2175146.275199999
node_cons: 81633.99266334942
tot_aggregated_send: 55158
tot_msg_rcv: 1306
tot_msg_sent: 2628
tot_reconf_duration: 6.279999999999999
tot_sleeping_duration: 3908204.076760007
tot_uptimes: 1017
tot_uptimes_duration: 60960.01823999337
