comms_cons: 267.9181824006735
finished_reconf: true
global_termination_time: 2688671.054
local_termination_time: 2013626.1704799999
node_cons: 55378.98917999903
tot_aggregated_send: 38454
tot_msg_rcv: 776
tot_msg_sent: 1492
tot_reconf_duration: 18.21
tot_sleeping_duration: 2647331.054
tot_uptimes: 689
tot_uptimes_duration: 41340.0
