comms_cons: 273.55771520496415
finished_reconf: true
global_termination_time: 2693565.728
local_termination_time: 1037663.0373599998
node_cons: 55361.8647655838
tot_aggregated_send: 37352
tot_msg_rcv: 1615
tot_msg_sent: 2612
tot_reconf_duration: 5.57
tot_sleeping_duration: 2652225.6976000117
tot_uptimes: 690
tot_uptimes_duration: 41340.03039998864
