comms_cons: 142.38835201369284
finished_reconf: true
global_termination_time: 294748.64884000056
local_termination_time: 294748.60772000055
node_cons: 17902.399358928098
tot_aggregated_send: 0
tot_msg_rcv: 8761
tot_msg_sent: 12880
tot_reconf_duration: 37.410000000000004
tot_sleeping_duration: 281416.6125599945
tot_uptimes: 218
tot_uptimes_duration: 13332.036280006028
