comms_cons: 29.382707200278347
finished_reconf: true
global_termination_time: 297654.178
local_termination_time: 201970.74236000006
node_cons: 6126.367521121459
tot_aggregated_send: 4176
tot_msg_rcv: 71
tot_msg_sent: 219
tot_reconf_duration: 15.110000000000001
tot_sleeping_duration: 293094.17191999895
tot_uptimes: 77
tot_uptimes_duration: 4560.006080001069
