comms_cons: 29.501132799973526
finished_reconf: true
global_termination_time: 295876.343
local_termination_time: 32479.55644
node_cons: 6041.668341119154
tot_aggregated_send: 4176
tot_msg_rcv: 144
tot_msg_sent: 164
tot_reconf_duration: 11.899999999999999
tot_sleeping_duration: 291376.3369200006
tot_uptimes: 76
tot_uptimes_duration: 4500.006079999366
