comms_cons: 30.94855680050555
finished_reconf: true
global_termination_time: 299498.205
local_termination_time: 95370.75883999966
node_cons: 6116.483983364307
tot_aggregated_send: 3886
tot_msg_rcv: 298
tot_msg_sent: 520
tot_reconf_duration: 7.819999999999999
tot_sleeping_duration: 294938.1867599968
tot_uptimes: 77
tot_uptimes_duration: 4560.018240003206
