comms_cons: 30.909081600420983
finished_reconf: true
global_termination_time: 297753.522
local_termination_time: 193619.55444000068
node_cons: 6121.207121121433
tot_aggregated_send: 3886
tot_msg_rcv: 298
tot_msg_sent: 513
tot_reconf_duration: 11.31
tot_sleeping_duration: 293193.5159199989
tot_uptimes: 77
tot_uptimes_duration: 4560.006080001069
