comms_cons: 193.64559358230898
finished_reconf: true
global_termination_time: 1959712.358
local_termination_time: 1119326.3773999992
node_cons: 40260.98398335031
tot_aggregated_send: 26332
tot_msg_rcv: 1001
tot_msg_sent: 2100
tot_reconf_duration: 7.819999999999999
tot_sleeping_duration: 1929652.339760007
tot_uptimes: 502
tot_uptimes_duration: 30060.018239992904
