comms_cons: 194.0936063911802
finished_reconf: true
global_termination_time: 1957660.735
local_termination_time: 856046.3135199981
node_cons: 40276.11466527718
tot_aggregated_send: 27840
tot_msg_rcv: 510
tot_msg_sent: 1152
tot_reconf_duration: 15.34
tot_sleeping_duration: 1927597.0434800019
tot_uptimes: 502
tot_uptimes_duration: 30063.69151999813
