comms_cons: 2.178342399999519
finished_reconf: true
global_termination_time: 14665.654
local_termination_time: 1504.9244000000015
node_cons: 261.8517199999999
tot_aggregated_send: 0
tot_msg_rcv: 224
tot_msg_sent: 108
tot_reconf_duration: 15.34
tot_sleeping_duration: 14485.654
tot_uptimes: 4
tot_uptimes_duration: 180.0
