comms_cons: 1.0724095999991614
finished_reconf: true
global_termination_time: 12913.063
local_termination_time: 7498.348360000001
node_cons: 249.46676000000033
tot_aggregated_send: 0
tot_msg_rcv: 98
tot_msg_sent: 65
tot_reconf_duration: 6.22
tot_sleeping_duration: 12733.063
tot_uptimes: 4
tot_uptimes_duration: 180.0
