comms_cons: 813.5246593218299
finished_reconf: true
global_termination_time: 8292213.396
local_termination_time: 4717614.24408
node_cons: 170566.03520446277
tot_aggregated_send: 114956
tot_msg_rcv: 2786
tot_msg_sent: 5909
tot_reconf_duration: 3.08
tot_sleeping_duration: 8164833.371680008
tot_uptimes: 2124
tot_uptimes_duration: 127380.02431999147
