comms_cons: 817.4123393618642
finished_reconf: true
global_termination_time: 8289295.893
local_termination_time: 4881365.02036
node_cons: 170493.87580334596
tot_aggregated_send: 113680
tot_msg_rcv: 3449
tot_msg_sent: 7110
tot_reconf_duration: 9.11
tot_sleeping_duration: 8161975.874760007
tot_uptimes: 2123
tot_uptimes_duration: 127320.0182399936
