comms_cons: 217.06879998728664
finished_reconf: true
global_termination_time: 2176395.1581199947
local_termination_time: 90486.69747999994
node_cons: 44817.67547973757
tot_aggregated_send: 30276
tot_msg_rcv: 842
tot_msg_sent: 1876
tot_reconf_duration: 25.299999999999997
tot_sleeping_duration: 2142949.8122800114
tot_uptimes: 558
tot_uptimes_duration: 33445.34583998361
