comms_cons: 427.95571811567567
finished_reconf: true
global_termination_time: 2176395.5035999976
local_termination_time: 3416.3623600000005
node_cons: 44787.84229062993
tot_aggregated_send: 0
tot_msg_rcv: 32736
tot_msg_sent: 32309
tot_reconf_duration: 13.17
tot_sleeping_duration: 2142960.135840005
tot_uptimes: 558
tot_uptimes_duration: 33435.367759992834
