comms_cons: 184.59261438359778
finished_reconf: true
global_termination_time: 1811032.236
local_termination_time: 670277.1474799998
node_cons: 37212.811544467106
tot_aggregated_send: 24650
tot_msg_rcv: 1205
tot_msg_sent: 2202
tot_reconf_duration: 11.31
tot_sleeping_duration: 1783252.2116800095
tot_uptimes: 464
tot_uptimes_duration: 27780.024319990538
