comms_cons: 129.87083519406715
finished_reconf: true
global_termination_time: 1307853.041
local_termination_time: 858551.9423599999
node_cons: 26851.4448600001
tot_aggregated_send: 18560
tot_msg_rcv: 379
tot_msg_sent: 800
tot_reconf_duration: 13.17
tot_sleeping_duration: 1287813.041
tot_uptimes: 335
tot_uptimes_duration: 20040.0
