comms_cons: 132.3149183902634
finished_reconf: true
global_termination_time: 1301342.4179199995
local_termination_time: 287510.2094800001
node_cons: 26799.91521934665
tot_aggregated_send: 17806
tot_msg_rcv: 778
tot_msg_sent: 1528
tot_reconf_duration: 7.819999999999999
tot_sleeping_duration: 1281335.4756800095
tot_uptimes: 334
tot_uptimes_duration: 20006.942239989992
