comms_cons: 76.26013439977051
finished_reconf: true
global_termination_time: 777178.712
local_termination_time: 409017.994
node_cons: 16025.48465656109
tot_aggregated_send: 11308
tot_msg_rcv: 122
tot_msg_sent: 162
tot_reconf_duration: 22.65
tot_sleeping_duration: 765233.4349599993
tot_uptimes: 200
tot_uptimes_duration: 11945.277040000772
