comms_cons: 75.22062079949255
finished_reconf: true
global_termination_time: 774869.374
local_termination_time: 454320.2333600001
node_cons: 15941.68554111684
tot_aggregated_send: 11136
tot_msg_rcv: 86
tot_msg_sent: 211
tot_reconf_duration: 25.299999999999997
tot_sleeping_duration: 762989.3679200023
tot_uptimes: 199
tot_uptimes_duration: 11880.006079997635
