comms_cons: 75.95686400013597
finished_reconf: true
global_termination_time: 779168.705
local_termination_time: 185479.17320000063
node_cons: 15996.106760000024
tot_aggregated_send: 11252
tot_msg_rcv: 117
tot_msg_sent: 176
tot_reconf_duration: 6.22
tot_sleeping_duration: 767228.705
tot_uptimes: 200
tot_uptimes_duration: 11940.0
