comms_cons: 495.78136971960316
finished_reconf: true
global_termination_time: 4874111.119
local_termination_time: 1745739.9043999994
node_cons: 100289.75530558248
tot_aggregated_send: 66236
tot_msg_rcv: 2980
tot_msg_sent: 6138
tot_reconf_duration: 18.700000000000003
tot_sleeping_duration: 4799231.088600011
tot_uptimes: 1249
tot_uptimes_duration: 74880.03039998887
