comms_cons: 494.95544332880814
finished_reconf: true
global_termination_time: 4872120.414
local_termination_time: 1773472.213959999
node_cons: 100198.88266446533
tot_aggregated_send: 66642
tot_msg_rcv: 2906
tot_msg_sent: 5681
tot_reconf_duration: 10.95
tot_sleeping_duration: 4797300.389680009
tot_uptimes: 1248
tot_uptimes_duration: 74820.024319991
