comms_cons: 485.62391047830647
finished_reconf: true
global_termination_time: 4874649.483
local_termination_time: 1562785.7939199982
node_cons: 100272.83188893362
tot_aggregated_send: 67686
tot_msg_rcv: 2115
tot_msg_sent: 4011
tot_reconf_duration: 6.22
tot_sleeping_duration: 4799769.434360017
tot_uptimes: 1249
tot_uptimes_duration: 74880.04863998247
