comms_cons: 104.93166079809605
finished_reconf: true
global_termination_time: 1063492.322
local_termination_time: 654033.8775999998
node_cons: 21859.4058
tot_aggregated_send: 15428
tot_msg_rcv: 177
tot_msg_sent: 344
tot_reconf_duration: 5.1
tot_sleeping_duration: 1047172.3219999999
tot_uptimes: 273
tot_uptimes_duration: 16320.0
