comms_cons: 106.12249599756328
finished_reconf: true
global_termination_time: 1066198.505
local_termination_time: 632208.15236
node_cons: 21950.704860000013
tot_aggregated_send: 15080
tot_msg_rcv: 364
tot_msg_sent: 686
tot_reconf_duration: 13.17
tot_sleeping_duration: 1049818.505
tot_uptimes: 274
tot_uptimes_duration: 16379.999999999942
