comms_cons: 878.6316481403327
finished_reconf: true
global_termination_time: 8921728.958
local_termination_time: 3880396.564039999
node_cons: 183514.48556557912
tot_aggregated_send: 125338
tot_msg_rcv: 2655
tot_msg_sent: 5553
tot_reconf_duration: 13.17
tot_sleeping_duration: 8784688.927600011
tot_uptimes: 2285
tot_uptimes_duration: 137040.03039998934
