comms_cons: 878.7127489447408
finished_reconf: true
global_termination_time: 8919572.034
local_termination_time: 5945827.082599999
node_cons: 183521.97902334394
tot_aggregated_send: 124236
tot_msg_rcv: 3182
tot_msg_sent: 6139
tot_reconf_duration: 18.700000000000003
tot_sleeping_duration: 8782532.015760006
tot_uptimes: 2285
tot_uptimes_duration: 137040.0182399936
