comms_cons: 889.8095554485515
finished_reconf: true
global_termination_time: 8921815.469
local_termination_time: 767852.4973599999
node_cons: 183502.61117228577
tot_aggregated_send: 124178
tot_msg_rcv: 3679
tot_msg_sent: 7388
tot_reconf_duration: 4.390000000000001
tot_sleeping_duration: 8784775.402120022
tot_uptimes: 2285
tot_uptimes_duration: 137040.06687997928
