comms_cons: 346.47051524401445
finished_reconf: true
global_termination_time: 3451655.076
local_termination_time: 429741.8983600001
node_cons: 70951.27134893833
tot_aggregated_send: 48488
tot_msg_rcv: 1444
tot_msg_sent: 2729
tot_reconf_duration: 8.09
tot_sleeping_duration: 3398675.027360015
tot_uptimes: 884
tot_uptimes_duration: 52980.048639984976
