comms_cons: 345.8293312356393
finished_reconf: true
global_termination_time: 3451103.835
local_termination_time: 975682.6301199989
node_cons: 70952.64022670001
tot_aggregated_send: 48720
tot_msg_rcv: 1350
tot_msg_sent: 2495
tot_reconf_duration: 9.11
tot_sleeping_duration: 3398123.7985200137
tot_uptimes: 884
tot_uptimes_duration: 52980.03647998627
