comms_cons: 27.573427200104643
finished_reconf: true
global_termination_time: 283300.712
local_termination_time: 257900.2552800008
node_cons: 5792.044060000016
tot_aggregated_send: 4118
tot_msg_rcv: 20
tot_msg_sent: 53
tot_reconf_duration: 5.57
tot_sleeping_duration: 278980.712
tot_uptimes: 73
tot_uptimes_duration: 4320.0
