comms_cons: 27.856332800030565
finished_reconf: true
global_termination_time: 281205.1
local_termination_time: 110193.65999999973
node_cons: 5791.011980000002
tot_aggregated_send: 4060
tot_msg_rcv: 62
tot_msg_sent: 112
tot_reconf_duration: 4.8100000000000005
tot_sleeping_duration: 276885.1
tot_uptimes: 73
tot_uptimes_duration: 4320.0
