comms_cons: 78.81881600013547
finished_reconf: true
global_termination_time: 802869.669
local_termination_time: 423359.19936
node_cons: 16487.584860000003
tot_aggregated_send: 10846
tot_msg_rcv: 448
tot_msg_sent: 686
tot_reconf_duration: 13.17
tot_sleeping_duration: 790569.669
tot_uptimes: 206
tot_uptimes_duration: 12300.0
