comms_cons: 112.39212800477826
finished_reconf: true
global_termination_time: 799470.114
local_termination_time: 155452.77764000036
node_cons: 16396.742081116845
tot_aggregated_send: 0
tot_msg_rcv: 8664
tot_msg_sent: 8418
tot_reconf_duration: 5.43
tot_sleeping_duration: 787230.1079200023
tot_uptimes: 205
tot_uptimes_duration: 12240.006079997635
