comms_cons: 690.3844616792628
finished_reconf: true
global_termination_time: 3500637.001
local_termination_time: 2227329.41348
node_cons: 72015.39869999823
tot_aggregated_send: 0
tot_msg_rcv: 52981
tot_msg_sent: 51950
tot_reconf_duration: 22.65
tot_sleeping_duration: 3446877.001
tot_uptimes: 897
tot_uptimes_duration: 53760.0
