comms_cons: 354.63504643311114
finished_reconf: true
global_termination_time: 3505424.172
local_termination_time: 533377.9092399989
node_cons: 72082.93813005085
tot_aggregated_send: 48430
tot_msg_rcv: 1873
tot_msg_sent: 3597
tot_reconf_duration: 13.17
tot_sleeping_duration: 3451604.1172800204
tot_uptimes: 898
tot_uptimes_duration: 53820.05471997941
