comms_cons: 352.15176321614365
finished_reconf: true
global_termination_time: 3501725.308
local_termination_time: 559092.418759999
node_cons: 71988.8877689339
tot_aggregated_send: 48952
tot_msg_rcv: 1548
tot_msg_sent: 3024
tot_reconf_duration: 3.08
tot_sleeping_duration: 3447965.259360018
tot_uptimes: 897
tot_uptimes_duration: 53760.048639981775
