comms_cons: 354.83544965704726
finished_reconf: true
global_termination_time: 3504612.071
local_termination_time: 2162682.6893599997
node_cons: 72071.52012111558
tot_aggregated_send: 48256
tot_msg_rcv: 1907
tot_msg_sent: 3769
tot_reconf_duration: 4.8100000000000005
tot_sleeping_duration: 3450792.064920002
tot_uptimes: 898
tot_uptimes_duration: 53820.00607999787
