comms_cons: 355.34119684952236
finished_reconf: true
global_termination_time: 3503800.305
local_termination_time: 1620736.48836
node_cons: 72082.18038669984
tot_aggregated_send: 48430
tot_msg_rcv: 1989
tot_msg_sent: 3591
tot_reconf_duration: 12.629999999999999
tot_sleeping_duration: 3449980.268520014
tot_uptimes: 898
tot_uptimes_duration: 53820.03647998603
