comms_cons: 126.49890559385669
finished_reconf: true
global_termination_time: 1281428.839
local_termination_time: 242643.31852000084
node_cons: 26385.067619753074
tot_aggregated_send: 18096
tot_msg_rcv: 379
tot_msg_sent: 753
tot_reconf_duration: 18.21
tot_sleeping_duration: 1261742.2531600052
tot_uptimes: 329
tot_uptimes_duration: 19686.585839994805
