comms_cons: 45.725439999886525
finished_reconf: true
global_termination_time: 11277.582240000003
local_termination_time: 2074.1280800000022
node_cons: 5099.936916560068
tot_aggregated_send: 0
tot_msg_rcv: 3572
tot_msg_sent: 3377
tot_reconf_duration: 18.21
tot_sleeping_duration: 7487.285199999954
tot_uptimes: 55
tot_uptimes_duration: 3790.2970400000495
