comms_cons: 2.1777151999946227
finished_reconf: true
global_termination_time: 12597.801
local_termination_time: 2065.0180800000026
node_cons: 252.0062199999999
tot_aggregated_send: 0
tot_msg_rcv: 161
tot_msg_sent: 169
tot_reconf_duration: 8.09
tot_sleeping_duration: 12417.801
tot_uptimes: 4
tot_uptimes_duration: 179.99999999999977
