comms_cons: 2.2369279999947196
finished_reconf: true
global_termination_time: 12633.092
local_termination_time: 6027.204360000001
node_cons: 257.18020000000075
tot_aggregated_send: 0
tot_msg_rcv: 176
tot_msg_sent: 163
tot_reconf_duration: 11.899999999999999
tot_sleeping_duration: 12453.092
tot_uptimes: 4
tot_uptimes_duration: 180.0
