comms_cons: 130.0667135977143
finished_reconf: true
global_termination_time: 1317590.211
local_termination_time: 6517.521
node_cons: 27079.960382236884
tot_aggregated_send: 19077
tot_msg_rcv: 226
tot_msg_sent: 466
tot_reconf_duration: 3.95
tot_sleeping_duration: 1297370.1988400023
tot_uptimes: 338
tot_uptimes_duration: 20220.01215999764
