comms_cons: 128.1108095966131
finished_reconf: true
global_termination_time: 1318257.077
local_termination_time: 4805.223999999999
node_cons: 27084.202781119195
tot_aggregated_send: 18900
tot_msg_rcv: 241
tot_msg_sent: 331
tot_reconf_duration: 7.08
tot_sleeping_duration: 1298037.0709200008
tot_uptimes: 338
tot_uptimes_duration: 20220.006079999366
