comms_cons: 128.5851391975044
finished_reconf: true
global_termination_time: 1314768.504
local_termination_time: 3994.105
node_cons: 26999.359660000042
tot_aggregated_send: 18729
tot_msg_rcv: 258
tot_msg_sent: 558
tot_reconf_duration: 3.77
tot_sleeping_duration: 1294608.504
tot_uptimes: 337
tot_uptimes_duration: 20160.0
