comms_cons: 49.31110400032658
finished_reconf: true
global_termination_time: 499071.164
local_termination_time: 100207.39591999954
node_cons: 10207.321899999997
tot_aggregated_send: 7134
tot_msg_rcv: 131
tot_msg_sent: 230
tot_reconf_duration: 3.05
tot_sleeping_duration: 491451.164
tot_uptimes: 128
tot_uptimes_duration: 7620.0
