comms_cons: 92.22127359613827
finished_reconf: true
global_termination_time: 896769.143
local_termination_time: 71508.17763999978
node_cons: 18422.63802672402
tot_aggregated_send: 11658
tot_msg_rcv: 805
tot_msg_sent: 1554
tot_reconf_duration: 18.21
tot_sleeping_duration: 883029.1065199971
tot_uptimes: 230
tot_uptimes_duration: 13740.036480002978
