comms_cons: 92.70015359453302
finished_reconf: true
global_termination_time: 892934.192
local_termination_time: 287468.06136000005
node_cons: 18404.834646723983
tot_aggregated_send: 11716
tot_msg_rcv: 800
tot_msg_sent: 1573
tot_reconf_duration: 5.1
tot_sleeping_duration: 879194.1555199971
tot_uptimes: 229
tot_uptimes_duration: 13740.036480002978
