comms_cons: 88.04943359772743
finished_reconf: true
global_termination_time: 894629.175
local_termination_time: 674584.2133599999
node_cons: 18415.744860000083
tot_aggregated_send: 12412
tot_msg_rcv: 341
tot_msg_sent: 630
tot_reconf_duration: 13.17
tot_sleeping_duration: 880889.175
tot_uptimes: 230
tot_uptimes_duration: 13740.0
