comms_cons: 52.363852800666905
finished_reconf: true
global_termination_time: 508117.883
local_termination_time: 196829.82136000006
node_cons: 10451.142082242883
tot_aggregated_send: 6728
tot_msg_rcv: 419
tot_msg_sent: 812
tot_reconf_duration: 5.1
tot_sleeping_duration: 500317.87083999783
tot_uptimes: 131
tot_uptimes_duration: 7800.0121600021375
