comms_cons: 89.90476799849546
finished_reconf: true
global_termination_time: 897086.085
local_termination_time: 367489.5183600001
node_cons: 18402.00190000009
tot_aggregated_send: 12586
tot_msg_rcv: 385
tot_msg_sent: 694
tot_reconf_duration: 3.05
tot_sleeping_duration: 883346.085
tot_uptimes: 230
tot_uptimes_duration: 13740.0
