comms_cons: 2251.6779694541924
finished_reconf: true
global_termination_time: 4656806.808519999
local_termination_time: 4656806.767399998
node_cons: 282644.45253862586
tot_aggregated_send: 0
tot_msg_rcv: 138335
tot_msg_sent: 203904
tot_reconf_duration: 37.410000000000004
tot_sleeping_duration: 4445758.526400037
tot_uptimes: 3460
tot_uptimes_duration: 211048.28211996224
