comms_cons: 468.33440010454444
finished_reconf: true
global_termination_time: 4660835.621
local_termination_time: 643372.0473599999
node_cons: 95856.70391340178
tot_aggregated_send: 65250
tot_msg_rcv: 1984
tot_msg_sent: 3951
tot_reconf_duration: 8.09
tot_sleeping_duration: 4589255.548040027
tot_uptimes: 1194
tot_uptimes_duration: 71580.07295997348
