comms_cons: 472.7373952884536
finished_reconf: true
global_termination_time: 4658246.188
local_termination_time: 2270932.79136
node_cons: 95790.73158781698
tot_aggregated_send: 63974
tot_msg_rcv: 2723
tot_msg_sent: 5154
tot_reconf_duration: 18.700000000000003
tot_sleeping_duration: 4586726.145440016
tot_uptimes: 1193
tot_uptimes_duration: 71520.0425599846
