comms_cons: 142.68311039831963
finished_reconf: true
global_termination_time: 1466806.824
local_termination_time: 842585.4293599998
node_cons: 30142.858979999965
tot_aggregated_send: 21170
tot_msg_rcv: 162
tot_msg_sent: 355
tot_reconf_duration: 11.31
tot_sleeping_duration: 1444306.824
tot_uptimes: 376
tot_uptimes_duration: 22500.0
