comms_cons: 43.26465920011165
finished_reconf: true
global_termination_time: 440919.303
local_termination_time: 9768.535360000002
node_cons: 9010.459521120303
tot_aggregated_send: 6264
tot_msg_rcv: 87
tot_msg_sent: 224
tot_reconf_duration: 9.11
tot_sleeping_duration: 434199.29691999976
tot_uptimes: 113
tot_uptimes_duration: 6720.0060800002175
