comms_cons: 30.62680320031874
finished_reconf: true
global_termination_time: 307314.394
local_termination_time: 70755.40735999997
node_cons: 6278.907662240589
tot_aggregated_send: 4234
tot_msg_rcv: 137
tot_msg_sent: 284
tot_reconf_duration: 9.11
tot_sleeping_duration: 302634.3818399995
tot_uptimes: 79
tot_uptimes_duration: 4680.012160000435
