comms_cons: 32.05500799999195
finished_reconf: true
global_termination_time: 302982.172
local_termination_time: 1661.7203600000003
node_cons: 6198.996783359739
tot_aggregated_send: 3886
tot_msg_rcv: 410
tot_msg_sent: 576
tot_reconf_duration: 9.42
tot_sleeping_duration: 298362.1537600002
tot_uptimes: 78
tot_uptimes_duration: 4620.018239999801
