comms_cons: 71.60801280019147
finished_reconf: true
global_termination_time: 737673.401
local_termination_time: 259393.13936000006
node_cons: 15111.484060000032
tot_aggregated_send: 10614
tot_msg_rcv: 99
tot_msg_sent: 171
tot_reconf_duration: 5.57
tot_sleeping_duration: 726393.401
tot_uptimes: 189
tot_uptimes_duration: 11280.0
