comms_cons: 73.87188479705611
finished_reconf: true
global_termination_time: 740254.028
local_termination_time: 271478.72936
node_cons: 15209.65459999996
tot_aggregated_send: 10498
tot_msg_rcv: 283
tot_msg_sent: 447
tot_reconf_duration: 18.700000000000003
tot_sleeping_duration: 728914.028
tot_uptimes: 190
tot_uptimes_duration: 11340.0
