comms_cons: 92.4758591997348
finished_reconf: true
global_termination_time: 928030.662
local_termination_time: 292999.0668800009
node_cons: 19064.724524321184
tot_aggregated_send: 13108
tot_msg_rcv: 317
tot_msg_sent: 631
tot_reconf_duration: 13.17
tot_sleeping_duration: 913805.9871199991
tot_uptimes: 238
tot_uptimes_duration: 14224.674880000879
