comms_cons: 90.00345599954889
finished_reconf: true
global_termination_time: 928980.586
local_termination_time: 369285.224
node_cons: 19054.23671288281
tot_aggregated_send: 13332
tot_msg_rcv: 114
tot_msg_sent: 234
tot_reconf_duration: 9.11
tot_sleeping_duration: 914759.6260799979
tot_uptimes: 238
tot_uptimes_duration: 14220.95992000209
