comms_cons: 89.35211519901503
finished_reconf: true
global_termination_time: 927699.742
local_termination_time: 752655.5618399987
node_cons: 19056.74020000005
tot_aggregated_send: 13456
tot_msg_rcv: 31
tot_msg_sent: 94
tot_reconf_duration: 11.899999999999999
tot_sleeping_duration: 913479.742
tot_uptimes: 238
tot_uptimes_duration: 14219.999999999993
