comms_cons: 92.54187519801224
finished_reconf: true
global_termination_time: 926212.522
local_termination_time: 360226.6503600001
node_cons: 19051.199560000037
tot_aggregated_send: 13050
tot_msg_rcv: 359
tot_msg_sent: 656
tot_reconf_duration: 7.819999999999999
tot_sleeping_duration: 911992.522
tot_uptimes: 238
tot_uptimes_duration: 14220.0
