comms_cons: 91.57588479880084
finished_reconf: true
global_termination_time: 928639.773
local_termination_time: 276690.3366400004
node_cons: 19047.953940000018
tot_aggregated_send: 13340
tot_msg_rcv: 197
tot_msg_sent: 382
tot_reconf_duration: 5.43
tot_sleeping_duration: 914419.773
tot_uptimes: 238
tot_uptimes_duration: 14220.0
