comms_cons: 90.88569599848846
finished_reconf: true
global_termination_time: 928481.755
local_termination_time: 336765.55036000005
node_cons: 19061.419861121492
tot_aggregated_send: 13340
tot_msg_rcv: 138
tot_msg_sent: 336
tot_reconf_duration: 15.34
tot_sleeping_duration: 914261.748919999
tot_uptimes: 238
tot_uptimes_duration: 14220.006080001069
