comms_cons: 904.4426247771471
finished_reconf: true
global_termination_time: 3097731.573
local_termination_time: 1516161.2394799998
node_cons: 126797.73028799574
tot_aggregated_send: 0
tot_msg_rcv: 45979
tot_msg_sent: 91491
tot_reconf_duration: 18.21
tot_sleeping_duration: 3003054.201
tot_uptimes: 1570
tot_uptimes_duration: 94677.37199999981
