comms_cons: 309.7197568149668
finished_reconf: true
global_termination_time: 3100086.133
local_termination_time: 396791.5483600001
node_cons: 63730.516848934036
tot_aggregated_send: 43036
tot_msg_rcv: 1313
tot_msg_sent: 2726
tot_reconf_duration: 15.34
tot_sleeping_duration: 3052506.0843600184
tot_uptimes: 794
tot_uptimes_duration: 47580.04863998154
