comms_cons: 308.5575551998656
finished_reconf: true
global_termination_time: 3099005.388
local_termination_time: 749093.9547999994
node_cons: 63716.57022334949
tot_aggregated_send: 43500
tot_msg_rcv: 1217
tot_msg_sent: 2182
tot_reconf_duration: 5.1
tot_sleeping_duration: 3051425.3697600067
tot_uptimes: 794
tot_uptimes_duration: 47580.01823999314
