comms_cons: 313.8140032424029
finished_reconf: true
global_termination_time: 3095087.537
local_termination_time: 363757.23436000006
node_cons: 63639.95654782606
tot_aggregated_send: 42746
tot_msg_rcv: 1759
tot_msg_sent: 3192
tot_reconf_duration: 7.819999999999999
tot_sleeping_duration: 3047567.4944400094
tot_uptimes: 793
tot_uptimes_duration: 47520.04255999054
