comms_cons: 16.48810239995928
finished_reconf: true
global_termination_time: 11221.566240000002
local_termination_time: 1659.7530400000014
node_cons: 1910.218356480011
tot_aggregated_send: 0
tot_msg_rcv: 1186
tot_msg_sent: 1320
tot_reconf_duration: 18.21
tot_sleeping_duration: 9813.433919999994
tot_uptimes: 23
tot_uptimes_duration: 1408.1323200000086
