comms_cons: 389.6209280919965
finished_reconf: true
global_termination_time: 3822672.38
local_termination_time: 884856.7509599996
node_cons: 78583.56320781648
tot_aggregated_send: 51620
tot_msg_rcv: 2494
tot_msg_sent: 5106
tot_reconf_duration: 8.09
tot_sleeping_duration: 3763992.337440016
tot_uptimes: 979
tot_uptimes_duration: 58680.04255998391
