comms_cons: 382.3021312422431
finished_reconf: true
global_termination_time: 3825645.305
local_termination_time: 1296744.72336
node_cons: 78670.04410446649
tot_aggregated_send: 53882
tot_msg_rcv: 1330
tot_msg_sent: 2895
tot_reconf_duration: 12.629999999999999
tot_sleeping_duration: 3766905.2806800087
tot_uptimes: 980
tot_uptimes_duration: 58740.02431999124
