comms_cons: 385.10277125872835
finished_reconf: true
global_termination_time: 3825269.201
local_termination_time: 1748079.38936
node_cons: 78663.5284067004
tot_aggregated_send: 53650
tot_msg_rcv: 1750
tot_msg_sent: 3133
tot_reconf_duration: 7.819999999999999
tot_sleeping_duration: 3766529.164520013
tot_uptimes: 980
tot_uptimes_duration: 58740.03647998674
