comms_cons: 386.9704896483332
finished_reconf: true
global_termination_time: 3825543.136
local_termination_time: 1267551.8721599993
node_cons: 78661.3637478171
tot_aggregated_send: 53244
tot_msg_rcv: 2029
tot_msg_sent: 3543
tot_reconf_duration: 6.22
tot_sleeping_duration: 3766803.093440016
tot_uptimes: 980
tot_uptimes_duration: 58740.04255998437
