comms_cons: 2664.0716566607625
finished_reconf: true
global_termination_time: 9150018.24292
local_termination_time: 9150018.2018
node_cons: 372834.5688750131
tot_aggregated_send: 0
tot_msg_rcv: 135904
tot_msg_sent: 269020
tot_reconf_duration: 37.410000000000004
tot_sleeping_duration: 8871613.637920007
tot_uptimes: 4598
tot_uptimes_duration: 278404.6049999915
