comms_cons: 918.5540930800996
finished_reconf: true
global_termination_time: 9152061.016
local_termination_time: 882768.5343599999
node_cons: 188240.8514522807
tot_aggregated_send: 127716
tot_msg_rcv: 3993
tot_msg_sent: 7904
tot_reconf_duration: 3.05
tot_sleeping_duration: 9011480.949120026
tot_uptimes: 2344
tot_uptimes_duration: 140580.0668799756
