comms_cons: 255.8722943965713
finished_reconf: true
global_termination_time: 2557165.635
local_termination_time: 1301329.52636
node_cons: 52549.948483349785
tot_aggregated_send: 36076
tot_msg_rcv: 1015
tot_msg_sent: 1800
tot_reconf_duration: 5.57
tot_sleeping_duration: 2517925.6167600066
tot_uptimes: 655
tot_uptimes_duration: 39240.0182399929
