comms_cons: 256.94364800648543
finished_reconf: true
global_termination_time: 2560314.558
local_termination_time: 1630627.82536
node_cons: 52657.06554111609
tot_aggregated_send: 35554
tot_msg_rcv: 1084
tot_msg_sent: 2416
tot_reconf_duration: 25.299999999999997
tot_sleeping_duration: 2521014.551920003
tot_uptimes: 656
tot_uptimes_duration: 39300.006079997635
