comms_cons: 273.8268096013457
finished_reconf: true
global_termination_time: 2741789.502
local_termination_time: 33441.15188000018
node_cons: 56402.86263999902
tot_aggregated_send: 39034
tot_msg_rcv: 906
tot_msg_sent: 1680
tot_reconf_duration: 3.08
tot_sleeping_duration: 2699669.502
tot_uptimes: 703
tot_uptimes_duration: 42120.0
