comms_cons: 272.7847680217662
finished_reconf: true
global_termination_time: 2743468.317
local_termination_time: 1030539.5233599999
node_cons: 56415.831539999024
tot_aggregated_send: 39034
tot_msg_rcv: 813
tot_msg_sent: 1615
tot_reconf_duration: 12.629999999999999
tot_sleeping_duration: 2701348.317
tot_uptimes: 703
tot_uptimes_duration: 42119.99999999999
