comms_cons: 270.21870079421
finished_reconf: true
global_termination_time: 2741562.074
local_termination_time: 2304009.8003599998
node_cons: 56413.55009999842
tot_aggregated_send: 39556
tot_msg_rcv: 444
tot_msg_sent: 1071
tot_reconf_duration: 10.95
tot_sleeping_duration: 2699442.074
tot_uptimes: 703
tot_uptimes_duration: 42119.999999999825
