comms_cons: 276.29982080833224
finished_reconf: true
global_termination_time: 2742513.851
local_termination_time: 596898.3550799997
node_cons: 56402.90331116837
tot_aggregated_send: 37642
tot_msg_rcv: 1437
tot_msg_sent: 2918
tot_reconf_duration: 3.05
tot_sleeping_duration: 2700393.7902000225
tot_uptimes: 703
tot_uptimes_duration: 42120.060799977044
