comms_cons: 2.3487743999936943
finished_reconf: true
global_termination_time: 11779.83548
local_termination_time: 11779.79436
node_cons: 310.1730787200007
tot_aggregated_send: 0
tot_msg_rcv: 199
tot_msg_sent: 157
tot_reconf_duration: 37.410000000000004
tot_sleeping_duration: 11586.131
tot_uptimes: 4
tot_uptimes_duration: 193.70448000000033
