comms_cons: 38.5738496002566
finished_reconf: true
global_termination_time: 392014.935
local_termination_time: 241296.09916000033
node_cons: 8064.758700000003
tot_aggregated_send: 5684
tot_msg_rcv: 84
tot_msg_sent: 95
tot_reconf_duration: 22.65
tot_sleeping_duration: 386014.935
tot_uptimes: 101
tot_uptimes_duration: 6000.0
