comms_cons: 0.6842368000015258
finished_reconf: true
global_termination_time: 7000.868
local_termination_time: 1581.3783600000002
node_cons: 101.17171999999988
tot_aggregated_send: 0
tot_msg_rcv: 59
tot_msg_sent: 44
tot_reconf_duration: 15.34
tot_sleeping_duration: 6940.868
tot_uptimes: 2
tot_uptimes_duration: 60.0
