comms_cons: 54.99616000088929
finished_reconf: true
global_termination_time: 544848.614
local_termination_time: 221542.68536000003
node_cons: 11191.989180000004
tot_aggregated_send: 7540
tot_msg_rcv: 313
tot_msg_sent: 505
tot_reconf_duration: 18.21
tot_sleeping_duration: 536508.614
tot_uptimes: 140
tot_uptimes_duration: 8340.0
