comms_cons: 109.30287361006738
finished_reconf: true
global_termination_time: 543846.8355999999
local_termination_time: 3380.6873600000004
node_cons: 11194.763230642735
tot_aggregated_send: 0
tot_msg_rcv: 8534
tot_msg_sent: 8076
tot_reconf_duration: 5.1
tot_sleeping_duration: 535491.4678399978
tot_uptimes: 140
tot_uptimes_duration: 8355.367760002031
