comms_cons: 57.78511360059887
finished_reconf: true
global_termination_time: 546090.911
local_termination_time: 61326.13432000004
node_cons: 11185.177424478858
tot_aggregated_send: 7076
tot_msg_rcv: 729
tot_msg_sent: 978
tot_reconf_duration: 13.17
tot_sleeping_duration: 537750.8866800008
tot_uptimes: 140
tot_uptimes_duration: 8340.024319999138
