comms_cons: 56.04883200103258
finished_reconf: true
global_termination_time: 544802.516
local_termination_time: 83934.12235999943
node_cons: 11182.646078646418
tot_aggregated_send: 7250
tot_msg_rcv: 454
tot_msg_sent: 816
tot_reconf_duration: 7.819999999999999
tot_sleeping_duration: 536458.9562399952
tot_uptimes: 140
tot_uptimes_duration: 8343.559760004777
