comms_cons: 34.698700800392935
finished_reconf: true
global_termination_time: 340883.135
local_termination_time: 22566.166240000006
node_cons: 6996.144544478612
tot_aggregated_send: 4524
tot_msg_rcv: 228
tot_msg_sent: 522
tot_reconf_duration: 4.8100000000000005
tot_sleeping_duration: 335663.11068000103
tot_uptimes: 88
tot_uptimes_duration: 5220.024319998956
