comms_cons: 112.78064639800104
finished_reconf: true
global_termination_time: 1166671.064
local_termination_time: 674313.3477999985
node_cons: 23947.851980000112
tot_aggregated_send: 16066
tot_msg_rcv: 320
tot_msg_sent: 756
tot_reconf_duration: 4.8100000000000005
tot_sleeping_duration: 1148791.064
tot_uptimes: 299
tot_uptimes_duration: 17880.0
