comms_cons: 114.63482879786808
finished_reconf: true
global_termination_time: 1165317.095
local_termination_time: 749282.9923599999
node_cons: 23947.29790223372
tot_aggregated_send: 16124
tot_msg_rcv: 418
tot_msg_sent: 881
tot_reconf_duration: 4.390000000000001
tot_sleeping_duration: 1147437.0828400047
tot_uptimes: 299
tot_uptimes_duration: 17880.01215999527
