comms_cons: 41.57852159990353
finished_reconf: true
global_termination_time: 9878.100240000003
local_termination_time: 2913.363600000002
node_cons: 4200.338175480048
tot_aggregated_send: 0
tot_msg_rcv: 3320
tot_msg_sent: 2998
tot_reconf_duration: 18.21
tot_sleeping_duration: 6759.646919999967
tot_uptimes: 43
tot_uptimes_duration: 3118.4533200000355
