comms_cons: 104.43546879194639
finished_reconf: true
global_termination_time: 1054659.401
local_termination_time: 263809.76436000003
node_cons: 21698.750223364295
tot_aggregated_send: 13978
tot_msg_rcv: 592
tot_msg_sent: 1302
tot_reconf_duration: 5.1
tot_sleeping_duration: 1038459.3827599969
tot_uptimes: 271
tot_uptimes_duration: 16200.018240003206
