comms_cons: 103.06316800017505
finished_reconf: true
global_termination_time: 1054533.403
local_termination_time: 409079.788
node_cons: 21701.59089176145
tot_aggregated_send: 15309
tot_msg_rcv: 120
tot_msg_sent: 236
tot_reconf_duration: 4.8100000000000005
tot_sleeping_duration: 1038330.9691599989
tot_uptimes: 271
tot_uptimes_duration: 16202.43384000106
