comms_cons: 102.5439615989624
finished_reconf: true
global_termination_time: 1054605.19
local_termination_time: 285724.59160000004
node_cons: 21700.246759999995
tot_aggregated_send: 14442
tot_msg_rcv: 360
tot_msg_sent: 784
tot_reconf_duration: 6.22
tot_sleeping_duration: 1038405.19
tot_uptimes: 271
tot_uptimes_duration: 16200.0
