comms_cons: 2211.3627778235546
finished_reconf: true
global_termination_time: 7586409.21548
local_termination_time: 7586409.17436
node_cons: 309733.4864009682
tot_aggregated_send: 0
tot_msg_rcv: 112629
tot_msg_sent: 223485
tot_reconf_duration: 37.410000000000004
tot_sleeping_duration: 7355130.138839997
tot_uptimes: 3821
tot_uptimes_duration: 231279.0766400025
