comms_cons: 759.1791873939628
finished_reconf: true
global_termination_time: 7589514.947
local_termination_time: 3056637.96296
node_cons: 156108.23290669796
tot_aggregated_send: 104980
tot_msg_rcv: 3630
tot_msg_sent: 6780
tot_reconf_duration: 5.57
tot_sleeping_duration: 7472934.9105200125
tot_uptimes: 1944
tot_uptimes_duration: 116580.0364799872
