comms_cons: 33.2512768003623
finished_reconf: true
global_termination_time: 333027.463
local_termination_time: 146779.32136000003
node_cons: 6839.5277011214075
tot_aggregated_send: 4582
tot_msg_rcv: 128
tot_msg_sent: 344
tot_reconf_duration: 7.819999999999999
tot_sleeping_duration: 327927.4569199989
tot_uptimes: 86
tot_uptimes_duration: 5100.006080001069
