comms_cons: 485.9819712435334
finished_reconf: true
global_termination_time: 4923245.689
local_termination_time: 2095213.75036
node_cons: 101249.28056669976
tot_aggregated_send: 68730
tot_msg_rcv: 1718
tot_msg_sent: 3419
tot_reconf_duration: 15.34
tot_sleeping_duration: 4847645.652520014
tot_uptimes: 1261
tot_uptimes_duration: 75600.03647998697
