comms_cons: 479.993305638039
finished_reconf: true
global_termination_time: 4923178.291
local_termination_time: 2877422.73948
node_cons: 101235.98034223146
tot_aggregated_send: 68440
tot_msg_rcv: 1598
tot_msg_sent: 2917
tot_reconf_duration: 5.57
tot_sleeping_duration: 4847578.2788400045
tot_uptimes: 1261
tot_uptimes_duration: 75600.0121599955
