comms_cons: 498.9415424659821
finished_reconf: true
global_termination_time: 4925990.598
local_termination_time: 451833.25536000007
node_cons: 101315.3452500495
tot_aggregated_send: 68208
tot_msg_rcv: 2907
tot_msg_sent: 4722
tot_reconf_duration: 4.8100000000000005
tot_sleeping_duration: 4850330.543280021
tot_uptimes: 1262
tot_uptimes_duration: 75660.05471997941
