comms_cons: 492.8287168806279
finished_reconf: true
global_termination_time: 4924380.191
local_termination_time: 646679.6434799989
node_cons: 101319.41654781593
tot_aggregated_send: 67976
tot_msg_rcv: 2257
tot_msg_sent: 4673
tot_reconf_duration: 7.819999999999999
tot_sleeping_duration: 4848720.1484400155
tot_uptimes: 1262
tot_uptimes_duration: 75660.04255998414
