comms_cons: 461.7550912422513
finished_reconf: true
global_termination_time: 4703273.509
local_termination_time: 2439201.5636399994
node_cons: 96736.96476558308
tot_aggregated_send: 65830
tot_msg_rcv: 1333
tot_msg_sent: 3021
tot_reconf_duration: 5.57
tot_sleeping_duration: 4631033.47860001
tot_uptimes: 1205
tot_uptimes_duration: 72240.0303999891
