comms_cons: 470.44158087020264
finished_reconf: true
global_termination_time: 4702303.164
local_termination_time: 266354.99948
node_cons: 96735.4030311717
tot_aggregated_send: 65830
tot_msg_rcv: 1921
tot_msg_sent: 3754
tot_reconf_duration: 4.390000000000001
tot_sleeping_duration: 4630063.103200018
tot_uptimes: 1205
tot_uptimes_duration: 72240.06079998094
