comms_cons: 469.79392645455914
finished_reconf: true
global_termination_time: 4702778.705
local_termination_time: 1812495.38736
node_cons: 96744.77596781612
tot_aggregated_send: 64844
tot_msg_rcv: 2168
tot_msg_sent: 4394
tot_reconf_duration: 11.31
tot_sleeping_duration: 4630538.662440016
tot_uptimes: 1205
tot_uptimes_duration: 72240.04255998414
