comms_cons: 301.9684224049903
finished_reconf: true
global_termination_time: 3045189.065
local_termination_time: 1783893.68236
node_cons: 62595.90320781766
tot_aggregated_send: 42920
tot_msg_rcv: 944
tot_msg_sent: 2034
tot_reconf_duration: 8.09
tot_sleeping_duration: 2998449.022440016
tot_uptimes: 780
tot_uptimes_duration: 46740.04255998414
