comms_cons: 305.60997121561246
finished_reconf: true
global_termination_time: 3042023.825
local_termination_time: 1176973.3773599998
node_cons: 62605.436367817674
tot_aggregated_send: 41760
tot_msg_rcv: 1587
tot_msg_sent: 3104
tot_reconf_duration: 15.110000000000001
tot_sleeping_duration: 2995283.7824400156
tot_uptimes: 780
tot_uptimes_duration: 46740.04255998437
