comms_cons: 302.02475520104133
finished_reconf: true
global_termination_time: 3043800.979
local_termination_time: 1078366.0743999982
node_cons: 62597.7012067006
tot_aggregated_send: 42978
tot_msg_rcv: 930
tot_msg_sent: 1998
tot_reconf_duration: 9.42
tot_sleeping_duration: 2997060.942520013
tot_uptimes: 780
tot_uptimes_duration: 46740.036479986506
