comms_cons: 304.3034944063188
finished_reconf: true
global_termination_time: 3044372.356
local_termination_time: 1320513.5551999987
node_cons: 62595.520265583014
tot_aggregated_send: 42456
tot_msg_rcv: 1227
tot_msg_sent: 2568
tot_reconf_duration: 7.819999999999999
tot_sleeping_duration: 2997632.325600012
tot_uptimes: 780
tot_uptimes_duration: 46740.03039998817
