comms_cons: 301.8353535970863
finished_reconf: true
global_termination_time: 3043553.999
local_termination_time: 1419571.6063599999
node_cons: 62592.266504466315
tot_aggregated_send: 42166
tot_msg_rcv: 1329
tot_msg_sent: 2382
tot_reconf_duration: 5.43
tot_sleeping_duration: 2996813.974680009
tot_uptimes: 780
tot_uptimes_duration: 46740.02431999077
