comms_cons: 14.711929599919948
finished_reconf: true
global_termination_time: 99038.371
local_termination_time: 36877.357360000016
node_cons: 2025.7003867200458
tot_aggregated_send: 464
tot_msg_rcv: 788
tot_msg_sent: 983
tot_reconf_duration: 12.629999999999999
tot_sleeping_duration: 97538.33451999997
tot_uptimes: 26
tot_uptimes_duration: 1500.0364800000298
