comms_cons: 11.9023999997979
finished_reconf: true
global_termination_time: 100027.693
local_termination_time: 67493.16039999978
node_cons: 2015.048262238299
tot_aggregated_send: 812
tot_msg_rcv: 358
tot_msg_sent: 638
tot_reconf_duration: 4.8100000000000005
tot_sleeping_duration: 98527.68084000127
tot_uptimes: 26
tot_uptimes_duration: 1500.0121599987324
