comms_cons: 12.909017599722933
finished_reconf: true
global_termination_time: 98791.122
local_termination_time: 55171.79972000011
node_cons: 2016.9793244788864
tot_aggregated_send: 464
tot_msg_rcv: 565
tot_msg_sent: 934
tot_reconf_duration: 6.22
tot_sleeping_duration: 97291.09768000084
tot_uptimes: 26
tot_uptimes_duration: 1500.0243199991673
