comms_cons: 14.231436799764419
finished_reconf: true
global_termination_time: 104033.826
local_termination_time: 17025.428280000004
node_cons: 2096.2748912794223
tot_aggregated_send: 522
tot_msg_rcv: 650
tot_msg_sent: 992
tot_reconf_duration: 5.43
tot_sleeping_duration: 102473.78048000042
tot_uptimes: 27
tot_uptimes_duration: 1560.0455199995686
