comms_cons: 31.772211199733913
finished_reconf: true
global_termination_time: 314886.726
local_termination_time: 121872.06903999955
node_cons: 6453.741007678573
tot_aggregated_send: 4234
tot_msg_rcv: 203
tot_msg_sent: 393
tot_reconf_duration: 18.21
tot_sleeping_duration: 310085.3728800011
tot_uptimes: 81
tot_uptimes_duration: 4801.353119998923
