comms_cons: 488.6697344959183
finished_reconf: true
global_termination_time: 4880545.69748
local_termination_time: 4880545.656359999
node_cons: 100413.92705436764
tot_aggregated_send: 68472
tot_msg_rcv: 1834
tot_msg_sent: 3968
tot_reconf_duration: 37.410000000000004
tot_sleeping_duration: 4805591.907880021
tot_uptimes: 1250
tot_uptimes_duration: 74953.78959997819
