comms_cons: 494.27263371374806
finished_reconf: true
global_termination_time: 4883560.808
local_termination_time: 1382660.5763599998
node_cons: 100445.58450893348
tot_aggregated_send: 67338
tot_msg_rcv: 2629
tot_msg_sent: 5158
tot_reconf_duration: 15.110000000000001
tot_sleeping_duration: 4808560.759360017
tot_uptimes: 1251
tot_uptimes_duration: 75000.04863998247
