comms_cons: 497.15943691356506
finished_reconf: true
global_termination_time: 4883153.087
local_termination_time: 2209450.10236
node_cons: 100431.0023255827
tot_aggregated_send: 67048
tot_msg_rcv: 3062
tot_msg_sent: 5455
tot_reconf_duration: 4.390000000000001
tot_sleeping_duration: 4808153.056600011
tot_uptimes: 1251
tot_uptimes_duration: 75000.0303999891
