comms_cons: 284.58952959557377
finished_reconf: true
global_termination_time: 2808633.884
local_termination_time: 5452.446
node_cons: 57850.416612303474
tot_aggregated_send: 39030
tot_msg_rcv: 1487
tot_msg_sent: 2740
tot_reconf_duration: 4.07
tot_sleeping_duration: 2765433.817120012
tot_uptimes: 720
tot_uptimes_duration: 43200.06687998843
