comms_cons: 283.0987455945197
finished_reconf: true
global_termination_time: 2810066.16
local_termination_time: 7393.685
node_cons: 57856.97848893854
tot_aggregated_send: 38735
tot_msg_rcv: 1510
tot_msg_sent: 2783
tot_reconf_duration: 8.92
tot_sleeping_duration: 2766866.1113600153
tot_uptimes: 720
tot_uptimes_duration: 43200.04863998474
