comms_cons: 275.0237184301024
finished_reconf: true
global_termination_time: 2809268.306
local_termination_time: 5148.075
node_cons: 57855.08546446662
tot_aggregated_send: 39606
tot_msg_rcv: 790
tot_msg_sent: 1406
tot_reconf_duration: 7.55
tot_sleeping_duration: 2766068.2816800093
tot_uptimes: 720
tot_uptimes_duration: 43200.02431999077
