comms_cons: 57.29950720123797
finished_reconf: true
global_termination_time: 549591.4834799998
local_termination_time: 549591.4423599999
node_cons: 11299.38583112492
tot_aggregated_send: 7120
tot_msg_rcv: 584
tot_msg_sent: 1006
tot_reconf_duration: 24.59
tot_sleeping_duration: 541177.7473999962
tot_uptimes: 141
tot_uptimes_duration: 8413.736080003655
