comms_cons: 53.601369599908395
finished_reconf: true
global_termination_time: 551558.149
local_termination_time: 262884.9553600001
node_cons: 11338.567701119176
tot_aggregated_send: 7888
tot_msg_rcv: 85
tot_msg_sent: 175
tot_reconf_duration: 7.819999999999999
tot_sleeping_duration: 543098.1429200006
tot_uptimes: 142
tot_uptimes_duration: 8460.006079999366
