comms_cons: 478.1182784501776
finished_reconf: true
global_termination_time: 4815570.028
local_termination_time: 3406240.0533600003
node_cons: 99066.81662446585
tot_aggregated_send: 67222
tot_msg_rcv: 1732
tot_msg_sent: 3715
tot_reconf_duration: 5.57
tot_sleeping_duration: 4741590.003680008
tot_uptimes: 1234
tot_uptimes_duration: 73980.02431999124
