comms_cons: 484.7480001207052
finished_reconf: true
global_termination_time: 4818447.531
local_termination_time: 339384.48248
node_cons: 99065.23860782052
tot_aggregated_send: 66874
tot_msg_rcv: 2446
tot_msg_sent: 4358
tot_reconf_duration: 4.390000000000001
tot_sleeping_duration: 4744467.488440013
tot_uptimes: 1234
tot_uptimes_duration: 73980.0425599876
