comms_cons: 87.55599359818078
finished_reconf: true
global_termination_time: 850901.933
local_termination_time: 180631.52236000006
node_cons: 17446.22465009292
tot_aggregated_send: 11078
tot_msg_rcv: 719
tot_msg_sent: 1511
tot_reconf_duration: 9.11
tot_sleeping_duration: 837881.8782799903
tot_uptimes: 218
tot_uptimes_duration: 13020.054720009619
