comms_cons: 85.46380799951068
finished_reconf: true
global_termination_time: 850683.171
local_termination_time: 372519.621
node_cons: 17448.016123361253
tot_aggregated_send: 11888
tot_msg_rcv: 410
tot_msg_sent: 692
tot_reconf_duration: 9.42
tot_sleeping_duration: 837662.092759999
tot_uptimes: 218
tot_uptimes_duration: 13021.078240000934
