comms_cons: 158.18825598940757
finished_reconf: true
global_termination_time: 1568150.3972799992
local_termination_time: 1568150.3561599993
node_cons: 32289.227828386378
tot_aggregated_send: 21794
tot_msg_rcv: 768
tot_msg_sent: 1480
tot_reconf_duration: 24.59
tot_sleeping_duration: 1544060.9016800094
tot_uptimes: 402
tot_uptimes_duration: 24089.49559998978
