comms_cons: 156.8399103924004
finished_reconf: true
global_termination_time: 1571900.73
local_termination_time: 1497813.3413599997
node_cons: 32300.830041116627
tot_aggregated_send: 21924
tot_msg_rcv: 542
tot_msg_sent: 1372
tot_reconf_duration: 3.05
tot_sleeping_duration: 1547780.7239200023
tot_uptimes: 403
tot_uptimes_duration: 24120.006079997635
