comms_cons: 156.88067839203086
finished_reconf: true
global_termination_time: 1568150.69224
local_termination_time: 77313.08235999999
node_cons: 32250.758841593775
tot_aggregated_send: 21924
tot_msg_rcv: 645
tot_msg_sent: 1275
tot_reconf_duration: 11.31
tot_sleeping_duration: 1544076.4578400047
tot_uptimes: 402
tot_uptimes_duration: 24074.2343999953
