comms_cons: 123.62417276380063
finished_reconf: true
global_termination_time: 970280.55024
local_termination_time: 40704.02416000034
node_cons: 19985.705001263927
tot_aggregated_send: 6438
tot_msg_rcv: 4981
tot_msg_sent: 7384
tot_reconf_duration: 18.21
tot_sleeping_duration: 955373.174720012
tot_uptimes: 249
tot_uptimes_duration: 14907.375519987989
