comms_cons: 97.72743679703106
finished_reconf: true
global_termination_time: 974978.76
local_termination_time: 195968.68756000022
node_cons: 20011.19198000003
tot_aggregated_send: 13688
tot_msg_rcv: 416
tot_msg_sent: 750
tot_reconf_duration: 4.8100000000000005
tot_sleeping_duration: 960038.76
tot_uptimes: 250
tot_uptimes_duration: 14940.0
