comms_cons: 94.51678719990697
finished_reconf: true
global_termination_time: 971183.462
local_termination_time: 518598.76048000006
node_cons: 19940.480199999984
tot_aggregated_send: 14210
tot_msg_rcv: 22
tot_msg_sent: 134
tot_reconf_duration: 11.899999999999999
tot_sleeping_duration: 956303.462
tot_uptimes: 249
tot_uptimes_duration: 14880.0
