comms_cons: 96.30755199715892
finished_reconf: true
global_termination_time: 973724.143
local_termination_time: 193436.66536000004
node_cons: 20015.27956
tot_aggregated_send: 13920
tot_msg_rcv: 258
tot_msg_sent: 459
tot_reconf_duration: 7.819999999999999
tot_sleeping_duration: 958784.143
tot_uptimes: 250
tot_uptimes_duration: 14940.0
