comms_cons: 99.93804799985453
finished_reconf: true
global_termination_time: 1014691.602
local_termination_time: 356842.88896000054
node_cons: 20814.021619999992
tot_aggregated_send: 14442
tot_msg_rcv: 226
tot_msg_sent: 522
tot_reconf_duration: 4.390000000000001
tot_sleeping_duration: 999151.602
tot_uptimes: 260
tot_uptimes_duration: 15540.000000000015
