comms_cons: 2509.7611193992143
finished_reconf: true
global_termination_time: 6235343.091
local_termination_time: 2677468.9514800003
node_cons: 379700.1303738495
tot_aggregated_send: 0
tot_msg_rcv: 153854
tot_msg_sent: 227614
tot_reconf_duration: 5.57
tot_sleeping_duration: 5951778.814440013
tot_uptimes: 4648
tot_uptimes_duration: 283564.276559987
