comms_cons: 615.7607680916855
finished_reconf: true
global_termination_time: 6239746.847
local_termination_time: 2775740.396119999
node_cons: 128337.36996446423
tot_aggregated_send: 87290
tot_msg_rcv: 2088
tot_msg_sent: 4214
tot_reconf_duration: 25.299999999999997
tot_sleeping_duration: 6143926.822680009
tot_uptimes: 1598
tot_uptimes_duration: 95820.02431999147
