comms_cons: 610.4305472548008
finished_reconf: true
global_termination_time: 6236768.018
local_termination_time: 3699103.005239999
node_cons: 128315.38394446431
tot_aggregated_send: 86594
tot_msg_rcv: 2183
tot_msg_sent: 4004
tot_reconf_duration: 9.11
tot_sleeping_duration: 6140947.993680009
tot_uptimes: 1598
tot_uptimes_duration: 95820.02431999147
