comms_cons: 625.6436033528792
finished_reconf: true
global_termination_time: 6237541.951
local_termination_time: 659309.6584799999
node_cons: 128333.84453451727
tot_aggregated_send: 87406
tot_msg_rcv: 2586
tot_msg_sent: 5101
tot_reconf_duration: 22.65
tot_sleeping_duration: 6141721.87196003
tot_uptimes: 1598
tot_uptimes_duration: 95820.07903997111
