comms_cons: 610.6446592510756
finished_reconf: true
global_termination_time: 6236883.156
local_termination_time: 4102118.422159998
node_cons: 128319.14019999577
tot_aggregated_send: 89146
tot_msg_rcv: 1243
tot_msg_sent: 2425
tot_reconf_duration: 11.899999999999999
tot_sleeping_duration: 6141063.156
tot_uptimes: 1598
tot_uptimes_duration: 95820.0
