comms_cons: 275.64936958871897
finished_reconf: true
global_termination_time: 2739046.132
local_termination_time: 231576.12560000102
node_cons: 56329.20513798487
tot_aggregated_send: 38048
tot_msg_rcv: 1354
tot_msg_sent: 2496
tot_reconf_duration: 5.1
tot_sleeping_duration: 2696983.190000011
tot_uptimes: 702
tot_uptimes_duration: 42062.941999989416
