comms_cons: 273.7611391999162
finished_reconf: true
global_termination_time: 2740200.252
local_termination_time: 89518.9125199995
node_cons: 56336.9667731149
tot_aggregated_send: 38454
tot_msg_rcv: 1069
tot_msg_sent: 2087
tot_reconf_duration: 13.17
tot_sleeping_duration: 2698139.697920003
tot_uptimes: 702
tot_uptimes_duration: 42060.55407999692
