comms_cons: 272.7929856059884
finished_reconf: true
global_termination_time: 2738714.961
local_termination_time: 257830.12328000081
node_cons: 56324.91456018858
tot_aggregated_send: 38454
tot_msg_rcv: 1057
tot_msg_sent: 1951
tot_reconf_duration: 4.8100000000000005
tot_sleeping_duration: 2696654.929200008
tot_uptimes: 702
tot_uptimes_duration: 42060.0317999922
