comms_cons: 271.86570240227957
finished_reconf: true
global_termination_time: 2739773.393
local_termination_time: 881487.1823599999
node_cons: 56324.33418447129
tot_aggregated_send: 38628
tot_msg_rcv: 883
tot_msg_sent: 1811
tot_reconf_duration: 4.390000000000001
tot_sleeping_duration: 2697713.368680006
tot_uptimes: 702
tot_uptimes_duration: 42060.024319994205
