comms_cons: 273.94738558976303
finished_reconf: true
global_termination_time: 2739573.015
local_termination_time: 1748079.9439599998
node_cons: 56328.983983354214
tot_aggregated_send: 38048
tot_msg_rcv: 1317
tot_msg_sent: 2272
tot_reconf_duration: 7.819999999999999
tot_sleeping_duration: 2697512.9967600037
tot_uptimes: 702
tot_uptimes_duration: 42060.01823999634
