comms_cons: 851.7587707923516
finished_reconf: true
global_termination_time: 1117168.984
local_termination_time: 344058.24784000014
node_cons: 111286.23872249514
tot_aggregated_send: 0
tot_msg_rcv: 58498
tot_msg_sent: 70964
tot_reconf_duration: 5.57
tot_sleeping_duration: 1034063.1776799865
tot_uptimes: 1342
tot_uptimes_duration: 83105.80632001346
