comms_cons: 197.01213430532184
finished_reconf: true
global_termination_time: 1117168.984
local_termination_time: 345186.41836000007
node_cons: 22988.258784476595
tot_aggregated_send: 0
tot_msg_rcv: 15318
tot_msg_sent: 14627
tot_reconf_duration: 8.09
tot_sleeping_duration: 1100008.9596800024
tot_uptimes: 287
tot_uptimes_duration: 17160.024319997407
