comms_cons: 116.62352638597625
finished_reconf: true
global_termination_time: 1121329.839
local_termination_time: 390176.011
node_cons: 23070.235812943498
tot_aggregated_send: 14384
tot_msg_rcv: 1135
tot_msg_sent: 2207
tot_reconf_duration: 5.43
tot_sleeping_duration: 1104105.8943600121
tot_uptimes: 288
tot_uptimes_duration: 17223.94463998766
