comms_cons: 186.63279358585962
finished_reconf: true
global_termination_time: 1882537.362
local_termination_time: 911275.385
node_cons: 38760.329771344965
tot_aggregated_send: 24996
tot_msg_rcv: 1253
tot_msg_sent: 2119
tot_reconf_duration: 22.65
tot_sleeping_duration: 1853613.1117600112
tot_uptimes: 483
tot_uptimes_duration: 28924.250239988905
