comms_cons: 184.9130495935994
finished_reconf: true
global_termination_time: 1881238.016
local_termination_time: 1231030.6149599997
node_cons: 38649.50976111649
tot_aggregated_send: 26332
tot_msg_rcv: 596
tot_msg_sent: 1177
tot_reconf_duration: 4.390000000000001
tot_sleeping_duration: 1852378.0099200024
tot_uptimes: 482
tot_uptimes_duration: 28860.006079997635
