comms_cons: 231.95487999467747
finished_reconf: true
global_termination_time: 2263912.325
local_termination_time: 317840.1509600002
node_cons: 46537.764990050986
tot_aggregated_send: 30392
tot_msg_rcv: 1672
tot_msg_sent: 3192
tot_reconf_duration: 15.34
tot_sleeping_duration: 2229172.2702800217
tot_uptimes: 580
tot_uptimes_duration: 34740.05471997871
