comms_cons: 225.20601599837718
finished_reconf: true
global_termination_time: 2262460.24
local_termination_time: 713316.0673599999
node_cons: 46537.37937999944
tot_aggregated_send: 32596
tot_msg_rcv: 662
tot_msg_sent: 972
tot_reconf_duration: 15.110000000000001
tot_sleeping_duration: 2227720.24
tot_uptimes: 580
tot_uptimes_duration: 34740.0
