comms_cons: 225.352671994516
finished_reconf: true
global_termination_time: 2264030.382
local_termination_time: 560130.9347199998
node_cons: 46534.01153999946
tot_aggregated_send: 32132
tot_msg_rcv: 681
tot_msg_sent: 1439
tot_reconf_duration: 12.629999999999999
tot_sleeping_duration: 2229290.382
tot_uptimes: 580
tot_uptimes_duration: 34740.0
