comms_cons: 225.78498558192092
finished_reconf: true
global_termination_time: 2260293.337
local_termination_time: 707780.0723599999
node_cons: 46451.91154446686
tot_aggregated_send: 30624
tot_msg_rcv: 1289
tot_msg_sent: 2405
tot_reconf_duration: 11.31
tot_sleeping_duration: 2225613.3126800093
tot_uptimes: 579
tot_uptimes_duration: 34680.024319990654
