comms_cons: 43.764838400306765
finished_reconf: true
global_termination_time: 441875.356
local_termination_time: 162623.72636000006
node_cons: 9084.38162000003
tot_aggregated_send: 6438
tot_msg_rcv: 102
tot_msg_sent: 112
tot_reconf_duration: 4.390000000000001
tot_sleeping_duration: 435095.356
tot_uptimes: 114
tot_uptimes_duration: 6780.0
