comms_cons: 43.916160000394264
finished_reconf: true
global_termination_time: 442140.261
local_termination_time: 23587.94452
node_cons: 9086.866760000008
tot_aggregated_send: 6322
tot_msg_rcv: 125
tot_msg_sent: 227
tot_reconf_duration: 6.22
tot_sleeping_duration: 435360.261
tot_uptimes: 114
tot_uptimes_duration: 6780.0
