comms_cons: 1.0724095999964585
finished_reconf: true
global_termination_time: 6499.199
local_termination_time: 3371.4933600000004
node_cons: 101.17172000000019
tot_aggregated_send: 0
tot_msg_rcv: 115
tot_msg_sent: 48
tot_reconf_duration: 15.34
tot_sleeping_duration: 6439.199
tot_uptimes: 2
tot_uptimes_duration: 60.0
