comms_cons: 1.4013695999953708
finished_reconf: true
global_termination_time: 6916.614
local_termination_time: 3401.9103600000003
node_cons: 114.69740000000024
tot_aggregated_send: 0
tot_msg_rcv: 175
tot_msg_sent: 36
tot_reconf_duration: 25.299999999999997
tot_sleeping_duration: 6856.614
tot_uptimes: 2
tot_uptimes_duration: 60.0
