comms_cons: 0.7500288000016724
finished_reconf: true
global_termination_time: 5631.901
local_termination_time: 1739.7273600000003
node_cons: 93.13236000000009
tot_aggregated_send: 0
tot_msg_rcv: 64
tot_msg_sent: 50
tot_reconf_duration: 9.42
tot_sleeping_duration: 5571.901
tot_uptimes: 2
tot_uptimes_duration: 60.0
