comms_cons: 0.22369279999926225
finished_reconf: true
global_termination_time: 3474.9399600000024
local_termination_time: 3461.6043600000003
node_cons: 36.72342744000278
tot_aggregated_send: 0
tot_msg_rcv: 25
tot_msg_sent: 8
tot_reconf_duration: 5.43
tot_sleeping_duration: 3453.021
tot_uptimes: 1
tot_uptimes_duration: 21.918960000002244
