comms_cons: 68.19998719897902
finished_reconf: true
global_termination_time: 680953.99
local_termination_time: 600700.0553599988
node_cons: 14003.88917999997
tot_aggregated_send: 9454
tot_msg_rcv: 291
tot_msg_sent: 621
tot_reconf_duration: 18.21
tot_sleeping_duration: 670513.99
tot_uptimes: 175
tot_uptimes_duration: 10440.0
