comms_cons: 69.81251839659609
finished_reconf: true
global_termination_time: 681543.037
local_termination_time: 205726.91680000027
node_cons: 14009.934982238276
tot_aggregated_send: 9222
tot_msg_rcv: 535
tot_msg_sent: 855
tot_reconf_duration: 22.65
tot_sleeping_duration: 671103.0248400014
tot_uptimes: 175
tot_uptimes_duration: 10440.012159998703
