comms_cons: 69.79663359698385
finished_reconf: true
global_termination_time: 678759.631
local_termination_time: 368620.94340000034
node_cons: 13904.789761116794
tot_aggregated_send: 9048
tot_msg_rcv: 577
tot_msg_sent: 983
tot_reconf_duration: 4.390000000000001
tot_sleeping_duration: 668379.6249200024
tot_uptimes: 174
tot_uptimes_duration: 10380.006079997635
