comms_cons: 0.9934591999967194
finished_reconf: true
global_termination_time: 6943.837
local_termination_time: 3115.7483600000005
node_cons: 98.22486000000009
tot_aggregated_send: 0
tot_msg_rcv: 103
tot_msg_sent: 48
tot_reconf_duration: 13.17
tot_sleeping_duration: 6883.837
tot_uptimes: 2
tot_uptimes_duration: 60.0
