comms_cons: 1.0460927999965455
finished_reconf: true
global_termination_time: 4010.151
local_termination_time: 3121.6473600000004
node_cons: 88.78676000000034
tot_aggregated_send: 0
tot_msg_rcv: 105
tot_msg_sent: 53
tot_reconf_duration: 6.22
tot_sleeping_duration: 3950.151
tot_uptimes: 2
tot_uptimes_duration: 60.0
