comms_cons: 2.940902399996577
finished_reconf: true
global_termination_time: 13598.854
local_termination_time: 9365.273360000001
node_cons: 258.9048600000001
tot_aggregated_send: 0
tot_msg_rcv: 282
tot_msg_sent: 164
tot_reconf_duration: 13.17
tot_sleeping_duration: 13418.854
tot_uptimes: 4
tot_uptimes_duration: 180.0
