comms_cons: 222.23917439251088
finished_reconf: true
global_termination_time: 2245067.98
local_termination_time: 907220.3571999996
node_cons: 46149.51739999953
tot_aggregated_send: 31958
tot_msg_rcv: 624
tot_msg_sent: 1196
tot_reconf_duration: 25.299999999999997
tot_sleeping_duration: 2210627.98
tot_uptimes: 575
tot_uptimes_duration: 34440.0
