comms_cons: 221.76572159009416
finished_reconf: true
global_termination_time: 2243408.996
local_termination_time: 912528.2783599999
node_cons: 46133.04485999953
tot_aggregated_send: 32248
tot_msg_rcv: 533
tot_msg_sent: 926
tot_reconf_duration: 13.17
tot_sleeping_duration: 2208968.996
tot_uptimes: 575
tot_uptimes_duration: 34440.0
