comms_cons: 227.54288637497072
finished_reconf: true
global_termination_time: 2245666.313
local_termination_time: 560142.5171999986
node_cons: 46199.755875635194
tot_aggregated_send: 30218
tot_msg_rcv: 1597
tot_msg_sent: 2770
tot_reconf_duration: 3.05
tot_sleeping_duration: 2211166.227880033
tot_uptimes: 576
tot_uptimes_duration: 34500.08511996688
