comms_cons: 226.90496638361876
finished_reconf: true
global_termination_time: 2243070.528
local_termination_time: 859900.5264799999
node_cons: 46125.852830051066
tot_aggregated_send: 30682
tot_msg_rcv: 1426
tot_msg_sent: 2379
tot_reconf_duration: 7.819999999999999
tot_sleeping_duration: 2208630.473280021
tot_uptimes: 575
tot_uptimes_duration: 34440.05471997871
