comms_cons: 65.32550399713571
finished_reconf: true
global_termination_time: 602777.2065599995
local_termination_time: 602777.1654399995
node_cons: 12434.13905592189
tot_aggregated_send: 6946
tot_msg_rcv: 969
tot_msg_sent: 2013
tot_reconf_duration: 24.59
tot_sleeping_duration: 593516.007279998
tot_uptimes: 155
tot_uptimes_duration: 9261.19928000139
