comms_cons: 45.797465600076634
finished_reconf: true
global_termination_time: 468136.352
local_termination_time: 206452.57848000005
node_cons: 9591.226841121435
tot_aggregated_send: 6670
tot_msg_rcv: 79
tot_msg_sent: 211
tot_reconf_duration: 22.65
tot_sleeping_duration: 460996.34591999894
tot_uptimes: 120
tot_uptimes_duration: 7140.006080001069
