comms_cons: 131.6497919973722
finished_reconf: true
global_termination_time: 1357899.703
local_termination_time: 704372.6453599998
node_cons: 27893.33897999996
tot_aggregated_send: 19488
tot_msg_rcv: 158
tot_msg_sent: 364
tot_reconf_duration: 11.31
tot_sleeping_duration: 1337079.703
tot_uptimes: 348
tot_uptimes_duration: 20820.0
