comms_cons: 74.5927936042672
finished_reconf: true
global_termination_time: 688530.5692400003
local_termination_time: 72091.79147999997
node_cons: 14232.543032994323
tot_aggregated_send: 4582
tot_msg_rcv: 2729
tot_msg_sent: 4032
tot_reconf_duration: 18.21
tot_sleeping_duration: 677919.8045999748
tot_uptimes: 177
tot_uptimes_duration: 10610.76464002562
