comms_cons: 70.53246079945127
finished_reconf: true
global_termination_time: 689267.08
local_termination_time: 103486.67331999961
node_cons: 14157.74928336431
tot_aggregated_send: 8990
tot_msg_rcv: 525
tot_msg_sent: 1205
tot_reconf_duration: 13.17
tot_sleeping_duration: 678707.0617599968
tot_uptimes: 177
tot_uptimes_duration: 10560.018240003206
