comms_cons: 67.85128960075559
finished_reconf: true
global_termination_time: 692562.195
local_termination_time: 278174.299
node_cons: 14234.377345924097
tot_aggregated_send: 9336
tot_msg_rcv: 357
tot_msg_sent: 620
tot_reconf_duration: 9.42
tot_sleeping_duration: 681941.1457199969
tot_uptimes: 178
tot_uptimes_duration: 10621.049280003062
