comms_cons: 66.68677120021329
finished_reconf: true
global_termination_time: 689003.99
local_termination_time: 332515.49672000005
node_cons: 14165.25088223822
tot_aggregated_send: 9396
tot_msg_rcv: 289
tot_msg_sent: 451
tot_reconf_duration: 18.700000000000003
tot_sleeping_duration: 678443.9778400012
tot_uptimes: 177
tot_uptimes_duration: 10560.012159998703
