comms_cons: 68.50263040082265
finished_reconf: true
global_termination_time: 688796.556
local_termination_time: 100447.19099999947
node_cons: 14161.983066239902
tot_aggregated_send: 9454
tot_msg_rcv: 266
tot_msg_sent: 692
tot_reconf_duration: 11.899999999999999
tot_sleeping_duration: 678232.08784
tot_uptimes: 177
tot_uptimes_duration: 10564.468159999902
