comms_cons: 67.58779520104272
finished_reconf: true
global_termination_time: 689465.333
local_termination_time: 459814.32688000094
node_cons: 14143.998182242944
tot_aggregated_send: 9164
tot_msg_rcv: 370
tot_msg_sent: 739
tot_reconf_duration: 3.05
tot_sleeping_duration: 678905.3208399978
tot_uptimes: 177
tot_uptimes_duration: 10560.012160002138
