comms_cons: 50.05455360006101
finished_reconf: true
global_termination_time: 506832.944
local_termination_time: 53393.67260000002
node_cons: 10368.001900000017
tot_aggregated_send: 7308
tot_msg_rcv: 128
tot_msg_sent: 172
tot_reconf_duration: 3.05
tot_sleeping_duration: 499092.944
tot_uptimes: 130
tot_uptimes_duration: 7740.0
