comms_cons: 49.08741120042093
finished_reconf: true
global_termination_time: 506790.27012000047
local_termination_time: 420923.4046000001
node_cons: 10443.50650968067
tot_aggregated_send: 7076
tot_msg_rcv: 132
tot_msg_sent: 253
tot_reconf_duration: 7.819999999999999
tot_sleeping_duration: 498998.719
tot_uptimes: 130
tot_uptimes_duration: 7791.551120000484
