comms_cons: 62.7063551982211
finished_reconf: true
global_termination_time: 627355.026
local_termination_time: 7298.8910000000005
node_cons: 12869.299962240599
tot_aggregated_send: 8805
tot_msg_rcv: 260
tot_msg_sent: 466
tot_reconf_duration: 10.96
tot_sleeping_duration: 617755.0138399996
tot_uptimes: 161
tot_uptimes_duration: 9600.012160000435
