comms_cons: 61.37735679908402
finished_reconf: true
global_termination_time: 628140.053
local_termination_time: 5457.214000000001
node_cons: 12858.161660000018
tot_aggregated_send: 8870
tot_msg_rcv: 109
tot_msg_sent: 350
tot_reconf_duration: 2.77
tot_sleeping_duration: 618540.053
tot_uptimes: 161
tot_uptimes_duration: 9600.0
