comms_cons: 53.699430401176805
finished_reconf: true
global_termination_time: 522764.73
local_termination_time: 197713.93276000087
node_cons: 10698.020501121422
tot_aggregated_send: 6844
tot_msg_rcv: 455
tot_msg_sent: 863
tot_reconf_duration: 9.42
tot_sleeping_duration: 514784.7239199989
tot_uptimes: 134
tot_uptimes_duration: 7980.006080001069
