comms_cons: 52.515174400679136
finished_reconf: true
global_termination_time: 521551.696
local_termination_time: 283747.24664000084
node_cons: 10693.666759999976
tot_aggregated_send: 7250
tot_msg_rcv: 273
tot_msg_sent: 459
tot_reconf_duration: 6.22
tot_sleeping_duration: 513571.696
tot_uptimes: 134
tot_uptimes_duration: 7980.0
