comms_cons: 410.28015366323774
finished_reconf: true
global_termination_time: 4089803.528
local_termination_time: 974766.74136
node_cons: 84122.56896781699
tot_aggregated_send: 57014
tot_msg_rcv: 1898
tot_msg_sent: 3447
tot_reconf_duration: 4.8100000000000005
tot_sleeping_duration: 4026983.485440016
tot_uptimes: 1048
tot_uptimes_duration: 62820.04255998437
