comms_cons: 1749.0162775971287
finished_reconf: true
global_termination_time: 4089730.448
local_termination_time: 1467858.4354399985
node_cons: 248625.92392256693
tot_aggregated_send: 0
tot_msg_rcv: 107339
tot_msg_sent: 158503
tot_reconf_duration: 6.22
tot_sleeping_duration: 3904056.454600018
tot_uptimes: 3041
tot_uptimes_duration: 185673.9933999819
