comms_cons: 39.61336320022532
finished_reconf: true
global_termination_time: 409568.318
local_termination_time: 355932.00536000007
node_cons: 8361.891980000008
tot_aggregated_send: 5742
tot_msg_rcv: 98
tot_msg_sent: 181
tot_reconf_duration: 4.8100000000000005
tot_sleeping_duration: 403328.318
tot_uptimes: 105
tot_uptimes_duration: 6240.0
