comms_cons: 42.00161280095389
finished_reconf: true
global_termination_time: 408970.014
local_termination_time: 163415.31880000027
node_cons: 8370.735262242866
tot_aggregated_send: 5626
tot_msg_rcv: 360
tot_msg_sent: 398
tot_reconf_duration: 11.31
tot_sleeping_duration: 402730.0018399979
tot_uptimes: 105
tot_uptimes_duration: 6240.0121600021375
