comms_cons: 2.2638719999918107
finished_reconf: true
global_termination_time: 13098.14848
local_termination_time: 13098.10736
node_cons: 292.7635187200006
tot_aggregated_send: 0
tot_msg_rcv: 174
tot_msg_sent: 169
tot_reconf_duration: 24.59
tot_sleeping_duration: 12904.444
tot_uptimes: 4
tot_uptimes_duration: 193.70448000000033
