comms_cons: 2.282982399992456
finished_reconf: true
global_termination_time: 17003.203
local_termination_time: 7458.21272
node_cons: 352.1187000000008
tot_aggregated_send: 0
tot_msg_rcv: 249
tot_msg_sent: 98
tot_reconf_duration: 22.65
tot_sleeping_duration: 16763.203
tot_uptimes: 5
tot_uptimes_duration: 240.0
