comms_cons: 1.5263743999970687
finished_reconf: true
global_termination_time: 11163.383
local_termination_time: 6814.116360000001
node_cons: 169.12676000000033
tot_aggregated_send: 0
tot_msg_rcv: 121
tot_msg_sent: 111
tot_reconf_duration: 6.22
tot_sleeping_duration: 11043.383
tot_uptimes: 3
tot_uptimes_duration: 120.0
