comms_cons: 187.32298231681776
finished_reconf: true
global_termination_time: 976993.764
local_termination_time: 207906.54360000006
node_cons: 20115.799405600297
tot_aggregated_send: 0
tot_msg_rcv: 14561
tot_msg_sent: 13911
tot_reconf_duration: 22.65
tot_sleeping_duration: 961993.7335999998
tot_uptimes: 251
tot_uptimes_duration: 15000.030400000207
