comms_cons: 96.88529919253041
finished_reconf: true
global_termination_time: 974844.82224
local_termination_time: 237584.63316000032
node_cons: 20031.332768308534
tot_aggregated_send: 12586
tot_msg_rcv: 778
tot_msg_sent: 1361
tot_reconf_duration: 5.57
tot_sleeping_duration: 959890.5513600085
tot_uptimes: 250
tot_uptimes_duration: 14954.27087999141
