comms_cons: 92.73612159688687
finished_reconf: true
global_termination_time: 945286.844
local_termination_time: 30400.31736
node_cons: 19473.087546716855
tot_aggregated_send: 12470
tot_msg_rcv: 573
tot_msg_sent: 1051
tot_reconf_duration: 22.65
tot_sleeping_duration: 930766.8075200024
tot_uptimes: 243
tot_uptimes_duration: 14520.03647999763
