comms_cons: 92.44199040070279
finished_reconf: true
global_termination_time: 947211.206
local_termination_time: 190778.66936000006
node_cons: 19449.719068966864
tot_aggregated_send: 12006
tot_msg_rcv: 684
tot_msg_sent: 1360
tot_reconf_duration: 5.43
tot_sleeping_duration: 932691.1573599948
tot_uptimes: 243
tot_uptimes_duration: 14520.048640005116
