comms_cons: 61.97606400073477
finished_reconf: true
global_termination_time: 627974.188
local_termination_time: 580287.8543599999
node_cons: 12862.928240000056
tot_aggregated_send: 8758
tot_msg_rcv: 248
tot_msg_sent: 414
tot_reconf_duration: 6.279999999999999
tot_sleeping_duration: 618374.188
tot_uptimes: 161
tot_uptimes_duration: 9600.0
