comms_cons: 63.17950719965224
finished_reconf: true
global_termination_time: 630892.444
local_termination_time: 79567.29939999979
node_cons: 12952.641142242877
tot_aggregated_send: 8642
tot_msg_rcv: 326
tot_msg_sent: 635
tot_reconf_duration: 13.17
tot_sleeping_duration: 621232.4318399979
tot_uptimes: 162
tot_uptimes_duration: 9660.012160002138
