comms_cons: 63.68665600109301
finished_reconf: true
global_termination_time: 626581.757
local_termination_time: 151915.60336000007
node_cons: 12866.779521121469
tot_aggregated_send: 8410
tot_msg_rcv: 405
tot_msg_sent: 865
tot_reconf_duration: 9.11
tot_sleeping_duration: 616981.750919999
tot_uptimes: 161
tot_uptimes_duration: 9600.006080001069
