comms_cons: 64.67139839873882
finished_reconf: true
global_termination_time: 631002.717
local_termination_time: 195883.42648000005
node_cons: 12945.383983359681
tot_aggregated_send: 8584
tot_msg_rcv: 495
tot_msg_sent: 750
tot_reconf_duration: 7.819999999999999
tot_sleeping_duration: 621342.6987600002
tot_uptimes: 162
tot_uptimes_duration: 9660.018239999772
