comms_cons: 47.39781120050842
finished_reconf: true
global_termination_time: 463107.934
local_termination_time: 225074.50836000007
node_cons: 9514.485541121465
tot_aggregated_send: 5916
tot_msg_rcv: 435
tot_msg_sent: 853
tot_reconf_duration: 25.299999999999997
tot_sleeping_duration: 456027.92791999894
tot_uptimes: 119
tot_uptimes_duration: 7080.006080001069
