comms_cons: 46.18902400071
finished_reconf: true
global_termination_time: 463607.363
local_termination_time: 270735.8466400008
node_cons: 9488.583042242835
tot_aggregated_send: 5858
tot_msg_rcv: 403
tot_msg_sent: 759
tot_reconf_duration: 6.22
tot_sleeping_duration: 456527.3508399979
tot_uptimes: 119
tot_uptimes_duration: 7080.0121600021375
