comms_cons: 17.65857280010608
finished_reconf: true
global_termination_time: 180188.869
local_termination_time: 152825.7584000008
node_cons: 3702.1719800000005
tot_aggregated_send: 2610
tot_msg_rcv: 20
tot_msg_sent: 54
tot_reconf_duration: 4.8100000000000005
tot_sleeping_duration: 177428.869
tot_uptimes: 47
tot_uptimes_duration: 2760.0
