comms_cons: 2.2632447999948493
finished_reconf: true
global_termination_time: 13460.48
local_termination_time: 6781.617360000001
node_cons: 251.63956000000115
tot_aggregated_send: 0
tot_msg_rcv: 176
tot_msg_sent: 167
tot_reconf_duration: 7.819999999999999
tot_sleeping_duration: 13280.48
tot_uptimes: 4
tot_uptimes_duration: 180.00000000000023
