comms_cons: 266.27338239488364
finished_reconf: true
global_termination_time: 2681938.897
local_termination_time: 1521946.7093599997
node_cons: 55137.969179999025
tot_aggregated_send: 38454
tot_msg_rcv: 701
tot_msg_sent: 1317
tot_reconf_duration: 18.21
tot_sleeping_duration: 2640778.897
tot_uptimes: 687
tot_uptimes_duration: 41160.0
