comms_cons: 268.8683007992234
finished_reconf: true
global_termination_time: 2683457.708
local_termination_time: 1164042.833639998
node_cons: 55200.5302233543
tot_aggregated_send: 37468
tot_msg_rcv: 1075
tot_msg_sent: 2324
tot_reconf_duration: 5.1
tot_sleeping_duration: 2642237.6897600032
tot_uptimes: 688
tot_uptimes_duration: 41220.01823999657
