comms_cons: 270.73002241269734
finished_reconf: true
global_termination_time: 2681838.8751199883
local_termination_time: 85121.75259999995
node_cons: 55192.39451636447
tot_aggregated_send: 37352
tot_msg_rcv: 1405
tot_msg_sent: 2392
tot_reconf_duration: 5.43
tot_sleeping_duration: 2640625.267520014
tot_uptimes: 687
tot_uptimes_duration: 41213.607599974144
