comms_cons: 81.088639997039
finished_reconf: true
global_termination_time: 818898.388
local_termination_time: 342372.6063600001
node_cons: 16821.834982233722
tot_aggregated_send: 11484
tot_msg_rcv: 333
tot_msg_sent: 508
tot_reconf_duration: 22.65
tot_sleeping_duration: 806358.3758400048
tot_uptimes: 210
tot_uptimes_duration: 12540.012159995269
