comms_cons: 374.1976064042993
finished_reconf: true
global_termination_time: 3810300.564
local_termination_time: 1478451.8602799992
node_cons: 78365.90624669977
tot_aggregated_send: 53650
tot_msg_rcv: 1150
tot_msg_sent: 2076
tot_reconf_duration: 25.299999999999997
tot_sleeping_duration: 3751800.5275200135
tot_uptimes: 976
tot_uptimes_duration: 58500.03647998627
