comms_cons: 380.0260288373594
finished_reconf: true
global_termination_time: 3805880.986
local_termination_time: 1407694.3375599994
node_cons: 78255.41591005096
tot_aggregated_send: 52896
tot_msg_rcv: 1777
tot_msg_sent: 3088
tot_reconf_duration: 3.08
tot_sleeping_duration: 3747440.93128002
tot_uptimes: 975
tot_uptimes_duration: 58440.05471997964
