comms_cons: 384.130668839395
finished_reconf: true
global_termination_time: 3806624.432
local_termination_time: 467257.4378000007
node_cons: 78271.76893228448
tot_aggregated_send: 52374
tot_msg_rcv: 2066
tot_msg_sent: 3946
tot_reconf_duration: 15.110000000000001
tot_sleeping_duration: 3748184.365120025
tot_uptimes: 975
tot_uptimes_duration: 58440.06687997491
