comms_cons: 378.04929285032966
finished_reconf: true
global_termination_time: 3810040.093
local_termination_time: 856322.323999998
node_cons: 78339.97118334933
tot_aggregated_send: 52548
tot_msg_rcv: 1659
tot_msg_sent: 3256
tot_reconf_duration: 6.22
tot_sleeping_duration: 3751540.0747600063
tot_uptimes: 976
tot_uptimes_duration: 58500.01823999337
