comms_cons: 373.8288255956495
finished_reconf: true
global_termination_time: 3807934.997
local_termination_time: 1981773.584519999
node_cons: 78338.90650446563
tot_aggregated_send: 52954
tot_msg_rcv: 1309
tot_msg_sent: 2557
tot_reconf_duration: 5.43
tot_sleeping_duration: 3749434.972680009
tot_uptimes: 976
tot_uptimes_duration: 58500.02431999077
