comms_cons: 59.28517120056137
finished_reconf: true
global_termination_time: 597053.293
local_termination_time: 12480.214479999999
node_cons: 12218.605800000016
tot_aggregated_send: 8526
tot_msg_rcv: 199
tot_msg_sent: 286
tot_reconf_duration: 5.1
tot_sleeping_duration: 587933.293
tot_uptimes: 153
tot_uptimes_duration: 9120.0
