comms_cons: 458.9057792180565
finished_reconf: true
global_termination_time: 4746626.53
local_termination_time: 2214241.949
node_cons: 97624.30305150595
tot_aggregated_send: 65654
tot_msg_rcv: 1248
tot_msg_sent: 2850
tot_reconf_duration: 5.43
tot_sleeping_duration: 4673723.670320009
tot_uptimes: 1216
tot_uptimes_duration: 72902.85967999138
