comms_cons: 2.861951999990542
finished_reconf: true
global_termination_time: 15791.528
local_termination_time: 6919.07736
node_cons: 325.5426399999999
tot_aggregated_send: 0
tot_msg_rcv: 259
tot_msg_sent: 176
tot_reconf_duration: 3.08
tot_sleeping_duration: 15551.528
tot_uptimes: 5
tot_uptimes_duration: 240.0
