comms_cons: 2.914585599992479
finished_reconf: true
global_termination_time: 18416.379
local_termination_time: 6383.99436
node_cons: 336.23009999999977
tot_aggregated_send: 0
tot_msg_rcv: 272
tot_msg_sent: 171
tot_reconf_duration: 10.95
tot_sleeping_duration: 18176.379
tot_uptimes: 5
tot_uptimes_duration: 240.0
