comms_cons: 42.42670080057419
finished_reconf: true
global_termination_time: 411969.169
local_termination_time: 112386.69051999977
node_cons: 8453.6092833643
tot_aggregated_send: 5452
tot_msg_rcv: 367
tot_msg_sent: 629
tot_reconf_duration: 13.17
tot_sleeping_duration: 405669.1507599968
tot_uptimes: 106
tot_uptimes_duration: 6300.018240003206
