comms_cons: 41.69896960078318
finished_reconf: true
global_termination_time: 408517.981
local_termination_time: 112387.87859999995
node_cons: 8375.887521121442
tot_aggregated_send: 5626
tot_msg_rcv: 319
tot_msg_sent: 393
tot_reconf_duration: 15.110000000000001
tot_sleeping_duration: 402277.97491999896
tot_uptimes: 105
tot_uptimes_duration: 6240.006080001069
