comms_cons: 0.8369023999966131
finished_reconf: true
global_termination_time: 6489.087
local_termination_time: 2727.0733600000003
node_cons: 88.78676000000034
tot_aggregated_send: 0
tot_msg_rcv: 68
tot_msg_sent: 56
tot_reconf_duration: 6.22
tot_sleeping_duration: 6429.087
tot_uptimes: 2
tot_uptimes_duration: 60.0
