comms_cons: 268.8439040125191
finished_reconf: true
global_termination_time: 2808569.868
local_termination_time: 6852.41
node_cons: 57850.36776558345
tot_aggregated_send: 38856
tot_msg_rcv: 650
tot_msg_sent: 1356
tot_reconf_duration: 4.07
tot_sleeping_duration: 2765369.8376000114
tot_uptimes: 720
tot_uptimes_duration: 43200.030399988405
