comms_cons: 196.05420799218925
finished_reconf: true
global_termination_time: 2000537.777
local_termination_time: 747500.4673599999
node_cons: 41146.87235999975
tot_aggregated_send: 28652
tot_msg_rcv: 399
tot_msg_sent: 748
tot_reconf_duration: 9.42
tot_sleeping_duration: 1969817.777
tot_uptimes: 513
tot_uptimes_duration: 30720.0
