comms_cons: 562.7915073258744
finished_reconf: true
global_termination_time: 5655921.688
local_termination_time: 3812173.46936
node_cons: 116340.88080446505
tot_aggregated_send: 78358
tot_msg_rcv: 2418
tot_msg_sent: 4765
tot_reconf_duration: 6.279999999999999
tot_sleeping_duration: 5569041.663680009
tot_uptimes: 1449
tot_uptimes_duration: 86880.02431999124
