comms_cons: 567.5612801150836
finished_reconf: true
global_termination_time: 5655185.783
local_termination_time: 1196886.4475999996
node_cons: 116338.35879993284
tot_aggregated_send: 78416
tot_msg_rcv: 2678
tot_msg_sent: 5172
tot_reconf_duration: 4.390000000000001
tot_sleeping_duration: 5568305.725360017
tot_uptimes: 1449
tot_uptimes_duration: 86880.0576399825
