comms_cons: 567.2515968859602
finished_reconf: true
global_termination_time: 5656888.202
local_termination_time: 1224372.4453999992
node_cons: 116342.99654781558
tot_aggregated_send: 78938
tot_msg_rcv: 2461
tot_msg_sent: 4819
tot_reconf_duration: 7.819999999999999
tot_sleeping_duration: 5570008.159440015
tot_uptimes: 1449
tot_uptimes_duration: 86880.04255998437
