comms_cons: 566.5461569144329
finished_reconf: true
global_termination_time: 5655003.679
local_termination_time: 1277369.1125999987
node_cons: 116340.8156066983
tot_aggregated_send: 77662
tot_msg_rcv: 2643
tot_msg_sent: 5806
tot_reconf_duration: 6.22
tot_sleeping_duration: 5568123.642520013
tot_uptimes: 1449
tot_uptimes_duration: 86880.0364799865
