comms_cons: 568.406784129122
finished_reconf: true
global_termination_time: 5654477.027
local_termination_time: 1307228.97236
node_cons: 116347.71968558159
tot_aggregated_send: 77488
tot_msg_rcv: 2816
tot_msg_sent: 6090
tot_reconf_duration: 11.31
tot_sleeping_duration: 5567596.996600011
tot_uptimes: 1449
tot_uptimes_duration: 86880.03039998887
