comms_cons: 58.58840320143044
finished_reconf: true
global_termination_time: 568305.706
local_termination_time: 188201.71592000074
node_cons: 11655.856403364305
tot_aggregated_send: 7598
tot_msg_rcv: 496
tot_msg_sent: 811
tot_reconf_duration: 4.8100000000000005
tot_sleeping_duration: 559605.6877599969
tot_uptimes: 146
tot_uptimes_duration: 8700.018240003206
