comms_cons: 132.83467519091448
finished_reconf: true
global_termination_time: 1314319.3024799998
local_termination_time: 1314319.26136
node_cons: 27046.040506550038
tot_aggregated_send: 18082
tot_msg_rcv: 701
tot_msg_sent: 1408
tot_reconf_duration: 24.59
tot_sleeping_duration: 1294145.5554400072
tot_uptimes: 337
tot_uptimes_duration: 20173.747039992522
