comms_cons: 131.85340158879475
finished_reconf: true
global_termination_time: 1314576.495
local_termination_time: 229185.41636000006
node_cons: 27019.018026710222
tot_aggregated_send: 17980
tot_msg_rcv: 562
tot_msg_sent: 1500
tot_reconf_duration: 18.21
tot_sleeping_duration: 1294416.4585200073
tot_uptimes: 337
tot_uptimes_duration: 20160.036479992676
