comms_cons: 131.81987839521364
finished_reconf: true
global_termination_time: 1314656.825
local_termination_time: 616425.8831999996
node_cons: 27001.173941116842
tot_aggregated_send: 18328
tot_msg_rcv: 647
tot_msg_sent: 1060
tot_reconf_duration: 5.1
tot_sleeping_duration: 1294496.8189200023
tot_uptimes: 337
tot_uptimes_duration: 20160.006079997635
