comms_cons: 93.79858559482435
finished_reconf: true
global_termination_time: 924487.277
local_termination_time: 542059.1681199981
node_cons: 18968.703042233814
tot_aggregated_send: 12760
tot_msg_rcv: 568
tot_msg_sent: 928
tot_reconf_duration: 6.22
tot_sleeping_duration: 910327.2648400047
tot_uptimes: 237
tot_uptimes_duration: 14160.012159995269
