comms_cons: 92.67461119665553
finished_reconf: true
global_termination_time: 924531.35
local_termination_time: 597740.4423599999
node_cons: 18975.598979999944
tot_aggregated_send: 13050
tot_msg_rcv: 408
tot_msg_sent: 628
tot_reconf_duration: 11.31
tot_sleeping_duration: 910371.35
tot_uptimes: 237
tot_uptimes_duration: 14160.0
