comms_cons: 74.54359039824988
finished_reconf: true
global_termination_time: 736680.105
local_termination_time: 106191.03695999965
node_cons: 15110.468262242879
tot_aggregated_send: 10034
tot_msg_rcv: 482
tot_msg_sent: 815
tot_reconf_duration: 4.8100000000000005
tot_sleeping_duration: 725400.0928399978
tot_uptimes: 189
tot_uptimes_duration: 11280.012160002138
