comms_cons: 90.21862401253598
finished_reconf: true
global_termination_time: 453377.157
local_termination_time: 1073.0474800000004
node_cons: 9350.206841121444
tot_aggregated_send: 0
tot_msg_rcv: 7002
tot_msg_sent: 6710
tot_reconf_duration: 22.65
tot_sleeping_duration: 446417.15091999894
tot_uptimes: 117
tot_uptimes_duration: 6960.006080001069
