comms_cons: 193.69948158694376
finished_reconf: true
global_termination_time: 1943053.315
local_termination_time: 534272.673
node_cons: 39955.779916700696
tot_aggregated_send: 26838
tot_msg_rcv: 907
tot_msg_sent: 1697
tot_reconf_duration: 18.21
tot_sleeping_duration: 1913231.7685200141
tot_uptimes: 498
tot_uptimes_duration: 29821.546479985816
