comms_cons: 191.46787839326308
finished_reconf: true
global_termination_time: 1938640.288
local_termination_time: 1167803.3083599997
node_cons: 39855.56579999939
tot_aggregated_send: 27956
tot_msg_rcv: 353
tot_msg_sent: 793
tot_reconf_duration: 5.1
tot_sleeping_duration: 1908880.288
tot_uptimes: 497
tot_uptimes_duration: 29759.999999999884
