comms_cons: 191.9086847942369
finished_reconf: true
global_termination_time: 1938498.713
local_termination_time: 613863.6308399987
node_cons: 39939.9662199997
tot_aggregated_send: 28130
tot_msg_rcv: 350
tot_msg_sent: 689
tot_reconf_duration: 8.09
tot_sleeping_duration: 1908678.713
tot_uptimes: 497
tot_uptimes_duration: 29820.0
