comms_cons: 191.77713279318007
finished_reconf: true
global_termination_time: 1941906.173
local_termination_time: 774725.8573599999
node_cons: 39949.499379999725
tot_aggregated_send: 27666
tot_msg_rcv: 509
tot_msg_sent: 974
tot_reconf_duration: 15.110000000000001
tot_sleeping_duration: 1912086.173
tot_uptimes: 498
tot_uptimes_duration: 29820.0
