comms_cons: 189.93890559766342
finished_reconf: true
global_termination_time: 1938521.675
local_termination_time: 1063984.01636
node_cons: 39865.791539999904
tot_aggregated_send: 28362
tot_msg_rcv: 112
tot_msg_sent: 395
tot_reconf_duration: 12.629999999999999
tot_sleeping_duration: 1908761.675
tot_uptimes: 497
tot_uptimes_duration: 29760.0
