comms_cons: 196.2121087821837
finished_reconf: true
global_termination_time: 1943260.875
local_termination_time: 1053038.592
node_cons: 39940.701610534794
tot_aggregated_send: 26386
tot_msg_rcv: 1165
tot_msg_sent: 2272
tot_reconf_duration: 7.819999999999999
tot_sleeping_duration: 1913440.0519600187
tot_uptimes: 498
tot_uptimes_duration: 29820.823039981304
