comms_cons: 16.65195520000521
finished_reconf: true
global_termination_time: 163458.61724000095
local_termination_time: 163458.61724000095
node_cons: 3414.5934933612994
tot_aggregated_send: 2248
tot_msg_rcv: 108
tot_msg_sent: 174
tot_reconf_duration: 24.59
tot_sleeping_duration: 160933.449
tot_uptimes: 42
tot_uptimes_duration: 2525.1682400009595
