comms_cons: 16.987494399657102
finished_reconf: true
global_termination_time: 165456.378
local_termination_time: 116254.38235999997
node_cons: 3399.0173211191614
tot_aggregated_send: 2030
tot_msg_rcv: 190
tot_msg_sent: 362
tot_reconf_duration: 18.21
tot_sleeping_duration: 162936.37192000065
tot_uptimes: 43
tot_uptimes_duration: 2520.006079999366
