comms_cons: 47.515609600161916
finished_reconf: true
global_termination_time: 478815.79828000034
local_termination_time: 478815.7571600003
node_cons: 9874.35154616335
tot_aggregated_send: 6830
tot_msg_rcv: 134
tot_msg_sent: 256
tot_reconf_duration: 24.59
tot_sleeping_duration: 471466.31483999785
tot_uptimes: 123
tot_uptimes_duration: 7349.483440002485
