comms_cons: 47.705779200395526
finished_reconf: true
global_termination_time: 483906.698
local_termination_time: 205689.50800000047
node_cons: 9890.266760000013
tot_aggregated_send: 6902
tot_msg_rcv: 122
tot_msg_sent: 227
tot_reconf_duration: 6.22
tot_sleeping_duration: 476526.698
tot_uptimes: 124
tot_uptimes_duration: 7380.0
