comms_cons: 277.2553215939918
finished_reconf: true
global_termination_time: 2778639.477
local_termination_time: 770992.9713599999
node_cons: 57130.33336893401
tot_aggregated_send: 37062
tot_msg_rcv: 1729
tot_msg_sent: 3352
tot_reconf_duration: 6.279999999999999
tot_sleeping_duration: 2735979.4283600184
tot_uptimes: 712
tot_uptimes_duration: 42660.04863998131
