comms_cons: 274.2539520033399
finished_reconf: true
global_termination_time: 2776607.3914799998
local_termination_time: 2776607.3503599996
node_cons: 57190.90936095674
tot_aggregated_send: 40284
tot_msg_rcv: 464
tot_msg_sent: 936
tot_reconf_duration: 37.410000000000004
tot_sleeping_duration: 2733933.6748400014
tot_uptimes: 712
tot_uptimes_duration: 42673.71663999854
