comms_cons: 273.8394623999307
finished_reconf: true
global_termination_time: 2778347.207
local_termination_time: 797105.2993599998
node_cons: 57134.111379998976
tot_aggregated_send: 40020
tot_msg_rcv: 506
tot_msg_sent: 1096
tot_reconf_duration: 9.11
tot_sleeping_duration: 2735687.207
tot_uptimes: 712
tot_uptimes_duration: 42660.0
