comms_cons: 274.5072768026234
finished_reconf: true
global_termination_time: 2778528.083
local_termination_time: 1092498.1093600001
node_cons: 57147.14274111608
tot_aggregated_send: 39962
tot_msg_rcv: 565
tot_msg_sent: 1196
tot_reconf_duration: 18.700000000000003
tot_sleeping_duration: 2735868.0769200022
tot_uptimes: 712
tot_uptimes_duration: 42660.006079997635
