comms_cons: 271.5696383902129
finished_reconf: true
global_termination_time: 2778223.951
local_termination_time: 1843328.5879199984
node_cons: 57137.90019999919
tot_aggregated_send: 39730
tot_msg_rcv: 493
tot_msg_sent: 1054
tot_reconf_duration: 11.899999999999999
tot_sleeping_duration: 2735563.951
tot_uptimes: 712
tot_uptimes_duration: 42660.0
