comms_cons: 274.05669118021666
finished_reconf: true
global_termination_time: 2776700.407
local_termination_time: 950233.649999998
node_cons: 57130.2763122846
tot_aggregated_send: 37700
tot_msg_rcv: 1215
tot_msg_sent: 2741
tot_reconf_duration: 6.22
tot_sleeping_duration: 2734040.340120026
tot_uptimes: 712
tot_uptimes_duration: 42660.06687997421
