comms_cons: 2.2369279999926084
finished_reconf: true
global_termination_time: 12439.914
local_termination_time: 10969.22748
node_cons: 257.1801999999995
tot_aggregated_send: 0
tot_msg_rcv: 177
tot_msg_sent: 163
tot_reconf_duration: 11.899999999999999
tot_sleeping_duration: 12259.914
tot_uptimes: 4
tot_uptimes_duration: 180.0
