comms_cons: 2.2961407999945056
finished_reconf: true
global_termination_time: 14992.098
local_termination_time: 5762.115360000001
node_cons: 256.3789800000005
tot_aggregated_send: 0
tot_msg_rcv: 185
tot_msg_sent: 164
tot_reconf_duration: 11.31
tot_sleeping_duration: 14812.098
tot_uptimes: 4
tot_uptimes_duration: 180.0
