comms_cons: 160.21009918814696
finished_reconf: true
global_termination_time: 1604276.048639998
local_termination_time: 1604276.0075199981
node_cons: 33045.773008308024
tot_aggregated_send: 22725
tot_msg_rcv: 526
tot_msg_sent: 1098
tot_reconf_duration: 21.23
tot_sleeping_duration: 1579618.137760007
tot_uptimes: 411
tot_uptimes_duration: 24657.910879991017
