comms_cons: 156.15073279722435
finished_reconf: true
global_termination_time: 1605395.361
local_termination_time: 1013279.5692799992
node_cons: 33023.8819000001
tot_aggregated_send: 23026
tot_msg_rcv: 221
tot_msg_sent: 487
tot_reconf_duration: 3.05
tot_sleeping_duration: 1580735.361
tot_uptimes: 412
tot_uptimes_duration: 24660.0
