comms_cons: 2.296140799994907
finished_reconf: true
global_termination_time: 14551.162
local_termination_time: 6658.030359999999
node_cons: 245.16190000000026
tot_aggregated_send: 0
tot_msg_rcv: 176
tot_msg_sent: 172
tot_reconf_duration: 3.05
tot_sleeping_duration: 14371.162
tot_uptimes: 4
tot_uptimes_duration: 180.0
