comms_cons: 2.302719999992391
finished_reconf: true
global_termination_time: 17861.957
local_termination_time: 8952.88636
node_cons: 329.80675999999914
tot_aggregated_send: 0
tot_msg_rcv: 179
tot_msg_sent: 171
tot_reconf_duration: 6.22
tot_sleeping_duration: 17621.957
tot_uptimes: 5
tot_uptimes_duration: 240.0
