comms_cons: 46.064460802057425
finished_reconf: true
global_termination_time: 211016.05196000106
local_termination_time: 211016.05196000106
node_cons: 4464.81039928346
tot_aggregated_send: 0
tot_msg_rcv: 3789
tot_msg_sent: 3211
tot_reconf_duration: 24.59
tot_sleeping_duration: 207706.5544399985
tot_uptimes: 55
tot_uptimes_duration: 3309.497520002573
