comms_cons: 73.79242880600879
finished_reconf: true
global_termination_time: 582149.818
local_termination_time: 12209.2486
node_cons: 11995.64423275629
tot_aggregated_send: 3828
tot_msg_rcv: 2988
tot_msg_sent: 4406
tot_reconf_duration: 18.21
tot_sleeping_duration: 573209.6275199729
tot_uptimes: 150
tot_uptimes_duration: 8940.1904800271
