comms_cons: 56.43042560015302
finished_reconf: true
global_termination_time: 585430.039
local_termination_time: 390126.45336000004
node_cons: 11988.544859999995
tot_aggregated_send: 8352
tot_msg_rcv: 58
tot_msg_sent: 167
tot_reconf_duration: 13.17
tot_sleeping_duration: 576490.039
tot_uptimes: 150
tot_uptimes_duration: 8940.0
