comms_cons: 0.16447999999945753
finished_reconf: true
global_termination_time: 3582.0689600000023
local_termination_time: 3568.73336
node_cons: 43.89744744000362
tot_aggregated_send: 0
tot_msg_rcv: 16
tot_msg_sent: 8
tot_reconf_duration: 8.09
tot_sleeping_duration: 3557.49
tot_uptimes: 1
tot_uptimes_duration: 24.578960000002553
