comms_cons: 1449.0962848127442
finished_reconf: true
global_termination_time: 4968145.812239998
local_termination_time: 4968145.812239998
node_cons: 202940.3881043492
tot_aggregated_send: 0
tot_msg_rcv: 73820
tot_msg_sent: 146434
tot_reconf_duration: 24.59
tot_sleeping_duration: 4816609.595000001
tot_uptimes: 2506
tot_uptimes_duration: 151536.2172399975
