comms_cons: 487.79944966046673
finished_reconf: true
global_termination_time: 4969175.178
local_termination_time: 1949921.38036
node_cons: 102213.3524255829
tot_aggregated_send: 69890
tot_msg_rcv: 1296
tot_msg_sent: 2956
tot_reconf_duration: 15.34
tot_sleeping_duration: 4892855.147600011
tot_uptimes: 1273
tot_uptimes_duration: 76320.03039998934
