comms_cons: 489.99312645940034
finished_reconf: true
global_termination_time: 4968461.128
local_termination_time: 2835844.7044399986
node_cons: 102200.08476558317
tot_aggregated_send: 69078
tot_msg_rcv: 1645
tot_msg_sent: 3754
tot_reconf_duration: 5.57
tot_sleeping_duration: 4892141.09760001
tot_uptimes: 1273
tot_uptimes_duration: 76320.03039998934
