comms_cons: 494.50173447415773
finished_reconf: true
global_termination_time: 4969714.852
local_termination_time: 669575.20436
node_cons: 102203.15654781651
tot_aggregated_send: 69658
tot_msg_rcv: 1726
tot_msg_sent: 3777
tot_reconf_duration: 7.819999999999999
tot_sleeping_duration: 4893394.809440016
tot_uptimes: 1273
tot_uptimes_duration: 76320.0425599846
