comms_cons: 81.6165119956181
finished_reconf: true
global_termination_time: 775364.4513999992
local_termination_time: 775364.4102799993
node_cons: 16015.432145910572
tot_aggregated_send: 9569
tot_msg_rcv: 923
tot_msg_sent: 1914
tot_reconf_duration: 49.45
tot_sleeping_duration: 763453.8621200063
tot_uptimes: 199
tot_uptimes_duration: 11910.589279992935
