comms_cons: 474.2819200943474
finished_reconf: true
global_termination_time: 4720349.424
local_termination_time: 389528.35376000084
node_cons: 97059.35407451761
tot_aggregated_send: 65888
tot_msg_rcv: 2013
tot_msg_sent: 4186
tot_reconf_duration: 6.279999999999999
tot_sleeping_duration: 4647869.344960029
tot_uptimes: 1209
tot_uptimes_duration: 72480.07903997041
