comms_cons: 473.14316806526386
finished_reconf: true
global_termination_time: 4720579.187
local_termination_time: 850598.0613599998
node_cons: 97058.17535116707
tot_aggregated_send: 66004
tot_msg_rcv: 1844
tot_msg_sent: 4067
tot_reconf_duration: 5.43
tot_sleeping_duration: 4648099.126200023
tot_uptimes: 1209
tot_uptimes_duration: 72480.06079997751
