comms_cons: 832.2317177459319
finished_reconf: true
global_termination_time: 2242484.338
local_termination_time: 508747.5024800001
node_cons: 136597.22294417274
tot_aggregated_send: 0
tot_msg_rcv: 51055
tot_msg_sent: 75440
tot_reconf_duration: 18.21
tot_sleeping_duration: 2140488.450200017
tot_uptimes: 1673
tot_uptimes_duration: 101995.8877999828
