comms_cons: 208.04151029007056
finished_reconf: true
global_termination_time: 1057025.275
local_termination_time: 442384.265
node_cons: 21728.288548799348
tot_aggregated_send: 0
tot_msg_rcv: 15974
tot_msg_sent: 15647
tot_reconf_duration: 22.65
tot_sleeping_duration: 1040820.9958000005
tot_uptimes: 271
tot_uptimes_duration: 16204.279199999466
