comms_cons: 241.74737917968307
finished_reconf: true
global_termination_time: 2432969.736
local_termination_time: 1054849.0940799988
node_cons: 50072.65986111625
tot_aggregated_send: 32770
tot_msg_rcv: 1327
tot_msg_sent: 2649
tot_reconf_duration: 15.34
tot_sleeping_duration: 2395589.7299200026
tot_uptimes: 624
tot_uptimes_duration: 37380.006079997635
