comms_cons: 244.78072958619785
finished_reconf: true
global_termination_time: 2431810.1211199923
local_termination_time: 63206.51360000001
node_cons: 50051.02050526213
tot_aggregated_send: 33350
tot_msg_rcv: 1426
tot_msg_sent: 2427
tot_reconf_duration: 22.65
tot_sleeping_duration: 2394453.6896000053
tot_uptimes: 623
tot_uptimes_duration: 37356.43151998718
