comms_cons: 78.93724159981062
finished_reconf: true
global_termination_time: 805657.316
local_termination_time: 381970.00136
node_cons: 16556.009761121393
tot_aggregated_send: 11426
tot_msg_rcv: 225
tot_msg_sent: 347
tot_reconf_duration: 4.390000000000001
tot_sleeping_duration: 793297.3099199989
tot_uptimes: 207
tot_uptimes_duration: 12360.006080001069
