comms_cons: 119.67564799622679
finished_reconf: true
global_termination_time: 805392.798
local_termination_time: 264170.2864800006
node_cons: 16554.198182242948
tot_aggregated_send: 0
tot_msg_rcv: 9192
tot_msg_sent: 8998
tot_reconf_duration: 3.05
tot_sleeping_duration: 793032.7858399978
tot_uptimes: 207
tot_uptimes_duration: 12360.012160002138
