comms_cons: 79.89905919901008
finished_reconf: true
global_termination_time: 804476.268
local_termination_time: 28267.98748
node_cons: 16558.519324481145
tot_aggregated_send: 10904
tot_msg_rcv: 394
tot_msg_sent: 848
tot_reconf_duration: 6.22
tot_sleeping_duration: 792116.2436799991
tot_uptimes: 207
tot_uptimes_duration: 12360.02432000084
