comms_cons: 77.52334079922254
finished_reconf: true
global_termination_time: 805223.08
local_termination_time: 215796.11636000004
node_cons: 16565.415262242885
tot_aggregated_send: 11252
tot_msg_rcv: 184
tot_msg_sent: 347
tot_reconf_duration: 11.31
tot_sleeping_duration: 792863.0678399978
tot_uptimes: 207
tot_uptimes_duration: 12360.01216000214
