comms_cons: 92.18167679512759
finished_reconf: true
global_termination_time: 910102.2842400001
local_termination_time: 26567.81748
node_cons: 18745.61829495344
tot_aggregated_send: 12354
tot_msg_rcv: 602
tot_msg_sent: 1054
tot_reconf_duration: 4.390000000000001
tot_sleeping_duration: 896107.021600005
tot_uptimes: 234
tot_uptimes_duration: 13995.262639995082
