comms_cons: 116.4057855986015
finished_reconf: true
global_termination_time: 1190081.604
local_termination_time: 371459.3363600001
node_cons: 24454.126841121502
tot_aggregated_send: 16994
tot_msg_rcv: 194
tot_msg_sent: 505
tot_reconf_duration: 22.65
tot_sleeping_duration: 1171841.5979199992
tot_uptimes: 305
tot_uptimes_duration: 18240.00608000107
