comms_cons: 116.41894399848832
finished_reconf: true
global_termination_time: 1188117.198
local_termination_time: 125723.35635999996
node_cons: 24431.80676000004
tot_aggregated_send: 17226
tot_msg_rcv: 182
tot_msg_sent: 287
tot_reconf_duration: 6.22
tot_sleeping_duration: 1169877.198
tot_uptimes: 305
tot_uptimes_duration: 18240.0
