comms_cons: 17.415142400136183
finished_reconf: true
global_termination_time: 176161.71284000023
local_termination_time: 176146.39836000005
node_cons: 3701.1154877602944
tot_aggregated_send: 2552
tot_msg_rcv: 30
tot_msg_sent: 65
tot_reconf_duration: 22.65
tot_sleeping_duration: 173420.595
tot_uptimes: 46
tot_uptimes_duration: 2741.1178400002245
