comms_cons: 425.54231046446466
finished_reconf: true
global_termination_time: 4240394.427
local_termination_time: 187.48448000000002
node_cons: 87193.72687340094
tot_aggregated_send: 59276
tot_msg_rcv: 1808
tot_msg_sent: 3597
tot_reconf_duration: 18.21
tot_sleeping_duration: 4175294.3540400276
tot_uptimes: 1086
tot_uptimes_duration: 65100.072959972546
