comms_cons: 421.8554048657834
finished_reconf: true
global_termination_time: 4239286.423
local_termination_time: 1182540.7583599996
node_cons: 87173.11517005082
tot_aggregated_send: 58348
tot_msg_rcv: 1958
tot_msg_sent: 3813
tot_reconf_duration: 3.05
tot_sleeping_duration: 4174186.36828002
tot_uptimes: 1086
tot_uptimes_duration: 65100.05471998011
