comms_cons: 420.0686848580234
finished_reconf: true
global_termination_time: 4237918.829
local_termination_time: 1309601.3817199988
node_cons: 87184.30782670004
tot_aggregated_send: 57768
tot_msg_rcv: 2076
tot_msg_sent: 4003
tot_reconf_duration: 11.31
tot_sleeping_duration: 4172818.792520013
tot_uptimes: 1086
tot_uptimes_duration: 65100.03647998674
