comms_cons: 2.6119423999913685
finished_reconf: true
global_termination_time: 15673.672
local_termination_time: 8109.130360000001
node_cons: 328.28580000000045
tot_aggregated_send: 0
tot_msg_rcv: 225
tot_msg_sent: 172
tot_reconf_duration: 5.1
tot_sleeping_duration: 15433.672
tot_uptimes: 5
tot_uptimes_duration: 240.0
