comms_cons: 19.317785599746088
finished_reconf: true
global_termination_time: 188368.791
local_termination_time: 103026.12635999998
node_cons: 3863.2620822394574
tot_aggregated_send: 1972
tot_msg_rcv: 382
tot_msg_sent: 584
tot_reconf_duration: 5.1
tot_sleeping_duration: 185488.77884000042
tot_uptimes: 49
tot_uptimes_duration: 2880.0121599995873
