comms_cons: 18.52702719961794
finished_reconf: true
global_termination_time: 190762.51
local_termination_time: 7944.60436
node_cons: 3864.8156067186205
tot_aggregated_send: 1566
tot_msg_rcv: 548
tot_msg_sent: 702
tot_reconf_duration: 6.22
tot_sleeping_duration: 187882.47352000105
tot_uptimes: 49
tot_uptimes_duration: 2880.0364799989675
