comms_cons: 189.67684478575737
finished_reconf: true
global_termination_time: 1917486.171
local_termination_time: 1500879.9227199988
node_cons: 39455.39490111655
tot_aggregated_send: 26622
tot_msg_rcv: 724
tot_msg_sent: 1483
tot_reconf_duration: 6.22
tot_sleeping_duration: 1888026.1649200025
tot_uptimes: 492
tot_uptimes_duration: 29460.006079997635
