comms_cons: 47.699200000332574
finished_reconf: true
global_termination_time: 485534.714
local_termination_time: 133191.03948000006
node_cons: 9970.68824000001
tot_aggregated_send: 7018
tot_msg_rcv: 63
tot_msg_sent: 169
tot_reconf_duration: 6.279999999999999
tot_sleeping_duration: 478094.714
tot_uptimes: 125
tot_uptimes_duration: 7440.0
