comms_cons: 48.06728960005886
finished_reconf: true
global_termination_time: 485684.052
local_termination_time: 30878.240120000002
node_cons: 9982.991720000013
tot_aggregated_send: 6960
tot_msg_rcv: 127
tot_msg_sent: 218
tot_reconf_duration: 15.34
tot_sleeping_duration: 478244.052
tot_uptimes: 125
tot_uptimes_duration: 7440.0
