comms_cons: 65.54227199826992
finished_reconf: true
global_termination_time: 650770.798
local_termination_time: 15073.371000000001
node_cons: 13367.243690398283
tot_aggregated_send: 8930
tot_msg_rcv: 352
tot_msg_sent: 681
tot_reconf_duration: 22.65
tot_sleeping_duration: 640810.7644000013
tot_uptimes: 167
tot_uptimes_duration: 9960.033599998706
