comms_cons: 64.19948800092236
finished_reconf: true
global_termination_time: 652872.59
local_termination_time: 80440.16759999994
node_cons: 13425.243042242882
tot_aggregated_send: 8700
tot_msg_rcv: 316
tot_msg_sent: 741
tot_reconf_duration: 6.22
tot_sleeping_duration: 642852.5778399978
tot_uptimes: 168
tot_uptimes_duration: 10020.012160002138
