comms_cons: 540.0895744625537
finished_reconf: true
global_termination_time: 5430647.55
local_termination_time: 1324199.22536
node_cons: 111693.46428446469
tot_aggregated_send: 75052
tot_msg_rcv: 2299
tot_msg_sent: 4739
tot_reconf_duration: 15.34
tot_sleeping_duration: 5347247.525680009
tot_uptimes: 1391
tot_uptimes_duration: 83400.024319991
