comms_cons: 534.2347840698156
finished_reconf: true
global_termination_time: 5428819.653
local_termination_time: 3607105.6463599997
node_cons: 111706.97368223034
tot_aggregated_send: 75284
tot_msg_rcv: 2055
tot_msg_sent: 3861
tot_reconf_duration: 25.299999999999997
tot_sleeping_duration: 5345419.640840004
tot_uptimes: 1391
tot_uptimes_duration: 83400.0121599955
