comms_cons: 128.19896318826363
finished_reconf: true
global_termination_time: 1251816.14512
local_termination_time: 1251816.104
node_cons: 25773.755153035094
tot_aggregated_send: 16968
tot_msg_rcv: 944
tot_msg_sent: 1574
tot_reconf_duration: 37.410000000000004
tot_sleeping_duration: 1232605.5757600036
tot_uptimes: 321
tot_uptimes_duration: 19210.569359996298
