comms_cons: 127.54669439003648
finished_reconf: true
global_termination_time: 1253026.25
local_termination_time: 561908.8603599998
node_cons: 25715.799070065295
tot_aggregated_send: 16414
tot_msg_rcv: 991
tot_msg_sent: 1981
tot_reconf_duration: 5.1
tot_sleeping_duration: 1233826.195280011
tot_uptimes: 321
tot_uptimes_duration: 19200.054719989013
