comms_cons: 126.35353599518385
finished_reconf: true
global_termination_time: 1251993.323
local_termination_time: 628366.5076399992
node_cons: 25726.72556559805
tot_aggregated_send: 17400
tot_msg_rcv: 652
tot_msg_sent: 1153
tot_reconf_duration: 13.17
tot_sleeping_duration: 1232793.2926000014
tot_uptimes: 321
tot_uptimes_duration: 19200.030399998475
