comms_cons: 128.50856958515692
finished_reconf: true
global_termination_time: 1252329.315
local_termination_time: 615971.6489599997
node_cons: 25713.055910065268
tot_aggregated_send: 15950
tot_msg_rcv: 1250
tot_msg_sent: 2332
tot_reconf_duration: 3.08
tot_sleeping_duration: 1233129.260280011
tot_uptimes: 321
tot_uptimes_duration: 19200.054719989013
