comms_cons: 16.56705280002509
finished_reconf: true
global_termination_time: 159126.675
local_termination_time: 47050.1872400001
node_cons: 3238.3373211191515
tot_aggregated_send: 1856
tot_msg_rcv: 214
tot_msg_sent: 448
tot_reconf_duration: 18.21
tot_sleeping_duration: 156726.66892000064
tot_uptimes: 41
tot_uptimes_duration: 2400.006079999366
