comms_cons: 430.0489920789791
finished_reconf: true
global_termination_time: 4271516.943
local_termination_time: 2031703.0523599999
node_cons: 87832.18822670005
tot_aggregated_send: 58986
tot_msg_rcv: 1978
tot_msg_sent: 4400
tot_reconf_duration: 15.110000000000001
tot_sleeping_duration: 4205936.906520013
tot_uptimes: 1094
tot_uptimes_duration: 65580.03647998697
