comms_cons: 430.70705287857186
finished_reconf: true
global_termination_time: 4268754.573
local_termination_time: 385293.08768000075
node_cons: 87832.52499005076
tot_aggregated_send: 59160
tot_msg_rcv: 2073
tot_msg_sent: 4231
tot_reconf_duration: 15.34
tot_sleeping_duration: 4203174.51828002
tot_uptimes: 1094
tot_uptimes_duration: 65580.05471997987
