comms_cons: 2.2106111999926954
finished_reconf: true
global_termination_time: 14574.789
local_termination_time: 6928.014480000001
node_cons: 261.53938000000085
tot_aggregated_send: 0
tot_msg_rcv: 175
tot_msg_sent: 160
tot_reconf_duration: 15.110000000000001
tot_sleeping_duration: 14394.789
tot_uptimes: 4
tot_uptimes_duration: 180.0
