comms_cons: 2376.184634565316
finished_reconf: true
global_termination_time: 8146390.428359997
local_termination_time: 8146390.428359997
node_cons: 332781.6930260495
tot_aggregated_send: 0
tot_msg_rcv: 121035
tot_msg_sent: 240129
tot_reconf_duration: 37.410000000000004
tot_sleeping_duration: 7897898.351999999
tot_uptimes: 4113
tot_uptimes_duration: 248492.07635999797
