comms_cons: 807.5803841670855
finished_reconf: true
global_termination_time: 8146409.097
local_termination_time: 4731333.1623599995
node_cons: 167687.5055655798
tot_aggregated_send: 112926
tot_msg_rcv: 3477
tot_msg_sent: 6344
tot_reconf_duration: 13.17
tot_sleeping_duration: 8021189.066600011
tot_uptimes: 2087
tot_uptimes_duration: 125220.03039998934
