comms_cons: 798.5797057620748
finished_reconf: true
global_termination_time: 8151104.629
local_termination_time: 5526746.427999999
node_cons: 167695.99116878473
tot_aggregated_send: 113214
tot_msg_rcv: 2604
tot_msg_sent: 5560
tot_reconf_duration: 18.700000000000003
tot_sleeping_duration: 8025883.869800006
tot_uptimes: 2088
tot_uptimes_duration: 125220.75919999368
