comms_cons: 817.8661378141403
finished_reconf: true
global_termination_time: 8148697.136
local_termination_time: 419385.57836000004
node_cons: 167595.8533911644
tot_aggregated_send: 113680
tot_msg_rcv: 3513
tot_msg_sent: 7115
tot_reconf_duration: 4.8100000000000005
tot_sleeping_duration: 8023537.075200022
tot_uptimes: 2087
tot_uptimes_duration: 125160.06079997774
