comms_cons: 812.9312001906827
finished_reconf: true
global_termination_time: 8147055.148
local_termination_time: 587689.44436
node_cons: 167593.4470289308
tot_aggregated_send: 114028
tot_msg_rcv: 3163
tot_msg_sent: 6370
tot_reconf_duration: 3.05
tot_sleeping_duration: 8021895.099360017
tot_uptimes: 2087
tot_uptimes_duration: 125160.04863998247
