comms_cons: 87.76864639606688
finished_reconf: true
global_termination_time: 854501.349
local_termination_time: 401664.86048000003
node_cons: 17534.688226723993
tot_aggregated_send: 10556
tot_msg_rcv: 932
tot_msg_sent: 1852
tot_reconf_duration: 15.110000000000001
tot_sleeping_duration: 841421.312519997
tot_uptimes: 219
tot_uptimes_duration: 13080.036480002978
