comms_cons: 138.19495037357225
finished_reconf: true
global_termination_time: 1099646.419
local_termination_time: 206244.10336000004
node_cons: 22586.558784481153
tot_aggregated_send: 0
tot_msg_rcv: 10629
tot_msg_sent: 10374
tot_reconf_duration: 8.09
tot_sleeping_duration: 1082786.394679999
tot_uptimes: 282
tot_uptimes_duration: 16860.02432000084
