comms_cons: 105.91196159938748
finished_reconf: true
global_termination_time: 1099956.439
local_termination_time: 326128.31836000003
node_cons: 22596.08380336431
tot_aggregated_send: 14500
tot_msg_rcv: 482
tot_msg_sent: 1116
tot_reconf_duration: 15.110000000000001
tot_sleeping_duration: 1083096.4207599969
tot_uptimes: 282
tot_uptimes_duration: 16860.018240003206
