comms_cons: 106.35276799673305
finished_reconf: true
global_termination_time: 1099564.189
local_termination_time: 307341.34988000046
node_cons: 22606.3068411215
tot_aggregated_send: 14848
tot_msg_rcv: 464
tot_msg_sent: 853
tot_reconf_duration: 22.65
tot_sleeping_duration: 1082704.182919999
tot_uptimes: 282
tot_uptimes_duration: 16860.00608000107
