comms_cons: 104.30005759983779
finished_reconf: true
global_termination_time: 1098919.967
local_termination_time: 560339.8413599998
node_cons: 22581.509761121484
tot_aggregated_send: 15312
tot_msg_rcv: 133
tot_msg_sent: 408
tot_reconf_duration: 4.390000000000001
tot_sleeping_duration: 1082059.9609199988
tot_uptimes: 282
tot_uptimes_duration: 16860.00608000107
