comms_cons: 107.99098879958403
finished_reconf: true
global_termination_time: 1104321.484
local_termination_time: 205834.66428000035
node_cons: 22671.287826724016
tot_aggregated_send: 13746
tot_msg_rcv: 926
tot_msg_sent: 1742
tot_reconf_duration: 11.31
tot_sleeping_duration: 1087401.447519997
tot_uptimes: 283
tot_uptimes_duration: 16920.03648000298
