comms_cons: 106.87910400008361
finished_reconf: true
global_termination_time: 1100539.266
local_termination_time: 319648.0896800007
node_cons: 22582.930222238287
tot_aggregated_send: 14848
tot_msg_rcv: 467
tot_msg_sent: 930
tot_reconf_duration: 5.43
tot_sleeping_duration: 1083679.2538400013
tot_uptimes: 282
tot_uptimes_duration: 16860.012159998703
