comms_cons: 75.39763199646401
finished_reconf: true
global_termination_time: 731995.277
local_termination_time: 222666.4721200005
node_cons: 15029.582861194984
tot_aggregated_send: 9802
tot_msg_rcv: 609
tot_msg_sent: 1049
tot_reconf_duration: 4.390000000000001
tot_sleeping_duration: 720775.2462000038
tot_uptimes: 188
tot_uptimes_duration: 11220.030799996224
