comms_cons: 182.34252799165117
finished_reconf: true
global_termination_time: 1838534.118
local_termination_time: 918036.2521999995
node_cons: 37774.67009999977
tot_aggregated_send: 26274
tot_msg_rcv: 465
tot_msg_sent: 976
tot_reconf_duration: 10.95
tot_sleeping_duration: 1810334.118
tot_uptimes: 471
tot_uptimes_duration: 28200.0
