comms_cons: 71.18099199594866
finished_reconf: true
global_termination_time: 687574.485
local_termination_time: 377955.35
node_cons: 14170.989861669781
tot_aggregated_send: 9045
tot_msg_rcv: 607
tot_msg_sent: 1168
tot_reconf_duration: 15.110000000000001
tot_sleeping_duration: 677006.5458800077
tot_uptimes: 177
tot_uptimes_duration: 10567.93911999237
