comms_cons: 319.4991103935509
finished_reconf: true
global_termination_time: 3244324.217
local_termination_time: 1523433.06436
node_cons: 66703.03986111553
tot_aggregated_send: 45124
tot_msg_rcv: 1300
tot_msg_sent: 2138
tot_reconf_duration: 15.34
tot_sleeping_duration: 3194524.2109200023
tot_uptimes: 831
tot_uptimes_duration: 49800.006079997635
