comms_cons: 315.7759103772072
finished_reconf: true
global_termination_time: 3245733.097
local_termination_time: 1926746.461239999
node_cons: 66796.89739999865
tot_aggregated_send: 43848
tot_msg_rcv: 1267
tot_msg_sent: 2882
tot_reconf_duration: 25.299999999999997
tot_sleeping_duration: 3195873.097
tot_uptimes: 832
tot_uptimes_duration: 49860.0
