comms_cons: 72.64094719883957
finished_reconf: true
global_termination_time: 729528.0
local_termination_time: 200066.60936000006
node_cons: 14961.141142242901
tot_aggregated_send: 10208
tot_msg_rcv: 279
tot_msg_sent: 554
tot_reconf_duration: 13.17
tot_sleeping_duration: 718367.9878399979
tot_uptimes: 187
tot_uptimes_duration: 11160.012160002138
