comms_cons: 64.88774400061936
finished_reconf: true
global_termination_time: 654500.5524799998
local_termination_time: 654500.5113599999
node_cons: 13468.54794208411
tot_aggregated_send: 9150
tot_msg_rcv: 177
tot_msg_sent: 534
tot_reconf_duration: 24.59
tot_sleeping_duration: 644466.8297599967
tot_uptimes: 168
tot_uptimes_duration: 10033.722720003047
