comms_cons: 66.5851904017077
finished_reconf: true
global_termination_time: 656136.129
local_termination_time: 233037.65436000004
node_cons: 13527.911264485734
tot_aggregated_send: 8468
tot_msg_rcv: 562
tot_msg_sent: 1090
tot_reconf_duration: 22.65
tot_sleeping_duration: 646056.1046799957
tot_uptimes: 169
tot_uptimes_duration: 10080.024320004275
