comms_cons: 64.58930560055364
finished_reconf: true
global_termination_time: 654933.743
local_termination_time: 344213.35460000054
node_cons: 13423.320121121447
tot_aggregated_send: 8932
tot_msg_rcv: 280
tot_msg_sent: 606
tot_reconf_duration: 4.8100000000000005
tot_sleeping_duration: 644913.736919999
tot_uptimes: 168
tot_uptimes_duration: 10020.006080001069
