comms_cons: 65.20645120085945
finished_reconf: true
global_termination_time: 659533.225
local_termination_time: 22989.232480000002
node_cons: 13503.10604336431
tot_aggregated_send: 9106
tot_msg_rcv: 221
tot_msg_sent: 584
tot_reconf_duration: 4.390000000000001
tot_sleeping_duration: 649453.2067599967
tot_uptimes: 169
tot_uptimes_duration: 10080.018240003206
