comms_cons: 91.26915201229032
finished_reconf: true
global_termination_time: 658077.236
local_termination_time: 299966.33236000006
node_cons: 13504.49394000001
tot_aggregated_send: 0
tot_msg_rcv: 7120
tot_msg_sent: 6753
tot_reconf_duration: 5.43
tot_sleeping_duration: 647997.236
tot_uptimes: 169
tot_uptimes_duration: 10080.0
