comms_cons: 154.1603711939922
finished_reconf: true
global_termination_time: 1560567.813
local_termination_time: 1157738.45536
node_cons: 32063.22406000014
tot_aggregated_send: 22504
tot_msg_rcv: 294
tot_msg_sent: 633
tot_reconf_duration: 5.57
tot_sleeping_duration: 1536627.813
tot_uptimes: 400
tot_uptimes_duration: 23940.0
