comms_cons: 215.46942718393618
finished_reconf: true
global_termination_time: 2132865.873
local_termination_time: 838300.1904799999
node_cons: 43950.13818223329
tot_aggregated_send: 29696
tot_msg_rcv: 1194
tot_msg_sent: 1861
tot_reconf_duration: 3.05
tot_sleeping_duration: 2100045.860840005
tot_uptimes: 547
tot_uptimes_duration: 32820.01215999527
