comms_cons: 239.38255359348335
finished_reconf: true
global_termination_time: 2386549.982
local_termination_time: 361873.219
node_cons: 49094.690223350124
tot_aggregated_send: 33404
tot_msg_rcv: 1107
tot_msg_sent: 1873
tot_reconf_duration: 5.1
tot_sleeping_duration: 2349889.9637600067
tot_uptimes: 612
tot_uptimes_duration: 36660.01823999314
