comms_cons: 375.9010494901931
finished_reconf: true
global_termination_time: 780337.4005999998
local_termination_time: 780337.3594799999
node_cons: 47184.17845376048
tot_aggregated_send: 0
tot_msg_rcv: 23123
tot_msg_sent: 34013
tot_reconf_duration: 24.59
tot_sleeping_duration: 745123.9687599991
tot_uptimes: 578
tot_uptimes_duration: 35213.43184000076
