comms_cons: 79.06882559731429
finished_reconf: true
global_termination_time: 784265.477
local_termination_time: 145733.01760000008
node_cons: 16074.540121121452
tot_aggregated_send: 10730
tot_msg_rcv: 420
tot_msg_sent: 868
tot_reconf_duration: 4.8100000000000005
tot_sleeping_duration: 772265.470919999
tot_uptimes: 201
tot_uptimes_duration: 12000.006080001069
