comms_cons: 14.488659199923788
finished_reconf: true
global_termination_time: 118831.827
local_termination_time: 36145.02836000002
node_cons: 2416.2023255980503
tot_aggregated_send: 1044
tot_msg_rcv: 457
tot_msg_sent: 701
tot_reconf_duration: 4.390000000000001
tot_sleeping_duration: 117031.79660000147
tot_uptimes: 31
tot_uptimes_duration: 1800.0303999985372
