comms_cons: 13.915635199900073
finished_reconf: true
global_termination_time: 118099.514
local_termination_time: 26239.387960000007
node_cons: 2414.3744644788894
tot_aggregated_send: 1160
tot_msg_rcv: 371
tot_msg_sent: 585
tot_reconf_duration: 3.05
tot_sleeping_duration: 116299.48968000083
tot_uptimes: 31
tot_uptimes_duration: 1800.0243199991673
