comms_cons: 13.967641599713007
finished_reconf: true
global_termination_time: 115772.5634799999
local_termination_time: 1652.9099200000014
node_cons: 2357.7481698390147
tot_aggregated_send: 928
tot_msg_rcv: 433
tot_msg_sent: 761
tot_reconf_duration: 5.43
tot_sleeping_duration: 114017.24292000063
tot_uptimes: 30
tot_uptimes_duration: 1755.3205599992652
