comms_cons: 163.88129279613977
finished_reconf: true
global_termination_time: 1652230.273
local_termination_time: 258948.20420000018
node_cons: 33991.38406000001
tot_aggregated_send: 23780
tot_msg_rcv: 380
tot_msg_sent: 749
tot_reconf_duration: 5.57
tot_sleeping_duration: 1626850.273
tot_uptimes: 424
tot_uptimes_duration: 25380.0
