comms_cons: 162.93644799467032
finished_reconf: true
global_termination_time: 1649871.87
local_termination_time: 678160.3826399982
node_cons: 33924.809624957605
tot_aggregated_send: 23838
tot_msg_rcv: 299
tot_msg_sent: 629
tot_reconf_duration: 13.17
tot_sleeping_duration: 1624549.2973600018
tot_uptimes: 423
tot_uptimes_duration: 25322.572639998165
