comms_cons: 162.57861119549784
finished_reconf: true
global_termination_time: 1650540.919
local_termination_time: 914066.1960799986
node_cons: 33914.46621999996
tot_aggregated_send: 24012
tot_msg_rcv: 242
tot_msg_sent: 457
tot_reconf_duration: 8.09
tot_sleeping_duration: 1625220.919
tot_uptimes: 423
tot_uptimes_duration: 25320.0
