comms_cons: 164.07208959473238
finished_reconf: true
global_termination_time: 1650888.431
local_termination_time: 239465.80040000036
node_cons: 33928.87460000002
tot_aggregated_send: 23606
tot_msg_rcv: 479
tot_msg_sent: 853
tot_reconf_duration: 18.700000000000003
tot_sleeping_duration: 1625568.431
tot_uptimes: 423
tot_uptimes_duration: 25320.0
