comms_cons: 166.28030078916433
finished_reconf: true
global_termination_time: 1651272.396
local_termination_time: 312673.149
node_cons: 33914.14026558877
tot_aggregated_send: 23080
tot_msg_rcv: 795
tot_msg_sent: 1399
tot_reconf_duration: 7.819999999999999
tot_sleeping_duration: 1625952.3656000083
tot_uptimes: 423
tot_uptimes_duration: 25320.030399991607
