comms_cons: 115.0501247935581
finished_reconf: true
global_termination_time: 1137845.992
local_termination_time: 410756.15836000006
node_cons: 23399.788002233734
tot_aggregated_send: 15544
tot_msg_rcv: 617
tot_msg_sent: 1326
tot_reconf_duration: 15.34
tot_sleeping_duration: 1120385.9798400048
tot_uptimes: 292
tot_uptimes_duration: 17460.01215999527
