comms_cons: 114.41416959317033
finished_reconf: true
global_termination_time: 1137478.252
local_termination_time: 402909.38536
node_cons: 23385.922787831627
tot_aggregated_send: 14906
tot_msg_rcv: 849
tot_msg_sent: 1637
tot_reconf_duration: 5.1
tot_sleeping_duration: 1120018.2094400064
tot_uptimes: 292
tot_uptimes_duration: 17460.042559993744
