comms_cons: 117.2742399892899
finished_reconf: true
global_termination_time: 1136772.929
local_termination_time: 514156.18540000037
node_cons: 23396.865565584176
tot_aggregated_send: 14964
tot_msg_rcv: 951
tot_msg_sent: 1910
tot_reconf_duration: 13.17
tot_sleeping_duration: 1119312.8986000118
tot_uptimes: 292
tot_uptimes_duration: 17460.030399988173
