comms_cons: 117.011071991854
finished_reconf: true
global_termination_time: 1137117.411
local_termination_time: 534074.7505999998
node_cons: 23396.12410446737
tot_aggregated_send: 15312
tot_msg_rcv: 913
tot_msg_sent: 1560
tot_reconf_duration: 12.629999999999999
tot_sleeping_duration: 1119657.3866800095
tot_uptimes: 292
tot_uptimes_duration: 17460.024319990538
