comms_cons: 117.09569919037251
finished_reconf: true
global_termination_time: 1139132.654
local_termination_time: 155451.5006000001
node_cons: 23385.512685593392
tot_aggregated_send: 14500
tot_msg_rcv: 1128
tot_msg_sent: 2171
tot_reconf_duration: 4.8100000000000005
tot_sleeping_duration: 1121672.6236000052
tot_uptimes: 292
tot_uptimes_duration: 17460.03039999504
