comms_cons: 286.44520960481555
finished_reconf: true
global_termination_time: 2860144.1834799997
local_termination_time: 2860144.1423599995
node_cons: 58878.065643188056
tot_aggregated_send: 40400
tot_msg_rcv: 1097
tot_msg_sent: 2040
tot_reconf_duration: 37.410000000000004
tot_sleeping_duration: 2816210.4546800074
tot_uptimes: 733
tot_uptimes_duration: 43933.72879999211
