comms_cons: 123.41983999511861
finished_reconf: true
global_termination_time: 1303037.082
local_termination_time: 6292.496
node_cons: 26761.232165597998
tot_aggregated_send: 16930
tot_msg_rcv: 678
tot_msg_sent: 1152
tot_reconf_duration: 5.87
tot_sleeping_duration: 1283057.0516000015
tot_uptimes: 334
tot_uptimes_duration: 19980.030399998475
