comms_cons: 57.09431040430968
finished_reconf: true
global_termination_time: 483046.566
local_termination_time: 266516.7633600001
node_cons: 9906.598026728625
tot_aggregated_send: 4176
tot_msg_rcv: 1814
tot_msg_sent: 2687
tot_reconf_duration: 18.21
tot_sleeping_duration: 475666.5295199936
tot_uptimes: 124
tot_uptimes_duration: 7380.036480006413
