comms_cons: 47.5347200003168
finished_reconf: true
global_termination_time: 481458.57500000094
local_termination_time: 481458.57500000094
node_cons: 9999.658594001263
tot_aggregated_send: 7004
tot_msg_rcv: 52
tot_msg_sent: 168
tot_reconf_duration: 24.59
tot_sleeping_duration: 474015.509
tot_uptimes: 124
tot_uptimes_duration: 7443.066000000923
