comms_cons: 48.38406400106045
finished_reconf: true
global_termination_time: 481459.00324000017
local_termination_time: 179170.60260000007
node_cons: 9931.622279360205
tot_aggregated_send: 6496
tot_msg_rcv: 292
tot_msg_sent: 567
tot_reconf_duration: 22.65
tot_sleeping_duration: 474064.781
tot_uptimes: 124
tot_uptimes_duration: 7394.222240000148
