comms_cons: 2.18429439999602
finished_reconf: true
global_termination_time: 15205.707480000001
local_termination_time: 15205.666360000001
node_cons: 292.77165984000686
tot_aggregated_send: 0
tot_msg_rcv: 163
tot_msg_sent: 168
tot_reconf_duration: 24.59
tot_sleeping_duration: 15011.996919999996
tot_uptimes: 4
tot_uptimes_duration: 193.710560000005
