comms_cons: 915.4183570851352
finished_reconf: true
global_termination_time: 4644683.801
local_termination_time: 2516649.9516000003
node_cons: 95555.04312334802
tot_aggregated_send: 0
tot_msg_rcv: 70191
tot_msg_sent: 68947
tot_reconf_duration: 22.65
tot_sleeping_duration: 4573343.782760007
tot_uptimes: 1190
tot_uptimes_duration: 71340.01823999314
