comms_cons: 468.9976257031
finished_reconf: true
global_termination_time: 4642070.862
local_termination_time: 1044314.27536
node_cons: 95452.42374781653
tot_aggregated_send: 64670
tot_msg_rcv: 2375
tot_msg_sent: 4239
tot_reconf_duration: 6.22
tot_sleeping_duration: 4570790.819440016
tot_uptimes: 1189
tot_uptimes_duration: 71280.04255998437
