comms_cons: 324.7953663932006
finished_reconf: true
global_termination_time: 3338205.795
local_termination_time: 1856068.19336
node_cons: 68618.91266334902
tot_aggregated_send: 45182
tot_msg_rcv: 1351
tot_msg_sent: 2835
tot_reconf_duration: 6.279999999999999
tot_sleeping_duration: 3286965.7767600073
tot_uptimes: 855
tot_uptimes_duration: 51240.018239992874
