comms_cons: 333.12503043021576
finished_reconf: true
global_termination_time: 3336410.816
local_termination_time: 778077.4865199982
node_cons: 68614.55074670019
tot_aggregated_send: 46458
tot_msg_rcv: 1405
tot_msg_sent: 2771
tot_reconf_duration: 3.05
tot_sleeping_duration: 3285170.779520014
tot_uptimes: 855
tot_uptimes_duration: 51240.03647998627
