comms_cons: 673.3486145961065
finished_reconf: true
global_termination_time: 6678070.767239994
local_termination_time: 27440.191520000004
node_cons: 137451.65368027007
tot_aggregated_send: 92568
tot_msg_rcv: 3227
tot_msg_sent: 6549
tot_reconf_duration: 18.21
tot_sleeping_duration: 6575436.768360028
tot_uptimes: 1711
tot_uptimes_duration: 102633.99887996606
