comms_cons: 1123.3303260115351
finished_reconf: true
global_termination_time: 6683721.564
local_termination_time: 2538538.64184
node_cons: 137468.7390700493
tot_aggregated_send: 0
tot_msg_rcv: 86182
tot_msg_sent: 84555
tot_reconf_duration: 5.1
tot_sleeping_duration: 6581061.509280019
tot_uptimes: 1712
tot_uptimes_duration: 102660.05471998034
