comms_cons: 665.4156609298193
finished_reconf: true
global_termination_time: 6678627.605
local_termination_time: 2628736.8517999984
node_cons: 137425.64907501228
tot_aggregated_send: 93496
tot_msg_rcv: 2591
tot_msg_sent: 5051
tot_reconf_duration: 25.299999999999997
tot_sleeping_duration: 6576020.217640017
tot_uptimes: 1711
tot_uptimes_duration: 102607.38735998282
