comms_cons: 668.2940801386871
finished_reconf: true
global_termination_time: 6678289.908
local_termination_time: 279341.38700000005
node_cons: 137416.5155917172
tot_aggregated_send: 93378
tot_msg_rcv: 2628
tot_msg_sent: 5570
tot_reconf_duration: 22.65
tot_sleeping_duration: 6575686.654160028
tot_uptimes: 1711
tot_uptimes_duration: 102603.25383997138
