comms_cons: 665.5383681110717
finished_reconf: true
global_termination_time: 6680838.443
local_termination_time: 1495263.8943599998
node_cons: 137389.94445339995
tot_aggregated_send: 93670
tot_msg_rcv: 2604
tot_msg_sent: 4886
tot_reconf_duration: 6.22
tot_sleeping_duration: 6578238.3700400265
tot_uptimes: 1711
tot_uptimes_duration: 102600.07295997348
