comms_cons: 662.6736961204551
finished_reconf: true
global_termination_time: 6679861.043
local_termination_time: 1793896.95336
node_cons: 137388.86349228307
tot_aggregated_send: 92916
tot_msg_rcv: 2494
tot_msg_sent: 5313
tot_reconf_duration: 5.43
tot_sleeping_duration: 6577260.976120023
tot_uptimes: 1711
tot_uptimes_duration: 102600.06687997584
