comms_cons: 178.09236479173194
finished_reconf: true
global_termination_time: 1812982.963
local_termination_time: 1204010.253119999
node_cons: 37288.40398335504
tot_aggregated_send: 25230
tot_msg_rcv: 587
tot_msg_sent: 1252
tot_reconf_duration: 7.819999999999999
tot_sleeping_duration: 1785142.9447600036
tot_uptimes: 465
tot_uptimes_duration: 27840.018239996338
