comms_cons: 180.5047615886423
finished_reconf: true
global_termination_time: 1814811.829
local_termination_time: 944150.6917999984
node_cons: 37302.846639431285
tot_aggregated_send: 24998
tot_msg_rcv: 882
tot_msg_sent: 1557
tot_reconf_duration: 18.21
tot_sleeping_duration: 1786971.5620400063
tot_uptimes: 465
tot_uptimes_duration: 27840.26695999364
