comms_cons: 178.349580791226
finished_reconf: true
global_termination_time: 1812833.729
local_termination_time: 1118268.8484799988
node_cons: 37283.72161999972
tot_aggregated_send: 25230
tot_msg_rcv: 600
tot_msg_sent: 1279
tot_reconf_duration: 4.390000000000001
tot_sleeping_duration: 1784993.729
tot_uptimes: 465
tot_uptimes_duration: 27840.0
