comms_cons: 134.83991039355095
finished_reconf: true
global_termination_time: 602777.1754399996
local_termination_time: 602777.1754399996
node_cons: 12451.669768654543
tot_aggregated_send: 0
tot_msg_rcv: 11482
tot_msg_sent: 9023
tot_reconf_duration: 37.410000000000004
tot_sleeping_duration: 593515.8856799888
tot_uptimes: 155
tot_uptimes_duration: 9261.289760010848
