comms_cons: 174.8625791941316
finished_reconf: true
global_termination_time: 602777.7654399996
local_termination_time: 1123.6474800000024
node_cons: 24372.554961159516
tot_aggregated_send: 0
tot_msg_rcv: 9007
tot_msg_sent: 17569
tot_reconf_duration: 5.57
tot_sleeping_duration: 584581.357
tot_uptimes: 299
tot_uptimes_duration: 18196.408439999614
