comms_cons: 59.29237760003117
finished_reconf: true
global_termination_time: 606027.301
local_termination_time: 287017.87799999997
node_cons: 12491.761933681171
tot_aggregated_send: 8872
tot_msg_rcv: 29
tot_msg_sent: 111
tot_reconf_duration: 18.700000000000003
tot_sleeping_duration: 596717.093879999
tot_uptimes: 156
tot_uptimes_duration: 9310.207120000909
