comms_cons: 59.2194623991099
finished_reconf: true
global_termination_time: 604379.963
local_termination_time: 109651.3656399995
node_cons: 12387.710426080757
tot_aggregated_send: 8758
tot_msg_rcv: 78
tot_msg_sent: 164
tot_reconf_duration: 10.95
tot_sleeping_duration: 595139.6042799994
tot_uptimes: 155
tot_uptimes_duration: 9240.358720000557
