comms_cons: 16.948019199926623
finished_reconf: true
global_termination_time: 172234.423
local_termination_time: 82208.77787999975
node_cons: 3559.6891800000108
tot_aggregated_send: 2494
tot_msg_rcv: 41
tot_msg_sent: 41
tot_reconf_duration: 18.21
tot_sleeping_duration: 169594.423
tot_uptimes: 45
tot_uptimes_duration: 2640.0
