comms_cons: 15.77034239995563
finished_reconf: true
global_termination_time: 12306.030240000004
local_termination_time: 307.23603999999943
node_cons: 2179.753914720022
tot_aggregated_send: 0
tot_msg_rcv: 1181
tot_msg_sent: 1215
tot_reconf_duration: 18.21
tot_sleeping_duration: 10696.601759999987
tot_uptimes: 26
tot_uptimes_duration: 1609.4284800000166
