comms_cons: 50.71310080048997
finished_reconf: true
global_termination_time: 502970.839
local_termination_time: 274567.2714800001
node_cons: 10314.294982242907
tot_aggregated_send: 6902
tot_msg_rcv: 299
tot_msg_sent: 508
tot_reconf_duration: 22.65
tot_sleeping_duration: 495290.82683999784
tot_uptimes: 129
tot_uptimes_duration: 7680.0121600021375
