comms_cons: 51.35672320073762
finished_reconf: true
global_termination_time: 502560.046
local_termination_time: 123227.27435999998
node_cons: 10298.887121121461
tot_aggregated_send: 6786
tot_msg_rcv: 388
tot_msg_sent: 632
tot_reconf_duration: 11.31
tot_sleeping_duration: 494880.0399199989
tot_uptimes: 129
tot_uptimes_duration: 7680.006080001069
