comms_cons: 66.84780799676538
finished_reconf: true
global_termination_time: 643486.9242399989
local_termination_time: 643486.883119999
node_cons: 13259.915566956544
tot_aggregated_send: 8222
tot_msg_rcv: 615
tot_msg_sent: 1326
tot_reconf_duration: 24.59
tot_sleeping_duration: 633609.0136000016
tot_uptimes: 165
tot_uptimes_duration: 9877.910639997397
