comms_cons: 64.56231679907259
finished_reconf: true
global_termination_time: 647049.278
local_termination_time: 281669.00968000025
node_cons: 13263.67220112146
tot_aggregated_send: 9048
tot_msg_rcv: 244
tot_msg_sent: 522
tot_reconf_duration: 5.57
tot_sleeping_duration: 637149.2719199989
tot_uptimes: 166
tot_uptimes_duration: 9900.006080001069
