comms_cons: 534.2551871709685
finished_reconf: true
global_termination_time: 743147.852
local_termination_time: 229608.29248000006
node_cons: 73609.84523775759
tot_aggregated_send: 0
tot_msg_rcv: 36808
tot_msg_sent: 44395
tot_reconf_duration: 15.34
tot_sleeping_duration: 688189.6641600006
tot_uptimes: 891
tot_uptimes_duration: 54958.18783999933
