comms_cons: 75.9437055985767
finished_reconf: true
global_termination_time: 745043.856
local_termination_time: 474457.2894800001
node_cons: 15272.16406000003
tot_aggregated_send: 10150
tot_msg_rcv: 526
tot_msg_sent: 867
tot_reconf_duration: 5.57
tot_sleeping_duration: 733643.856
tot_uptimes: 191
tot_uptimes_duration: 11400.0
