comms_cons: 74.48312319942566
finished_reconf: true
global_termination_time: 742747.282
local_termination_time: 564414.9478399998
node_cons: 15271.131980000098
tot_aggregated_send: 10324
tot_msg_rcv: 302
tot_msg_sent: 694
tot_reconf_duration: 4.8100000000000005
tot_sleeping_duration: 731347.282
tot_uptimes: 191
tot_uptimes_duration: 11400.0
