comms_cons: 73.47650560040476
finished_reconf: true
global_termination_time: 745518.22
local_termination_time: 580356.7303599999
node_cons: 15273.054901121572
tot_aggregated_send: 9860
tot_msg_rcv: 381
tot_msg_sent: 927
tot_reconf_duration: 6.22
tot_sleeping_duration: 734118.213919999
tot_uptimes: 191
tot_uptimes_duration: 11400.006080001069
