comms_cons: 767.1143681286885
finished_reconf: true
global_termination_time: 7809187.472
local_termination_time: 2657019.183639998
node_cons: 160621.0466127715
tot_aggregated_send: 108344
tot_msg_rcv: 2660
tot_msg_sent: 5594
tot_reconf_duration: 13.17
tot_sleeping_duration: 7689244.856800017
tot_uptimes: 2000
tot_uptimes_duration: 119942.61519998289
