comms_cons: 765.8267137324489
finished_reconf: true
global_termination_time: 7809225.654
local_termination_time: 3232471.63336
node_cons: 160610.71134893116
tot_aggregated_send: 108576
tot_msg_rcv: 2682
tot_msg_sent: 5144
tot_reconf_duration: 8.09
tot_sleeping_duration: 7689285.605360017
tot_uptimes: 2000
tot_uptimes_duration: 119940.04863998274
