comms_cons: 761.6226049283052
finished_reconf: true
global_termination_time: 7807908.812
local_termination_time: 4011856.914
node_cons: 160642.96870606343
tot_aggregated_send: 108922
tot_msg_rcv: 2369
tot_msg_sent: 4472
tot_reconf_duration: 18.700000000000003
tot_sleeping_duration: 7687955.433280009
tot_uptimes: 2000
tot_uptimes_duration: 119953.37871999154
