comms_cons: 763.1981313213421
finished_reconf: true
global_termination_time: 7813219.532
local_termination_time: 4899306.04636
node_cons: 160694.88638222904
tot_aggregated_send: 107300
tot_msg_rcv: 3061
tot_msg_sent: 5641
tot_reconf_duration: 10.95
tot_sleeping_duration: 7693219.519840004
tot_uptimes: 2001
tot_uptimes_duration: 120000.01215999573
