comms_cons: 275.2474112059408
finished_reconf: true
global_termination_time: 2782043.996
local_termination_time: 1954326.898759999
node_cons: 57219.964859998894
tot_aggregated_send: 40136
tot_msg_rcv: 552
tot_msg_sent: 1148
tot_reconf_duration: 13.17
tot_sleeping_duration: 2739323.996
tot_uptimes: 713
tot_uptimes_duration: 42720.0
