comms_cons: 283.9965312126493
finished_reconf: true
global_termination_time: 2780617.628
local_termination_time: 1700614.9607999995
node_cons: 57212.78911229074
tot_aggregated_send: 37874
tot_msg_rcv: 1861
tot_msg_sent: 3430
tot_reconf_duration: 7.819999999999999
tot_sleeping_duration: 2737897.561120021
tot_uptimes: 713
tot_uptimes_duration: 42720.06687997881
