comms_cons: 284.8101632183309
finished_reconf: true
global_termination_time: 2779478.339239997
local_termination_time: 73774.78047999997
node_cons: 57157.61856580228
tot_aggregated_send: 36946
tot_msg_rcv: 2090
tot_msg_sent: 4253
tot_reconf_duration: 11.31
tot_sleeping_duration: 2736803.0146800242
tot_uptimes: 712
tot_uptimes_duration: 42675.32455997256
