comms_cons: 282.0839423983181
finished_reconf: true
global_termination_time: 2782776.652
local_termination_time: 1337151.5553599999
node_cons: 57223.001272285226
tot_aggregated_send: 37642
tot_msg_rcv: 1717
tot_msg_sent: 3515
tot_reconf_duration: 15.34
tot_sleeping_duration: 2740056.585120025
tot_uptimes: 713
tot_uptimes_duration: 42720.06687997468
