comms_cons: 111.81996799575542
finished_reconf: true
global_termination_time: 1131405.474
local_termination_time: 567319.9014799998
node_cons: 23222.44263999998
tot_aggregated_send: 16298
tot_msg_rcv: 235
tot_msg_sent: 462
tot_reconf_duration: 3.08
tot_sleeping_duration: 1114065.474
tot_uptimes: 290
tot_uptimes_duration: 17340.0
