comms_cons: 113.96490239338802
finished_reconf: true
global_termination_time: 1130709.357
local_termination_time: 494940.13436
node_cons: 23238.779380000018
tot_aggregated_send: 15834
tot_msg_rcv: 574
tot_msg_sent: 914
tot_reconf_duration: 15.110000000000001
tot_sleeping_duration: 1113369.357
tot_uptimes: 290
tot_uptimes_duration: 17340.0
