comms_cons: 111.96214399742408
finished_reconf: true
global_termination_time: 1132585.195
local_termination_time: 641451.0352399988
node_cons: 23323.994599999973
tot_aggregated_send: 16356
tot_msg_rcv: 214
tot_msg_sent: 447
tot_reconf_duration: 18.700000000000003
tot_sleeping_duration: 1115185.195
tot_uptimes: 291
tot_uptimes_duration: 17400.0
