comms_cons: 115.03418238984011
finished_reconf: true
global_termination_time: 1133324.773
local_termination_time: 472062.739
node_cons: 23302.790746701092
tot_aggregated_send: 15482
tot_msg_rcv: 657
tot_msg_sent: 1345
tot_reconf_duration: 3.05
tot_sleeping_duration: 1115924.7365200142
tot_uptimes: 291
tot_uptimes_duration: 17400.036479985807
