comms_cons: 115.51192959019272
finished_reconf: true
global_termination_time: 1132043.474
local_termination_time: 243161.11436000007
node_cons: 23226.739324467366
tot_aggregated_send: 15254
tot_msg_rcv: 791
tot_msg_sent: 1514
tot_reconf_duration: 6.22
tot_sleeping_duration: 1114703.4496800094
tot_uptimes: 290
tot_uptimes_duration: 17340.024319990538
