comms_cons: 306.20890881795947
finished_reconf: true
global_termination_time: 3009842.469
local_termination_time: 310597.8121600004
node_cons: 61866.03145229907
tot_aggregated_send: 40832
tot_msg_rcv: 2094
tot_msg_sent: 3615
tot_reconf_duration: 3.05
tot_sleeping_duration: 2963642.4021200147
tot_uptimes: 771
tot_uptimes_duration: 46200.066879985214
