comms_cons: 2.2961407999924126
finished_reconf: true
global_termination_time: 15180.498
local_termination_time: 6843.260359999999
node_cons: 246.98161999999923
tot_aggregated_send: 0
tot_msg_rcv: 179
tot_msg_sent: 170
tot_reconf_duration: 4.390000000000001
tot_sleeping_duration: 15000.498
tot_uptimes: 4
tot_uptimes_duration: 180.0
