comms_cons: 0.7895040000017604
finished_reconf: true
global_termination_time: 6829.079
local_termination_time: 1100.6113600000003
node_cons: 87.71394000000008
tot_aggregated_send: 0
tot_msg_rcv: 65
tot_msg_sent: 54
tot_reconf_duration: 5.43
tot_sleeping_duration: 6769.079
tot_uptimes: 2
tot_uptimes_duration: 60.0
