comms_cons: 131.89283198570087
finished_reconf: true
global_termination_time: 1298154.684
local_termination_time: 400999.18
node_cons: 26683.947631168397
tot_aggregated_send: 17160
tot_msg_rcv: 873
tot_msg_sent: 2014
tot_reconf_duration: 8.09
tot_sleeping_duration: 1278234.6232000235
tot_uptimes: 333
tot_uptimes_duration: 19920.060799976345
