comms_cons: 129.95748479375908
finished_reconf: true
global_termination_time: 1299027.692
local_termination_time: 401576.132
node_cons: 26692.707144635024
tot_aggregated_send: 18152
tot_msg_rcv: 497
tot_msg_sent: 1102
tot_reconf_duration: 9.42
tot_sleeping_duration: 1279102.4382400038
tot_uptimes: 333
tot_uptimes_duration: 19925.253759996267
