comms_cons: 129.86087679634454
finished_reconf: true
global_termination_time: 1297797.94
local_termination_time: 778599.19448
node_cons: 26679.411980000117
tot_aggregated_send: 18038
tot_msg_rcv: 597
tot_msg_sent: 1103
tot_reconf_duration: 4.8100000000000005
tot_sleeping_duration: 1277877.94
tot_uptimes: 333
tot_uptimes_duration: 19920.0
