comms_cons: 129.97209599366
finished_reconf: true
global_termination_time: 1297237.993
local_termination_time: 987501.7744799999
node_cons: 26678.849761116897
tot_aggregated_send: 17980
tot_msg_rcv: 615
tot_msg_sent: 1160
tot_reconf_duration: 4.390000000000001
tot_sleeping_duration: 1277317.9869200024
tot_uptimes: 333
tot_uptimes_duration: 19920.006079997635
