comms_cons: 130.24142079097942
finished_reconf: true
global_termination_time: 1296794.086
local_termination_time: 348300.2404800001
node_cons: 26683.572830060737
tot_aggregated_send: 17632
tot_msg_rcv: 763
tot_msg_sent: 1402
tot_reconf_duration: 7.819999999999999
tot_sleeping_duration: 1276874.0312800144
tot_uptimes: 333
tot_uptimes_duration: 19920.05471998558
