comms_cons: 134.45715838160564
finished_reconf: true
global_termination_time: 1295850.892
local_termination_time: 371686.62136000046
node_cons: 26601.09473692009
tot_aggregated_send: 16066
tot_msg_rcv: 1398
tot_msg_sent: 2974
tot_reconf_duration: 6.22
tot_sleeping_duration: 1275990.8113600297
tot_uptimes: 332
tot_uptimes_duration: 19860.080639970198
