comms_cons: 363.34289926619425
finished_reconf: true
global_termination_time: 3595541.764
local_termination_time: 1256166.980239998
node_cons: 73926.79491117476
tot_aggregated_send: 49764
tot_msg_rcv: 1861
tot_msg_sent: 3601
tot_reconf_duration: 7.819999999999999
tot_sleeping_duration: 3540339.2432000176
tot_uptimes: 921
tot_uptimes_duration: 55202.52079998236
