comms_cons: 361.3631872369174
finished_reconf: true
global_termination_time: 3595263.864
local_termination_time: 697777.969639998
node_cons: 73940.05538500838
tot_aggregated_send: 50344
tot_msg_rcv: 1564
tot_msg_sent: 3017
tot_reconf_duration: 15.34
tot_sleeping_duration: 3540059.0666400227
tot_uptimes: 921
tot_uptimes_duration: 55204.7973599777
