comms_cons: 349.89014399717394
finished_reconf: true
global_termination_time: 3550881.252
local_termination_time: 1645401.3931999987
node_cons: 73037.60452223232
tot_aggregated_send: 50228
tot_msg_rcv: 964
tot_msg_sent: 1990
tot_reconf_duration: 6.279999999999999
tot_sleeping_duration: 3496341.2398400046
tot_uptimes: 910
tot_uptimes_duration: 54540.0121599955
