comms_cons: 355.8728000389914
finished_reconf: true
global_termination_time: 3547680.234
local_termination_time: 602976.1903599999
node_cons: 72965.94481005076
tot_aggregated_send: 48604
tot_msg_rcv: 1826
tot_msg_sent: 3660
tot_reconf_duration: 12.629999999999999
tot_sleeping_duration: 3493200.1792800208
tot_uptimes: 909
tot_uptimes_duration: 54480.05471997941
