comms_cons: 357.48476803911717
finished_reconf: true
global_termination_time: 3548632.101
local_termination_time: 13693.137680000003
node_cons: 72963.67965228933
tot_aggregated_send: 48778
tot_msg_rcv: 1952
tot_msg_sent: 3604
tot_reconf_duration: 10.95
tot_sleeping_duration: 3494152.0341200214
tot_uptimes: 909
tot_uptimes_duration: 54480.066879978345
