comms_cons: 698.6998153182342
finished_reconf: true
global_termination_time: 3548907.711
local_termination_time: 896.3463599999999
node_cons: 72964.90462334912
tot_aggregated_send: 0
tot_msg_rcv: 53528
tot_msg_sent: 52668
tot_reconf_duration: 11.899999999999999
tot_sleeping_duration: 3494427.692760007
tot_uptimes: 909
tot_uptimes_duration: 54480.01823999314
