comms_cons: 350.57970561697533
finished_reconf: true
global_termination_time: 3549043.572
local_termination_time: 1596269.4203599999
node_cons: 72956.11836334904
tot_aggregated_send: 49184
tot_msg_rcv: 1371
tot_msg_sent: 2730
tot_reconf_duration: 5.43
tot_sleeping_duration: 3494563.553760007
tot_uptimes: 909
tot_uptimes_duration: 54480.01823999314
