comms_cons: 715.9419133525495
finished_reconf: true
global_termination_time: 1064268.757
local_termination_time: 563326.439879999
node_cons: 106334.58731797419
tot_aggregated_send: 0
tot_msg_rcv: 49267
tot_msg_sent: 59553
tot_reconf_duration: 5.57
tot_sleeping_duration: 984860.972640047
tot_uptimes: 1277
tot_uptimes_duration: 79407.78435995296
