comms_cons: 105.37904639247697
finished_reconf: true
global_termination_time: 1069389.391
local_termination_time: 566633.055639998
node_cons: 21945.23208558417
tot_aggregated_send: 14036
tot_msg_rcv: 704
tot_msg_sent: 1277
tot_reconf_duration: 9.11
tot_sleeping_duration: 1053009.360600012
tot_uptimes: 274
tot_uptimes_duration: 16380.030399988173
