comms_cons: 104.99543039574944
finished_reconf: true
global_termination_time: 1064943.176
local_termination_time: 748041.2403599999
node_cons: 21869.647822233725
tot_aggregated_send: 13804
tot_msg_rcv: 720
tot_msg_sent: 1435
tot_reconf_duration: 12.629999999999999
tot_sleeping_duration: 1048623.1638400047
tot_uptimes: 273
tot_uptimes_duration: 16320.012159995284
