comms_cons: 105.86841599543534
finished_reconf: true
global_termination_time: 1064557.919
local_termination_time: 620089.2764799998
node_cons: 21859.878363350443
tot_aggregated_send: 14732
tot_msg_rcv: 470
tot_msg_sent: 889
tot_reconf_duration: 5.43
tot_sleeping_duration: 1048237.9007600071
tot_uptimes: 273
tot_uptimes_duration: 16320.018239992904
