comms_cons: 1404.2798174090883
finished_reconf: true
global_termination_time: 4815925.381
local_termination_time: 2571215.8934799996
node_cons: 196715.1411588262
tot_aggregated_send: 0
tot_msg_rcv: 71501
tot_msg_sent: 141942
tot_reconf_duration: 18.21
tot_sleeping_duration: 4669031.869440005
tot_uptimes: 2427
tot_uptimes_duration: 146893.5115599949
