comms_cons: 489.2284417265473
finished_reconf: true
global_termination_time: 4817527.351
local_termination_time: 99616.60235999996
node_cons: 99066.8980356442
tot_aggregated_send: 65830
tot_msg_rcv: 2834
tot_msg_sent: 5695
tot_reconf_duration: 5.57
tot_sleeping_duration: 4743547.265880025
tot_uptimes: 1234
tot_uptimes_duration: 73980.08511997538
