comms_cons: 307.2742720113929
finished_reconf: true
global_termination_time: 3102322.5001199977
local_termination_time: 3102322.5001199977
node_cons: 63909.22232591365
tot_aggregated_send: 44762
tot_msg_rcv: 609
tot_msg_sent: 1333
tot_reconf_duration: 24.59
tot_sleeping_duration: 3054618.3708400014
tot_uptimes: 795
tot_uptimes_duration: 47704.12927999644
