comms_cons: 311.4542464234422
finished_reconf: true
global_termination_time: 3102322.999239997
local_termination_time: 24358.056
node_cons: 63833.79788830295
tot_aggregated_send: 42324
tot_msg_rcv: 1520
tot_msg_sent: 3494
tot_reconf_duration: 18.21
tot_sleeping_duration: 3054668.728360009
tot_uptimes: 795
tot_uptimes_duration: 47654.27087998823
