comms_cons: 308.5525119871779
finished_reconf: true
global_termination_time: 3105025.499
local_termination_time: 2566118.3893599994
node_cons: 63878.754901115186
tot_aggregated_send: 43094
tot_msg_rcv: 1235
tot_msg_sent: 2569
tot_reconf_duration: 6.22
tot_sleeping_duration: 3057325.492920002
tot_uptimes: 796
tot_uptimes_duration: 47700.006079997635
