comms_cons: 94.77995519435903
finished_reconf: true
global_termination_time: 920346.556
local_termination_time: 517389.17980000074
node_cons: 18924.1246516729
tot_aggregated_send: 12180
tot_msg_rcv: 788
tot_msg_sent: 1438
tot_reconf_duration: 25.299999999999997
tot_sleeping_duration: 906239.1868800053
tot_uptimes: 236
tot_uptimes_duration: 14107.369119994692
