comms_cons: 91.42373759857686
finished_reconf: true
global_termination_time: 921668.88
local_termination_time: 214020.03036000003
node_cons: 18975.110100000005
tot_aggregated_send: 12586
tot_msg_rcv: 385
tot_msg_sent: 924
tot_reconf_duration: 10.95
tot_sleeping_duration: 907508.88
tot_uptimes: 237
tot_uptimes_duration: 14160.0
