comms_cons: 95.18388479281585
finished_reconf: true
global_termination_time: 922161.128
local_termination_time: 85541.44535999997
node_cons: 18970.92468895081
tot_aggregated_send: 11832
tot_msg_rcv: 888
tot_msg_sent: 1747
tot_reconf_duration: 7.819999999999999
tot_sleeping_duration: 908001.079360007
tot_uptimes: 237
tot_uptimes_duration: 14160.04863999311
