comms_cons: 360.38406402686576
finished_reconf: true
global_termination_time: 3642691.177
local_termination_time: 1337503.7839999981
node_cons: 74888.07629404786
tot_aggregated_send: 50054
tot_msg_rcv: 1475
tot_msg_sent: 3247
tot_reconf_duration: 7.819999999999999
tot_sleeping_duration: 3586770.746280023
tot_uptimes: 933
tot_uptimes_duration: 55920.430719977245
