comms_cons: 365.82325764451997
finished_reconf: true
global_termination_time: 3640551.732
local_termination_time: 924643.470759999
node_cons: 74897.78499005095
tot_aggregated_send: 49300
tot_msg_rcv: 2126
tot_msg_sent: 4177
tot_reconf_duration: 15.34
tot_sleeping_duration: 3584631.6772800204
tot_uptimes: 933
tot_uptimes_duration: 55920.05471997964
