comms_cons: 101.34004479394179
finished_reconf: true
global_termination_time: 994096.685
local_termination_time: 381249.7239200003
node_cons: 20437.14312335056
tot_aggregated_send: 13224
tot_msg_rcv: 688
tot_msg_sent: 1492
tot_reconf_duration: 22.65
tot_sleeping_duration: 978856.6667600072
tot_uptimes: 255
tot_uptimes_duration: 15240.018239992904
