comms_cons: 99.15575039638603
finished_reconf: true
global_termination_time: 991563.62
local_termination_time: 283747.24664000084
node_cons: 20334.49118335049
tot_aggregated_send: 13920
tot_msg_rcv: 398
tot_msg_sent: 754
tot_reconf_duration: 6.22
tot_sleeping_duration: 976383.6017600071
tot_uptimes: 254
tot_uptimes_duration: 15180.018239992904
