comms_cons: 75.48378879850378
finished_reconf: true
global_termination_time: 731401.046
local_termination_time: 163259.8004800001
node_cons: 15057.98624672863
tot_aggregated_send: 9396
tot_msg_rcv: 644
tot_msg_sent: 1434
tot_reconf_duration: 25.299999999999997
tot_sleeping_duration: 720181.0095199936
tot_uptimes: 188
tot_uptimes_duration: 11220.036480006413
