comms_cons: 75.68116479703563
finished_reconf: true
global_termination_time: 730609.66324
local_termination_time: 104263.58823999972
node_cons: 15059.416360569801
tot_aggregated_send: 9454
tot_msg_rcv: 670
tot_msg_sent: 1378
tot_reconf_duration: 11.31
tot_sleeping_duration: 719374.3701999928
tot_uptimes: 188
tot_uptimes_duration: 11235.293040007295
