comms_cons: 75.27228159741968
finished_reconf: true
global_termination_time: 732729.546
local_termination_time: 87559.21135999997
node_cons: 15030.994645607187
tot_aggregated_send: 9860
tot_msg_rcv: 591
tot_msg_sent: 990
tot_reconf_duration: 5.43
tot_sleeping_duration: 721509.5155999946
tot_uptimes: 188
tot_uptimes_duration: 11220.030400005344
