comms_cons: 160.95555834621283
finished_reconf: true
global_termination_time: 819581.839
local_termination_time: 271377.416
node_cons: 16836.001388000917
tot_aggregated_send: 0
tot_msg_rcv: 12347
tot_msg_sent: 12118
tot_reconf_duration: 22.65
tot_sleeping_duration: 807031.2469999994
tot_uptimes: 210
tot_uptimes_duration: 12550.592000000644
