comms_cons: 82.52290559981101
finished_reconf: true
global_termination_time: 822570.935
local_termination_time: 153858.5299200003
node_cons: 16877.980826724008
tot_aggregated_send: 11136
tot_msg_rcv: 470
tot_msg_sent: 937
tot_reconf_duration: 4.8100000000000005
tot_sleeping_duration: 809970.898519997
tot_uptimes: 211
tot_uptimes_duration: 12600.036480002978
