comms_cons: 82.02288639800696
finished_reconf: true
global_termination_time: 819261.745
local_termination_time: 210521.82636000006
node_cons: 16797.037902238306
tot_aggregated_send: 11136
tot_msg_rcv: 416
tot_msg_sent: 915
tot_reconf_duration: 4.390000000000001
tot_sleeping_duration: 806721.7328400014
tot_uptimes: 210
tot_uptimes_duration: 12540.012159998703
