comms_cons: 162.1461183452631
finished_reconf: true
global_termination_time: 819057.691
local_termination_time: 268955.2326000001
node_cons: 16795.210041121518
tot_aggregated_send: 0
tot_msg_rcv: 12520
tot_msg_sent: 12127
tot_reconf_duration: 3.05
tot_sleeping_duration: 806517.684919999
tot_uptimes: 210
tot_uptimes_duration: 12540.006080001069
