comms_cons: 82.64791039939594
finished_reconf: true
global_termination_time: 817503.809
local_termination_time: 153851.17899999997
node_cons: 16799.55560672861
tot_aggregated_send: 11020
tot_msg_rcv: 435
tot_msg_sent: 1107
tot_reconf_duration: 6.22
tot_sleeping_duration: 804963.7725199936
tot_uptimes: 210
tot_uptimes_duration: 12540.036480006413
