comms_cons: 138.18775679284698
finished_reconf: true
global_termination_time: 1393274.11324
local_termination_time: 47050.2283600001
node_cons: 28644.82090047692
tot_aggregated_send: 19662
tot_msg_rcv: 479
tot_msg_sent: 861
tot_reconf_duration: 18.21
tot_sleeping_duration: 1371899.8849200024
tot_uptimes: 357
tot_uptimes_duration: 21374.228319997666
