comms_cons: 243.3119742480063
finished_reconf: true
global_termination_time: 1394628.914
local_termination_time: 627953.6444799999
node_cons: 28687.928262233785
tot_aggregated_send: 0
tot_msg_rcv: 18650
tot_msg_sent: 18332
tot_reconf_duration: 4.8100000000000005
tot_sleeping_duration: 1373208.9018400048
tot_uptimes: 358
tot_uptimes_duration: 21420.01215999527
