comms_cons: 138.72901119617717
finished_reconf: true
global_termination_time: 1395912.291
local_termination_time: 721534.787239999
node_cons: 28692.007701116978
tot_aggregated_send: 19198
tot_msg_rcv: 728
tot_msg_sent: 1160
tot_reconf_duration: 7.819999999999999
tot_sleeping_duration: 1374492.2849200023
tot_uptimes: 358
tot_uptimes_duration: 21420.00607999764
