comms_cons: 137.30903679683644
finished_reconf: true
global_termination_time: 1397476.77
local_termination_time: 767217.2588799992
node_cons: 28689.826760000164
tot_aggregated_send: 19198
tot_msg_rcv: 627
tot_msg_sent: 1044
tot_reconf_duration: 6.22
tot_sleeping_duration: 1376056.77
tot_uptimes: 358
tot_uptimes_duration: 21420.0
