comms_cons: 301.19747841169004
finished_reconf: true
global_termination_time: 3016937.023
local_termination_time: 1295477.4309599996
node_cons: 62040.364859998685
tot_aggregated_send: 42920
tot_msg_rcv: 1016
tot_msg_sent: 1844
tot_reconf_duration: 13.17
tot_sleeping_duration: 2970617.023
tot_uptimes: 773
tot_uptimes_duration: 46320.0
