comms_cons: 305.6527552077417
finished_reconf: true
global_termination_time: 3013889.263
local_termination_time: 674076.0183599999
node_cons: 61946.330746700165
tot_aggregated_send: 41528
tot_msg_rcv: 1733
tot_msg_sent: 3196
tot_reconf_duration: 3.05
tot_sleeping_duration: 2967629.2265200135
tot_uptimes: 772
tot_uptimes_duration: 46260.03647998604
