comms_cons: 269.50952961930113
finished_reconf: true
global_termination_time: 2654393.654
local_termination_time: 1424396.35736
node_cons: 54557.424544466514
tot_aggregated_send: 36482
tot_msg_rcv: 1577
tot_msg_sent: 2905
tot_reconf_duration: 4.8100000000000005
tot_sleeping_duration: 2613653.6296800096
tot_uptimes: 680
tot_uptimes_duration: 40740.02431999054
