comms_cons: 268.0332416103918
finished_reconf: true
global_termination_time: 2654164.45748
local_termination_time: 2654164.4163599997
node_cons: 54602.69307101817
tot_aggregated_send: 36526
tot_msg_rcv: 1350
tot_msg_sent: 2861
tot_reconf_duration: 24.59
tot_sleeping_duration: 2613410.686120015
tot_uptimes: 680
tot_uptimes_duration: 40753.77135998459
