comms_cons: 270.3889088125339
finished_reconf: true
global_termination_time: 2656165.926
local_termination_time: 155598.1163200002
node_cons: 54638.65535117693
tot_aggregated_send: 35902
tot_msg_rcv: 1737
tot_msg_sent: 3458
tot_reconf_duration: 5.43
tot_sleeping_duration: 2615365.8652000166
tot_uptimes: 681
tot_uptimes_duration: 40800.06079998345
