comms_cons: 109.9692031955976
finished_reconf: true
global_termination_time: 1109861.584
local_termination_time: 591925.6343599999
node_cons: 22822.529761116886
tot_aggregated_send: 15486
tot_msg_rcv: 391
tot_msg_sent: 837
tot_reconf_duration: 4.390000000000001
tot_sleeping_duration: 1092821.5779200024
tot_uptimes: 285
tot_uptimes_duration: 17040.006079997635
