comms_cons: 110.3002431916906
finished_reconf: true
global_termination_time: 1107228.055
local_termination_time: 135850.29164000083
node_cons: 22746.872124481128
tot_aggregated_send: 14384
tot_msg_rcv: 834
tot_msg_sent: 1547
tot_reconf_duration: 7.819999999999999
tot_sleeping_duration: 1090248.0306799992
tot_uptimes: 284
tot_uptimes_duration: 16980.02432000084
