comms_cons: 86.47700479946478
finished_reconf: true
global_termination_time: 882574.296
local_termination_time: 229401.01732000068
node_cons: 18169.211380000048
tot_aggregated_send: 12702
tot_msg_rcv: 158
tot_msg_sent: 284
tot_reconf_duration: 9.11
tot_sleeping_duration: 869014.296
tot_uptimes: 227
tot_uptimes_duration: 13560.0
