comms_cons: 87.06913279749294
finished_reconf: true
global_termination_time: 881503.503
local_termination_time: 750679.3373599999
node_cons: 18101.894599999963
tot_aggregated_send: 12644
tot_msg_rcv: 201
tot_msg_sent: 389
tot_reconf_duration: 18.700000000000003
tot_sleeping_duration: 868003.503
tot_uptimes: 226
tot_uptimes_duration: 13500.0
