comms_cons: 28.191872000117577
finished_reconf: true
global_termination_time: 273950.64268000034
local_termination_time: 156424.05436000004
node_cons: 5663.56017552047
tot_aggregated_send: 3480
tot_msg_rcv: 215
tot_msg_sent: 590
tot_reconf_duration: 4.8100000000000005
tot_sleeping_duration: 269725.827
tot_uptimes: 71
tot_uptimes_duration: 4224.815680000349
