comms_cons: 27.902387200574395
finished_reconf: true
global_termination_time: 275467.406
local_termination_time: 216679.1652800008
node_cons: 5639.158980000001
tot_aggregated_send: 3712
tot_msg_rcv: 190
tot_msg_sent: 339
tot_reconf_duration: 11.31
tot_sleeping_duration: 271267.406
tot_uptimes: 71
tot_uptimes_duration: 4200.0
