comms_cons: 245.23310078973137
finished_reconf: true
global_termination_time: 2531053.959
local_termination_time: 1394736.606479998
node_cons: 52097.378686067044
tot_aggregated_send: 34510
tot_msg_rcv: 996
tot_msg_sent: 1768
tot_reconf_duration: 15.34
tot_sleeping_duration: 2492161.840280009
tot_uptimes: 649
tot_uptimes_duration: 38892.11871999083
