comms_cons: 2.119756799991579
finished_reconf: true
global_termination_time: 14997.87348
local_termination_time: 14997.83236
node_cons: 310.18121984000715
tot_aggregated_send: 0
tot_msg_rcv: 164
tot_msg_sent: 157
tot_reconf_duration: 37.410000000000004
tot_sleeping_duration: 14804.162919999995
tot_uptimes: 4
tot_uptimes_duration: 193.710560000005
