comms_cons: 24.869376000112034
finished_reconf: true
global_termination_time: 252271.587
local_termination_time: 64408.23388000009
node_cons: 5157.118980000001
tot_aggregated_send: 3538
tot_msg_rcv: 78
tot_msg_sent: 164
tot_reconf_duration: 11.31
tot_sleeping_duration: 248431.587
tot_uptimes: 65
tot_uptimes_duration: 3840.0
