comms_cons: 86.84020479464353
finished_reconf: true
global_termination_time: 836815.17
local_termination_time: 20984.708360000004
node_cons: 17199.750928962276
tot_aggregated_send: 10846
tot_msg_rcv: 779
tot_msg_sent: 1574
tot_reconf_duration: 5.1
tot_sleeping_duration: 823975.1213599984
tot_uptimes: 215
tot_uptimes_duration: 12840.048640001682
