comms_cons: 86.48483839438715
finished_reconf: true
global_termination_time: 836361.579
local_termination_time: 202155.59316000078
node_cons: 17199.332685593377
tot_aggregated_send: 11194
tot_msg_rcv: 726
tot_msg_sent: 1226
tot_reconf_duration: 4.8100000000000005
tot_sleeping_duration: 823521.548600005
tot_uptimes: 215
tot_uptimes_duration: 12840.030399995041
