comms_cons: 1006.1553996376488
finished_reconf: true
global_termination_time: 3453659.09
local_termination_time: 1889329.4215599985
node_cons: 140922.50664511352
tot_aggregated_send: 0
tot_msg_rcv: 51255
tot_msg_sent: 101673
tot_reconf_duration: 18.21
tot_sleeping_duration: 3348432.967920001
tot_uptimes: 1738
tot_uptimes_duration: 105226.12207999855
