comms_cons: 348.5339008531614
finished_reconf: true
global_termination_time: 3451540.129
local_termination_time: 1381323.95636
node_cons: 70965.64716446692
tot_aggregated_send: 47792
tot_msg_rcv: 1770
tot_msg_sent: 3413
tot_reconf_duration: 18.700000000000003
tot_sleeping_duration: 3398560.1046800087
tot_uptimes: 884
tot_uptimes_duration: 52980.02431999124
