comms_cons: 87.67505918820962
finished_reconf: true
global_termination_time: 709636.4143999981
local_termination_time: 709636.3732799982
node_cons: 14647.094608013344
tot_aggregated_send: 6250
tot_msg_rcv: 2737
tot_msg_sent: 4341
tot_reconf_duration: 24.59
tot_sleeping_duration: 698722.5223999881
tot_uptimes: 182
tot_uptimes_duration: 10913.892000009946
