comms_cons: 70.95009279840887
finished_reconf: true
global_termination_time: 712009.569
local_termination_time: 70668.45535999998
node_cons: 14646.60918000003
tot_aggregated_send: 10208
tot_msg_rcv: 245
tot_msg_sent: 331
tot_reconf_duration: 18.21
tot_sleeping_duration: 701089.569
tot_uptimes: 183
tot_uptimes_duration: 10920.0
