comms_cons: 70.84482559912567
finished_reconf: true
global_termination_time: 712444.226
local_termination_time: 160244.41436000005
node_cons: 14629.444060000029
tot_aggregated_send: 10150
tot_msg_rcv: 217
tot_msg_sent: 401
tot_reconf_duration: 5.57
tot_sleeping_duration: 701524.226
tot_uptimes: 183
tot_uptimes_duration: 10920.0
