comms_cons: 399.5295742642658
finished_reconf: true
global_termination_time: 824626.3945199992
local_termination_time: 824626.3533999992
node_cons: 50165.80918323674
tot_aggregated_send: 0
tot_msg_rcv: 24551
tot_msg_sent: 36178
tot_reconf_duration: 24.59
tot_sleeping_duration: 787186.2033600011
tot_uptimes: 614
tot_uptimes_duration: 37440.19115999804
