comms_cons: 82.36688639702344
finished_reconf: true
global_termination_time: 825918.783
local_termination_time: 118456.95135999996
node_cons: 16959.312201121444
tot_aggregated_send: 11542
tot_msg_rcv: 310
tot_msg_sent: 668
tot_reconf_duration: 5.57
tot_sleeping_duration: 813258.7769199989
tot_uptimes: 212
tot_uptimes_duration: 12660.006080001069
