comms_cons: 165.96232318802026
finished_reconf: true
global_termination_time: 1662353.9622399989
local_termination_time: 1662353.921119999
node_cons: 34244.761583650616
tot_aggregated_send: 23290
tot_msg_rcv: 560
tot_msg_sent: 1375
tot_reconf_duration: 37.410000000000004
tot_sleeping_duration: 1636817.0251200208
tot_uptimes: 426
tot_uptimes_duration: 25536.937119978058
