comms_cons: 170.05320959007003
finished_reconf: true
global_termination_time: 1664969.934
local_termination_time: 785189.1943999992
node_cons: 34233.40894558419
tot_aggregated_send: 22678
tot_msg_rcv: 1136
tot_msg_sent: 2034
tot_reconf_duration: 6.279999999999999
tot_sleeping_duration: 1639409.9036000117
tot_uptimes: 427
tot_uptimes_duration: 25560.030399988173
