comms_cons: 165.5589887944945
finished_reconf: true
global_termination_time: 1663809.435
local_termination_time: 868190.6973999991
node_cons: 34232.40405999992
tot_aggregated_send: 23954
tot_msg_rcv: 461
tot_msg_sent: 749
tot_reconf_duration: 5.57
tot_sleeping_duration: 1638249.435
tot_uptimes: 427
tot_uptimes_duration: 25560.0
