comms_cons: 164.4740479956314
finished_reconf: true
global_termination_time: 1665231.854
local_termination_time: 898231.3722799983
node_cons: 34247.187597034426
tot_aggregated_send: 24186
tot_msg_rcv: 304
tot_msg_sent: 509
tot_reconf_duration: 15.110000000000001
tot_sleeping_duration: 1639670.4886400043
tot_uptimes: 427
tot_uptimes_duration: 25561.365359995863
