comms_cons: 171.8837183799987
finished_reconf: true
global_termination_time: 1664736.115
local_termination_time: 117407.39035999998
node_cons: 34255.720816761685
tot_aggregated_send: 22156
tot_msg_rcv: 1418
tot_msg_sent: 2551
tot_reconf_duration: 22.65
tot_sleeping_duration: 1639176.0238000287
tot_uptimes: 427
tot_uptimes_duration: 25560.091199971386
