comms_cons: 166.30243839216223
finished_reconf: true
global_termination_time: 1666144.893
local_termination_time: 1145565.0983599997
node_cons: 34237.63235999989
tot_aggregated_send: 23780
tot_msg_rcv: 577
tot_msg_sent: 920
tot_reconf_duration: 9.42
tot_sleeping_duration: 1640584.893
tot_uptimes: 427
tot_uptimes_duration: 25560.0
