comms_cons: 328.9159165465762
finished_reconf: true
global_termination_time: 1665267.13
local_termination_time: 158257.18048000007
node_cons: 34233.33560671018
tot_aggregated_send: 0
tot_msg_rcv: 25280
tot_msg_sent: 24714
tot_reconf_duration: 6.22
tot_sleeping_duration: 1639707.093520007
tot_uptimes: 427
tot_uptimes_duration: 25560.036479992676
