comms_cons: 123.96556799705732
finished_reconf: true
global_termination_time: 1277477.355
local_termination_time: 311307.07736000005
node_cons: 26291.707521121454
tot_aggregated_send: 17980
tot_msg_rcv: 234
tot_msg_sent: 627
tot_reconf_duration: 15.110000000000001
tot_sleeping_duration: 1257857.3489199989
tot_uptimes: 328
tot_uptimes_duration: 19620.00608000107
