comms_cons: 123.13693439914344
finished_reconf: true
global_termination_time: 1277012.601
local_termination_time: 392684.42936000007
node_cons: 26277.711980000036
tot_aggregated_send: 18212
tot_msg_rcv: 158
tot_msg_sent: 346
tot_reconf_duration: 4.8100000000000005
tot_sleeping_duration: 1257392.601
tot_uptimes: 328
tot_uptimes_duration: 19620.0
