comms_cons: 125.69154559843332
finished_reconf: true
global_termination_time: 1280374.331
local_termination_time: 508879.763
node_cons: 26282.220539999966
tot_aggregated_send: 18379
tot_msg_rcv: 260
tot_msg_sent: 466
tot_reconf_duration: 8.129999999999999
tot_sleeping_duration: 1260754.331
tot_uptimes: 328
tot_uptimes_duration: 19620.0
