comms_cons: 542.4702848546107
finished_reconf: true
global_termination_time: 5509585.945
local_termination_time: 664059.7015999998
node_cons: 113283.59888782
tot_aggregated_send: 76792
tot_msg_rcv: 1907
tot_msg_sent: 3753
tot_reconf_duration: 3.05
tot_sleeping_duration: 5424985.902440012
tot_uptimes: 1411
tot_uptimes_duration: 84600.04255998757
