comms_cons: 2052.9169573700237
finished_reconf: true
global_termination_time: 5505264.272
local_termination_time: 951162.2865999999
node_cons: 333948.30778723664
tot_aggregated_send: 0
tot_msg_rcv: 126212
tot_msg_sent: 185820
tot_reconf_duration: 6.22
tot_sleeping_duration: 5255869.304840012
tot_uptimes: 4087
tot_uptimes_duration: 249394.96715998804
