comms_cons: 837.3617295342136
finished_reconf: true
global_termination_time: 5505264.272
local_termination_time: 954265.5073599998
node_cons: 113214.4434033473
tot_aggregated_send: 0
tot_msg_rcv: 64170
tot_msg_sent: 63105
tot_reconf_duration: 11.31
tot_sleeping_duration: 5420724.253760007
tot_uptimes: 1410
tot_uptimes_duration: 84540.01823999314
