comms_cons: 77.09374719548312
finished_reconf: true
global_termination_time: 756594.067
local_termination_time: 527484.6863599999
node_cons: 15518.436783355175
tot_aggregated_send: 10092
tot_msg_rcv: 527
tot_msg_sent: 1098
tot_reconf_duration: 9.42
tot_sleeping_duration: 745014.0487600038
tot_uptimes: 194
tot_uptimes_duration: 11580.018239996338
