comms_cons: 27.11288319993634
finished_reconf: true
global_termination_time: 10987.869240000004
local_termination_time: 539.3151199999993
node_cons: 3355.769388600017
tot_aggregated_send: 0
tot_msg_rcv: 1989
tot_msg_sent: 2131
tot_reconf_duration: 18.21
tot_sleeping_duration: 8500.16183999999
tot_uptimes: 38
tot_uptimes_duration: 2487.707400000013
