comms_cons: 1.407948799997005
finished_reconf: true
global_termination_time: 10987.351480000001
local_termination_time: 10987.310360000001
node_cons: 212.43165984000706
tot_aggregated_send: 0
tot_msg_rcv: 103
tot_msg_sent: 110
tot_reconf_duration: 24.59
tot_sleeping_duration: 10853.640919999996
tot_uptimes: 3
tot_uptimes_duration: 133.71056000000505
