comms_cons: 251.6280831838386
finished_reconf: true
global_termination_time: 2553935.386
local_termination_time: 1913682.4443599998
node_cons: 52550.806759999155
tot_aggregated_send: 35322
tot_msg_rcv: 993
tot_msg_sent: 1931
tot_reconf_duration: 6.22
tot_sleeping_duration: 2514695.386
tot_uptimes: 655
tot_uptimes_duration: 39240.0
