comms_cons: 133.32748799537939
finished_reconf: true
global_termination_time: 1353275.444
local_termination_time: 726700.9381999996
node_cons: 27804.56580000001
tot_aggregated_send: 19314
tot_msg_rcv: 315
tot_msg_sent: 636
tot_reconf_duration: 5.1
tot_sleeping_duration: 1332515.444
tot_uptimes: 347
tot_uptimes_duration: 20760.0
