comms_cons: 790.3037633329152
finished_reconf: true
global_termination_time: 8004592.143
local_termination_time: 3142551.08536
node_cons: 164623.634646697
tot_aggregated_send: 112230
tot_msg_rcv: 2495
tot_msg_sent: 5395
tot_reconf_duration: 5.1
tot_sleeping_duration: 7881652.106520013
tot_uptimes: 2050
tot_uptimes_duration: 122940.03647998697
