comms_cons: 790.3482369409203
finished_reconf: true
global_termination_time: 8004607.464
local_termination_time: 3170220.957
node_cons: 164653.90856877333
tot_aggregated_send: 111919
tot_msg_rcv: 2665
tot_msg_sent: 5544
tot_reconf_duration: 25.299999999999997
tot_sleeping_duration: 7881665.304800015
tot_uptimes: 2050
tot_uptimes_duration: 122942.15919998451
