comms_cons: 783.1882241357603
finished_reconf: true
global_termination_time: 8006074.911
local_termination_time: 4816875.52356
node_cons: 164709.81678334557
tot_aggregated_send: 111070
tot_msg_rcv: 2748
tot_msg_sent: 5222
tot_reconf_duration: 9.42
tot_sleeping_duration: 7883074.892760007
tot_uptimes: 2051
tot_uptimes_duration: 123000.01823999354
