comms_cons: 805.096704211186
finished_reconf: true
global_termination_time: 8008637.233
local_termination_time: 260633.82856000072
node_cons: 164703.0348900477
tot_aggregated_send: 111534
tot_msg_rcv: 3733
tot_msg_sent: 7103
tot_reconf_duration: 4.390000000000001
tot_sleeping_duration: 7885637.178280019
tot_uptimes: 2051
tot_uptimes_duration: 123000.05471998011
