comms_cons: 5.401523200003997
finished_reconf: true
global_termination_time: 3181.747400000001
local_termination_time: 3181.7062800000012
node_cons: 674.1106116000018
tot_aggregated_send: 0
tot_msg_rcv: 358
tot_msg_sent: 461
tot_reconf_duration: 24.59
tot_sleeping_duration: 2703.243
tot_uptimes: 7
tot_uptimes_duration: 478.50440000000117
