comms_cons: 142.46632319321427
finished_reconf: true
global_termination_time: 1416558.7634799997
local_termination_time: 1416558.7223599998
node_cons: 29134.8642243132
tot_aggregated_send: 19822
tot_msg_rcv: 656
tot_msg_sent: 1175
tot_reconf_duration: 24.59
tot_sleeping_duration: 1394825.028600005
tot_uptimes: 363
tot_uptimes_duration: 21733.73487999488
