comms_cons: 142.45941759592606
finished_reconf: true
global_termination_time: 1419017.097
local_termination_time: 218148.96436000004
node_cons: 29171.891183355143
tot_aggregated_send: 19662
tot_msg_rcv: 597
tot_msg_sent: 1394
tot_reconf_duration: 6.22
tot_sleeping_duration: 1397237.078760004
tot_uptimes: 364
tot_uptimes_duration: 21780.018239996338
