comms_cons: 617.7994945301612
finished_reconf: true
global_termination_time: 6171675.158
local_termination_time: 507076.38499999995
node_cons: 126945.64857101388
tot_aggregated_send: 86823
tot_msg_rcv: 2349
tot_msg_sent: 4729
tot_reconf_duration: 4.8100000000000005
tot_sleeping_duration: 6076873.726640016
tot_uptimes: 1581
tot_uptimes_duration: 94801.43135998351
