comms_cons: 58.52261120008623
finished_reconf: true
global_termination_time: 577320.44436
local_termination_time: 26783.968
node_cons: 11838.767552561456
tot_aggregated_send: 7885
tot_msg_rcv: 369
tot_msg_sent: 641
tot_reconf_duration: 4.8100000000000005
tot_sleeping_duration: 568483.8233199988
tot_uptimes: 148
tot_uptimes_duration: 8836.621040001075
