comms_cons: 56.949555199756595
finished_reconf: true
global_termination_time: 580641.473
local_termination_time: 239306.3490800002
node_cons: 11896.281620000042
tot_aggregated_send: 8410
tot_msg_rcv: 75
tot_msg_sent: 171
tot_reconf_duration: 4.390000000000001
tot_sleeping_duration: 571761.473
tot_uptimes: 149
tot_uptimes_duration: 8880.000000000004
