comms_cons: 50.765107200396585
finished_reconf: true
global_termination_time: 509053.669
local_termination_time: 87175.49735999995
node_cons: 10448.341899999998
tot_aggregated_send: 7134
tot_msg_rcv: 178
tot_msg_sent: 404
tot_reconf_duration: 3.05
tot_sleeping_duration: 501253.669
tot_uptimes: 131
tot_uptimes_duration: 7800.0
