comms_cons: 50.4690432000707
finished_reconf: true
global_termination_time: 514268.783
local_termination_time: 103016.76435999997
node_cons: 10532.986760000016
tot_aggregated_send: 7482
tot_msg_rcv: 77
tot_msg_sent: 112
tot_reconf_duration: 6.22
tot_sleeping_duration: 506408.783
tot_uptimes: 132
tot_uptimes_duration: 7860.0
