comms_cons: 2.8093183999943903
finished_reconf: true
global_termination_time: 13142.08148
local_termination_time: 13142.04036
node_cons: 292.77165984000686
tot_aggregated_send: 0
tot_msg_rcv: 255
tot_msg_sent: 170
tot_reconf_duration: 24.59
tot_sleeping_duration: 12948.370919999996
tot_uptimes: 4
tot_uptimes_duration: 193.710560000005
