comms_cons: 187.10117119275566
finished_reconf: true
global_termination_time: 1918655.367
local_termination_time: 520354.3143600001
node_cons: 39471.70988558395
tot_aggregated_send: 26680
tot_msg_rcv: 644
tot_msg_sent: 1115
tot_reconf_duration: 18.21
tot_sleeping_duration: 1889195.336600012
tot_uptimes: 492
tot_uptimes_duration: 29460.030399988173
