comms_cons: 189.50720639214245
finished_reconf: true
global_termination_time: 1915519.123
local_termination_time: 388646.00536
node_cons: 39375.12823999972
tot_aggregated_send: 26970
tot_msg_rcv: 586
tot_msg_sent: 1247
tot_reconf_duration: 6.279999999999999
tot_sleeping_duration: 1886119.123
tot_uptimes: 491
tot_uptimes_duration: 29400.0
