comms_cons: 186.52094719948607
finished_reconf: true
global_termination_time: 1915414.492
local_termination_time: 1025967.3033599999
node_cons: 39400.957399999825
tot_aggregated_send: 27956
tot_msg_rcv: 123
tot_msg_sent: 271
tot_reconf_duration: 25.299999999999997
tot_sleeping_duration: 1886014.492
tot_uptimes: 491
tot_uptimes_duration: 29400.0
