comms_cons: 184.66807678668138
finished_reconf: true
global_termination_time: 1919577.666
local_termination_time: 593915.63536
node_cons: 39453.52896781766
tot_aggregated_send: 24708
tot_msg_rcv: 1203
tot_msg_sent: 2158
tot_reconf_duration: 4.8100000000000005
tot_sleeping_duration: 1890117.6234400165
tot_uptimes: 492
tot_uptimes_duration: 29460.04255998344
