comms_cons: 257.6743679972092
finished_reconf: true
global_termination_time: 2586746.237239997
local_termination_time: 202293.92872000008
node_cons: 53230.25399606567
tot_aggregated_send: 36482
tot_msg_rcv: 865
tot_msg_sent: 1817
tot_reconf_duration: 18.21
tot_sleeping_duration: 2547010.968520007
tot_uptimes: 663
tot_uptimes_duration: 39735.26871998993
