comms_cons: 424.0508156909753
finished_reconf: true
global_termination_time: 2588299.481
local_termination_time: 506664.8366000001
node_cons: 53189.246323354324
tot_aggregated_send: 0
tot_msg_rcv: 32526
tot_msg_sent: 31927
tot_reconf_duration: 3.05
tot_sleeping_duration: 2548579.4627600037
tot_uptimes: 663
tot_uptimes_duration: 39720.01823999634
