comms_cons: 252.39361278892176
finished_reconf: true
global_termination_time: 2589715.411
local_termination_time: 1751124.96036
node_cons: 53273.88304223275
tot_aggregated_send: 36424
tot_msg_rcv: 573
tot_msg_sent: 1365
tot_reconf_duration: 6.22
tot_sleeping_duration: 2549935.3988400046
tot_uptimes: 664
tot_uptimes_duration: 39780.01215999524
