comms_cons: 102.34904959182501
finished_reconf: true
global_termination_time: 1007090.97
local_termination_time: 257194.03936000008
node_cons: 20681.761823350553
tot_aggregated_send: 13514
tot_msg_rcv: 669
tot_msg_sent: 1373
tot_reconf_duration: 25.299999999999997
tot_sleeping_duration: 991670.9517600071
tot_uptimes: 258
tot_uptimes_duration: 15420.018239992904
