comms_cons: 99.88604159570961
finished_reconf: true
global_termination_time: 1006138.736
local_termination_time: 643229.3634799998
node_cons: 20653.34976111688
tot_aggregated_send: 14152
tot_msg_rcv: 278
tot_msg_sent: 752
tot_reconf_duration: 4.390000000000001
tot_sleeping_duration: 990718.7299200024
tot_uptimes: 258
tot_uptimes_duration: 15420.006079997635
