comms_cons: 141.6764927989944
finished_reconf: true
global_termination_time: 1445821.803
local_termination_time: 1121276.64636
node_cons: 29743.684859999947
tot_aggregated_send: 21170
tot_msg_rcv: 142
tot_msg_sent: 222
tot_reconf_duration: 13.17
tot_sleeping_duration: 1423621.803
tot_uptimes: 371
tot_uptimes_duration: 22200.0
