comms_cons: 148.09779198701935
finished_reconf: true
global_termination_time: 1443350.778
local_termination_time: 195775.8724400002
node_cons: 29676.30825230359
tot_aggregated_send: 19430
tot_msg_rcv: 1114
tot_msg_sent: 1966
tot_reconf_duration: 22.65
tot_sleeping_duration: 1421210.7111200122
tot_uptimes: 370
tot_uptimes_duration: 22140.066879987717
