comms_cons: 46.606707202327286
finished_reconf: true
global_termination_time: 213154.16640000034
local_termination_time: 213154.12528000033
node_cons: 4407.302705925656
tot_aggregated_send: 0
tot_msg_rcv: 3901
tot_msg_sent: 3181
tot_reconf_duration: 24.59
tot_sleeping_duration: 209887.61711999614
tot_uptimes: 55
tot_uptimes_duration: 3266.549280004212
