comms_cons: 61.86324480286949
finished_reconf: true
global_termination_time: 213154.6019200004
local_termination_time: 1231.6150400000015
node_cons: 8651.466700880566
tot_aggregated_send: 0
tot_msg_rcv: 3179
tot_msg_sent: 6222
tot_reconf_duration: 6.22
tot_sleeping_duration: 206699.76999999996
tot_uptimes: 106
tot_uptimes_duration: 6454.831920000415
