comms_cons: 37.305318401051736
finished_reconf: true
global_termination_time: 364104.308
local_termination_time: 51297.199360000006
node_cons: 7502.394982240583
tot_aggregated_send: 4698
tot_msg_rcv: 295
tot_msg_sent: 677
tot_reconf_duration: 22.65
tot_sleeping_duration: 358524.29583999957
tot_uptimes: 94
tot_uptimes_duration: 5580.012160000435
