comms_cons: 263.4443263938738
finished_reconf: true
global_termination_time: 2809165.076
local_termination_time: 7005.664
node_cons: 57850.1722411158
tot_aggregated_send: 39261
tot_msg_rcv: 171
tot_msg_sent: 610
tot_reconf_duration: 3.95
tot_sleeping_duration: 2765965.069920002
tot_uptimes: 720
tot_uptimes_duration: 43200.006079997635
