comms_cons: 250.51619839923566
finished_reconf: true
global_termination_time: 2810141.599
local_termination_time: 6036.373
node_cons: 57877.28335999896
tot_aggregated_send: 37967
tot_msg_rcv: 56
tot_msg_sent: 54
tot_reconf_duration: 23.919999999999998
tot_sleeping_duration: 2766941.599
tot_uptimes: 720
tot_uptimes_duration: 43200.0
