comms_cons: 697.4366729129404
finished_reconf: true
global_termination_time: 3545094.3965999978
local_termination_time: 104.23048000000021
node_cons: 72913.68661063362
tot_aggregated_send: 0
tot_msg_rcv: 53394
tot_msg_sent: 52609
tot_reconf_duration: 18.21
tot_sleeping_duration: 3490659.0288400017
tot_uptimes: 908
tot_uptimes_duration: 54435.3677599965
