comms_cons: 348.42127359886416
finished_reconf: true
global_termination_time: 3545833.414
local_termination_time: 2516541.5023600003
node_cons: 72957.28894558377
tot_aggregated_send: 49532
tot_msg_rcv: 1151
tot_msg_sent: 2275
tot_reconf_duration: 6.279999999999999
tot_sleeping_duration: 3491353.383600011
tot_uptimes: 909
tot_uptimes_duration: 54480.03039998887
