comms_cons: 353.45675525104883
finished_reconf: true
global_termination_time: 3545391.056
local_termination_time: 2231379.2287999988
node_cons: 72909.8917305474
tot_aggregated_send: 49184
tot_msg_rcv: 1531
tot_msg_sent: 3008
tot_reconf_duration: 25.299999999999997
tot_sleeping_duration: 3490965.7129600076
tot_uptimes: 908
tot_uptimes_duration: 54425.34303999203
