comms_cons: 357.0377600141184
finished_reconf: true
global_termination_time: 3548586.797
local_termination_time: 1019739.45236
node_cons: 72957.19932446671
tot_aggregated_send: 49242
tot_msg_rcv: 1835
tot_msg_sent: 3190
tot_reconf_duration: 6.22
tot_sleeping_duration: 3494106.772680009
tot_uptimes: 909
tot_uptimes_duration: 54480.02431999124
