comms_cons: 351.1989056063344
finished_reconf: true
global_termination_time: 3547740.191
local_termination_time: 1619689.5897999986
node_cons: 72964.1034033492
tot_aggregated_send: 49648
tot_msg_rcv: 1298
tot_msg_sent: 2434
tot_reconf_duration: 11.31
tot_sleeping_duration: 3493260.172760007
tot_uptimes: 909
tot_uptimes_duration: 54480.01823999314
