comms_cons: 91.03826559831666
finished_reconf: true
global_termination_time: 908141.987
local_termination_time: 217318.74692000076
node_cons: 18684.487678002508
tot_aggregated_send: 12818
tot_msg_rcv: 397
tot_msg_sent: 622
tot_reconf_duration: 25.299999999999997
tot_sleeping_duration: 894213.5849999982
tot_uptimes: 233
tot_uptimes_duration: 13928.402000001835
