comms_cons: 70.53231360165171
finished_reconf: true
global_termination_time: 587501.9477199997
local_termination_time: 587501.9065999998
node_cons: 12103.016460499137
tot_aggregated_send: 5090
tot_msg_rcv: 1971
tot_msg_sent: 3661
tot_reconf_duration: 24.59
tot_sleeping_duration: 578488.0393999855
tot_uptimes: 151
tot_uptimes_duration: 9013.908320014278
