comms_cons: 85.59539199649848
finished_reconf: true
global_termination_time: 851757.84636
local_termination_time: 329238.2736400004
node_cons: 17543.025930156808
tot_aggregated_send: 12006
tot_msg_rcv: 365
tot_msg_sent: 639
tot_reconf_duration: 6.22
tot_sleeping_duration: 838662.5669200023
tot_uptimes: 219
tot_uptimes_duration: 13095.279439997626
