comms_cons: 469.6206145048135
finished_reconf: true
global_termination_time: 4663362.424
local_termination_time: 1028849.0927599991
node_cons: 95931.95418446528
tot_aggregated_send: 64902
tot_msg_rcv: 2125
tot_msg_sent: 4352
tot_reconf_duration: 4.390000000000001
tot_sleeping_duration: 4591722.399680009
tot_uptimes: 1195
tot_uptimes_duration: 71640.024319991
