comms_cons: 84.43087359894767
finished_reconf: true
global_termination_time: 849579.117
local_termination_time: 465520.10680000024
node_cons: 17442.226759999987
tot_aggregated_send: 12180
tot_msg_rcv: 252
tot_msg_sent: 401
tot_reconf_duration: 6.22
tot_sleeping_duration: 836559.117
tot_uptimes: 218
tot_uptimes_duration: 13020.0
