comms_cons: 237.45648632291636
finished_reconf: true
global_termination_time: 849254.751
local_termination_time: 815021.6604799997
node_cons: 34647.023333000056
tot_aggregated_send: 0
tot_msg_rcv: 12077
tot_msg_sent: 24015
tot_reconf_duration: 11.31
tot_sleeping_duration: 823390.924
tot_uptimes: 426
tot_uptimes_duration: 25863.82700000012
