comms_cons: 378.42879362083556
finished_reconf: true
global_termination_time: 3765873.0892399955
local_termination_time: 24973.43448
node_cons: 77485.25188828731
tot_aggregated_send: 52838
tot_msg_rcv: 1652
tot_msg_sent: 3028
tot_reconf_duration: 5.57
tot_sleeping_duration: 3708010.7383600185
tot_uptimes: 965
tot_uptimes_duration: 57862.35087997699
