comms_cons: 377.9997440493869
finished_reconf: true
global_termination_time: 3767742.707
local_termination_time: 2759018.2645199983
node_cons: 77454.31640334932
tot_aggregated_send: 52780
tot_msg_rcv: 1541
tot_msg_sent: 3132
tot_reconf_duration: 4.8100000000000005
tot_sleeping_duration: 3709902.6887600063
tot_uptimes: 965
tot_uptimes_duration: 57840.01823999337
