comms_cons: 44.37921280187503
finished_reconf: true
global_termination_time: 199707.62860000052
local_termination_time: 199707.5874800005
node_cons: 4181.709592723631
tot_aggregated_send: 0
tot_msg_rcv: 3730
tot_msg_sent: 3014
tot_reconf_duration: 24.59
tot_sleeping_duration: 196609.55811999782
tot_uptimes: 52
tot_uptimes_duration: 3098.0704800027015
