comms_cons: 21.369241600187653
finished_reconf: true
global_termination_time: 203506.926
local_termination_time: 126813.87535999996
node_cons: 4186.224522242863
tot_aggregated_send: 2668
tot_msg_rcv: 235
tot_msg_sent: 345
tot_reconf_duration: 6.279999999999999
tot_sleeping_duration: 200386.91383999787
tot_uptimes: 53
tot_uptimes_duration: 3120.0121600021375
