comms_cons: 21.112729599697523
finished_reconf: true
global_termination_time: 200333.147
local_termination_time: 50247.402600000016
node_cons: 4107.983983360233
tot_aggregated_send: 2436
tot_msg_rcv: 251
tot_msg_sent: 521
tot_reconf_duration: 7.819999999999999
tot_sleeping_duration: 197273.12875999982
tot_uptimes: 52
tot_uptimes_duration: 3060.018240000172
