comms_cons: 91.32650239649334
finished_reconf: true
global_termination_time: 895501.417
local_termination_time: 56032.047480000016
node_cons: 18405.481047836245
tot_aggregated_send: 11948
tot_msg_rcv: 644
tot_msg_sent: 1290
tot_reconf_duration: 5.57
tot_sleeping_duration: 881761.3744400028
tot_uptimes: 230
tot_uptimes_duration: 13740.042559997179
