comms_cons: 88.02311679611549
finished_reconf: true
global_termination_time: 897289.228
local_termination_time: 587353.5503599999
node_cons: 18415.785565584243
tot_aggregated_send: 12470
tot_msg_rcv: 294
tot_msg_sent: 615
tot_reconf_duration: 13.17
tot_sleeping_duration: 883549.1976000118
tot_uptimes: 230
tot_uptimes_duration: 13740.030399988173
