comms_cons: 56.692966400621664
finished_reconf: true
global_termination_time: 565328.302
local_termination_time: 7187.333600000001
node_cons: 11577.431183364308
tot_aggregated_send: 7772
tot_msg_rcv: 265
tot_msg_sent: 580
tot_reconf_duration: 6.22
tot_sleeping_duration: 556688.2837599968
tot_uptimes: 145
tot_uptimes_duration: 8640.018240003206
