comms_cons: 96.47738880026866
finished_reconf: true
global_termination_time: 983598.836
local_termination_time: 444589.6183600001
node_cons: 20180.698980000026
tot_aggregated_send: 14384
tot_msg_rcv: 115
tot_msg_sent: 165
tot_reconf_duration: 11.31
tot_sleeping_duration: 968538.836
tot_uptimes: 252
tot_uptimes_duration: 15060.0
