comms_cons: 421.86488321155747
finished_reconf: true
global_termination_time: 4309856.629
local_termination_time: 2450460.7823599996
node_cons: 88635.86800223141
tot_aggregated_send: 60668
tot_msg_rcv: 1140
tot_msg_sent: 2313
tot_reconf_duration: 15.34
tot_sleeping_duration: 4243676.616840004
tot_uptimes: 1104
tot_uptimes_duration: 66180.0121599955
