comms_cons: 430.4224448753505
finished_reconf: true
global_termination_time: 4309904.202
local_termination_time: 555298.9517599992
node_cons: 88621.60896781679
tot_aggregated_send: 59682
tot_msg_rcv: 1947
tot_msg_sent: 3792
tot_reconf_duration: 4.8100000000000005
tot_sleeping_duration: 4243724.1594400145
tot_uptimes: 1104
tot_uptimes_duration: 66180.04255998437
