comms_cons: 1766.8825816731005
finished_reconf: true
global_termination_time: 3644087.093479999
local_termination_time: 3644087.0523599987
node_cons: 222201.3869892693
tot_aggregated_send: 0
tot_msg_rcv: 108251
tot_msg_sent: 160303
tot_reconf_duration: 37.410000000000004
tot_sleeping_duration: 3478179.263600031
tot_uptimes: 2723
tot_uptimes_duration: 165907.8298799681
