comms_cons: 363.0480000217795
finished_reconf: true
global_termination_time: 3646585.652
local_termination_time: 1302532.2416799986
node_cons: 74967.88840670027
tot_aggregated_send: 51040
tot_msg_rcv: 1471
tot_msg_sent: 2671
tot_reconf_duration: 7.819999999999999
tot_sleeping_duration: 3590605.6155200135
tot_uptimes: 934
tot_uptimes_duration: 55980.036479986506
