comms_cons: 361.70188800619735
finished_reconf: true
global_termination_time: 3648418.064
local_termination_time: 1474764.8503599998
node_cons: 75046.04746558267
tot_aggregated_send: 50924
tot_msg_rcv: 1304
tot_msg_sent: 2748
tot_reconf_duration: 6.22
tot_sleeping_duration: 3592378.0336000114
tot_uptimes: 935
tot_uptimes_duration: 56040.030399988405
