comms_cons: 10.40171519999955
finished_reconf: true
global_termination_time: 3579.361320000002
local_termination_time: 3579.320200000002
node_cons: 1224.3230114800028
tot_aggregated_send: 0
tot_msg_rcv: 709
tot_msg_sent: 871
tot_reconf_duration: 24.59
tot_sleeping_duration: 2689.944
tot_uptimes: 14
tot_uptimes_duration: 889.4173200000018
