comms_cons: 528.8274113328521
finished_reconf: true
global_termination_time: 5238249.676
local_termination_time: 549437.4483599998
node_cons: 107756.86127228377
tot_aggregated_send: 72094
tot_msg_rcv: 2600
tot_msg_sent: 5684
tot_reconf_duration: 15.34
tot_sleeping_duration: 5157789.609120024
tot_uptimes: 1342
tot_uptimes_duration: 80460.06687997538
