comms_cons: 11.724774400066696
finished_reconf: true
global_termination_time: 91841.21
local_termination_time: 41952.763999999996
node_cons: 1895.6394881599804
tot_aggregated_send: 464
tot_msg_rcv: 473
tot_msg_sent: 846
tot_reconf_duration: 22.65
tot_sleeping_duration: 90448.46856000001
tot_uptimes: 24
tot_uptimes_duration: 1392.7414399999907
