comms_cons: 11.375091199942776
finished_reconf: true
global_termination_time: 90527.08931999982
local_termination_time: 10837.630360000003
node_cons: 1891.7285109580907
tot_aggregated_send: 580
tot_msg_rcv: 381
tot_msg_sent: 766
tot_reconf_duration: 10.95
tot_sleeping_duration: 89125.40268000125
tot_uptimes: 24
tot_uptimes_duration: 1401.6866399985738
