comms_cons: 12.05898240002092
finished_reconf: true
global_termination_time: 94954.604
local_termination_time: 60548.73836000001
node_cons: 1944.336482239444
tot_aggregated_send: 754
tot_msg_rcv: 531
tot_msg_sent: 547
tot_reconf_duration: 11.899999999999999
tot_sleeping_duration: 93514.59184000042
tot_uptimes: 25
tot_uptimes_duration: 1440.0121599995837
