comms_cons: 13.605964800128795
finished_reconf: true
global_termination_time: 92011.295
local_termination_time: 30779.78236
node_cons: 1853.8386078397575
tot_aggregated_send: 290
tot_msg_rcv: 779
tot_msg_sent: 1000
tot_reconf_duration: 4.390000000000001
tot_sleeping_duration: 90631.25244000019
tot_uptimes: 24
tot_uptimes_duration: 1380.0425599998198
