comms_cons: 66.04200960747701
finished_reconf: true
global_termination_time: 334625.43
local_termination_time: 3359.2363600000003
node_cons: 6859.666841121439
tot_aggregated_send: 0
tot_msg_rcv: 5125
tot_msg_sent: 4913
tot_reconf_duration: 22.65
tot_sleeping_duration: 329525.4239199989
tot_uptimes: 86
tot_uptimes_duration: 5100.006080001069
