comms_cons: 33.560499199912776
finished_reconf: true
global_termination_time: 334098.305
local_termination_time: 101891.54551999977
node_cons: 6833.0500411214225
tot_aggregated_send: 4582
tot_msg_rcv: 170
tot_msg_sent: 349
tot_reconf_duration: 3.05
tot_sleeping_duration: 328998.2989199989
tot_uptimes: 86
tot_uptimes_duration: 5100.006080001069
