comms_cons: 13.612012799986596
finished_reconf: true
global_termination_time: 92602.979
local_termination_time: 24120.77616
node_cons: 1868.6761433597335
tot_aggregated_send: 464
tot_msg_rcv: 729
tot_msg_sent: 876
tot_reconf_duration: 15.34
tot_sleeping_duration: 91222.9607600002
tot_uptimes: 24
tot_uptimes_duration: 1380.0182399998012
