comms_cons: 11.45705599999907
finished_reconf: true
global_termination_time: 90583.829
local_termination_time: 39673.877360000006
node_cons: 1852.0189222394347
tot_aggregated_send: 754
tot_msg_rcv: 455
tot_msg_sent: 533
tot_reconf_duration: 3.08
tot_sleeping_duration: 89203.81684000042
tot_uptimes: 24
tot_uptimes_duration: 1380.0121599995837
