comms_cons: 112.41283839332878
finished_reconf: true
global_termination_time: 1106336.714
local_termination_time: 474581.3463600001
node_cons: 22757.10056670566
tot_aggregated_send: 15080
tot_msg_rcv: 675
tot_msg_sent: 1331
tot_reconf_duration: 15.34
tot_sleeping_duration: 1089356.6775200106
tot_uptimes: 284
tot_uptimes_duration: 16980.03647998924
