comms_cons: 109.23445759715484
finished_reconf: true
global_termination_time: 1106273.942
local_termination_time: 688610.4983599999
node_cons: 22756.739380000017
tot_aggregated_send: 15950
tot_msg_rcv: 203
tot_msg_sent: 450
tot_reconf_duration: 15.110000000000001
tot_sleeping_duration: 1089293.942
tot_uptimes: 284
tot_uptimes_duration: 16980.0
