comms_cons: 284.07785599378104
finished_reconf: false
global_termination_time: 2809784.815
local_termination_time: 0
node_cons: 57844.8081411158
tot_aggregated_send: 39034
tot_msg_rcv: 1417
tot_msg_sent: 2727
tot_reconf_duration: 0
tot_sleeping_duration: 2766584.8089200025
tot_uptimes: 720
tot_uptimes_duration: 43200.006079997635
