comms_cons: 281.68508802361475
finished_reconf: false
global_termination_time: 2810088.407
local_termination_time: 0
node_cons: 57844.80814111611
tot_aggregated_send: 39498
tot_msg_rcv: 1053
tot_msg_sent: 2263
tot_reconf_duration: 0
tot_sleeping_duration: 2766888.4009200023
tot_uptimes: 720
tot_uptimes_duration: 43200.00607999787
