comms_cons: 283.8260032058904
finished_reconf: false
global_termination_time: 2808378.649
local_termination_time: 0
node_cons: 57844.80814111611
tot_aggregated_send: 39324
tot_msg_rcv: 1378
tot_msg_sent: 2437
tot_reconf_duration: 0
tot_sleeping_duration: 2765178.6429200023
tot_uptimes: 720
tot_uptimes_duration: 43200.00607999787
