comms_cons: 80.95118079655558
finished_reconf: true
global_termination_time: 806500.31
local_termination_time: 342369.8816000001
node_cons: 16556.588262233687
tot_aggregated_send: 11020
tot_msg_rcv: 355
tot_msg_sent: 928
tot_reconf_duration: 4.8100000000000005
tot_sleeping_duration: 794140.2978400048
tot_uptimes: 207
tot_uptimes_duration: 12360.012159995269
