comms_cons: 206.59578877994176
finished_reconf: true
global_termination_time: 2053220.719
local_termination_time: 112501.66347999996
node_cons: 42185.0726855884
tot_aggregated_send: 27666
tot_msg_rcv: 1343
tot_msg_sent: 2391
tot_reconf_duration: 4.8100000000000005
tot_sleeping_duration: 2021720.6886000086
tot_uptimes: 526
tot_uptimes_duration: 31500.030399991607
