comms_cons: 200.7906047970517
finished_reconf: true
global_termination_time: 2052407.556
local_termination_time: 1039049.9363599999
node_cons: 42182.641899999704
tot_aggregated_send: 29406
tot_msg_rcv: 359
tot_msg_sent: 754
tot_reconf_duration: 3.05
tot_sleeping_duration: 2020907.556
tot_uptimes: 526
tot_uptimes_duration: 31500.0
