comms_cons: 201.99522559438054
finished_reconf: true
global_termination_time: 2053382.011
local_termination_time: 114776.524
node_cons: 42190.172763835704
tot_aggregated_send: 29692
tot_msg_rcv: 373
tot_msg_sent: 637
tot_reconf_duration: 7.819999999999999
tot_sleeping_duration: 2021881.2244400028
tot_uptimes: 526
tot_uptimes_duration: 31500.786559997054
