comms_cons: 203.91572478974626
finished_reconf: true
global_termination_time: 2051230.3174799997
local_termination_time: 2051230.2763599998
node_cons: 42230.25165983627
tot_aggregated_send: 29218
tot_msg_rcv: 550
tot_msg_sent: 1225
tot_reconf_duration: 24.59
tot_sleeping_duration: 2019716.6069200023
tot_uptimes: 526
tot_uptimes_duration: 31513.710559997475
