comms_cons: 111.83449599797297
finished_reconf: true
global_termination_time: 1114386.20024
local_termination_time: 201121.50636000006
node_cons: 22920.09860155663
tot_aggregated_send: 15486
tot_msg_rcv: 519
tot_msg_sent: 993
tot_reconf_duration: 3.05
tot_sleeping_duration: 1097271.9682000026
tot_uptimes: 286
tot_uptimes_duration: 17114.23203999747
