comms_cons: 91.16007681256613
finished_reconf: true
global_termination_time: 460470.706
local_termination_time: 222002.79748000007
node_cons: 9403.954464485718
tot_aggregated_send: 0
tot_msg_rcv: 7064
tot_msg_sent: 6793
tot_reconf_duration: 3.05
tot_sleeping_duration: 453450.68167999573
tot_uptimes: 118
tot_uptimes_duration: 7020.024320004275
