comms_cons: 48.482124801605245
finished_reconf: true
global_termination_time: 463102.168
local_termination_time: 300045.5304800001
node_cons: 9495.511544485731
tot_aggregated_send: 6090
tot_msg_rcv: 530
tot_msg_sent: 749
tot_reconf_duration: 11.31
tot_sleeping_duration: 456022.14367999573
tot_uptimes: 119
tot_uptimes_duration: 7080.024320004275
