comms_cons: 48.107110401479055
finished_reconf: true
global_termination_time: 464143.197
local_termination_time: 57336.051360000005
node_cons: 9501.000566728591
tot_aggregated_send: 5974
tot_msg_rcv: 472
tot_msg_sent: 866
tot_reconf_duration: 15.34
tot_sleeping_duration: 457063.1605199936
tot_uptimes: 119
tot_uptimes_duration: 7080.036480006413
