comms_cons: 218.50855039017682
finished_reconf: true
global_termination_time: 2201167.4794799997
local_termination_time: 2201167.4383599996
node_cons: 45283.18794207408
tot_aggregated_send: 31538
tot_msg_rcv: 562
tot_msg_sent: 1111
tot_reconf_duration: 24.59
tot_sleeping_duration: 2167373.7567600035
tot_uptimes: 564
tot_uptimes_duration: 33793.72271999618
