comms_cons: 219.9297599820978
finished_reconf: true
global_termination_time: 2201168.0002399944
local_termination_time: 130633.71735999972
node_cons: 45283.46875829579
tot_aggregated_send: 30218
tot_msg_rcv: 1081
tot_msg_sent: 2128
tot_reconf_duration: 11.31
tot_sleeping_duration: 2167360.599360012
tot_uptimes: 564
tot_uptimes_duration: 33807.40087998228
