comms_cons: 217.824153587421
finished_reconf: true
global_termination_time: 2204974.006
local_termination_time: 546326.0753599999
node_cons: 45332.591719999466
tot_aggregated_send: 31088
tot_msg_rcv: 596
tot_msg_sent: 1424
tot_reconf_duration: 15.34
tot_sleeping_duration: 2171134.006
tot_uptimes: 565
tot_uptimes_duration: 33840.0
