comms_cons: 53.238201600874696
finished_reconf: true
global_termination_time: 520835.223
local_termination_time: 72333.34135999998
node_cons: 10695.880265604897
tot_aggregated_send: 7018
tot_msg_rcv: 377
tot_msg_sent: 696
tot_reconf_duration: 7.819999999999999
tot_sleeping_duration: 512855.1925999964
tot_uptimes: 134
tot_uptimes_duration: 7980.030400003641
