comms_cons: 54.27182080136141
finished_reconf: true
global_termination_time: 518842.41548000014
local_termination_time: 44049.65836000001
node_cons: 10644.930547691678
tot_aggregated_send: 6728
tot_msg_rcv: 587
tot_msg_sent: 933
tot_reconf_duration: 15.34
tot_sleeping_duration: 510908.0623599914
tot_uptimes: 133
tot_uptimes_duration: 7934.353120008716
