comms_cons: 83.31303679705357
finished_reconf: true
global_termination_time: 821812.3657599981
local_termination_time: 821812.3246399981
node_cons: 17001.169180237735
tot_aggregated_send: 11342
tot_msg_rcv: 450
tot_msg_sent: 870
tot_reconf_duration: 37.410000000000004
tot_sleeping_duration: 809153.3915999999
tot_uptimes: 211
tot_uptimes_duration: 12658.97415999828
