comms_cons: 83.53015039688147
finished_reconf: true
global_termination_time: 825587.671
local_termination_time: 472763.45936000004
node_cons: 16964.152085584166
tot_aggregated_send: 10730
tot_msg_rcv: 683
tot_msg_sent: 1284
tot_reconf_duration: 9.11
tot_sleeping_duration: 812927.6406000118
tot_uptimes: 212
tot_uptimes_duration: 12660.030399988173
