comms_cons: 82.42412799916535
finished_reconf: true
global_termination_time: 823612.331
local_termination_time: 582584.0919199993
node_cons: 16887.568341116887
tot_aggregated_send: 11716
tot_msg_rcv: 357
tot_msg_sent: 454
tot_reconf_duration: 11.899999999999999
tot_sleeping_duration: 811012.3249200024
tot_uptimes: 211
tot_uptimes_duration: 12600.006079997635
