comms_cons: 86.43914239410137
finished_reconf: true
global_termination_time: 822603.239
local_termination_time: 375817.06536000007
node_cons: 16886.79154446735
tot_aggregated_send: 10498
tot_msg_rcv: 960
tot_msg_sent: 1679
tot_reconf_duration: 11.31
tot_sleeping_duration: 810003.2146800094
tot_uptimes: 211
tot_uptimes_duration: 12600.024319990538
