comms_cons: 507.5128704837336
finished_reconf: true
global_termination_time: 5043759.079
local_termination_time: 1757424.2317599982
node_cons: 103740.26140022014
tot_aggregated_send: 69948
tot_msg_rcv: 2261
tot_msg_sent: 4930
tot_reconf_duration: 12.629999999999999
tot_sleeping_duration: 4966295.964840013
tot_uptimes: 1292
tot_uptimes_duration: 77463.11415998731
