comms_cons: 11.724134399984447
finished_reconf: true
global_termination_time: 95729.065
local_termination_time: 38314.7452400001
node_cons: 1943.0626644800207
tot_aggregated_send: 638
tot_msg_rcv: 486
tot_msg_sent: 658
tot_reconf_duration: 10.95
tot_sleeping_duration: 94289.04067999998
tot_uptimes: 25
tot_uptimes_duration: 1440.0243200000186
