comms_cons: 11.252940800117031
finished_reconf: true
global_termination_time: 93807.407
local_termination_time: 66818.04247999995
node_cons: 1932.3018999999836
tot_aggregated_send: 754
tot_msg_rcv: 372
tot_msg_sent: 587
tot_reconf_duration: 3.05
tot_sleeping_duration: 92367.407
tot_uptimes: 25
tot_uptimes_duration: 1440.0
