comms_cons: 55.0218496010233
finished_reconf: true
global_termination_time: 531744.0835999988
local_termination_time: 531744.0424799989
node_cons: 11014.609774884146
tot_aggregated_send: 7062
tot_msg_rcv: 448
tot_msg_sent: 852
tot_reconf_duration: 24.59
tot_sleeping_duration: 523543.0256799958
tot_uptimes: 137
tot_uptimes_duration: 8201.057920003077
