comms_cons: 53.975756800919555
finished_reconf: true
global_termination_time: 536758.2
local_termination_time: 55171.55764000008
node_cons: 11010.73004112145
tot_aggregated_send: 7366
tot_msg_rcv: 258
tot_msg_sent: 580
tot_reconf_duration: 3.05
tot_sleeping_duration: 528538.1939199988
tot_uptimes: 138
tot_uptimes_duration: 8220.006080001069
