comms_cons: 52.495436800328285
finished_reconf: true
global_termination_time: 531834.12
local_termination_time: 428112.27148000005
node_cons: 10936.859560000023
tot_aggregated_send: 7482
tot_msg_rcv: 212
tot_msg_sent: 285
tot_reconf_duration: 7.819999999999999
tot_sleeping_duration: 523674.12
tot_uptimes: 137
tot_uptimes_duration: 8160.0
