comms_cons: 65.75867519958446
finished_reconf: true
global_termination_time: 659519.228
local_termination_time: 208631.46580000027
node_cons: 13517.968002242877
tot_aggregated_send: 8526
tot_msg_rcv: 480
tot_msg_sent: 989
tot_reconf_duration: 15.34
tot_sleeping_duration: 649439.2158399979
tot_uptimes: 169
tot_uptimes_duration: 10080.012160002138
