comms_cons: 65.82489599968731
finished_reconf: true
global_termination_time: 653416.0041200002
local_termination_time: 26035.223000000005
node_cons: 13448.032900801638
tot_aggregated_send: 9048
tot_msg_rcv: 375
tot_msg_sent: 582
tot_reconf_duration: 3.05
tot_sleeping_duration: 643375.756919999
tot_uptimes: 168
tot_uptimes_duration: 10040.247200001206
