comms_cons: 69.78557439844953
finished_reconf: true
global_termination_time: 654050.144
local_termination_time: 202167.50436000002
node_cons: 13427.47283008368
tot_aggregated_send: 8120
tot_msg_rcv: 915
tot_msg_sent: 1572
tot_reconf_duration: 7.819999999999999
tot_sleeping_duration: 644030.0892799972
tot_uptimes: 168
tot_uptimes_duration: 10020.054720002758
