comms_cons: 64.33958400075431
finished_reconf: true
global_termination_time: 654880.029
local_termination_time: 233575.9600000009
node_cons: 13424.162081121442
tot_aggregated_send: 8874
tot_msg_rcv: 317
tot_msg_sent: 589
tot_reconf_duration: 5.43
tot_sleeping_duration: 644860.022919999
tot_uptimes: 168
tot_uptimes_duration: 10020.006080001069
