comms_cons: 1422.433332147374
finished_reconf: true
global_termination_time: 2946060.4266
local_termination_time: 2946060.3854799997
node_cons: 178483.44506292348
tot_aggregated_send: 0
tot_msg_rcv: 87459
tot_msg_sent: 128739
tot_reconf_duration: 37.410000000000004
tot_sleeping_duration: 2812802.2919600224
tot_uptimes: 2187
tot_uptimes_duration: 133258.13463997733
