comms_cons: 294.61720320779847
finished_reconf: true
global_termination_time: 2950814.835
local_termination_time: 1987274.3143599988
node_cons: 60691.09810558371
tot_aggregated_send: 41354
tot_msg_rcv: 1118
tot_msg_sent: 2308
tot_reconf_duration: 25.299999999999997
tot_sleeping_duration: 2905514.804600011
tot_uptimes: 756
tot_uptimes_duration: 45300.03039998864
