comms_cons: 579.4417539863106
finished_reconf: true
global_termination_time: 2947770.873
local_termination_time: 2206.0504800000003
node_cons: 60592.54462335425
tot_aggregated_send: 0
tot_msg_rcv: 44334
tot_msg_sent: 43734
tot_reconf_duration: 11.899999999999999
tot_sleeping_duration: 2902530.8547600033
tot_uptimes: 755
tot_uptimes_duration: 45240.01823999657
