comms_cons: 289.6624383863161
finished_reconf: true
global_termination_time: 2946830.153
local_termination_time: 2190375.17036
node_cons: 60583.74208111591
tot_aggregated_send: 40426
tot_msg_rcv: 1151
tot_msg_sent: 2450
tot_reconf_duration: 5.43
tot_sleeping_duration: 2901590.1469200025
tot_uptimes: 755
tot_uptimes_duration: 45240.006079997635
