comms_cons: 28.079078400091028
finished_reconf: true
global_termination_time: 284402.672
local_termination_time: 143135.52648000006
node_cons: 5788.62189999999
tot_aggregated_send: 3712
tot_msg_rcv: 146
tot_msg_sent: 409
tot_reconf_duration: 3.05
tot_sleeping_duration: 280082.672
tot_uptimes: 73
tot_uptimes_duration: 4320.0
