comms_cons: 32.10712320000824
finished_reconf: true
global_termination_time: 331603.999
local_termination_time: 320352.17836
node_cons: 6782.917399999992
tot_aggregated_send: 4756
tot_msg_rcv: 32
tot_msg_sent: 92
tot_reconf_duration: 25.299999999999997
tot_sleeping_duration: 326563.999
tot_uptimes: 85
tot_uptimes_duration: 5040.0
