comms_cons: 32.73809920009253
finished_reconf: true
global_termination_time: 333664.317
local_termination_time: 2344.1065600000006
node_cons: 6835.431980000008
tot_aggregated_send: 4814
tot_msg_rcv: 48
tot_msg_sent: 114
tot_reconf_duration: 4.8100000000000005
tot_sleeping_duration: 328564.317
tot_uptimes: 86
tot_uptimes_duration: 5100.0
