comms_cons: 32.823628800112814
finished_reconf: true
global_termination_time: 332915.393
local_termination_time: 127899.3711199997
node_cons: 6833.041899999992
tot_aggregated_send: 4756
tot_msg_rcv: 61
tot_msg_sent: 172
tot_reconf_duration: 3.05
tot_sleeping_duration: 327815.393
tot_uptimes: 86
tot_uptimes_duration: 5100.0
