comms_cons: 32.49466880009604
finished_reconf: true
global_termination_time: 334496.268
local_termination_time: 330253.7310400008
node_cons: 6839.519560000018
tot_aggregated_send: 4872
tot_msg_rcv: 21
tot_msg_sent: 46
tot_reconf_duration: 7.819999999999999
tot_sleeping_duration: 329396.268
tot_uptimes: 86
tot_uptimes_duration: 5100.0
