comms_cons: 96.93196801014084
finished_reconf: true
global_termination_time: 330269.1605200004
local_termination_time: 330269.1194000004
node_cons: 13638.765585523377
tot_aggregated_send: 0
tot_msg_rcv: 4919
tot_msg_sent: 9813
tot_reconf_duration: 24.59
tot_sleeping_duration: 320108.31483999785
tot_uptimes: 168
tot_uptimes_duration: 10160.845680002501
