comms_cons: 101.88611839816127
finished_reconf: true
global_termination_time: 1035810.392
local_termination_time: 212548.04540000082
node_cons: 21294.282640000016
tot_aggregated_send: 14906
tot_msg_rcv: 174
tot_msg_sent: 406
tot_reconf_duration: 3.08
tot_sleeping_duration: 1019910.392
tot_uptimes: 266
tot_uptimes_duration: 15900.0
