comms_cons: 103.03027199629145
finished_reconf: true
global_termination_time: 1035118.275
local_termination_time: 208933.53160000007
node_cons: 21304.97010000001
tot_aggregated_send: 14906
tot_msg_rcv: 300
tot_msg_sent: 454
tot_reconf_duration: 10.95
tot_sleeping_duration: 1019218.275
tot_uptimes: 266
tot_uptimes_duration: 15900.0
