comms_cons: 102.10260479892263
finished_reconf: true
global_termination_time: 1035934.153
local_termination_time: 325183.27336000005
node_cons: 21305.46712112146
tot_aggregated_send: 15080
tot_msg_rcv: 158
tot_msg_sent: 281
tot_reconf_duration: 11.31
tot_sleeping_duration: 1020034.1469199989
tot_uptimes: 266
tot_uptimes_duration: 15900.006080001069
