comms_cons: 422.19568643374663
finished_reconf: true
global_termination_time: 4325611.413
local_termination_time: 1031833.4363599998
node_cons: 88943.96848334867
tot_aggregated_send: 59914
tot_msg_rcv: 1528
tot_msg_sent: 2729
tot_reconf_duration: 5.57
tot_sleeping_duration: 4259191.394760006
tot_uptimes: 1108
tot_uptimes_duration: 66420.01823999337
