comms_cons: 423.9116416134639
finished_reconf: true
global_termination_time: 4325810.181
local_termination_time: 2740696.7803599997
node_cons: 88970.7455411142
tot_aggregated_send: 59914
tot_msg_rcv: 1614
tot_msg_sent: 2904
tot_reconf_duration: 25.299999999999997
tot_sleeping_duration: 4259390.174920002
tot_uptimes: 1108
tot_uptimes_duration: 66420.00607999763
