comms_cons: 61.445990399080095
finished_reconf: true
global_termination_time: 602351.201479999
local_termination_time: 214874.0025200004
node_cons: 12441.816806321192
tot_aggregated_send: 8062
tot_msg_rcv: 377
tot_msg_sent: 898
tot_reconf_duration: 9.11
tot_sleeping_duration: 593068.5685999981
tot_uptimes: 155
tot_uptimes_duration: 9282.632880000863
