comms_cons: 59.745715199805844
finished_reconf: true
global_termination_time: 603228.282
local_termination_time: 341466.49164000084
node_cons: 12385.160501121427
tot_aggregated_send: 8584
tot_msg_rcv: 156
tot_msg_sent: 341
tot_reconf_duration: 9.42
tot_sleeping_duration: 593988.2759199989
tot_uptimes: 155
tot_uptimes_duration: 9240.006080001069
