comms_cons: 61.71352319947105
finished_reconf: true
global_termination_time: 603911.055
local_termination_time: 322007.33408000064
node_cons: 12389.527822238288
tot_aggregated_send: 8062
tot_msg_rcv: 454
tot_msg_sent: 865
tot_reconf_duration: 12.629999999999999
tot_sleeping_duration: 594671.0428400014
tot_uptimes: 155
tot_uptimes_duration: 9240.012159998703
