comms_cons: 60.607590400130164
finished_reconf: true
global_termination_time: 604505.835
local_termination_time: 200619.40836000003
node_cons: 12376.534464485723
tot_aggregated_send: 8236
tot_msg_rcv: 278
tot_msg_sent: 698
tot_reconf_duration: 3.05
tot_sleeping_duration: 595265.8106799957
tot_uptimes: 155
tot_uptimes_duration: 9240.024320004275
