comms_cons: 120.75999359644565
finished_reconf: true
global_termination_time: 604635.491
local_termination_time: 166349.24260000006
node_cons: 12383.012124476512
tot_aggregated_send: 0
tot_msg_rcv: 9417
tot_msg_sent: 8938
tot_reconf_duration: 7.819999999999999
tot_sleeping_duration: 595395.4666800026
tot_uptimes: 155
tot_uptimes_duration: 9240.024319997407
