comms_cons: 140.88908799439852
finished_reconf: true
global_termination_time: 1411251.67
local_termination_time: 699704.1474799999
node_cons: 29011.194901116996
tot_aggregated_send: 20126
tot_msg_rcv: 480
tot_msg_sent: 808
tot_reconf_duration: 6.22
tot_sleeping_duration: 1389591.6639200023
tot_uptimes: 362
tot_uptimes_duration: 21660.006079997635
