comms_cons: 87.0033407953505
finished_reconf: true
global_termination_time: 857884.64
local_termination_time: 5296.021000000001
node_cons: 17601.309724476552
tot_aggregated_send: 11595
tot_msg_rcv: 629
tot_msg_sent: 999
tot_reconf_duration: 5.02
tot_sleeping_duration: 844744.6156800026
tot_uptimes: 220
tot_uptimes_duration: 13140.024319997407
