comms_cons: 86.56253439683087
finished_reconf: true
global_termination_time: 858212.982
local_termination_time: 7055.263
node_cons: 17599.881087836286
tot_aggregated_send: 11827
tot_msg_rcv: 453
tot_msg_sent: 877
tot_reconf_duration: 3.95
tot_sleeping_duration: 845072.9394400028
tot_uptimes: 220
tot_uptimes_duration: 13140.042559997208
