comms_cons: 88.75998719658277
finished_reconf: true
global_termination_time: 855761.1914799999
local_termination_time: 32369.492560000002
node_cons: 17619.132412075047
tot_aggregated_send: 11484
tot_msg_rcv: 781
tot_msg_sent: 1225
tot_reconf_duration: 3.05
tot_sleeping_duration: 842605.8587600036
tot_uptimes: 220
tot_uptimes_duration: 13155.33271999628
