comms_cons: 85.9211583966583
finished_reconf: true
global_termination_time: 858526.588
local_termination_time: 529907.4213999982
node_cons: 17602.923042233808
tot_aggregated_send: 11948
tot_msg_rcv: 359
tot_msg_sent: 753
tot_reconf_duration: 6.22
tot_sleeping_duration: 845386.5758400047
tot_uptimes: 220
tot_uptimes_duration: 13140.012159995269
