comms_cons: 203.01548798550866
finished_reconf: true
global_termination_time: 2013618.6312400002
local_termination_time: 14171.200480000001
node_cons: 41454.08374606564
tot_aggregated_send: 27956
tot_msg_rcv: 1048
tot_msg_sent: 1852
tot_reconf_duration: 18.21
tot_sleeping_duration: 1982678.1125200107
tot_uptimes: 516
tot_uptimes_duration: 30940.518719989515
