comms_cons: 202.0646975877191
finished_reconf: true
global_termination_time: 2017423.476
local_termination_time: 705774.0973599999
node_cons: 41466.0921244671
tot_aggregated_send: 27608
tot_msg_rcv: 1074
tot_msg_sent: 2030
tot_reconf_duration: 7.819999999999999
tot_sleeping_duration: 1986463.4516800095
tot_uptimes: 517
tot_uptimes_duration: 30960.024319990538
