comms_cons: 223.81356799262227
finished_reconf: true
global_termination_time: 2260180.214
local_termination_time: 223237.63784000013
node_cons: 46440.71078111859
tot_aggregated_send: 32422
tot_msg_rcv: 551
tot_msg_sent: 1045
tot_reconf_duration: 3.08
tot_sleeping_duration: 2225500.2079200004
tot_uptimes: 579
tot_uptimes_duration: 34680.006079999366
