comms_cons: 227.13102717100304
finished_reconf: true
global_termination_time: 2258741.142
local_termination_time: 1466317.5911999997
node_cons: 46443.084544466874
tot_aggregated_send: 30276
tot_msg_rcv: 1452
tot_msg_sent: 2794
tot_reconf_duration: 4.8100000000000005
tot_sleeping_duration: 2224061.1176800095
tot_uptimes: 579
tot_uptimes_duration: 34680.02431999054
