comms_cons: 224.43875199601013
finished_reconf: true
global_termination_time: 2258609.036
local_termination_time: 1447708.3693600001
node_cons: 46461.914599999705
tot_aggregated_send: 32712
tot_msg_rcv: 606
tot_msg_sent: 795
tot_reconf_duration: 18.700000000000003
tot_sleeping_duration: 2223929.036
tot_uptimes: 579
tot_uptimes_duration: 34680.0
