comms_cons: 444.06439048981946
finished_reconf: true
global_termination_time: 4397331.69
local_termination_time: 2384197.4327599984
node_cons: 90469.4208267002
tot_aggregated_send: 61132
tot_msg_rcv: 2182
tot_msg_sent: 4180
tot_reconf_duration: 4.8100000000000005
tot_sleeping_duration: 4329771.653520013
tot_uptimes: 1127
tot_uptimes_duration: 67560.03647998697
