comms_cons: 443.1909761000737
finished_reconf: true
global_termination_time: 4395989.055
local_termination_time: 777668.1431999985
node_cons: 90397.93225005054
tot_aggregated_send: 60784
tot_msg_rcv: 2111
tot_msg_sent: 4467
tot_reconf_duration: 11.31
tot_sleeping_duration: 4328489.00028002
tot_uptimes: 1126
tot_uptimes_duration: 67500.05471997987
