comms_cons: 444.04994569995915
finished_reconf: true
global_termination_time: 4395318.578
local_termination_time: 509137.00084000063
node_cons: 90403.42941340114
tot_aggregated_send: 61074
tot_msg_rcv: 2243
tot_msg_sent: 4176
tot_reconf_duration: 15.34
tot_sleeping_duration: 4327818.505040027
tot_uptimes: 1126
tot_uptimes_duration: 67500.07295997278
