comms_cons: 111.89370879790522
finished_reconf: true
global_termination_time: 1146168.179
local_termination_time: 442886.025
node_cons: 23546.5702233551
tot_aggregated_send: 14786
tot_msg_rcv: 757
tot_msg_sent: 1465
tot_reconf_duration: 5.1
tot_sleeping_duration: 1128588.1607600036
tot_uptimes: 294
tot_uptimes_duration: 17580.018239996338
