comms_cons: 111.56273919344198
finished_reconf: true
global_termination_time: 1146085.152
local_termination_time: 409506.4988400006
node_cons: 23560.171944467347
tot_aggregated_send: 15370
tot_msg_rcv: 490
tot_msg_sent: 1097
tot_reconf_duration: 15.110000000000001
tot_sleeping_duration: 1128505.1276800095
tot_uptimes: 294
tot_uptimes_duration: 17580.024319990538
