comms_cons: 115.57022719573354
finished_reconf: true
global_termination_time: 1147579.293
local_termination_time: 484318.33736000006
node_cons: 23546.17640335053
tot_aggregated_send: 15544
tot_msg_rcv: 685
tot_msg_sent: 1337
tot_reconf_duration: 4.8100000000000005
tot_sleeping_duration: 1129999.2747600072
tot_uptimes: 294
tot_uptimes_duration: 17580.018239992904
