comms_cons: 113.22803199517395
finished_reconf: true
global_termination_time: 1145921.708
local_termination_time: 527844.7943999983
node_cons: 23545.581620000055
tot_aggregated_send: 15950
tot_msg_rcv: 450
tot_msg_sent: 810
tot_reconf_duration: 4.390000000000001
tot_sleeping_duration: 1128341.708
tot_uptimes: 294
tot_uptimes_duration: 17580.0
