comms_cons: 110.94504958983406
finished_reconf: true
global_termination_time: 1104650.572
local_termination_time: 7338.455
node_cons: 22668.686738309392
tot_aggregated_send: 15012
tot_msg_rcv: 644
tot_msg_sent: 1207
tot_reconf_duration: 9.41
tot_sleeping_duration: 1087730.5511200079
tot_uptimes: 283
tot_uptimes_duration: 16920.02087999205
