comms_cons: 138.26846719764893
finished_reconf: true
global_termination_time: 1424224.749
local_termination_time: 621892.2133599978
node_cons: 29287.135344153943
tot_aggregated_send: 20184
tot_msg_rcv: 265
tot_msg_sent: 567
tot_reconf_duration: 18.21
tot_sleeping_duration: 1402370.8235600046
tot_uptimes: 365
tot_uptimes_duration: 21853.92543999548
