comms_cons: 279.83262700466537
finished_reconf: true
global_termination_time: 1428565.05
local_termination_time: 390.42603999999943
node_cons: 29328.266323355143
tot_aggregated_send: 0
tot_msg_rcv: 21358
tot_msg_sent: 21174
tot_reconf_duration: 3.05
tot_sleeping_duration: 1406665.0317600037
tot_uptimes: 366
tot_uptimes_duration: 21900.018239996338
