comms_cons: 97.82675200000125
finished_reconf: true
global_termination_time: 994779.682
local_termination_time: 7479.206000000001
node_cons: 20438.85964223829
tot_aggregated_send: 14477
tot_msg_rcv: 158
tot_msg_sent: 234
tot_reconf_duration: 23.919999999999998
tot_sleeping_duration: 979539.6698400014
tot_uptimes: 255
tot_uptimes_duration: 15240.012159998703
