comms_cons: 97.38531839850285
finished_reconf: true
global_termination_time: 993244.706
local_termination_time: 6281.984
node_cons: 20410.12166000003
tot_aggregated_send: 14612
tot_msg_rcv: 76
tot_msg_sent: 114
tot_reconf_duration: 2.77
tot_sleeping_duration: 978004.706
tot_uptimes: 255
tot_uptimes_duration: 15240.0
