comms_cons: 97.88533759894
finished_reconf: true
global_termination_time: 992916.975
local_termination_time: 7247.6269999999995
node_cons: 20414.211942238293
tot_aggregated_send: 14435
tot_msg_rcv: 151
tot_msg_sent: 292
tot_reconf_duration: 5.77
tot_sleeping_duration: 977676.9628400013
tot_uptimes: 255
tot_uptimes_duration: 15240.012159998703
