comms_cons: 98.87942399762424
finished_reconf: true
global_termination_time: 994700.239
local_termination_time: 6829.9490000000005
node_cons: 20412.419382236014
tot_aggregated_send: 14031
tot_msg_rcv: 300
tot_msg_sent: 698
tot_reconf_duration: 4.45
tot_sleeping_duration: 979460.2268400029
tot_uptimes: 255
tot_uptimes_duration: 15240.012159997
