comms_cons: 97.7405951982931
finished_reconf: true
global_termination_time: 994762.046
local_termination_time: 5794.133
node_cons: 20422.984622238295
tot_aggregated_send: 14429
tot_msg_rcv: 135
tot_msg_sent: 292
tot_reconf_duration: 12.23
tot_sleeping_duration: 979522.0338400013
tot_uptimes: 255
tot_uptimes_duration: 15240.012159998703
