comms_cons: 213.04302078968018
finished_reconf: true
global_termination_time: 2180425.215
local_termination_time: 860198.4831999986
node_cons: 44854.4817444668
tot_aggregated_send: 30392
tot_msg_rcv: 607
tot_msg_sent: 1382
tot_reconf_duration: 18.21
tot_sleeping_duration: 2146945.1906800093
tot_uptimes: 559
tot_uptimes_duration: 33480.02431999054
