comms_cons: 214.13949439260122
finished_reconf: true
global_termination_time: 2179895.664
local_termination_time: 730822.569
node_cons: 44844.19952207665
tot_aggregated_send: 31200
tot_msg_rcv: 467
tot_msg_sent: 881
tot_reconf_duration: 7.819999999999999
tot_sleeping_duration: 2146412.781280002
tot_uptimes: 559
tot_uptimes_duration: 33482.88271999778
