comms_cons: 216.27146239135652
finished_reconf: true
global_termination_time: 2178250.65648
local_termination_time: 2178250.6153599997
node_cons: 44801.139800952675
tot_aggregated_send: 31190
tot_msg_rcv: 571
tot_msg_sent: 1110
tot_reconf_duration: 24.59
tot_sleeping_duration: 2144816.939840005
tot_uptimes: 558
tot_uptimes_duration: 33433.71663999511
