comms_cons: 164.12472319479912
finished_reconf: true
global_termination_time: 1649986.449
local_termination_time: 1017144.6302399979
node_cons: 33942.743114473924
tot_aggregated_send: 23548
tot_msg_rcv: 475
tot_msg_sent: 923
tot_reconf_duration: 18.21
tot_sleeping_duration: 1624655.5946800045
tot_uptimes: 423
tot_uptimes_duration: 25330.854319995502
