comms_cons: 119.24363519195951
finished_reconf: true
global_termination_time: 1189418.194
local_termination_time: 280539.9568000007
node_cons: 24441.293706714805
tot_aggregated_send: 15718
tot_msg_rcv: 900
tot_msg_sent: 1506
tot_reconf_duration: 13.17
tot_sleeping_duration: 1171178.1575200038
tot_uptimes: 305
tot_uptimes_duration: 18240.03647999611
