comms_cons: 121.48326399165177
finished_reconf: true
global_termination_time: 1188699.137
local_termination_time: 467533.37604000076
node_cons: 24427.615910065342
tot_aggregated_send: 15602
tot_msg_rcv: 1104
tot_msg_sent: 1760
tot_reconf_duration: 3.08
tot_sleeping_duration: 1170459.082280011
tot_uptimes: 305
tot_uptimes_duration: 18240.054719989013
