comms_cons: 115.55048959668382
finished_reconf: true
global_termination_time: 1190532.308
local_termination_time: 601650.0643599998
node_cons: 24443.895662238283
tot_aggregated_send: 15950
tot_msg_rcv: 595
tot_msg_sent: 1018
tot_reconf_duration: 15.110000000000001
tot_sleeping_duration: 1172292.2958400012
tot_uptimes: 305
tot_uptimes_duration: 18240.012159998703
