comms_cons: 114.92780799818351
finished_reconf: true
global_termination_time: 1189255.112
local_termination_time: 643081.1843599998
node_cons: 24448.779023359668
tot_aggregated_send: 16066
tot_msg_rcv: 426
tot_msg_sent: 976
tot_reconf_duration: 18.700000000000003
tot_sleeping_duration: 1171015.0937600003
tot_uptimes: 305
tot_uptimes_duration: 18240.018239999772
