comms_cons: 50.60887680101645
finished_reconf: true
global_termination_time: 490395.559
local_termination_time: 200365.81036000006
node_cons: 10050.104765607175
tot_aggregated_send: 6090
tot_msg_rcv: 493
tot_msg_sent: 1108
tot_reconf_duration: 5.57
tot_sleeping_duration: 482895.52859999466
tot_uptimes: 126
tot_uptimes_duration: 7500.030400005344
