comms_cons: 48.659763200442725
finished_reconf: true
global_termination_time: 493741.022
local_termination_time: 345900.13936000003
node_cons: 10140.741142242852
tot_aggregated_send: 6902
tot_msg_rcv: 154
tot_msg_sent: 340
tot_reconf_duration: 13.17
tot_sleeping_duration: 486181.00983999786
tot_uptimes: 127
tot_uptimes_duration: 7560.0121600021375
