comms_cons: 49.27065600075128
finished_reconf: true
global_termination_time: 494766.566
local_termination_time: 287421.722
node_cons: 10153.631264485766
tot_aggregated_send: 6589
tot_msg_rcv: 255
tot_msg_sent: 644
tot_reconf_duration: 22.65
tot_sleeping_duration: 487206.5416799957
tot_uptimes: 127
tot_uptimes_duration: 7560.024320004275
