comms_cons: 49.608870401098216
finished_reconf: true
global_termination_time: 492504.17
local_termination_time: 186090.77836000005
node_cons: 10126.998182242853
tot_aggregated_send: 6670
tot_msg_rcv: 232
tot_msg_sent: 638
tot_reconf_duration: 3.05
tot_sleeping_duration: 484944.15783999785
tot_uptimes: 127
tot_uptimes_duration: 7560.012160002134
