comms_cons: 2.2698239999967202
finished_reconf: true
global_termination_time: 13601.994
local_termination_time: 11246.08736
node_cons: 247.94579999999803
tot_aggregated_send: 0
tot_msg_rcv: 175
tot_msg_sent: 170
tot_reconf_duration: 5.1
tot_sleeping_duration: 13421.994
tot_uptimes: 4
tot_uptimes_duration: 180.0
