comms_cons: 2.2632447999967056
finished_reconf: true
global_termination_time: 12578.509
local_termination_time: 8181.75236
node_cons: 247.55198000000178
tot_aggregated_send: 0
tot_msg_rcv: 174
tot_msg_sent: 170
tot_reconf_duration: 4.8100000000000005
tot_sleeping_duration: 12398.508999999998
tot_uptimes: 4
tot_uptimes_duration: 180.0000000000009
