comms_cons: 645.8806912917055
finished_reconf: true
global_termination_time: 6574939.281
local_termination_time: 4368538.109359999
node_cons: 135219.17022334624
tot_aggregated_send: 91756
tot_msg_rcv: 2100
tot_msg_sent: 4315
tot_reconf_duration: 5.1
tot_sleeping_duration: 6473959.262760007
tot_uptimes: 1684
tot_uptimes_duration: 100980.01823999337
