comms_cons: 265.1232767930818
finished_reconf: true
global_termination_time: 2640756.6382399974
local_termination_time: 1066.5684800000004
node_cons: 54353.65346494418
tot_aggregated_send: 36946
tot_msg_rcv: 1209
tot_msg_sent: 2142
tot_reconf_duration: 18.21
tot_sleeping_duration: 2600182.3856000085
tot_uptimes: 677
tot_uptimes_duration: 40574.252639988845
