comms_cons: 141.24592636887968
finished_reconf: true
global_termination_time: 721971.07
local_termination_time: 3087.21948
node_cons: 14813.343123359715
tot_aggregated_send: 0
tot_msg_rcv: 10807
tot_msg_sent: 10660
tot_reconf_duration: 22.65
tot_sleeping_duration: 710931.0517600002
tot_uptimes: 185
tot_uptimes_duration: 11040.018239999772
