comms_cons: 123.993420795617
finished_reconf: true
global_termination_time: 1239419.3592400004
local_termination_time: 156285.88236000008
node_cons: 25525.258841594066
tot_aggregated_send: 17168
tot_msg_rcv: 569
tot_msg_sent: 1107
tot_reconf_duration: 4.390000000000001
tot_sleeping_duration: 1220360.8848400048
tot_uptimes: 318
tot_uptimes_duration: 19058.474399995524
