comms_cons: 39.25150720049215
finished_reconf: true
global_termination_time: 395856.938
local_termination_time: 328981.47884000017
node_cons: 8118.481900000074
tot_aggregated_send: 5510
tot_msg_rcv: 164
tot_msg_sent: 292
tot_reconf_duration: 3.05
tot_sleeping_duration: 389796.938
tot_uptimes: 102
tot_uptimes_duration: 6060.0
