comms_cons: 73.50282239946718
finished_reconf: true
global_termination_time: 719691.044
local_termination_time: 258133.49564000036
node_cons: 14793.195842242854
tot_aggregated_send: 9802
tot_msg_rcv: 501
tot_msg_sent: 869
tot_reconf_duration: 7.819999999999999
tot_sleeping_duration: 708651.0318399979
tot_uptimes: 185
tot_uptimes_duration: 11040.012160002138
