comms_cons: 22.61928959993468
finished_reconf: true
global_termination_time: 222203.23
local_termination_time: 41544.39148000001
node_cons: 4506.620342238306
tot_aggregated_send: 2842
tot_msg_rcv: 193
tot_msg_sent: 403
tot_reconf_duration: 5.57
tot_sleeping_duration: 218843.21784000128
tot_uptimes: 57
tot_uptimes_duration: 3360.0121599987324
