comms_cons: 22.402176000032892
finished_reconf: true
global_termination_time: 219164.905
local_termination_time: 36061.803480000104
node_cons: 4509.659560000003
tot_aggregated_send: 2842
tot_msg_rcv: 161
tot_msg_sent: 402
tot_reconf_duration: 7.819999999999999
tot_sleeping_duration: 215804.905
tot_uptimes: 57
tot_uptimes_duration: 3360.0
