comms_cons: 21.96857600033125
finished_reconf: true
global_termination_time: 221929.5
local_termination_time: 23658.85004
node_cons: 4514.407121120292
tot_aggregated_send: 2958
tot_msg_rcv: 100
tot_msg_sent: 281
tot_reconf_duration: 11.31
tot_sleeping_duration: 218569.49391999978
tot_uptimes: 57
tot_uptimes_duration: 3360.0060800002175
