comms_cons: 379.1655680266054
finished_reconf: true
global_termination_time: 3815341.381
local_termination_time: 2487805.9243199998
node_cons: 78499.76034223277
tot_aggregated_send: 52954
tot_msg_rcv: 1599
tot_msg_sent: 3077
tot_reconf_duration: 5.57
tot_sleeping_duration: 3756721.3688400043
tot_uptimes: 978
tot_uptimes_duration: 58620.012159995735
