comms_cons: 1727.4926807198774
finished_reconf: true
global_termination_time: 3813806.96
local_termination_time: 1812879.4529599997
node_cons: 230426.84629232791
tot_aggregated_send: 0
tot_msg_rcv: 106383
tot_msg_sent: 156187
tot_reconf_duration: 6.22
tot_sleeping_duration: 3641724.5107600177
tot_uptimes: 2829
tot_uptimes_duration: 172082.44923998212
