comms_cons: 164.39509759406155
finished_reconf: true
global_termination_time: 1657562.102
local_termination_time: 326019.82536
node_cons: 34076.53952111681
tot_aggregated_send: 23606
tot_msg_rcv: 402
tot_msg_sent: 979
tot_reconf_duration: 9.11
tot_sleeping_duration: 1632122.0959200023
tot_uptimes: 425
tot_uptimes_duration: 25440.006079997635
