comms_cons: 168.47150718314506
finished_reconf: true
global_termination_time: 1663189.97
local_termination_time: 208386.44668000072
node_cons: 34150.575595644856
tot_aggregated_send: 22272
tot_msg_rcv: 1141
tot_msg_sent: 2192
tot_reconf_duration: 4.390000000000001
tot_sleeping_duration: 1637689.8848800263
tot_uptimes: 426
tot_uptimes_duration: 25500.08511997375
