comms_cons: 168.8354303822375
finished_reconf: true
global_termination_time: 1659774.585
local_termination_time: 953149.8554799998
node_cons: 34165.348002233615
tot_aggregated_send: 22272
tot_msg_rcv: 1304
tot_msg_sent: 2086
tot_reconf_duration: 15.34
tot_sleeping_duration: 1634274.5728400047
tot_uptimes: 426
tot_uptimes_duration: 25500.01215999527
