comms_cons: 17.899680000020666
finished_reconf: true
global_termination_time: 180794.34148000006
local_termination_time: 180794.30036000005
node_cons: 3747.391659840404
tot_aggregated_send: 2538
tot_msg_rcv: 55
tot_msg_sent: 126
tot_reconf_duration: 24.59
tot_sleeping_duration: 178020.6309199998
tot_uptimes: 47
tot_uptimes_duration: 2773.7105600002906
