comms_cons: 111.67499519450769
finished_reconf: true
global_termination_time: 181081.114
local_termination_time: 21428.301600000003
node_cons: 17854.954111720894
tot_aggregated_send: 0
tot_msg_rcv: 7754
tot_msg_sent: 9219
tot_reconf_duration: 4.390000000000001
tot_sleeping_duration: 167751.02251999933
tot_uptimes: 213
tot_uptimes_duration: 13330.091480000654
