comms_cons: 80.2931839964016
finished_reconf: true
global_termination_time: 791542.908
local_termination_time: 466868.5407600009
node_cons: 16237.151183350481
tot_aggregated_send: 10672
tot_msg_rcv: 486
tot_msg_sent: 1047
tot_reconf_duration: 6.22
tot_sleeping_duration: 779422.8897600072
tot_uptimes: 203
tot_uptimes_duration: 12120.018239992904
