comms_cons: 27.739788800385192
finished_reconf: true
global_termination_time: 235110.60324000026
local_termination_time: 9727.70448
node_cons: 4881.794534962961
tot_aggregated_send: 2030
tot_msg_rcv: 779
tot_msg_sent: 1407
tot_reconf_duration: 18.21
tot_sleeping_duration: 231483.22059999805
tot_uptimes: 61
tot_uptimes_duration: 3627.382640002208
