comms_cons: 24.152870400381005
finished_reconf: true
global_termination_time: 239107.22
local_termination_time: 128400.01399999946
node_cons: 4906.709761121434
tot_aggregated_send: 2900
tot_msg_rcv: 249
tot_msg_sent: 523
tot_reconf_duration: 4.390000000000001
tot_sleeping_duration: 235447.21391999893
tot_uptimes: 62
tot_uptimes_duration: 3660.0060800010688
