comms_cons: 88.6839167980857
finished_reconf: true
global_termination_time: 884542.685999999
local_termination_time: 884542.6448799991
node_cons: 18255.565804241563
tot_aggregated_send: 12212
tot_msg_rcv: 363
tot_msg_sent: 902
tot_reconf_duration: 37.410000000000004
tot_sleeping_duration: 870946.8958399979
tot_uptimes: 227
tot_uptimes_duration: 13595.79016000114
