comms_cons: 88.95082239693447
finished_reconf: true
global_termination_time: 887254.497
local_termination_time: 414655.81436
node_cons: 18262.599023359657
tot_aggregated_send: 11832
tot_msg_rcv: 595
tot_msg_sent: 1092
tot_reconf_duration: 18.700000000000003
tot_sleeping_duration: 873634.4787600002
tot_uptimes: 228
tot_uptimes_duration: 13620.018239999772
