comms_cons: 91.91906559730067
finished_reconf: true
global_termination_time: 889964.668
local_termination_time: 119244.8463599997
node_cons: 18247.83212448116
tot_aggregated_send: 11716
tot_msg_rcv: 855
tot_msg_sent: 1401
tot_reconf_duration: 7.819999999999999
tot_sleeping_duration: 876344.6436799992
tot_uptimes: 228
tot_uptimes_duration: 13620.02432000084
