comms_cons: 261.77320961914876
finished_reconf: true
global_termination_time: 2601275.127
local_termination_time: 447564.33604000026
node_cons: 53512.4260433499
tot_aggregated_send: 36366
tot_msg_rcv: 1158
tot_msg_sent: 2264
tot_reconf_duration: 4.390000000000001
tot_sleeping_duration: 2561315.1087600067
tot_uptimes: 667
tot_uptimes_duration: 39960.01823999314
