comms_cons: 300.99182078308604
finished_reconf: true
global_termination_time: 621992.0981999997
local_termination_time: 48793.238480000015
node_cons: 37887.83651140518
tot_aggregated_send: 0
tot_msg_rcv: 18439
tot_msg_sent: 27310
tot_reconf_duration: 18.21
tot_sleeping_duration: 593714.9455999957
tot_uptimes: 463
tot_uptimes_duration: 28277.152600003985
