comms_cons: 123.9056639932896
finished_reconf: true
global_termination_time: 621992.0981999997
local_termination_time: 51308.50736000002
node_cons: 12794.104257921
tot_aggregated_send: 0
tot_msg_rcv: 9602
tot_msg_sent: 9229
tot_reconf_duration: 4.390000000000001
tot_sleeping_duration: 612441.5809199989
tot_uptimes: 160
tot_uptimes_duration: 9550.517280000728
