comms_cons: 48.85181440067878
finished_reconf: true
global_termination_time: 489838.775
local_termination_time: 291296.30700000003
node_cons: 10063.783873522849
tot_aggregated_send: 6715
tot_msg_rcv: 189
tot_msg_sent: 522
tot_reconf_duration: 15.34
tot_sleeping_duration: 482338.43731999793
tot_uptimes: 126
tot_uptimes_duration: 7500.337680002092
