comms_cons: 49.975603201010884
finished_reconf: true
global_termination_time: 491079.253
local_termination_time: 324374.85280000075
node_cons: 10053.486220000048
tot_aggregated_send: 6554
tot_msg_rcv: 353
tot_msg_sent: 689
tot_reconf_duration: 8.09
tot_sleeping_duration: 483579.253
tot_uptimes: 126
tot_uptimes_duration: 7500.0
