comms_cons: 50.035443201165606
finished_reconf: true
global_termination_time: 486640.422
local_termination_time: 288204.83036
node_cons: 9974.555803364286
tot_aggregated_send: 6496
tot_msg_rcv: 418
tot_msg_sent: 691
tot_reconf_duration: 9.11
tot_sleeping_duration: 479200.4037599968
tot_uptimes: 125
tot_uptimes_duration: 7440.018240003206
