comms_cons: 49.33770240052265
finished_reconf: true
global_termination_time: 490950.286
local_termination_time: 112727.35135999999
node_cons: 10067.91088224061
tot_aggregated_send: 6496
tot_msg_rcv: 264
tot_msg_sent: 738
tot_reconf_duration: 18.700000000000003
tot_sleeping_duration: 483450.2738399996
tot_uptimes: 126
tot_uptimes_duration: 7500.012160000435
