comms_cons: 50.51572480101227
finished_reconf: true
global_termination_time: 489540.194
local_termination_time: 169752.85732000068
node_cons: 10048.486043364324
tot_aggregated_send: 6438
tot_msg_rcv: 429
tot_msg_sent: 811
tot_reconf_duration: 4.390000000000001
tot_sleeping_duration: 482040.1757599968
tot_uptimes: 126
tot_uptimes_duration: 7500.018240003206
