comms_cons: 50.66704640097725
finished_reconf: true
global_termination_time: 491585.37
local_termination_time: 102965.39127999979
node_cons: 10050.971183364307
tot_aggregated_send: 6496
tot_msg_rcv: 452
tot_msg_sent: 754
tot_reconf_duration: 6.22
tot_sleeping_duration: 484085.3517599968
tot_uptimes: 126
tot_uptimes_duration: 7500.018240003206
