comms_cons: 299.1597952142922
finished_reconf: true
global_termination_time: 2990832.234
local_termination_time: 1642232.87336
node_cons: 61477.284104466155
tot_aggregated_send: 41644
tot_msg_rcv: 1330
tot_msg_sent: 2497
tot_reconf_duration: 12.629999999999999
tot_sleeping_duration: 2944932.20968001
tot_uptimes: 766
tot_uptimes_duration: 45900.02431999042
