comms_cons: 301.51412482128643
finished_reconf: true
global_termination_time: 2990676.06
local_termination_time: 677902.6357999995
node_cons: 61464.31517005132
tot_aggregated_send: 41238
tot_msg_rcv: 1449
tot_msg_sent: 3141
tot_reconf_duration: 3.05
tot_sleeping_duration: 2944776.0052800206
tot_uptimes: 766
tot_uptimes_duration: 45900.05471997941
