comms_cons: 301.36565123154764
finished_reconf: true
global_termination_time: 2988103.722
local_termination_time: 1461722.6665999996
node_cons: 61467.50650446699
tot_aggregated_send: 41296
tot_msg_rcv: 1432
tot_msg_sent: 3077
tot_reconf_duration: 5.43
tot_sleeping_duration: 2942203.6976800086
tot_uptimes: 766
tot_uptimes_duration: 45900.02431999124
