comms_cons: 66.04103680132134
finished_reconf: true
global_termination_time: 648334.26
local_termination_time: 60427.060480000015
node_cons: 13342.980121121447
tot_aggregated_send: 8932
tot_msg_rcv: 409
tot_msg_sent: 696
tot_reconf_duration: 4.8100000000000005
tot_sleeping_duration: 638374.2539199989
tot_uptimes: 167
tot_uptimes_duration: 9960.006080001069
