comms_cons: 93.4061567947214
finished_reconf: true
global_termination_time: 928685.2134799998
local_termination_time: 928685.1723599999
node_cons: 19092.347942072643
tot_aggregated_send: 12978
tot_msg_rcv: 455
tot_msg_sent: 765
tot_reconf_duration: 24.59
tot_sleeping_duration: 914451.4907600053
tot_uptimes: 238
tot_uptimes_duration: 14233.722719994475
