comms_cons: 124.72225279134997
finished_reconf: true
global_termination_time: 930050.988
local_termination_time: 542373.9063599999
node_cons: 19125.06190000009
tot_aggregated_send: 0
tot_msg_rcv: 9601
tot_msg_sent: 9356
tot_reconf_duration: 3.05
tot_sleeping_duration: 915770.988
tot_uptimes: 239
tot_uptimes_duration: 14280.0
