comms_cons: 91.1667711987871
finished_reconf: true
global_termination_time: 929075.482
local_termination_time: 156456.07256000023
node_cons: 19049.034901116862
tot_aggregated_send: 13282
tot_msg_rcv: 227
tot_msg_sent: 347
tot_reconf_duration: 6.22
tot_sleeping_duration: 914855.4759200023
tot_uptimes: 238
tot_uptimes_duration: 14220.006079997635
