comms_cons: 190.48820471310464
finished_reconf: true
global_termination_time: 960641.943
local_termination_time: 181365.64436000006
node_cons: 19772.208945595703
tot_aggregated_send: 0
tot_msg_rcv: 14914
tot_msg_sent: 14040
tot_reconf_duration: 6.279999999999999
tot_sleeping_duration: 945881.9126000032
tot_uptimes: 247
tot_uptimes_duration: 14760.030399996773
