comms_cons: 188.32811511432743
finished_reconf: true
global_termination_time: 963561.051
local_termination_time: 179807.63960000008
node_cons: 19798.021823357467
tot_aggregated_send: 0
tot_msg_rcv: 14598
tot_msg_sent: 14025
tot_reconf_duration: 25.299999999999997
tot_sleeping_duration: 948801.032760002
tot_uptimes: 247
tot_uptimes_duration: 14760.01823999807
