comms_cons: 95.48151679789659
finished_reconf: true
global_termination_time: 961106.235
local_termination_time: 426857.59
node_cons: 19804.287697042575
tot_aggregated_send: 12816
tot_msg_rcv: 532
tot_msg_sent: 1164
tot_reconf_duration: 22.65
tot_sleeping_duration: 946338.849639998
tot_uptimes: 247
tot_uptimes_duration: 14767.385360001877
