comms_cons: 189.33541751585935
finished_reconf: true
global_termination_time: 961581.389
local_termination_time: 178622.65288000042
node_cons: 19771.046504481143
tot_aggregated_send: 0
tot_msg_rcv: 14731
tot_msg_sent: 14048
tot_reconf_duration: 5.43
tot_sleeping_duration: 946821.3646799992
tot_uptimes: 247
tot_uptimes_duration: 14760.02432000084
