comms_cons: 15.498572799996857
finished_reconf: true
global_termination_time: 3581.8290400000005
local_termination_time: 3581.7879200000007
node_cons: 1732.3150165600018
tot_aggregated_send: 0
tot_msg_rcv: 1120
tot_msg_sent: 1233
tot_reconf_duration: 37.410000000000004
tot_sleeping_duration: 2326.032
tot_uptimes: 19
tot_uptimes_duration: 1255.7970400000008
