comms_cons: 81.08966401044361
finished_reconf: true
global_termination_time: 401649.26380000036
local_termination_time: 2510.3516
node_cons: 8252.754671926807
tot_aggregated_send: 0
tot_msg_rcv: 6383
tot_msg_sent: 5937
tot_reconf_duration: 18.21
tot_sleeping_duration: 395504.3605199953
tot_uptimes: 103
tot_uptimes_duration: 6144.903280005077
