comms_cons: 76.91805439980996
finished_reconf: true
global_termination_time: 776183.63
local_termination_time: 255204.94236000004
node_cons: 15914.718363364307
tot_aggregated_send: 10324
tot_msg_rcv: 382
tot_msg_sent: 985
tot_reconf_duration: 5.43
tot_sleeping_duration: 764303.6117599969
tot_uptimes: 199
tot_uptimes_duration: 11880.018240003206
