comms_cons: 48.89661440044641
finished_reconf: true
global_termination_time: 484392.435
local_termination_time: 68143.12403999982
node_cons: 9970.688240000012
tot_aggregated_send: 6786
tot_msg_rcv: 245
tot_msg_sent: 401
tot_reconf_duration: 6.279999999999999
tot_sleeping_duration: 476952.435
tot_uptimes: 125
tot_uptimes_duration: 7440.0
