comms_cons: 48.4229120004959
finished_reconf: true
global_termination_time: 485547.593
local_termination_time: 115074.86875999947
node_cons: 9974.95236000001
tot_aggregated_send: 6902
tot_msg_rcv: 176
tot_msg_sent: 282
tot_reconf_duration: 9.42
tot_sleeping_duration: 478107.593
tot_uptimes: 125
tot_uptimes_duration: 7440.0
