comms_cons: 47.751833600247906
finished_reconf: true
global_termination_time: 482657.149
local_termination_time: 125980.27159999995
node_cons: 9892.439560000023
tot_aggregated_send: 6960
tot_msg_rcv: 131
tot_msg_sent: 167
tot_reconf_duration: 7.819999999999999
tot_sleeping_duration: 475277.149
tot_uptimes: 124
tot_uptimes_duration: 7380.0
