comms_cons: 279.9096384078619
finished_reconf: true
global_termination_time: 2811173.876
local_termination_time: 6997.926
node_cons: 57855.11802893854
tot_aggregated_send: 39145
tot_msg_rcv: 1050
tot_msg_sent: 2348
tot_reconf_duration: 7.55
tot_sleeping_duration: 2767973.827360016
tot_uptimes: 720
tot_uptimes_duration: 43200.04863998474
