comms_cons: 74.746291200248
finished_reconf: true
global_termination_time: 761984.997
local_termination_time: 274929.87399999995
node_cons: 15672.841406561653
tot_aggregated_send: 11188
tot_msg_rcv: 56
tot_msg_sent: 117
tot_reconf_duration: 4.8100000000000005
tot_sleeping_duration: 750284.9899599988
tot_uptimes: 196
tot_uptimes_duration: 11700.00704000122
