comms_cons: 75.06209279949756
finished_reconf: true
global_termination_time: 759350.498
local_termination_time: 109567.52083999992
node_cons: 15600.83010000002
tot_aggregated_send: 10962
tot_msg_rcv: 167
tot_msg_sent: 280
tot_reconf_duration: 10.95
tot_sleeping_duration: 747710.498
tot_uptimes: 195
tot_uptimes_duration: 11640.0
