comms_cons: 75.88449279978347
finished_reconf: true
global_termination_time: 759862.644
local_termination_time: 140827.56660000008
node_cons: 15606.791720000017
tot_aggregated_send: 10730
tot_msg_rcv: 296
tot_msg_sent: 508
tot_reconf_duration: 15.34
tot_sleeping_duration: 748222.644
tot_uptimes: 195
tot_uptimes_duration: 11640.0
