comms_cons: 926.7065528296791
finished_reconf: true
global_termination_time: 1916702.7055999998
local_termination_time: 1916702.6644799998
node_cons: 116408.09567646093
tot_aggregated_send: 0
tot_msg_rcv: 56886
tot_msg_sent: 83964
tot_reconf_duration: 24.59
tot_sleeping_duration: 1829791.0532800115
tot_uptimes: 1421
tot_uptimes_duration: 86911.65231998826
