comms_cons: 377.5971068873424
finished_reconf: true
global_termination_time: 1919248.737
local_termination_time: 1139.4100400000016
node_cons: 39464.86556559312
tot_aggregated_send: 0
tot_msg_rcv: 28915
tot_msg_sent: 28477
tot_reconf_duration: 13.17
tot_sleeping_duration: 1889788.706600005
tot_uptimes: 492
tot_uptimes_duration: 29460.03039999504
