comms_cons: 2.6185215999936036
finished_reconf: true
global_termination_time: 16285.322
local_termination_time: 9743.11636
node_cons: 325.50189999999895
tot_aggregated_send: 0
tot_msg_rcv: 223
tot_msg_sent: 175
tot_reconf_duration: 3.05
tot_sleeping_duration: 16045.322
tot_uptimes: 5
tot_uptimes_duration: 240.0
