comms_cons: 353.1503616060181
finished_reconf: true
global_termination_time: 3574764.82
local_termination_time: 1969495.04336
node_cons: 73531.9724255832
tot_aggregated_send: 49938
tot_msg_rcv: 1247
tot_msg_sent: 2490
tot_reconf_duration: 15.34
tot_sleeping_duration: 3519864.789600011
tot_uptimes: 916
tot_uptimes_duration: 54900.03039998864
