comms_cons: 346.2958464054035
finished_reconf: true
global_termination_time: 3572590.522
local_termination_time: 2314764.999519998
node_cons: 73439.31266334945
tot_aggregated_send: 49996
tot_msg_rcv: 729
tot_msg_sent: 1911
tot_reconf_duration: 6.279999999999999
tot_sleeping_duration: 3517750.5037600067
tot_uptimes: 915
tot_uptimes_duration: 54840.01823999314
