comms_cons: 352.50501120578235
finished_reconf: true
global_termination_time: 3573327.926
local_termination_time: 2203964.6263599996
node_cons: 73545.48996446568
tot_aggregated_send: 49010
tot_msg_rcv: 1459
tot_msg_sent: 3109
tot_reconf_duration: 25.299999999999997
tot_sleeping_duration: 3518427.9016800094
tot_uptimes: 916
tot_uptimes_duration: 54900.02431999077
