comms_cons: 348.5863808020199
finished_reconf: true
global_termination_time: 3572643.496
local_termination_time: 1230798.9015999988
node_cons: 73434.99962781685
tot_aggregated_send: 48836
tot_msg_rcv: 1295
tot_msg_sent: 2852
tot_reconf_duration: 3.08
tot_sleeping_duration: 3517803.4534400157
tot_uptimes: 915
tot_uptimes_duration: 54840.04255998391
