comms_cons: 360.21120002870975
finished_reconf: true
global_termination_time: 3576562.758
local_termination_time: 375249.46484000055
node_cons: 73536.57601117177
tot_aggregated_send: 49590
tot_msg_rcv: 1687
tot_msg_sent: 3473
tot_reconf_duration: 18.700000000000003
tot_sleeping_duration: 3521662.6972000194
tot_uptimes: 916
tot_uptimes_duration: 54900.060799980245
