comms_cons: 360.00126723517576
finished_reconf: true
global_termination_time: 3575439.096
local_termination_time: 167407.0561600003
node_cons: 73526.04337005844
tot_aggregated_send: 49880
tot_msg_rcv: 1646
tot_msg_sent: 3192
tot_reconf_duration: 10.95
tot_sleeping_duration: 3520539.041280015
tot_uptimes: 916
tot_uptimes_duration: 54900.05471998519
