comms_cons: 357.52424963194386
finished_reconf: true
global_termination_time: 3575768.494
local_termination_time: 779399.1260799996
node_cons: 73517.13489005502
tot_aggregated_send: 49764
tot_msg_rcv: 1493
tot_msg_sent: 3084
tot_reconf_duration: 4.390000000000001
tot_sleeping_duration: 3520868.4392800173
tot_uptimes: 916
tot_uptimes_duration: 54900.05471998261
