comms_cons: 354.92204801614895
finished_reconf: true
global_termination_time: 3576655.862
local_termination_time: 1592155.8223599999
node_cons: 73526.49968558348
tot_aggregated_send: 49996
tot_msg_rcv: 1280
tot_msg_sent: 2668
tot_reconf_duration: 11.31
tot_sleeping_duration: 3521755.8316000113
tot_uptimes: 916
tot_uptimes_duration: 54900.03039998887
