comms_cons: 186.4808447958287
finished_reconf: true
global_termination_time: 1893523.826
local_termination_time: 1359025.5865999989
node_cons: 38918.917399999846
tot_aggregated_send: 27376
tot_msg_rcv: 352
tot_msg_sent: 616
tot_reconf_duration: 25.299999999999997
tot_sleeping_duration: 1864483.826
tot_uptimes: 485
tot_uptimes_duration: 29040.0
