comms_cons: 194.44258557597698
finished_reconf: true
global_termination_time: 1891939.475
local_termination_time: 881370.62336
node_cons: 38888.77517005593
tot_aggregated_send: 24998
tot_msg_rcv: 1470
tot_msg_sent: 3088
tot_reconf_duration: 3.05
tot_sleeping_duration: 1862899.420280018
tot_uptimes: 485
tot_uptimes_duration: 29040.054719982145
