comms_cons: 370.99782369476685
finished_reconf: true
global_termination_time: 1891333.1295999999
local_termination_time: 3176.144040000001
node_cons: 38920.512692871576
tot_aggregated_send: 0
tot_msg_rcv: 28309
tot_msg_sent: 28078
tot_reconf_duration: 11.31
tot_sleeping_duration: 1862277.749680006
tot_uptimes: 485
tot_uptimes_duration: 29055.379919993866
