comms_cons: 150.83374719125842
finished_reconf: true
global_termination_time: 1521382.2354799998
local_termination_time: 1521382.1943599998
node_cons: 31304.019800955833
tot_aggregated_send: 21562
tot_msg_rcv: 369
tot_msg_sent: 994
tot_reconf_duration: 24.59
tot_sleeping_duration: 1498028.5188400028
tot_uptimes: 390
tot_uptimes_duration: 23353.71663999684
