comms_cons: 1.513215999995001
finished_reconf: true
global_termination_time: 8756.569
local_termination_time: 5790.7663600000005
node_cons: 167.6058000000005
tot_aggregated_send: 0
tot_msg_rcv: 118
tot_msg_sent: 112
tot_reconf_duration: 5.1
tot_sleeping_duration: 8636.569
tot_uptimes: 3
tot_uptimes_duration: 120.0
