comms_cons: 51.16663680155604
finished_reconf: true
global_termination_time: 477204.011
local_termination_time: 91367.58035999998
node_cons: 9826.274308969188
tot_aggregated_send: 5336
tot_msg_rcv: 921
tot_msg_sent: 1520
tot_reconf_duration: 18.21
tot_sleeping_duration: 469883.9623599932
tot_uptimes: 123
tot_uptimes_duration: 7320.048640006848
