comms_cons: 48.73871360137424
finished_reconf: true
global_termination_time: 475478.95524000016
local_termination_time: 27858.0
node_cons: 9776.680269284514
tot_aggregated_send: 6146
tot_msg_rcv: 453
tot_msg_sent: 808
tot_reconf_duration: 22.65
tot_sleeping_duration: 468200.4477199968
tot_uptimes: 122
tot_uptimes_duration: 7278.507520003361
