comms_cons: 49.3320960009529
finished_reconf: true
global_termination_time: 477724.878
local_termination_time: 75420.70483999993
node_cons: 9808.036403364302
tot_aggregated_send: 6148
tot_msg_rcv: 473
tot_msg_sent: 879
tot_reconf_duration: 4.8100000000000005
tot_sleeping_duration: 470404.8597599968
tot_uptimes: 123
tot_uptimes_duration: 7320.018240003206
