comms_cons: 47.922892800991185
finished_reconf: true
global_termination_time: 478211.922
local_termination_time: 248731.17368000024
node_cons: 9805.638182242858
tot_aggregated_send: 6206
tot_msg_rcv: 387
tot_msg_sent: 691
tot_reconf_duration: 3.05
tot_sleeping_duration: 470891.9098399979
tot_uptimes: 123
tot_uptimes_duration: 7320.0121600021375
