comms_cons: 179.33555838703188
finished_reconf: true
global_termination_time: 1775124.54
local_termination_time: 211050.81364000042
node_cons: 36480.38674893924
tot_aggregated_send: 24012
tot_msg_rcv: 1260
tot_msg_sent: 1986
tot_reconf_duration: 4.390000000000001
tot_sleeping_duration: 1747884.4913600155
tot_uptimes: 455
tot_uptimes_duration: 27240.04863998457
