comms_cons: 174.947507193573
finished_reconf: true
global_termination_time: 1775437.375
local_termination_time: 763179.9698399997
node_cons: 36495.19171999985
tot_aggregated_send: 25578
tot_msg_rcv: 329
tot_msg_sent: 684
tot_reconf_duration: 15.34
tot_sleeping_duration: 1748197.375
tot_uptimes: 455
tot_uptimes_duration: 27240.0
