comms_cons: 109.09096959601447
finished_reconf: true
global_termination_time: 1088365.991
local_termination_time: 657067.2263599999
node_cons: 22365.278700000064
tot_aggregated_send: 15428
tot_msg_rcv: 478
tot_msg_sent: 675
tot_reconf_duration: 22.65
tot_sleeping_duration: 1071685.991
tot_uptimes: 279
tot_uptimes_duration: 16680.0
