comms_cons: 107.22122240069972
finished_reconf: true
global_termination_time: 1088228.459
local_termination_time: 219565.61236000006
node_cons: 22338.661900000017
tot_aggregated_send: 15602
tot_msg_rcv: 229
tot_msg_sent: 466
tot_reconf_duration: 3.05
tot_sleeping_duration: 1071548.459
tot_uptimes: 279
tot_uptimes_duration: 16680.0
