comms_cons: 183.2485503939018
finished_reconf: true
global_termination_time: 1862801.271
local_termination_time: 788143.7442799982
node_cons: 38329.768483354834
tot_aggregated_send: 26042
tot_msg_rcv: 589
tot_msg_sent: 1221
tot_reconf_duration: 5.57
tot_sleeping_duration: 1834181.2527600038
tot_uptimes: 478
tot_uptimes_duration: 28620.018239996338
