comms_cons: 185.6826239871648
finished_reconf: true
global_termination_time: 1863615.101
local_termination_time: 721766.6284799998
node_cons: 38329.146505588535
tot_aggregated_send: 25520
tot_msg_rcv: 898
tot_msg_sent: 1804
tot_reconf_duration: 5.1
tot_sleeping_duration: 1834995.0706000084
tot_uptimes: 478
tot_uptimes_duration: 28620.030399991607
