comms_cons: 19.599436799556337
finished_reconf: true
global_termination_time: 113788.58523999987
local_termination_time: 58106.62160000001
node_cons: 2368.967600478965
tot_aggregated_send: 0
tot_msg_rcv: 1523
tot_msg_sent: 1455
tot_reconf_duration: 4.8100000000000005
tot_sleeping_duration: 112024.25692000064
tot_uptimes: 30
tot_uptimes_duration: 1764.3283199992293
