comms_cons: 82.69530879809493
finished_reconf: true
global_termination_time: 113788.50299999988
local_termination_time: 58107.211600000024
node_cons: 11333.18311259902
tot_aggregated_send: 0
tot_msg_rcv: 5738
tot_msg_sent: 6831
tot_reconf_duration: 4.390000000000001
tot_sleeping_duration: 105329.03960000063
tot_uptimes: 136
tot_uptimes_duration: 8459.463399999253
