comms_cons: 11.455731199986987
finished_reconf: true
global_termination_time: 116740.011
local_termination_time: 61642.55236000001
node_cons: 2340.4795599999993
tot_aggregated_send: 1566
tot_msg_rcv: 66
tot_msg_sent: 109
tot_reconf_duration: 7.819999999999999
tot_sleeping_duration: 115000.011
tot_uptimes: 30
tot_uptimes_duration: 1740.0
