comms_cons: 285.2322816198829
finished_reconf: false
global_termination_time: 2808148.377
local_termination_time: 0
node_cons: 57844.81628223294
tot_aggregated_send: 38918
tot_msg_rcv: 1591
tot_msg_sent: 2844
tot_reconf_duration: 0
tot_sleeping_duration: 2764948.3648400046
tot_uptimes: 720
tot_uptimes_duration: 43200.0121599955
