comms_cons: 285.12279042768256
finished_reconf: false
global_termination_time: 2808253.196
local_termination_time: 0
node_cons: 57844.8081411158
tot_aggregated_send: 38570
tot_msg_rcv: 1576
tot_msg_sent: 3191
tot_reconf_duration: 0
tot_sleeping_duration: 2765053.189920002
tot_uptimes: 720
tot_uptimes_duration: 43200.006079997635
