comms_cons: 284.6738176219185
finished_reconf: false
global_termination_time: 2808154.21
local_termination_time: 0
node_cons: 57844.80814111611
tot_aggregated_send: 38802
tot_msg_rcv: 1507
tot_msg_sent: 2959
tot_reconf_duration: 0
tot_sleeping_duration: 2764954.203920002
tot_uptimes: 720
tot_uptimes_duration: 43200.00607999787
