comms_cons: 284.5416960116139
finished_reconf: true
global_termination_time: 2809447.142
local_termination_time: 514185.6587600004
node_cons: 57851.372685583134
tot_aggregated_send: 39034
tot_msg_rcv: 1483
tot_msg_sent: 2732
tot_reconf_duration: 4.8100000000000005
tot_sleeping_duration: 2766247.1116000116
tot_uptimes: 720
tot_uptimes_duration: 43200.03039998817
