comms_cons: 66.95637760615723
finished_reconf: true
global_termination_time: 504896.66260000016
local_termination_time: 252616.78548000005
node_cons: 10409.248021857416
tot_aggregated_send: 3538
tot_msg_rcv: 2653
tot_msg_sent: 3987
tot_reconf_duration: 18.21
tot_sleeping_duration: 497141.23403998715
tot_uptimes: 130
tot_uptimes_duration: 7755.42856001301
