comms_cons: 51.10064640063414
finished_reconf: true
global_termination_time: 506370.165
local_termination_time: 350846.9043200002
node_cons: 10394.634982242907
tot_aggregated_send: 6960
tot_msg_rcv: 303
tot_msg_sent: 504
tot_reconf_duration: 22.65
tot_sleeping_duration: 498630.15283999784
tot_uptimes: 130
tot_uptimes_duration: 7740.0121600021375
