comms_cons: 51.77830400101754
finished_reconf: true
global_termination_time: 505224.137
local_termination_time: 338453.7681600003
node_cons: 10376.668642242852
tot_aggregated_send: 6786
tot_msg_rcv: 394
tot_msg_sent: 690
tot_reconf_duration: 9.42
tot_sleeping_duration: 497484.12483999785
tot_uptimes: 130
tot_uptimes_duration: 7740.0121600021375
