comms_cons: 51.09061760059578
finished_reconf: true
global_termination_time: 510378.664
local_termination_time: 332258.81636000006
node_cons: 10459.086382242891
tot_aggregated_send: 6902
tot_msg_rcv: 233
tot_msg_sent: 630
tot_reconf_duration: 10.95
tot_sleeping_duration: 502578.65183999785
tot_uptimes: 131
tot_uptimes_duration: 7800.0121600021375
