comms_cons: 277.3633023967625
finished_reconf: true
global_termination_time: 2832965.629
local_termination_time: 654369.8063599999
node_cons: 58280.857399999004
tot_aggregated_send: 40368
tot_msg_rcv: 593
tot_msg_sent: 1196
tot_reconf_duration: 25.299999999999997
tot_sleeping_duration: 2789465.629
tot_uptimes: 726
tot_uptimes_duration: 43500.0
