comms_cons: 278.149465592323
finished_reconf: true
global_termination_time: 2834444.837
local_termination_time: 1609651.6970000002
node_cons: 58270.71273175622
tot_aggregated_send: 40768
tot_msg_rcv: 466
tot_msg_sent: 1044
tot_reconf_duration: 11.899999999999999
tot_sleeping_duration: 2790938.823160002
tot_uptimes: 726
tot_uptimes_duration: 43506.01383999782
