comms_cons: 281.79989117677593
finished_reconf: true
global_termination_time: 2834014.059
local_termination_time: 533002.4550000001
node_cons: 58262.48466515801
tot_aggregated_send: 38334
tot_msg_rcv: 1516
tot_msg_sent: 2982
tot_reconf_duration: 7.819999999999999
tot_sleeping_duration: 2790510.0522000305
tot_uptimes: 726
tot_uptimes_duration: 43504.00679996936
