comms_cons: 467.2259646842764
finished_reconf: true
global_termination_time: 2756433.557
local_termination_time: 1349352.4624799998
node_cons: 56670.49940558369
tot_aggregated_send: 0
tot_msg_rcv: 35927
tot_msg_sent: 35091
tot_reconf_duration: 22.65
tot_sleeping_duration: 2714133.5266000116
tot_uptimes: 706
tot_uptimes_duration: 42300.03039998864
