comms_cons: 271.90580480992685
finished_reconf: true
global_termination_time: 2758557.943
local_termination_time: 336917.3353600001
node_cons: 56724.23078112047
tot_aggregated_send: 39846
tot_msg_rcv: 465
tot_msg_sent: 1017
tot_reconf_duration: 3.08
tot_sleeping_duration: 2716197.936919999
tot_uptimes: 707
tot_uptimes_duration: 42360.00608000107
