comms_cons: 280.9900287984755
finished_reconf: true
global_termination_time: 2756324.735
local_termination_time: 1708088.29748
node_cons: 56660.572425584556
tot_aggregated_send: 36656
tot_msg_rcv: 2002
tot_msg_sent: 4052
tot_reconf_duration: 15.34
tot_sleeping_duration: 2714024.7046000105
tot_uptimes: 706
tot_uptimes_duration: 42300.030399989104
