comms_cons: 106.99752959858941
finished_reconf: true
global_termination_time: 1084803.67
local_termination_time: 374226.4334400002
node_cons: 22272.064860000013
tot_aggregated_send: 15544
tot_msg_rcv: 265
tot_msg_sent: 454
tot_reconf_duration: 13.17
tot_sleeping_duration: 1068183.67
tot_uptimes: 278
tot_uptimes_duration: 16620.0
