comms_cons: 106.85999359756275
finished_reconf: true
global_termination_time: 1084525.885
local_termination_time: 489098.2374000008
node_cons: 22266.551380000015
tot_aggregated_send: 15602
tot_msg_rcv: 184
tot_msg_sent: 456
tot_reconf_duration: 9.11
tot_sleeping_duration: 1067905.885
tot_uptimes: 278
tot_uptimes_duration: 16620.0
