comms_cons: 12.64647679997253
finished_reconf: true
global_termination_time: 11381.625240000003
local_termination_time: 2914.467040000001
node_cons: 1756.3349844800082
tot_aggregated_send: 0
tot_msg_rcv: 991
tot_msg_sent: 930
tot_reconf_duration: 4.390000000000001
tot_sleeping_duration: 10074.400919999996
tot_uptimes: 22
tot_uptimes_duration: 1307.2243200000066
