comms_cons: 1.92833279999292
finished_reconf: true
global_termination_time: 12902.194
local_termination_time: 8533.46436
node_cons: 245.16189999999898
tot_aggregated_send: 0
tot_msg_rcv: 169
tot_msg_sent: 125
tot_reconf_duration: 3.05
tot_sleeping_duration: 12722.194
tot_uptimes: 4
tot_uptimes_duration: 180.0
