comms_cons: 2.8882687999946755
finished_reconf: true
global_termination_time: 14931.312
local_termination_time: 7185.2724800000005
node_cons: 249.4689024000059
tot_aggregated_send: 0
tot_msg_rcv: 268
tot_msg_sent: 171
tot_reconf_duration: 6.22
tot_sleeping_duration: 14751.310399999995
tot_uptimes: 4
tot_uptimes_duration: 180.00160000000415
