comms_cons: 113.59354880296263
finished_reconf: true
global_termination_time: 688520.264
local_termination_time: 168854.1926000001
node_cons: 14174.205541121475
tot_aggregated_send: 0
tot_msg_rcv: 8753
tot_msg_sent: 8511
tot_reconf_duration: 25.299999999999997
tot_sleeping_duration: 677960.257919999
tot_uptimes: 177
tot_uptimes_duration: 10560.006080001069
