comms_cons: 67.96313600008583
finished_reconf: true
global_termination_time: 690827.73
local_termination_time: 203565.23136000006
node_cons: 14155.215262242878
tot_aggregated_send: 9106
tot_msg_rcv: 365
tot_msg_sent: 859
tot_reconf_duration: 11.31
tot_sleeping_duration: 680267.7178399978
tot_uptimes: 177
tot_uptimes_duration: 10560.012160002138
