comms_cons: 115.92675840343028
finished_reconf: true
global_termination_time: 690139.15
local_termination_time: 167247.12736000094
node_cons: 14147.230222242872
tot_aggregated_send: 0
tot_msg_rcv: 9086
tot_msg_sent: 8536
tot_reconf_duration: 5.43
tot_sleeping_duration: 679579.1378399979
tot_uptimes: 177
tot_uptimes_duration: 10560.012160002138
