comms_cons: 57.61405440091166
finished_reconf: true
global_termination_time: 574604.8385199992
local_termination_time: 574604.7973999992
node_cons: 11903.990447920967
tot_aggregated_send: 7823
tot_msg_rcv: 225
tot_msg_sent: 708
tot_reconf_duration: 33.98
tot_sleeping_duration: 565749.0912399985
tot_uptimes: 148
tot_uptimes_duration: 8855.747280000709
