comms_cons: 57.114035200642014
finished_reconf: true
global_termination_time: 576075.379
local_termination_time: 4799.299
node_cons: 11819.627204482038
tot_aggregated_send: 7996
tot_msg_rcv: 254
tot_msg_sent: 431
tot_reconf_duration: 7.08
tot_sleeping_duration: 567255.3546799985
tot_uptimes: 148
tot_uptimes_duration: 8820.02432000151
