comms_cons: 555.8437116734725
finished_reconf: true
global_termination_time: 1889376.264
local_termination_time: 699048.7786799985
node_cons: 114695.64494534735
tot_aggregated_send: 0
tot_msg_rcv: 34251
tot_msg_sent: 50234
tot_reconf_duration: 4.390000000000001
tot_sleeping_duration: 1803723.027760007
tot_uptimes: 1408
tot_uptimes_duration: 85653.23623999309
