comms_cons: 80.65772801060604
finished_reconf: true
global_termination_time: 409325.00512000057
local_termination_time: 2199.530040000001
node_cons: 8431.567302802216
tot_aggregated_send: 0
tot_msg_rcv: 6208
tot_msg_sent: 6049
tot_reconf_duration: 18.21
tot_sleeping_duration: 403046.5599199989
tot_uptimes: 105
tot_uptimes_duration: 6278.445200001646
