comms_cons: 40.613401600293905
finished_reconf: true
global_termination_time: 410424.585
local_termination_time: 192465.05312000046
node_cons: 8451.058980000007
tot_aggregated_send: 5916
tot_msg_rcv: 93
tot_msg_sent: 164
tot_reconf_duration: 11.31
tot_sleeping_duration: 404124.585
tot_uptimes: 106
tot_uptimes_duration: 6300.0
