comms_cons: 74.41137920115203
finished_reconf: true
global_termination_time: 758033.981
local_termination_time: 157547.50100000002
node_cons: 15605.989295284204
tot_aggregated_send: 9969
tot_msg_rcv: 416
tot_msg_sent: 926
tot_reconf_duration: 13.17
tot_sleeping_duration: 746392.3794799969
tot_uptimes: 195
tot_uptimes_duration: 11641.60152000311
