comms_cons: 74.80286080125381
finished_reconf: true
global_termination_time: 756020.203
local_termination_time: 85050.60035999997
node_cons: 15516.63064336431
tot_aggregated_send: 10092
tot_msg_rcv: 447
tot_msg_sent: 830
tot_reconf_duration: 8.09
tot_sleeping_duration: 744440.1847599968
tot_uptimes: 194
tot_uptimes_duration: 11580.018240003206
