comms_cons: 112.31352319729939
finished_reconf: true
global_termination_time: 1127577.528
local_termination_time: 6843.127
node_cons: 23143.055942236875
tot_aggregated_send: 16119
tot_msg_rcv: 370
tot_msg_sent: 582
tot_reconf_duration: 3.77
tot_sleeping_duration: 1110297.5158400023
tot_uptimes: 289
tot_uptimes_duration: 17280.01215999764
