comms_cons: 298.87089921363196
finished_reconf: true
global_termination_time: 3012241.85548
local_termination_time: 3012241.8143599997
node_cons: 61993.90794207796
tot_aggregated_send: 43428
tot_msg_rcv: 712
tot_msg_sent: 1285
tot_reconf_duration: 24.59
tot_sleeping_duration: 2965968.1327600004
tot_uptimes: 772
tot_uptimes_duration: 46273.72271999961
