comms_cons: 301.84711682011687
finished_reconf: true
global_termination_time: 3013631.837
local_termination_time: 236912.81112000046
node_cons: 61972.9556878258
tot_aggregated_send: 42050
tot_msg_rcv: 1255
tot_msg_sent: 2574
tot_reconf_duration: 22.65
tot_sleeping_duration: 2967371.7944400096
tot_uptimes: 772
tot_uptimes_duration: 46260.04255999031
