comms_cons: 298.4390911843304
finished_reconf: true
global_termination_time: 3017520.324
local_termination_time: 710324.51336
node_cons: 62026.646323349654
tot_aggregated_send: 41818
tot_msg_rcv: 1260
tot_msg_sent: 2283
tot_reconf_duration: 3.05
tot_sleeping_duration: 2971200.305760007
tot_uptimes: 773
tot_uptimes_duration: 46320.01823999314
