comms_cons: 95.62104319813074
finished_reconf: true
global_termination_time: 959051.773
local_termination_time: 49729.69548000001
node_cons: 19691.86894560718
tot_aggregated_send: 13108
tot_msg_rcv: 491
tot_msg_sent: 936
tot_reconf_duration: 6.279999999999999
tot_sleeping_duration: 944351.7425999946
tot_uptimes: 246
tot_uptimes_duration: 14700.030400005344
