comms_cons: 93.95755519657348
finished_reconf: true
global_termination_time: 959686.216
local_termination_time: 72115.51035999996
node_cons: 19690.896624476587
tot_aggregated_send: 13166
tot_msg_rcv: 244
tot_msg_sent: 871
tot_reconf_duration: 5.57
tot_sleeping_duration: 944986.1916800025
tot_uptimes: 246
tot_uptimes_duration: 14700.024319997436
