comms_cons: 96.15688959535912
finished_reconf: true
global_termination_time: 955020.965
local_termination_time: 309425.1136000001
node_cons: 19613.620265602593
tot_aggregated_send: 12528
tot_msg_rcv: 715
tot_msg_sent: 1373
tot_reconf_duration: 7.819999999999999
tot_sleeping_duration: 940380.934599998
tot_uptimes: 245
tot_uptimes_duration: 14640.03040000191
