comms_cons: 78.98727680805241
finished_reconf: true
global_termination_time: 367875.8557200001
local_termination_time: 367875.8557200001
node_cons: 7605.260829291626
tot_aggregated_send: 0
tot_msg_rcv: 6519
tot_msg_sent: 5495
tot_reconf_duration: 24.59
tot_sleeping_duration: 362220.98819999147
tot_uptimes: 95
tot_uptimes_duration: 5654.867520008671
