comms_cons: 36.613248000243104
finished_reconf: true
global_termination_time: 367876.0686000002
local_termination_time: 343788.4063600001
node_cons: 7578.732818400254
tot_aggregated_send: 5220
tot_msg_rcv: 113
tot_msg_sent: 232
tot_reconf_duration: 5.57
tot_sleeping_duration: 362221.723
tot_uptimes: 95
tot_uptimes_duration: 5654.345600000175
