comms_cons: 38.337625600484216
finished_reconf: true
global_termination_time: 370475.359
local_termination_time: 17006.06736
node_cons: 7558.893941121442
tot_aggregated_send: 4930
tot_msg_rcv: 378
tot_msg_sent: 519
tot_reconf_duration: 5.1
tot_sleeping_duration: 364835.3529199989
tot_uptimes: 95
tot_uptimes_duration: 5640.006080001069
