comms_cons: 37.95603200095638
finished_reconf: true
global_termination_time: 370134.978
local_termination_time: 50884.26936000001
node_cons: 7569.853001121437
tot_aggregated_send: 4930
tot_msg_rcv: 328
tot_msg_sent: 511
tot_reconf_duration: 13.17
tot_sleeping_duration: 364494.97191999893
tot_uptimes: 95
tot_uptimes_duration: 5640.006080001069
