comms_cons: 183.19249917930625
finished_reconf: true
global_termination_time: 1778710.7761999997
local_termination_time: 186590.3154400002
node_cons: 36592.936393509706
tot_aggregated_send: 23722
tot_msg_rcv: 1438
tot_msg_sent: 2686
tot_reconf_duration: 4.8100000000000005
tot_sleeping_duration: 1751387.0985200075
tot_uptimes: 456
tot_uptimes_duration: 27323.677679992397
