comms_cons: 174.0066815959033
finished_reconf: true
global_termination_time: 1782591.764
local_termination_time: 1250046.8043599997
node_cons: 36639.181899999625
tot_aggregated_send: 25752
tot_msg_rcv: 178
tot_msg_sent: 518
tot_reconf_duration: 3.05
tot_sleeping_duration: 1755231.764
tot_uptimes: 457
tot_uptimes_duration: 27360.0
