comms_cons: 24.652262400216458
finished_reconf: true
global_termination_time: 252581.441
local_termination_time: 204114.19368000072
node_cons: 5148.291980000001
tot_aggregated_send: 3596
tot_msg_rcv: 39
tot_msg_sent: 112
tot_reconf_duration: 4.8100000000000005
tot_sleeping_duration: 248741.441
tot_uptimes: 65
tot_uptimes_duration: 3840.0
