comms_cons: 48.81561600350054
finished_reconf: true
global_termination_time: 247333.2258400002
local_termination_time: 516.5510399999995
node_cons: 5089.405277760288
tot_aggregated_send: 0
tot_msg_rcv: 3757
tot_msg_sent: 3660
tot_reconf_duration: 4.390000000000001
tot_sleeping_duration: 243536.778
tot_uptimes: 64
tot_uptimes_duration: 3796.4478400002117
