comms_cons: 48.76966400365762
finished_reconf: true
global_termination_time: 247998.236
local_termination_time: 2358.0943600000005
node_cons: 5069.866760000004
tot_aggregated_send: 0
tot_msg_rcv: 3762
tot_msg_sent: 3650
tot_reconf_duration: 6.22
tot_sleeping_duration: 244218.236
tot_uptimes: 64
tot_uptimes_duration: 3780.0
