comms_cons: 58.91078400059583
finished_reconf: true
global_termination_time: 587569.202
local_termination_time: 347610.534
node_cons: 12059.536381121407
tot_aggregated_send: 8118
tot_msg_rcv: 260
tot_msg_sent: 576
tot_reconf_duration: 6.279999999999999
tot_sleeping_duration: 578569.195919999
tot_uptimes: 151
tot_uptimes_duration: 9000.006080001069
