comms_cons: 230.95043826389352
finished_reconf: true
global_termination_time: 1167835.227
local_termination_time: 2530.200040000001
node_cons: 24052.4349822383
tot_aggregated_send: 0
tot_msg_rcv: 17766
tot_msg_sent: 17336
tot_reconf_duration: 22.65
tot_sleeping_duration: 1149895.2148400014
tot_uptimes: 300
tot_uptimes_duration: 17940.012159998703
