comms_cons: 119.81731839061449
finished_reconf: true
global_termination_time: 1170907.995
local_termination_time: 68135.66059999994
node_cons: 24027.678607836257
tot_aggregated_send: 15660
tot_msg_rcv: 862
tot_msg_sent: 1689
tot_reconf_duration: 4.390000000000001
tot_sleeping_duration: 1152967.952440003
tot_uptimes: 300
tot_uptimes_duration: 17940.04255999718
