comms_cons: 115.92550399855902
finished_reconf: true
global_termination_time: 1170048.173
local_termination_time: 320477.85828000034
node_cons: 24037.018980000033
tot_aggregated_send: 16936
tot_msg_rcv: 288
tot_msg_sent: 396
tot_reconf_duration: 11.31
tot_sleeping_duration: 1152108.173
tot_uptimes: 300
tot_uptimes_duration: 17940.0
