comms_cons: 1299.3695491959909
finished_reconf: true
global_termination_time: 3481900.054
local_termination_time: 1944886.8704799998
node_cons: 210982.48727616837
tot_aggregated_send: 0
tot_msg_rcv: 79876
tot_msg_sent: 117621
tot_reconf_duration: 5.57
tot_sleeping_duration: 3324338.4982000184
tot_uptimes: 2588
tot_uptimes_duration: 157561.5557999818
