comms_cons: 349.00480003633135
finished_reconf: true
global_termination_time: 3481061.508
local_termination_time: 930552.8013599999
node_cons: 71600.1566689343
tot_aggregated_send: 48430
tot_msg_rcv: 1599
tot_msg_sent: 3018
tot_reconf_duration: 12.629999999999999
tot_sleeping_duration: 3427601.459360018
tot_uptimes: 892
tot_uptimes_duration: 53460.04863998201
