comms_cons: 355.32161926264155
finished_reconf: true
global_termination_time: 3484033.077
local_termination_time: 351089.2103600001
node_cons: 71678.2477934105
tot_aggregated_send: 47734
tot_msg_rcv: 2378
tot_msg_sent: 3894
tot_reconf_duration: 10.95
tot_sleeping_duration: 3430513.004040021
tot_uptimes: 893
tot_uptimes_duration: 53520.07295997917
