comms_cons: 343.5234304086977
finished_reconf: true
global_termination_time: 3482163.064
local_termination_time: 1701945.7670799997
node_cons: 71590.35464558308
tot_aggregated_send: 48256
tot_msg_rcv: 1225
tot_msg_sent: 2733
tot_reconf_duration: 5.43
tot_sleeping_duration: 3428703.033600011
tot_uptimes: 892
tot_uptimes_duration: 53460.03039998864
