comms_cons: 797.2528641907932
finished_reconf: true
global_termination_time: 7966571.625
local_termination_time: 2402815.0829999996
node_cons: 163916.35645212486
tot_aggregated_send: 110129
tot_msg_rcv: 3819
tot_msg_sent: 7229
tot_reconf_duration: 15.34
tot_sleeping_duration: 7844170.187560022
tot_uptimes: 2041
tot_uptimes_duration: 122401.43743997812
