comms_cons: 790.3606721765207
finished_reconf: true
global_termination_time: 7967880.857
local_termination_time: 2498676.83036
node_cons: 163900.5827878142
tot_aggregated_send: 110838
tot_msg_rcv: 3124
tot_msg_sent: 6166
tot_reconf_duration: 5.1
tot_sleeping_duration: 7845480.814440015
tot_uptimes: 2041
tot_uptimes_duration: 122400.04255998484
