comms_cons: 784.6831425666721
finished_reconf: true
global_termination_time: 7966509.533
local_termination_time: 2987978.32436
node_cons: 163911.54184781425
tot_aggregated_send: 110664
tot_msg_rcv: 2851
tot_msg_sent: 5752
tot_reconf_duration: 13.17
tot_sleeping_duration: 7844109.490440015
tot_uptimes: 2041
tot_uptimes_duration: 122400.04255998507
