comms_cons: 798.8722434163634
finished_reconf: true
global_termination_time: 7969651.332
local_termination_time: 586252.8316399992
node_cons: 163924.48081674968
tot_aggregated_send: 110954
tot_msg_rcv: 3543
tot_msg_sent: 6925
tot_reconf_duration: 22.65
tot_sleeping_duration: 7847251.240800034
tot_uptimes: 2041
tot_uptimes_duration: 122400.09119996661
