comms_cons: 56.752179199713986
finished_reconf: true
global_termination_time: 569275.973
local_termination_time: 124237.56683999993
node_cons: 11674.037321121457
tot_aggregated_send: 7946
tot_msg_rcv: 231
tot_msg_sent: 448
tot_reconf_duration: 18.21
tot_sleeping_duration: 560575.966919999
tot_uptimes: 146
tot_uptimes_duration: 8700.006080001069
