comms_cons: 112.02403840597937
finished_reconf: true
global_termination_time: 565640.3865999999
local_termination_time: 2734.4175999999998
node_cons: 11597.109631759567
tot_aggregated_send: 0
tot_msg_rcv: 8660
tot_msg_sent: 8366
tot_reconf_duration: 5.57
tot_sleeping_duration: 556985.0127600002
tot_uptimes: 145
tot_uptimes_duration: 8655.373839999666
