comms_cons: 488.0656320256118
finished_reconf: true
global_termination_time: 565639.7865999998
local_termination_time: 565639.7454799998
node_cons: 56258.61486434468
tot_aggregated_send: 0
tot_msg_rcv: 33608
tot_msg_sent: 40574
tot_reconf_duration: 37.410000000000004
tot_sleeping_duration: 523662.3317199807
tot_uptimes: 678
tot_uptimes_duration: 41977.45488001906
