comms_cons: 114.1813248055416
finished_reconf: true
global_termination_time: 569094.276
local_termination_time: 819.35736
node_cons: 11660.31878448574
tot_aggregated_send: 0
tot_msg_rcv: 8939
tot_msg_sent: 8417
tot_reconf_duration: 8.09
tot_sleeping_duration: 560394.2516799957
tot_uptimes: 146
tot_uptimes_duration: 8700.024320004275
