comms_cons: 61.02208000138528
finished_reconf: true
global_termination_time: 569664.895
local_termination_time: 22409.2572
node_cons: 11661.72836784861
tot_aggregated_send: 6670
tot_msg_rcv: 863
tot_msg_sent: 1742
tot_reconf_duration: 9.11
tot_sleeping_duration: 560964.8524399935
tot_uptimes: 146
tot_uptimes_duration: 8700.042560006419
