comms_cons: 112.23258240584587
finished_reconf: true
global_termination_time: 566379.213
local_termination_time: 582.0714799999992
node_cons: 11664.69968560717
tot_aggregated_send: 0
tot_msg_rcv: 8640
tot_msg_sent: 8415
tot_reconf_duration: 11.31
tot_sleeping_duration: 557679.1825999947
tot_uptimes: 146
tot_uptimes_duration: 8700.030400005344
