comms_cons: 57.89763840072641
finished_reconf: true
global_termination_time: 568511.59
local_termination_time: 39741.71280000015
node_cons: 11656.698363364309
tot_aggregated_send: 7656
tot_msg_rcv: 390
tot_msg_sent: 754
tot_reconf_duration: 5.43
tot_sleeping_duration: 559811.5717599967
tot_uptimes: 146
tot_uptimes_duration: 8700.018240003206
