comms_cons: 104.41848319623504
finished_reconf: true
global_termination_time: 1124803.474
local_termination_time: 5739.293
node_cons: 23172.41857007912
tot_aggregated_send: 14301
tot_msg_rcv: 556
tot_msg_sent: 1014
tot_reconf_duration: 25.35
tot_sleeping_duration: 1107523.4192800007
tot_uptimes: 289
tot_uptimes_duration: 17280.05471999932
