comms_cons: 108.29464319529502
finished_reconf: true
global_termination_time: 1122429.119
local_termination_time: 5275.104
node_cons: 23062.968523350533
tot_aggregated_send: 15481
tot_msg_rcv: 302
tot_msg_sent: 677
tot_reconf_duration: 3.95
tot_sleeping_duration: 1105209.100760007
tot_uptimes: 288
tot_uptimes_duration: 17220.018239992904
