comms_cons: 41.354828799906606
finished_reconf: true
global_termination_time: 15300.688360000024
local_termination_time: 2785.330600000002
node_cons: 6572.968888400064
tot_aggregated_send: 0
tot_msg_rcv: 3221
tot_msg_sent: 3063
tot_reconf_duration: 18.21
tot_sleeping_duration: 10410.292759999978
tot_uptimes: 69
tot_uptimes_duration: 4890.395600000044
