comms_cons: 2.269823999994611
finished_reconf: true
global_termination_time: 16101.184
local_termination_time: 5075.33936
node_cons: 339.24486000000013
tot_aggregated_send: 0
tot_msg_rcv: 181
tot_msg_sent: 164
tot_reconf_duration: 13.17
tot_sleeping_duration: 15861.184
tot_uptimes: 5
tot_uptimes_duration: 240.0
