comms_cons: 2.276403199994571
finished_reconf: true
global_termination_time: 17595.841
local_termination_time: 6502.72336
node_cons: 332.34622000000024
tot_aggregated_send: 0
tot_msg_rcv: 177
tot_msg_sent: 169
tot_reconf_duration: 8.09
tot_sleeping_duration: 17355.841
tot_uptimes: 5
tot_uptimes_duration: 240.0
