comms_cons: 1.407948799995349
finished_reconf: true
global_termination_time: 17138.751
local_termination_time: 2781.613560000001
node_cons: 336.2301000000004
tot_aggregated_send: 0
tot_msg_rcv: 104
tot_msg_sent: 110
tot_reconf_duration: 10.95
tot_sleeping_duration: 16898.751
tot_uptimes: 5
tot_uptimes_duration: 240.0
