comms_cons: 1.546111999999113
finished_reconf: true
global_termination_time: 16239.921
local_termination_time: 4013.7703600000004
node_cons: 325.50190000000026
tot_aggregated_send: 0
tot_msg_rcv: 119
tot_msg_sent: 116
tot_reconf_duration: 3.05
tot_sleeping_duration: 15999.921
tot_uptimes: 5
tot_uptimes_duration: 240.0
