comms_cons: 1.5197951999991637
finished_reconf: true
global_termination_time: 17438.168
local_termination_time: 6057.137360000001
node_cons: 328.7339400000004
tot_aggregated_send: 0
tot_msg_rcv: 118
tot_msg_sent: 113
tot_reconf_duration: 5.43
tot_sleeping_duration: 17198.168
tot_uptimes: 5
tot_uptimes_duration: 240.0
