comms_cons: 1744.2062263980301
finished_reconf: true
global_termination_time: 8868685.295599997
local_termination_time: 2682.86648
node_cons: 182497.4873162146
tot_aggregated_send: 0
tot_msg_rcv: 133382
tot_msg_sent: 131721
tot_reconf_duration: 18.21
tot_sleeping_duration: 8732409.89744001
tot_uptimes: 2272
tot_uptimes_duration: 136275.39815998584
