comms_cons: 879.0541185778436
finished_reconf: true
global_termination_time: 8870422.355
local_termination_time: 2421791.68436
node_cons: 182459.11464669654
tot_aggregated_send: 123656
tot_msg_rcv: 3511
tot_msg_sent: 6445
tot_reconf_duration: 5.1
tot_sleeping_duration: 8734162.318520013
tot_uptimes: 2272
tot_uptimes_duration: 136260.0364799872
