comms_cons: 873.651193740282
finished_reconf: true
global_termination_time: 8870476.939
local_termination_time: 2866689.85736
node_cons: 182470.05742446202
tot_aggregated_send: 124584
tot_msg_rcv: 2652
tot_msg_sent: 5553
tot_reconf_duration: 13.17
tot_sleeping_duration: 8734216.914680008
tot_uptimes: 2272
tot_uptimes_duration: 136260.02431999147
