comms_cons: 871.8012545467445
finished_reconf: true
global_termination_time: 8873612.91
local_termination_time: 3180880.22036
node_cons: 182553.0400855797
tot_aggregated_send: 123540
tot_msg_rcv: 2729
tot_msg_sent: 6239
tot_reconf_duration: 15.110000000000001
tot_sleeping_duration: 8737292.87960001
tot_uptimes: 2273
tot_uptimes_duration: 136320.03039998934
