comms_cons: 890.4879106299289
finished_reconf: true
global_termination_time: 8872672.735
local_termination_time: 77155.67659999995
node_cons: 182563.33639340266
tot_aggregated_send: 124062
tot_msg_rcv: 3748
tot_msg_sent: 7536
tot_reconf_duration: 22.65
tot_sleeping_duration: 8736352.662040023
tot_uptimes: 2273
tot_uptimes_duration: 136320.0729599769
