comms_cons: 871.2752897632165
finished_reconf: true
global_termination_time: 8870852.101
local_termination_time: 3299901.099600001
node_cons: 182464.96492446266
tot_aggregated_send: 123308
tot_msg_rcv: 2951
tot_msg_sent: 6170
tot_reconf_duration: 9.42
tot_sleeping_duration: 8734592.076680008
tot_uptimes: 2272
tot_uptimes_duration: 136260.02431999147
