comms_cons: 888.3298178331519
finished_reconf: true
global_termination_time: 8870971.979
local_termination_time: 117245.81735999997
node_cons: 182458.7615322812
tot_aggregated_send: 124236
tot_msg_rcv: 3695
tot_msg_sent: 7090
tot_reconf_duration: 4.8100000000000005
tot_sleeping_duration: 8734711.912120024
tot_uptimes: 2272
tot_uptimes_duration: 136260.06687997584
