comms_cons: 890.1805826786452
finished_reconf: true
global_termination_time: 8870250.179
local_termination_time: 1407107.304279998
node_cons: 182456.36331116414
tot_aggregated_send: 122322
tot_msg_rcv: 4551
tot_msg_sent: 8427
tot_reconf_duration: 3.05
tot_sleeping_duration: 8733990.11820002
tot_uptimes: 2272
tot_uptimes_duration: 136260.0607999782
