comms_cons: 17.50725119996648
finished_reconf: true
global_termination_time: 15272.781240000002
local_termination_time: 1093.1320400000016
node_cons: 2579.0881159600344
tot_aggregated_send: 0
tot_msg_rcv: 1298
tot_msg_sent: 1362
tot_reconf_duration: 18.21
tot_sleeping_duration: 13365.119599999976
tot_uptimes: 29
tot_uptimes_duration: 1907.6616400000255
