comms_cons: 2.2895615999924344
finished_reconf: true
global_termination_time: 17811.584
local_termination_time: 6802.800280000002
node_cons: 331.97956000000084
tot_aggregated_send: 0
tot_msg_rcv: 179
tot_msg_sent: 169
tot_reconf_duration: 7.819999999999999
tot_sleeping_duration: 17571.584
tot_uptimes: 5
tot_uptimes_duration: 240.0
