comms_cons: 1.6645375999987215
finished_reconf: true
global_termination_time: 16549.496
local_termination_time: 10974.15436
node_cons: 329.80675999999914
tot_aggregated_send: 0
tot_msg_rcv: 130
tot_msg_sent: 123
tot_reconf_duration: 6.22
tot_sleeping_duration: 16309.496
tot_uptimes: 5
tot_uptimes_duration: 240.0
