comms_cons: 93.79730559663892
finished_reconf: true
global_termination_time: 918503.6
local_termination_time: 330687.47108000016
node_cons: 18890.54398335973
tot_aggregated_send: 12586
tot_msg_rcv: 627
tot_msg_sent: 1043
tot_reconf_duration: 7.819999999999999
tot_sleeping_duration: 904403.5817600002
tot_uptimes: 236
tot_uptimes_duration: 14100.018239999772
