comms_cons: 11.423372799778342
finished_reconf: true
global_termination_time: 80845.46371999994
local_termination_time: 80845.42259999995
node_cons: 1676.087621439371
tot_aggregated_send: 406
tot_msg_rcv: 571
tot_msg_sent: 758
tot_reconf_duration: 37.410000000000004
tot_sleeping_duration: 79631.6587600004
tot_uptimes: 21
tot_uptimes_duration: 1213.8049599995356
