comms_cons: 11.185894399800647
finished_reconf: true
global_termination_time: 84287.782
local_termination_time: 30303.158400000008
node_cons: 1695.7089455980395
tot_aggregated_send: 464
tot_msg_rcv: 476
tot_msg_sent: 762
tot_reconf_duration: 6.279999999999999
tot_sleeping_duration: 83027.75160000147
tot_uptimes: 22
tot_uptimes_duration: 1260.0303999985335
