comms_cons: 10.849100800039414
finished_reconf: true
global_termination_time: 82100.743
local_termination_time: 40241.55636000001
node_cons: 1699.5602267194681
tot_aggregated_send: 522
tot_msg_rcv: 433
tot_msg_sent: 694
tot_reconf_duration: 9.11
tot_sleeping_duration: 80840.7065200004
tot_uptimes: 22
tot_uptimes_duration: 1260.0364799996023
