comms_cons: 63.3971711987283
finished_reconf: true
global_termination_time: 644642.767
local_termination_time: 6113.697999999999
node_cons: 13285.557722240601
tot_aggregated_send: 9201
tot_msg_rcv: 85
tot_msg_sent: 350
tot_reconf_duration: 21.68
tot_sleeping_duration: 634742.7548399995
tot_uptimes: 166
tot_uptimes_duration: 9900.012160000435
