comms_cons: 2.2435071999946796
finished_reconf: true
global_termination_time: 15186.996
local_termination_time: 5737.756360000001
node_cons: 252.006219999999
tot_aggregated_send: 0
tot_msg_rcv: 174
tot_msg_sent: 167
tot_reconf_duration: 8.09
tot_sleeping_duration: 15006.996000000001
tot_uptimes: 4
tot_uptimes_duration: 180.0
