comms_cons: 1.7040127999943702
finished_reconf: true
global_termination_time: 16241.255
local_termination_time: 10531.730360000001
node_cons: 336.230100000001
tot_aggregated_send: 0
tot_msg_rcv: 136
tot_msg_sent: 123
tot_reconf_duration: 10.95
tot_sleeping_duration: 16001.255
tot_uptimes: 5
tot_uptimes_duration: 240.0
