comms_cons: 1.5197951999991637
finished_reconf: true
global_termination_time: 16084.692
local_termination_time: 5003.429360000001
node_cons: 331.97956000000084
tot_aggregated_send: 0
tot_msg_rcv: 120
tot_msg_sent: 111
tot_reconf_duration: 7.819999999999999
tot_sleeping_duration: 15844.692
tot_uptimes: 5
tot_uptimes_duration: 240.0
