comms_cons: 1.9342847999978297
finished_reconf: true
global_termination_time: 15192.003
local_termination_time: 6854.222360000001
node_cons: 249.46676000000033
tot_aggregated_send: 0
tot_msg_rcv: 152
tot_msg_sent: 142
tot_reconf_duration: 6.22
tot_sleeping_duration: 15012.003
tot_uptimes: 4
tot_uptimes_duration: 180.0
