comms_cons: 43.4424576003748
finished_reconf: true
global_termination_time: 431573.23
local_termination_time: 285703.9294000004
node_cons: 8868.174982242905
tot_aggregated_send: 5916
tot_msg_rcv: 240
tot_msg_sent: 447
tot_reconf_duration: 22.65
tot_sleeping_duration: 424973.21783999784
tot_uptimes: 111
tot_uptimes_duration: 6600.0121600021375
