comms_cons: 44.34380800108655
finished_reconf: true
global_termination_time: 429762.521
local_termination_time: 392474.65904000035
node_cons: 8921.898182242936
tot_aggregated_send: 5684
tot_msg_rcv: 302
tot_msg_sent: 754
tot_reconf_duration: 3.05
tot_sleeping_duration: 423102.50883999787
tot_uptimes: 111
tot_uptimes_duration: 6660.0121600021375
