comms_cons: 44.988569600953944
finished_reconf: true
global_termination_time: 429762.13148000016
local_termination_time: 73603.46663999977
node_cons: 8877.417983205973
tot_aggregated_send: 5626
tot_msg_rcv: 459
tot_msg_sent: 752
tot_reconf_duration: 15.34
tot_sleeping_duration: 423147.8026799957
tot_uptimes: 111
tot_uptimes_duration: 6614.328800004441
