comms_cons: 448.8724992540646
finished_reconf: true
global_termination_time: 4482080.889
local_termination_time: 91598.59559999996
node_cons: 92174.77430893769
tot_aggregated_send: 62524
tot_msg_rcv: 1960
tot_msg_sent: 3742
tot_reconf_duration: 18.21
tot_sleeping_duration: 4413260.840360015
tot_uptimes: 1148
tot_uptimes_duration: 68820.04863998521
