comms_cons: 450.2976384568261
finished_reconf: true
global_termination_time: 4481945.698
local_termination_time: 323623.9705200004
node_cons: 92180.80382893312
tot_aggregated_send: 61886
tot_msg_rcv: 2124
tot_msg_sent: 4432
tot_reconf_duration: 22.65
tot_sleeping_duration: 4413125.649360019
tot_uptimes: 1148
tot_uptimes_duration: 68820.04863998177
