comms_cons: 440.581324852113
finished_reconf: true
global_termination_time: 4479090.175
local_termination_time: 1434840.8833599999
node_cons: 92158.46746558223
tot_aggregated_send: 62060
tot_msg_rcv: 1557
tot_msg_sent: 3348
tot_reconf_duration: 6.22
tot_sleeping_duration: 4410270.144600011
tot_uptimes: 1148
tot_uptimes_duration: 68820.03039998864
