comms_cons: 440.1227072636027
finished_reconf: true
global_termination_time: 4480301.693
local_termination_time: 1461685.0019999999
node_cons: 92165.36340334869
tot_aggregated_send: 61710
tot_msg_rcv: 1618
tot_msg_sent: 3567
tot_reconf_duration: 11.31
tot_sleeping_duration: 4411481.674760006
tot_uptimes: 1148
tot_uptimes_duration: 68820.01823999337
