comms_cons: 41.64696320033327
finished_reconf: true
global_termination_time: 412972.607
local_termination_time: 64213.35884000003
node_cons: 8439.866323362026
tot_aggregated_send: 5626
tot_msg_rcv: 238
tot_msg_sent: 467
tot_reconf_duration: 3.05
tot_sleeping_duration: 406672.5887599985
tot_uptimes: 106
tot_uptimes_duration: 6300.018240001504
