comms_cons: 40.97061120033609
finished_reconf: true
global_termination_time: 413580.401
local_termination_time: 102146.29015999954
node_cons: 8443.082081119172
tot_aggregated_send: 5684
tot_msg_rcv: 141
tot_msg_sent: 402
tot_reconf_duration: 5.43
tot_sleeping_duration: 407280.3949200007
tot_uptimes: 106
tot_uptimes_duration: 6300.006079999366
