comms_cons: 251.25964800393265
finished_reconf: true
global_termination_time: 2520980.11
local_termination_time: 557337.9382399989
node_cons: 51831.6713799992
tot_aggregated_send: 35960
tot_msg_rcv: 788
tot_msg_sent: 1442
tot_reconf_duration: 9.11
tot_sleeping_duration: 2482280.11
tot_uptimes: 646
tot_uptimes_duration: 38700.0
