comms_cons: 499.11446402426975
finished_reconf: true
global_termination_time: 5048816.6924399985
local_termination_time: 5048816.651319998
node_cons: 103897.4937815098
tot_aggregated_send: 73008
tot_msg_rcv: 897
tot_msg_sent: 1956
tot_reconf_duration: 24.59
tot_sleeping_duration: 4971248.282760004
tot_uptimes: 1293
tot_uptimes_duration: 77568.40967999486
