comms_cons: 501.14078728904565
finished_reconf: true
global_termination_time: 5052195.528
local_termination_time: 3539234.9930000002
node_cons: 103889.63571542574
tot_aggregated_send: 69600
tot_msg_rcv: 2215
tot_msg_sent: 4355
tot_reconf_duration: 5.57
tot_sleeping_duration: 4974613.697040009
tot_uptimes: 1294
tot_uptimes_duration: 77581.83095999132
