comms_cons: 510.6953473144212
finished_reconf: true
global_termination_time: 5049539.859
local_termination_time: 139556.48792000028
node_cons: 103910.42754669857
tot_aggregated_send: 69600
tot_msg_rcv: 2927
tot_msg_sent: 5095
tot_reconf_duration: 22.65
tot_sleeping_duration: 4971959.822520014
tot_uptimes: 1294
tot_uptimes_duration: 77580.03647998627
