comms_cons: 333.2238016230043
finished_reconf: true
global_termination_time: 3371405.559
local_termination_time: 2315160.40736
node_cons: 69353.94752111608
tot_aggregated_send: 48836
tot_msg_rcv: 607
tot_msg_sent: 1204
tot_reconf_duration: 15.110000000000001
tot_sleeping_duration: 3319625.552920002
tot_uptimes: 864
tot_uptimes_duration: 51780.00607999787
