comms_cons: 335.57438081476545
finished_reconf: true
global_termination_time: 3373361.692
local_termination_time: 1214065.5862799992
node_cons: 69346.21235999836
tot_aggregated_send: 48546
tot_msg_rcv: 959
tot_msg_sent: 1500
tot_reconf_duration: 9.42
tot_sleeping_duration: 3321581.692
tot_uptimes: 864
tot_uptimes_duration: 51780.0
