comms_cons: 349.90697607080483
finished_reconf: true
global_termination_time: 3370843.609
local_termination_time: 441439.37236000004
node_cons: 69340.89163340235
tot_aggregated_send: 44022
tot_msg_rcv: 3173
tot_msg_sent: 5987
tot_reconf_duration: 5.43
tot_sleeping_duration: 3319063.536040027
tot_uptimes: 864
tot_uptimes_duration: 51780.07295997301
