comms_cons: 527.0531328820549
finished_reconf: true
global_termination_time: 5298317.373
local_termination_time: 2811862.4944800003
node_cons: 108948.62848334828
tot_aggregated_send: 73486
tot_msg_rcv: 2189
tot_msg_sent: 4434
tot_reconf_duration: 5.57
tot_sleeping_duration: 5216957.354760007
tot_uptimes: 1357
tot_uptimes_duration: 81360.01823999337
