comms_cons: 522.9817536720216
finished_reconf: true
global_termination_time: 5294618.691
local_termination_time: 3098448.1694399994
node_cons: 108867.650223348
tot_aggregated_send: 73428
tot_msg_rcv: 1955
tot_msg_sent: 4106
tot_reconf_duration: 5.1
tot_sleeping_duration: 5213318.672760006
tot_uptimes: 1356
tot_uptimes_duration: 81300.01823999337
