comms_cons: 530.9882497107176
finished_reconf: true
global_termination_time: 5295615.824
local_termination_time: 304689.2822000002
node_cons: 108947.62896781582
tot_aggregated_send: 73718
tot_msg_rcv: 2283
tot_msg_sent: 4706
tot_reconf_duration: 4.8100000000000005
tot_sleeping_duration: 5214255.781440016
tot_uptimes: 1357
tot_uptimes_duration: 81360.04255998437
