comms_cons: 529.516851293637
finished_reconf: true
global_termination_time: 5298733.223
local_termination_time: 1407151.3216
node_cons: 108956.44782669906
tot_aggregated_send: 73428
tot_msg_rcv: 2296
tot_msg_sent: 4759
tot_reconf_duration: 11.31
tot_sleeping_duration: 5217373.186520013
tot_uptimes: 1357
tot_uptimes_duration: 81360.03647998674
