comms_cons: 527.6247872852631
finished_reconf: true
global_termination_time: 5296674.511
local_termination_time: 1412991.7753599999
node_cons: 108948.45464558207
tot_aggregated_send: 74124
tot_msg_rcv: 2064
tot_msg_sent: 4007
tot_reconf_duration: 5.43
tot_sleeping_duration: 5215314.480600012
tot_uptimes: 1357
tot_uptimes_duration: 81360.0303999891
