comms_cons: 88.45166079446554
finished_reconf: true
global_termination_time: 862131.223
local_termination_time: 258379.69400000002
node_cons: 17720.99494735479
tot_aggregated_send: 11482
tot_msg_rcv: 678
tot_msg_sent: 1283
tot_reconf_duration: 18.700000000000003
tot_sleeping_duration: 848915.6887600039
tot_uptimes: 221
tot_uptimes_duration: 13215.53423999608
