comms_cons: 87.44135039646183
finished_reconf: true
global_termination_time: 861313.169
local_termination_time: 461036.53448000003
node_cons: 17680.79418447189
tot_aggregated_send: 11658
tot_msg_rcv: 528
tot_msg_sent: 1104
tot_reconf_duration: 4.390000000000001
tot_sleeping_duration: 848113.1446800061
tot_uptimes: 221
tot_uptimes_duration: 13200.024319993972
