comms_cons: 85.48354559768038
finished_reconf: true
global_termination_time: 857769.095
local_termination_time: 593656.6863599999
node_cons: 17598.61004111692
tot_aggregated_send: 12122
tot_msg_rcv: 292
tot_msg_sent: 579
tot_reconf_duration: 3.05
tot_sleeping_duration: 844629.0889200023
tot_uptimes: 220
tot_uptimes_duration: 13140.006079997635
