comms_cons: 187.60651518373405
finished_reconf: true
global_termination_time: 1895997.977
local_termination_time: 552849.7293599999
node_cons: 38985.780566700734
tot_aggregated_send: 25868
tot_msg_rcv: 850
tot_msg_sent: 1798
tot_reconf_duration: 15.34
tot_sleeping_duration: 1866897.9405200141
tot_uptimes: 486
tot_uptimes_duration: 29100.036479985807
