comms_cons: 188.32325119308285
finished_reconf: true
global_termination_time: 1896632.982
local_termination_time: 433928.3310000005
node_cons: 38979.7700999998
tot_aggregated_send: 27144
tot_msg_rcv: 503
tot_msg_sent: 976
tot_reconf_duration: 10.95
tot_sleeping_duration: 1867532.982
tot_uptimes: 486
tot_uptimes_duration: 29100.0
