comms_cons: 194.42914558019035
finished_reconf: true
global_termination_time: 1894568.515
local_termination_time: 496323.6487600004
node_cons: 38971.52967340177
tot_aggregated_send: 25404
tot_msg_rcv: 1408
tot_msg_sent: 2741
tot_reconf_duration: 4.8100000000000005
tot_sleeping_duration: 1865468.4420400283
tot_uptimes: 486
tot_uptimes_duration: 29100.072959971614
