comms_cons: 46.51557120032989
finished_reconf: true
global_termination_time: 457843.739
local_termination_time: 184726.87372000012
node_cons: 9406.31198000001
tot_aggregated_send: 6264
tot_msg_rcv: 286
tot_msg_sent: 521
tot_reconf_duration: 4.8100000000000005
tot_sleeping_duration: 450823.739
tot_uptimes: 118
tot_uptimes_duration: 7020.0
