comms_cons: 92.4867264123138
finished_reconf: true
global_termination_time: 460883.041
local_termination_time: 1054.3653600000002
node_cons: 9488.615606726316
tot_aggregated_send: 0
tot_msg_rcv: 7210
tot_msg_sent: 6846
tot_reconf_duration: 6.22
tot_sleeping_duration: 453803.0045199953
tot_uptimes: 119
tot_uptimes_duration: 7080.03648000471
