comms_cons: 55.323961601368886
finished_reconf: true
global_termination_time: 545575.006
local_termination_time: 130092.07835999997
node_cons: 11179.663944485737
tot_aggregated_send: 7076
tot_msg_rcv: 462
tot_msg_sent: 870
tot_reconf_duration: 9.11
tot_sleeping_duration: 537234.9816799958
tot_uptimes: 140
tot_uptimes_duration: 8340.024320004275
