comms_cons: 55.04816640084434
finished_reconf: true
global_termination_time: 543503.041
local_termination_time: 153742.97936000006
node_cons: 11171.42632336429
tot_aggregated_send: 7308
tot_msg_rcv: 355
tot_msg_sent: 704
tot_reconf_duration: 3.05
tot_sleeping_duration: 535163.0227599968
tot_uptimes: 140
tot_uptimes_duration: 8340.018240003206
