comms_cons: 80.19748479712415
finished_reconf: true
global_termination_time: 784444.187
local_termination_time: 322889.37636
node_cons: 16093.419023359655
tot_aggregated_send: 10266
tot_msg_rcv: 603
tot_msg_sent: 1320
tot_reconf_duration: 18.700000000000003
tot_sleeping_duration: 772444.1687600003
tot_uptimes: 201
tot_uptimes_duration: 12000.018239999772
