comms_cons: 80.3721343962629
finished_reconf: true
global_termination_time: 787368.322
local_termination_time: 291530.21736
node_cons: 16156.835606710176
tot_aggregated_send: 10382
tot_msg_rcv: 557
tot_msg_sent: 1277
tot_reconf_duration: 6.22
tot_sleeping_duration: 775308.2855200074
tot_uptimes: 202
tot_uptimes_duration: 12060.036479992676
