comms_cons: 647.7258374985635
finished_reconf: true
global_termination_time: 3292769.487
local_termination_time: 2628.62636
node_cons: 67751.37360334935
tot_aggregated_send: 0
tot_msg_rcv: 49557
tot_msg_sent: 48893
tot_reconf_duration: 18.21
tot_sleeping_duration: 3242189.468760007
tot_uptimes: 844
tot_uptimes_duration: 50580.01823999314
