comms_cons: 321.45574400038015
finished_reconf: true
global_termination_time: 3296348.138
local_termination_time: 2246627.523
node_cons: 67844.1760043093
tot_aggregated_send: 45567
tot_msg_rcv: 1094
tot_msg_sent: 2197
tot_reconf_duration: 25.299999999999997
tot_sleeping_duration: 3245706.0031200065
tot_uptimes: 845
tot_uptimes_duration: 50642.134879993275
