comms_cons: 333.2575104262891
finished_reconf: true
global_termination_time: 3292650.545
local_termination_time: 47992.24884000012
node_cons: 67757.460111177
tot_aggregated_send: 45472
tot_msg_rcv: 1765
tot_msg_sent: 3415
tot_reconf_duration: 22.65
tot_sleeping_duration: 3242070.4842000157
tot_uptimes: 844
tot_uptimes_duration: 50580.06079998391
