comms_cons: 331.9515136407961
finished_reconf: true
global_termination_time: 3293527.199
local_termination_time: 795200.5913599998
node_cons: 67752.09601116774
tot_aggregated_send: 45356
tot_msg_rcv: 1795
tot_msg_sent: 3303
tot_reconf_duration: 18.700000000000003
tot_sleeping_duration: 3242947.1382000227
tot_uptimes: 844
tot_uptimes_duration: 50580.06079997704
