comms_cons: 0.6184448000000978
finished_reconf: true
global_termination_time: 5798.355
local_termination_time: 207.50847999999993
node_cons: 97.49153999999999
tot_aggregated_send: 0
tot_msg_rcv: 43
tot_msg_sent: 48
tot_reconf_duration: 12.629999999999999
tot_sleeping_duration: 5738.355
tot_uptimes: 2
tot_uptimes_duration: 60.0
