comms_cons: 760.3137345568529
finished_reconf: true
global_termination_time: 7660869.675
local_termination_time: 2149547.4755199994
node_cons: 157554.33662446364
tot_aggregated_send: 106546
tot_msg_rcv: 3042
tot_msg_sent: 5975
tot_reconf_duration: 5.57
tot_sleeping_duration: 7543209.650680008
tot_uptimes: 1962
tot_uptimes_duration: 117660.02431999147
