comms_cons: 755.9260993205459
finished_reconf: true
global_termination_time: 7663967.637
local_termination_time: 2197441.77248
node_cons: 157645.0137066974
tot_aggregated_send: 106778
tot_msg_rcv: 2638
tot_msg_sent: 5480
tot_reconf_duration: 13.17
tot_sleeping_duration: 7546247.600520013
tot_uptimes: 1963
tot_uptimes_duration: 117720.0364799872
