comms_cons: 758.5160001341188
finished_reconf: true
global_termination_time: 7660095.426
local_termination_time: 2269729.868239999
node_cons: 157550.9714866976
tot_aggregated_send: 106778
tot_msg_rcv: 2874
tot_msg_sent: 5635
tot_reconf_duration: 3.08
tot_sleeping_duration: 7542435.389520013
tot_uptimes: 1962
tot_uptimes_duration: 117660.0364799872
