comms_cons: 769.7906178144393
finished_reconf: true
global_termination_time: 7659577.439
local_termination_time: 1489504.6247999985
node_cons: 157557.44097116587
tot_aggregated_send: 106256
tot_msg_rcv: 3603
tot_msg_sent: 7143
tot_reconf_duration: 7.819999999999999
tot_sleeping_duration: 7541917.378200022
tot_uptimes: 1962
tot_uptimes_duration: 117660.06079997844
