comms_cons: 768.4495234032362
finished_reconf: true
global_termination_time: 7661167.813
local_termination_time: 1654676.729
node_cons: 157558.32473324204
tot_aggregated_send: 105963
tot_msg_rcv: 3571
tot_msg_sent: 7266
tot_reconf_duration: 6.22
tot_sleeping_duration: 7543505.469480025
tot_uptimes: 1962
tot_uptimes_duration: 117662.34351997566
