comms_cons: 215.00167678444078
finished_reconf: true
global_termination_time: 2165174.893
local_termination_time: 771801.0879199994
node_cons: 44539.126841116406
tot_aggregated_send: 30508
tot_msg_rcv: 851
tot_msg_sent: 1320
tot_reconf_duration: 22.65
tot_sleeping_duration: 2131934.8869200028
tot_uptimes: 555
tot_uptimes_duration: 33240.006079997635
