comms_cons: 84.89204479821449
finished_reconf: true
global_termination_time: 821712.857
local_termination_time: 256539.71268000026
node_cons: 16879.97708671481
tot_aggregated_send: 10962
tot_msg_rcv: 717
tot_msg_sent: 1224
tot_reconf_duration: 6.279999999999999
tot_sleeping_duration: 809112.8205200039
tot_uptimes: 211
tot_uptimes_duration: 12600.03647999611
