comms_cons: 178.78129282089344
finished_reconf: true
global_termination_time: 372096.4893200003
local_termination_time: 362.39403999999945
node_cons: 22407.23561928056
tot_aggregated_send: 0
tot_msg_rcv: 11038
tot_msg_sent: 16134
tot_reconf_duration: 18.21
tot_sleeping_duration: 355380.6517999999
tot_uptimes: 271
tot_uptimes_duration: 16715.837520000394
