comms_cons: 445.75843201908674
finished_reconf: true
global_termination_time: 4503056.505
local_termination_time: 3316021.0710399994
node_cons: 92746.741823348
tot_aggregated_send: 62408
tot_msg_rcv: 1838
tot_msg_sent: 3505
tot_reconf_duration: 25.299999999999997
tot_sleeping_duration: 4433816.486760007
tot_uptimes: 1154
tot_uptimes_duration: 69240.01823999314
