comms_cons: 445.0374528425688
finished_reconf: true
global_termination_time: 4503117.217
local_termination_time: 1001295.3422799982
node_cons: 92654.40016149986
tot_aggregated_send: 63046
tot_msg_rcv: 1672
tot_msg_sent: 2925
tot_reconf_duration: 15.110000000000001
tot_sleeping_duration: 4433935.827320013
tot_uptimes: 1154
tot_uptimes_duration: 69181.38967998687
