comms_cons: 885.9047313652413
finished_reconf: true
global_termination_time: 4503035.170279997
local_termination_time: 1728.9063600000002
node_cons: 92688.48634950284
tot_aggregated_send: 0
tot_msg_rcv: 67753
tot_msg_sent: 66897
tot_reconf_duration: 11.899999999999999
tot_sleeping_duration: 4433825.068600008
tot_uptimes: 1154
tot_uptimes_duration: 69210.10167998908
