comms_cons: 0.710553600000021
finished_reconf: true
global_termination_time: 6778.645
local_termination_time: 990.02036
node_cons: 95.21009999999991
tot_aggregated_send: 0
tot_msg_rcv: 60
tot_msg_sent: 48
tot_reconf_duration: 10.95
tot_sleeping_duration: 6718.645000000001
tot_uptimes: 2
tot_uptimes_duration: 59.999999999999886
