comms_cons: 38.68632320042153
finished_reconf: true
global_termination_time: 386007.007
local_termination_time: 38703.07336000001
node_cons: 7883.95584224139
tot_aggregated_send: 5220
tot_msg_rcv: 201
tot_msg_sent: 459
tot_reconf_duration: 7.819999999999999
tot_sleeping_duration: 380126.99483999895
tot_uptimes: 99
tot_uptimes_duration: 5880.012160001032
