comms_cons: 897.7828178088062
finished_reconf: true
global_termination_time: 4563457.645759997
local_termination_time: 3238.73936
node_cons: 93889.97360710082
tot_aggregated_send: 0
tot_msg_rcv: 68681
tot_msg_sent: 67774
tot_reconf_duration: 5.1
tot_sleeping_duration: 4493343.34568001
tot_uptimes: 1169
tot_uptimes_duration: 70114.30007998762
