comms_cons: 455.89971205594117
finished_reconf: true
global_termination_time: 4567737.999
local_termination_time: 1120081.2063999984
node_cons: 93932.33824111479
tot_aggregated_send: 63626
tot_msg_rcv: 1900
tot_msg_sent: 3769
tot_reconf_duration: 10.95
tot_sleeping_duration: 4497597.992920002
tot_uptimes: 1170
tot_uptimes_duration: 70140.00607999787
