comms_cons: 452.3601024357366
finished_reconf: true
global_termination_time: 4566669.034
local_termination_time: 2999406.2343599997
node_cons: 93933.6283411141
tot_aggregated_send: 65540
tot_msg_rcv: 1115
tot_msg_sent: 2101
tot_reconf_duration: 11.899999999999999
tot_sleeping_duration: 4496529.027920002
tot_uptimes: 1170
tot_uptimes_duration: 70140.00607999763
