comms_cons: 460.44419208501427
finished_reconf: true
global_termination_time: 4566687.022
local_termination_time: 1248640.4033199993
node_cons: 93921.64260558225
tot_aggregated_send: 63394
tot_msg_rcv: 2176
tot_msg_sent: 4415
tot_reconf_duration: 3.05
tot_sleeping_duration: 4496546.9916000115
tot_uptimes: 1170
tot_uptimes_duration: 70140.03039998887
