comms_cons: 460.30520328188487
finished_reconf: true
global_termination_time: 4564624.409
local_termination_time: 317516.5029200003
node_cons: 93852.52782670362
tot_aggregated_send: 63220
tot_msg_rcv: 2220
tot_msg_sent: 4523
tot_reconf_duration: 11.31
tot_sleeping_duration: 4494544.37252001
tot_uptimes: 1169
tot_uptimes_duration: 70080.0364799897
