comms_cons: 187.86869758349374
finished_reconf: true
global_termination_time: 1886479.1
local_termination_time: 849551.5023599999
node_cons: 38814.85584223354
tot_aggregated_send: 25868
tot_msg_rcv: 946
tot_msg_sent: 1740
tot_reconf_duration: 7.819999999999999
tot_sleeping_duration: 1857499.0878400048
tot_uptimes: 484
tot_uptimes_duration: 28980.01215999527
