comms_cons: 185.02078079711237
finished_reconf: true
global_termination_time: 1887788.83
local_termination_time: 1406564.9443599998
node_cons: 38819.57897999987
tot_aggregated_send: 27202
tot_msg_rcv: 333
tot_msg_sent: 587
tot_reconf_duration: 11.31
tot_sleeping_duration: 1858808.83
tot_uptimes: 484
tot_uptimes_duration: 28980.0
