comms_cons: 364.4026749036101
finished_reconf: true
global_termination_time: 1848049.9302799983
local_termination_time: 957.5200399999995
node_cons: 38101.033430387244
tot_aggregated_send: 0
tot_msg_rcv: 27914
tot_msg_sent: 27472
tot_reconf_duration: 18.21
tot_sleeping_duration: 1819613.5566800078
tot_uptimes: 474
tot_uptimes_duration: 28436.373599990606
