comms_cons: 63.16689919974597
finished_reconf: true
global_termination_time: 638896.632
local_termination_time: 191431.101
node_cons: 13106.414361121444
tot_aggregated_send: 9161
tot_msg_rcv: 154
tot_msg_sent: 286
tot_reconf_duration: 8.09
tot_sleeping_duration: 629116.6259199989
tot_uptimes: 164
tot_uptimes_duration: 9780.006080001069
