comms_cons: 63.18005759897175
finished_reconf: true
global_termination_time: 636983.765
local_termination_time: 802.8260799999997
node_cons: 13116.25986112031
tot_aggregated_send: 8990
tot_msg_rcv: 161
tot_msg_sent: 452
tot_reconf_duration: 15.34
tot_sleeping_duration: 627203.7589199998
tot_uptimes: 164
tot_uptimes_duration: 9780.006080000217
