comms_cons: 250.6543615813074
finished_reconf: true
global_termination_time: 2524848.847
local_termination_time: 470469.89088000037
node_cons: 51905.634184466486
tot_aggregated_send: 34684
tot_msg_rcv: 1185
tot_msg_sent: 2229
tot_reconf_duration: 4.390000000000001
tot_sleeping_duration: 2486088.8226800095
tot_uptimes: 647
tot_uptimes_duration: 38760.02431999054
