comms_cons: 247.2812735853532
finished_reconf: true
global_termination_time: 2523820.074
local_termination_time: 674076.7546799985
node_cons: 51903.81446446661
tot_aggregated_send: 34858
tot_msg_rcv: 909
tot_msg_sent: 1818
tot_reconf_duration: 3.05
tot_sleeping_duration: 2485060.0496800095
tot_uptimes: 647
tot_uptimes_duration: 38760.02431999054
