comms_cons: 33.57295360037873
finished_reconf: true
global_termination_time: 334791.0144800002
local_termination_time: 53114.51192000006
node_cons: 6855.634040963091
tot_aggregated_send: 4582
tot_msg_rcv: 171
tot_msg_sent: 349
tot_reconf_duration: 5.57
tot_sleeping_duration: 329676.6978399979
tot_uptimes: 86
tot_uptimes_duration: 5114.316640002304
