comms_cons: 33.32364800044694
finished_reconf: true
global_termination_time: 339090.068
local_termination_time: 189226.88936000006
node_cons: 6916.182082242877
tot_aggregated_send: 4698
tot_msg_rcv: 79
tot_msg_sent: 288
tot_reconf_duration: 5.1
tot_sleeping_duration: 333930.0558399979
tot_uptimes: 87
tot_uptimes_duration: 5160.0121600021375
