comms_cons: 104.59816959439517
finished_reconf: true
global_termination_time: 1041235.926
local_termination_time: 586302.9693599999
node_cons: 21374.590041116928
tot_aggregated_send: 14442
tot_msg_rcv: 469
tot_msg_sent: 987
tot_reconf_duration: 3.05
tot_sleeping_duration: 1025275.9199200023
tot_uptimes: 267
tot_uptimes_duration: 15960.006079997635
