comms_cons: 96.33338881301762
finished_reconf: true
global_termination_time: 571208.055
local_termination_time: 235716.79848000008
node_cons: 11763.99740000004
tot_aggregated_send: 0
tot_msg_rcv: 7460
tot_msg_sent: 7180
tot_reconf_duration: 25.299999999999997
tot_sleeping_duration: 562448.055
tot_uptimes: 147
tot_uptimes_duration: 8760.0
