comms_cons: 643.0044934781803
finished_reconf: true
global_termination_time: 3272401.339
local_termination_time: 2612.6313600000003
node_cons: 67349.67360334937
tot_aggregated_send: 0
tot_msg_rcv: 49129
tot_msg_sent: 48603
tot_reconf_duration: 18.21
tot_sleeping_duration: 3222121.320760007
tot_uptimes: 839
tot_uptimes_duration: 50280.01823999314
