comms_cons: 330.828492814092
finished_reconf: true
global_termination_time: 3275940.928
local_termination_time: 615729.0703599999
node_cons: 67335.60468893396
tot_aggregated_send: 45182
tot_msg_rcv: 1832
tot_msg_sent: 3270
tot_reconf_duration: 7.819999999999999
tot_sleeping_duration: 3225660.8793600183
tot_uptimes: 839
tot_uptimes_duration: 50280.048639981556
