comms_cons: 0.7085311999998335
finished_reconf: true
global_termination_time: 4291.906
local_termination_time: 489.1023599999999
node_cons: 97.49153999999992
tot_aggregated_send: 0
tot_msg_rcv: 60
tot_msg_sent: 47
tot_reconf_duration: 12.629999999999999
tot_sleeping_duration: 4231.906
tot_uptimes: 2
tot_uptimes_duration: 59.99999999999994
