comms_cons: 124.59031039471877
finished_reconf: true
global_termination_time: 1244041.6879199983
local_termination_time: 1244041.6467999984
node_cons: 25651.971721354384
tot_aggregated_send: 17328
tot_msg_rcv: 457
tot_msg_sent: 1151
tot_reconf_duration: 24.59
tot_sleeping_duration: 1224909.0676800024
tot_uptimes: 319
tot_uptimes_duration: 19132.62023999577
