comms_cons: 177.3543679277056
finished_reconf: true
global_termination_time: 894934.342
local_termination_time: 314980.2873600001
node_cons: 18428.643123355156
tot_aggregated_send: 0
tot_msg_rcv: 13689
tot_msg_sent: 13266
tot_reconf_duration: 22.65
tot_sleeping_duration: 881194.3237600035
tot_uptimes: 230
tot_uptimes_duration: 13740.018239996338
