comms_cons: 90.86000639866604
finished_reconf: true
global_termination_time: 897667.688
local_termination_time: 408691.73480000027
node_cons: 18418.411944481133
tot_aggregated_send: 12006
tot_msg_rcv: 593
tot_msg_sent: 1212
tot_reconf_duration: 15.110000000000001
tot_sleeping_duration: 883927.6636799992
tot_uptimes: 230
tot_uptimes_duration: 13740.02432000084
