comms_cons: 42.14635520183517
finished_reconf: true
global_termination_time: 211770.69
local_termination_time: 274.8624799999999
node_cons: 4369.134982238305
tot_aggregated_send: 0
tot_msg_rcv: 3290
tot_msg_sent: 3116
tot_reconf_duration: 22.65
tot_sleeping_duration: 208530.67784000127
tot_uptimes: 55
tot_uptimes_duration: 3240.0121599987324
