comms_cons: 21.527142399873476
finished_reconf: true
global_termination_time: 211327.48724000005
local_termination_time: 116510.60235999996
node_cons: 4358.7579204792255
tot_aggregated_send: 2726
tot_msg_rcv: 145
tot_msg_sent: 401
tot_reconf_duration: 10.95
tot_sleeping_duration: 208083.3589200006
tot_uptimes: 55
tot_uptimes_duration: 3244.1283199994214
