comms_cons: 20.86922239995797
finished_reconf: true
global_termination_time: 212742.182
local_termination_time: 25857.946
node_cons: 4361.181564319447
tot_aggregated_send: 2952
tot_msg_rcv: 46
tot_msg_sent: 174
tot_reconf_duration: 11.899999999999999
tot_sleeping_duration: 209497.2071200004
tot_uptimes: 55
tot_uptimes_duration: 3244.974879999587
