comms_cons: 22.547545600307824
finished_reconf: true
global_termination_time: 213441.894
local_termination_time: 24934.82848
node_cons: 4344.908262242868
tot_aggregated_send: 2610
tot_msg_rcv: 295
tot_msg_sent: 522
tot_reconf_duration: 4.8100000000000005
tot_sleeping_duration: 210201.88183999786
tot_uptimes: 55
tot_uptimes_duration: 3240.0121600021375
