comms_cons: 11.322803199917963
finished_reconf: true
global_termination_time: 94260.445
local_termination_time: 20600.281000000003
node_cons: 1932.3426056003195
tot_aggregated_send: 810
tot_msg_rcv: 327
tot_msg_sent: 584
tot_reconf_duration: 3.05
tot_sleeping_duration: 92820.41459999977
tot_uptimes: 25
tot_uptimes_duration: 1440.030400000236
