comms_cons: 34.87633920053667
finished_reconf: true
global_termination_time: 352863.577
local_termination_time: 132165.91136000006
node_cons: 7234.750041121423
tot_aggregated_send: 4814
tot_msg_rcv: 82
tot_msg_sent: 405
tot_reconf_duration: 3.05
tot_sleeping_duration: 347463.5709199989
tot_uptimes: 91
tot_uptimes_duration: 5400.006080001069
