comms_cons: 663.205888209314
finished_reconf: true
global_termination_time: 6539202.307239992
local_termination_time: 18593.92348
node_cons: 134565.47967164958
tot_aggregated_send: 89842
tot_msg_rcv: 3762
tot_msg_sent: 7194
tot_reconf_duration: 18.21
tot_sleeping_duration: 6438723.778120011
tot_uptimes: 1675
tot_uptimes_duration: 100478.52911998052
