comms_cons: 645.989196901453
finished_reconf: true
global_termination_time: 6540419.161
local_termination_time: 2192209.4813599996
node_cons: 134523.59067004937
tot_aggregated_send: 90828
tot_msg_rcv: 2321
tot_msg_sent: 5036
tot_reconf_duration: 25.299999999999997
tot_sleeping_duration: 6439979.1062800195
tot_uptimes: 1675
tot_uptimes_duration: 100440.05471998057
