comms_cons: 650.0779649255356
finished_reconf: true
global_termination_time: 6541371.284
local_termination_time: 2376691.181239999
node_cons: 134580.52692558084
tot_aggregated_send: 90828
tot_msg_rcv: 2695
tot_msg_sent: 5285
tot_reconf_duration: 8.09
tot_sleeping_duration: 6440871.253600011
tot_uptimes: 1676
tot_uptimes_duration: 100500.0303999891
