comms_cons: 657.7757057678826
finished_reconf: true
global_termination_time: 6541096.313
local_termination_time: 467367.2043600001
node_cons: 134573.69888781494
tot_aggregated_send: 90190
tot_msg_rcv: 3513
tot_msg_sent: 6274
tot_reconf_duration: 3.05
tot_sleeping_duration: 6440596.270440016
tot_uptimes: 1676
tot_uptimes_duration: 100500.04255998449
