comms_cons: 21.652147199953944
finished_reconf: true
global_termination_time: 10402.810240000003
local_termination_time: 3163.7500400000013
node_cons: 3135.3725594800108
tot_aggregated_send: 0
tot_msg_rcv: 1582
tot_msg_sent: 1708
tot_reconf_duration: 18.21
tot_sleeping_duration: 8079.700919999996
tot_uptimes: 37
tot_uptimes_duration: 2323.1093200000073
