comms_cons: 1.4474239999994394
finished_reconf: true
global_termination_time: 11266.279
local_termination_time: 7456.304360000001
node_cons: 167.21198000000055
tot_aggregated_send: 0
tot_msg_rcv: 114
tot_msg_sent: 106
tot_reconf_duration: 4.8100000000000005
tot_sleeping_duration: 11146.279
tot_uptimes: 3
tot_uptimes_duration: 120.0
