comms_cons: 65.94990079878745
finished_reconf: true
global_termination_time: 660555.379
local_termination_time: 17047.0786
node_cons: 13583.42162000002
tot_aggregated_send: 9512
tot_msg_rcv: 226
tot_msg_sent: 286
tot_reconf_duration: 4.390000000000001
tot_sleeping_duration: 650415.379
tot_uptimes: 170
tot_uptimes_duration: 10140.0
