comms_cons: 65.91763199988769
finished_reconf: true
global_termination_time: 660978.596
local_termination_time: 71624.92959999993
node_cons: 13581.601900000003
tot_aggregated_send: 9396
tot_msg_rcv: 219
tot_msg_sent: 404
tot_reconf_duration: 3.05
tot_sleeping_duration: 650838.596
tot_uptimes: 170
tot_uptimes_duration: 10140.0
