comms_cons: 65.46303999894546
finished_reconf: true
global_termination_time: 658009.342
local_termination_time: 17037.67752
node_cons: 13507.739560000018
tot_aggregated_send: 9396
tot_msg_rcv: 213
tot_msg_sent: 341
tot_reconf_duration: 7.819999999999999
tot_sleeping_duration: 647929.342
tot_uptimes: 169
tot_uptimes_duration: 10080.0
