comms_cons: 1412.0151177171301
finished_reconf: true
global_termination_time: 3675463.479
local_termination_time: 992499.9126799984
node_cons: 223034.59307281356
tot_aggregated_send: 0
tot_msg_rcv: 86880
tot_msg_sent: 127740
tot_reconf_duration: 18.21
tot_sleeping_duration: 3508913.9167200737
tot_uptimes: 2726
tot_uptimes_duration: 166549.56227992638
