comms_cons: 367.1616064421294
finished_reconf: true
global_termination_time: 3675226.433
local_termination_time: 1347877.0532799982
node_cons: 75608.50894558302
tot_aggregated_send: 49706
tot_msg_rcv: 2159
tot_msg_sent: 3941
tot_reconf_duration: 6.279999999999999
tot_sleeping_duration: 3618766.402600012
tot_uptimes: 942
tot_uptimes_duration: 56460.03039998864
