comms_cons: 357.2675199783919
finished_reconf: true
global_termination_time: 3677363.388
local_termination_time: 1504043.5698399998
node_cons: 75607.52034223195
tot_aggregated_send: 49300
tot_msg_rcv: 1656
tot_msg_sent: 3347
tot_reconf_duration: 5.57
tot_sleeping_duration: 3620903.3758400045
tot_uptimes: 942
tot_uptimes_duration: 56460.01215999527
