comms_cons: 358.0044031994254
finished_reconf: true
global_termination_time: 3676404.888
local_termination_time: 1513386.2289999998
node_cons: 75606.87394111484
tot_aggregated_send: 52486
tot_msg_rcv: 589
tot_msg_sent: 1339
tot_reconf_duration: 5.1
tot_sleeping_duration: 3619944.8819200024
tot_uptimes: 942
tot_uptimes_duration: 56460.006079997635
