comms_cons: 364.5797888309089
finished_reconf: true
global_termination_time: 3678069.355
local_termination_time: 1687709.7056799994
node_cons: 75612.7323599981
tot_aggregated_send: 53128
tot_msg_rcv: 846
tot_msg_sent: 1440
tot_reconf_duration: 9.42
tot_sleeping_duration: 3621609.355
tot_uptimes: 942
tot_uptimes_duration: 56460.0
