comms_cons: 373.0945280334824
finished_reconf: true
global_termination_time: 3677396.51
local_termination_time: 859517.92436
node_cons: 75605.9911722837
tot_aggregated_send: 49300
tot_msg_rcv: 2581
tot_msg_sent: 4827
tot_reconf_duration: 4.390000000000001
tot_sleeping_duration: 3620936.4431200256
tot_uptimes: 942
tot_uptimes_duration: 56460.06687997421
