comms_cons: 366.15409282146743
finished_reconf: true
global_termination_time: 3677538.965
local_termination_time: 1126109.1120799994
node_cons: 75604.15517004945
tot_aggregated_send: 49822
tot_msg_rcv: 2103
tot_msg_sent: 3727
tot_reconf_duration: 3.05
tot_sleeping_duration: 3621078.910280021
tot_uptimes: 942
tot_uptimes_duration: 56460.05471997871
