comms_cons: 373.0533376514071
finished_reconf: true
global_termination_time: 3674759.9439999927
local_termination_time: 1110651.7704799997
node_cons: 75652.00793892321
tot_aggregated_send: 49416
tot_msg_rcv: 2576
tot_msg_sent: 4709
tot_reconf_duration: 5.43
tot_sleeping_duration: 3618266.565360019
tot_uptimes: 942
tot_uptimes_duration: 56493.37863997393
