comms_cons: 550.7308929200025
finished_reconf: true
global_termination_time: 5549531.972
local_termination_time: 3899831.6029599984
node_cons: 114174.15064334744
tot_aggregated_send: 75806
tot_msg_rcv: 2828
tot_msg_sent: 5073
tot_reconf_duration: 8.09
tot_sleeping_duration: 5464271.953760006
tot_uptimes: 1422
tot_uptimes_duration: 85260.01823999337
