comms_cons: 552.7052609070647
finished_reconf: true
global_termination_time: 5550942.858
local_termination_time: 3965050.58736
node_cons: 114175.5439444646
tot_aggregated_send: 76966
tot_msg_rcv: 2516
tot_msg_sent: 4525
tot_reconf_duration: 9.11
tot_sleeping_duration: 5465682.8336800095
tot_uptimes: 1422
tot_uptimes_duration: 85260.02431999124
