comms_cons: 552.4568064944297
finished_reconf: true
global_termination_time: 5550090.575
local_termination_time: 3983124.92536
node_cons: 114183.68380334809
tot_aggregated_send: 76908
tot_msg_rcv: 2372
tot_msg_sent: 4690
tot_reconf_duration: 15.110000000000001
tot_sleeping_duration: 5464830.556760007
tot_uptimes: 1422
tot_uptimes_duration: 85260.01823999337
