comms_cons: 2.2758975999922955
finished_reconf: true
global_termination_time: 12134.54248
local_termination_time: 12134.50136
node_cons: 292.7635187200007
tot_aggregated_send: 0
tot_msg_rcv: 176
tot_msg_sent: 169
tot_reconf_duration: 24.59
tot_sleeping_duration: 11940.838
tot_uptimes: 4
tot_uptimes_duration: 193.70448000000033
