comms_cons: 42.897638400367725
finished_reconf: true
global_termination_time: 428772.367
local_termination_time: 14123.161479999999
node_cons: 8787.867546721756
tot_aggregated_send: 5626
tot_msg_rcv: 333
tot_msg_sent: 561
tot_reconf_duration: 22.65
tot_sleeping_duration: 422232.33051999874
tot_uptimes: 110
tot_uptimes_duration: 6540.036480001305
