comms_cons: 52.87594240041337
finished_reconf: true
global_termination_time: 525265.7824799998
local_termination_time: 525265.7413599999
node_cons: 10817.336083198697
tot_aggregated_send: 7192
tot_msg_rcv: 268
tot_msg_sent: 575
tot_reconf_duration: 24.59
tot_sleeping_duration: 517212.05368000077
tot_uptimes: 135
tot_uptimes_duration: 8053.728799999008
