comms_cons: 51.975884800336125
finished_reconf: true
global_termination_time: 525327.454
local_termination_time: 412073.60848000005
node_cons: 10774.096381121404
tot_aggregated_send: 6728
tot_msg_rcv: 356
tot_msg_sent: 817
tot_reconf_duration: 6.279999999999999
tot_sleeping_duration: 517287.44791999896
tot_uptimes: 135
tot_uptimes_duration: 8040.006080001069
