comms_cons: 53.74928640067334
finished_reconf: true
global_termination_time: 527528.295
local_termination_time: 105039.82915999956
node_cons: 10863.793001121441
tot_aggregated_send: 7076
tot_msg_rcv: 406
tot_msg_sent: 687
tot_reconf_duration: 13.17
tot_sleeping_duration: 519428.288919999
tot_uptimes: 136
tot_uptimes_duration: 8100.006080001069
