comms_cons: 2.1645567999981243
finished_reconf: true
global_termination_time: 18408.939
local_termination_time: 11180.35
node_cons: 370.49931368000625
tot_aggregated_send: 0
tot_msg_rcv: 215
tot_msg_sent: 114
tot_reconf_duration: 22.65
tot_sleeping_duration: 18155.211879999995
tot_uptimes: 5
tot_uptimes_duration: 253.7271200000041
