comms_cons: 2.539571199994247
finished_reconf: true
global_termination_time: 14977.959
local_termination_time: 4812.60336
node_cons: 253.81236000000013
tot_aggregated_send: 0
tot_msg_rcv: 219
tot_msg_sent: 167
tot_reconf_duration: 9.42
tot_sleeping_duration: 14797.959
tot_uptimes: 4
tot_uptimes_duration: 180.0
