comms_cons: 458.9847296744344
finished_reconf: true
global_termination_time: 4580185.43848
local_termination_time: 4580185.39736
node_cons: 94227.75519547756
tot_aggregated_send: 64470
tot_msg_rcv: 1787
tot_msg_sent: 3505
tot_reconf_duration: 37.410000000000004
tot_sleeping_duration: 4509851.642800029
tot_uptimes: 1173
tot_uptimes_duration: 70333.79567997046
