comms_cons: 459.103872079108
finished_reconf: true
global_termination_time: 4580185.905239988
local_termination_time: 4431.058480000001
node_cons: 94259.12640939356
tot_aggregated_send: 64148
tot_msg_rcv: 2005
tot_msg_sent: 3625
tot_reconf_duration: 18.21
tot_sleeping_duration: 4509809.208280021
tot_uptimes: 1173
tot_uptimes_duration: 70376.69695996726
