comms_cons: 449.3377280458774
finished_reconf: true
global_termination_time: 4582331.772
local_termination_time: 2417655.0793199996
node_cons: 94243.03520446514
tot_aggregated_send: 62872
tot_msg_rcv: 1888
tot_msg_sent: 3536
tot_reconf_duration: 3.08
tot_sleeping_duration: 4511951.747680008
tot_uptimes: 1174
tot_uptimes_duration: 70380.02431999077
