comms_cons: 455.91820802940435
finished_reconf: true
global_termination_time: 4581532.352
local_termination_time: 1155214.8146799994
node_cons: 94243.02745741038
tot_aggregated_send: 63974
tot_msg_rcv: 1928
tot_msg_sent: 3393
tot_reconf_duration: 3.05
tot_sleeping_duration: 4511152.30304002
tot_uptimes: 1174
tot_uptimes_duration: 70380.04895998002
