comms_cons: 69.75925759955044
finished_reconf: true
global_termination_time: 690466.235
local_termination_time: 20383.96792
node_cons: 14148.294901121448
tot_aggregated_send: 9454
tot_msg_rcv: 395
tot_msg_sent: 754
tot_reconf_duration: 6.22
tot_sleeping_duration: 679906.228919999
tot_uptimes: 177
tot_uptimes_duration: 10560.006080001069
