comms_cons: 167.9011839941718
finished_reconf: true
global_termination_time: 1688010.551
local_termination_time: 219816.63348000005
node_cons: 34711.06263999995
tot_aggregated_send: 24186
tot_msg_rcv: 465
tot_msg_sent: 869
tot_reconf_duration: 3.08
tot_sleeping_duration: 1662090.551
tot_uptimes: 433
tot_uptimes_duration: 25920.0
