comms_cons: 173.2624639814678
finished_reconf: true
global_termination_time: 1689399.535
local_termination_time: 172261.10148000007
node_cons: 34713.51781453718
tot_aggregated_send: 22446
tot_msg_rcv: 1266
tot_msg_sent: 2623
tot_reconf_duration: 4.8100000000000005
tot_sleeping_duration: 1663479.455960017
tot_uptimes: 433
tot_uptimes_duration: 25920.079039982986
