comms_cons: 173.45368318607885
finished_reconf: true
global_termination_time: 1688186.461
local_termination_time: 270706.59636
node_cons: 34722.30475166046
tot_aggregated_send: 22620
tot_msg_rcv: 1303
tot_msg_sent: 2440
tot_reconf_duration: 11.31
tot_sleeping_duration: 1662266.4118800145
tot_uptimes: 433
tot_uptimes_duration: 25920.04911998543
