comms_cons: 61.31121920604257
finished_reconf: true
global_termination_time: 311934.60760000016
local_termination_time: 1136.9800400000013
node_cons: 6373.953128400254
tot_aggregated_send: 0
tot_msg_rcv: 4730
tot_msg_sent: 4588
tot_reconf_duration: 4.8100000000000005
tot_sleeping_duration: 307179.252
tot_uptimes: 80
tot_uptimes_duration: 4755.3556000001845
