comms_cons: 211.17258239702244
finished_reconf: true
global_termination_time: 2163779.003
local_termination_time: 1412256.1653999991
node_cons: 44515.28579999935
tot_aggregated_send: 31378
tot_msg_rcv: 257
tot_msg_sent: 462
tot_reconf_duration: 5.1
tot_sleeping_duration: 2130539.003
tot_uptimes: 555
tot_uptimes_duration: 33240.0
