comms_cons: 628.4676091566887
finished_reconf: true
global_termination_time: 2160669.2996
local_termination_time: 2160669.25848
node_cons: 87967.87664639766
tot_aggregated_send: 0
tot_msg_rcv: 32077
tot_msg_sent: 63445
tot_reconf_duration: 24.59
tot_sleeping_duration: 2094997.542
tot_uptimes: 1085
tot_uptimes_duration: 65671.75760000013
