comms_cons: 220.42291837340824
finished_reconf: true
global_termination_time: 2162665.655
local_termination_time: 1104319.650159998
node_cons: 44432.21888781712
tot_aggregated_send: 28884
tot_msg_rcv: 1615
tot_msg_sent: 3002
tot_reconf_duration: 3.05
tot_sleeping_duration: 2129485.6124400166
tot_uptimes: 554
tot_uptimes_duration: 33180.04255998344
