comms_cons: 424.33477090224665
finished_reconf: true
global_termination_time: 2160669.899599998
local_termination_time: 1708.0256000000004
node_cons: 44463.972692863616
tot_aggregated_send: 0
tot_msg_rcv: 32414
tot_msg_sent: 32079
tot_reconf_duration: 11.31
tot_sleeping_duration: 2127474.5196800097
tot_uptimes: 554
tot_uptimes_duration: 33195.3799199881
