comms_cons: 262.8389568028504
finished_reconf: true
global_termination_time: 2621682.934359997
local_termination_time: 110036.96059999995
node_cons: 53980.5920715404
tot_aggregated_send: 36540
tot_msg_rcv: 1112
tot_msg_sent: 2298
tot_reconf_duration: 5.43
tot_sleeping_duration: 2581374.3323200108
tot_uptimes: 672
tot_uptimes_duration: 40308.602039986
