comms_cons: 63.51482879947396
finished_reconf: true
global_termination_time: 619982.405
local_termination_time: 257369.80068000025
node_cons: 12724.494982238273
tot_aggregated_send: 8062
tot_msg_rcv: 503
tot_msg_sent: 1089
tot_reconf_duration: 22.65
tot_sleeping_duration: 610502.3928400014
tot_uptimes: 159
tot_uptimes_duration: 9480.012159998703
