comms_cons: 222.44072959270216
finished_reconf: true
global_termination_time: 2261835.096
local_termination_time: 1099361.6318399988
node_cons: 46534.01153999962
tot_aggregated_send: 32654
tot_msg_rcv: 353
tot_msg_sent: 803
tot_reconf_duration: 12.629999999999999
tot_sleeping_duration: 2227095.096
tot_uptimes: 580
tot_uptimes_duration: 34740.0
