comms_cons: 228.9521599745898
finished_reconf: true
global_termination_time: 2263936.551
local_termination_time: 925931.7197199988
node_cons: 46521.050746700515
tot_aggregated_send: 29986
tot_msg_rcv: 1592
tot_msg_sent: 3220
tot_reconf_duration: 3.05
tot_sleeping_duration: 2229196.514520014
tot_uptimes: 580
tot_uptimes_duration: 34740.03647998581
