comms_cons: 233.1973887839177
finished_reconf: true
global_termination_time: 2259697.6982399873
local_termination_time: 201282.5853200002
node_cons: 46530.57136722542
tot_aggregated_send: 29754
tot_msg_rcv: 1961
tot_msg_sent: 3730
tot_reconf_duration: 11.31
tot_sleeping_duration: 2224958.9287200277
tot_uptimes: 579
tot_uptimes_duration: 34738.769519959635
