comms_cons: 126.24168959243215
finished_reconf: true
global_termination_time: 1252853.262
local_termination_time: 457551.3926800002
node_cons: 25726.749988943873
tot_aggregated_send: 17110
tot_msg_rcv: 705
tot_msg_sent: 1373
tot_reconf_duration: 13.17
tot_sleeping_duration: 1233653.2133600123
tot_uptimes: 321
tot_uptimes_duration: 19200.048639987945
