comms_cons: 129.8787967868667
finished_reconf: true
global_termination_time: 1252986.111
local_termination_time: 407919.8409600002
node_cons: 25713.064051168385
tot_aggregated_send: 15950
tot_msg_rcv: 1450
tot_msg_sent: 2339
tot_reconf_duration: 3.08
tot_sleeping_duration: 1233786.0502000237
tot_uptimes: 321
tot_uptimes_duration: 19200.060799976345
