comms_cons: 126.19130239179943
finished_reconf: true
global_termination_time: 1247173.171
local_termination_time: 216308.47036000006
node_cons: 25637.009113146054
tot_aggregated_send: 15428
tot_msg_rcv: 1413
tot_msg_sent: 2340
tot_reconf_duration: 6.22
tot_sleeping_duration: 1228033.0945600106
tot_uptimes: 320
tot_uptimes_duration: 19140.076439989556
