comms_cons: 121.4263423971
finished_reconf: true
global_termination_time: 1247421.356
local_termination_time: 259495.97436000005
node_cons: 25643.84340335973
tot_aggregated_send: 16298
tot_msg_rcv: 801
tot_msg_sent: 1358
tot_reconf_duration: 11.31
tot_sleeping_duration: 1228281.3377600003
tot_uptimes: 320
tot_uptimes_duration: 19140.018239999772
