comms_cons: 81.81235200174552
finished_reconf: true
global_termination_time: 863046.83
local_termination_time: 153238.04024000096
node_cons: 17761.126043364337
tot_aggregated_send: 10846
tot_msg_rcv: 534
tot_msg_sent: 1055
tot_reconf_duration: 4.390000000000001
tot_sleeping_duration: 849786.8117599968
tot_uptimes: 222
tot_uptimes_duration: 13260.018240003206
