comms_cons: 265.1029119906736
finished_reconf: true
global_termination_time: 2709214.475
local_termination_time: 1339972.9613599998
node_cons: 55709.98554111595
tot_aggregated_send: 38918
tot_msg_rcv: 461
tot_msg_sent: 915
tot_reconf_duration: 25.299999999999997
tot_sleeping_duration: 2667634.4689200027
tot_uptimes: 694
tot_uptimes_duration: 41580.006079997635
