comms_cons: 267.4777536054924
finished_reconf: true
global_termination_time: 2708313.787
local_termination_time: 147014.85836000004
node_cons: 55679.81078111933
tot_aggregated_send: 38744
tot_msg_rcv: 576
tot_msg_sent: 1335
tot_reconf_duration: 3.08
tot_sleeping_duration: 2666733.78092
tot_uptimes: 694
tot_uptimes_duration: 41580.00608000022
