comms_cons: 144.63055358703014
finished_reconf: true
global_termination_time: 1435051.4554799998
local_termination_time: 1435051.4143599998
node_cons: 29536.55608319637
tot_aggregated_send: 19880
tot_msg_rcv: 700
tot_msg_sent: 1402
tot_reconf_duration: 24.59
tot_sleeping_duration: 1413017.7266800026
tot_uptimes: 368
tot_uptimes_duration: 22033.728799997247
