comms_cons: 145.3147903856786
finished_reconf: true
global_termination_time: 1436498.635
local_termination_time: 64501.545
node_cons: 29491.33640335286
tot_aggregated_send: 19540
tot_msg_rcv: 802
tot_msg_sent: 1745
tot_reconf_duration: 4.8100000000000005
tot_sleeping_duration: 1414478.6167600052
tot_uptimes: 368
tot_uptimes_duration: 22020.018239994635
