comms_cons: 142.86074879607492
finished_reconf: true
global_termination_time: 1438932.221
local_termination_time: 422517.4074800001
node_cons: 29569.26190000011
tot_aggregated_send: 20532
tot_msg_rcv: 371
tot_msg_sent: 811
tot_reconf_duration: 3.05
tot_sleeping_duration: 1416852.221
tot_uptimes: 369
tot_uptimes_duration: 22080.0
