comms_cons: 154.34218235684583
finished_reconf: true
global_termination_time: 850560.275
local_termination_time: 272375.04236
node_cons: 17440.746505593354
tot_aggregated_send: 0
tot_msg_rcv: 11969
tot_msg_sent: 11491
tot_reconf_duration: 5.1
tot_sleeping_duration: 837540.244600005
tot_uptimes: 218
tot_uptimes_duration: 13020.030399995041
