comms_cons: 153.44793595628485
finished_reconf: true
global_termination_time: 849977.728
local_termination_time: 269565.5853600001
node_cons: 17444.782502233724
tot_aggregated_send: 0
tot_msg_rcv: 11835
tot_msg_sent: 11490
tot_reconf_duration: 8.09
tot_sleeping_duration: 836957.7158400047
tot_uptimes: 218
tot_uptimes_duration: 13020.012159995269
