comms_cons: 87.66846719199881
finished_reconf: true
global_termination_time: 853756.442
local_termination_time: 80414.56627999952
node_cons: 17518.302605588768
tot_aggregated_send: 11310
tot_msg_rcv: 672
tot_msg_sent: 1344
tot_reconf_duration: 3.05
tot_sleeping_duration: 840676.4116000084
tot_uptimes: 219
tot_uptimes_duration: 13080.030399991607
