comms_cons: 85.31906559617158
finished_reconf: true
global_termination_time: 848755.75
local_termination_time: 375494.62136000005
node_cons: 17441.17836335051
tot_aggregated_send: 11774
tot_msg_rcv: 385
tot_msg_sent: 809
tot_reconf_duration: 5.43
tot_sleeping_duration: 835735.7317600071
tot_uptimes: 218
tot_uptimes_duration: 13020.018239992904
