comms_cons: 18.007270399953693
finished_reconf: true
global_termination_time: 12037.217240000004
local_termination_time: 606.7790399999996
node_cons: 2198.182464600018
tot_aggregated_send: 0
tot_msg_rcv: 1285
tot_msg_sent: 1451
tot_reconf_duration: 18.21
tot_sleeping_duration: 10414.02583999999
tot_uptimes: 25
tot_uptimes_duration: 1623.1914000000138
