comms_cons: 2.0180031999928785
finished_reconf: true
global_termination_time: 12800.449
local_termination_time: 5048.369360000001
node_cons: 261.8517200000002
tot_aggregated_send: 0
tot_msg_rcv: 202
tot_msg_sent: 104
tot_reconf_duration: 15.34
tot_sleeping_duration: 12620.449
tot_uptimes: 4
tot_uptimes_duration: 180.0
