comms_cons: 70.83354880762043
finished_reconf: true
global_termination_time: 352716.17
local_termination_time: 178956.20360000007
node_cons: 7261.3749822405825
tot_aggregated_send: 0
tot_msg_rcv: 5560
tot_msg_sent: 5208
tot_reconf_duration: 22.65
tot_sleeping_duration: 347316.15783999953
tot_uptimes: 91
tot_uptimes_duration: 5400.012160000435
