comms_cons: 37.809894401067226
finished_reconf: true
global_termination_time: 348013.2646400009
local_termination_time: 348013.2235200009
node_cons: 7262.580842808906
tot_aggregated_send: 4220
tot_msg_rcv: 532
tot_msg_sent: 994
tot_reconf_duration: 24.59
tot_sleeping_duration: 342614.31943999423
tot_uptimes: 90
tot_uptimes_duration: 5398.945200006638
