comms_cons: 37.506342400743726
finished_reconf: true
global_termination_time: 352197.055
local_termination_time: 17711.631680000006
node_cons: 7239.168945604885
tot_aggregated_send: 4466
tot_msg_rcv: 478
tot_msg_sent: 757
tot_reconf_duration: 6.279999999999999
tot_sleeping_duration: 346797.0245999964
tot_uptimes: 91
tot_uptimes_duration: 5400.030400003641
