comms_cons: 36.284915200626926
finished_reconf: true
global_termination_time: 349005.806
local_termination_time: 124396.36335999997
node_cons: 7160.903983364309
tot_aggregated_send: 4408
tot_msg_rcv: 410
tot_msg_sent: 697
tot_reconf_duration: 7.819999999999999
tot_sleeping_duration: 343665.7877599968
tot_uptimes: 90
tot_uptimes_duration: 5340.018240003206
