comms_cons: 119.45423999401925
finished_reconf: true
global_termination_time: 1181689.665
local_termination_time: 463661.52524000045
node_cons: 24270.268483350545
tot_aggregated_send: 16182
tot_msg_rcv: 640
tot_msg_sent: 1334
tot_reconf_duration: 5.57
tot_sleeping_duration: 1163569.6467600071
tot_uptimes: 303
tot_uptimes_duration: 18120.018239992904
