comms_cons: 116.58342399863295
finished_reconf: true
global_termination_time: 1184825.775
local_termination_time: 426178.47336000006
node_cons: 24373.794982238334
tot_aggregated_send: 16124
tot_msg_rcv: 506
tot_msg_sent: 1090
tot_reconf_duration: 22.65
tot_sleeping_duration: 1166645.7628400011
tot_uptimes: 304
tot_uptimes_duration: 18180.012159998703
