comms_cons: 210.42878718669954
finished_reconf: true
global_termination_time: 2118080.017
local_termination_time: 838951.0803599999
node_cons: 43552.84080446695
tot_aggregated_send: 29058
tot_msg_rcv: 949
tot_msg_sent: 1977
tot_reconf_duration: 6.279999999999999
tot_sleeping_duration: 2085559.9926800095
tot_uptimes: 543
tot_uptimes_duration: 32520.024319990538
