comms_cons: 116.17551359611916
finished_reconf: true
global_termination_time: 1173970.541
local_termination_time: 603716.5779199994
node_cons: 24106.1419000001
tot_aggregated_send: 16878
tot_msg_rcv: 280
tot_msg_sent: 500
tot_reconf_duration: 3.05
tot_sleeping_duration: 1155970.541
tot_uptimes: 301
tot_uptimes_duration: 18000.0
