comms_cons: 408.46137585418165
finished_reconf: true
global_termination_time: 980461.392
local_termination_time: 338127.1363600005
node_cons: 59836.96526360595
tot_aggregated_send: 0
tot_msg_rcv: 25046
tot_msg_sent: 37038
tot_reconf_duration: 18.21
tot_sleeping_duration: 935792.0595999947
tot_uptimes: 736
tot_uptimes_duration: 44669.33240000525
