comms_cons: 440.64912646060475
finished_reconf: true
global_termination_time: 4433075.626199999
local_termination_time: 4433075.585079999
node_cons: 91281.29888214618
tot_aggregated_send: 63670
tot_msg_rcv: 1118
tot_msg_sent: 2188
tot_reconf_duration: 24.59
tot_sleeping_duration: 4364929.318760007
tot_uptimes: 1136
tot_uptimes_duration: 68146.30743999174
