comms_cons: 430.100198420228
finished_reconf: true
global_termination_time: 4434863.891
local_termination_time: 3111158.70748
node_cons: 91203.78485999742
tot_aggregated_send: 63510
tot_msg_rcv: 629
tot_msg_sent: 1233
tot_reconf_duration: 13.17
tot_sleeping_duration: 4366763.891
tot_uptimes: 1136
tot_uptimes_duration: 68100.0
