comms_cons: 444.4321344609428
finished_reconf: true
global_termination_time: 4438696.292
local_termination_time: 1602126.820039998
node_cons: 91270.43888781604
tot_aggregated_send: 61770
tot_msg_rcv: 1895
tot_msg_sent: 3886
tot_reconf_duration: 3.05
tot_sleeping_duration: 4370536.249440016
tot_uptimes: 1137
tot_uptimes_duration: 68160.04255998414
