comms_cons: 228.62700798474899
finished_reconf: true
global_termination_time: 2325051.022
local_termination_time: 1527818.3370799986
node_cons: 47810.8445222331
tot_aggregated_send: 31900
tot_msg_rcv: 876
tot_msg_sent: 1974
tot_reconf_duration: 6.279999999999999
tot_sleeping_duration: 2289351.0098400046
tot_uptimes: 596
tot_uptimes_duration: 35700.01215999527
