comms_cons: 233.4395072020451
finished_reconf: true
global_termination_time: 2322268.585
local_termination_time: 596333.82636
node_cons: 47752.76754670044
tot_aggregated_send: 32480
tot_msg_rcv: 1043
tot_msg_sent: 1958
tot_reconf_duration: 22.65
tot_sleeping_duration: 2286628.548520014
tot_uptimes: 595
tot_uptimes_duration: 35640.03647998581
