comms_cons: 230.79446398313644
finished_reconf: true
global_termination_time: 2321842.6
local_termination_time: 1182540.7583599996
node_cons: 47726.13446446647
tot_aggregated_send: 32132
tot_msg_rcv: 908
tot_msg_sent: 2038
tot_reconf_duration: 3.05
tot_sleeping_duration: 2286202.5756800096
tot_uptimes: 595
tot_uptimes_duration: 35640.02431999054
