comms_cons: 324.36176641848226
finished_reconf: true
global_termination_time: 3284374.164
local_termination_time: 1975108.6056
node_cons: 67573.52848334976
tot_aggregated_send: 45530
tot_msg_rcv: 1214
tot_msg_sent: 2558
tot_reconf_duration: 5.57
tot_sleeping_duration: 3233914.1457600063
tot_uptimes: 842
tot_uptimes_duration: 50460.01823999337
