comms_cons: 331.6508928515555
finished_reconf: true
global_termination_time: 3284113.474
local_termination_time: 1163760.8410799988
node_cons: 67572.51268558801
tot_aggregated_send: 45878
tot_msg_rcv: 1628
tot_msg_sent: 2903
tot_reconf_duration: 4.8100000000000005
tot_sleeping_duration: 3233653.443600008
tot_uptimes: 842
tot_uptimes_duration: 50460.03039999207
