comms_cons: 332.82328322697066
finished_reconf: true
global_termination_time: 3287505.806
local_termination_time: 1087334.1234799987
node_cons: 67571.95201994617
tot_aggregated_send: 45356
tot_msg_rcv: 1805
tot_msg_sent: 3426
tot_reconf_duration: 4.390000000000001
tot_sleeping_duration: 3237045.768360009
tot_uptimes: 842
tot_uptimes_duration: 50460.03763999086
