comms_cons: 41.03447040037701
finished_reconf: true
global_termination_time: 413977.562
local_termination_time: 309554.5953600001
node_cons: 8536.871720000045
tot_aggregated_send: 5974
tot_msg_rcv: 103
tot_msg_sent: 160
tot_reconf_duration: 15.34
tot_sleeping_duration: 407617.562
tot_uptimes: 107
tot_uptimes_duration: 6360.0
