comms_cons: 41.173888000303265
finished_reconf: true
global_termination_time: 413492.687
local_termination_time: 5867.287000000004
node_cons: 8461.251974000015
tot_aggregated_send: 5800
tot_msg_rcv: 175
tot_msg_sent: 284
tot_reconf_duration: 13.17
tot_sleeping_duration: 407186.96099999995
tot_uptimes: 106
tot_uptimes_duration: 6305.726000000004
