comms_cons: 2.3092991999965897
finished_reconf: true
global_termination_time: 15952.806
local_termination_time: 9545.155360000002
node_cons: 328.9240600000021
tot_aggregated_send: 0
tot_msg_rcv: 180
tot_msg_sent: 171
tot_reconf_duration: 5.57
tot_sleeping_duration: 15712.806
tot_uptimes: 5
tot_uptimes_duration: 240.0
