comms_cons: 1.5461119999969852
finished_reconf: true
global_termination_time: 18772.322
local_termination_time: 4348.796359999999
node_cons: 327.32161999999926
tot_aggregated_send: 0
tot_msg_rcv: 121
tot_msg_sent: 114
tot_reconf_duration: 4.390000000000001
tot_sleeping_duration: 18532.322
tot_uptimes: 5
tot_uptimes_duration: 240.0
