comms_cons: 206.64613116893597
finished_reconf: true
global_termination_time: 1997886.233
local_termination_time: 637253.0763599998
node_cons: 41074.62870781748
tot_aggregated_send: 25984
tot_msg_rcv: 1774
tot_msg_sent: 3651
tot_reconf_duration: 15.34
tot_sleeping_duration: 1967226.1904400166
tot_uptimes: 512
tot_uptimes_duration: 30660.04255998344
