comms_cons: 197.20176639428445
finished_reconf: true
global_termination_time: 1997360.843
local_termination_time: 746415.5633599998
node_cons: 41079.14274111646
tot_aggregated_send: 28826
tot_msg_rcv: 352
tot_msg_sent: 795
tot_reconf_duration: 18.700000000000003
tot_sleeping_duration: 1966700.8369200025
tot_uptimes: 512
tot_uptimes_duration: 30660.006079997635
