comms_cons: 203.32359677925353
finished_reconf: true
global_termination_time: 1998693.053
local_termination_time: 506786.4815600007
node_cons: 41064.44911228486
tot_aggregated_send: 27086
tot_msg_rcv: 1257
tot_msg_sent: 2561
tot_reconf_duration: 7.819999999999999
tot_sleeping_duration: 1968032.986120026
tot_uptimes: 512
tot_uptimes_duration: 30660.06687997398
