comms_cons: 89.19664640010927
finished_reconf: true
global_termination_time: 910340.896
local_termination_time: 381648.63748000003
node_cons: 18727.748239999986
tot_aggregated_send: 13282
tot_msg_rcv: 104
tot_msg_sent: 171
tot_reconf_duration: 6.279999999999999
tot_sleeping_duration: 896360.896
tot_uptimes: 234
tot_uptimes_duration: 13980.0
