comms_cons: 90.05076479815564
finished_reconf: true
global_termination_time: 911461.807
local_termination_time: 244103.611
node_cons: 18726.153941121465
tot_aggregated_send: 12814
tot_msg_rcv: 271
tot_msg_sent: 602
tot_reconf_duration: 5.1
tot_sleeping_duration: 897481.800919999
tot_uptimes: 234
tot_uptimes_duration: 13980.006080001069
