comms_cons: 89.49090559908157
finished_reconf: true
global_termination_time: 910368.24
local_termination_time: 128137.59147999968
node_cons: 18725.751980000023
tot_aggregated_send: 13050
tot_msg_rcv: 206
tot_msg_sent: 346
tot_reconf_duration: 4.8100000000000005
tot_sleeping_duration: 896388.24
tot_uptimes: 234
tot_uptimes_duration: 13980.0
