comms_cons: 88.05663999920971
finished_reconf: true
global_termination_time: 908870.63
local_termination_time: 383488.31252000085
node_cons: 18654.238980000024
tot_aggregated_send: 12876
tot_msg_rcv: 168
tot_msg_sent: 340
tot_reconf_duration: 11.31
tot_sleeping_duration: 894950.63
tot_uptimes: 233
tot_uptimes_duration: 13920.0
