comms_cons: 89.47711999728631
finished_reconf: true
global_termination_time: 889897.6554799998
local_termination_time: 889897.6143599999
node_cons: 18288.947942084127
tot_aggregated_send: 12282
tot_msg_rcv: 436
tot_msg_sent: 881
tot_reconf_duration: 24.59
tot_sleeping_duration: 876263.9327599969
tot_uptimes: 228
tot_uptimes_duration: 13633.722720003054
