comms_cons: 87.99022079948443
finished_reconf: true
global_termination_time: 893213.345
local_termination_time: 212932.33436000004
node_cons: 18348.303123359714
tot_aggregated_send: 12064
tot_msg_rcv: 448
tot_msg_sent: 862
tot_reconf_duration: 22.65
tot_sleeping_duration: 879533.3267600002
tot_uptimes: 229
tot_uptimes_duration: 13680.018239999772
