comms_cons: 136.3545471770719
finished_reconf: true
global_termination_time: 891837.461
local_termination_time: 684989.540239998
node_cons: 18324.068262242963
tot_aggregated_send: 0
tot_msg_rcv: 10511
tot_msg_sent: 10215
tot_reconf_duration: 4.8100000000000005
tot_sleeping_duration: 878157.4488399979
tot_uptimes: 229
tot_uptimes_duration: 13680.012160002138
