comms_cons: 75.01332479921258
finished_reconf: true
global_termination_time: 741226.855
local_termination_time: 93051.30347999996
node_cons: 15215.051264483478
tot_aggregated_send: 10208
tot_msg_rcv: 454
tot_msg_sent: 740
tot_reconf_duration: 22.65
tot_sleeping_duration: 729886.8306799975
tot_uptimes: 190
tot_uptimes_duration: 11340.024320002572
