comms_cons: 98.34588159851334
finished_reconf: true
global_termination_time: 1001316.519
local_termination_time: 672377.2303599999
node_cons: 20573.017902238313
tot_aggregated_send: 14036
tot_msg_rcv: 330
tot_msg_sent: 582
tot_reconf_duration: 4.390000000000001
tot_sleeping_duration: 985956.5068400012
tot_uptimes: 257
tot_uptimes_duration: 15360.012159998703
