comms_cons: 42.12003840025556
finished_reconf: true
global_termination_time: 428022.45512000023
local_termination_time: 5812.731480000001
node_cons: 8801.544369680336
tot_aggregated_send: 5974
tot_msg_rcv: 142
tot_msg_sent: 286
tot_reconf_duration: 7.819999999999999
tot_sleeping_duration: 421457.164
tot_uptimes: 110
tot_uptimes_duration: 6565.291120000242
