comms_cons: 67.29578240077582
finished_reconf: true
global_termination_time: 650882.496
local_termination_time: 212108.6977200001
node_cons: 13344.99266336431
tot_aggregated_send: 8526
tot_msg_rcv: 599
tot_msg_sent: 1103
tot_reconf_duration: 6.279999999999999
tot_sleeping_duration: 640922.4777599969
tot_uptimes: 167
tot_uptimes_duration: 9960.018240003206
