comms_cons: 64.97680640060501
finished_reconf: true
global_termination_time: 653012.177
local_termination_time: 78748.55735999996
node_cons: 13423.328262240599
tot_aggregated_send: 9222
tot_msg_rcv: 192
tot_msg_sent: 462
tot_reconf_duration: 4.8100000000000005
tot_sleeping_duration: 642992.1648399996
tot_uptimes: 168
tot_uptimes_duration: 10020.012160000435
