comms_cons: 99.63540479904161
finished_reconf: true
global_termination_time: 997876.584
local_termination_time: 235824.97848000008
node_cons: 20521.073682242917
tot_aggregated_send: 13978
tot_msg_rcv: 444
tot_msg_sent: 722
tot_reconf_duration: 25.299999999999997
tot_sleeping_duration: 982576.5718399979
tot_uptimes: 256
tot_uptimes_duration: 15300.012160002138
