comms_cons: 99.54303999751244
finished_reconf: true
global_termination_time: 997756.929
local_termination_time: 102645.35535999997
node_cons: 20493.231980000026
tot_aggregated_send: 14094
tot_msg_rcv: 341
tot_msg_sent: 694
tot_reconf_duration: 4.8100000000000005
tot_sleeping_duration: 982456.929
tot_uptimes: 256
tot_uptimes_duration: 15300.0
