comms_cons: 281.06194560322166
finished_reconf: true
global_termination_time: 2837332.883
local_termination_time: 993936.1264799997
node_cons: 58334.43662446652
tot_aggregated_send: 39092
tot_msg_rcv: 1238
tot_msg_sent: 2389
tot_reconf_duration: 5.57
tot_sleeping_duration: 2793772.8586800094
tot_uptimes: 727
tot_uptimes_duration: 43560.02431999077
