comms_cons: 77.91649279708517
finished_reconf: true
global_termination_time: 768490.6761200003
local_termination_time: 199220.54956000068
node_cons: 15801.279757916916
tot_aggregated_send: 10266
tot_msg_rcv: 517
tot_msg_sent: 1060
tot_reconf_duration: 6.279999999999999
tot_sleeping_duration: 756696.2388400027
tot_uptimes: 197
tot_uptimes_duration: 11794.437279997685
