comms_cons: 80.73175039542092
finished_reconf: true
global_termination_time: 771533.027
local_termination_time: 143925.70076000088
node_cons: 15834.609188962282
tot_aggregated_send: 9802
tot_msg_rcv: 840
tot_msg_sent: 1629
tot_reconf_duration: 5.57
tot_sleeping_duration: 759712.9783599983
tot_uptimes: 198
tot_uptimes_duration: 11820.048640001682
