comms_cons: 76.94374399830215
finished_reconf: true
global_termination_time: 771268.987
local_termination_time: 571811.1263599999
node_cons: 15839.780501116913
tot_aggregated_send: 10962
tot_msg_rcv: 276
tot_msg_sent: 457
tot_reconf_duration: 9.42
tot_sleeping_duration: 759448.9809200023
tot_uptimes: 198
tot_uptimes_duration: 11820.006079997635
