comms_cons: 80.70564479808486
finished_reconf: true
global_termination_time: 769943.145
local_termination_time: 127163.7411599998
node_cons: 15835.491888966872
tot_aggregated_send: 10034
tot_msg_rcv: 831
tot_msg_sent: 1400
tot_reconf_duration: 6.22
tot_sleeping_duration: 758123.0963599948
tot_uptimes: 198
tot_uptimes_duration: 11820.048640005116
