comms_cons: 391.68865267329045
finished_reconf: true
global_termination_time: 811070.5762799983
local_termination_time: 811070.5351599983
node_cons: 49140.90253734626
tot_aggregated_send: 0
tot_msg_rcv: 24097
tot_msg_sent: 35435
tot_reconf_duration: 24.59
tot_sleeping_duration: 774395.8120400081
tot_uptimes: 603
tot_uptimes_duration: 36674.76423999017
