comms_cons: 160.2140415470514
finished_reconf: true
global_termination_time: 811071.1762799984
local_termination_time: 2305.6423600000003
node_cons: 16730.59343039892
tot_aggregated_send: 0
tot_msg_rcv: 12304
tot_msg_sent: 12046
tot_reconf_duration: 18.21
tot_sleeping_duration: 798594.8026799993
tot_uptimes: 208
tot_uptimes_duration: 12476.373599999177
