comms_cons: 80.74652159919587
finished_reconf: true
global_termination_time: 815266.826
local_termination_time: 462350.03436000005
node_cons: 16728.604860000003
tot_aggregated_send: 11658
tot_msg_rcv: 221
tot_msg_sent: 394
tot_reconf_duration: 13.17
tot_sleeping_duration: 802786.826
tot_uptimes: 209
tot_uptimes_duration: 12480.0
