comms_cons: 82.10079999779134
finished_reconf: true
global_termination_time: 815168.523
local_termination_time: 74810.54059999993
node_cons: 16714.87004111684
tot_aggregated_send: 11194
tot_msg_rcv: 407
tot_msg_sent: 878
tot_reconf_duration: 3.05
tot_sleeping_duration: 802688.5169200024
tot_uptimes: 209
tot_uptimes_duration: 12480.006079997635
