comms_cons: 48.298534400923224
finished_reconf: true
global_termination_time: 475111.2862400002
local_termination_time: 84054.49799999999
node_cons: 9755.871837042068
tot_aggregated_send: 6262
tot_msg_rcv: 320
tot_msg_sent: 759
tot_reconf_duration: 3.05
tot_sleeping_duration: 467828.44087999867
tot_uptimes: 122
tot_uptimes_duration: 7282.845360001549
