comms_cons: 84.74632960043152
finished_reconf: true
global_termination_time: 886088.563
local_termination_time: 600359.8083599998
node_cons: 18177.696143359677
tot_aggregated_send: 12180
tot_msg_rcv: 224
tot_msg_sent: 476
tot_reconf_duration: 15.34
tot_sleeping_duration: 872528.5447600002
tot_uptimes: 227
tot_uptimes_duration: 13560.018239999772
