comms_cons: 89.39942399695171
finished_reconf: true
global_termination_time: 885851.534
local_termination_time: 219258.82636000097
node_cons: 18164.428483362048
tot_aggregated_send: 12064
tot_msg_rcv: 482
tot_msg_sent: 1042
tot_reconf_duration: 5.57
tot_sleeping_duration: 872291.5157599985
tot_uptimes: 227
tot_uptimes_duration: 13560.018240001504
