comms_cons: 88.97068799753345
finished_reconf: true
global_termination_time: 882142.155
local_termination_time: 164255.59636000003
node_cons: 18087.15212447652
tot_aggregated_send: 11948
tot_msg_rcv: 647
tot_msg_sent: 928
tot_reconf_duration: 7.819999999999999
tot_sleeping_duration: 868642.1306800026
tot_uptimes: 226
tot_uptimes_duration: 13500.024319997407
