comms_cons: 88.32575999862001
finished_reconf: true
global_termination_time: 881686.576
local_termination_time: 146302.55812000093
node_cons: 18084.95490112146
tot_aggregated_send: 11890
tot_msg_rcv: 563
tot_msg_sent: 972
tot_reconf_duration: 6.22
tot_sleeping_duration: 868186.569919999
tot_uptimes: 226
tot_uptimes_duration: 13500.006080001069
