comms_cons: 86.99018239784849
finished_reconf: true
global_termination_time: 883769.265
local_termination_time: 223157.4488400001
node_cons: 18172.215262242884
tot_aggregated_send: 12064
tot_msg_rcv: 405
tot_msg_sent: 753
tot_reconf_duration: 11.31
tot_sleeping_duration: 870209.2528399979
tot_uptimes: 227
tot_uptimes_duration: 13560.012160002138
