comms_cons: 127.88748158936903
finished_reconf: true
global_termination_time: 1271775.931
local_termination_time: 417322.9993600001
node_cons: 26114.74776893932
tot_aggregated_send: 16878
tot_msg_rcv: 867
tot_msg_sent: 1692
tot_reconf_duration: 3.08
tot_sleeping_duration: 1252275.8823600155
tot_uptimes: 326
tot_uptimes_duration: 19500.04863998451
