comms_cons: 122.97659519064959
finished_reconf: true
global_termination_time: 1269203.436
local_termination_time: 628998.2957199988
node_cons: 26122.936508934676
tot_aggregated_send: 16008
tot_msg_rcv: 892
tot_msg_sent: 1791
tot_reconf_duration: 9.11
tot_sleeping_duration: 1249703.387360019
tot_uptimes: 326
tot_uptimes_duration: 19500.048639981076
