comms_cons: 127.984524788721
finished_reconf: true
global_termination_time: 1272605.025
local_termination_time: 424271.7483600001
node_cons: 26127.684104471977
tot_aggregated_send: 17168
tot_msg_rcv: 754
tot_msg_sent: 1532
tot_reconf_duration: 12.629999999999999
tot_sleeping_duration: 1253105.0006800059
tot_uptimes: 326
tot_uptimes_duration: 19500.024319993972
