comms_cons: 124.68241919471131
finished_reconf: true
global_termination_time: 1271075.005
local_termination_time: 644904.7533599999
node_cons: 26125.38638223364
tot_aggregated_send: 17516
tot_msg_rcv: 508
tot_msg_sent: 927
tot_reconf_duration: 10.95
tot_sleeping_duration: 1251574.9928400046
tot_uptimes: 326
tot_uptimes_duration: 19500.01215999527
