comms_cons: 123.86659839768507
finished_reconf: true
global_termination_time: 1270693.685
local_termination_time: 737246.8344799998
node_cons: 26126.66020000007
tot_aggregated_send: 18038
tot_msg_rcv: 331
tot_msg_sent: 458
tot_reconf_duration: 11.899999999999999
tot_sleeping_duration: 1251193.685
tot_uptimes: 326
tot_uptimes_duration: 19500.0
