comms_cons: 131.08437119050342
finished_reconf: true
global_termination_time: 1268641.634
local_termination_time: 638192.1024799998
node_cons: 26045.551544471884
tot_aggregated_send: 16472
tot_msg_rcv: 1330
tot_msg_sent: 2123
tot_reconf_duration: 11.31
tot_sleeping_duration: 1249201.609680006
tot_uptimes: 325
tot_uptimes_duration: 19440.024319993972
