comms_cons: 240.778982393023
finished_reconf: true
global_termination_time: 2372124.696
local_termination_time: 1472707.1973199996
node_cons: 48853.27640334993
tot_aggregated_send: 32828
tot_msg_rcv: 1331
tot_msg_sent: 2438
tot_reconf_duration: 4.8100000000000005
tot_sleeping_duration: 2335644.6777600073
tot_uptimes: 608
tot_uptimes_duration: 36480.0182399929
