comms_cons: 52.61946880457607
finished_reconf: true
global_termination_time: 267887.935
local_termination_time: 1889.7550400000016
node_cons: 5493.878700000006
tot_aggregated_send: 0
tot_msg_rcv: 4071
tot_msg_sent: 3926
tot_reconf_duration: 22.65
tot_sleeping_duration: 263807.935
tot_uptimes: 69
tot_uptimes_duration: 4080.0
