comms_cons: 28.935948800682823
finished_reconf: true
global_termination_time: 274048.344
local_termination_time: 53139.45936000001
node_cons: 5631.372201119157
tot_aggregated_send: 3480
tot_msg_rcv: 341
tot_msg_sent: 576
tot_reconf_duration: 5.57
tot_sleeping_duration: 269848.3379200006
tot_uptimes: 71
tot_uptimes_duration: 4200.006079999366
