comms_cons: 27.810560000419738
finished_reconf: true
global_termination_time: 273925.827
local_termination_time: 20122.47736
node_cons: 5654.566841121438
tot_aggregated_send: 3538
tot_msg_rcv: 186
tot_msg_sent: 504
tot_reconf_duration: 22.65
tot_sleeping_duration: 269725.8209199989
tot_uptimes: 71
tot_uptimes_duration: 4200.006080001069
