comms_cons: 340.57345283506805
finished_reconf: true
global_termination_time: 3358806.143
local_termination_time: 1217977.9233599997
node_cons: 69099.35022334941
tot_aggregated_send: 46458
tot_msg_rcv: 1882
tot_msg_sent: 3423
tot_reconf_duration: 5.1
tot_sleeping_duration: 3307206.1247600066
tot_uptimes: 861
tot_uptimes_duration: 51600.01823999337
