comms_cons: 339.7696256289604
finished_reconf: true
global_termination_time: 3359077.536
local_termination_time: 92664.7450799999
node_cons: 69099.81464558297
tot_aggregated_send: 46342
tot_msg_rcv: 1761
tot_msg_sent: 3540
tot_reconf_duration: 5.43
tot_sleeping_duration: 3307477.5056000114
tot_uptimes: 861
tot_uptimes_duration: 51600.030399988405
