comms_cons: 2.2040319999953564
finished_reconf: true
global_termination_time: 18382.59
local_termination_time: 5603.934160000003
node_cons: 352.1187000000008
tot_aggregated_send: 0
tot_msg_rcv: 180
tot_msg_sent: 155
tot_reconf_duration: 22.65
tot_sleeping_duration: 18142.59
tot_uptimes: 5
tot_uptimes_duration: 240.0
