comms_cons: 1.5294079999963945
finished_reconf: true
global_termination_time: 15903.763
local_termination_time: 4073.0183600000005
node_cons: 329.80676000000096
tot_aggregated_send: 0
tot_msg_rcv: 119
tot_msg_sent: 113
tot_reconf_duration: 6.22
tot_sleeping_duration: 15663.763
tot_uptimes: 5
tot_uptimes_duration: 240.00000000000045
