comms_cons: 232.62140159487566
finished_reconf: true
global_termination_time: 2336082.395
local_termination_time: 437918.02320000017
node_cons: 48051.848239999345
tot_aggregated_send: 33582
tot_msg_rcv: 678
tot_msg_sent: 1097
tot_reconf_duration: 6.279999999999999
tot_sleeping_duration: 2300202.395
tot_uptimes: 599
tot_uptimes_duration: 35880.0
