comms_cons: 230.28578559178894
finished_reconf: true
global_termination_time: 2336916.755
local_termination_time: 1594255.9729999981
node_cons: 48050.88405999947
tot_aggregated_send: 33350
tot_msg_rcv: 553
tot_msg_sent: 1099
tot_reconf_duration: 5.57
tot_sleeping_duration: 2301036.755
tot_uptimes: 599
tot_uptimes_duration: 35880.0
