comms_cons: 231.50293758961288
finished_reconf: true
global_termination_time: 2334118.796
local_termination_time: 1535803.95236
node_cons: 47997.34554111629
tot_aggregated_send: 33234
tot_msg_rcv: 682
tot_msg_sent: 1271
tot_reconf_duration: 25.299999999999997
tot_sleeping_duration: 2298298.7899200027
tot_uptimes: 598
tot_uptimes_duration: 35820.006079997635
