comms_cons: 89.44071680784297
finished_reconf: true
global_termination_time: 306642.35844000033
local_termination_time: 1087.9114800000023
node_cons: 12507.175175160432
tot_aggregated_send: 0
tot_msg_rcv: 4583
tot_msg_sent: 9009
tot_reconf_duration: 5.57
tot_sleeping_duration: 297307.324
tot_uptimes: 155
tot_uptimes_duration: 9335.034440000309
