comms_cons: 0.7368704000016431
finished_reconf: true
global_termination_time: 5575.066
local_termination_time: 1698.8603600000004
node_cons: 111.09870000000012
tot_aggregated_send: 0
tot_msg_rcv: 73
tot_msg_sent: 39
tot_reconf_duration: 22.65
tot_sleeping_duration: 5515.066
tot_uptimes: 2
tot_uptimes_duration: 60.0
