comms_cons: 44.99514880025518
finished_reconf: true
global_termination_time: 455956.689
local_termination_time: 64889.59848000001
node_cons: 9340.271720000006
tot_aggregated_send: 6380
tot_msg_rcv: 125
tot_msg_sent: 334
tot_reconf_duration: 15.34
tot_sleeping_duration: 448996.689
tot_uptimes: 117
tot_uptimes_duration: 6960.0
