comms_cons: 44.02800640011468
finished_reconf: true
global_termination_time: 451792.684
local_termination_time: 322053.7246000001
node_cons: 9247.62823999997
tot_aggregated_send: 6612
tot_msg_rcv: 27
tot_msg_sent: 53
tot_reconf_duration: 6.279999999999999
tot_sleeping_duration: 444892.684
tot_uptimes: 116
tot_uptimes_duration: 6900.0
