comms_cons: 62.43660800040002
finished_reconf: true
global_termination_time: 620966.232239999
local_termination_time: 39334.49740000017
node_cons: 12837.55699135871
tot_aggregated_send: 8584
tot_msg_rcv: 246
tot_msg_sent: 660
tot_reconf_duration: 7.819999999999999
tot_sleeping_duration: 611386.742
tot_uptimes: 160
tot_uptimes_duration: 9579.490239999024
