comms_cons: 249.4958975955956
finished_reconf: true
global_termination_time: 2508551.68
local_termination_time: 930587.1843599998
node_cons: 51585.86034223283
tot_aggregated_send: 34974
tot_msg_rcv: 1029
tot_msg_sent: 1918
tot_reconf_duration: 5.57
tot_sleeping_duration: 2470031.667840005
tot_uptimes: 643
tot_uptimes_duration: 38520.01215999527
