comms_cons: 252.34584319580154
finished_reconf: true
global_termination_time: 2506072.346
local_termination_time: 1957459.1436799995
node_cons: 51532.31368223328
tot_aggregated_send: 34800
tot_msg_rcv: 1196
tot_msg_sent: 2360
tot_reconf_duration: 25.299999999999997
tot_sleeping_duration: 2467612.333840004
tot_uptimes: 642
tot_uptimes_duration: 38460.0121599955
