comms_cons: 1.4145279999975933
finished_reconf: true
global_termination_time: 12192.07
local_termination_time: 5259.079360000001
node_cons: 275.3774000000003
tot_aggregated_send: 0
tot_msg_rcv: 121
tot_msg_sent: 94
tot_reconf_duration: 25.299999999999997
tot_sleeping_duration: 12012.07
tot_uptimes: 4
tot_uptimes_duration: 180.00000000000003
