comms_cons: 295.6297727990408
finished_reconf: true
global_termination_time: 2982548.266
local_termination_time: 743670.8987199997
node_cons: 61324.14917999877
tot_aggregated_send: 42920
tot_msg_rcv: 695
tot_msg_sent: 1319
tot_reconf_duration: 18.21
tot_sleeping_duration: 2936768.266
tot_uptimes: 764
tot_uptimes_duration: 45780.00000000001
