comms_cons: 59.022003198129326
finished_reconf: true
global_termination_time: 584398.432
local_termination_time: 521828.28076000087
node_cons: 11978.232201116858
tot_aggregated_send: 7946
tot_msg_rcv: 332
tot_msg_sent: 693
tot_reconf_duration: 5.57
tot_sleeping_duration: 575458.4259200024
tot_uptimes: 150
tot_uptimes_duration: 8940.006079997635
