comms_cons: 60.53521919838374
finished_reconf: true
global_termination_time: 588752.172
local_termination_time: 272167.3993600001
node_cons: 12081.799405598007
tot_aggregated_send: 7656
tot_msg_rcv: 516
tot_msg_sent: 1029
tot_reconf_duration: 22.65
tot_sleeping_duration: 579752.1416000015
tot_uptimes: 151
tot_uptimes_duration: 9000.030399998477
