comms_cons: 60.05556479965978
finished_reconf: true
global_termination_time: 586041.115
local_termination_time: 498861.1650000009
node_cons: 12071.535554001233
tot_aggregated_send: 7830
tot_msg_rcv: 433
tot_msg_sent: 866
tot_reconf_duration: 11.31
tot_sleeping_duration: 577037.248999999
tot_uptimes: 151
tot_uptimes_duration: 9003.866000000911
