comms_cons: 21.3626623998751
finished_reconf: true
global_termination_time: 217903.529
local_termination_time: 169405.0064800005
node_cons: 4443.429179999994
tot_aggregated_send: 2494
tot_msg_rcv: 238
tot_msg_sent: 515
tot_reconf_duration: 18.21
tot_sleeping_duration: 214603.529
tot_uptimes: 56
tot_uptimes_duration: 3300.0
