comms_cons: 21.896204799985615
finished_reconf: true
global_termination_time: 216374.89
local_termination_time: 7845.451120000001
node_cons: 4429.327701120011
tot_aggregated_send: 2726
tot_msg_rcv: 200
tot_msg_sent: 402
tot_reconf_duration: 7.819999999999999
tot_sleeping_duration: 213074.88392000002
tot_uptimes: 56
tot_uptimes_duration: 3300.0060800000047
