comms_cons: 250.8892671782595
finished_reconf: true
global_termination_time: 2470879.541
local_termination_time: 428743.68036000006
node_cons: 50805.78524010228
tot_aggregated_send: 33002
tot_msg_rcv: 1820
tot_msg_sent: 3311
tot_reconf_duration: 22.65
tot_sleeping_duration: 2432959.431560043
tot_uptimes: 633
tot_uptimes_duration: 37920.10943995742
