comms_cons: 254.5351167745027
finished_reconf: true
global_termination_time: 2468139.154
local_termination_time: 371059.92236
node_cons: 50780.98001898996
tot_aggregated_send: 32596
tot_msg_rcv: 2201
tot_msg_sent: 3890
tot_reconf_duration: 4.390000000000001
tot_sleeping_duration: 2430219.0506400373
tot_uptimes: 633
tot_uptimes_duration: 37920.10335996322
