comms_cons: 252.68421118300935
finished_reconf: true
global_termination_time: 2470843.954
local_termination_time: 525599.6843599998
node_cons: 50782.335351167516
tot_aggregated_send: 32944
tot_msg_rcv: 1795
tot_msg_sent: 3666
tot_reconf_duration: 5.43
tot_sleeping_duration: 2432923.8932000236
tot_uptimes: 633
tot_uptimes_duration: 37920.060799976345
