comms_cons: 86.94449919644535
finished_reconf: true
global_termination_time: 872203.045
local_termination_time: 13695.094360000001
node_cons: 17940.573603350524
tot_aggregated_send: 12180
tot_msg_rcv: 348
tot_msg_sent: 686
tot_reconf_duration: 18.21
tot_sleeping_duration: 858823.0267600071
tot_uptimes: 224
tot_uptimes_duration: 13380.018239992904
