comms_cons: 89.56327679376248
finished_reconf: true
global_termination_time: 870221.1772400002
local_termination_time: 111.40276000000026
node_cons: 17882.2048505539
tot_aggregated_send: 11310
tot_msg_rcv: 739
tot_msg_sent: 1563
tot_reconf_duration: 4.390000000000001
tot_sleeping_duration: 856870.7342000047
tot_uptimes: 223
tot_uptimes_duration: 13350.443039995429
