comms_cons: 87.89015679627141
finished_reconf: true
global_termination_time: 872111.429
local_termination_time: 717015.505
node_cons: 17927.394663995405
tot_aggregated_send: 11600
tot_msg_rcv: 546
tot_msg_sent: 1212
tot_reconf_duration: 6.22
tot_sleeping_duration: 858729.0930000035
tot_uptimes: 224
tot_uptimes_duration: 13382.33599999646
