comms_cons: 55.71392000151585
finished_reconf: true
global_termination_time: 538330.739
local_termination_time: 56720.89648000002
node_cons: 11012.60674897147
tot_aggregated_send: 7018
tot_msg_rcv: 515
tot_msg_sent: 935
tot_reconf_duration: 4.390000000000001
tot_sleeping_duration: 530110.6903599914
tot_uptimes: 138
tot_uptimes_duration: 8220.04864000855
