comms_cons: 54.18629120118041
finished_reconf: true
global_termination_time: 537017.1454799998
local_termination_time: 537017.1043599999
node_cons: 11058.356083205537
tot_aggregated_send: 7294
tot_msg_rcv: 288
tot_msg_sent: 654
tot_reconf_duration: 24.59
tot_sleeping_duration: 528783.4166799957
tot_uptimes: 138
tot_uptimes_duration: 8233.728800004115
