comms_cons: 141.00286078705187
finished_reconf: true
global_termination_time: 1388202.9214800003
local_termination_time: 44183.55036000001
node_cons: 28597.08094430901
tot_aggregated_send: 18966
tot_msg_rcv: 846
tot_msg_sent: 1618
tot_reconf_duration: 18.21
tot_sleeping_duration: 1366864.3466000087
tot_uptimes: 356
tot_uptimes_duration: 21338.574879991764
