comms_cons: 93.01015039838431
finished_reconf: true
global_termination_time: 918610.101
local_termination_time: 622775.29936
node_cons: 18896.07648223832
tot_aggregated_send: 12702
tot_msg_rcv: 528
tot_msg_sent: 907
tot_reconf_duration: 11.899999999999999
tot_sleeping_duration: 904510.0888400014
tot_uptimes: 236
tot_uptimes_duration: 14100.012159998703
