comms_cons: 62.773401599963655
finished_reconf: true
global_termination_time: 618818.824
local_termination_time: 73671.64255999959
node_cons: 12702.272663364309
tot_aggregated_send: 8236
tot_msg_rcv: 375
tot_msg_sent: 932
tot_reconf_duration: 6.279999999999999
tot_sleeping_duration: 609338.8057599969
tot_uptimes: 159
tot_uptimes_duration: 9480.018240003206
