comms_cons: 60.99701759996016
finished_reconf: true
global_termination_time: 614915.224
local_termination_time: 341153.782
node_cons: 12634.606453202787
tot_aggregated_send: 8640
tot_msg_rcv: 222
tot_msg_sent: 411
tot_reconf_duration: 9.42
tot_sleeping_duration: 605488.925199998
tot_uptimes: 158
tot_uptimes_duration: 9426.298800002085
