comms_cons: 60.862784000522055
finished_reconf: true
global_termination_time: 615272.016
local_termination_time: 358314.2126800003
node_cons: 12630.539681121456
tot_aggregated_send: 8468
tot_msg_rcv: 265
tot_msg_sent: 518
tot_reconf_duration: 12.629999999999999
tot_sleeping_duration: 605852.0099199989
tot_uptimes: 158
tot_uptimes_duration: 9420.006080001069
