comms_cons: 158.76925439692553
finished_reconf: true
global_termination_time: 1615818.104
local_termination_time: 1102040.91936
node_cons: 33196.58020000022
tot_aggregated_send: 23548
tot_msg_rcv: 189
tot_msg_sent: 395
tot_reconf_duration: 11.899999999999999
tot_sleeping_duration: 1591038.104
tot_uptimes: 414
tot_uptimes_duration: 24780.0
