comms_cons: 102.18923519172296
finished_reconf: true
global_termination_time: 990681.152
local_termination_time: 170487.03536000004
node_cons: 20330.251486710204
tot_aggregated_send: 12528
tot_msg_rcv: 1077
tot_msg_sent: 1925
tot_reconf_duration: 3.08
tot_sleeping_duration: 975501.1155200073
tot_uptimes: 254
tot_uptimes_duration: 15180.036479992676
