comms_cons: 101.41899519461523
finished_reconf: true
global_termination_time: 989514.642
local_termination_time: 350445.72036000004
node_cons: 20346.563803355108
tot_aggregated_send: 13224
tot_msg_rcv: 749
tot_msg_sent: 1443
tot_reconf_duration: 15.110000000000001
tot_sleeping_duration: 974334.6237600036
tot_uptimes: 254
tot_uptimes_duration: 15180.018239996338
