comms_cons: 100.76702719359251
finished_reconf: true
global_termination_time: 989330.357
local_termination_time: 448453.84936000005
node_cons: 20340.90638223831
tot_aggregated_send: 13572
tot_msg_rcv: 650
tot_msg_sent: 1094
tot_reconf_duration: 10.95
tot_sleeping_duration: 974150.3448400013
tot_uptimes: 254
tot_uptimes_duration: 15180.012159998703
