comms_cons: 99.5696127965177
finished_reconf: true
global_termination_time: 990065.054
local_termination_time: 334552.03836
node_cons: 20331.997902238232
tot_aggregated_send: 13804
tot_msg_rcv: 462
tot_msg_sent: 868
tot_reconf_duration: 4.390000000000001
tot_sleeping_duration: 974885.0418400014
tot_uptimes: 254
tot_uptimes_duration: 15180.012159998703
