comms_cons: 182.41928312519386
finished_reconf: true
global_termination_time: 986285.372
local_termination_time: 115588.19435999996
node_cons: 20254.175606724017
tot_aggregated_send: 0
tot_msg_rcv: 14261
tot_msg_sent: 13467
tot_reconf_duration: 6.22
tot_sleeping_duration: 971165.3355199969
tot_uptimes: 253
tot_uptimes_duration: 15120.036480002978
