comms_cons: 50.50977280058733
finished_reconf: true
global_termination_time: 497840.279
local_termination_time: 69178.27671999994
node_cons: 10209.736403362023
tot_aggregated_send: 6844
tot_msg_rcv: 310
tot_msg_sent: 524
tot_reconf_duration: 4.8100000000000005
tot_sleeping_duration: 490220.26075999846
tot_uptimes: 128
tot_uptimes_duration: 7620.018240001504
