comms_cons: 50.6335232011811
finished_reconf: true
global_termination_time: 498974.6
local_termination_time: 251538.37636000005
node_cons: 10215.988642242852
tot_aggregated_send: 6786
tot_msg_rcv: 336
tot_msg_sent: 574
tot_reconf_duration: 9.42
tot_sleeping_duration: 491354.58783999784
tot_uptimes: 128
tot_uptimes_duration: 7620.0121600021375
