comms_cons: 51.69935360102025
finished_reconf: true
global_termination_time: 497489.536
local_termination_time: 118424.79335999998
node_cons: 10224.036143364321
tot_aggregated_send: 6438
tot_msg_rcv: 499
tot_msg_sent: 921
tot_reconf_duration: 15.34
tot_sleeping_duration: 489869.5177599968
tot_uptimes: 128
tot_uptimes_duration: 7620.018240003206
