comms_cons: 66.30245760656389
finished_reconf: true
global_termination_time: 373952.369
local_termination_time: 147497.12372000006
node_cons: 7639.690222242861
tot_aggregated_send: 0
tot_msg_rcv: 5252
tot_msg_sent: 4824
tot_reconf_duration: 5.43
tot_sleeping_duration: 368252.35683999787
tot_uptimes: 96
tot_uptimes_duration: 5700.0121600021375
