comms_cons: 57.13377280096364
finished_reconf: true
global_termination_time: 579238.475
local_termination_time: 131619.36036000005
node_cons: 11921.103123364299
tot_aggregated_send: 7946
tot_msg_rcv: 232
tot_msg_sent: 506
tot_reconf_duration: 22.65
tot_sleeping_duration: 570358.4567599967
tot_uptimes: 149
tot_uptimes_duration: 8880.018240003206
