comms_cons: 56.621984000753294
finished_reconf: true
global_termination_time: 579500.8
local_termination_time: 287641.64936000004
node_cons: 11905.678980000013
tot_aggregated_send: 7772
tot_msg_rcv: 262
tot_msg_sent: 572
tot_reconf_duration: 11.31
tot_sleeping_duration: 570620.8
tot_uptimes: 149
tot_uptimes_duration: 8880.0
