comms_cons: 55.83109120031563
finished_reconf: true
global_termination_time: 548514.406
local_termination_time: 135646.18880000027
node_cons: 11256.144522242874
tot_aggregated_send: 7366
tot_msg_rcv: 365
tot_msg_sent: 755
tot_reconf_duration: 6.279999999999999
tot_sleeping_duration: 540114.3938399978
tot_uptimes: 141
tot_uptimes_duration: 8400.012160002138
