comms_cons: 109.7118208095563
finished_reconf: true
global_termination_time: 548261.3043599998
local_termination_time: 324.2074799999991
node_cons: 11259.42711464013
tot_aggregated_send: 0
tot_msg_rcv: 8543
tot_msg_sent: 8129
tot_reconf_duration: 5.57
tot_sleeping_duration: 539858.1205999997
tot_uptimes: 141
tot_uptimes_duration: 8403.183760000087
