comms_cons: 55.53725439991554
finished_reconf: true
global_termination_time: 551397.698
local_termination_time: 164767.1308800009
node_cons: 11384.831698802385
tot_aggregated_send: 7772
tot_msg_rcv: 268
tot_msg_sent: 401
tot_reconf_duration: 25.299999999999997
tot_sleeping_duration: 542920.8687999982
tot_uptimes: 142
tot_uptimes_duration: 8476.829200001754
