comms_cons: 56.06856960147344
finished_reconf: true
global_termination_time: 549885.777
local_termination_time: 21460.0036
node_cons: 11260.0202267286
tot_aggregated_send: 7250
tot_msg_rcv: 400
tot_msg_sent: 872
tot_reconf_duration: 9.11
tot_sleeping_duration: 541485.7405199936
tot_uptimes: 141
tot_uptimes_duration: 8400.036480006413
