comms_cons: 56.80936960139143
finished_reconf: true
global_termination_time: 549130.121
local_termination_time: 335886.6157200001
node_cons: 11264.784104485745
tot_aggregated_send: 7250
tot_msg_rcv: 522
tot_msg_sent: 863
tot_reconf_duration: 12.629999999999999
tot_sleeping_duration: 540730.0966799958
tot_uptimes: 141
tot_uptimes_duration: 8400.024320004275
