comms_cons: 110.13772160893691
finished_reconf: true
global_termination_time: 548261.2118799981
local_termination_time: 1966.0123600000002
node_cons: 11340.070918803192
tot_aggregated_send: 0
tot_msg_rcv: 8561
tot_msg_sent: 8176
tot_reconf_duration: 11.31
tot_sleeping_duration: 539803.6226799957
tot_uptimes: 141
tot_uptimes_duration: 8457.589200002374
