comms_cons: 55.34548479969812
finished_reconf: true
global_termination_time: 552045.996
local_termination_time: 61367.54336000001
node_cons: 11348.788002242873
tot_aggregated_send: 7656
tot_msg_rcv: 246
tot_msg_sent: 510
tot_reconf_duration: 15.34
tot_sleeping_duration: 543585.9838399979
tot_uptimes: 142
tot_uptimes_duration: 8460.012160002138
