comms_cons: 355.0554688509128
finished_reconf: true
global_termination_time: 3509830.427359997
local_termination_time: 10343.17948
node_cons: 72197.99609467499
tot_aggregated_send: 48140
tot_msg_rcv: 1883
tot_msg_sent: 3941
tot_reconf_duration: 22.65
tot_sleeping_duration: 3455934.0588800292
tot_uptimes: 899
tot_uptimes_duration: 53896.368479967605
