comms_cons: 355.01992324089855
finished_reconf: true
global_termination_time: 3509860.021
local_termination_time: 8813.850600000002
node_cons: 72240.6440756362
tot_aggregated_send: 48546
tot_msg_rcv: 1812
tot_msg_sent: 3601
tot_reconf_duration: 10.95
tot_sleeping_duration: 3455919.9358800314
tot_uptimes: 899
tot_uptimes_duration: 53940.08511996851
