comms_cons: 354.0246336372584
finished_reconf: true
global_termination_time: 3512213.525
local_termination_time: 748387.6243599999
node_cons: 72232.29781451913
tot_aggregated_send: 48488
tot_msg_rcv: 1656
tot_msg_sent: 3666
tot_reconf_duration: 4.8100000000000005
tot_sleeping_duration: 3458273.445960029
tot_uptimes: 900
tot_uptimes_duration: 53940.079039970646
