comms_cons: 351.6578944366731
finished_reconf: true
global_termination_time: 3509961.947
local_termination_time: 1374135.25436
node_cons: 72153.8074655834
tot_aggregated_send: 49010
tot_msg_rcv: 1362
tot_msg_sent: 3078
tot_reconf_duration: 6.22
tot_sleeping_duration: 3456081.9166000113
tot_uptimes: 899
tot_uptimes_duration: 53880.03039998887
