comms_cons: 256.20125440956224
finished_reconf: true
global_termination_time: 2546983.217
local_termination_time: 966849.6518399997
node_cons: 52412.46312334973
tot_aggregated_send: 35670
tot_msg_rcv: 1142
tot_msg_sent: 2130
tot_reconf_duration: 22.65
tot_sleeping_duration: 2507863.1987600075
tot_uptimes: 653
tot_uptimes_duration: 39120.0182399929
