comms_cons: 251.20701439118707
finished_reconf: true
global_termination_time: 2549200.469
local_termination_time: 457289.80836
node_cons: 52390.24080446649
tot_aggregated_send: 35322
tot_msg_rcv: 968
tot_msg_sent: 1892
tot_reconf_duration: 6.279999999999999
tot_sleeping_duration: 2510080.4446800095
tot_uptimes: 653
tot_uptimes_duration: 39120.02431999054
