comms_cons: 258.42511359053617
finished_reconf: true
global_termination_time: 2547018.715
local_termination_time: 539350.1116799995
node_cons: 52385.862605583425
tot_aggregated_send: 34974
tot_msg_rcv: 1458
tot_msg_sent: 2847
tot_reconf_duration: 3.05
tot_sleeping_duration: 2507898.6846000114
tot_uptimes: 653
tot_uptimes_duration: 39120.03039998817
