comms_cons: 501.1162624335119
finished_reconf: true
global_termination_time: 2547245.208
local_termination_time: 2394.7523600000004
node_cons: 52390.1511833497
tot_aggregated_send: 0
tot_msg_rcv: 38345
tot_msg_sent: 37821
tot_reconf_duration: 6.22
tot_sleeping_duration: 2508125.189760007
tot_uptimes: 653
tot_uptimes_duration: 39120.0182399929
