comms_cons: 500.7812032418734
finished_reconf: true
global_termination_time: 2546371.297
local_termination_time: 441.2514799999999
node_cons: 52397.05526223746
tot_aggregated_send: 0
tot_msg_rcv: 38305
tot_msg_sent: 37810
tot_reconf_duration: 11.31
tot_sleeping_duration: 2507251.284840001
tot_uptimes: 653
tot_uptimes_duration: 39120.0121599987
