comms_cons: 38.31068160047326
finished_reconf: true
global_termination_time: 372222.6993200008
local_termination_time: 10045.11836
node_cons: 7707.4864496024475
tot_aggregated_send: 5046
tot_msg_rcv: 282
tot_msg_sent: 494
tot_reconf_duration: 8.09
tot_sleeping_duration: 366474.75291999895
tot_uptimes: 96
tot_uptimes_duration: 5747.9464000018215
