comms_cons: 37.60733440065057
finished_reconf: true
global_termination_time: 372647.276
local_termination_time: 135155.83136000004
node_cons: 7663.066841121431
tot_aggregated_send: 4988
tot_msg_rcv: 226
tot_msg_sent: 503
tot_reconf_duration: 22.65
tot_sleeping_duration: 366947.26991999894
tot_uptimes: 96
tot_uptimes_duration: 5700.006080001069
