comms_cons: 38.13429760032387
finished_reconf: true
global_termination_time: 373777.722
local_termination_time: 16785.033
node_cons: 7650.899215282878
tot_aggregated_send: 4866
tot_msg_rcv: 293
tot_msg_sent: 638
tot_reconf_duration: 11.899999999999999
tot_sleeping_duration: 368075.90047999786
tot_uptimes: 96
tot_uptimes_duration: 5701.821520002142
