comms_cons: 98.06297599387565
finished_reconf: true
global_termination_time: 969260.998
local_termination_time: 83296.32459999995
node_cons: 19934.9558422383
tot_aggregated_send: 13340
tot_msg_rcv: 524
tot_msg_sent: 1041
tot_reconf_duration: 7.819999999999999
tot_sleeping_duration: 954380.9858400013
tot_uptimes: 249
tot_uptimes_duration: 14880.012159998703
