comms_cons: 356.15392005532146
finished_reconf: true
global_termination_time: 3517456.619
local_termination_time: 45549.187440000045
node_cons: 72330.82687340223
tot_aggregated_send: 48488
tot_msg_rcv: 1932
tot_msg_sent: 3715
tot_reconf_duration: 18.21
tot_sleeping_duration: 3463456.546040027
tot_uptimes: 901
tot_uptimes_duration: 54000.07295997301
