comms_cons: 352.20895363993526
finished_reconf: true
global_termination_time: 3514097.805
local_termination_time: 2633478.263879998
node_cons: 72232.61836446643
tot_aggregated_send: 48140
tot_msg_rcv: 1906
tot_msg_sent: 3485
tot_reconf_duration: 5.1
tot_sleeping_duration: 3460157.780680009
tot_uptimes: 900
tot_uptimes_duration: 53940.024319991004
