comms_cons: 345.8356480131699
finished_reconf: true
global_termination_time: 3513869.278
local_termination_time: 2792414.07448
node_cons: 72243.56928334906
tot_aggregated_send: 48720
tot_msg_rcv: 1197
tot_msg_sent: 2648
tot_reconf_duration: 13.17
tot_sleeping_duration: 3459929.259760007
tot_uptimes: 900
tot_uptimes_duration: 53940.01823999314
