comms_cons: 356.90306565165974
finished_reconf: true
global_termination_time: 3514042.545
local_termination_time: 127174.56751999978
node_cons: 72256.52453452368
tot_aggregated_send: 48314
tot_msg_rcv: 2109
tot_msg_sent: 3824
tot_reconf_duration: 22.65
tot_sleeping_duration: 3460102.465960026
tot_uptimes: 900
tot_uptimes_duration: 53940.07903997408
