comms_cons: 355.21320966479686
finished_reconf: true
global_termination_time: 3513887.571
local_termination_time: 990421.527
node_cons: 72229.87517005178
tot_aggregated_send: 48600
tot_msg_rcv: 1839
tot_msg_sent: 3551
tot_reconf_duration: 3.05
tot_sleeping_duration: 3459947.5162800197
tot_uptimes: 900
tot_uptimes_duration: 53940.05471998011
