comms_cons: 173.37359998965877
finished_reconf: true
global_termination_time: 1736990.452
local_termination_time: 626414.1863599998
node_cons: 35691.47937999991
tot_aggregated_send: 24534
tot_msg_rcv: 612
tot_msg_sent: 1204
tot_reconf_duration: 15.110000000000001
tot_sleeping_duration: 1710350.452
tot_uptimes: 445
tot_uptimes_duration: 26640.0
