comms_cons: 181.395750375388
finished_reconf: true
global_termination_time: 1736145.289
local_termination_time: 25388.199480000003
node_cons: 35701.84895790949
tot_aggregated_send: 22620
tot_msg_rcv: 1819
tot_msg_sent: 3133
tot_reconf_duration: 22.65
tot_sleeping_duration: 1709505.191720008
tot_uptimes: 445
tot_uptimes_duration: 26640.09727999221
