comms_cons: 343.12661092969955
finished_reconf: true
global_termination_time: 1734501.872
local_termination_time: 344849.7136400004
node_cons: 35679.45560670088
tot_aggregated_send: 0
tot_msg_rcv: 26395
tot_msg_sent: 25760
tot_reconf_duration: 6.22
tot_sleeping_duration: 1707861.8355200142
tot_uptimes: 445
tot_uptimes_duration: 26640.036479985807
