comms_cons: 298.31408641253546
finished_reconf: true
global_termination_time: 3002195.625
local_termination_time: 303874.1748000007
node_cons: 61709.688945583235
tot_aggregated_send: 42166
tot_msg_rcv: 1039
tot_msg_sent: 2137
tot_reconf_duration: 6.279999999999999
tot_sleeping_duration: 2956115.5946000116
tot_uptimes: 769
tot_uptimes_duration: 46080.030399988405
