comms_cons: 300.17399682291875
finished_reconf: true
global_termination_time: 3006535.15
local_termination_time: 1060521.69336
node_cons: 61789.04848334954
tot_aggregated_send: 42340
tot_msg_rcv: 1190
tot_msg_sent: 2093
tot_reconf_duration: 5.57
tot_sleeping_duration: 2960395.131760007
tot_uptimes: 770
tot_uptimes_duration: 46140.01823999302
