comms_cons: 302.301120028961
finished_reconf: true
global_termination_time: 3002120.881
local_termination_time: 2287233.5721999994
node_cons: 61735.49368223284
tot_aggregated_send: 42340
tot_msg_rcv: 1424
tot_msg_sent: 2184
tot_reconf_duration: 25.299999999999997
tot_sleeping_duration: 2956040.8688400043
tot_uptimes: 769
tot_uptimes_duration: 46080.012159995735
