comms_cons: 589.9069764405682
finished_reconf: true
global_termination_time: 3000889.2849599966
local_termination_time: 3003.5083600000003
node_cons: 61776.49354914583
tot_aggregated_send: 0
tot_msg_rcv: 45080
tot_msg_sent: 44580
tot_reconf_duration: 11.31
tot_sleeping_duration: 2954764.4645200064
tot_uptimes: 769
tot_uptimes_duration: 46124.82043999032
