comms_cons: 88.31594239893526
finished_reconf: true
global_termination_time: 889535.005
local_termination_time: 286253.5313600001
node_cons: 18267.963123355155
tot_aggregated_send: 11890
tot_msg_rcv: 503
tot_msg_sent: 1030
tot_reconf_duration: 22.65
tot_sleeping_duration: 875914.9867600037
tot_uptimes: 228
tot_uptimes_duration: 13620.018239996338
