comms_cons: 163.29574399238604
finished_reconf: true
global_termination_time: 1630925.788639998
local_termination_time: 1630925.747519998
node_cons: 33638.65895607424
tot_aggregated_send: 23141
tot_msg_rcv: 616
tot_msg_sent: 1062
tot_reconf_duration: 42.71
tot_sleeping_duration: 1605846.8799200023
tot_uptimes: 418
tot_uptimes_duration: 25078.908719995758
