comms_cons: 155.4533375851286
finished_reconf: true
global_termination_time: 1634111.285
local_termination_time: 7350.339
node_cons: 33598.09274781784
tot_aggregated_send: 21738
tot_msg_rcv: 638
tot_msg_sent: 1252
tot_reconf_duration: 11.719999999999999
tot_sleeping_duration: 1609031.2424400165
tot_uptimes: 419
tot_uptimes_duration: 25080.04255998344
