comms_cons: 153.3354623913267
finished_reconf: true
global_termination_time: 1632859.092
local_termination_time: 4552.944
node_cons: 33590.92524446735
tot_aggregated_send: 22149
tot_msg_rcv: 389
tot_msg_sent: 769
tot_reconf_duration: 6.46
tot_sleeping_duration: 1607779.0676800094
tot_uptimes: 419
tot_uptimes_duration: 25080.024319990538
