comms_cons: 42.053273600492155
finished_reconf: true
global_termination_time: 412518.884
local_termination_time: 210915.89448000054
node_cons: 8441.66976112146
tot_aggregated_send: 5568
tot_msg_rcv: 302
tot_msg_sent: 522
tot_reconf_duration: 4.390000000000001
tot_sleeping_duration: 406218.87791999895
tot_uptimes: 106
tot_uptimes_duration: 6300.006080001069
