comms_cons: 764.2546444169188
finished_reconf: true
global_termination_time: 3894376.234
local_termination_time: 2794240.7596
node_cons: 80129.763123349
tot_aggregated_send: 0
tot_msg_rcv: 58349
tot_msg_sent: 57812
tot_reconf_duration: 22.65
tot_sleeping_duration: 3834556.2157600066
tot_uptimes: 998
tot_uptimes_duration: 59820.01823999337
