comms_cons: 79.3398271977362
finished_reconf: true
global_termination_time: 750460.454
local_termination_time: 262129.23336000007
node_cons: 15432.876624485754
tot_aggregated_send: 9686
tot_msg_rcv: 923
tot_msg_sent: 1451
tot_reconf_duration: 5.57
tot_sleeping_duration: 738940.4296799958
tot_uptimes: 193
tot_uptimes_duration: 11520.024320004275
