comms_cons: 77.47133439641868
finished_reconf: true
global_termination_time: 748340.825
local_termination_time: 397377.78736
node_cons: 15357.352085602559
tot_aggregated_send: 9280
tot_msg_rcv: 815
tot_msg_sent: 1681
tot_reconf_duration: 9.11
tot_sleeping_duration: 736880.794599998
tot_uptimes: 192
tot_uptimes_duration: 11460.03040000191
