comms_cons: 75.66863359850987
finished_reconf: true
global_termination_time: 748497.697
local_termination_time: 435399.1034800005
node_cons: 15359.834523364329
tot_aggregated_send: 9802
tot_msg_rcv: 600
tot_msg_sent: 1100
tot_reconf_duration: 10.95
tot_sleeping_duration: 737037.6787599969
tot_uptimes: 192
tot_uptimes_duration: 11460.018240003206
