comms_cons: 147.97804796289824
finished_reconf: true
global_termination_time: 746584.8951999987
local_termination_time: 823.4973599999998
node_cons: 15411.874679919707
tot_aggregated_send: 0
tot_msg_rcv: 11376
tot_msg_sent: 11115
tot_reconf_duration: 3.05
tot_sleeping_duration: 735077.9999199989
tot_uptimes: 192
tot_uptimes_duration: 11506.895279999764
