comms_cons: 80.78082559933621
finished_reconf: true
global_termination_time: 798432.523
local_termination_time: 267196.49336
node_cons: 16409.936367836224
tot_aggregated_send: 10730
tot_msg_rcv: 450
tot_msg_sent: 1098
tot_reconf_duration: 15.110000000000001
tot_sleeping_duration: 786192.4804400029
tot_uptimes: 205
tot_uptimes_duration: 12240.042559997179
