comms_cons: 79.70700799692996
finished_reconf: true
global_termination_time: 798991.785
local_termination_time: 166800.54036000004
node_cons: 16402.193065597956
tot_aggregated_send: 11078
tot_msg_rcv: 287
tot_msg_sent: 750
tot_reconf_duration: 9.42
tot_sleeping_duration: 786751.7546000015
tot_uptimes: 205
tot_uptimes_duration: 12240.030399998475
