comms_cons: 199.58661118388318
finished_reconf: true
global_termination_time: 1980162.63024
local_termination_time: 71508.17763999978
node_cons: 40776.19346495771
tot_aggregated_send: 26796
tot_msg_rcv: 1204
tot_msg_sent: 2335
tot_reconf_duration: 18.21
tot_sleeping_duration: 1949728.3776000014
tot_uptimes: 508
tot_uptimes_duration: 30434.252639998507
