comms_cons: 175.5856895924921
finished_reconf: true
global_termination_time: 1769594.4204799999
local_termination_time: 1769594.37936
node_cons: 36445.77165983652
tot_aggregated_send: 25448
tot_msg_rcv: 420
tot_msg_sent: 819
tot_reconf_duration: 24.59
tot_sleeping_duration: 1742400.7099200024
tot_uptimes: 454
tot_uptimes_duration: 27193.710559997475
