comms_cons: 178.07886078325726
finished_reconf: true
global_termination_time: 1774467.118
local_termination_time: 229185.45748000007
node_cons: 36499.121744476404
tot_aggregated_send: 24302
tot_msg_rcv: 854
tot_msg_sent: 1912
tot_reconf_duration: 18.21
tot_sleeping_duration: 1747227.0936800027
tot_uptimes: 455
tot_uptimes_duration: 27240.024319997407
