comms_cons: 174.28958719465572
finished_reconf: true
global_termination_time: 1775480.724
local_termination_time: 1138971.6674399995
node_cons: 36482.806759999854
tot_aggregated_send: 24650
tot_msg_rcv: 580
tot_msg_sent: 1261
tot_reconf_duration: 6.22
tot_sleeping_duration: 1748240.724
tot_uptimes: 455
tot_uptimes_duration: 27240.0
