comms_cons: 281.4581760181271
finished_reconf: true
global_termination_time: 2805606.068
local_termination_time: 483327.28836
node_cons: 57690.13046670053
tot_aggregated_send: 39266
tot_msg_rcv: 1132
tot_msg_sent: 2382
tot_reconf_duration: 4.390000000000001
tot_sleeping_duration: 2762526.0315200137
tot_uptimes: 719
tot_uptimes_duration: 43080.03647998627
