comms_cons: 281.49915520866034
finished_reconf: true
global_termination_time: 2805976.732
local_termination_time: 427619.0353600001
node_cons: 57688.32702893432
tot_aggregated_send: 39324
tot_msg_rcv: 1134
tot_msg_sent: 2328
tot_reconf_duration: 3.05
tot_sleeping_duration: 2762896.6833600183
tot_uptimes: 719
tot_uptimes_duration: 43080.04863998154
