comms_cons: 282.5084736083462
finished_reconf: true
global_termination_time: 2806930.859
local_termination_time: 260435.6597600004
node_cons: 57694.804688938515
tot_aggregated_send: 38918
tot_msg_rcv: 1377
tot_msg_sent: 2644
tot_reconf_duration: 7.819999999999999
tot_sleeping_duration: 2763850.8103600154
tot_uptimes: 719
tot_uptimes_duration: 43080.04863998474
