comms_cons: 283.3865088156476
finished_reconf: true
global_termination_time: 2804810.393239987
local_termination_time: 253485.905
node_cons: 57772.78282212384
tot_aggregated_send: 38509
tot_msg_rcv: 1533
tot_msg_sent: 3031
tot_reconf_duration: 6.22
tot_sleeping_duration: 2761670.4858000134
tot_uptimes: 719
tot_uptimes_duration: 43139.90743997376
