comms_cons: 283.11613441850056
finished_reconf: true
global_termination_time: 2805140.347
local_termination_time: 135785.04452000037
node_cons: 57699.55225005538
tot_aggregated_send: 38860
tot_msg_rcv: 1386
tot_msg_sent: 2786
tot_reconf_duration: 11.31
tot_sleeping_duration: 2762060.2922800174
tot_uptimes: 719
tot_uptimes_duration: 43080.05471998238
