comms_cons: 51.10055039998489
finished_reconf: true
global_termination_time: 521738.829
local_termination_time: 110194.1645999994
node_cons: 10690.604633518373
tot_aggregated_send: 7482
tot_msg_rcv: 54
tot_msg_sent: 230
tot_reconf_duration: 3.08
tot_sleeping_duration: 513757.93132000125
tot_uptimes: 134
tot_uptimes_duration: 7980.897679998772
