comms_cons: 51.7388288005476
finished_reconf: true
global_termination_time: 520850.64
local_termination_time: 148644.72432000018
node_cons: 10700.09009999999
tot_aggregated_send: 7482
tot_msg_rcv: 160
tot_msg_sent: 222
tot_reconf_duration: 10.95
tot_sleeping_duration: 512870.64
tot_uptimes: 134
tot_uptimes_duration: 7980.0
