comms_cons: 55.83064960103299
finished_reconf: true
global_termination_time: 543547.0504799999
local_termination_time: 543547.0093599999
node_cons: 11236.445643201838
tot_aggregated_send: 7398
tot_msg_rcv: 440
tot_msg_sent: 646
tot_reconf_duration: 37.410000000000004
tot_sleeping_duration: 535193.3216799984
tot_uptimes: 140
tot_uptimes_duration: 8353.72880000135
