comms_cons: 58.397356800986735
finished_reconf: true
global_termination_time: 545149.594
local_termination_time: 119638.42935999997
node_cons: 11182.178946723996
tot_aggregated_send: 6670
tot_msg_rcv: 814
tot_msg_sent: 1392
tot_reconf_duration: 10.95
tot_sleeping_duration: 536809.557519997
tot_uptimes: 140
tot_uptimes_duration: 8340.036480002978
