comms_cons: 54.62709760071125
finished_reconf: true
global_termination_time: 544842.916
local_termination_time: 123705.00835999998
node_cons: 11183.428341121456
tot_aggregated_send: 7482
tot_msg_rcv: 251
tot_msg_sent: 570
tot_reconf_duration: 11.899999999999999
tot_sleeping_duration: 536502.909919999
tot_uptimes: 140
tot_uptimes_duration: 8340.006080001069
