comms_cons: 466.1693760861838
finished_reconf: true
global_termination_time: 4633324.616239993
local_termination_time: 57989.79160000001
node_cons: 95355.48621940702
tot_aggregated_send: 64786
tot_msg_rcv: 2114
tot_msg_sent: 3954
tot_reconf_duration: 18.21
tot_sleeping_duration: 4562129.129280015
tot_uptimes: 1187
tot_uptimes_duration: 71195.48695997735
