comms_cons: 460.8189696752954
finished_reconf: true
global_termination_time: 4637054.777
local_termination_time: 1584981.209519998
node_cons: 95367.77074669901
tot_aggregated_send: 64496
tot_msg_rcv: 1883
tot_msg_sent: 3664
tot_reconf_duration: 3.05
tot_sleeping_duration: 4565834.740520013
tot_uptimes: 1188
tot_uptimes_duration: 71220.0364799865
