comms_cons: 85.58286079386703
finished_reconf: true
global_termination_time: 827356.121
local_termination_time: 278596.54600000003
node_cons: 16985.391154226607
tot_aggregated_send: 10786
tot_msg_rcv: 782
tot_msg_sent: 1440
tot_reconf_duration: 22.65
tot_sleeping_duration: 814693.9608400101
tot_uptimes: 212
tot_uptimes_duration: 12662.160159989959
