comms_cons: 86.69662719241755
finished_reconf: true
global_termination_time: 827946.899
local_termination_time: 245527.70736000006
node_cons: 17040.648945588786
tot_aggregated_send: 10614
tot_msg_rcv: 879
tot_msg_sent: 1687
tot_reconf_duration: 6.279999999999999
tot_sleeping_duration: 815226.8686000084
tot_uptimes: 213
tot_uptimes_duration: 12720.030399991607
