comms_cons: 84.28017919729744
finished_reconf: true
global_termination_time: 827008.372
local_termination_time: 424889.7963200002
node_cons: 16955.979627836266
tot_aggregated_send: 11194
tot_msg_rcv: 562
tot_msg_sent: 1054
tot_reconf_duration: 3.08
tot_sleeping_duration: 814348.3294400028
tot_uptimes: 212
tot_uptimes_duration: 12660.042559997179
