comms_cons: 83.9525759965782
finished_reconf: true
global_termination_time: 826537.912
local_termination_time: 122535.82735999997
node_cons: 16964.168367831648
tot_aggregated_send: 11252
tot_msg_rcv: 633
tot_msg_sent: 874
tot_reconf_duration: 9.11
tot_sleeping_duration: 813877.8694400062
tot_uptimes: 212
tot_uptimes_duration: 12660.042559993744
