comms_cons: 84.47755519774749
finished_reconf: true
global_termination_time: 825874.411
local_termination_time: 443131.83736000006
node_cons: 16972.291944476532
tot_aggregated_send: 11368
tot_msg_rcv: 612
tot_msg_sent: 860
tot_reconf_duration: 15.110000000000001
tot_sleeping_duration: 813214.3866800026
tot_uptimes: 212
tot_uptimes_duration: 12660.024319997407
