comms_cons: 86.7940607942441
finished_reconf: true
global_termination_time: 830933.181
local_termination_time: 288676.482600001
node_cons: 17047.55177463963
tot_aggregated_send: 10672
tot_msg_rcv: 897
tot_msg_sent: 1623
tot_reconf_duration: 7.819999999999999
tot_sleeping_duration: 818209.5572400002
tot_uptimes: 213
tot_uptimes_duration: 12723.623759999698
