comms_cons: 87.32697599634335
finished_reconf: true
global_termination_time: 825977.138
local_termination_time: 190956.99436000007
node_cons: 16960.23560672861
tot_aggregated_send: 10382
tot_msg_rcv: 1032
tot_msg_sent: 1861
tot_reconf_duration: 6.22
tot_sleeping_duration: 813317.1015199936
tot_uptimes: 212
tot_uptimes_duration: 12660.036480006413
