comms_cons: 87.20885759314704
finished_reconf: true
global_termination_time: 828885.156
local_termination_time: 186784.18136000005
node_cons: 17052.9849900699
tot_aggregated_send: 10556
tot_msg_rcv: 961
tot_msg_sent: 1739
tot_reconf_duration: 15.34
tot_sleeping_duration: 816165.1012800075
tot_uptimes: 213
tot_uptimes_duration: 12720.054719992448
