comms_cons: 81.50275839668711
finished_reconf: true
global_termination_time: 862365.074
local_termination_time: 7186.363
node_cons: 17678.58608335512
tot_aggregated_send: 11424
tot_msg_rcv: 301
tot_msg_sent: 663
tot_reconf_duration: 2.77
tot_sleeping_duration: 849165.0557600036
tot_uptimes: 221
tot_uptimes_duration: 13200.018239996338
