comms_cons: 71.39747839881566
finished_reconf: true
global_termination_time: 709096.76
local_termination_time: 268971.7170800002
node_cons: 14562.40428448118
tot_aggregated_send: 9164
tot_msg_rcv: 631
tot_msg_sent: 1057
tot_reconf_duration: 15.34
tot_sleeping_duration: 698236.7356799991
tot_uptimes: 182
tot_uptimes_duration: 10860.02432000084
