comms_cons: 72.79884799793021
finished_reconf: true
global_termination_time: 710159.917
local_termination_time: 60826.91732000004
node_cons: 14572.314982242875
tot_aggregated_send: 9570
tot_msg_rcv: 609
tot_msg_sent: 886
tot_reconf_duration: 22.65
tot_sleeping_duration: 699299.9048399979
tot_uptimes: 182
tot_uptimes_duration: 10860.012160002138
