comms_cons: 55.01244800277375
finished_reconf: true
global_termination_time: 481457.816
local_termination_time: 43739.70636000001
node_cons: 9906.687579059773
tot_aggregated_send: 4524
tot_msg_rcv: 1517
tot_msg_sent: 2324
tot_reconf_duration: 18.21
tot_sleeping_duration: 474077.7126399852
tot_uptimes: 124
tot_uptimes_duration: 7380.103360014764
