comms_cons: 48.771891200696416
finished_reconf: true
global_termination_time: 481185.95148000005
local_termination_time: 481185.91036000004
node_cons: 9933.587942082993
tot_aggregated_send: 6424
tot_msg_rcv: 280
tot_msg_sent: 709
tot_reconf_duration: 24.59
tot_sleeping_duration: 473792.2287599978
tot_uptimes: 124
tot_uptimes_duration: 7393.722720002217
