comms_cons: 49.032831999933876
finished_reconf: true
global_termination_time: 481709.114
local_termination_time: 323087.48
node_cons: 9916.185541121427
tot_aggregated_send: 6243
tot_msg_rcv: 344
tot_msg_sent: 864
tot_reconf_duration: 25.299999999999997
tot_sleeping_duration: 474329.10791999893
tot_uptimes: 124
tot_uptimes_duration: 7380.006080001069
