comms_cons: 49.15880960067514
finished_reconf: true
global_termination_time: 482232.808
local_termination_time: 260711.4214400002
node_cons: 9899.729283364322
tot_aggregated_send: 6496
tot_msg_rcv: 346
tot_msg_sent: 630
tot_reconf_duration: 13.17
tot_sleeping_duration: 474852.7897599968
tot_uptimes: 124
tot_uptimes_duration: 7380.018240003206
