comms_cons: 206.97795838080853
finished_reconf: true
global_termination_time: 2044229.446
local_termination_time: 612159.8867199998
node_cons: 42021.99446446705
tot_aggregated_send: 28594
tot_msg_rcv: 1121
tot_msg_sent: 1744
tot_reconf_duration: 3.05
tot_sleeping_duration: 2012849.4216800095
tot_uptimes: 524
tot_uptimes_duration: 31380.024319990538
