comms_cons: 204.92920318335737
finished_reconf: true
global_termination_time: 2042427.7741999996
local_termination_time: 2042427.7330799997
node_cons: 42078.08962797666
tot_aggregated_send: 28406
tot_msg_rcv: 803
tot_msg_sent: 1938
tot_reconf_duration: 24.59
tot_sleeping_duration: 2011027.702200017
tot_uptimes: 524
tot_uptimes_duration: 31400.071999982814
