comms_cons: 572.3572348569486
finished_reconf: true
global_termination_time: 1307029.732
local_termination_time: 535575.8608399987
node_cons: 79212.20793190248
tot_aggregated_send: 0
tot_msg_rcv: 35157
tot_msg_sent: 51838
tot_reconf_duration: 4.390000000000001
tot_sleeping_duration: 1247876.4487200119
tot_uptimes: 969
tot_uptimes_duration: 59153.28327998826
