comms_cons: 64.70643199975036
finished_reconf: true
global_termination_time: 658062.194
local_termination_time: 410436.1309200003
node_cons: 13501.270041116913
tot_aggregated_send: 9396
tot_msg_rcv: 92
tot_msg_sent: 347
tot_reconf_duration: 3.05
tot_sleeping_duration: 647982.1879200024
tot_uptimes: 169
tot_uptimes_duration: 10080.006079997635
