comms_cons: 98.36561921461737
finished_reconf: true
global_termination_time: 616030.442
local_termination_time: 252266.34236000007
node_cons: 12647.753682242903
tot_aggregated_send: 0
tot_msg_rcv: 7601
tot_msg_sent: 7350
tot_reconf_duration: 25.299999999999997
tot_sleeping_duration: 606610.4298399979
tot_uptimes: 158
tot_uptimes_duration: 9420.012160002138
