comms_cons: 63.516224000397564
finished_reconf: true
global_termination_time: 615280.504
local_termination_time: 322448.0633600001
node_cons: 12644.163123364342
tot_aggregated_send: 7772
tot_msg_rcv: 688
tot_msg_sent: 1194
tot_reconf_duration: 22.65
tot_sleeping_duration: 605860.4857599967
tot_uptimes: 158
tot_uptimes_duration: 9420.018240003206
