comms_cons: 62.10378240021764
finished_reconf: true
global_termination_time: 612464.6812400004
local_termination_time: 241076.59336000006
node_cons: 12610.82911496772
tot_aggregated_send: 7888
tot_msg_rcv: 443
tot_msg_sent: 1107
tot_reconf_duration: 4.390000000000001
tot_sleeping_duration: 603051.0385999947
tot_uptimes: 157
tot_uptimes_duration: 9413.642640005739
