comms_cons: 98.5738624139463
finished_reconf: true
global_termination_time: 615865.523
local_termination_time: 251221.55836000005
node_cons: 12620.778363364301
tot_aggregated_send: 0
tot_msg_rcv: 7658
tot_msg_sent: 7324
tot_reconf_duration: 5.43
tot_sleeping_duration: 606445.5047599969
tot_uptimes: 158
tot_uptimes_duration: 9420.018240003206
