comms_cons: 74.10341119791313
finished_reconf: true
global_termination_time: 732800.3863600004
local_termination_time: 41949.00808000003
node_cons: 15121.527842395592
tot_aggregated_send: 9918
tot_msg_rcv: 475
tot_msg_sent: 870
tot_reconf_duration: 18.21
tot_sleeping_duration: 721525.7047600036
tot_uptimes: 188
tot_uptimes_duration: 11274.681599996693
