comms_cons: 73.77319679700334
finished_reconf: true
global_termination_time: 732801.0102400001
local_termination_time: 497684.305
node_cons: 15098.257685758173
tot_aggregated_send: 10264
tot_msg_rcv: 377
tot_msg_sent: 573
tot_reconf_duration: 22.65
tot_sleeping_duration: 721548.2104000015
tot_uptimes: 188
tot_uptimes_duration: 11252.799839998595
