comms_cons: 75.31210239956566
finished_reconf: true
global_termination_time: 734630.575
local_termination_time: 324541.04892000026
node_cons: 15109.906043359657
tot_aggregated_send: 9570
tot_msg_rcv: 613
tot_msg_sent: 1264
tot_reconf_duration: 4.390000000000001
tot_sleeping_duration: 723350.5567600002
tot_uptimes: 189
tot_uptimes_duration: 11280.018239999772
