comms_cons: 71.41063680021463
finished_reconf: true
global_termination_time: 733590.274
local_termination_time: 500316.14736000006
node_cons: 15038.938980000019
tot_aggregated_send: 10498
tot_msg_rcv: 131
tot_msg_sent: 225
tot_reconf_duration: 11.31
tot_sleeping_duration: 722370.274
tot_uptimes: 188
tot_uptimes_duration: 11220.0
