comms_cons: 154.44014079677447
finished_reconf: true
global_termination_time: 1568285.118
local_termination_time: 845594.8233599989
node_cons: 32223.904059999983
tot_aggregated_send: 22794
tot_msg_rcv: 221
tot_msg_sent: 459
tot_reconf_duration: 5.57
tot_sleeping_duration: 1544225.118
tot_uptimes: 402
tot_uptimes_duration: 24060.0
