comms_cons: 23.42112640031745
finished_reconf: true
global_termination_time: 225747.249
local_termination_time: 5887.76348
node_cons: 4583.5219000000025
tot_aggregated_send: 2784
tot_msg_rcv: 255
tot_msg_sent: 520
tot_reconf_duration: 3.05
tot_sleeping_duration: 222327.249
tot_uptimes: 58
tot_uptimes_duration: 3420.0
