comms_cons: 216.46288638347505
finished_reconf: true
global_termination_time: 2152635.997
local_termination_time: 502667.23172000056
node_cons: 44274.32278782195
tot_aggregated_send: 29812
tot_msg_rcv: 1004
tot_msg_sent: 2085
tot_reconf_duration: 5.1
tot_sleeping_duration: 2119575.954440013
tot_uptimes: 552
tot_uptimes_duration: 33060.042559986876
