comms_cons: 216.06750717901048
finished_reconf: true
global_termination_time: 2153885.349
local_termination_time: 1089098.4873599997
node_cons: 44273.31790223308
tot_aggregated_send: 29638
tot_msg_rcv: 1068
tot_msg_sent: 2135
tot_reconf_duration: 4.390000000000001
tot_sleeping_duration: 2120825.3368400047
tot_uptimes: 552
tot_uptimes_duration: 33060.01215999527
