comms_cons: 117.27872639099783
finished_reconf: true
global_termination_time: 1145906.877
local_termination_time: 7976.739960000001
node_cons: 23564.398026710227
tot_aggregated_send: 15428
tot_msg_rcv: 837
tot_msg_sent: 1560
tot_reconf_duration: 18.21
tot_sleeping_duration: 1128326.8405200075
tot_uptimes: 294
tot_uptimes_duration: 17580.036479992676
