comms_cons: 116.42615039174126
finished_reconf: true
global_termination_time: 1144302.19924
local_termination_time: 18933.88736
node_cons: 23589.44670271375
tot_aggregated_send: 15486
tot_msg_rcv: 757
tot_msg_sent: 1452
tot_reconf_duration: 22.65
tot_sleeping_duration: 1126707.9587600047
tot_uptimes: 294
tot_uptimes_duration: 17594.240479995307
