comms_cons: 113.39733759813515
finished_reconf: true
global_termination_time: 1147470.558
local_termination_time: 357166.34136
node_cons: 23545.581619999975
tot_aggregated_send: 16356
tot_msg_rcv: 245
tot_msg_sent: 634
tot_reconf_duration: 4.390000000000001
tot_sleeping_duration: 1129890.558
tot_uptimes: 294
tot_uptimes_duration: 17580.0
