comms_cons: 114.62282239262481
finished_reconf: true
global_termination_time: 1144354.573
local_termination_time: 510194.69836000004
node_cons: 23548.066759999998
tot_aggregated_send: 16182
tot_msg_rcv: 433
tot_msg_sent: 807
tot_reconf_duration: 6.22
tot_sleeping_duration: 1126774.573
tot_uptimes: 294
tot_uptimes_duration: 17580.0
