comms_cons: 0.6710783999996417
finished_reconf: true
global_termination_time: 6465.387
local_termination_time: 311.4360399999995
node_cons: 86.87198000000001
tot_aggregated_send: 0
tot_msg_rcv: 47
tot_msg_sent: 55
tot_reconf_duration: 4.8100000000000005
tot_sleeping_duration: 6405.387
tot_uptimes: 2
tot_uptimes_duration: 60.0
