comms_cons: 238.40475519319082
finished_reconf: true
global_termination_time: 2415366.868
local_termination_time: 1201447.5423599998
node_cons: 49684.47739999938
tot_aggregated_send: 34742
tot_msg_rcv: 530
tot_msg_sent: 964
tot_reconf_duration: 25.299999999999997
tot_sleeping_duration: 2378286.868
tot_uptimes: 619
tot_uptimes_duration: 37080.0
