comms_cons: 236.62750719564977
finished_reconf: true
global_termination_time: 2416858.077
local_termination_time: 1130286.0223599998
node_cons: 49668.00485999906
tot_aggregated_send: 35148
tot_msg_rcv: 306
tot_msg_sent: 512
tot_reconf_duration: 13.17
tot_sleeping_duration: 2379778.077
tot_uptimes: 619
tot_uptimes_duration: 37079.99999999988
