comms_cons: 241.6756991963467
finished_reconf: true
global_termination_time: 2414439.371039999
local_termination_time: 2414439.329919999
node_cons: 49737.59434791779
tot_aggregated_send: 34310
tot_msg_rcv: 892
tot_msg_sent: 1530
tot_reconf_duration: 37.410000000000004
tot_sleeping_duration: 2377331.98376
tot_uptimes: 619
tot_uptimes_duration: 37107.38727999909
