comms_cons: 239.72623358747165
finished_reconf: true
global_termination_time: 2419406.523
local_termination_time: 786017.65536
node_cons: 49743.25235999937
tot_aggregated_send: 34452
tot_msg_rcv: 656
tot_msg_sent: 1328
tot_reconf_duration: 9.42
tot_sleeping_duration: 2382266.523
tot_uptimes: 620
tot_uptimes_duration: 37140.0
