comms_cons: 192.82797439454308
finished_reconf: true
global_termination_time: 1943496.998
local_termination_time: 399489.9722800008
node_cons: 39937.5082399997
tot_aggregated_send: 27724
tot_msg_rcv: 542
tot_msg_sent: 1041
tot_reconf_duration: 6.279999999999999
tot_sleeping_duration: 1913676.998
tot_uptimes: 498
tot_uptimes_duration: 29820.0
