comms_cons: 191.95536639138405
finished_reconf: true
global_termination_time: 1942872.05
local_termination_time: 617473.1453599998
node_cons: 39935.90579999971
tot_aggregated_send: 27898
tot_msg_rcv: 406
tot_msg_sent: 872
tot_reconf_duration: 5.1
tot_sleeping_duration: 1913052.05
tot_uptimes: 498
tot_uptimes_duration: 29820.0
