comms_cons: 340.7798909333479
finished_reconf: true
global_termination_time: 1947708.568
local_termination_time: 330441.43260000006
node_cons: 40015.92525005122
tot_aggregated_send: 0
tot_msg_rcv: 26259
tot_msg_sent: 25537
tot_reconf_duration: 4.8100000000000005
tot_sleeping_duration: 1917828.5132800213
tot_uptimes: 499
tot_uptimes_duration: 29880.05471997871
