comms_cons: 1.4934783999971775
finished_reconf: true
global_termination_time: 8410.551
local_termination_time: 4573.55836
node_cons: 173.05137999999954
tot_aggregated_send: 0
tot_msg_rcv: 118
tot_msg_sent: 108
tot_reconf_duration: 9.11
tot_sleeping_duration: 8290.551
tot_uptimes: 3
tot_uptimes_duration: 120.0
