comms_cons: 83.28014079612622
finished_reconf: true
global_termination_time: 819340.47424
local_termination_time: 68201.44135999995
node_cons: 16817.70020383658
tot_aggregated_send: 10788
tot_msg_rcv: 644
tot_msg_sent: 1225
tot_reconf_duration: 5.57
tot_sleeping_duration: 806786.2276800026
tot_uptimes: 210
tot_uptimes_duration: 12554.246559997438
