comms_cons: 82.62222079751697
finished_reconf: true
global_termination_time: 822426.21
local_termination_time: 146126.7844800001
node_cons: 16889.317424476565
tot_aggregated_send: 11310
tot_msg_rcv: 385
tot_msg_sent: 863
tot_reconf_duration: 13.17
tot_sleeping_duration: 809826.1856800026
tot_uptimes: 211
tot_uptimes_duration: 12600.024319997407
