comms_cons: 84.51107839886085
finished_reconf: true
global_termination_time: 820641.177
local_termination_time: 75121.14483999994
node_cons: 16875.639627845445
tot_aggregated_send: 10672
tot_msg_rcv: 733
tot_msg_sent: 1441
tot_reconf_duration: 3.08
tot_sleeping_duration: 808041.134439996
tot_uptimes: 211
tot_uptimes_duration: 12600.042560004047
