comms_cons: 0.7434496000016577
finished_reconf: true
global_termination_time: 4834.268
local_termination_time: 1897.4963600000003
node_cons: 87.71394000000008
tot_aggregated_send: 0
tot_msg_rcv: 60
tot_msg_sent: 53
tot_reconf_duration: 5.43
tot_sleeping_duration: 4774.268
tot_uptimes: 2
tot_uptimes_duration: 60.0
