comms_cons: 188.8756735829682
finished_reconf: true
global_termination_time: 1873102.598
local_termination_time: 378390.35336000007
node_cons: 38489.43268558397
tot_aggregated_send: 25636
tot_msg_rcv: 923
tot_msg_sent: 2149
tot_reconf_duration: 4.8100000000000005
tot_sleeping_duration: 1844362.5676000118
tot_uptimes: 480
tot_uptimes_duration: 28740.030399988173
