comms_cons: 188.86967038054402
finished_reconf: true
global_termination_time: 1869210.5548399978
local_termination_time: 1869210.5548399978
node_cons: 38530.27587070381
tot_aggregated_send: 25506
tot_msg_rcv: 925
tot_msg_sent: 2275
tot_reconf_duration: 24.59
tot_sleeping_duration: 1840460.08236001
tot_uptimes: 479
tot_uptimes_duration: 28750.47247998805
