comms_cons: 186.02092799105614
finished_reconf: true
global_termination_time: 1869211.2342400001
local_termination_time: 12348.183480000003
node_cons: 38427.09857495322
tot_aggregated_send: 26332
tot_msg_rcv: 656
tot_msg_sent: 1286
tot_reconf_duration: 3.05
tot_sleeping_duration: 1840515.9716000052
tot_uptimes: 479
tot_uptimes_duration: 28695.262639995082
