comms_cons: 175.85521278635588
finished_reconf: true
global_termination_time: 1749055.1849199983
local_termination_time: 760097.4502799992
node_cons: 35973.86807687766
tot_aggregated_send: 24708
tot_msg_rcv: 762
tot_msg_sent: 1257
tot_reconf_duration: 3.08
tot_sleeping_duration: 1722192.089
tot_uptimes: 448
tot_uptimes_duration: 26863.095919998363
