comms_cons: 174.74355199149304
finished_reconf: true
global_termination_time: 1752970.591
local_termination_time: 1202779.3385599996
node_cons: 36003.30622000002
tot_aggregated_send: 25114
tot_msg_rcv: 583
tot_msg_sent: 863
tot_reconf_duration: 8.09
tot_sleeping_duration: 1726090.591
tot_uptimes: 449
tot_uptimes_duration: 26880.0
