comms_cons: 98.9577471986484
finished_reconf: true
global_termination_time: 1002128.186
local_termination_time: 474809.56208000064
node_cons: 20573.58012111694
tot_aggregated_send: 13862
tot_msg_rcv: 481
tot_msg_sent: 698
tot_reconf_duration: 4.8100000000000005
tot_sleeping_duration: 986768.1799200022
tot_uptimes: 257
tot_uptimes_duration: 15360.006079997693
