comms_cons: 272.1799680162828
finished_reconf: true
global_termination_time: 2692198.208
local_termination_time: 1333593.5720799996
node_cons: 55388.6336822328
tot_aggregated_send: 37294
tot_msg_rcv: 1427
tot_msg_sent: 2648
tot_reconf_duration: 25.299999999999997
tot_sleeping_duration: 2650858.195840005
tot_uptimes: 690
tot_uptimes_duration: 41340.01215999527
