comms_cons: 269.92282878844196
finished_reconf: true
global_termination_time: 2697194.745
local_termination_time: 109539.07835999998
node_cons: 55450.02410895246
tot_aggregated_send: 37700
tot_msg_rcv: 1004
tot_msg_sent: 2321
tot_reconf_duration: 11.31
tot_sleeping_duration: 2655794.696360005
tot_uptimes: 691
tot_uptimes_duration: 41400.048639995046
