comms_cons: 40.2647040003882
finished_reconf: true
global_termination_time: 409179.398
local_termination_time: 244156.53584000058
node_cons: 8370.718980000007
tot_aggregated_send: 5742
tot_msg_rcv: 98
tot_msg_sent: 280
tot_reconf_duration: 11.31
tot_sleeping_duration: 402939.398
tot_uptimes: 105
tot_uptimes_duration: 6240.0
