comms_cons: 260.4171456280215
finished_reconf: true
global_termination_time: 2536976.504
local_termination_time: 1555852.7923599998
node_cons: 52228.62104781745
tot_aggregated_send: 34220
tot_msg_rcv: 1874
tot_msg_sent: 3487
tot_reconf_duration: 5.57
tot_sleeping_duration: 2497976.4614400165
tot_uptimes: 650
tot_uptimes_duration: 39000.042559983674
