comms_cons: 251.13941120128902
finished_reconf: true
global_termination_time: 2538768.006
local_termination_time: 1612246.9463599978
node_cons: 52283.4889330365
tot_aggregated_send: 36598
tot_msg_rcv: 475
tot_msg_sent: 1099
tot_reconf_duration: 25.299999999999997
tot_sleeping_duration: 2499746.9966400024
tot_uptimes: 651
tot_uptimes_duration: 39021.00935999793
