comms_cons: 252.76628480118086
finished_reconf: true
global_termination_time: 2541714.481
local_termination_time: 1504988.22036
node_cons: 52238.8848599991
tot_aggregated_send: 36192
tot_msg_rcv: 731
tot_msg_sent: 1496
tot_reconf_duration: 13.17
tot_sleeping_duration: 2502714.481
tot_uptimes: 651
tot_uptimes_duration: 39000.0
