comms_cons: 259.3914752028278
finished_reconf: true
global_termination_time: 2536956.9762399974
local_termination_time: 72384.5995999997
node_cons: 52175.15211164592
tot_aggregated_send: 33988
tot_msg_rcv: 1875
tot_msg_sent: 3563
tot_reconf_duration: 11.31
tot_sleeping_duration: 2498002.6871200223
tot_uptimes: 650
tot_uptimes_duration: 38954.28911997512
