comms_cons: 15.781478399993187
finished_reconf: true
global_termination_time: 3617.7872400000015
local_termination_time: 3617.7461200000016
node_cons: 1779.0584353600032
tot_aggregated_send: 0
tot_msg_rcv: 1129
tot_msg_sent: 1267
tot_reconf_duration: 37.410000000000004
tot_sleeping_duration: 2327.081
tot_uptimes: 18
tot_uptimes_duration: 1290.7062400000018
