comms_cons: 106.20802559883212
finished_reconf: true
global_termination_time: 1111003.757
local_termination_time: 118654.57447999997
node_cons: 22827.187701116876
tot_aggregated_send: 15370
tot_msg_rcv: 239
tot_msg_sent: 534
tot_reconf_duration: 7.819999999999999
tot_sleeping_duration: 1093963.7509200023
tot_uptimes: 285
tot_uptimes_duration: 17040.006079997635
