comms_cons: 57.01597440026686
finished_reconf: true
global_termination_time: 565328.302
local_termination_time: 258181.0696800007
node_cons: 11577.41490111917
tot_aggregated_send: 7598
tot_msg_rcv: 361
tot_msg_sent: 708
tot_reconf_duration: 6.22
tot_sleeping_duration: 556688.2959200006
tot_uptimes: 145
tot_uptimes_duration: 8640.006079999366
