comms_cons: 54.33949440070949
finished_reconf: true
global_termination_time: 541452.7644799999
local_termination_time: 541452.72336
node_cons: 11138.687942084109
tot_aggregated_send: 7468
tot_msg_rcv: 259
tot_msg_sent: 533
tot_reconf_duration: 24.59
tot_sleeping_duration: 533159.0417599968
tot_uptimes: 139
tot_uptimes_duration: 8293.722720003047
