comms_cons: 53.10864640055688
finished_reconf: true
global_termination_time: 544019.701
local_termination_time: 232578.62536000006
node_cons: 11173.791980000013
tot_aggregated_send: 7482
tot_msg_rcv: 236
tot_msg_sent: 354
tot_reconf_duration: 4.8100000000000005
tot_sleeping_duration: 535679.701
tot_uptimes: 140
tot_uptimes_duration: 8340.0
