comms_cons: 55.16721920106295
finished_reconf: true
global_termination_time: 546036.101
local_termination_time: 151051.84632000016
node_cons: 11171.450746727443
tot_aggregated_send: 7018
tot_msg_rcv: 487
tot_msg_sent: 880
tot_reconf_duration: 3.05
tot_sleeping_duration: 537696.0645199944
tot_uptimes: 140
tot_uptimes_duration: 8340.036480005561
