comms_cons: 101.67495679767401
finished_reconf: true
global_termination_time: 1025814.145
local_termination_time: 337519.3756000001
node_cons: 21073.80918000006
tot_aggregated_send: 14732
tot_msg_rcv: 273
tot_msg_sent: 449
tot_reconf_duration: 18.21
tot_sleeping_duration: 1010094.145
tot_uptimes: 263
tot_uptimes_duration: 15720.0
