comms_cons: 102.75394559658605
finished_reconf: true
global_termination_time: 1030220.491
local_termination_time: 276872.1453600001
node_cons: 21160.186841116898
tot_aggregated_send: 14384
tot_msg_rcv: 383
tot_msg_sent: 851
tot_reconf_duration: 22.65
tot_sleeping_duration: 1014440.4849200024
tot_uptimes: 264
tot_uptimes_duration: 15780.006079997635
