comms_cons: 203.29752949665783
finished_reconf: true
global_termination_time: 1028727.938
local_termination_time: 2175.4313600000005
node_cons: 21133.578182238296
tot_aggregated_send: 0
tot_msg_rcv: 15641
tot_msg_sent: 15257
tot_reconf_duration: 3.05
tot_sleeping_duration: 1012947.9258400012
tot_uptimes: 264
tot_uptimes_duration: 15780.012159998703
