comms_cons: 64.41548160655877
finished_reconf: true
global_termination_time: 298924.46348000015
local_termination_time: 3534.1433600000005
node_cons: 6151.156679927711
tot_aggregated_send: 0
tot_msg_rcv: 5354
tot_msg_sent: 4432
tot_reconf_duration: 18.21
tot_sleeping_duration: 294349.0881999944
tot_uptimes: 77
tot_uptimes_duration: 4575.3752800057555
