comms_cons: 72.2856703987452
finished_reconf: true
global_termination_time: 686835.597
local_termination_time: 218852.1176000001
node_cons: 14065.502325597996
tot_aggregated_send: 8468
tot_msg_rcv: 933
tot_msg_sent: 1586
tot_reconf_duration: 4.390000000000001
tot_sleeping_duration: 676335.5666000014
tot_uptimes: 176
tot_uptimes_duration: 10500.030399998475
