comms_cons: 850.0717697362002
finished_reconf: true
global_termination_time: 8559978.21348
local_termination_time: 8559978.17236
node_cons: 176174.4819254146
tot_aggregated_send: 123108
tot_msg_rcv: 2083
tot_msg_sent: 4014
tot_reconf_duration: 37.410000000000004
tot_sleeping_duration: 8428444.472520012
tot_uptimes: 2193
tot_uptimes_duration: 131533.74095998588
