comms_cons: 853.6253314113571
finished_reconf: true
global_termination_time: 8560785.405
local_termination_time: 2603275.9762799996
node_cons: 176109.50334557967
tot_aggregated_send: 119016
tot_msg_rcv: 3643
tot_msg_sent: 7086
tot_reconf_duration: 3.08
tot_sleeping_duration: 8429265.37460001
tot_uptimes: 2193
tot_uptimes_duration: 131520.03039998934
