comms_cons: 841.749638537201
finished_reconf: true
global_termination_time: 8562702.388
local_termination_time: 3159220.90236
node_cons: 176130.6990233455
tot_aggregated_send: 118958
tot_msg_rcv: 3017
tot_msg_sent: 5965
tot_reconf_duration: 18.700000000000003
tot_sleeping_duration: 8431182.369760007
tot_uptimes: 2193
tot_uptimes_duration: 131520.0182399936
