comms_cons: 860.0152386717089
finished_reconf: true
global_termination_time: 8561224.593
local_termination_time: 1540649.4723599998
node_cons: 176113.80817116876
tot_aggregated_send: 118030
tot_msg_rcv: 4161
tot_msg_sent: 8524
tot_reconf_duration: 6.22
tot_sleeping_duration: 8429704.53220002
tot_uptimes: 2193
tot_uptimes_duration: 131520.0607999813
