comms_cons: 1.4803199999988208
finished_reconf: true
global_termination_time: 11143.38448
local_termination_time: 11143.34336
node_cons: 212.4316598400069
tot_aggregated_send: 0
tot_msg_rcv: 114
tot_msg_sent: 110
tot_reconf_duration: 24.59
tot_sleeping_duration: 11009.673919999996
tot_uptimes: 3
tot_uptimes_duration: 133.710560000005
