comms_cons: 269.02411522494884
finished_reconf: true
global_termination_time: 2810731.31
local_termination_time: 6130.8589999999995
node_cons: 57863.62184558314
tot_aggregated_send: 38854
tot_msg_rcv: 649
tot_msg_sent: 1388
tot_reconf_duration: 13.83
tot_sleeping_duration: 2767531.279600012
tot_uptimes: 720
tot_uptimes_duration: 43200.03039998817
