comms_cons: 269.9436032079789
finished_reconf: true
global_termination_time: 2810015.593
local_termination_time: 6682.626
node_cons: 57852.69264781806
tot_aggregated_send: 38737
tot_msg_rcv: 745
tot_msg_sent: 1548
tot_reconf_duration: 5.77
tot_sleeping_duration: 2766815.5504400157
tot_uptimes: 720
tot_uptimes_duration: 43200.04255998437
