comms_cons: 238.22151039879904
finished_reconf: true
global_termination_time: 2373399.621
local_termination_time: 479516.6472400005
node_cons: 48800.76182334984
tot_aggregated_send: 33002
tot_msg_rcv: 1020
tot_msg_sent: 2185
tot_reconf_duration: 25.299999999999997
tot_sleeping_duration: 2336979.6027600067
tot_uptimes: 608
tot_uptimes_duration: 36420.0182399929
