comms_cons: 80.4589184014815
finished_reconf: true
global_termination_time: 786523.908
local_termination_time: 212494.75088000088
node_cons: 16184.79014329263
tot_aggregated_send: 8816
tot_msg_rcv: 1184
tot_msg_sent: 2232
tot_reconf_duration: 18.21
tot_sleeping_duration: 774455.1544799906
tot_uptimes: 202
tot_uptimes_duration: 12068.753520009426
