comms_cons: 76.6351488001129
finished_reconf: true
global_termination_time: 784544.3874799998
local_termination_time: 784544.3463599999
node_cons: 16119.743518719824
tot_aggregated_send: 11412
tot_msg_rcv: 56
tot_msg_sent: 180
tot_reconf_duration: 24.59
tot_sleeping_duration: 772530.683
tot_uptimes: 201
tot_uptimes_duration: 12013.70447999984
