comms_cons: 32.19665919947707
finished_reconf: true
global_termination_time: 157822.189
local_termination_time: 304.18803999999943
node_cons: 3244.358700000001
tot_aggregated_send: 0
tot_msg_rcv: 2589
tot_msg_sent: 2304
tot_reconf_duration: 22.65
tot_sleeping_duration: 155422.189
tot_uptimes: 41
tot_uptimes_duration: 2400.0
