comms_cons: 275.4051392267474
finished_reconf: true
global_termination_time: 2808091.53
local_termination_time: 6090.035
node_cons: 57850.2129467006
tot_aggregated_send: 38623
tot_msg_rcv: 1135
tot_msg_sent: 2101
tot_reconf_duration: 3.95
tot_sleeping_duration: 2764891.4935200135
tot_uptimes: 720
tot_uptimes_duration: 43200.03647998627
