comms_cons: 47.59953920346018
finished_reconf: true
global_termination_time: 245268.57048000017
local_termination_time: 235.51304
node_cons: 5005.727988720239
tot_aggregated_send: 0
tot_msg_rcv: 3633
tot_msg_sent: 3600
tot_reconf_duration: 3.05
tot_sleeping_duration: 241533.256
tot_uptimes: 63
tot_uptimes_duration: 3735.3144800001755
