comms_cons: 47.19918080042807
finished_reconf: true
global_termination_time: 467982.152
local_termination_time: 69133.31659999995
node_cons: 9567.393941119171
tot_aggregated_send: 6380
tot_msg_rcv: 271
tot_msg_sent: 523
tot_reconf_duration: 5.1
tot_sleeping_duration: 460842.1459200006
tot_uptimes: 120
tot_uptimes_duration: 7140.006079999366
