comms_cons: 857.9418448275802
finished_reconf: true
global_termination_time: 4355206.1
local_termination_time: 3566.0380400000013
node_cons: 89603.85360335332
tot_aggregated_send: 0
tot_msg_rcv: 65740
tot_msg_sent: 64660
tot_reconf_duration: 18.21
tot_sleeping_duration: 4288306.081760002
tot_uptimes: 1116
tot_uptimes_duration: 66900.0182399968
