comms_cons: 432.07998723596216
finished_reconf: true
global_termination_time: 4354485.253
local_termination_time: 2386554.78872
node_cons: 89587.65266334938
tot_aggregated_send: 60668
tot_msg_rcv: 1826
tot_msg_sent: 3179
tot_reconf_duration: 6.279999999999999
tot_sleeping_duration: 4287585.234760006
tot_uptimes: 1116
tot_uptimes_duration: 66900.0182399936
