comms_cons: 423.7845440206315
finished_reconf: true
global_termination_time: 4355335.562
local_termination_time: 2977512.34948
node_cons: 89613.46554111448
tot_aggregated_send: 60204
tot_msg_rcv: 1243
tot_msg_sent: 2965
tot_reconf_duration: 25.299999999999997
tot_sleeping_duration: 4288435.555920002
tot_uptimes: 1116
tot_uptimes_duration: 66900.00607999787
