comms_cons: 424.9439488042441
finished_reconf: true
global_termination_time: 4353029.093
local_termination_time: 3017323.8366
node_cons: 89516.6448599975
tot_aggregated_send: 62408
tot_msg_rcv: 664
tot_msg_sent: 1517
tot_reconf_duration: 13.17
tot_sleeping_duration: 4286189.093
tot_uptimes: 1115
tot_uptimes_duration: 66840.0
