comms_cons: 21.119232000272582
finished_reconf: true
global_termination_time: 221622.445
local_termination_time: 92600.49735999996
node_cons: 4505.571980000001
tot_aggregated_send: 2842
tot_msg_rcv: 114
tot_msg_sent: 254
tot_reconf_duration: 4.8100000000000005
tot_sleeping_duration: 218262.445
tot_uptimes: 57
tot_uptimes_duration: 3360.0
