comms_cons: 539.5092283618372
finished_reconf: true
global_termination_time: 1849312.2092399988
local_termination_time: 1849312.1681199989
node_cons: 75623.00047835684
tot_aggregated_send: 0
tot_msg_rcv: 27462
tot_msg_sent: 54540
tot_reconf_duration: 24.59
tot_sleeping_duration: 1792859.9259999997
tot_uptimes: 935
tot_uptimes_duration: 56452.28323999894
