comms_cons: 100.37976320499808
finished_reconf: true
global_termination_time: 210000.51048000017
local_termination_time: 2471.488920000003
node_cons: 12556.780248164288
tot_aggregated_send: 0
tot_msg_rcv: 6223
tot_msg_sent: 9033
tot_reconf_duration: 18.21
tot_sleeping_duration: 200641.24903999697
tot_uptimes: 154
tot_uptimes_duration: 9359.26144000319
