comms_cons: 21.750835200109844
finished_reconf: true
global_termination_time: 212096.111
local_termination_time: 26195.381480000004
node_cons: 4346.896381121437
tot_aggregated_send: 2842
tot_msg_rcv: 176
tot_msg_sent: 288
tot_reconf_duration: 6.279999999999999
tot_sleeping_duration: 208856.10491999894
tot_uptimes: 55
tot_uptimes_duration: 3240.0060800010688
