comms_cons: 21.99987200047713
finished_reconf: true
global_termination_time: 212502.846
local_termination_time: 2456.3068800000037
node_cons: 4342.542640000003
tot_aggregated_send: 2726
tot_msg_rcv: 212
tot_msg_sent: 406
tot_reconf_duration: 3.08
tot_sleeping_duration: 209262.846
tot_uptimes: 55
tot_uptimes_duration: 3240.0
