comms_cons: 177.27249919095888
finished_reconf: true
global_termination_time: 1778477.962
local_termination_time: 924298.18436
node_cons: 36563.228239999924
tot_aggregated_send: 25230
tot_msg_rcv: 558
tot_msg_sent: 1155
tot_reconf_duration: 6.279999999999999
tot_sleeping_duration: 1751177.962
tot_uptimes: 456
tot_uptimes_duration: 27300.0
