comms_cons: 176.38177279290665
finished_reconf: true
global_termination_time: 1777940.075
local_termination_time: 1136982.6669599996
node_cons: 36572.58485999979
tot_aggregated_send: 25694
tot_msg_rcv: 431
tot_msg_sent: 684
tot_reconf_duration: 13.17
tot_sleeping_duration: 1750640.075
tot_uptimes: 456
tot_uptimes_duration: 27300.0
