comms_cons: 178.30415358728322
finished_reconf: true
global_termination_time: 1777704.233
local_termination_time: 286954.82736
node_cons: 36560.72674894368
tot_aggregated_send: 24418
tot_msg_rcv: 816
tot_msg_sent: 1869
tot_reconf_duration: 4.390000000000001
tot_sleeping_duration: 1750404.184360012
tot_uptimes: 456
tot_uptimes_duration: 27300.048639987945
