comms_cons: 177.3489151887705
finished_reconf: true
global_termination_time: 1777046.984
local_termination_time: 446167.2365600007
node_cons: 36563.17118335034
tot_aggregated_send: 25114
tot_msg_rcv: 678
tot_msg_sent: 1164
tot_reconf_duration: 6.22
tot_sleeping_duration: 1749746.965760007
tot_uptimes: 456
tot_uptimes_duration: 27300.018239992904
