comms_cons: 81.78259200274996
finished_reconf: true
global_termination_time: 790355.8882400003
local_termination_time: 68905.69535999997
node_cons: 16311.859315148784
tot_aggregated_send: 7946
tot_msg_rcv: 1844
tot_msg_sent: 2644
tot_reconf_duration: 18.21
tot_sleeping_duration: 778192.2361599788
tot_uptimes: 203
tot_uptimes_duration: 12163.652080021478
