comms_cons: 77.60629759966935
finished_reconf: true
global_termination_time: 795425.628
local_termination_time: 251750.913
node_cons: 16321.594401761411
tot_aggregated_send: 11192
tot_msg_rcv: 187
tot_msg_sent: 416
tot_reconf_duration: 5.43
tot_sleeping_duration: 783241.744159999
tot_uptimes: 204
tot_uptimes_duration: 12183.883840001043
