comms_cons: 1475.2334753369025
finished_reconf: true
global_termination_time: 5064419.7886
local_termination_time: 5064419.747479999
node_cons: 206579.65400838974
tot_aggregated_send: 0
tot_msg_rcv: 75163
tot_msg_sent: 149064
tot_reconf_duration: 24.59
tot_sleeping_duration: 4910165.673000001
tot_uptimes: 2554
tot_uptimes_duration: 154254.11559999798
