comms_cons: 503.31663368288577
finished_reconf: true
global_termination_time: 5066217.692
local_termination_time: 2439808.22336
node_cons: 104208.57662446563
tot_aggregated_send: 70934
tot_msg_rcv: 1751
tot_msg_sent: 3817
tot_reconf_duration: 5.57
tot_sleeping_duration: 4988397.667680008
tot_uptimes: 1298
tot_uptimes_duration: 77820.02431999124
