comms_cons: 510.6366849236133
finished_reconf: true
global_termination_time: 5064420.730359991
local_termination_time: 174349.36099999998
node_cons: 104224.00324341285
tot_aggregated_send: 70352
tot_msg_rcv: 2441
tot_msg_sent: 4821
tot_reconf_duration: 22.65
tot_sleeping_duration: 4986606.507400009
tot_uptimes: 1297
tot_uptimes_duration: 77814.222959982
