comms_cons: 502.85483528016186
finished_reconf: true
global_termination_time: 5065225.843
local_termination_time: 1757518.6253599997
node_cons: 104208.41092781659
tot_aggregated_send: 71572
tot_msg_rcv: 1546
tot_msg_sent: 3313
tot_reconf_duration: 5.43
tot_sleeping_duration: 4987405.800440015
tot_uptimes: 1298
tot_uptimes_duration: 77820.04255998484
