comms_cons: 29.744563200408997
finished_reconf: true
global_termination_time: 295308.29748000007
local_termination_time: 295308.25636000006
node_cons: 6077.276083203561
tot_aggregated_send: 3988
tot_msg_rcv: 172
tot_msg_sent: 360
tot_reconf_duration: 24.59
tot_sleeping_duration: 290794.5686799974
tot_uptimes: 76
tot_uptimes_duration: 4513.728800002646
