comms_cons: 213.0015999927983
finished_reconf: true
global_termination_time: 2173033.226
local_termination_time: 595099.1833599999
node_cons: 44675.9657999995
tot_aggregated_send: 31204
tot_msg_rcv: 418
tot_msg_sent: 753
tot_reconf_duration: 5.1
tot_sleeping_duration: 2139673.226
tot_uptimes: 557
tot_uptimes_duration: 33360.0
