comms_cons: 225.1173823692584
finished_reconf: true
global_termination_time: 2172454.726
local_termination_time: 372931.8136000001
node_cons: 44673.26331117252
tot_aggregated_send: 28652
tot_msg_rcv: 2066
tot_msg_sent: 3499
tot_reconf_duration: 3.05
tot_sleeping_duration: 2139094.66520002
tot_uptimes: 557
tot_uptimes_duration: 33360.06079997978
