comms_cons: 215.04773118295864
finished_reconf: true
global_termination_time: 2176607.504
local_termination_time: 513675.80348000006
node_cons: 44757.86746558365
tot_aggregated_send: 28942
tot_msg_rcv: 1240
tot_msg_sent: 2504
tot_reconf_duration: 6.22
tot_sleeping_duration: 2143187.4736000123
tot_uptimes: 558
tot_uptimes_duration: 33420.03039998817
