comms_cons: 364.4126719053607
finished_reconf: true
global_termination_time: 750307.5195999998
local_termination_time: 750307.4784799998
node_cons: 45931.646039122716
tot_aggregated_send: 0
tot_msg_rcv: 22259
tot_msg_sent: 33120
tot_reconf_duration: 24.59
tot_sleeping_duration: 716029.5115199974
tot_uptimes: 568
tot_uptimes_duration: 34278.0080800024
