comms_cons: 73.9699455995594
finished_reconf: true
global_termination_time: 750319.22
local_termination_time: 345838.68312000093
node_cons: 15431.828262241741
tot_aggregated_send: 10614
tot_msg_rcv: 208
tot_msg_sent: 421
tot_reconf_duration: 4.8100000000000005
tot_sleeping_duration: 738799.2078399988
tot_uptimes: 193
tot_uptimes_duration: 11520.012160001286
