comms_cons: 75.22363519783666
finished_reconf: true
global_termination_time: 752848.793
local_termination_time: 477626.14
node_cons: 15431.579082558366
tot_aggregated_send: 10496
tot_msg_rcv: 297
tot_msg_sent: 641
tot_reconf_duration: 3.05
tot_sleeping_duration: 741327.1819600012
tot_uptimes: 193
tot_uptimes_duration: 11521.611039998716
