comms_cons: 74.64165120045996
finished_reconf: true
global_termination_time: 752153.45
local_termination_time: 112338.10959999995
node_cons: 15433.743042242884
tot_aggregated_send: 10672
tot_msg_rcv: 210
tot_msg_sent: 463
tot_reconf_duration: 6.22
tot_sleeping_duration: 740633.4378399978
tot_uptimes: 193
tot_uptimes_duration: 11520.012160002138
