comms_cons: 45.888947200738045
finished_reconf: true
global_termination_time: 459605.065
local_termination_time: 283042.14208000014
node_cons: 9408.316381121402
tot_aggregated_send: 5800
tot_msg_rcv: 406
tot_msg_sent: 768
tot_reconf_duration: 6.279999999999999
tot_sleeping_duration: 452585.05891999893
tot_uptimes: 118
tot_uptimes_duration: 7020.006080001069
