comms_cons: 44.53153280052758
finished_reconf: true
global_termination_time: 455149.364
local_termination_time: 275394.49836
node_cons: 9326.822081121432
tot_aggregated_send: 6032
tot_msg_rcv: 202
tot_msg_sent: 535
tot_reconf_duration: 5.43
tot_sleeping_duration: 448189.35791999893
tot_uptimes: 117
tot_uptimes_duration: 6960.006080001069
