comms_cons: 106.188915198109
finished_reconf: true
global_termination_time: 1075455.485
local_termination_time: 581489.8573999982
node_cons: 22099.481115841274
tot_aggregated_send: 14558
tot_msg_rcv: 523
tot_msg_sent: 1060
tot_reconf_duration: 4.390000000000001
tot_sleeping_duration: 1058955.4704399994
tot_uptimes: 276
tot_uptimes_duration: 16500.014560000913
