comms_cons: 78.38114559891963
finished_reconf: true
global_termination_time: 749411.72024
local_termination_time: 25634.469999999998
node_cons: 15392.17037872466
tot_aggregated_send: 8336
tot_msg_rcv: 1137
tot_msg_sent: 2445
tot_reconf_duration: 18.21
tot_sleeping_duration: 737934.9157599965
tot_uptimes: 192
tot_uptimes_duration: 11476.80448000347
