comms_cons: 187.25579518156337
finished_reconf: true
global_termination_time: 1831628.623
local_termination_time: 485605.7753600001
node_cons: 37700.3487078223
tot_aggregated_send: 24534
tot_msg_rcv: 1261
tot_msg_sent: 2667
tot_reconf_duration: 15.34
tot_sleeping_duration: 1803488.5804400132
tot_uptimes: 470
tot_uptimes_duration: 28140.042559986876
