comms_cons: 182.19371519645847
finished_reconf: true
global_termination_time: 1832947.75
local_termination_time: 1104569.6236799986
node_cons: 37691.83137999998
tot_aggregated_send: 26506
tot_msg_rcv: 498
tot_msg_sent: 688
tot_reconf_duration: 9.11
tot_sleeping_duration: 1804807.75
tot_uptimes: 470
tot_uptimes_duration: 28140.0
