comms_cons: 181.15703679543026
finished_reconf: true
global_termination_time: 1829273.511
local_termination_time: 1106533.9923599998
node_cons: 37611.92189367689
tot_aggregated_send: 26390
tot_msg_rcv: 396
tot_msg_sent: 747
tot_reconf_duration: 9.42
tot_sleeping_duration: 1801193.503880002
tot_uptimes: 469
tot_uptimes_duration: 28080.00711999787
