comms_cons: 185.47341438194118
finished_reconf: true
global_termination_time: 1833442.423
local_termination_time: 492124.3246800007
node_cons: 37686.04896781766
tot_aggregated_send: 25114
tot_msg_rcv: 980
tot_msg_sent: 2097
tot_reconf_duration: 4.8100000000000005
tot_sleeping_duration: 1805302.3804400165
tot_uptimes: 470
tot_uptimes_duration: 28140.04255998344
