comms_cons: 187.58580478182154
finished_reconf: true
global_termination_time: 1830006.319
local_termination_time: 185481.82432000063
node_cons: 37609.84539452783
tot_aggregated_send: 24592
tot_msg_rcv: 1359
tot_msg_sent: 2562
tot_reconf_duration: 7.819999999999999
tot_sleeping_duration: 1801926.239960024
tot_uptimes: 469
tot_uptimes_duration: 28080.079039976117
