comms_cons: 361.7184637073062
finished_reconf: true
global_termination_time: 1830792.247
local_termination_time: 725901.231479998
node_cons: 37610.237797184505
tot_aggregated_send: 0
tot_msg_rcv: 27830
tot_msg_sent: 27150
tot_reconf_duration: 6.22
tot_sleeping_duration: 1802710.2522000114
tot_uptimes: 469
tot_uptimes_duration: 28081.99479998846
