comms_cons: 64.70038400045644
finished_reconf: true
global_termination_time: 646794.325
local_termination_time: 29076.652640000004
node_cons: 13263.67220112145
tot_aggregated_send: 9048
tot_msg_rcv: 266
tot_msg_sent: 520
tot_reconf_duration: 5.57
tot_sleeping_duration: 636894.3189199988
tot_uptimes: 166
tot_uptimes_duration: 9900.006080001069
