comms_cons: 65.60183039758748
finished_reconf: true
global_termination_time: 643002.062
local_termination_time: 263846.14704000077
node_cons: 13184.231183364273
tot_aggregated_send: 8468
tot_msg_rcv: 458
tot_msg_sent: 1046
tot_reconf_duration: 6.22
tot_sleeping_duration: 633162.0437599968
tot_uptimes: 165
tot_uptimes_duration: 9840.018240003206
