comms_cons: 210.3469631859691
finished_reconf: true
global_termination_time: 2120938.884
local_termination_time: 174144.54936000003
node_cons: 43649.39802670516
tot_aggregated_send: 29000
tot_msg_rcv: 1062
tot_msg_sent: 1908
tot_reconf_duration: 18.21
tot_sleeping_duration: 2088358.8475200108
tot_uptimes: 544
tot_uptimes_duration: 32580.03647998924
