comms_cons: 416.7341820627325
finished_reconf: true
global_termination_time: 2118959.4285999974
local_termination_time: 1559.7970400000015
node_cons: 43573.296049513156
tot_aggregated_send: 0
tot_msg_rcv: 31892
tot_msg_sent: 31446
tot_reconf_duration: 6.22
tot_sleeping_duration: 2086424.0669200022
tot_uptimes: 543
tot_uptimes_duration: 32535.3616799952
