comms_cons: 617.9403963007841
finished_reconf: true
global_termination_time: 2118958.8285999997
local_termination_time: 2118958.7874799995
node_cons: 86613.95167034773
tot_aggregated_send: 0
tot_msg_rcv: 31442
tot_msg_sent: 62479
tot_reconf_duration: 24.59
tot_sleeping_duration: 2054298.2173600069
tot_uptimes: 1073
tot_uptimes_duration: 64660.61123999273
