comms_cons: 16.515673599979674
finished_reconf: true
global_termination_time: 137751.30412000092
local_termination_time: 137751.30412000092
node_cons: 2925.7609070386775
tot_aggregated_send: 1146
tot_msg_rcv: 424
tot_msg_sent: 940
tot_reconf_duration: 24.59
tot_sleeping_duration: 135591.2087600019
tot_uptimes: 36
tot_uptimes_duration: 2160.0953599990025
