comms_cons: 45.32410880018055
finished_reconf: true
global_termination_time: 457368.22
local_termination_time: 96274.66123999971
node_cons: 9405.741620000012
tot_aggregated_send: 6612
tot_msg_rcv: 107
tot_msg_sent: 170
tot_reconf_duration: 4.390000000000001
tot_sleeping_duration: 450348.22
tot_uptimes: 118
tot_uptimes_duration: 7020.0
