comms_cons: 661.1092225487268
finished_reconf: true
global_termination_time: 6659184.906
local_termination_time: 2653021.830199999
node_cons: 136997.61742446403
tot_aggregated_send: 92452
tot_msg_rcv: 2639
tot_msg_sent: 5394
tot_reconf_duration: 13.17
tot_sleeping_duration: 6556884.881680009
tot_uptimes: 1706
tot_uptimes_duration: 102300.02431999147
