comms_cons: 559.6190851035751
finished_reconf: true
global_termination_time: 4103816.365
local_termination_time: 2598171.05536
node_cons: 84363.93394111509
tot_aggregated_send: 0
tot_msg_rcv: 42784
tot_msg_sent: 42275
tot_reconf_duration: 5.1
tot_sleeping_duration: 4040816.3589200024
tot_uptimes: 1051
tot_uptimes_duration: 63000.00607999787
