comms_cons: 402.90425602838894
finished_reconf: true
global_termination_time: 4107488.316
local_termination_time: 2613665.833
node_cons: 84461.66298622279
tot_aggregated_send: 57181
tot_msg_rcv: 1324
tot_msg_sent: 2735
tot_reconf_duration: 13.17
tot_sleeping_duration: 4044423.5078400113
tot_uptimes: 1052
tot_uptimes_duration: 63064.80815998884
