comms_cons: 414.1520384671025
finished_reconf: true
global_termination_time: 4105935.604
local_termination_time: 720066.492759999
node_cons: 84462.81601116671
tot_aggregated_send: 56608
tot_msg_rcv: 2142
tot_msg_sent: 4198
tot_reconf_duration: 18.700000000000003
tot_sleeping_duration: 4042875.543200023
tot_uptimes: 1052
tot_uptimes_duration: 63060.06079997681
