comms_cons: 415.06261768463577
finished_reconf: true
global_termination_time: 4102234.786
local_termination_time: 81469.45435999996
node_cons: 84371.94337004992
tot_aggregated_send: 56318
tot_msg_rcv: 2291
tot_msg_sent: 4479
tot_reconf_duration: 10.95
tot_sleeping_duration: 4039234.731280021
tot_uptimes: 1051
tot_uptimes_duration: 63000.054719979176
