comms_cons: 38.99200000070414
finished_reconf: true
global_termination_time: 371796.314
local_termination_time: 49229.94536000001
node_cons: 7649.459681121446
tot_aggregated_send: 4814
tot_msg_rcv: 423
tot_msg_sent: 690
tot_reconf_duration: 12.629999999999999
tot_sleeping_duration: 366096.30791999894
tot_uptimes: 96
tot_uptimes_duration: 5700.006080001069
