comms_cons: 15.60586240010751
finished_reconf: true
global_termination_time: 162932.7978400002
local_termination_time: 157140.22199999998
node_cons: 3345.369967760264
tot_aggregated_send: 2297
tot_msg_rcv: 9
tot_msg_sent: 65
tot_reconf_duration: 22.65
tot_sleeping_duration: 160457.36
tot_uptimes: 42
tot_uptimes_duration: 2475.4378400002024
