comms_cons: 47.97678080039109
finished_reconf: true
global_termination_time: 162932.70364000095
local_termination_time: 1364.4790400000015
node_cons: 6753.855654961282
tot_aggregated_send: 0
tot_msg_rcv: 2433
tot_msg_sent: 4858
tot_reconf_duration: 4.390000000000001
tot_sleeping_duration: 157893.201
tot_uptimes: 84
tot_uptimes_duration: 5039.502640000952
