comms_cons: 541.3163522169672
finished_reconf: true
global_termination_time: 2741429.347
local_termination_time: 2920.4413600000003
node_cons: 56423.44174446667
tot_aggregated_send: 0
tot_msg_rcv: 41561
tot_msg_sent: 40712
tot_reconf_duration: 18.21
tot_sleeping_duration: 2699309.3226800095
tot_uptimes: 703
tot_uptimes_duration: 42120.02431999077
