comms_cons: 272.24572158673817
finished_reconf: true
global_termination_time: 2740440.356
local_termination_time: 1668436.6957999985
node_cons: 56339.204284466476
tot_aggregated_send: 37700
tot_msg_rcv: 1145
tot_msg_sent: 2535
tot_reconf_duration: 15.34
tot_sleeping_duration: 2698380.3316800096
tot_uptimes: 702
tot_uptimes_duration: 42060.02431999054
