comms_cons: 272.20108160067974
finished_reconf: true
global_termination_time: 2740117.882
local_termination_time: 1346272.4471999996
node_cons: 56330.74394446681
tot_aggregated_send: 38106
tot_msg_rcv: 1081
tot_msg_sent: 2185
tot_reconf_duration: 9.11
tot_sleeping_duration: 2698057.857680009
tot_uptimes: 702
tot_uptimes_duration: 42060.02431999077
