comms_cons: 278.0239168260942
finished_reconf: true
global_termination_time: 2742714.945
local_termination_time: 13353.90472
node_cons: 56429.54453452371
tot_aggregated_send: 37642
tot_msg_rcv: 1547
tot_msg_sent: 3068
tot_reconf_duration: 22.65
tot_sleeping_duration: 2700594.865960026
tot_uptimes: 703
tot_uptimes_duration: 42120.079039973614
