comms_cons: 276.19557120197214
finished_reconf: true
global_termination_time: 2743050.329
local_termination_time: 782528.6735599985
node_cons: 56409.32398335055
tot_aggregated_send: 37932
tot_msg_rcv: 1262
tot_msg_sent: 2786
tot_reconf_duration: 7.819999999999999
tot_sleeping_duration: 2700930.3107600063
tot_uptimes: 703
tot_uptimes_duration: 42120.0182399936
