comms_cons: 158.41397759593204
finished_reconf: true
global_termination_time: 1606753.699
local_termination_time: 452366.36036000005
node_cons: 33026.66580000001
tot_aggregated_send: 23258
tot_msg_rcv: 255
tot_msg_sent: 565
tot_reconf_duration: 5.1
tot_sleeping_duration: 1582093.699
tot_uptimes: 412
tot_uptimes_duration: 24660.0
