comms_cons: 158.20469759656578
finished_reconf: true
global_termination_time: 1607528.66
local_termination_time: 537296.3193599998
node_cons: 33035.90020000008
tot_aggregated_send: 23258
tot_msg_rcv: 219
tot_msg_sent: 569
tot_reconf_duration: 11.899999999999999
tot_sleeping_duration: 1582868.66
tot_uptimes: 412
tot_uptimes_duration: 24660.000000000004
