comms_cons: 160.19619199182614
finished_reconf: true
global_termination_time: 1603794.1806399992
local_termination_time: 749368.5213599999
node_cons: 32992.55419295903
tot_aggregated_send: 22968
tot_msg_rcv: 550
tot_msg_sent: 830
tot_reconf_duration: 4.390000000000001
tot_sleeping_duration: 1579158.936
tot_uptimes: 411
tot_uptimes_duration: 24635.244639999233
