comms_cons: 159.4732287941734
finished_reconf: true
global_termination_time: 1606425.621
local_termination_time: 453179.80236000055
node_cons: 33023.8819000001
tot_aggregated_send: 22968
tot_msg_rcv: 449
tot_msg_sent: 822
tot_reconf_duration: 3.05
tot_sleeping_duration: 1581765.621
tot_uptimes: 412
tot_uptimes_duration: 24660.0
