comms_cons: 188.93591039559098
finished_reconf: true
global_termination_time: 1916661.863
local_termination_time: 1374011.9273599999
node_cons: 39384.48485999966
tot_aggregated_send: 27550
tot_msg_rcv: 315
tot_msg_sent: 852
tot_reconf_duration: 13.17
tot_sleeping_duration: 1887261.863
tot_uptimes: 491
tot_uptimes_duration: 29400.0
