comms_cons: 194.24903038386424
finished_reconf: true
global_termination_time: 1920087.807
local_termination_time: 255911.7221200005
node_cons: 39452.96674894823
tot_aggregated_send: 25868
tot_msg_rcv: 1123
tot_msg_sent: 2534
tot_reconf_duration: 4.390000000000001
tot_sleeping_duration: 1890627.7583600087
tot_uptimes: 492
tot_uptimes_duration: 29460.04863999138
