comms_cons: 197.58653437600236
finished_reconf: true
global_termination_time: 1916973.124
local_termination_time: 125788.89419999962
node_cons: 39370.8314523033
tot_aggregated_send: 25462
tot_msg_rcv: 1599
tot_msg_sent: 2971
tot_reconf_duration: 3.05
tot_sleeping_duration: 1887573.0571200124
tot_uptimes: 491
tot_uptimes_duration: 29400.066879987717
