comms_cons: 1.5263743999970687
finished_reconf: true
global_termination_time: 9779.987
local_termination_time: 7110.6763599999995
node_cons: 164.82189999999903
tot_aggregated_send: 0
tot_msg_rcv: 118
tot_msg_sent: 114
tot_reconf_duration: 3.05
tot_sleeping_duration: 9659.987
tot_uptimes: 3
tot_uptimes_duration: 120.0
