comms_cons: 441.2962301766034
finished_reconf: true
global_termination_time: 2247232.8205999974
local_termination_time: 2612.67248
node_cons: 46240.80661062987
tot_aggregated_send: 0
tot_msg_rcv: 33726
tot_msg_sent: 33346
tot_reconf_duration: 18.21
tot_sleeping_duration: 2212717.4528400046
tot_uptimes: 576
tot_uptimes_duration: 34515.367759992834
