comms_cons: 224.02238718404786
finished_reconf: true
global_termination_time: 2247232.3891199897
local_termination_time: 49550.52099999999
node_cons: 46291.40801277949
tot_aggregated_send: 31202
tot_msg_rcv: 871
tot_msg_sent: 1978
tot_reconf_duration: 22.65
tot_sleeping_duration: 2212683.7339200047
tot_uptimes: 576
tot_uptimes_duration: 34548.655199985085
