comms_cons: 219.5353727917416
finished_reconf: true
global_termination_time: 2248273.111
local_termination_time: 1269803.0867199998
node_cons: 46203.95490111626
tot_aggregated_send: 31146
tot_msg_rcv: 776
tot_msg_sent: 1447
tot_reconf_duration: 6.22
tot_sleeping_duration: 2213773.104920002
tot_uptimes: 576
tot_uptimes_duration: 34500.006079997635
