comms_cons: 2.5724671999957196
finished_reconf: true
global_termination_time: 14491.127
local_termination_time: 7921.25036
node_cons: 258.9130011200063
tot_aggregated_send: 0
tot_msg_rcv: 228
tot_msg_sent: 163
tot_reconf_duration: 13.17
tot_sleeping_duration: 14311.120919999996
tot_uptimes: 4
tot_uptimes_duration: 180.00608000000466
