comms_cons: 2.250713599996039
finished_reconf: true
global_termination_time: 14504.192
local_termination_time: 8682.07236
node_cons: 255.89010000000098
tot_aggregated_send: 0
tot_msg_rcv: 178
tot_msg_sent: 164
tot_reconf_duration: 10.95
tot_sleeping_duration: 14324.192
tot_uptimes: 4
tot_uptimes_duration: 180.0
