comms_cons: 2.357708799994275
finished_reconf: true
global_termination_time: 15255.739
local_termination_time: 7982.65036
node_cons: 253.39137999999957
tot_aggregated_send: 0
tot_msg_rcv: 191
tot_msg_sent: 167
tot_reconf_duration: 9.11
tot_sleeping_duration: 15075.739
tot_uptimes: 4
tot_uptimes_duration: 180.0
