comms_cons: 60.82540160542283
finished_reconf: true
global_termination_time: 286566.6466000002
local_termination_time: 1968.1833600000002
node_cons: 5910.142892883697
tot_aggregated_send: 0
tot_msg_rcv: 5003
tot_msg_sent: 4237
tot_reconf_duration: 18.21
tot_sleeping_duration: 282171.26667999744
tot_uptimes: 74
tot_uptimes_duration: 4395.379920002757
