comms_cons: 56.291635205525395
finished_reconf: true
global_termination_time: 288483.985
local_termination_time: 1693.3174800000004
node_cons: 5895.578700000006
tot_aggregated_send: 0
tot_msg_rcv: 4342
tot_msg_sent: 4214
tot_reconf_duration: 22.65
tot_sleeping_duration: 284103.985
tot_uptimes: 74
tot_uptimes_duration: 4380.0
