comms_cons: 29.014272000751163
finished_reconf: true
global_termination_time: 288069.105
local_termination_time: 251271.04184000014
node_cons: 5880.1952622428635
tot_aggregated_send: 3886
tot_msg_rcv: 184
tot_msg_sent: 340
tot_reconf_duration: 11.31
tot_sleeping_duration: 283689.09283999784
tot_uptimes: 74
tot_uptimes_duration: 4380.0121600021375
