comms_cons: 441.7928512502035
finished_reconf: true
global_termination_time: 4408017.87
local_termination_time: 2808714.5303599997
node_cons: 90654.30312334852
tot_aggregated_send: 60320
tot_msg_rcv: 2317
tot_msg_sent: 4511
tot_reconf_duration: 22.65
tot_sleeping_duration: 4340337.851760007
tot_uptimes: 1129
tot_uptimes_duration: 67680.01823999337
