comms_cons: 442.722963300016
finished_reconf: true
global_termination_time: 4411929.62
local_termination_time: 2109212.2771199993
node_cons: 90729.27902334894
tot_aggregated_send: 61248
tot_msg_rcv: 1819
tot_msg_sent: 4223
tot_reconf_duration: 18.700000000000003
tot_sleeping_duration: 4344189.601760007
tot_uptimes: 1130
tot_uptimes_duration: 67740.01823999337
