comms_cons: 282.4726272151201
finished_reconf: true
global_termination_time: 2808080.599
local_termination_time: 2805689.2007999993
node_cons: 57879.165541115945
tot_aggregated_send: 39324
tot_msg_rcv: 1195
tot_msg_sent: 2415
tot_reconf_duration: 25.299999999999997
tot_sleeping_duration: 2764880.592920002
tot_uptimes: 720
tot_uptimes_duration: 43200.006079997926
