comms_cons: 283.05957121199134
finished_reconf: true
global_termination_time: 2809074.072
local_termination_time: 1624587.4314399997
node_cons: 57861.00904670141
tot_aggregated_send: 39440
tot_msg_rcv: 1265
tot_msg_sent: 2318
tot_reconf_duration: 11.899999999999999
tot_sleeping_duration: 2765874.0355200134
tot_uptimes: 720
tot_uptimes_duration: 43200.03647998674
