comms_cons: 281.76081922221425
finished_reconf: true
global_termination_time: 2807929.247
local_termination_time: 515705.71436000004
node_cons: 57849.42800893487
tot_aggregated_send: 39788
tot_msg_rcv: 1058
tot_msg_sent: 1980
tot_reconf_duration: 3.3600000000000003
tot_sleeping_duration: 2764729.198360018
tot_uptimes: 720
tot_uptimes_duration: 43200.04863998201
