comms_cons: 73.01000959960042
finished_reconf: true
global_termination_time: 717957.35
local_termination_time: 311645.32548000006
node_cons: 14712.896547850047
tot_aggregated_send: 9570
tot_msg_rcv: 537
tot_msg_sent: 990
tot_reconf_duration: 7.819999999999999
tot_sleeping_duration: 706977.3074399924
tot_uptimes: 184
tot_uptimes_duration: 10980.042560007481
