comms_cons: 70.24611839983035
finished_reconf: true
global_termination_time: 721613.086
local_termination_time: 377115.1810400003
node_cons: 14789.950222238274
tot_aggregated_send: 9686
tot_msg_rcv: 337
tot_msg_sent: 654
tot_reconf_duration: 5.43
tot_sleeping_duration: 710573.0738400012
tot_uptimes: 185
tot_uptimes_duration: 11040.012159998703
