comms_cons: 37.504268800579304
finished_reconf: true
global_termination_time: 368498.152
local_termination_time: 139038.76948000005
node_cons: 7582.726841121432
tot_aggregated_send: 4814
tot_msg_rcv: 349
tot_msg_sent: 538
tot_reconf_duration: 22.65
tot_sleeping_duration: 362858.14591999893
tot_uptimes: 95
tot_uptimes_duration: 5640.006080001069
