comms_cons: 73.01624320891176
finished_reconf: true
global_termination_time: 368832.479
local_termination_time: 66.23103999999998
node_cons: 7586.317400000009
tot_aggregated_send: 0
tot_msg_rcv: 5664
tot_msg_sent: 5434
tot_reconf_duration: 25.299999999999997
tot_sleeping_duration: 363192.479
tot_uptimes: 95
tot_uptimes_duration: 5640.0
