comms_cons: 34.18615040035878
finished_reconf: true
global_termination_time: 339749.585
local_termination_time: 9599.957480000001
node_cons: 7010.411720000008
tot_aggregated_send: 4756
tot_msg_rcv: 164
tot_msg_sent: 276
tot_reconf_duration: 15.34
tot_sleeping_duration: 334529.585
tot_uptimes: 88
tot_uptimes_duration: 5220.0
