comms_cons: 33.30391040012122
finished_reconf: true
global_termination_time: 339134.514
local_termination_time: 14422.65036
node_cons: 6929.759380000006
tot_aggregated_send: 4814
tot_msg_rcv: 88
tot_msg_sent: 160
tot_reconf_duration: 15.110000000000001
tot_sleeping_duration: 333974.514
tot_uptimes: 87
tot_uptimes_duration: 5160.0
