comms_cons: 372.1847936705566
finished_reconf: true
global_termination_time: 3684845.8054799996
local_termination_time: 3684845.7643599994
node_cons: 75829.87891324698
tot_aggregated_send: 51072
tot_msg_rcv: 1878
tot_msg_sent: 3618
tot_reconf_duration: 37.410000000000004
tot_sleeping_duration: 3628252.021960023
tot_uptimes: 944
tot_uptimes_duration: 56593.78351997689
