comms_cons: 370.9951360447425
finished_reconf: true
global_termination_time: 3688971.729
local_termination_time: 2530889.796
node_cons: 75875.85475142118
tot_aggregated_send: 51328
tot_msg_rcv: 1641
tot_msg_sent: 3420
tot_reconf_duration: 18.700000000000003
tot_sleeping_duration: 3632324.6340400125
tot_uptimes: 945
tot_uptimes_duration: 56647.094959987095
