comms_cons: 98.65064959435236
finished_reconf: true
global_termination_time: 980717.4934799998
local_termination_time: 980717.4523599999
node_cons: 20217.10794207952
tot_aggregated_send: 13616
tot_msg_rcv: 439
tot_msg_sent: 939
tot_reconf_duration: 24.59
tot_sleeping_duration: 965643.7707600002
tot_uptimes: 252
tot_uptimes_duration: 15073.722719999612
