comms_cons: 95.73393919721052
finished_reconf: true
global_termination_time: 982970.618
local_termination_time: 613187.2028399997
node_cons: 20196.114982238323
tot_aggregated_send: 13514
tot_msg_rcv: 372
tot_msg_sent: 665
tot_reconf_duration: 22.65
tot_sleeping_duration: 967910.6058400014
tot_uptimes: 252
tot_uptimes_duration: 15060.012159998703
