comms_cons: 89.5118976115281
finished_reconf: true
global_termination_time: 431365.85376000043
local_termination_time: 431365.85376000043
node_cons: 8914.595284286503
tot_aggregated_send: 0
tot_msg_rcv: 7192
tot_msg_sent: 6414
tot_reconf_duration: 24.59
tot_sleeping_duration: 424733.1412399956
tot_uptimes: 111
tot_uptimes_duration: 6632.7125200048395
