comms_cons: 71.23649919817355
finished_reconf: true
global_termination_time: 711343.6102400002
local_termination_time: 8341.54764
node_cons: 14690.623880477071
tot_aggregated_send: 9802
tot_msg_rcv: 337
tot_msg_sent: 688
tot_reconf_duration: 22.65
tot_sleeping_duration: 700395.2419200024
tot_uptimes: 183
tot_uptimes_duration: 10948.368319997797
