comms_cons: 72.99622399704481
finished_reconf: true
global_termination_time: 712870.89
local_termination_time: 313379.16472000006
node_cons: 14627.874184481085
tot_aggregated_send: 9570
tot_msg_rcv: 537
tot_msg_sent: 988
tot_reconf_duration: 4.390000000000001
tot_sleeping_duration: 701950.8656799991
tot_uptimes: 183
tot_uptimes_duration: 10920.02432000084
