comms_cons: 968.4394378689371
finished_reconf: true
global_termination_time: 3869510.133
local_termination_time: 2657384.0936
node_cons: 157778.4321434715
tot_aggregated_send: 0
tot_msg_rcv: 49387
tot_msg_sent: 97811
tot_reconf_duration: 18.21
tot_sleeping_duration: 3751695.567680002
tot_uptimes: 1948
tot_uptimes_duration: 117814.56531999761
