comms_cons: 655.3485319246731
finished_reconf: true
global_termination_time: 3871401.203
local_termination_time: 2657387.56472
node_cons: 79647.71498223189
tot_aggregated_send: 0
tot_msg_rcv: 50221
tot_msg_sent: 49387
tot_reconf_duration: 22.65
tot_sleeping_duration: 3811941.1908400045
tot_uptimes: 992
tot_uptimes_duration: 59460.0121599955
