comms_cons: 391.4630272573975
finished_reconf: true
global_termination_time: 3869895.392
local_termination_time: 266726.10936000006
node_cons: 79651.4032345184
tot_aggregated_send: 53650
tot_msg_rcv: 2032
tot_msg_sent: 3819
tot_reconf_duration: 25.299999999999997
tot_sleeping_duration: 3810435.3129600296
tot_uptimes: 992
tot_uptimes_duration: 59460.07903997041
