comms_cons: 391.90599045407754
finished_reconf: true
global_termination_time: 3872068.664
local_termination_time: 902928.0485599984
node_cons: 79621.2121922847
tot_aggregated_send: 53592
tot_msg_rcv: 2077
tot_msg_sent: 3898
tot_reconf_duration: 3.08
tot_sleeping_duration: 3812608.5971200247
tot_uptimes: 992
tot_uptimes_duration: 59460.066879975144
