comms_cons: 388.04184324832767
finished_reconf: true
global_termination_time: 3871334.153
local_termination_time: 715902.6193599999
node_cons: 79637.86100449093
tot_aggregated_send: 54056
tot_msg_rcv: 1602
tot_msg_sent: 3322
tot_reconf_duration: 15.34
tot_sleeping_duration: 3811874.08632002
tot_uptimes: 992
tot_uptimes_duration: 59460.06667997979
