comms_cons: 67.90737279767016
finished_reconf: true
global_termination_time: 678617.829
local_termination_time: 332211.57036000007
node_cons: 13929.594982240635
tot_aggregated_send: 9454
tot_msg_rcv: 303
tot_msg_sent: 563
tot_reconf_duration: 22.65
tot_sleeping_duration: 668237.8168399995
tot_uptimes: 174
tot_uptimes_duration: 10380.012160000435
