comms_cons: 300.4109054460614
finished_reconf: true
global_termination_time: 1033459.57
local_termination_time: 672470.496999998
node_cons: 42002.266120113774
tot_aggregated_send: 0
tot_msg_rcv: 15368
tot_msg_sent: 30292
tot_reconf_duration: 13.17
tot_sleeping_duration: 1002104.5429200045
tot_uptimes: 520
tot_uptimes_duration: 31355.02707999556
