comms_cons: 203.1530750965355
finished_reconf: true
global_termination_time: 1037330.51
local_termination_time: 672458.2995999999
node_cons: 21298.56802331636
tot_aggregated_send: 0
tot_msg_rcv: 15508
tot_msg_sent: 15369
tot_reconf_duration: 6.22
tot_sleeping_duration: 1021430.4941200028
tot_uptimes: 266
tot_uptimes_duration: 15900.015879997169
