comms_cons: 71.88471680671357
finished_reconf: true
global_termination_time: 319794.20428000076
local_termination_time: 319794.16316000075
node_cons: 6630.392120487706
tot_aggregated_send: 0
tot_msg_rcv: 6147
tot_msg_sent: 4782
tot_reconf_duration: 37.410000000000004
tot_sleeping_duration: 314880.39595999505
tot_uptimes: 82
tot_uptimes_duration: 4913.808320005743
