comms_cons: 154.55088641529025
finished_reconf: true
global_termination_time: 319794.72204000084
local_termination_time: 1906.6404800000025
node_cons: 19409.05201112329
tot_aggregated_send: 0
tot_msg_rcv: 9509
tot_msg_sent: 13978
tot_reconf_duration: 18.21
tot_sleeping_duration: 305318.0059599984
tot_uptimes: 236
tot_uptimes_duration: 14476.716080002441
