comms_cons: 32.526796800206355
finished_reconf: true
global_termination_time: 321314.819
local_termination_time: 87954.38883999991
node_cons: 6605.039681119145
tot_aggregated_send: 4466
tot_msg_rcv: 197
tot_msg_sent: 282
tot_reconf_duration: 12.629999999999999
tot_sleeping_duration: 316394.81292000064
tot_uptimes: 83
tot_uptimes_duration: 4920.006079999366
