comms_cons: 470.88193289610484
finished_reconf: true
global_termination_time: 4671502.203
local_termination_time: 194059.0164400002
node_cons: 96117.49639340545
tot_aggregated_send: 63684
tot_msg_rcv: 2728
tot_msg_sent: 5159
tot_reconf_duration: 22.65
tot_sleeping_duration: 4599742.1300400235
tot_uptimes: 1197
tot_uptimes_duration: 71760.07295997621
