comms_cons: 470.72070410552647
finished_reconf: true
global_termination_time: 4672377.008
local_termination_time: 216180.29736000006
node_cons: 96112.10787005436
tot_aggregated_send: 64844
tot_msg_rcv: 2183
tot_msg_sent: 4519
tot_reconf_duration: 18.700000000000003
tot_sleeping_duration: 4600616.953280018
tot_uptimes: 1197
tot_uptimes_duration: 71760.05471998284
