comms_cons: 465.8983424572753
finished_reconf: true
global_termination_time: 4675264.028
local_termination_time: 672377.2303599999
node_cons: 96173.00674893722
tot_aggregated_send: 66004
tot_msg_rcv: 1667
tot_msg_sent: 3141
tot_reconf_duration: 4.390000000000001
tot_sleeping_duration: 4603443.979360015
tot_uptimes: 1198
tot_uptimes_duration: 71820.04863998498
