comms_cons: 463.6182912851884
finished_reconf: true
global_termination_time: 4671913.235
local_termination_time: 924529.4483599999
node_cons: 96097.30026558218
tot_aggregated_send: 64670
tot_msg_rcv: 1775
tot_msg_sent: 4022
tot_reconf_duration: 7.819999999999999
tot_sleeping_duration: 4600153.204600012
tot_uptimes: 1197
tot_uptimes_duration: 71760.03039998864
