comms_cons: 195.81672958761885
finished_reconf: true
global_termination_time: 2006205.287
local_termination_time: 962142.8383599989
node_cons: 41245.21126447149
tot_aggregated_send: 27028
tot_msg_rcv: 1002
tot_msg_sent: 1733
tot_reconf_duration: 22.65
tot_sleeping_duration: 1975425.262680006
tot_uptimes: 514
tot_uptimes_duration: 30780.024319993856
