comms_cons: 393.3088636689833
finished_reconf: true
global_termination_time: 2005850.184
local_termination_time: 129.5460400000002
node_cons: 41222.87490111652
tot_aggregated_send: 0
tot_msg_rcv: 30023
tot_msg_sent: 29757
tot_reconf_duration: 6.22
tot_sleeping_duration: 1975070.1779200023
tot_uptimes: 514
tot_uptimes_duration: 30780.006079997635
