comms_cons: 194.82327039378944
finished_reconf: true
global_termination_time: 2002305.823
local_termination_time: 1228595.7850399984
node_cons: 41149.438979999766
tot_aggregated_send: 28768
tot_msg_rcv: 276
tot_msg_sent: 568
tot_reconf_duration: 11.31
tot_sleeping_duration: 1971585.823
tot_uptimes: 513
tot_uptimes_duration: 30720.0
