comms_cons: 232.31155198780277
finished_reconf: true
global_termination_time: 2323161.903239991
local_termination_time: 226018.20048000006
node_cons: 47803.63224381464
tot_aggregated_send: 32364
tot_msg_rcv: 979
tot_msg_sent: 1966
tot_reconf_duration: 18.21
tot_sleeping_duration: 2287479.3766800095
tot_uptimes: 595
tot_uptimes_duration: 35682.52655998152
