comms_cons: 232.05134719175223
finished_reconf: true
global_termination_time: 2326666.973
local_termination_time: 498253.11536000005
node_cons: 47833.09126446676
tot_aggregated_send: 32480
tot_msg_rcv: 929
tot_msg_sent: 1861
tot_reconf_duration: 22.65
tot_sleeping_duration: 2290966.9486800097
tot_uptimes: 596
tot_uptimes_duration: 35700.02431999054
