comms_cons: 281.6793856325306
finished_reconf: true
global_termination_time: 2810947.125
local_termination_time: 1473.50712
node_cons: 57855.09360558344
tot_aggregated_send: 38628
tot_msg_rcv: 1489
tot_msg_sent: 2697
tot_reconf_duration: 7.55
tot_sleeping_duration: 2767747.0946000116
tot_uptimes: 720
tot_uptimes_duration: 43200.030399988405
