comms_cons: 275.26686081668925
finished_reconf: true
global_termination_time: 2810446.864
local_termination_time: 3934.166
node_cons: 57854.450953665844
tot_aggregated_send: 39374
tot_msg_rcv: 808
tot_msg_sent: 1656
tot_reconf_duration: 7.08
tot_sleeping_duration: 2767246.83688001
tot_uptimes: 720
tot_uptimes_duration: 43200.027119990205
