comms_cons: 260.6432319890854
finished_reconf: true
global_termination_time: 2658050.047
local_termination_time: 2120115.2163599995
node_cons: 54665.565541115684
tot_aggregated_send: 37120
tot_msg_rcv: 815
tot_msg_sent: 1681
tot_reconf_duration: 25.299999999999997
tot_sleeping_duration: 2617250.0409200024
tot_uptimes: 681
tot_uptimes_duration: 40800.006079997635
