comms_cons: 258.5559807972051
finished_reconf: true
global_termination_time: 2653016.494
local_termination_time: 2180108.9926799997
node_cons: 54568.74485999901
tot_aggregated_send: 38338
tot_msg_rcv: 305
tot_msg_sent: 656
tot_reconf_duration: 13.17
tot_sleeping_duration: 2612276.494
tot_uptimes: 680
tot_uptimes_duration: 40740.0
