comms_cons: 266.47075839484404
finished_reconf: true
global_termination_time: 2653025.528
local_termination_time: 1203861.6803599999
node_cons: 54556.85418446677
tot_aggregated_send: 37236
tot_msg_rcv: 1118
tot_msg_sent: 2148
tot_reconf_duration: 4.390000000000001
tot_sleeping_duration: 2612285.503680009
tot_uptimes: 680
tot_uptimes_duration: 40740.02431999089
