comms_cons: 109.78053119850455
finished_reconf: true
global_termination_time: 1140795.179
local_termination_time: 693414.3881199979
node_cons: 23499.83230367721
tot_aggregated_send: 16066
tot_msg_rcv: 191
tot_msg_sent: 429
tot_reconf_duration: 18.21
tot_sleeping_duration: 1123263.361880002
tot_uptimes: 293
tot_uptimes_duration: 17531.817119997926
