comms_cons: 110.98355199742267
finished_reconf: true
global_termination_time: 1143168.407
local_termination_time: 353598.3202800004
node_cons: 23490.054982238333
tot_aggregated_send: 15892
tot_msg_rcv: 352
tot_msg_sent: 624
tot_reconf_duration: 22.65
tot_sleeping_duration: 1125648.3948400011
tot_uptimes: 293
tot_uptimes_duration: 17520.012159998703
