comms_cons: 118.1865599888015
finished_reconf: true
global_termination_time: 1140339.066359998
local_termination_time: 1140339.066359998
node_cons: 23581.40842864468
tot_aggregated_send: 14558
tot_msg_rcv: 968
tot_msg_sent: 2442
tot_reconf_duration: 24.59
tot_sleeping_duration: 1122752.7965999944
tot_uptimes: 293
tot_uptimes_duration: 17586.26976000346
