comms_cons: 113.03065599358794
finished_reconf: true
global_termination_time: 1143857.84
local_termination_time: 321555.81220000016
node_cons: 23466.23836448113
tot_aggregated_send: 15370
tot_msg_rcv: 547
tot_msg_sent: 1263
tot_reconf_duration: 5.1
tot_sleeping_duration: 1126337.8156799993
tot_uptimes: 293
tot_uptimes_duration: 17520.02432000084
