comms_cons: 87.35266559813363
finished_reconf: true
global_termination_time: 888840.5254799998
local_termination_time: 888840.4843599999
node_cons: 18304.94537208102
tot_aggregated_send: 12817
tot_msg_rcv: 132
tot_msg_sent: 327
tot_reconf_duration: 36.38
tot_sleeping_duration: 875206.8127599991
tot_uptimes: 228
tot_uptimes_duration: 13633.712720000796
