comms_cons: 213.7977023876585
finished_reconf: true
global_termination_time: 2177916.871
local_termination_time: 1473742.3417199997
node_cons: 44755.36604334989
tot_aggregated_send: 30276
tot_msg_rcv: 765
tot_msg_sent: 1455
tot_reconf_duration: 4.390000000000001
tot_sleeping_duration: 2144496.852760007
tot_uptimes: 558
tot_uptimes_duration: 33420.0182399929
