comms_cons: 128.46511359437517
finished_reconf: true
global_termination_time: 1285358.377
local_termination_time: 373749.04136000003
node_cons: 26438.416403355135
tot_aggregated_send: 17980
tot_msg_rcv: 614
tot_msg_sent: 933
tot_reconf_duration: 4.8100000000000005
tot_sleeping_duration: 1265618.3587600037
tot_uptimes: 330
tot_uptimes_duration: 19740.018239996338
