comms_cons: 63.07541760057177
finished_reconf: true
global_termination_time: 639671.156
local_termination_time: 22684.557
node_cons: 13112.42410415918
tot_aggregated_send: 9104
tot_msg_rcv: 139
tot_msg_sent: 344
tot_reconf_duration: 9.42
tot_sleeping_duration: 629888.0105600007
tot_uptimes: 164
tot_uptimes_duration: 9783.14543999937
