comms_cons: 62.364236800053106
finished_reconf: true
global_termination_time: 638787.569
local_termination_time: 78758.69947999997
node_cons: 13106.047701121459
tot_aggregated_send: 9338
tot_msg_rcv: 31
tot_msg_sent: 110
tot_reconf_duration: 7.819999999999999
tot_sleeping_duration: 629007.562919999
tot_uptimes: 164
tot_uptimes_duration: 9780.006080001069
