comms_cons: 62.83135999940916
finished_reconf: true
global_termination_time: 640037.284
local_termination_time: 242579.22120000064
node_cons: 13110.778980000016
tot_aggregated_send: 9280
tot_msg_rcv: 106
tot_msg_sent: 164
tot_reconf_duration: 11.31
tot_sleeping_duration: 630257.284
tot_uptimes: 164
tot_uptimes_duration: 9780.0
