comms_cons: 116.63023999071852
finished_reconf: true
global_termination_time: 1127239.776
local_termination_time: 3090.41048
node_cons: 23162.706167834833
tot_aggregated_send: 14906
tot_msg_rcv: 1028
tot_msg_sent: 1793
tot_reconf_duration: 18.21
tot_sleeping_duration: 1109959.733440004
tot_uptimes: 289
tot_uptimes_duration: 17280.042559996116
