comms_cons: 112.4205311939003
finished_reconf: true
global_termination_time: 1122222.499
local_termination_time: 191852.8463200002
node_cons: 23064.128262238297
tot_aggregated_send: 15660
tot_msg_rcv: 441
tot_msg_sent: 986
tot_reconf_duration: 4.8100000000000005
tot_sleeping_duration: 1105002.4868400013
tot_uptimes: 288
tot_uptimes_duration: 17220.012159998703
