comms_cons: 2423.9230838175376
finished_reconf: true
global_termination_time: 5003150.281359998
local_termination_time: 5003150.281359998
node_cons: 304544.857383937
tot_aggregated_send: 0
tot_msg_rcv: 148722
tot_msg_sent: 219700
tot_reconf_duration: 37.410000000000004
tot_sleeping_duration: 4775746.207720017
tot_uptimes: 3727
tot_uptimes_duration: 227404.0736399804
