comms_cons: 502.1450945091551
finished_reconf: true
global_termination_time: 5003811.912
local_termination_time: 248295.16936000003
node_cons: 102919.7877689372
tot_aggregated_send: 69136
tot_msg_rcv: 2290
tot_msg_sent: 4897
tot_reconf_duration: 3.08
tot_sleeping_duration: 4926951.863360014
tot_uptimes: 1282
tot_uptimes_duration: 76860.04863998521
