comms_cons: 505.2538561071295
finished_reconf: true
global_termination_time: 5003465.697
local_termination_time: 851885.7381599983
node_cons: 102927.97650893353
tot_aggregated_send: 69078
tot_msg_rcv: 2529
tot_msg_sent: 5187
tot_reconf_duration: 9.11
tot_sleeping_duration: 4926605.648360017
tot_uptimes: 1282
tot_uptimes_duration: 76860.04863998247
