comms_cons: 36.600089600603084
finished_reconf: true
global_termination_time: 362116.461
local_termination_time: 132840.99836000052
node_cons: 7397.811980000006
tot_aggregated_send: 4988
tot_msg_rcv: 231
tot_msg_sent: 344
tot_reconf_duration: 4.8100000000000005
tot_sleeping_duration: 356596.461
tot_uptimes: 93
tot_uptimes_duration: 5520.0
