comms_cons: 45.026022400280546
finished_reconf: true
global_termination_time: 455231.42
local_termination_time: 330015.5524800001
node_cons: 9336.59154000002
tot_aggregated_send: 6554
tot_msg_rcv: 127
tot_msg_sent: 163
tot_reconf_duration: 12.629999999999999
tot_sleeping_duration: 448271.42
tot_uptimes: 117
tot_uptimes_duration: 6960.0
