comms_cons: 44.56750080039852
finished_reconf: true
global_termination_time: 452286.426
local_termination_time: 233304.60048000005
node_cons: 9249.719559999983
tot_aggregated_send: 6496
tot_msg_rcv: 111
tot_msg_sent: 167
tot_reconf_duration: 7.819999999999999
tot_sleeping_duration: 445386.426
tot_uptimes: 116
tot_uptimes_duration: 6900.0
