comms_cons: 67.07494399945365
finished_reconf: true
global_termination_time: 666028.881
local_termination_time: 326449.7563200007
node_cons: 13664.34012111685
tot_aggregated_send: 9106
tot_msg_rcv: 336
tot_msg_sent: 753
tot_reconf_duration: 4.8100000000000005
tot_sleeping_duration: 655828.8749200024
tot_uptimes: 171
tot_uptimes_duration: 10200.006079997635
