comms_cons: 12.412729599999842
finished_reconf: true
global_termination_time: 99718.161
local_termination_time: 26009.425640000005
node_cons: 2015.4746467194698
tot_aggregated_send: 580
tot_msg_rcv: 472
tot_msg_sent: 834
tot_reconf_duration: 5.1
tot_sleeping_duration: 98218.12452000039
tot_uptimes: 26
tot_uptimes_duration: 1500.0364799996023
