comms_cons: 10.737254400124513
finished_reconf: true
global_termination_time: 98546.28
local_termination_time: 15138.86536
node_cons: 2012.6581822405808
tot_aggregated_send: 986
tot_msg_rcv: 182
tot_msg_sent: 464
tot_reconf_duration: 3.05
tot_sleeping_duration: 97046.26783999956
tot_uptimes: 26
tot_uptimes_duration: 1500.012160000435
