comms_cons: 264.5463680141636
finished_reconf: true
global_termination_time: 2603650.381
local_termination_time: 429896.50536
node_cons: 53512.51559563936
tot_aggregated_send: 35496
tot_msg_rcv: 1735
tot_msg_sent: 2977
tot_reconf_duration: 4.390000000000001
tot_sleeping_duration: 2563690.29588003
tot_uptimes: 667
tot_uptimes_duration: 39960.08511997032
