comms_cons: 257.343820778349
finished_reconf: true
global_termination_time: 2599820.644
local_termination_time: 883202.7419599998
node_cons: 53436.76840670024
tot_aggregated_send: 34742
tot_msg_rcv: 1561
tot_msg_sent: 2810
tot_reconf_duration: 7.819999999999999
tot_sleeping_duration: 2559920.607520014
tot_uptimes: 666
tot_uptimes_duration: 39900.03647998581
