comms_cons: 343.76412801781044
finished_reconf: true
global_termination_time: 3465415.99
local_termination_time: 2457619.8796
node_cons: 71286.31732111552
tot_aggregated_send: 49764
tot_msg_rcv: 817
tot_msg_sent: 1668
tot_reconf_duration: 18.21
tot_sleeping_duration: 3412195.9839200024
tot_uptimes: 888
tot_uptimes_duration: 53220.0060799979
