comms_cons: 350.88208003080797
finished_reconf: true
global_termination_time: 3461752.7271199888
local_termination_time: 78984.30047999996
node_cons: 71258.9335886623
tot_aggregated_send: 47328
tot_msg_rcv: 1968
tot_msg_sent: 4035
tot_reconf_duration: 6.279999999999999
tot_sleeping_duration: 3408541.0726400306
tot_uptimes: 887
tot_uptimes_duration: 53211.6544799581
