comms_cons: 682.7647816439772
finished_reconf: true
global_termination_time: 3461752.8335999977
local_termination_time: 2966.49836
node_cons: 71209.40591398223
tot_aggregated_send: 0
tot_msg_rcv: 52371
tot_msg_sent: 51406
tot_reconf_duration: 5.57
tot_sleeping_duration: 3408577.4476000094
tot_uptimes: 887
tot_uptimes_duration: 53175.385999987935
