comms_cons: 1674.5938388767472
finished_reconf: true
global_termination_time: 3461752.2336
local_termination_time: 3461752.1924799997
node_cons: 210263.0535557622
tot_aggregated_send: 0
tot_msg_rcv: 102858
tot_msg_sent: 151669
tot_reconf_duration: 37.410000000000004
tot_sleeping_duration: 3304760.2614000225
tot_uptimes: 2569
tot_uptimes_duration: 156991.9721999773
