comms_cons: 350.18769922279125
finished_reconf: true
global_termination_time: 3464900.11
local_termination_time: 188238.24136000004
node_cons: 71265.8603334056
tot_aggregated_send: 47618
tot_msg_rcv: 1765
tot_msg_sent: 3843
tot_reconf_duration: 3.08
tot_sleeping_duration: 3411680.037040024
tot_uptimes: 888
tot_uptimes_duration: 53220.072959975514
