comms_cons: 346.8101248474219
finished_reconf: true
global_termination_time: 3461931.114
local_termination_time: 1201490.9913599999
node_cons: 71191.9002655839
tot_aggregated_send: 48488
tot_msg_rcv: 1377
tot_msg_sent: 2846
tot_reconf_duration: 7.819999999999999
tot_sleeping_duration: 3408771.0836000107
tot_uptimes: 887
tot_uptimes_duration: 53160.030399989104
