comms_cons: 344.4241280237635
finished_reconf: true
global_termination_time: 3466390.137
local_termination_time: 907810.1913999992
node_cons: 71277.02039117248
tot_aggregated_send: 48488
tot_msg_rcv: 1302
tot_msg_sent: 2559
tot_reconf_duration: 11.31
tot_sleeping_duration: 3413170.0762000196
tot_uptimes: 888
tot_uptimes_duration: 53220.06079998071
