comms_cons: 912.9013330789038
finished_reconf: true
global_termination_time: 4646394.796
local_termination_time: 71.93147999999997
node_cons: 95531.21836446496
tot_aggregated_send: 0
tot_msg_rcv: 69782
tot_msg_sent: 68973
tot_reconf_duration: 5.1
tot_sleeping_duration: 4575054.77168001
tot_uptimes: 1190
tot_uptimes_duration: 71340.02431999077
