comms_cons: 470.7595073098353
finished_reconf: true
global_termination_time: 4649641.407
local_termination_time: 867484.2434799998
node_cons: 95616.99580334812
tot_aggregated_send: 64902
tot_msg_rcv: 2532
tot_msg_sent: 4120
tot_reconf_duration: 9.11
tot_sleeping_duration: 4578241.388760006
tot_uptimes: 1191
tot_uptimes_duration: 71400.01823999314
