comms_cons: 468.99793287201715
finished_reconf: true
global_termination_time: 4646323.548
local_termination_time: 1590734.8809199994
node_cons: 95549.68716446523
tot_aggregated_send: 64264
tot_msg_rcv: 2332
tot_msg_sent: 4687
tot_reconf_duration: 18.700000000000003
tot_sleeping_duration: 4574983.52368001
tot_uptimes: 1190
tot_uptimes_duration: 71340.02431999077
