comms_cons: 460.44523527417573
finished_reconf: true
global_termination_time: 4648270.677
local_termination_time: 721534.28736
node_cons: 95615.27654781619
tot_aggregated_send: 64670
tot_msg_rcv: 1680
tot_msg_sent: 3635
tot_reconf_duration: 7.819999999999999
tot_sleeping_duration: 4576870.634440016
tot_uptimes: 1191
tot_uptimes_duration: 71400.04255998414
