comms_cons: 460.39555204875626
finished_reconf: true
global_termination_time: 4649178.295
local_termination_time: 571311.3423199987
node_cons: 95613.10374781591
tot_aggregated_send: 64438
tot_msg_rcv: 1830
tot_msg_sent: 3708
tot_reconf_duration: 6.22
tot_sleeping_duration: 4577778.252440017
tot_uptimes: 1191
tot_uptimes_duration: 71400.0425599839
