comms_cons: 283.3266688203744
finished_reconf: false
global_termination_time: 2808302.216
local_termination_time: 0
node_cons: 57844.81628223295
tot_aggregated_send: 39092
tot_msg_rcv: 1302
tot_msg_sent: 2670
tot_reconf_duration: 0
tot_sleeping_duration: 2765102.2038400043
tot_uptimes: 720
tot_uptimes_duration: 43200.0121599955
