comms_cons: 281.1376512016079
finished_reconf: false
global_termination_time: 2808279.782
local_termination_time: 0
node_cons: 57844.79999999896
tot_aggregated_send: 39382
tot_msg_rcv: 970
tot_msg_sent: 2378
tot_reconf_duration: 0
tot_sleeping_duration: 2765079.782
tot_uptimes: 720
tot_uptimes_duration: 43200.0
