comms_cons: 2.480358399996024
finished_reconf: true
global_termination_time: 16968.172
local_termination_time: 6702.8783600000015
node_cons: 329.80675999999914
tot_aggregated_send: 0
tot_msg_rcv: 204
tot_msg_sent: 173
tot_reconf_duration: 6.22
tot_sleeping_duration: 16728.172
tot_uptimes: 5
tot_uptimes_duration: 240.0
