comms_cons: 396.5871616844583
finished_reconf: true
global_termination_time: 3946569.012
local_termination_time: 1727270.6823599997
node_cons: 81174.18312334895
tot_aggregated_send: 54868
tot_msg_rcv: 1715
tot_msg_sent: 3695
tot_reconf_duration: 22.65
tot_sleeping_duration: 3885968.9937600065
tot_uptimes: 1011
tot_uptimes_duration: 60600.01823999337
