comms_cons: 396.4823296525418
finished_reconf: true
global_termination_time: 3946646.816
local_termination_time: 2197003.212639999
node_cons: 81177.78182334852
tot_aggregated_send: 54462
tot_msg_rcv: 1947
tot_msg_sent: 3854
tot_reconf_duration: 25.299999999999997
tot_sleeping_duration: 3886046.797760007
tot_uptimes: 1011
tot_uptimes_duration: 60600.01823999314
