comms_cons: 36.99484160041141
finished_reconf: true
global_termination_time: 371382.912
local_termination_time: 262053.94036000004
node_cons: 7653.139861121435
tot_aggregated_send: 5336
tot_msg_rcv: 126
tot_msg_sent: 161
tot_reconf_duration: 15.34
tot_sleeping_duration: 365682.90591999894
tot_uptimes: 96
tot_uptimes_duration: 5700.006080001069
