comms_cons: 38.63964160132553
finished_reconf: true
global_termination_time: 373463.236
local_termination_time: 168101.1104800001
node_cons: 7639.872201121449
tot_aggregated_send: 4872
tot_msg_rcv: 367
tot_msg_sent: 634
tot_reconf_duration: 5.57
tot_sleeping_duration: 367763.2299199989
tot_uptimes: 96
tot_uptimes_duration: 5700.006080001069
