comms_cons: 37.59354880042974
finished_reconf: true
global_termination_time: 372232.976
local_termination_time: 248235.67148000054
node_cons: 7640.746760000012
tot_aggregated_send: 5104
tot_msg_rcv: 206
tot_msg_sent: 404
tot_reconf_duration: 6.22
tot_sleeping_duration: 366532.976
tot_uptimes: 96
tot_uptimes_duration: 5700.0
