comms_cons: 616.8120380040615
finished_reconf: true
global_termination_time: 1385451.788
local_termination_time: 746495.1654799999
node_cons: 84344.9691309372
tot_aggregated_send: 0
tot_msg_rcv: 37817
tot_msg_sent: 55936
tot_reconf_duration: 18.21
tot_sleeping_duration: 1322479.2413600152
tot_uptimes: 1034
tot_uptimes_duration: 62972.54663998455
