comms_cons: 138.47304959407577
finished_reconf: true
global_termination_time: 1385053.599879998
local_termination_time: 1385053.599879998
node_cons: 28556.799285436762
tot_aggregated_send: 19706
tot_msg_rcv: 475
tot_msg_sent: 866
tot_reconf_duration: 24.59
tot_sleeping_duration: 1363751.5789200007
tot_uptimes: 355
tot_uptimes_duration: 21302.020959997535
