comms_cons: 91.55614719889579
finished_reconf: true
global_termination_time: 924159.961
local_termination_time: 466893.5539200003
node_cons: 18990.998700000062
tot_aggregated_send: 13166
tot_msg_rcv: 250
tot_msg_sent: 500
tot_reconf_duration: 22.65
tot_sleeping_duration: 909999.961
tot_uptimes: 237
tot_uptimes_duration: 14160.0
