comms_cons: 92.06274559847006
finished_reconf: true
global_termination_time: 924273.881
local_termination_time: 643448.69736
node_cons: 18966.771980000103
tot_aggregated_send: 13166
tot_msg_rcv: 345
tot_msg_sent: 482
tot_reconf_duration: 4.8100000000000005
tot_sleeping_duration: 910113.881
tot_uptimes: 237
tot_uptimes_duration: 14160.0
