comms_cons: 90.76006400079059
finished_reconf: true
global_termination_time: 923345.12
local_termination_time: 461112.5644400002
node_cons: 18975.598980000024
tot_aggregated_send: 13224
tot_msg_rcv: 173
tot_msg_sent: 398
tot_reconf_duration: 11.31
tot_sleeping_duration: 909185.12
tot_uptimes: 237
tot_uptimes_duration: 14160.0
