comms_cons: 10.875852800119294
finished_reconf: true
global_termination_time: 124390.515
local_termination_time: 5032.906
node_cons: 2500.817323360591
tot_aggregated_send: 981
tot_msg_rcv: 243
tot_msg_sent: 430
tot_reconf_duration: 7.55
tot_sleeping_duration: 122530.49675999956
tot_uptimes: 32
tot_uptimes_duration: 1860.0182400004414
