comms_cons: 153.70396158661185
finished_reconf: true
global_termination_time: 1490263.161
local_termination_time: 545934.2123199996
node_cons: 30616.115042231162
tot_aggregated_send: 19836
tot_msg_rcv: 1262
tot_msg_sent: 2264
tot_reconf_duration: 4.8100000000000005
tot_sleeping_duration: 1467403.1288400067
tot_uptimes: 382
tot_uptimes_duration: 22860.03215999331
