comms_cons: 151.34655359211854
finished_reconf: true
global_termination_time: 1489809.301
local_termination_time: 474026.14436000003
node_cons: 30615.526043355083
tot_aggregated_send: 20706
tot_msg_rcv: 903
tot_msg_sent: 1393
tot_reconf_duration: 4.390000000000001
tot_sleeping_duration: 1466949.2827600036
tot_uptimes: 382
tot_uptimes_duration: 22860.018239996338
