comms_cons: 704.340429734344
finished_reconf: true
global_termination_time: 3572011.649
local_termination_time: 2431820.3596
node_cons: 73461.51869999817
tot_aggregated_send: 0
tot_msg_rcv: 54061
tot_msg_sent: 52994
tot_reconf_duration: 22.65
tot_sleeping_duration: 3517171.649
tot_uptimes: 915
tot_uptimes_duration: 54840.0
