comms_cons: 363.0140544585277
finished_reconf: true
global_termination_time: 3567631.731399999
local_termination_time: 3567631.690279999
node_cons: 73442.20624924828
tot_aggregated_send: 48984
tot_msg_rcv: 2208
tot_msg_sent: 3982
tot_reconf_duration: 37.410000000000004
tot_sleeping_duration: 3512821.1238800213
tot_uptimes: 914
tot_uptimes_duration: 54810.607519977784
