comms_cons: 364.9456000809013
finished_reconf: true
global_termination_time: 3572221.698
local_termination_time: 900983.1904799998
node_cons: 73435.00776893448
tot_aggregated_send: 48256
tot_msg_rcv: 2448
tot_msg_sent: 4766
tot_reconf_duration: 3.08
tot_sleeping_duration: 3517381.649360018
tot_uptimes: 915
tot_uptimes_duration: 54840.04863998224
