comms_cons: 359.3762688384339
finished_reconf: true
global_termination_time: 3568657.318
local_termination_time: 1018375.663
node_cons: 73362.83208558339
tot_aggregated_send: 49814
tot_msg_rcv: 1670
tot_msg_sent: 3138
tot_reconf_duration: 9.11
tot_sleeping_duration: 3513877.287600011
tot_uptimes: 914
tot_uptimes_duration: 54780.03039998887
