comms_cons: 43.40956160047879
finished_reconf: true
global_termination_time: 439442.689
local_termination_time: 347862.9250000004
node_cons: 9004.04161999995
tot_aggregated_send: 6264
tot_msg_rcv: 106
tot_msg_sent: 228
tot_reconf_duration: 4.390000000000001
tot_sleeping_duration: 432722.689
tot_uptimes: 113
tot_uptimes_duration: 6720.0
