comms_cons: 318.6697856186985
finished_reconf: true
global_termination_time: 3236549.123
local_termination_time: 1083932.97736
node_cons: 66546.28174446587
tot_aggregated_send: 45298
tot_msg_rcv: 1126
tot_msg_sent: 2012
tot_reconf_duration: 18.21
tot_sleeping_duration: 3186869.0986800096
tot_uptimes: 829
tot_uptimes_duration: 49680.02431999054
