comms_cons: 320.59000320336844
finished_reconf: true
global_termination_time: 3240266.028
local_termination_time: 837261.5963599999
node_cons: 66622.69171999853
tot_aggregated_send: 46342
tot_msg_rcv: 831
tot_msg_sent: 1554
tot_reconf_duration: 15.34
tot_sleeping_duration: 3190526.028
tot_uptimes: 830
tot_uptimes_duration: 49740.0
