comms_cons: 13.704473599844526
finished_reconf: true
global_termination_time: 129065.40823999976
local_termination_time: 23520.4618
node_cons: 2734.2283515999825
tot_aggregated_send: 1450
tot_msg_rcv: 237
tot_msg_sent: 395
tot_reconf_duration: 18.21
tot_sleeping_duration: 127041.88383999976
tot_uptimes: 34
tot_uptimes_duration: 2023.5243999999875
