comms_cons: 16.73880319990033
finished_reconf: true
global_termination_time: 147983.092
local_termination_time: 5990.5946
node_cons: 3019.680448760591
tot_aggregated_send: 1160
tot_msg_rcv: 514
tot_msg_sent: 870
tot_reconf_duration: 25.299999999999997
tot_sleeping_duration: 145753.57515999957
tot_uptimes: 38
tot_uptimes_duration: 2229.5168400004404
