comms_cons: 19.331571199755714
finished_reconf: true
global_termination_time: 151789.852
local_termination_time: 56105.307360000006
node_cons: 3070.8537067183265
tot_aggregated_send: 1160
tot_msg_rcv: 735
tot_msg_sent: 1044
tot_reconf_duration: 13.17
tot_sleeping_duration: 149509.81552000126
tot_uptimes: 39
tot_uptimes_duration: 2280.036479998751
