comms_cons: 17.6591999999227
finished_reconf: true
global_termination_time: 150143.885
local_termination_time: 55101.62064000017
node_cons: 3060.3102222405814
tot_aggregated_send: 1508
tot_msg_rcv: 480
tot_msg_sent: 697
tot_reconf_duration: 5.43
tot_sleeping_duration: 147863.8728399996
tot_uptimes: 39
tot_uptimes_duration: 2280.012160000433
