comms_cons: 92.70648959772464
finished_reconf: true
global_termination_time: 922251.749
local_termination_time: 330550.31304000074
node_cons: 18966.226043355062
tot_aggregated_send: 12122
tot_msg_rcv: 631
tot_msg_sent: 1338
tot_reconf_duration: 4.390000000000001
tot_sleeping_duration: 908091.7307600036
tot_uptimes: 237
tot_uptimes_duration: 14160.018239996338
