comms_cons: 334.00248933971625
finished_reconf: true
global_termination_time: 1695320.726
local_termination_time: 448618.6354800005
node_cons: 34898.326841116825
tot_aggregated_send: 0
tot_msg_rcv: 25611
tot_msg_sent: 25155
tot_reconf_duration: 22.65
tot_sleeping_duration: 1669280.7199200024
tot_uptimes: 435
tot_uptimes_duration: 26040.006079997635
