comms_cons: 420.75460488222257
finished_reconf: true
global_termination_time: 4178612.005
local_termination_time: 250375.40236000007
node_cons: 85972.4177922851
tot_aggregated_send: 57884
tot_msg_rcv: 2085
tot_msg_sent: 3982
tot_reconf_duration: 6.279999999999999
tot_sleeping_duration: 4114411.9381200243
tot_uptimes: 1071
tot_uptimes_duration: 64200.06687997561
