comms_cons: 421.9871488799351
finished_reconf: true
global_termination_time: 4181759.516
local_termination_time: 1825494.459119999
node_cons: 85970.37268558292
tot_aggregated_send: 57536
tot_msg_rcv: 2076
tot_msg_sent: 4527
tot_reconf_duration: 4.8100000000000005
tot_sleeping_duration: 4117559.485600011
tot_uptimes: 1071
tot_uptimes_duration: 64200.03039998887
