comms_cons: 414.2527488337933
finished_reconf: true
global_termination_time: 4179818.708
local_termination_time: 2896543.0353599996
node_cons: 85979.96019999761
tot_aggregated_send: 60262
tot_msg_rcv: 915
tot_msg_sent: 1787
tot_reconf_duration: 11.899999999999999
tot_sleeping_duration: 4115618.708
tot_uptimes: 1071
tot_uptimes_duration: 64199.99999999999
