comms_cons: 422.95514885846455
finished_reconf: true
global_termination_time: 4179133.247
local_termination_time: 1044714.7589599998
node_cons: 85972.32217244807
tot_aggregated_send: 57478
tot_msg_rcv: 2273
tot_msg_sent: 4534
tot_reconf_duration: 6.22
tot_sleeping_duration: 4114933.1906800224
tot_uptimes: 1071
tot_uptimes_duration: 64200.05631997774
