comms_cons: 2.519833599991673
finished_reconf: true
global_termination_time: 16520.946
local_termination_time: 7053.96536
node_cons: 328.9240599999996
tot_aggregated_send: 0
tot_msg_rcv: 212
tot_msg_sent: 171
tot_reconf_duration: 5.57
tot_sleeping_duration: 16280.946
tot_uptimes: 5
tot_uptimes_duration: 240.0
