comms_cons: 3.026431999989998
finished_reconf: true
global_termination_time: 17976.822
local_termination_time: 8842.51436
node_cons: 328.7339399999979
tot_aggregated_send: 0
tot_msg_rcv: 289
tot_msg_sent: 171
tot_reconf_duration: 5.43
tot_sleeping_duration: 17736.822
tot_uptimes: 5
tot_uptimes_duration: 240.0
