comms_cons: 153.7673535946755
finished_reconf: true
global_termination_time: 1548856.613
local_termination_time: 171090.39056000023
node_cons: 31823.16824000005
tot_aggregated_send: 22156
tot_msg_rcv: 408
tot_msg_sent: 807
tot_reconf_duration: 6.279999999999999
tot_sleeping_duration: 1525096.613
tot_uptimes: 397
tot_uptimes_duration: 23760.0
