comms_cons: 305.7787197733504
finished_reconf: true
global_termination_time: 1549572.765
local_termination_time: 792.5403599999999
node_cons: 31845.43126447198
tot_aggregated_send: 0
tot_msg_rcv: 23513
tot_msg_sent: 22963
tot_reconf_duration: 22.65
tot_sleeping_duration: 1525812.7406800059
tot_uptimes: 397
tot_uptimes_duration: 23760.024319993972
