comms_cons: 155.11779839008216
finished_reconf: true
global_termination_time: 1550910.824
local_termination_time: 338169.3303600001
node_cons: 31910.338980000048
tot_aggregated_send: 22040
tot_msg_rcv: 561
tot_msg_sent: 976
tot_reconf_duration: 11.31
tot_sleeping_duration: 1527090.824
tot_uptimes: 398
tot_uptimes_duration: 23820.0
