comms_cons: 112.16947199247721
finished_reconf: true
global_termination_time: 1111565.695
local_termination_time: 315240.4007200006
node_cons: 22837.424284471996
tot_aggregated_send: 15080
tot_msg_rcv: 697
tot_msg_sent: 1273
tot_reconf_duration: 15.34
tot_sleeping_duration: 1094525.6706800063
tot_uptimes: 285
tot_uptimes_duration: 17040.024319993972
