comms_cons: 189.87031031489556
finished_reconf: true
global_termination_time: 1110338.389
local_termination_time: 252939.14124000093
node_cons: 22825.12894559339
tot_aggregated_send: 0
tot_msg_rcv: 14641
tot_msg_sent: 14217
tot_reconf_duration: 6.279999999999999
tot_sleeping_duration: 1093298.358600005
tot_uptimes: 285
tot_uptimes_duration: 17040.03039999504
