comms_cons: 190.59635191271417
finished_reconf: true
global_termination_time: 1110361.943
local_termination_time: 256058.93636000005
node_cons: 22823.53464671023
tot_aggregated_send: 0
tot_msg_rcv: 14749
tot_msg_sent: 14223
tot_reconf_duration: 5.1
tot_sleeping_duration: 1093321.9065200074
tot_uptimes: 285
tot_uptimes_duration: 17040.036479992676
