comms_cons: 113.76924159134094
finished_reconf: true
global_termination_time: 1112246.1
local_termination_time: 394005.57636000006
node_cons: 22834.4937067194
tot_aggregated_send: 14848
tot_msg_rcv: 824
tot_msg_sent: 1620
tot_reconf_duration: 13.17
tot_sleeping_duration: 1095206.0635200005
tot_uptimes: 285
tot_uptimes_duration: 17040.036479999544
