comms_cons: 164.0005119815205
finished_reconf: true
global_termination_time: 1603608.232
local_termination_time: 531942.377
node_cons: 32943.5907467011
tot_aggregated_send: 21460
tot_msg_rcv: 1137
tot_msg_sent: 2329
tot_reconf_duration: 3.05
tot_sleeping_duration: 1579008.1955200143
tot_uptimes: 411
tot_uptimes_duration: 24600.036479985807
