comms_cons: 21.573196799968013
finished_reconf: true
global_termination_time: 212069.954
local_termination_time: 20620.69696
node_cons: 4359.199861121434
tot_aggregated_send: 2784
tot_msg_rcv: 160
tot_msg_sent: 335
tot_reconf_duration: 15.34
tot_sleeping_duration: 208829.94791999893
tot_uptimes: 55
tot_uptimes_duration: 3240.0060800010688
