comms_cons: 65.59891200723065
finished_reconf: true
global_termination_time: 335154.828
local_termination_time: 1396.2343600000004
node_cons: 6853.637321121439
tot_aggregated_send: 0
tot_msg_rcv: 5051
tot_msg_sent: 4919
tot_reconf_duration: 18.21
tot_sleeping_duration: 330054.8219199989
tot_uptimes: 86
tot_uptimes_duration: 5100.006080001069
