comms_cons: 49.819219199875725
finished_reconf: true
global_termination_time: 12425.717600000022
local_termination_time: 1364.5728000000033
node_cons: 5447.077701200129
tot_aggregated_send: 0
tot_msg_rcv: 3916
tot_msg_sent: 3657
tot_reconf_duration: 18.21
tot_sleeping_duration: 8376.166799999928
tot_uptimes: 58
tot_uptimes_duration: 4049.5508000000937
