comms_cons: 2.4277247999919775
finished_reconf: true
global_termination_time: 19064.969
local_termination_time: 8786.90636
node_cons: 342.19172000000026
tot_aggregated_send: 0
tot_msg_rcv: 207
tot_msg_sent: 162
tot_reconf_duration: 15.34
tot_sleeping_duration: 18824.969
tot_uptimes: 5
tot_uptimes_duration: 240.0
