comms_cons: 2.2527999999916797
finished_reconf: true
global_termination_time: 15088.718
local_termination_time: 10658.35036
node_cons: 253.81236000000007
tot_aggregated_send: 0
tot_msg_rcv: 176
tot_msg_sent: 166
tot_reconf_duration: 9.42
tot_sleeping_duration: 14908.718
tot_uptimes: 4
tot_uptimes_duration: 180.0
