comms_cons: 2.2040319999963187
finished_reconf: true
global_termination_time: 12699.232
local_termination_time: 1355.1928000000032
node_cons: 251.63955999999993
tot_aggregated_send: 0
tot_msg_rcv: 166
tot_msg_sent: 169
tot_reconf_duration: 7.819999999999999
tot_sleeping_duration: 12519.232
tot_uptimes: 4
tot_uptimes_duration: 180.0
