comms_cons: 173.36849919556255
finished_reconf: true
global_termination_time: 1750416.367
local_termination_time: 910618.4104799998
node_cons: 36017.049179999856
tot_aggregated_send: 25230
tot_msg_rcv: 384
tot_msg_sent: 737
tot_reconf_duration: 18.21
tot_sleeping_duration: 1723536.367
tot_uptimes: 449
tot_uptimes_duration: 26880.0
