comms_cons: 175.29972478987264
finished_reconf: true
global_termination_time: 1752303.458
local_termination_time: 485459.66896000016
node_cons: 36023.09498223361
tot_aggregated_send: 24360
tot_msg_rcv: 676
tot_msg_sent: 1607
tot_reconf_duration: 22.65
tot_sleeping_duration: 1725423.4458400048
tot_uptimes: 449
tot_uptimes_duration: 26880.01215999527
