comms_cons: 177.32449918324264
finished_reconf: true
global_termination_time: 1752511.838
local_termination_time: 629780.0445599995
node_cons: 36000.87266335505
tot_aggregated_send: 24186
tot_msg_rcv: 967
tot_msg_sent: 1799
tot_reconf_duration: 6.279999999999999
tot_sleeping_duration: 1725631.8197600036
tot_uptimes: 449
tot_uptimes_duration: 26880.018239996338
