comms_cons: 175.772486392149
finished_reconf: true
global_termination_time: 1751437.321
local_termination_time: 417506.41976000037
node_cons: 35998.314184471776
tot_aggregated_send: 24708
tot_msg_rcv: 730
tot_msg_sent: 1278
tot_reconf_duration: 4.390000000000001
tot_sleeping_duration: 1724557.296680006
tot_uptimes: 449
tot_uptimes_duration: 26880.024319993972
