comms_cons: 843.3870713310454
finished_reconf: true
global_termination_time: 1748083.6850799997
local_termination_time: 1748083.6439599998
node_cons: 105740.68153779102
tot_aggregated_send: 0
tot_msg_rcv: 51917
tot_msg_sent: 76273
tot_reconf_duration: 24.59
tot_sleeping_duration: 1669138.734880004
tot_uptimes: 1295
tot_uptimes_duration: 78944.95019999545
