comms_cons: 349.24800002484363
finished_reconf: true
global_termination_time: 3470939.807
local_termination_time: 295358.5506000001
node_cons: 71376.3506700511
tot_aggregated_send: 48198
tot_msg_rcv: 1592
tot_msg_sent: 3293
tot_reconf_duration: 25.299999999999997
tot_sleeping_duration: 3417659.75228002
tot_uptimes: 889
tot_uptimes_duration: 53280.05471997964
