comms_cons: 347.27712001900625
finished_reconf: true
global_termination_time: 3470708.663
local_termination_time: 1912910.4274799998
node_cons: 71359.08782223254
tot_aggregated_send: 48836
tot_msg_rcv: 1287
tot_msg_sent: 2661
tot_reconf_duration: 12.629999999999999
tot_sleeping_duration: 3417428.650840005
tot_uptimes: 889
tot_uptimes_duration: 53280.0121599955
