comms_cons: 351.75988483440693
finished_reconf: true
global_termination_time: 3471987.547
local_termination_time: 1912926.4486
node_cons: 71447.66274111578
tot_aggregated_send: 47908
tot_msg_rcv: 1913
tot_msg_sent: 3643
tot_reconf_duration: 18.700000000000003
tot_sleeping_duration: 3418647.540920002
tot_uptimes: 890
tot_uptimes_duration: 53340.00607999787
