comms_cons: 61.79745280036994
finished_reconf: true
global_termination_time: 624241.143
local_termination_time: 63076.208480000016
node_cons: 12780.591980000014
tot_aggregated_send: 8932
tot_msg_rcv: 174
tot_msg_sent: 286
tot_reconf_duration: 4.8100000000000005
tot_sleeping_duration: 614701.143
tot_uptimes: 160
tot_uptimes_duration: 9540.0
