comms_cons: 142.85319679455486
finished_reconf: true
global_termination_time: 1439252.844
local_termination_time: 573285.8197999995
node_cons: 29583.004860000103
tot_aggregated_send: 20474
tot_msg_rcv: 380
tot_msg_sent: 858
tot_reconf_duration: 13.17
tot_sleeping_duration: 1417172.844
tot_uptimes: 369
tot_uptimes_duration: 22080.0
