comms_cons: 147.90410238090243
finished_reconf: true
global_termination_time: 1436498.635
local_termination_time: 64501.545
node_cons: 29491.3771089393
tot_aggregated_send: 19018
tot_msg_rcv: 1186
tot_msg_sent: 2278
tot_reconf_duration: 4.8100000000000005
tot_sleeping_duration: 1414478.5863600154
tot_uptimes: 368
tot_uptimes_duration: 22020.04863998451
