comms_cons: 248.6884351968081
finished_reconf: true
global_termination_time: 2417382.523
local_termination_time: 677416.1014799989
node_cons: 49739.07779228943
tot_aggregated_send: 32422
tot_msg_rcv: 1886
tot_msg_sent: 3492
tot_reconf_duration: 6.279999999999999
tot_sleeping_duration: 2380242.456120022
tot_uptimes: 620
tot_uptimes_duration: 37140.06687997765
