comms_cons: 238.55521279991376
finished_reconf: true
global_termination_time: 2416133.122
local_termination_time: 92057.22847999996
node_cons: 49654.30263999932
tot_aggregated_send: 35148
tot_msg_rcv: 417
tot_msg_sent: 694
tot_reconf_duration: 3.08
tot_sleeping_duration: 2379053.122
tot_uptimes: 619
tot_uptimes_duration: 37080.0
