comms_cons: 239.6013055999404
finished_reconf: true
global_termination_time: 2416481.923
local_termination_time: 969985.5495199991
node_cons: 49675.51459999925
tot_aggregated_send: 34858
tot_msg_rcv: 590
tot_msg_sent: 970
tot_reconf_duration: 18.700000000000003
tot_sleeping_duration: 2379401.923
tot_uptimes: 619
tot_uptimes_duration: 37080.0
