comms_cons: 478.21753592760723
finished_reconf: true
global_termination_time: 2414981.7198399967
local_termination_time: 1451.4386000000004
node_cons: 49724.13082204929
tot_aggregated_send: 0
tot_msg_rcv: 36793
tot_msg_sent: 35889
tot_reconf_duration: 11.31
tot_sleeping_duration: 2377857.917120019
tot_uptimes: 619
tot_uptimes_duration: 37123.80271997757
