comms_cons: 44.66479360045839
finished_reconf: true
global_termination_time: 448644.152
local_termination_time: 37213.64048000011
node_cons: 9175.911540000017
tot_aggregated_send: 6264
tot_msg_rcv: 188
tot_msg_sent: 337
tot_reconf_duration: 12.629999999999999
tot_sleeping_duration: 441804.152
tot_uptimes: 115
tot_uptimes_duration: 6840.0
