comms_cons: 44.93915520009388
finished_reconf: true
global_termination_time: 450332.284
local_termination_time: 20438.950999999997
node_cons: 9266.902336240011
tot_aggregated_send: 6320
tot_msg_rcv: 176
tot_msg_sent: 335
tot_reconf_duration: 18.700000000000003
tot_sleeping_duration: 443430.48584
tot_uptimes: 116
tot_uptimes_duration: 6901.798160000002
