comms_cons: 43.93900160020209
finished_reconf: true
global_termination_time: 447298.187
local_termination_time: 186347.22936000006
node_cons: 9174.920200000004
tot_aggregated_send: 6380
tot_msg_rcv: 77
tot_msg_sent: 221
tot_reconf_duration: 11.899999999999999
tot_sleeping_duration: 440458.187
tot_uptimes: 115
tot_uptimes_duration: 6840.0
