comms_cons: 209.159347188179
finished_reconf: true
global_termination_time: 2097442.04
local_termination_time: 1171912.67972
node_cons: 43151.108239999645
tot_aggregated_send: 29986
tot_msg_rcv: 650
tot_msg_sent: 1155
tot_reconf_duration: 6.279999999999999
tot_sleeping_duration: 2065222.04
tot_uptimes: 538
tot_uptimes_duration: 32220.0
