comms_cons: 609.3833786772589
finished_reconf: true
global_termination_time: 2096201.2455999998
local_termination_time: 2096201.2044799998
node_cons: 85322.87373051477
tot_aggregated_send: 0
tot_msg_rcv: 31088
tot_msg_sent: 61534
tot_reconf_duration: 24.59
tot_sleeping_duration: 2032504.844920002
tot_uptimes: 1051
tot_uptimes_duration: 63696.40067999766
