comms_cons: 204.50054398179836
finished_reconf: true
global_termination_time: 2100273.353
local_termination_time: 865467.8993599999
node_cons: 43153.24840670068
tot_aggregated_send: 28014
tot_msg_rcv: 1029
tot_msg_sent: 2040
tot_reconf_duration: 7.819999999999999
tot_sleeping_duration: 2068053.3165200143
tot_uptimes: 538
tot_uptimes_duration: 32220.036479985807
