comms_cons: 208.1401983913168
finished_reconf: true
global_termination_time: 2099778.076
local_termination_time: 1184733.12436
node_cons: 43163.41986111654
tot_aggregated_send: 29870
tot_msg_rcv: 617
tot_msg_sent: 1149
tot_reconf_duration: 15.34
tot_sleeping_duration: 2067558.0699200023
tot_uptimes: 538
tot_uptimes_duration: 32220.006079997635
