comms_cons: 75.32588799874006
finished_reconf: true
global_termination_time: 755367.94
local_termination_time: 125344.45835999944
node_cons: 15513.6376741607
tot_aggregated_send: 10730
tot_msg_rcv: 259
tot_msg_sent: 460
tot_reconf_duration: 5.1
tot_sleeping_duration: 743787.1245599994
tot_uptimes: 194
tot_uptimes_duration: 11580.8154400005
