comms_cons: 166.20079998463743
finished_reconf: true
global_termination_time: 1602280.32
local_termination_time: 192215.56036000006
node_cons: 32960.34569565868
tot_aggregated_send: 20996
tot_msg_rcv: 1478
tot_msg_sent: 2790
tot_reconf_duration: 15.34
tot_sleeping_duration: 1577680.234880016
tot_uptimes: 411
tot_uptimes_duration: 24600.085119984054
