comms_cons: 159.53530879571218
finished_reconf: true
global_termination_time: 1602622.156
local_termination_time: 433891.9853600005
node_cons: 32973.75740000003
tot_aggregated_send: 22852
tot_msg_rcv: 492
tot_msg_sent: 904
tot_reconf_duration: 25.299999999999997
tot_sleeping_duration: 1578022.156
tot_uptimes: 411
tot_uptimes_duration: 24600.0
