comms_cons: 160.07193599171876
finished_reconf: true
global_termination_time: 1607795.358
local_termination_time: 467911.75360000005
node_cons: 33037.62486000002
tot_aggregated_send: 22794
tot_msg_rcv: 504
tot_msg_sent: 1032
tot_reconf_duration: 13.17
tot_sleeping_duration: 1583135.358
tot_uptimes: 412
tot_uptimes_duration: 24660.0
