comms_cons: 158.07843839451644
finished_reconf: true
global_termination_time: 1602575.327
local_termination_time: 554112.3274399985
node_cons: 32959.91938000003
tot_aggregated_send: 23142
tot_msg_rcv: 260
tot_msg_sent: 624
tot_reconf_duration: 15.110000000000001
tot_sleeping_duration: 1577975.327
tot_uptimes: 411
tot_uptimes_duration: 24600.0
