comms_cons: 163.8572479865745
finished_reconf: true
global_termination_time: 1602156.48236
local_termination_time: 181957.01860000103
node_cons: 32970.202533740376
tot_aggregated_send: 21634
tot_msg_rcv: 1106
tot_msg_sent: 2165
tot_reconf_duration: 4.390000000000001
tot_sleeping_duration: 1577537.9305200148
tot_uptimes: 411
tot_uptimes_duration: 24618.551839985303
