comms_cons: 85.79315839850608
finished_reconf: true
global_termination_time: 869655.707
local_termination_time: 353928.6123600001
node_cons: 17839.63004111692
tot_aggregated_send: 12006
tot_msg_rcv: 329
tot_msg_sent: 705
tot_reconf_duration: 3.05
tot_sleeping_duration: 856335.7009200024
tot_uptimes: 223
tot_uptimes_duration: 13320.006079997635
