comms_cons: 198.64894717832644
finished_reconf: true
global_termination_time: 1989377.3372400003
local_termination_time: 176141.95836000005
node_cons: 40978.83011941161
tot_aggregated_send: 26796
tot_msg_rcv: 1227
tot_msg_sent: 2168
tot_reconf_duration: 18.21
tot_sleeping_duration: 1958791.7502800212
tot_uptimes: 510
tot_uptimes_duration: 30585.58695997903
