comms_cons: 196.5937023959201
finished_reconf: true
global_termination_time: 1992653.285
local_termination_time: 414514.308
node_cons: 40984.798741761115
tot_aggregated_send: 29055
tot_msg_rcv: 304
tot_msg_sent: 523
tot_reconf_duration: 5.57
tot_sleeping_duration: 1962050.421159999
tot_uptimes: 511
tot_uptimes_duration: 30602.863840001053
