comms_cons: 198.60329598621914
finished_reconf: true
global_termination_time: 1990218.647
local_termination_time: 687661.7330799997
node_cons: 40899.61640335027
tot_aggregated_send: 27028
tot_msg_rcv: 1131
tot_msg_sent: 2027
tot_reconf_duration: 4.8100000000000005
tot_sleeping_duration: 1959678.6287600072
tot_uptimes: 510
tot_uptimes_duration: 30540.018239992904
