comms_cons: 203.84263037792812
finished_reconf: true
global_termination_time: 1992061.943
local_termination_time: 205018.1
node_cons: 40978.30170215093
tot_aggregated_send: 27084
tot_msg_rcv: 1393
tot_msg_sent: 2506
tot_reconf_duration: 3.05
tot_sleeping_duration: 1961461.3755600066
tot_uptimes: 511
tot_uptimes_duration: 30600.567439993465
