comms_cons: 48.53475840014112
finished_reconf: true
global_termination_time: 494959.932
local_termination_time: 118805.41283999966
node_cons: 10131.368240000013
tot_aggregated_send: 7134
tot_msg_rcv: 74
tot_msg_sent: 169
tot_reconf_duration: 6.279999999999999
tot_sleeping_duration: 487399.932
tot_uptimes: 127
tot_uptimes_duration: 7560.000000000001
