comms_cons: 48.679500800221554
finished_reconf: true
global_termination_time: 494694.621
local_termination_time: 118804.95347999941
node_cons: 10133.53271384064
tot_aggregated_send: 7134
tot_msg_rcv: 94
tot_msg_sent: 171
tot_reconf_duration: 5.57
tot_sleeping_duration: 487132.2844399995
tot_uptimes: 127
tot_uptimes_duration: 7562.336560000476
