comms_cons: 49.474611200255445
finished_reconf: true
global_termination_time: 498933.904
local_termination_time: 40232.54860000002
node_cons: 10207.362640000007
tot_aggregated_send: 7134
tot_msg_rcv: 155
tot_msg_sent: 230
tot_reconf_duration: 3.08
tot_sleeping_duration: 491313.904
tot_uptimes: 128
tot_uptimes_duration: 7620.0
