comms_cons: 49.469004800188
finished_reconf: true
global_termination_time: 499228.132
local_termination_time: 76592.16147999995
node_cons: 10223.699380000015
tot_aggregated_send: 7076
tot_msg_rcv: 167
tot_msg_sent: 276
tot_reconf_duration: 15.110000000000001
tot_sleeping_duration: 491608.132
tot_uptimes: 128
tot_uptimes_duration: 7620.0
