comms_cons: 49.755750400415735
finished_reconf: true
global_termination_time: 497965.43
local_termination_time: 16407.861840000005
node_cons: 10207.321900000017
tot_aggregated_send: 7076
tot_msg_rcv: 197
tot_msg_sent: 288
tot_reconf_duration: 3.05
tot_sleeping_duration: 490345.43
tot_uptimes: 128
tot_uptimes_duration: 7620.0
