comms_cons: 53.99400960026197
finished_reconf: true
global_termination_time: 549958.348
local_termination_time: 364692.7947600009
node_cons: 11283.929954641246
tot_aggregated_send: 7888
tot_msg_rcv: 95
tot_msg_sent: 224
tot_reconf_duration: 18.21
tot_sleeping_duration: 541549.684239999
tot_uptimes: 141
tot_uptimes_duration: 8408.663760000898
