comms_cons: 360.93991044840214
finished_reconf: true
global_termination_time: 3579436.856
local_termination_time: 1458729.1473599998
node_cons: 73612.00008558352
tot_aggregated_send: 50054
tot_msg_rcv: 1739
tot_msg_sent: 3067
tot_reconf_duration: 15.110000000000001
tot_sleeping_duration: 3524476.825600011
tot_uptimes: 917
tot_uptimes_duration: 54960.030399989104
