comms_cons: 358.96898564464243
finished_reconf: true
global_termination_time: 3582556.932
local_termination_time: 1674552.5038799983
node_cons: 73689.9616076673
tot_aggregated_send: 50228
tot_msg_rcv: 1379
tot_msg_sent: 2956
tot_reconf_duration: 10.95
tot_sleeping_duration: 3527534.458880008
tot_uptimes: 918
tot_uptimes_duration: 55022.4731199916
