comms_cons: 354.0148672235628
finished_reconf: true
global_termination_time: 3580316.824
local_termination_time: 2599810.7743599997
node_cons: 73607.61648223214
tot_aggregated_send: 51620
tot_msg_rcv: 689
tot_msg_sent: 1499
tot_reconf_duration: 11.899999999999999
tot_sleeping_duration: 3525356.8118400043
tot_uptimes: 917
tot_uptimes_duration: 54960.0121599955
