comms_cons: 361.0993920429875
finished_reconf: true
global_termination_time: 3578298.582
local_termination_time: 846672.8631999997
node_cons: 73597.45046669993
tot_aggregated_send: 49532
tot_msg_rcv: 1755
tot_msg_sent: 3598
tot_reconf_duration: 4.390000000000001
tot_sleeping_duration: 3523338.5455200137
tot_uptimes: 917
tot_uptimes_duration: 54960.03647998627
