comms_cons: 360.82306562187307
finished_reconf: true
global_termination_time: 3579812.372
local_termination_time: 806992.15036
node_cons: 73595.63074669997
tot_aggregated_send: 49764
tot_msg_rcv: 1709
tot_msg_sent: 3370
tot_reconf_duration: 3.05
tot_sleeping_duration: 3524852.3355200137
tot_uptimes: 917
tot_uptimes_duration: 54960.03647998627
