comms_cons: 362.6855168383041
finished_reconf: true
global_termination_time: 3581265.16
local_termination_time: 292102.85292000027
node_cons: 73679.23535117244
tot_aggregated_send: 49416
tot_msg_rcv: 1929
tot_msg_sent: 3781
tot_reconf_duration: 5.43
tot_sleeping_duration: 3526245.0992000196
tot_uptimes: 918
tot_uptimes_duration: 55020.06079998071
