comms_cons: 38.00803840005017
finished_reconf: true
global_termination_time: 388499.51892000035
local_termination_time: 388484.16332000017
node_cons: 8006.640254880445
tot_aggregated_send: 5742
tot_msg_rcv: 19
tot_msg_sent: 16
tot_reconf_duration: 6.279999999999999
tot_sleeping_duration: 382526.321
tot_uptimes: 100
tot_uptimes_duration: 5973.197920000355
