comms_cons: 259.07636479243985
finished_reconf: true
global_termination_time: 2612107.644
local_termination_time: 731331.6941599983
node_cons: 53673.69268558338
tot_aggregated_send: 36308
tot_msg_rcv: 962
tot_msg_sent: 2108
tot_reconf_duration: 4.8100000000000005
tot_sleeping_duration: 2572027.6136000114
tot_uptimes: 669
tot_uptimes_duration: 40080.03039998817
