comms_cons: 75.20025599939126
finished_reconf: true
global_termination_time: 760167.808
local_termination_time: 8595.956360000002
node_cons: 15593.524060000025
tot_aggregated_send: 10846
tot_msg_rcv: 183
tot_msg_sent: 401
tot_reconf_duration: 5.57
tot_sleeping_duration: 748527.808
tot_uptimes: 195
tot_uptimes_duration: 11640.0
