comms_cons: 353.43555204495516
finished_reconf: true
global_termination_time: 3496727.531
local_termination_time: 14591.32448
node_cons: 71911.33163452367
tot_aggregated_send: 48488
tot_msg_rcv: 1798
tot_msg_sent: 3434
tot_reconf_duration: 5.1
tot_sleeping_duration: 3443027.451960026
tot_uptimes: 896
tot_uptimes_duration: 53700.07903997408
