comms_cons: 353.36442885136785
finished_reconf: true
global_termination_time: 3497680.057
local_termination_time: 1550420.3495999987
node_cons: 71924.89265005125
tot_aggregated_send: 48488
tot_msg_rcv: 1801
tot_msg_sent: 3419
tot_reconf_duration: 15.110000000000001
tot_sleeping_duration: 3443980.00228002
tot_uptimes: 896
tot_uptimes_duration: 53700.054719979875
