comms_cons: 347.9921920234216
finished_reconf: true
global_termination_time: 3500364.905
local_termination_time: 2039896.2967999994
node_cons: 72000.80019999854
tot_aggregated_send: 49996
tot_msg_rcv: 933
tot_msg_sent: 1963
tot_reconf_duration: 11.899999999999999
tot_sleeping_duration: 3446604.905
tot_uptimes: 897
tot_uptimes_duration: 53760.0
