comms_cons: 350.802726450288
finished_reconf: true
global_termination_time: 3498153.309
local_termination_time: 1201490.9913599999
node_cons: 71914.95212446673
tot_aggregated_send: 49010
tot_msg_rcv: 1407
tot_msg_sent: 2901
tot_reconf_duration: 7.819999999999999
tot_sleeping_duration: 3444453.2846800084
tot_uptimes: 896
tot_uptimes_duration: 53700.02431999124
