comms_cons: 35.981644800606375
finished_reconf: true
global_termination_time: 362740.983
local_termination_time: 299743.45848000003
node_cons: 7399.8082399999685
tot_aggregated_send: 5046
tot_msg_rcv: 138
tot_msg_sent: 285
tot_reconf_duration: 6.279999999999999
tot_sleeping_duration: 357220.983
tot_uptimes: 93
tot_uptimes_duration: 5520.0
