comms_cons: 35.85006080035838
finished_reconf: true
global_termination_time: 365930.832
local_termination_time: 201869.157
node_cons: 7510.235312882868
tot_aggregated_send: 5199
tot_msg_rcv: 76
tot_msg_sent: 174
tot_reconf_duration: 25.299999999999997
tot_sleeping_duration: 360347.6520799979
tot_uptimes: 94
tot_uptimes_duration: 5583.179920002118
