comms_cons: 35.83032319979777
finished_reconf: true
global_termination_time: 362712.142
local_termination_time: 91696.64195999992
node_cons: 7399.7267600000105
tot_aggregated_send: 5220
tot_msg_rcv: 115
tot_msg_sent: 111
tot_reconf_duration: 6.22
tot_sleeping_duration: 357192.142
tot_uptimes: 93
tot_uptimes_duration: 5520.0
