comms_cons: 105.50862081140248
finished_reconf: true
global_termination_time: 360605.753600001
local_termination_time: 360605.753600001
node_cons: 14751.086168401389
tot_aggregated_send: 0
tot_msg_rcv: 5423
tot_msg_sent: 10613
tot_reconf_duration: 24.59
tot_sleeping_duration: 349614.198
tot_uptimes: 181
tot_uptimes_duration: 10991.555600001011
