comms_cons: 158.37756159198537
finished_reconf: true
global_termination_time: 1574309.903
local_termination_time: 4849.630999999999
node_cons: 32411.534852317593
tot_aggregated_send: 21435
tot_msg_rcv: 943
tot_msg_sent: 1696
tot_reconf_duration: 25.35
tot_sleeping_duration: 1550129.8361200017
tot_uptimes: 404
tot_uptimes_duration: 24180.066879998165
