comms_cons: 149.16926079160422
finished_reconf: true
global_termination_time: 1576298.572
local_termination_time: 6620.3949999999995
node_cons: 32382.204788934712
tot_aggregated_send: 21455
tot_msg_rcv: 316
tot_msg_sent: 901
tot_reconf_duration: 3.77
tot_sleeping_duration: 1552118.5233600189
tot_uptimes: 404
tot_uptimes_duration: 24180.048639981076
