comms_cons: 92.7482367936422
finished_reconf: true
global_termination_time: 907407.011
local_termination_time: 48225.91836000001
node_cons: 18656.805565592244
tot_aggregated_send: 12180
tot_msg_rcv: 647
tot_msg_sent: 1271
tot_reconf_duration: 13.17
tot_sleeping_duration: 893486.9806000058
tot_uptimes: 233
tot_uptimes_duration: 13920.03039999419
