comms_cons: 92.33907199511933
finished_reconf: true
global_termination_time: 909491.884
local_termination_time: 453198.2148400006
node_cons: 18659.736143350558
tot_aggregated_send: 11948
tot_msg_rcv: 728
tot_msg_sent: 1359
tot_reconf_duration: 15.34
tot_sleeping_duration: 895571.8657600071
tot_uptimes: 233
tot_uptimes_duration: 13920.018239992904
