comms_cons: 51.06775039998141
finished_reconf: true
global_termination_time: 514424.516
local_termination_time: 94300.25135999998
node_cons: 10549.27732111918
tot_aggregated_send: 7308
tot_msg_rcv: 180
tot_msg_sent: 274
tot_reconf_duration: 18.21
tot_sleeping_duration: 506564.5099200006
tot_uptimes: 132
tot_uptimes_duration: 7860.00607999937
