comms_cons: 51.56617600024699
finished_reconf: true
global_termination_time: 513785.683240001
local_termination_time: 513785.683240001
node_cons: 10639.28636448273
tot_aggregated_send: 7239
tot_msg_rcv: 192
tot_msg_sent: 405
tot_reconf_duration: 21.23
tot_sleeping_duration: 505861.51891999895
tot_uptimes: 132
tot_uptimes_duration: 7924.164320002019
