comms_cons: 463.01240964595524
finished_reconf: true
global_termination_time: 4663103.70848
local_termination_time: 4663103.667359999
node_cons: 95977.72794207191
tot_aggregated_send: 67092
tot_msg_rcv: 1126
tot_msg_sent: 2156
tot_reconf_duration: 24.59
tot_sleeping_duration: 4591449.985760003
tot_uptimes: 1195
tot_uptimes_duration: 71653.72271999618
