comms_cons: 467.82780170623494
finished_reconf: true
global_termination_time: 4664850.174
local_termination_time: 1232144.984
node_cons: 95937.66532829932
tot_aggregated_send: 64202
tot_msg_rcv: 2316
tot_msg_sent: 4590
tot_reconf_duration: 7.819999999999999
tot_sleeping_duration: 4593209.363120013
tot_uptimes: 1195
tot_uptimes_duration: 71640.8108799865
