comms_cons: 466.12316165952944
finished_reconf: true
global_termination_time: 4664163.459
local_termination_time: 1462921.075
node_cons: 95944.06435845578
tot_aggregated_send: 63626
tot_msg_rcv: 2437
tot_msg_sent: 4785
tot_reconf_duration: 11.31
tot_sleeping_duration: 4592521.408680015
tot_uptimes: 1195
tot_uptimes_duration: 71642.05031998386
