comms_cons: 170.81984638846583
finished_reconf: true
global_termination_time: 1696015.865
local_termination_time: 72115.51035999996
node_cons: 34875.17290670554
tot_aggregated_send: 23606
tot_msg_rcv: 787
tot_msg_sent: 1569
tot_reconf_duration: 5.57
tot_sleeping_duration: 1669975.8285200107
tot_uptimes: 435
tot_uptimes_duration: 26040.03647998924
