comms_cons: 186.7421439927423
finished_reconf: true
global_termination_time: 1896195.968
local_termination_time: 411124.24036000005
node_cons: 38971.45672471896
tot_aggregated_send: 26970
tot_msg_rcv: 429
tot_msg_sent: 984
tot_reconf_duration: 4.8100000000000005
tot_sleeping_duration: 1867095.9495200007
tot_uptimes: 486
tot_uptimes_duration: 29100.018479999388
