comms_cons: 190.71687678745556
finished_reconf: true
global_termination_time: 1897414.172
local_termination_time: 15776.97236
node_cons: 38969.09074671457
tot_aggregated_send: 26274
tot_msg_rcv: 850
tot_msg_sent: 1863
tot_reconf_duration: 3.05
tot_sleeping_duration: 1868314.1355200037
tot_uptimes: 486
tot_uptimes_duration: 29100.03647999611
