comms_cons: 165.18300159946656
finished_reconf: true
global_termination_time: 1709513.107
local_termination_time: 5988.173
node_cons: 35127.36928111678
tot_aggregated_send: 24876
tot_msg_rcv: 45
tot_msg_sent: 185
tot_reconf_duration: 13.83
tot_sleeping_duration: 1683293.1009200024
tot_uptimes: 438
tot_uptimes_duration: 26220.006079997635
