comms_cons: 167.21820159428444
finished_reconf: true
global_termination_time: 1709819.216
local_termination_time: 5414.113
node_cons: 35134.36841999995
tot_aggregated_send: 24341
tot_msg_rcv: 358
tot_msg_sent: 717
tot_reconf_duration: 18.990000000000002
tot_sleeping_duration: 1683599.216
tot_uptimes: 438
tot_uptimes_duration: 26220.0
