comms_cons: 168.37551359153576
finished_reconf: true
global_termination_time: 1707731.044
local_termination_time: 7321.842
node_cons: 35113.69965999995
tot_aggregated_send: 24123
tot_msg_rcv: 589
tot_msg_sent: 880
tot_reconf_duration: 3.77
tot_sleeping_duration: 1681511.044
tot_uptimes: 438
tot_uptimes_duration: 26220.0
