comms_cons: 128.7950463967314
finished_reconf: true
global_termination_time: 1307333.918
local_termination_time: 128083.84235999998
node_cons: 26854.39986112149
tot_aggregated_send: 18850
tot_msg_rcv: 217
tot_msg_sent: 509
tot_reconf_duration: 15.34
tot_sleeping_duration: 1287293.9119199992
tot_uptimes: 335
tot_uptimes_duration: 20040.00608000107
