comms_cons: 129.23585279564534
finished_reconf: true
global_termination_time: 1309219.589
local_termination_time: 388316.58436000097
node_cons: 26922.79954304132
tot_aggregated_send: 18908
tot_msg_rcv: 217
tot_msg_sent: 519
tot_reconf_duration: 5.43
tot_sleeping_duration: 1289118.4496399988
tot_uptimes: 336
tot_uptimes_duration: 20101.13936000096
