comms_cons: 141.63203199118874
finished_reconf: true
global_termination_time: 1402776.505
local_termination_time: 191377.0034000004
node_cons: 28854.496508957716
tot_aggregated_send: 18734
tot_msg_rcv: 977
tot_msg_sent: 1816
tot_reconf_duration: 9.11
tot_sleeping_duration: 1381236.4563600016
tot_uptimes: 360
tot_uptimes_duration: 21540.048639998247
