comms_cons: 142.13606399337783
finished_reconf: true
global_termination_time: 1398741.332
local_termination_time: 204056.79136000006
node_cons: 28787.171587831683
tot_aggregated_send: 19314
tot_msg_rcv: 847
tot_msg_sent: 1442
tot_reconf_duration: 18.700000000000003
tot_sleeping_duration: 1377261.2894400063
tot_uptimes: 359
tot_uptimes_duration: 21480.042559993744
