comms_cons: 142.3027775925993
finished_reconf: true
global_termination_time: 1399833.098
local_termination_time: 309398.1608400006
node_cons: 28776.62266447659
tot_aggregated_send: 19024
tot_msg_rcv: 937
tot_msg_sent: 1668
tot_reconf_duration: 10.95
tot_sleeping_duration: 1378353.0736800027
tot_uptimes: 359
tot_uptimes_duration: 21480.024319997407
