comms_cons: 81.48997119608899
finished_reconf: true
global_termination_time: 797465.8248399998
local_termination_time: 127957.14119999988
node_cons: 16418.27104335313
tot_aggregated_send: 10846
tot_msg_rcv: 540
tot_msg_sent: 1000
tot_reconf_duration: 3.05
tot_sleeping_duration: 785207.3266000049
tot_uptimes: 205
tot_uptimes_duration: 12258.498239994864
