comms_cons: 81.44799999903766
finished_reconf: true
global_termination_time: 797650.38
local_termination_time: 146947.07176000086
node_cons: 16400.020265607145
tot_aggregated_send: 10672
tot_msg_rcv: 544
tot_msg_sent: 1162
tot_reconf_duration: 7.819999999999999
tot_sleeping_duration: 785410.3495999947
tot_uptimes: 205
tot_uptimes_duration: 12240.030400005344
