comms_cons: 80.5299007970578
finished_reconf: true
global_termination_time: 799294.33
local_termination_time: 238886.58036000005
node_cons: 16397.82304223369
tot_aggregated_send: 11136
tot_msg_rcv: 409
tot_msg_sent: 695
tot_reconf_duration: 6.22
tot_sleeping_duration: 787054.3178400047
tot_uptimes: 205
tot_uptimes_duration: 12240.012159995269
