comms_cons: 196.50222077959
finished_reconf: true
global_termination_time: 1928665.266
local_termination_time: 216426.89536000008
node_cons: 39642.01810558854
tot_aggregated_send: 26216
tot_msg_rcv: 1290
tot_msg_sent: 2361
tot_reconf_duration: 25.299999999999997
tot_sleeping_duration: 1899085.2356000084
tot_uptimes: 494
tot_uptimes_duration: 29580.030399991607
