comms_cons: 189.11157759243275
finished_reconf: true
global_termination_time: 1925894.5
local_termination_time: 1080145.2731599982
node_cons: 39618.24770111668
tot_aggregated_send: 27028
tot_msg_rcv: 519
tot_msg_sent: 1196
tot_reconf_duration: 7.819999999999999
tot_sleeping_duration: 1896314.4939200024
tot_uptimes: 494
tot_uptimes_duration: 29580.006079997635
