comms_cons: 194.5269887813764
finished_reconf: true
global_termination_time: 1895171.095
local_termination_time: 346233.6042800008
node_cons: 38973.48522782677
tot_aggregated_send: 25172
tot_msg_rcv: 1430
tot_msg_sent: 2964
tot_reconf_duration: 6.279999999999999
tot_sleeping_duration: 1866071.0524400095
tot_uptimes: 486
tot_uptimes_duration: 29100.04255999031
