comms_cons: 184.2110207986373
finished_reconf: true
global_termination_time: 1896716.07
local_termination_time: 1455629.49236
node_cons: 38990.29460000003
tot_aggregated_send: 27608
tot_msg_rcv: 83
tot_msg_sent: 308
tot_reconf_duration: 18.700000000000003
tot_sleeping_duration: 1867616.07
tot_uptimes: 486
tot_uptimes_duration: 29100.0
