comms_cons: 65.35119360430775
finished_reconf: true
global_termination_time: 584688.3442400005
local_termination_time: 26577.355480000002
node_cons: 12074.08445954408
tot_aggregated_send: 4466
tot_msg_rcv: 2259
tot_msg_sent: 3213
tot_reconf_duration: 18.21
tot_sleeping_duration: 575689.5725599825
tot_uptimes: 150
tot_uptimes_duration: 8998.771680017977
