comms_cons: 45.95181440105203
finished_reconf: true
global_termination_time: 467331.532
local_termination_time: 212377.2550800006
node_cons: 9585.197321121432
tot_aggregated_send: 5278
tot_msg_rcv: 605
tot_msg_sent: 1099
tot_reconf_duration: 18.21
tot_sleeping_duration: 460191.52591999894
tot_uptimes: 120
tot_uptimes_duration: 7140.006080001069
