comms_cons: 46.27712000060409
finished_reconf: true
global_termination_time: 463931.6344400002
local_termination_time: 463931.5933200002
node_cons: 9543.13125728175
tot_aggregated_send: 6366
tot_msg_rcv: 185
tot_msg_sent: 482
tot_reconf_duration: 24.59
tot_sleeping_duration: 456829.51491999894
tot_uptimes: 119
tot_uptimes_duration: 7102.119520001288
