comms_cons: 47.34080640058822
finished_reconf: true
global_termination_time: 465549.683
local_termination_time: 240033.77336000008
node_cons: 9566.429761121462
tot_aggregated_send: 6264
tot_msg_rcv: 295
tot_msg_sent: 637
tot_reconf_duration: 4.390000000000001
tot_sleeping_duration: 458409.67691999895
tot_uptimes: 120
tot_uptimes_duration: 7140.006080001069
