comms_cons: 0.7368703999996062
finished_reconf: true
global_termination_time: 5463.23
local_termination_time: 505.92335999999995
node_cons: 96.50020000000005
tot_aggregated_send: 0
tot_msg_rcv: 65
tot_msg_sent: 47
tot_reconf_duration: 11.899999999999999
tot_sleeping_duration: 5403.23
tot_uptimes: 2
tot_uptimes_duration: 60.0
