comms_cons: 126.6304895959955
finished_reconf: true
global_termination_time: 1281535.5970000003
local_termination_time: 857450.4393599998
node_cons: 26395.60673111714
tot_aggregated_send: 18154
tot_msg_rcv: 342
tot_msg_sent: 751
tot_reconf_duration: 5.57
tot_sleeping_duration: 1261828.3209200024
tot_uptimes: 329
tot_uptimes_duration: 19707.276079997886
