comms_cons: 130.97486718674793
finished_reconf: true
global_termination_time: 1282241.971
local_termination_time: 177377.50636000006
node_cons: 26358.108967827062
tot_aggregated_send: 16762
tot_msg_rcv: 875
tot_msg_sent: 2270
tot_reconf_duration: 4.8100000000000005
tot_sleeping_duration: 1262561.9284400097
tot_uptimes: 329
tot_uptimes_duration: 19680.04255999031
