comms_cons: 682.3689729303699
finished_reconf: true
global_termination_time: 6901297.729
local_termination_time: 2448024.65836
node_cons: 141981.68499004943
tot_aggregated_send: 95584
tot_msg_rcv: 2591
tot_msg_sent: 5540
tot_reconf_duration: 15.34
tot_sleeping_duration: 6795277.6742800195
tot_uptimes: 1768
tot_uptimes_duration: 106020.0547199808
