comms_cons: 678.6122049424357
finished_reconf: true
global_termination_time: 6898252.733
local_termination_time: 2681242.28236
node_cons: 141965.00334558115
tot_aggregated_send: 95352
tot_msg_rcv: 2492
tot_msg_sent: 5301
tot_reconf_duration: 3.08
tot_sleeping_duration: 6792232.702600011
tot_uptimes: 1767
tot_uptimes_duration: 106020.03039998934
