comms_cons: 695.740512153247
finished_reconf: true
global_termination_time: 6902273.067
local_termination_time: 606020.70636
node_cons: 141991.59595561554
tot_aggregated_send: 96222
tot_msg_rcv: 3340
tot_msg_sent: 6187
tot_reconf_duration: 22.65
tot_sleeping_duration: 6796253.024240014
tot_uptimes: 1768
tot_uptimes_duration: 106020.0427599852
