comms_cons: 681.0334912895702
finished_reconf: true
global_termination_time: 6902375.184
local_termination_time: 4912749.037559999
node_cons: 141977.94782222915
tot_aggregated_send: 95816
tot_msg_rcv: 2655
tot_msg_sent: 5042
tot_reconf_duration: 12.629999999999999
tot_sleeping_duration: 6796355.171840005
tot_uptimes: 1768
tot_uptimes_duration: 106020.0121599955
