comms_cons: 679.2098240472944
finished_reconf: true
global_termination_time: 6903027.274
local_termination_time: 4984756.52208
node_cons: 141976.94019999457
tot_aggregated_send: 99238
tot_msg_rcv: 1336
tot_msg_sent: 2661
tot_reconf_duration: 11.899999999999999
tot_sleeping_duration: 6797007.274
tot_uptimes: 1768
tot_uptimes_duration: 106020.0
