comms_cons: 695.0042882245484
finished_reconf: true
global_termination_time: 6899026.965
local_termination_time: 1101428.4309599996
node_cons: 141886.47489004885
tot_aggregated_send: 94888
tot_msg_rcv: 3604
tot_msg_sent: 7144
tot_reconf_duration: 4.390000000000001
tot_sleeping_duration: 6793066.910280019
tot_uptimes: 1767
tot_uptimes_duration: 105960.05471998034
