comms_cons: 279.47617260642147
finished_reconf: true
global_termination_time: 1396431.34
local_termination_time: 2789.9013600000003
node_cons: 28712.195687836265
tot_aggregated_send: 0
tot_msg_rcv: 21777
tot_msg_sent: 20701
tot_reconf_duration: 22.65
tot_sleeping_duration: 1375011.297440003
tot_uptimes: 358
tot_uptimes_duration: 21420.04255999718
