comms_cons: 143.64799998360368
finished_reconf: true
global_termination_time: 1396802.582
local_termination_time: 1087.7924800000005
node_cons: 28687.374184475168
tot_aggregated_send: 18676
tot_msg_rcv: 1122
tot_msg_sent: 2034
tot_reconf_duration: 4.390000000000001
tot_sleeping_duration: 1375382.5576800036
tot_uptimes: 358
tot_uptimes_duration: 21420.02431999636
