comms_cons: 147.09619838308916
finished_reconf: true
global_termination_time: 1399427.435
local_termination_time: 60461.02360000002
node_cons: 28765.91074671024
tot_aggregated_send: 18270
tot_msg_rcv: 1585
tot_msg_sent: 2502
tot_reconf_duration: 3.05
tot_sleeping_duration: 1377947.3985200075
tot_uptimes: 359
tot_uptimes_duration: 21480.036479992676
