comms_cons: 138.37373439855762
finished_reconf: true
global_termination_time: 1398897.507
local_termination_time: 233590.10336000007
node_cons: 28777.078980000042
tot_aggregated_send: 20068
tot_msg_rcv: 392
tot_msg_sent: 572
tot_reconf_duration: 11.31
tot_sleeping_duration: 1377417.507
tot_uptimes: 359
tot_uptimes_duration: 21480.0
