comms_cons: 138.85962239480827
finished_reconf: true
global_termination_time: 1398952.827
local_termination_time: 364092.6237600004
node_cons: 28769.093940000035
tot_aggregated_send: 20184
tot_msg_rcv: 346
tot_msg_sent: 575
tot_reconf_duration: 5.43
tot_sleeping_duration: 1377472.827
tot_uptimes: 359
tot_uptimes_duration: 21480.0
