comms_cons: 22.241766400300413
finished_reconf: true
global_termination_time: 227862.099
local_termination_time: 51297.199360000006
node_cons: 4690.486841121427
tot_aggregated_send: 3132
tot_msg_rcv: 72
tot_msg_sent: 176
tot_reconf_duration: 22.65
tot_sleeping_duration: 224382.09291999892
tot_uptimes: 59
tot_uptimes_duration: 3480.0060800010688
