comms_cons: 42.21872640217145
finished_reconf: true
global_termination_time: 228526.708
local_termination_time: 25490.253360000002
node_cons: 4666.276403362019
tot_aggregated_send: 0
tot_msg_rcv: 3284
tot_msg_sent: 3133
tot_reconf_duration: 4.8100000000000005
tot_sleeping_duration: 225046.6897599985
tot_uptimes: 59
tot_uptimes_duration: 3480.0182400015037
