comms_cons: 180.1344576083741
finished_reconf: true
global_termination_time: 227091.51100000014
local_termination_time: 23659.8626
node_cons: 22376.60725084369
tot_aggregated_send: 0
tot_msg_rcv: 12448
tot_msg_sent: 14932
tot_reconf_duration: 4.390000000000001
tot_sleeping_duration: 210384.5314399974
tot_uptimes: 266
tot_uptimes_duration: 16706.979560002732
