comms_cons: 67.88481279930559
finished_reconf: true
global_termination_time: 682772.6354799998
local_termination_time: 682772.5943599999
node_cons: 14030.927942084114
tot_aggregated_send: 9440
tot_msg_rcv: 229
tot_msg_sent: 649
tot_reconf_duration: 24.59
tot_sleeping_duration: 672318.9127599968
tot_uptimes: 175
tot_uptimes_duration: 10453.722720003047
