comms_cons: 66.54860800077984
finished_reconf: true
global_termination_time: 686511.449
local_termination_time: 381164.4110400008
node_cons: 14074.867121121446
tot_aggregated_send: 9048
tot_msg_rcv: 375
tot_msg_sent: 692
tot_reconf_duration: 11.31
tot_sleeping_duration: 676011.4429199989
tot_uptimes: 176
tot_uptimes_duration: 10500.006080001069
