comms_cons: 130.00216319790385
finished_reconf: true
global_termination_time: 1303895.6334799998
local_termination_time: 148853.23148000005
node_cons: 26777.87612984138
tot_aggregated_send: 18502
tot_msg_rcv: 440
tot_msg_sent: 816
tot_reconf_duration: 3.05
tot_sleeping_duration: 1283900.3129199988
tot_uptimes: 334
tot_uptimes_duration: 19995.32056000101
