comms_cons: 130.89047679436575
finished_reconf: true
global_termination_time: 1306629.057
local_termination_time: 160142.28499999997
node_cons: 26846.648354639605
tot_aggregated_send: 18092
tot_msg_rcv: 523
tot_msg_sent: 1279
tot_reconf_duration: 7.819999999999999
tot_sleeping_duration: 1286587.2132400002
tot_uptimes: 335
tot_uptimes_duration: 20041.843759999698
