comms_cons: 188.7177727935336
finished_reconf: true
global_termination_time: 1910568.0106399981
local_termination_time: 1910567.9695199982
node_cons: 39415.94969719094
tot_aggregated_send: 27640
tot_msg_rcv: 295
tot_msg_sent: 748
tot_reconf_duration: 37.410000000000004
tot_sleeping_duration: 1881169.0958400047
tot_uptimes: 490
tot_uptimes_duration: 29398.914799993392
