comms_cons: 192.02711038826703
finished_reconf: true
global_termination_time: 1913937.616
local_termination_time: 458371.36436000094
node_cons: 39385.43264416245
tot_aggregated_send: 26970
tot_msg_rcv: 771
tot_msg_sent: 1446
tot_reconf_duration: 9.11
tot_sleeping_duration: 1884532.7905599978
tot_uptimes: 491
tot_uptimes_duration: 29404.825440002023
