comms_cons: 189.1783167939521
finished_reconf: true
global_termination_time: 1912982.596
local_termination_time: 1180881.3036
node_cons: 39303.411539999935
tot_aggregated_send: 27492
tot_msg_rcv: 402
tot_msg_sent: 860
tot_reconf_duration: 12.629999999999999
tot_sleeping_duration: 1883642.596
tot_uptimes: 490
tot_uptimes_duration: 29340.0
