comms_cons: 188.46839039347728
finished_reconf: true
global_termination_time: 1911582.647
local_termination_time: 1244808.5979199985
node_cons: 39314.059336878076
tot_aggregated_send: 27666
tot_msg_rcv: 300
tot_msg_sent: 681
tot_reconf_duration: 18.700000000000003
tot_sleeping_duration: 1882240.8510800016
tot_uptimes: 490
tot_uptimes_duration: 29341.79591999855
