comms_cons: 199.1060351700585
finished_reconf: true
global_termination_time: 1914342.844
local_termination_time: 305946.56636000006
node_cons: 39374.07977452778
tot_aggregated_send: 24766
tot_msg_rcv: 1912
tot_msg_sent: 3584
tot_reconf_duration: 5.43
tot_sleeping_duration: 1884942.764960024
tot_uptimes: 491
tot_uptimes_duration: 29400.079039976117
