comms_cons: 121.87731198500919
finished_reconf: true
global_termination_time: 1168278.662
local_termination_time: 514143.2973600001
node_cons: 24025.940333406645
tot_aggregated_send: 14964
tot_msg_rcv: 1168
tot_msg_sent: 2393
tot_reconf_duration: 3.08
tot_sleeping_duration: 1150338.5890400251
tot_uptimes: 300
tot_uptimes_duration: 17940.07295997505
