comms_cons: 117.07711999639966
finished_reconf: true
global_termination_time: 1167720.946
local_termination_time: 624052.7754399995
node_cons: 24034.47817591566
tot_aggregated_send: 16124
tot_msg_rcv: 458
tot_msg_sent: 1213
tot_reconf_duration: 9.42
tot_sleeping_duration: 1149780.9267200034
tot_uptimes: 300
tot_uptimes_duration: 17940.01927999669
