comms_cons: 119.17562878990334
finished_reconf: true
global_termination_time: 1168365.524
local_termination_time: 621573.9445199991
node_cons: 24047.087164467303
tot_aggregated_send: 15718
tot_msg_rcv: 839
tot_msg_sent: 1557
tot_reconf_duration: 18.700000000000003
tot_sleeping_duration: 1150425.4996800094
tot_uptimes: 300
tot_uptimes_duration: 17940.024319990538
