comms_cons: 119.40560639344847
finished_reconf: true
global_termination_time: 1167986.734
local_termination_time: 772731.3783599999
node_cons: 24027.62976111689
tot_aggregated_send: 16008
tot_msg_rcv: 802
tot_msg_sent: 1340
tot_reconf_duration: 4.390000000000001
tot_sleeping_duration: 1150046.7279200023
tot_uptimes: 300
tot_uptimes_duration: 17940.006079997635
