comms_cons: 117.9716351934611
finished_reconf: true
global_termination_time: 1169599.695
local_termination_time: 451451.2143200002
node_cons: 24029.058363350527
tot_aggregated_send: 15776
tot_msg_rcv: 820
tot_msg_sent: 1335
tot_reconf_duration: 5.43
tot_sleeping_duration: 1151659.6767600072
tot_uptimes: 300
tot_uptimes_duration: 17940.018239992904
