comms_cons: 77.17875840761468
finished_reconf: true
global_termination_time: 340464.126
local_termination_time: 1902.4016000000026
node_cons: 7094.730591209757
tot_aggregated_send: 0
tot_msg_rcv: 6588
tot_msg_sent: 5145
tot_reconf_duration: 18.21
tot_sleeping_duration: 335184.0651999927
tot_uptimes: 88
tot_uptimes_duration: 5280.0608000072825
