comms_cons: 35.56308480107644
finished_reconf: true
global_termination_time: 341475.661
local_termination_time: 121568.84512
node_cons: 6996.538364483459
tot_aggregated_send: 4350
tot_msg_rcv: 358
tot_msg_sent: 698
tot_reconf_duration: 5.1
tot_sleeping_duration: 336255.63667999743
tot_uptimes: 88
tot_uptimes_duration: 5220.0243200025725
