comms_cons: 35.44670720083039
finished_reconf: true
global_termination_time: 344298.538
local_termination_time: 43886.74448000002
node_cons: 7087.0878222428755
tot_aggregated_send: 4524
tot_msg_rcv: 291
tot_msg_sent: 573
tot_reconf_duration: 12.629999999999999
tot_sleeping_duration: 339018.52583999786
tot_uptimes: 89
tot_uptimes_duration: 5280.0121600021375
