comms_cons: 14.559423999669733
finished_reconf: true
global_termination_time: 122112.829
local_termination_time: 20104.86436
node_cons: 2496.534184480024
tot_aggregated_send: 986
tot_msg_rcv: 413
tot_msg_sent: 813
tot_reconf_duration: 4.390000000000001
tot_sleeping_duration: 120252.80467999997
tot_uptimes: 32
tot_uptimes_duration: 1860.0243200000186
