comms_cons: 14.941363199731352
finished_reconf: true
global_termination_time: 122019.74
local_termination_time: 28903.89936
node_cons: 2499.0111833597307
tot_aggregated_send: 1044
tot_msg_rcv: 473
tot_msg_sent: 754
tot_reconf_duration: 6.22
tot_sleeping_duration: 120159.7217600002
tot_uptimes: 32
tot_uptimes_duration: 1860.0182399998012
