comms_cons: 15.519359999486536
finished_reconf: true
global_termination_time: 121576.868
local_termination_time: 50991.85036000001
node_cons: 2497.9383633585944
tot_aggregated_send: 754
tot_msg_rcv: 589
tot_msg_sent: 1016
tot_reconf_duration: 5.43
tot_sleeping_duration: 119716.84976000106
tot_uptimes: 32
tot_uptimes_duration: 1860.0182399989499
