comms_cons: 89.51659519518736
finished_reconf: true
global_termination_time: 877219.728
local_termination_time: 196940.48116000034
node_cons: 18030.541823355146
tot_aggregated_send: 11774
tot_msg_rcv: 633
tot_msg_sent: 1199
tot_reconf_duration: 25.299999999999997
tot_sleeping_duration: 863779.7097600037
tot_uptimes: 225
tot_uptimes_duration: 13440.018239996338
