comms_cons: 88.43948799691324
finished_reconf: true
global_termination_time: 878276.435
local_termination_time: 380433.35936000006
node_cons: 18016.703803355114
tot_aggregated_send: 12006
tot_msg_rcv: 459
tot_msg_sent: 979
tot_reconf_duration: 15.110000000000001
tot_sleeping_duration: 864836.4167600037
tot_uptimes: 225
tot_uptimes_duration: 13440.018239996345
