comms_cons: 90.85680639692487
finished_reconf: true
global_termination_time: 876385.661
local_termination_time: 108795.74935999997
node_cons: 18004.71259456483
tot_aggregated_send: 11020
tot_msg_rcv: 804
tot_msg_sent: 1986
tot_reconf_duration: 6.22
tot_sleeping_duration: 862945.5819599964
tot_uptimes: 225
tot_uptimes_duration: 13440.079040003591
