comms_cons: 457.2747200465094
finished_reconf: true
global_termination_time: 4628701.376
local_termination_time: 2682237.332079999
node_cons: 95211.44452223167
tot_aggregated_send: 64264
tot_msg_rcv: 1757
tot_msg_sent: 3482
tot_reconf_duration: 6.279999999999999
tot_sleeping_duration: 4557601.363840004
tot_uptimes: 1186
tot_uptimes_duration: 71100.0121599955
