comms_cons: 448.6356800009735
finished_reconf: true
global_termination_time: 4627981.875
local_termination_time: 2993529.294159998
node_cons: 95237.26554111393
tot_aggregated_send: 64322
tot_msg_rcv: 1410
tot_msg_sent: 2456
tot_reconf_duration: 25.299999999999997
tot_sleeping_duration: 4556881.868920002
tot_uptimes: 1186
tot_uptimes_duration: 71100.00607999763
