comms_cons: 38.922547200629175
finished_reconf: true
global_termination_time: 385057.18
local_termination_time: 59844.80516000016
node_cons: 7885.707662242872
tot_aggregated_send: 5162
tot_msg_rcv: 233
tot_msg_sent: 521
tot_reconf_duration: 9.11
tot_sleeping_duration: 379177.16783999786
tot_uptimes: 99
tot_uptimes_duration: 5880.0121600021375
