comms_cons: 40.26533120111745
finished_reconf: true
global_termination_time: 385296.669
local_termination_time: 65582.02547999997
node_cons: 7898.7634467240505
tot_aggregated_send: 4756
tot_msg_rcv: 446
tot_msg_sent: 919
tot_reconf_duration: 18.700000000000003
tot_sleeping_duration: 379416.63251999696
tot_uptimes: 99
tot_uptimes_duration: 5880.0364800030075
