comms_cons: 165.164236796704
finished_reconf: true
global_termination_time: 1661645.16
local_termination_time: 509399.22536000004
node_cons: 34178.85739999998
tot_aggregated_send: 23664
tot_msg_rcv: 478
tot_msg_sent: 962
tot_reconf_duration: 25.299999999999997
tot_sleeping_duration: 1636145.16
tot_uptimes: 426
tot_uptimes_duration: 25500.0
