comms_cons: 352.6391677179956
finished_reconf: true
global_termination_time: 2199119.518
local_termination_time: 286160.41248000006
node_cons: 45237.97640336388
tot_aggregated_send: 0
tot_msg_rcv: 27029
tot_msg_sent: 26571
tot_reconf_duration: 4.8100000000000005
tot_sleeping_duration: 2165339.499759997
tot_uptimes: 564
tot_uptimes_duration: 33780.018240003265
