comms_cons: 217.5863295909537
finished_reconf: true
global_termination_time: 2199491.811
local_termination_time: 475033.4996000005
node_cons: 45239.883042242334
tot_aggregated_send: 30740
tot_msg_rcv: 804
tot_msg_sent: 1527
tot_reconf_duration: 6.22
tot_sleeping_duration: 2165711.798839998
tot_uptimes: 564
tot_uptimes_duration: 33780.01216000214
