comms_cons: 117.39924479822966
finished_reconf: true
global_termination_time: 1184172.817
local_termination_time: 276058.2973200002
node_cons: 24377.377400000023
tot_aggregated_send: 16762
tot_msg_rcv: 294
tot_msg_sent: 788
tot_reconf_duration: 25.299999999999997
tot_sleeping_duration: 1165992.817
tot_uptimes: 304
tot_uptimes_duration: 18180.0
