comms_cons: 124.04888958268664
finished_reconf: true
global_termination_time: 1181661.439
local_termination_time: 178707.12540000037
node_cons: 24266.903311182137
tot_aggregated_send: 14848
tot_msg_rcv: 1324
tot_msg_sent: 2681
tot_reconf_duration: 3.05
tot_sleeping_duration: 1163541.3782000134
tot_uptimes: 303
tot_uptimes_duration: 18120.060799986648
