comms_cons: 119.1722111931538
finished_reconf: true
global_termination_time: 1185271.287
local_termination_time: 646388.4230000001
node_cons: 24351.73284606782
tot_aggregated_send: 16356
tot_msg_rcv: 540
tot_msg_sent: 1218
tot_reconf_duration: 6.22
tot_sleeping_duration: 1167091.0882800093
tot_uptimes: 304
tot_uptimes_duration: 18180.19871999079
