comms_cons: 16.15754239975048
finished_reconf: true
global_termination_time: 152821.6916000002
local_termination_time: 92125.55235999997
node_cons: 3160.353128400245
tot_aggregated_send: 2030
tot_msg_rcv: 191
tot_msg_sent: 233
tot_reconf_duration: 4.8100000000000005
tot_sleeping_duration: 150466.336
tot_uptimes: 40
tot_uptimes_duration: 2355.3556000001845
