comms_cons: 62.27996160065482
finished_reconf: true
global_termination_time: 620588.053
local_termination_time: 14338.273000000001
node_cons: 12731.601644405437
tot_aggregated_send: 8350
tot_msg_rcv: 312
tot_msg_sent: 805
tot_reconf_duration: 22.65
tot_sleeping_duration: 611102.733399996
tot_uptimes: 159
tot_uptimes_duration: 9485.31960000405
