comms_cons: 62.620825600097035
finished_reconf: true
global_termination_time: 618467.3912400004
local_termination_time: 22814.02436
node_cons: 12762.01796160332
tot_aggregated_send: 8410
tot_msg_rcv: 384
tot_msg_sent: 723
tot_reconf_duration: 4.390000000000001
tot_sleeping_duration: 608940.8368399979
tot_uptimes: 159
tot_uptimes_duration: 9526.554400002467
