comms_cons: 64.37151999747115
finished_reconf: true
global_termination_time: 618466.9674799999
local_termination_time: 618466.9263599999
node_cons: 12745.52050655921
tot_aggregated_send: 8294
tot_msg_rcv: 614
tot_msg_sent: 876
tot_reconf_duration: 24.59
tot_sleeping_duration: 608973.2204400004
tot_uptimes: 159
tot_uptimes_duration: 9493.747039999389
