comms_cons: 204.20583678090966
finished_reconf: true
global_termination_time: 2090873.706
local_termination_time: 6607.4310000000005
node_cons: 42992.04689340162
tot_aggregated_send: 27832
tot_msg_rcv: 1050
tot_msg_sent: 2156
tot_reconf_duration: 7.3999999999999995
tot_sleeping_duration: 2058773.6330400284
tot_uptimes: 536
tot_uptimes_duration: 32100.072959971614
