comms_cons: 200.54131839125242
finished_reconf: true
global_termination_time: 2087458.843
local_termination_time: 4400.624
node_cons: 42907.74704111645
tot_aggregated_send: 29285
tot_msg_rcv: 440
tot_msg_sent: 756
tot_reconf_duration: 4.55
tot_sleeping_duration: 2055418.8369200025
tot_uptimes: 535
tot_uptimes_duration: 32040.006079997635
