comms_cons: 200.75102718201282
finished_reconf: true
global_termination_time: 2089927.246
local_termination_time: 2581.38524
node_cons: 42987.08478893887
tot_aggregated_send: 27782
tot_msg_rcv: 955
tot_msg_sent: 1774
tot_reconf_duration: 3.77
tot_sleeping_duration: 2057827.1973600157
tot_uptimes: 536
tot_uptimes_duration: 32100.04863998451
