comms_cons: 622.5197435201007
finished_reconf: true
global_termination_time: 2135607.8606
local_termination_time: 2135607.8194799996
node_cons: 87277.35793491144
tot_aggregated_send: 0
tot_msg_rcv: 31663
tot_msg_sent: 62955
tot_reconf_duration: 24.59
tot_sleeping_duration: 2070451.8003200043
tot_uptimes: 1079
tot_uptimes_duration: 65156.06027999551
