comms_cons: 419.48919007591564
finished_reconf: true
global_termination_time: 2135608.4605999975
local_termination_time: 201.80503999999996
node_cons: 43910.94661062997
tot_aggregated_send: 0
tot_msg_rcv: 32092
tot_msg_sent: 31667
tot_reconf_duration: 18.21
tot_sleeping_duration: 2102833.0928400047
tot_uptimes: 547
tot_uptimes_duration: 32775.367759992834
