comms_cons: 210.27123199437247
finished_reconf: true
global_termination_time: 2135660.915
local_termination_time: 1661860.05836
node_cons: 43961.338979999644
tot_aggregated_send: 30508
tot_msg_rcv: 459
tot_msg_sent: 993
tot_reconf_duration: 11.31
tot_sleeping_duration: 2102840.915
tot_uptimes: 547
tot_uptimes_duration: 32820.0
