comms_cons: 210.91450238837766
finished_reconf: true
global_termination_time: 2164095.656
local_termination_time: 2416.22012
node_cons: 44513.84621679114
tot_aggregated_send: 28652
tot_msg_rcv: 1056
tot_msg_sent: 2349
tot_reconf_duration: 3.95
tot_sleeping_duration: 2130855.564800006
tot_uptimes: 555
tot_uptimes_duration: 33240.09119999372
