comms_cons: 283.4650368277132
finished_reconf: true
global_termination_time: 2837952.865
local_termination_time: 102645.35535999997
node_cons: 58333.4045444669
tot_aggregated_send: 39614
tot_msg_rcv: 1146
tot_msg_sent: 2325
tot_reconf_duration: 4.8100000000000005
tot_sleeping_duration: 2794392.840680009
tot_uptimes: 727
tot_uptimes_duration: 43560.024319991004
