comms_cons: 285.26095360075624
finished_reconf: true
global_termination_time: 2841328.582
local_termination_time: 1754409.865519998
node_cons: 58411.33818223299
tot_aggregated_send: 39556
tot_msg_rcv: 1361
tot_msg_sent: 2441
tot_reconf_duration: 3.05
tot_sleeping_duration: 2797708.569840004
tot_uptimes: 728
tot_uptimes_duration: 43620.012159995735
