comms_cons: 118.85537279634661
finished_reconf: true
global_termination_time: 1195496.524
local_termination_time: 267001.75836000004
node_cons: 24618.397400000023
tot_aggregated_send: 17110
tot_msg_rcv: 341
tot_msg_sent: 614
tot_reconf_duration: 25.299999999999997
tot_sleeping_duration: 1177136.524
tot_uptimes: 307
tot_uptimes_duration: 18360.0
