comms_cons: 124.70083838853441
finished_reconf: true
global_termination_time: 1198089.65
local_termination_time: 56406.065200000136
node_cons: 24590.05860783642
tot_aggregated_send: 15486
tot_msg_rcv: 1198
tot_msg_sent: 2270
tot_reconf_duration: 4.390000000000001
tot_sleeping_duration: 1179729.6074400027
tot_uptimes: 307
tot_uptimes_duration: 18360.042559997295
