comms_cons: 123.89823998870133
finished_reconf: true
global_termination_time: 1196234.713
local_termination_time: 183813.84148000006
node_cons: 24594.7084067056
tot_aggregated_send: 15718
tot_msg_rcv: 1078
tot_msg_sent: 2036
tot_reconf_duration: 7.819999999999999
tot_sleeping_duration: 1177874.676520011
tot_uptimes: 307
tot_uptimes_duration: 18360.03647998924
