comms_cons: 118.4208255971015
finished_reconf: true
global_termination_time: 1197102.215
local_termination_time: 250377.92836000005
node_cons: 24591.413940000024
tot_aggregated_send: 17284
tot_msg_rcv: 256
tot_msg_sent: 459
tot_reconf_duration: 5.43
tot_sleeping_duration: 1178742.215
tot_uptimes: 307
tot_uptimes_duration: 18359.999999999996
