comms_cons: 54.34829440125274
finished_reconf: true
global_termination_time: 540344.5
local_termination_time: 153422.29128000033
node_cons: 11093.484544485735
tot_aggregated_send: 7192
tot_msg_rcv: 422
tot_msg_sent: 645
tot_reconf_duration: 4.8100000000000005
tot_sleeping_duration: 532064.4756799957
tot_uptimes: 139
tot_uptimes_duration: 8280.024320004275
