comms_cons: 51.923046400556615
finished_reconf: true
global_termination_time: 540931.311
local_termination_time: 241447.48536000005
node_cons: 11094.484060000024
tot_aggregated_send: 7308
tot_msg_rcv: 236
tot_msg_sent: 348
tot_reconf_duration: 5.57
tot_sleeping_duration: 532651.311
tot_uptimes: 139
tot_uptimes_duration: 8280.0
