comms_cons: 0.7237119999996133
finished_reconf: true
global_termination_time: 4475.166
local_termination_time: 550.3263599999999
node_cons: 93.13235999999995
tot_aggregated_send: 0
tot_msg_rcv: 60
tot_msg_sent: 50
tot_reconf_duration: 9.42
tot_sleeping_duration: 4415.166
tot_uptimes: 2
tot_uptimes_duration: 60.0
