comms_cons: 81.36622079575744
finished_reconf: true
global_termination_time: 785936.8642399989
local_termination_time: 785936.8231199989
node_cons: 16251.99388142843
tot_aggregated_send: 10091
tot_msg_rcv: 695
tot_msg_sent: 1580
tot_reconf_duration: 39.919999999999995
tot_sleeping_duration: 773839.9392800075
tot_uptimes: 202
tot_uptimes_duration: 12096.92495999136
