comms_cons: 10.989145599991183
finished_reconf: true
global_termination_time: 114595.874
local_termination_time: 2780.6962399999998
node_cons: 2336.6934422391596
tot_aggregated_send: 754
tot_msg_rcv: 440
tot_msg_sent: 477
tot_reconf_duration: 5.02
tot_sleeping_duration: 112855.86184000062
tot_uptimes: 30
tot_uptimes_duration: 1740.0121599993727
