comms_cons: 12.646476799842834
finished_reconf: true
global_termination_time: 113568.583
local_termination_time: 52.09712
node_cons: 2342.695767839476
tot_aggregated_send: 754
tot_msg_rcv: 409
tot_msg_sent: 760
tot_reconf_duration: 9.41
tot_sleeping_duration: 111828.54044000039
tot_uptimes: 30
tot_uptimes_duration: 1740.0425599996088
