comms_cons: 10.481919999950119
finished_reconf: true
global_termination_time: 116152.29
local_termination_time: 2474.19324
node_cons: 2338.3447633605883
tot_aggregated_send: 754
tot_msg_rcv: 357
tot_msg_sent: 484
tot_reconf_duration: 6.23
tot_sleeping_duration: 114412.27175999955
tot_uptimes: 30
tot_uptimes_duration: 1740.0182400004396
