comms_cons: 228.82520318268118
finished_reconf: true
global_termination_time: 2295307.079
local_termination_time: 1087408.80448
node_cons: 47180.444284466874
tot_aggregated_send: 32074
tot_msg_rcv: 912
tot_msg_sent: 1794
tot_reconf_duration: 15.34
tot_sleeping_duration: 2260087.0546800094
tot_uptimes: 588
tot_uptimes_duration: 35220.02431999054
