comms_cons: 232.1163775936056
finished_reconf: true
global_termination_time: 2293825.147
local_termination_time: 833531.4209599986
node_cons: 47166.54650558356
tot_aggregated_send: 31842
tot_msg_rcv: 1231
tot_msg_sent: 2207
tot_reconf_duration: 5.1
tot_sleeping_duration: 2258605.116600012
tot_uptimes: 588
tot_uptimes_duration: 35220.03039998817
