comms_cons: 234.14840318927054
finished_reconf: true
global_termination_time: 2294273.189
local_termination_time: 445482.4476000001
node_cons: 47166.17710893868
tot_aggregated_send: 31204
tot_msg_rcv: 1536
tot_msg_sent: 2850
tot_reconf_duration: 4.8100000000000005
tot_sleeping_duration: 2259053.140360015
tot_uptimes: 588
tot_uptimes_duration: 35220.04863998451
