comms_cons: 101.22059519478239
finished_reconf: true
global_termination_time: 1023480.93824
local_termination_time: 3970.6929999999993
node_cons: 21079.761433834334
tot_aggregated_send: 14086
tot_msg_rcv: 470
tot_msg_sent: 827
tot_reconf_duration: 7.55
tot_sleeping_duration: 1007745.6816800043
tot_uptimes: 263
tot_uptimes_duration: 15735.256559995745
