comms_cons: 194.30911998218104
finished_reconf: true
global_termination_time: 1947708.568
local_termination_time: 1013542.2353599999
node_cons: 40015.892685583975
tot_aggregated_send: 26390
tot_msg_rcv: 1104
tot_msg_sent: 2040
tot_reconf_duration: 4.8100000000000005
tot_sleeping_duration: 1917828.5376000118
tot_uptimes: 499
tot_uptimes_duration: 29880.030399988173
