comms_cons: 195.8091775841546
finished_reconf: true
global_termination_time: 1944367.218
local_termination_time: 209041.10436000006
node_cons: 39935.05559564921
tot_aggregated_send: 26216
tot_msg_rcv: 1209
tot_msg_sent: 2337
tot_reconf_duration: 4.390000000000001
tot_sleeping_duration: 1914547.132880023
tot_uptimes: 498
tot_uptimes_duration: 29820.085119977186
