comms_cons: 265.08157438554997
finished_reconf: true
global_termination_time: 2809977.713
local_termination_time: 7329.592
node_cons: 57859.15946446629
tot_aggregated_send: 38394
tot_msg_rcv: 557
tot_msg_sent: 1339
tot_reconf_duration: 10.55
tot_sleeping_duration: 2766777.6886800095
tot_uptimes: 720
tot_uptimes_duration: 43200.02431999054
