comms_cons: 42.41610240046617
finished_reconf: true
global_termination_time: 423957.751
local_termination_time: 315696.87236000004
node_cons: 8683.251980000008
tot_aggregated_send: 5974
tot_msg_rcv: 187
tot_msg_sent: 286
tot_reconf_duration: 4.8100000000000005
tot_sleeping_duration: 417477.751
tot_uptimes: 109
tot_uptimes_duration: 6480.0
