comms_cons: 82.90008321133769
finished_reconf: true
global_termination_time: 423266.987
local_termination_time: 339099.9823600001
node_cons: 8680.870041121503
tot_aggregated_send: 0
tot_msg_rcv: 6337
tot_msg_sent: 6263
tot_reconf_duration: 3.05
tot_sleeping_duration: 416786.98091999895
tot_uptimes: 109
tot_uptimes_duration: 6480.006080001069
