comms_cons: 17.744102400361943
finished_reconf: true
global_termination_time: 170488.28876000052
local_termination_time: 167520.88436000003
node_cons: 3512.4953337621023
tot_aggregated_send: 2088
tot_msg_rcv: 187
tot_msg_sent: 422
tot_reconf_duration: 7.819999999999999
tot_sleeping_duration: 167872.99691999893
tot_uptimes: 44
tot_uptimes_duration: 2615.2918400015915
