comms_cons: 171.18970240114848
finished_reconf: true
global_termination_time: 585899.2865999998
local_termination_time: 585899.2454799998
node_cons: 23983.342646518922
tot_aggregated_send: 0
tot_msg_rcv: 8743
tot_msg_sent: 17277
tot_reconf_duration: 24.59
tot_sleeping_duration: 568012.8419200006
tot_uptimes: 295
tot_uptimes_duration: 17886.444679999157
