comms_cons: 51.23223040035407
finished_reconf: true
global_termination_time: 522789.921
local_termination_time: 276414.7240000009
node_cons: 10710.780115122625
tot_aggregated_send: 7540
tot_msg_rcv: 80
tot_msg_sent: 167
tot_reconf_duration: 13.17
tot_sleeping_duration: 514804.188919998
tot_uptimes: 134
tot_uptimes_duration: 7985.732080001966
