comms_cons: 50.45588480010177
finished_reconf: true
global_termination_time: 518598.0938400002
local_termination_time: 260942.30036000005
node_cons: 10641.711467760279
tot_aggregated_send: 7598
tot_msg_rcv: 17
tot_msg_sent: 54
tot_reconf_duration: 11.899999999999999
tot_sleeping_duration: 510662.656
tot_uptimes: 133
tot_uptimes_duration: 7935.437840000202
