comms_cons: 55.9440576013744
finished_reconf: true
global_termination_time: 566588.54624
local_termination_time: 90675.91
node_cons: 11694.490278329245
tot_aggregated_send: 6770
tot_msg_rcv: 486
tot_msg_sent: 1246
tot_reconf_duration: 18.21
tot_sleeping_duration: 557873.2653599932
tot_uptimes: 146
tot_uptimes_duration: 8715.280880006889
