comms_cons: 55.311334400799694
finished_reconf: true
global_termination_time: 567273.986
local_termination_time: 211901.79616000032
node_cons: 11659.935842242858
tot_aggregated_send: 7540
tot_msg_rcv: 289
tot_msg_sent: 578
tot_reconf_duration: 7.819999999999999
tot_sleeping_duration: 558573.9738399979
tot_uptimes: 146
tot_uptimes_duration: 8700.012160002145
