comms_cons: 55.83767040024534
finished_reconf: true
global_termination_time: 569380.071
local_termination_time: 167257.0322400005
node_cons: 11664.658980000011
tot_aggregated_send: 8004
tot_msg_rcv: 143
tot_msg_sent: 340
tot_reconf_duration: 11.31
tot_sleeping_duration: 560680.071
tot_uptimes: 146
tot_uptimes_duration: 8700.0
