comms_cons: 76.85946880987157
finished_reconf: true
global_termination_time: 378318.38844000065
local_termination_time: 378318.34732000064
node_cons: 7806.78847040375
tot_aggregated_send: 0
tot_msg_rcv: 6066
tot_msg_sent: 5614
tot_reconf_duration: 24.59
tot_sleeping_duration: 372513.01483999786
tot_uptimes: 97
tot_uptimes_duration: 5805.373600002786
