comms_cons: 20.625792000087444
finished_reconf: true
global_termination_time: 213030.118
local_termination_time: 209769.55156000066
node_cons: 4348.979559999974
tot_aggregated_send: 3074
tot_msg_rcv: 19
tot_msg_sent: 42
tot_reconf_duration: 7.819999999999999
tot_sleeping_duration: 209790.118
tot_uptimes: 55
tot_uptimes_duration: 3240.0
