comms_cons: 103.60204799116133
finished_reconf: true
global_termination_time: 998714.094
local_termination_time: 206447.12848000004
node_cons: 20511.502450069904
tot_aggregated_send: 13108
tot_msg_rcv: 960
tot_msg_sent: 1678
tot_reconf_duration: 18.21
tot_sleeping_duration: 983414.0392800076
tot_uptimes: 256
tot_uptimes_duration: 15300.054719992448
