comms_cons: 101.85162239723428
finished_reconf: true
global_termination_time: 1000176.293
local_termination_time: 362185.60400000046
node_cons: 20574.636624481165
tot_aggregated_send: 13050
tot_msg_rcv: 744
tot_msg_sent: 1686
tot_reconf_duration: 5.57
tot_sleeping_duration: 984816.2686799992
tot_uptimes: 257
tot_uptimes_duration: 15360.02432000084
