comms_cons: 101.2551423931532
finished_reconf: true
global_termination_time: 998015.00924
local_termination_time: 290275.15048000106
node_cons: 20511.286716074937
tot_aggregated_send: 13456
tot_msg_rcv: 626
tot_msg_sent: 1308
tot_reconf_duration: 3.05
tot_sleeping_duration: 982699.740520004
tot_uptimes: 256
tot_uptimes_duration: 15315.268719996151
