comms_cons: 103.01073279057161
finished_reconf: true
global_termination_time: 1003104.315
local_termination_time: 233445.13116000034
node_cons: 20575.51932446736
tot_aggregated_send: 13224
tot_msg_rcv: 805
tot_msg_sent: 1629
tot_reconf_duration: 6.22
tot_sleeping_duration: 987744.2906800094
tot_uptimes: 257
tot_uptimes_duration: 15360.024319990538
