comms_cons: 46.56394880047789
finished_reconf: true
global_termination_time: 463435.08
local_termination_time: 229594.95636000007
node_cons: 9487.05394112145
tot_aggregated_send: 6206
tot_msg_rcv: 235
tot_msg_sent: 637
tot_reconf_duration: 5.1
tot_sleeping_duration: 456355.07391999895
tot_uptimes: 119
tot_uptimes_duration: 7080.006080001069
