comms_cons: 47.47676160126342
finished_reconf: true
global_termination_time: 460470.706
local_termination_time: 222002.75636000006
node_cons: 9403.946323364287
tot_aggregated_send: 5800
tot_msg_rcv: 428
tot_msg_sent: 989
tot_reconf_duration: 3.05
tot_sleeping_duration: 453450.6877599968
tot_uptimes: 118
tot_uptimes_duration: 7020.018240003206
