comms_cons: 48.11368960148049
finished_reconf: true
global_termination_time: 464143.197
local_termination_time: 57336.051360000005
node_cons: 9501.008707850022
tot_aggregated_send: 5974
tot_msg_rcv: 472
tot_msg_sent: 867
tot_reconf_duration: 15.34
tot_sleeping_duration: 457063.1544399925
tot_uptimes: 119
tot_uptimes_duration: 7080.042560007481
