comms_cons: 101.3203071900181
finished_reconf: true
global_termination_time: 978737.056
local_termination_time: 72009.397
node_cons: 20124.280952954214
tot_aggregated_send: 12874
tot_msg_rcv: 906
tot_msg_sent: 1621
tot_reconf_duration: 22.65
tot_sleeping_duration: 963730.6913600042
tot_uptimes: 251
tot_uptimes_duration: 15006.364639995649
