comms_cons: 100.03870719436436
finished_reconf: true
global_termination_time: 976729.912
local_termination_time: 183813.84148000006
node_cons: 20095.643983359692
tot_aggregated_send: 13224
tot_msg_rcv: 706
tot_msg_sent: 1274
tot_reconf_duration: 7.819999999999999
tot_sleeping_duration: 961729.8937600002
tot_uptimes: 251
tot_uptimes_duration: 15000.018239999772
