comms_cons: 143.8338559847338
finished_reconf: true
global_termination_time: 1432343.599
local_termination_time: 4806.2339999999995
node_cons: 29421.080904476574
tot_aggregated_send: 19127
tot_msg_rcv: 926
tot_msg_sent: 1808
tot_reconf_duration: 12.23
tot_sleeping_duration: 1410383.5746800026
tot_uptimes: 367
tot_uptimes_duration: 21960.024319997407
