comms_cons: 473.1099712507276
finished_reconf: true
global_termination_time: 4783878.751
local_termination_time: 1472488.4270799987
node_cons: 98427.16026558241
tot_aggregated_send: 67106
tot_msg_rcv: 1626
tot_msg_sent: 3179
tot_reconf_duration: 7.819999999999999
tot_sleeping_duration: 4710378.720600011
tot_uptimes: 1226
tot_uptimes_duration: 73500.03039998887
