comms_cons: 474.11154568953634
finished_reconf: true
global_termination_time: 4783948.938
local_termination_time: 1516572.45536
node_cons: 98431.88340334842
tot_aggregated_send: 65888
tot_msg_rcv: 2055
tot_msg_sent: 4117
tot_reconf_duration: 11.31
tot_sleeping_duration: 4710448.9197600065
tot_uptimes: 1226
tot_uptimes_duration: 73500.01823999337
