comms_cons: 286.3845440187221
finished_reconf: true
global_termination_time: 2791242.368
local_termination_time: 653380.8903599998
node_cons: 57383.33636782171
tot_aggregated_send: 37758
tot_msg_rcv: 2121
tot_msg_sent: 3649
tot_reconf_duration: 15.110000000000001
tot_sleeping_duration: 2748402.3254400124
tot_uptimes: 715
tot_uptimes_duration: 42840.04255998711
