comms_cons: 282.4259456095623
finished_reconf: true
global_termination_time: 2793611.449
local_termination_time: 788893.1703599999
node_cons: 57468.52716446656
tot_aggregated_send: 38454
tot_msg_rcv: 1469
tot_msg_sent: 3004
tot_reconf_duration: 18.700000000000003
tot_sleeping_duration: 2750711.4246800095
tot_uptimes: 716
tot_uptimes_duration: 42900.02431999077
