comms_cons: 193.35736318058972
finished_reconf: true
global_termination_time: 1933018.979
local_termination_time: 405117.07432000025
node_cons: 39799.1645345186
tot_aggregated_send: 25752
tot_msg_rcv: 1257
tot_msg_sent: 2382
tot_reconf_duration: 22.65
tot_sleeping_duration: 1903318.8999600308
tot_uptimes: 496
tot_uptimes_duration: 29700.07903996925
