comms_cons: 194.85616638107177
finished_reconf: true
global_termination_time: 1934607.324
local_termination_time: 677055.40236
node_cons: 39772.523311168174
tot_aggregated_send: 26390
tot_msg_rcv: 1239
tot_msg_sent: 1988
tot_reconf_duration: 3.05
tot_sleeping_duration: 1904907.2632000237
tot_uptimes: 496
tot_uptimes_duration: 29700.060799976374
