comms_cons: 1.861913599998069
finished_reconf: true
global_termination_time: 10320.188
local_termination_time: 5501.249360000001
node_cons: 178.5648600000001
tot_aggregated_send: 0
tot_msg_rcv: 179
tot_msg_sent: 104
tot_reconf_duration: 13.17
tot_sleeping_duration: 10200.188
tot_uptimes: 3
tot_uptimes_duration: 120.0
