comms_cons: 101.07551359528557
finished_reconf: true
global_termination_time: 985122.1522400002
local_termination_time: 32511.248480000002
node_cons: 20295.367821678807
tot_aggregated_send: 12876
tot_msg_rcv: 904
tot_msg_sent: 1583
tot_reconf_duration: 5.57
tot_sleeping_duration: 969970.6931200011
tot_uptimes: 253
tot_uptimes_duration: 15151.45911999909
