comms_cons: 100.52485119277728
finished_reconf: true
global_termination_time: 985121.5674799999
local_termination_time: 985121.5263599999
node_cons: 20314.914489911145
tot_aggregated_send: 13140
tot_msg_rcv: 666
tot_msg_sent: 1474
tot_reconf_duration: 37.410000000000004
tot_sleeping_duration: 969987.8022000066
tot_uptimes: 253
tot_uptimes_duration: 15133.765279993357
