comms_cons: 1070.1864217764048
finished_reconf: true
global_termination_time: 6554950.18
local_termination_time: 3307016.8386000004
node_cons: 134819.10522781537
tot_aggregated_send: 0
tot_msg_rcv: 81860
tot_msg_sent: 80801
tot_reconf_duration: 6.279999999999999
tot_sleeping_duration: 6454270.137440016
tot_uptimes: 1679
tot_uptimes_duration: 100680.0425599846
