comms_cons: 2634.492121569647
finished_reconf: true
global_termination_time: 6552898.547
local_termination_time: 3307017.09748
node_cons: 398629.68017248367
tot_aggregated_send: 0
tot_msg_rcv: 161545
tot_msg_sent: 238884
tot_reconf_duration: 5.57
tot_sleeping_duration: 6255197.190680021
tot_uptimes: 4890
tot_uptimes_duration: 297701.3563199784
