comms_cons: 644.0129152806808
finished_reconf: true
global_termination_time: 6554984.878
local_termination_time: 3565363.5719999983
node_cons: 134814.75148669828
tot_aggregated_send: 91002
tot_msg_rcv: 2115
tot_msg_sent: 4769
tot_reconf_duration: 3.08
tot_sleeping_duration: 6454304.841520012
tot_uptimes: 1679
tot_uptimes_duration: 100680.03647998697
