comms_cons: 642.4726656702114
finished_reconf: true
global_termination_time: 6555576.459
local_termination_time: 3770955.5054799975
node_cons: 134830.78451718064
tot_aggregated_send: 92220
tot_msg_rcv: 1837
tot_msg_sent: 3596
tot_reconf_duration: 9.11
tot_sleeping_duration: 6454890.56420001
tot_uptimes: 1679
tot_uptimes_duration: 100685.89479998895
