comms_cons: 652.0451841300766
finished_reconf: true
global_termination_time: 6553605.376
local_termination_time: 377614.41348000005
node_cons: 134817.14967340408
tot_aggregated_send: 91060
tot_msg_rcv: 2639
tot_msg_sent: 5408
tot_reconf_duration: 4.8100000000000005
tot_sleeping_duration: 6452925.303040024
tot_uptimes: 1679
tot_uptimes_duration: 100680.07295997645
