comms_cons: 651.1334465162751
finished_reconf: true
global_termination_time: 6554220.019
local_termination_time: 1051225.138519999
node_cons: 134819.0481711661
tot_aggregated_send: 90944
tot_msg_rcv: 2678
tot_msg_sent: 5347
tot_reconf_duration: 6.22
tot_sleeping_duration: 6453539.958200023
tot_uptimes: 1679
tot_uptimes_duration: 100680.06079997797
