comms_cons: 651.6226753141594
finished_reconf: true
global_termination_time: 6554435.037
local_termination_time: 1080438.64836
node_cons: 134825.95225004936
tot_aggregated_send: 91060
tot_msg_rcv: 2599
tot_msg_sent: 5383
tot_reconf_duration: 11.31
tot_sleeping_duration: 6453754.982280019
tot_uptimes: 1679
tot_uptimes_duration: 100680.05471998034
