comms_cons: 186.6959615950727
finished_reconf: true
global_termination_time: 1900416.676
local_termination_time: 905006.9533599999
node_cons: 39053.776381116644
tot_aggregated_send: 27144
tot_msg_rcv: 387
tot_msg_sent: 845
tot_reconf_duration: 6.279999999999999
tot_sleeping_duration: 1871256.6699200023
tot_uptimes: 487
tot_uptimes_duration: 29160.006079997635
