comms_cons: 229.88445426618793
finished_reconf: true
global_termination_time: 1897422.605
local_termination_time: 330885.5973600001
node_cons: 38971.456403354874
tot_aggregated_send: 0
tot_msg_rcv: 17760
tot_msg_sent: 17184
tot_reconf_duration: 4.8100000000000005
tot_sleeping_duration: 1868322.5867600036
tot_uptimes: 486
tot_uptimes_duration: 29100.018239996338
