comms_cons: 142.82813439698162
finished_reconf: true
global_termination_time: 1541672.837
local_termination_time: 5495.314
node_cons: 31664.0743289623
tot_aggregated_send: 20176
tot_msg_rcv: 508
tot_msg_sent: 1027
tot_reconf_duration: 7.3999999999999995
tot_sleeping_duration: 1518032.7883599985
tot_uptimes: 395
tot_uptimes_duration: 23640.04864000168
