comms_cons: 141.32121599578792
finished_reconf: true
global_termination_time: 1537927.758
local_termination_time: 7397.964
node_cons: 31581.488224471977
tot_aggregated_send: 20525
tot_msg_rcv: 295
tot_msg_sent: 660
tot_reconf_duration: 5.77
tot_sleeping_duration: 1514347.7336800061
tot_uptimes: 394
tot_uptimes_duration: 23580.024319993972
