comms_cons: 144.11142399449272
finished_reconf: true
global_termination_time: 1539019.242
local_termination_time: 7107.369
node_cons: 31663.916807827074
tot_aggregated_send: 20698
tot_msg_rcv: 406
tot_msg_sent: 801
tot_reconf_duration: 7.29
tot_sleeping_duration: 1515379.19944001
tot_uptimes: 395
tot_uptimes_duration: 23640.04255999031
