comms_cons: 146.6566463949947
finished_reconf: true
global_termination_time: 1541083.969
local_termination_time: 7338.455
node_cons: 31666.746921116883
tot_aggregated_send: 21102
tot_msg_rcv: 446
tot_msg_sent: 743
tot_reconf_duration: 9.41
tot_sleeping_duration: 1517443.9629200024
tot_uptimes: 395
tot_uptimes_duration: 23640.006079997635
