comms_cons: 188.07740151677532
finished_reconf: true
global_termination_time: 1058538.33
local_termination_time: 299944.81936
node_cons: 21780.700804481115
tot_aggregated_send: 0
tot_msg_rcv: 14657
tot_msg_sent: 13928
tot_reconf_duration: 6.279999999999999
tot_sleeping_duration: 1042278.3056799993
tot_uptimes: 272
tot_uptimes_duration: 16260.02432000084
