comms_cons: 108.71943679094771
finished_reconf: true
global_termination_time: 1059286.478
local_termination_time: 372719.2913600001
node_cons: 21776.363345588816
tot_aggregated_send: 13514
tot_msg_rcv: 1089
tot_msg_sent: 1920
tot_reconf_duration: 3.08
tot_sleeping_duration: 1043026.4476000083
tot_uptimes: 272
tot_uptimes_duration: 16260.030399991607
