comms_cons: 105.80011519520482
finished_reconf: true
global_termination_time: 1060799.776
local_termination_time: 372811.97272000054
node_cons: 21784.535803364306
tot_aggregated_send: 14152
tot_msg_rcv: 598
tot_msg_sent: 1331
tot_reconf_duration: 9.11
tot_sleeping_duration: 1044539.7577599968
tot_uptimes: 272
tot_uptimes_duration: 16260.018240003206
