comms_cons: 110.15352319410131
finished_reconf: true
global_termination_time: 1058439.013
local_termination_time: 353565.57800000045
node_cons: 21789.332245593396
tot_aggregated_send: 14094
tot_msg_rcv: 1029
tot_msg_sent: 1620
tot_reconf_duration: 12.629999999999999
tot_sleeping_duration: 1042178.982600005
tot_uptimes: 272
tot_uptimes_duration: 16260.030399995041
