comms_cons: 108.76235519284491
finished_reconf: true
global_termination_time: 1061681.718
local_termination_time: 330557.4138000002
node_cons: 21797.559023355065
tot_aggregated_send: 13804
tot_msg_rcv: 985
tot_msg_sent: 1740
tot_reconf_duration: 18.700000000000003
tot_sleeping_duration: 1045421.6997600037
tot_uptimes: 272
tot_uptimes_duration: 16260.018239996338
