comms_cons: 108.48568319465969
finished_reconf: true
global_termination_time: 1060090.746
local_termination_time: 308814.3860800006
node_cons: 21778.69640336432
tot_aggregated_send: 14326
tot_msg_rcv: 769
tot_msg_sent: 1396
tot_reconf_duration: 4.8100000000000005
tot_sleeping_duration: 1043830.7277599969
tot_uptimes: 272
tot_uptimes_duration: 16260.018240003206
