comms_cons: 103.01711359415889
finished_reconf: true
global_termination_time: 1035744.258
local_termination_time: 113964.15935999998
node_cons: 21314.845462238303
tot_aggregated_send: 14152
tot_msg_rcv: 440
tot_msg_sent: 1066
tot_reconf_duration: 18.21
tot_sleeping_duration: 1019844.2458400014
tot_uptimes: 266
tot_uptimes_duration: 15900.012159998703
