comms_cons: 103.24080639505776
finished_reconf: true
global_termination_time: 1033445.316
local_termination_time: 423822.4264800001
node_cons: 21230.62428447659
tot_aggregated_send: 13456
tot_msg_rcv: 791
tot_msg_sent: 1445
tot_reconf_duration: 15.34
tot_sleeping_duration: 1017605.2916800026
tot_uptimes: 265
tot_uptimes_duration: 15840.024319997407
