comms_cons: 101.93875199570397
finished_reconf: true
global_termination_time: 1035354.06
local_termination_time: 686431.6383599999
node_cons: 21297.03394111683
tot_aggregated_send: 13920
tot_msg_rcv: 587
tot_msg_sent: 988
tot_reconf_duration: 5.1
tot_sleeping_duration: 1019454.0539200024
tot_uptimes: 266
tot_uptimes_duration: 15900.006079997635
