comms_cons: 102.79212159205619
finished_reconf: true
global_termination_time: 1032943.724
local_termination_time: 622419.4165999999
node_cons: 21220.436547827143
tot_aggregated_send: 13398
tot_msg_rcv: 710
tot_msg_sent: 1516
tot_reconf_duration: 7.819999999999999
tot_sleeping_duration: 1017103.6814400097
tot_uptimes: 265
tot_uptimes_duration: 15840.04255999031
