comms_cons: 104.78033919272076
finished_reconf: true
global_termination_time: 1037964.858
local_termination_time: 819242.2690000001
node_cons: 21298.563042238413
tot_aggregated_send: 13565
tot_msg_rcv: 750
tot_msg_sent: 1611
tot_reconf_duration: 6.22
tot_sleeping_duration: 1022064.8458400014
tot_uptimes: 266
tot_uptimes_duration: 15900.012159998703
