comms_cons: 9.316147199991153
finished_reconf: true
global_termination_time: 3453.882120000003
local_termination_time: 3453.841000000003
node_cons: 1044.378550680004
tot_aggregated_send: 0
tot_msg_rcv: 672
tot_msg_sent: 740
tot_reconf_duration: 24.59
tot_sleeping_duration: 2698.852
tot_uptimes: 12
tot_uptimes_duration: 755.0301200000029
