comms_cons: 390.9746432558916
finished_reconf: true
global_termination_time: 3894968.107
local_termination_time: 2582684.7603599997
node_cons: 80113.86638223192
tot_aggregated_send: 54056
tot_msg_rcv: 1605
tot_msg_sent: 3764
tot_reconf_duration: 10.95
tot_sleeping_duration: 3835148.094840004
tot_uptimes: 998
tot_uptimes_duration: 59820.012159995735
