comms_cons: 214.38926078489732
finished_reconf: true
global_termination_time: 2122876.445
local_termination_time: 172210.20908000018
node_cons: 43659.0262467052
tot_aggregated_send: 29406
tot_msg_rcv: 1157
tot_msg_sent: 2022
tot_reconf_duration: 25.299999999999997
tot_sleeping_duration: 2090296.4085200105
tot_uptimes: 544
tot_uptimes_duration: 32580.03647998924
