comms_cons: 211.14065918648373
finished_reconf: true
global_termination_time: 2119131.061
local_termination_time: 1100414.7722799983
node_cons: 43550.83640335016
tot_aggregated_send: 29348
tot_msg_rcv: 998
tot_msg_sent: 1747
tot_reconf_duration: 4.8100000000000005
tot_sleeping_duration: 2086611.0427600073
tot_uptimes: 543
tot_uptimes_duration: 32520.018239992904
