comms_cons: 212.0878783871997
finished_reconf: true
global_termination_time: 2122740.434
local_termination_time: 1243680.6555599996
node_cons: 43635.26398335017
tot_aggregated_send: 29406
tot_msg_rcv: 1031
tot_msg_sent: 1799
tot_reconf_duration: 7.819999999999999
tot_sleeping_duration: 2090160.415760007
tot_uptimes: 544
tot_uptimes_duration: 32580.018239992904
