comms_cons: 213.2878079824287
finished_reconf: true
global_termination_time: 2134548.974
local_termination_time: 916118.7310399993
node_cons: 43873.228483349994
tot_aggregated_send: 29638
tot_msg_rcv: 920
tot_msg_sent: 1860
tot_reconf_duration: 5.57
tot_sleeping_duration: 2101788.9557600073
tot_uptimes: 547
tot_uptimes_duration: 32760.018239992904
