comms_cons: 215.0621439827951
finished_reconf: true
global_termination_time: 2133132.272239997
local_termination_time: 87928.47935999997
node_cons: 43902.62815873852
tot_aggregated_send: 29812
tot_msg_rcv: 1078
tot_msg_sent: 1799
tot_reconf_duration: 13.17
tot_sleeping_duration: 2100358.0054000127
tot_uptimes: 547
tot_uptimes_duration: 32774.26683998428
