comms_cons: 110.3726591962829
finished_reconf: true
global_termination_time: 1116017.871
local_termination_time: 657520.4612799992
node_cons: 22905.428240000074
tot_aggregated_send: 15950
tot_msg_rcv: 251
tot_msg_sent: 575
tot_reconf_duration: 6.279999999999999
tot_sleeping_duration: 1098917.871
tot_uptimes: 286
tot_uptimes_duration: 17100.0
