comms_cons: 676.949669931617
finished_reconf: true
global_termination_time: 1395342.785639998
local_termination_time: 1395342.744519998
node_cons: 85187.25230121674
tot_aggregated_send: 0
tot_msg_rcv: 41460
tot_msg_sent: 61434
tot_reconf_duration: 37.410000000000004
tot_sleeping_duration: 1331760.672480014
tot_uptimes: 1046
tot_uptimes_duration: 63582.113159984205
