comms_cons: 138.56515839607084
finished_reconf: true
global_termination_time: 1395728.399
local_termination_time: 112627.20479999956
node_cons: 28724.21969719944
tot_aggregated_send: 19952
tot_msg_rcv: 372
tot_msg_sent: 738
tot_reconf_duration: 25.299999999999997
tot_sleeping_duration: 1374302.0642000004
tot_uptimes: 358
tot_uptimes_duration: 21426.33479999956
