comms_cons: 141.22252798911492
finished_reconf: true
global_termination_time: 1398897.507
local_termination_time: 233590.10336000007
node_cons: 28777.135967822465
tot_aggregated_send: 18734
tot_msg_rcv: 929
tot_msg_sent: 1802
tot_reconf_duration: 11.31
tot_sleeping_duration: 1377417.464440013
tot_uptimes: 359
tot_uptimes_duration: 21480.042559986876
