comms_cons: 145.99377917832828
finished_reconf: true
global_termination_time: 1398952.827
local_termination_time: 364092.6648800004
node_cons: 28769.15906893929
tot_aggregated_send: 18212
tot_msg_rcv: 1417
tot_msg_sent: 2560
tot_reconf_duration: 5.43
tot_sleeping_duration: 1377472.7783600155
tot_uptimes: 359
tot_uptimes_duration: 21480.04863998451
