comms_cons: 56.924819200653815
finished_reconf: true
global_termination_time: 592869.765
local_termination_time: 214854.47164000038
node_cons: 12156.077321121436
tot_aggregated_send: 8004
tot_msg_rcv: 199
tot_msg_sent: 449
tot_reconf_duration: 18.21
tot_sleeping_duration: 583809.758919999
tot_uptimes: 152
tot_uptimes_duration: 9060.006080001069
