comms_cons: 57.25940480011577
finished_reconf: true
global_termination_time: 588372.26824
local_termination_time: 71844.97483999965
node_cons: 12075.546010481487
tot_aggregated_send: 8236
tot_msg_rcv: 114
tot_msg_sent: 353
tot_reconf_duration: 3.05
tot_sleeping_duration: 579357.0299199988
tot_uptimes: 151
tot_uptimes_duration: 9015.23832000111
