comms_cons: 58.44366080055143
finished_reconf: true
global_termination_time: 589320.128
local_termination_time: 164120.88436000005
node_cons: 12066.375262242875
tot_aggregated_send: 8294
tot_msg_rcv: 191
tot_msg_sent: 398
tot_reconf_duration: 11.31
tot_sleeping_duration: 580320.1158399979
tot_uptimes: 151
tot_uptimes_duration: 9000.012160002138
