comms_cons: 9.154803199882123
finished_reconf: true
global_termination_time: 96558.244
local_termination_time: 1770.22112
node_cons: 1936.0988267169043
tot_aggregated_send: 0
tot_msg_rcv: 443
tot_msg_sent: 951
tot_reconf_duration: 5.8100000000000005
tot_sleeping_duration: 95118.20752000231
tot_uptimes: 25
tot_uptimes_duration: 1440.0364799976887
