comms_cons: 9.218995199638803
finished_reconf: true
global_termination_time: 98794.73
local_termination_time: 2209.21324
node_cons: 2014.5675233585935
tot_aggregated_send: 0
tot_msg_rcv: 542
tot_msg_sent: 862
tot_reconf_duration: 4.45
tot_sleeping_duration: 97294.71176000105
tot_uptimes: 26
tot_uptimes_duration: 1500.0182399989499
