comms_cons: 11.918694399910972
finished_reconf: true
global_termination_time: 97666.843
local_termination_time: 1127.17312
node_cons: 2018.8017467197562
tot_aggregated_send: 0
tot_msg_rcv: 625
tot_msg_sent: 1188
tot_reconf_duration: 7.55
tot_sleeping_duration: 96166.80652000017
tot_uptimes: 26
tot_uptimes_duration: 1500.0364799998188
