comms_cons: 898.0939777604935
finished_reconf: true
global_termination_time: 9023052.272159997
local_termination_time: 9023052.231039997
node_cons: 185709.49246294133
tot_aggregated_send: 129024
tot_msg_rcv: 2499
tot_msg_sent: 4982
tot_reconf_duration: 37.410000000000004
tot_sleeping_duration: 8884397.537520004
tot_uptimes: 2311
tot_uptimes_duration: 138654.7346399912
