comms_cons: 897.2143042139651
finished_reconf: true
global_termination_time: 9026494.982
local_termination_time: 3194728.127599999
node_cons: 185669.9714866964
tot_aggregated_send: 126034
tot_msg_rcv: 3497
tot_msg_sent: 6837
tot_reconf_duration: 3.08
tot_sleeping_duration: 8887834.945520014
tot_uptimes: 2312
tot_uptimes_duration: 138660.0364799872
