comms_cons: 881.6588544740083
finished_reconf: true
global_termination_time: 9024064.318
local_termination_time: 5944083.45336
node_cons: 185601.56019999267
tot_aggregated_send: 129282
tot_msg_rcv: 1528
tot_msg_sent: 3197
tot_reconf_duration: 11.899999999999999
tot_sleeping_duration: 8885464.318
tot_uptimes: 2311
tot_uptimes_duration: 138600.0
