comms_cons: 900.4848898566839
finished_reconf: true
global_termination_time: 9027449.119
local_termination_time: 1819799.8189199993
node_cons: 185673.18721004733
tot_aggregated_send: 124004
tot_msg_rcv: 4039
tot_msg_sent: 8825
tot_reconf_duration: 5.43
tot_sleeping_duration: 8888789.06428002
tot_uptimes: 2312
tot_uptimes_duration: 138660.05471998057
