comms_cons: 35.78426880070254
finished_reconf: true
global_termination_time: 340577.027
local_termination_time: 398.57563999999854
node_cons: 7004.947121121439
tot_aggregated_send: 4350
tot_msg_rcv: 401
tot_msg_sent: 688
tot_reconf_duration: 11.31
tot_sleeping_duration: 335357.02091999893
tot_uptimes: 88
tot_uptimes_duration: 5220.006080001069
