comms_cons: 5.006771199994461
finished_reconf: true
global_termination_time: 3522.5480400000006
local_termination_time: 3522.5069200000007
node_cons: 605.1730535600013
tot_aggregated_send: 0
tot_msg_rcv: 350
tot_msg_sent: 409
tot_reconf_duration: 24.59
tot_sleeping_duration: 3095.528
tot_uptimes: 7
tot_uptimes_duration: 427.0200400000008
