comms_cons: 37.652761599913205
finished_reconf: true
global_termination_time: 383725.9
local_termination_time: 103853.26135999997
node_cons: 7880.245800000019
tot_aggregated_send: 5626
tot_msg_rcv: 43
tot_msg_sent: 54
tot_reconf_duration: 5.1
tot_sleeping_duration: 377845.9
tot_uptimes: 99
tot_uptimes_duration: 5880.000000000001
