comms_cons: 37.731712000152086
finished_reconf: true
global_termination_time: 384848.922
local_termination_time: 21813.82636
node_cons: 7907.677400000009
tot_aggregated_send: 5568
tot_msg_rcv: 75
tot_msg_sent: 92
tot_reconf_duration: 25.299999999999997
tot_sleeping_duration: 378968.922
tot_uptimes: 99
tot_uptimes_duration: 5880.0
