comms_cons: 37.52775680003265
finished_reconf: true
global_termination_time: 383712.3396000002
local_termination_time: 50392.03388000018
node_cons: 7915.3208927204705
tot_aggregated_send: 5626
tot_msg_rcv: 23
tot_msg_sent: 54
tot_reconf_duration: 13.17
tot_sleeping_duration: 377814.32911999983
tot_uptimes: 99
tot_uptimes_duration: 5898.010480000346
