comms_cons: 142.0068799934263
finished_reconf: true
global_termination_time: 1443633.013
local_termination_time: 1115771.7509199984
node_cons: 29666.29172000016
tot_aggregated_send: 19894
tot_msg_rcv: 520
tot_msg_sent: 1169
tot_reconf_duration: 15.34
tot_sleeping_duration: 1421493.013
tot_uptimes: 370
tot_uptimes_duration: 22140.0
