comms_cons: 146.1046143889962
finished_reconf: true
global_termination_time: 1445186.332
local_termination_time: 118805.45859999994
node_cons: 29760.206246701026
tot_aggregated_send: 19894
tot_msg_rcv: 761
tot_msg_sent: 1550
tot_reconf_duration: 25.299999999999997
tot_sleeping_duration: 1422986.2955200141
tot_uptimes: 371
tot_uptimes_duration: 22200.036479985807
