comms_cons: 392.66991987137607
finished_reconf: true
global_termination_time: 815021.8395199991
local_termination_time: 815021.7983999992
node_cons: 49326.374925760145
tot_aggregated_send: 0
tot_msg_rcv: 24125
tot_msg_sent: 35558
tot_reconf_duration: 24.59
tot_sleeping_duration: 778208.5596799986
tot_uptimes: 602
tot_uptimes_duration: 36813.27984000056
