comms_cons: 82.46369279874345
finished_reconf: true
global_termination_time: 815252.124
local_termination_time: 122810.4174399996
node_cons: 16717.26826223828
tot_aggregated_send: 11252
tot_msg_rcv: 469
tot_msg_sent: 813
tot_reconf_duration: 4.8100000000000005
tot_sleeping_duration: 802772.1118400012
tot_uptimes: 209
tot_uptimes_duration: 12480.012159998703
