comms_cons: 15.179468799877846
finished_reconf: true
global_termination_time: 168258.277
local_termination_time: 1263.10112
node_cons: 3484.1102867194695
tot_aggregated_send: 0
tot_msg_rcv: 403
tot_msg_sent: 1905
tot_reconf_duration: 21.68
tot_sleeping_duration: 165678.2405200004
tot_uptimes: 44
tot_uptimes_duration: 2580.0364799996023
