comms_cons: 12.81334400010825
finished_reconf: true
global_termination_time: 169834.802
local_termination_time: 1409.3651200000002
node_cons: 3459.804788961766
tot_aggregated_send: 0
tot_msg_rcv: 464
tot_msg_sent: 1484
tot_reconf_duration: 3.77
tot_sleeping_duration: 167254.75335999866
tot_uptimes: 44
tot_uptimes_duration: 2580.048640001318
