comms_cons: 163.91418879650112
finished_reconf: true
global_termination_time: 1673708.89
local_termination_time: 455254.95336
node_cons: 34391.49790223818
tot_aggregated_send: 23374
tot_msg_rcv: 479
tot_msg_sent: 1061
tot_reconf_duration: 4.390000000000001
tot_sleeping_duration: 1648028.8778400011
tot_uptimes: 429
tot_uptimes_duration: 25680.012159998703
