comms_cons: 163.6444415968297
finished_reconf: true
global_termination_time: 1671797.823
local_termination_time: 1315000.1913999983
node_cons: 34400.87898000006
tot_aggregated_send: 24070
tot_msg_rcv: 232
tot_msg_sent: 571
tot_reconf_duration: 11.31
tot_sleeping_duration: 1646117.823
tot_uptimes: 429
tot_uptimes_duration: 25680.0
