comms_cons: 326.58348801400496
finished_reconf: true
global_termination_time: 3351797.481
local_termination_time: 1277567.543639999
node_cons: 68939.31662446627
tot_aggregated_send: 45414
tot_msg_rcv: 1360
tot_msg_sent: 2864
tot_reconf_duration: 5.57
tot_sleeping_duration: 3300317.4566800096
tot_uptimes: 859
tot_uptimes_duration: 51480.0243199908
