comms_cons: 329.20140799944863
finished_reconf: true
global_termination_time: 3352969.869
local_termination_time: 817995.8872399989
node_cons: 68948.8715399985
tot_aggregated_send: 48720
tot_msg_rcv: 441
tot_msg_sent: 876
tot_reconf_duration: 12.629999999999999
tot_sleeping_duration: 3301489.869
tot_uptimes: 859
tot_uptimes_duration: 51480.0
