comms_cons: 336.73836802156256
finished_reconf: true
global_termination_time: 3351115.55
local_termination_time: 639244.2583199996
node_cons: 68935.97587563453
tot_aggregated_send: 45820
tot_msg_rcv: 1864
tot_msg_sent: 3498
tot_reconf_duration: 3.05
tot_sleeping_duration: 3299635.4648800325
tot_uptimes: 859
tot_uptimes_duration: 51480.085119967116
