comms_cons: 534.088428503312
finished_reconf: true
global_termination_time: 1105749.5405599994
local_termination_time: 1105749.4994399995
node_cons: 67055.30623939158
tot_aggregated_send: 0
tot_msg_rcv: 32843
tot_msg_sent: 48334
tot_reconf_duration: 37.410000000000004
tot_sleeping_duration: 1055708.8359600047
tot_uptimes: 820
tot_uptimes_duration: 50040.7045999947
