comms_cons: 114.4201215884607
finished_reconf: true
global_termination_time: 1108294.018
local_termination_time: 397382.2373600001
node_cons: 22757.113421109938
tot_aggregated_send: 14732
tot_msg_rcv: 982
tot_msg_sent: 1679
tot_reconf_duration: 15.34
tot_sleeping_duration: 1091313.9719200074
tot_uptimes: 284
tot_uptimes_duration: 16980.046079992433
