comms_cons: 111.71481599316951
finished_reconf: true
global_termination_time: 1105981.376
local_termination_time: 736545.5883599999
node_cons: 22749.02864223376
tot_aggregated_send: 15370
tot_msg_rcv: 572
tot_msg_sent: 1038
tot_reconf_duration: 9.42
tot_sleeping_duration: 1089001.3638400047
tot_uptimes: 284
tot_uptimes_duration: 16980.01215999527
