comms_cons: 114.77407998570514
finished_reconf: true
global_termination_time: 1107104.941
local_termination_time: 168716.94272000008
node_cons: 22746.896547831624
tot_aggregated_send: 14210
tot_msg_rcv: 1032
tot_msg_sent: 2203
tot_reconf_duration: 7.819999999999999
tot_sleeping_duration: 1090124.8984400064
tot_uptimes: 284
tot_uptimes_duration: 16980.042559993744
