comms_cons: 113.582700788971
finished_reconf: true
global_termination_time: 1111971.775
local_termination_time: 457342.5483600005
node_cons: 22825.06374782242
tot_aggregated_send: 14558
tot_msg_rcv: 897
tot_msg_sent: 1808
tot_reconf_duration: 6.22
tot_sleeping_duration: 1094931.7324400132
tot_uptimes: 285
tot_uptimes_duration: 17040.042559986876
