comms_cons: 27.297100800053418
finished_reconf: true
global_termination_time: 269730.8928400002
local_termination_time: 63724.50236000002
node_cons: 5588.352937879429
tot_aggregated_send: 3712
tot_msg_rcv: 130
tot_msg_sent: 306
tot_reconf_duration: 4.390000000000001
tot_sleeping_duration: 265561.81792000064
tot_uptimes: 70
tot_uptimes_duration: 4169.074919999563
