comms_cons: 27.770598400328243
finished_reconf: true
global_termination_time: 272739.874
local_termination_time: 2604.4642400000043
node_cons: 5551.931183363159
tot_aggregated_send: 3538
tot_msg_rcv: 219
tot_msg_sent: 463
tot_reconf_duration: 6.22
tot_sleeping_duration: 268599.8557599976
tot_uptimes: 70
tot_uptimes_duration: 4140.018240002355
