comms_cons: 89.66917119465639
finished_reconf: true
global_termination_time: 860458.291
local_termination_time: 239653.78540000037
node_cons: 17682.412906714824
tot_aggregated_send: 11136
tot_msg_rcv: 864
tot_msg_sent: 1631
tot_reconf_duration: 5.57
tot_sleeping_duration: 847258.2545200038
tot_uptimes: 221
tot_uptimes_duration: 13200.03647999611
