comms_cons: 91.53233919066108
finished_reconf: true
global_termination_time: 861146.153
local_termination_time: 266833.88136000006
node_cons: 17679.055910069932
tot_aggregated_send: 10614
tot_msg_rcv: 1140
tot_msg_sent: 2162
tot_reconf_duration: 3.08
tot_sleeping_duration: 847946.0982800076
tot_uptimes: 221
tot_uptimes_duration: 13200.054719992448
