comms_cons: 90.24443519057033
finished_reconf: true
global_termination_time: 859212.045
local_termination_time: 133741.67936000007
node_cons: 17687.26093231279
tot_aggregated_send: 11020
tot_msg_rcv: 948
tot_msg_sent: 1749
tot_reconf_duration: 9.11
tot_sleeping_duration: 846011.9781200055
tot_uptimes: 221
tot_uptimes_duration: 13200.066879994585
