comms_cons: 88.20138239705035
finished_reconf: true
global_termination_time: 857798.768
local_termination_time: 146136.20144000064
node_cons: 17609.38708783622
tot_aggregated_send: 11484
tot_msg_rcv: 704
tot_msg_sent: 1219
tot_reconf_duration: 10.95
tot_sleeping_duration: 844658.7254400029
tot_uptimes: 220
tot_uptimes_duration: 13140.042559997179
