comms_cons: 199.0142207915157
finished_reconf: true
global_termination_time: 2006603.985
local_termination_time: 232363.34336000006
node_cons: 41221.34579999969
tot_aggregated_send: 28594
tot_msg_rcv: 499
tot_msg_sent: 1156
tot_reconf_duration: 5.1
tot_sleeping_duration: 1975823.985
tot_uptimes: 514
tot_uptimes_duration: 30780.0
