comms_cons: 199.2510719902457
finished_reconf: true
global_termination_time: 2009698.519
local_termination_time: 681238.8533599998
node_cons: 41305.74621999964
tot_aggregated_send: 28884
tot_msg_rcv: 480
tot_msg_sent: 921
tot_reconf_duration: 8.09
tot_sleeping_duration: 1978858.519
tot_uptimes: 515
tot_uptimes_duration: 30840.0
