comms_cons: 198.51095039511918
finished_reconf: true
global_termination_time: 2010542.792
local_termination_time: 759938.1579199984
node_cons: 41310.92019999971
tot_aggregated_send: 29058
tot_msg_rcv: 370
tot_msg_sent: 744
tot_reconf_duration: 11.899999999999999
tot_sleeping_duration: 1979702.792
tot_uptimes: 515
tot_uptimes_duration: 30840.0
