comms_cons: 397.9975164650268
finished_reconf: true
global_termination_time: 2009007.783
local_termination_time: 605664.87648
node_cons: 41303.24746558397
tot_aggregated_send: 0
tot_msg_rcv: 30676
tot_msg_sent: 29819
tot_reconf_duration: 6.22
tot_sleeping_duration: 1978167.7526000119
tot_uptimes: 515
tot_uptimes_duration: 30840.030399988173
