comms_cons: 41.74958080059048
finished_reconf: true
global_termination_time: 416924.141
local_termination_time: 12203.810160000005
node_cons: 8533.19154000001
tot_aggregated_send: 5800
tot_msg_rcv: 209
tot_msg_sent: 337
tot_reconf_duration: 12.629999999999999
tot_sleeping_duration: 410564.141
tot_uptimes: 107
tot_uptimes_duration: 6360.0
