comms_cons: 40.66666240029352
finished_reconf: true
global_termination_time: 412827.821
local_termination_time: 134333.58236000006
node_cons: 8451.860200000003
tot_aggregated_send: 5858
tot_msg_rcv: 102
tot_msg_sent: 221
tot_reconf_duration: 11.899999999999999
tot_sleeping_duration: 406527.821
tot_uptimes: 106
tot_uptimes_duration: 6300.0
