comms_cons: 33.07363840014039
finished_reconf: true
global_termination_time: 306496.041
local_termination_time: 2119.57148
node_cons: 6277.163983362019
tot_aggregated_send: 3770
tot_msg_rcv: 503
tot_msg_sent: 754
tot_reconf_duration: 7.819999999999999
tot_sleeping_duration: 301816.0227599985
tot_uptimes: 79
tot_uptimes_duration: 4680.018240001504
