comms_cons: 88.04348160002526
finished_reconf: true
global_termination_time: 885681.304
local_termination_time: 157684.58408000015
node_cons: 18165.392663364317
tot_aggregated_send: 11426
tot_msg_rcv: 716
tot_msg_sent: 1241
tot_reconf_duration: 6.279999999999999
tot_sleeping_duration: 872121.2857599969
tot_uptimes: 227
tot_uptimes_duration: 13560.018240003206
