comms_cons: 89.85739519823896
finished_reconf: true
global_termination_time: 887146.518
local_termination_time: 256114.71148000006
node_cons: 18244.817330088314
tot_aggregated_send: 11426
tot_msg_rcv: 797
tot_msg_sent: 1435
tot_reconf_duration: 5.57
tot_sleeping_duration: 873526.4632799939
tot_uptimes: 228
tot_uptimes_duration: 13620.054720006185
