comms_cons: 88.02499839812454
finished_reconf: true
global_termination_time: 884001.09
local_termination_time: 287522.67036000005
node_cons: 18191.229964485734
tot_aggregated_send: 12122
tot_msg_rcv: 403
tot_msg_sent: 855
tot_reconf_duration: 25.299999999999997
tot_sleeping_duration: 870441.0656799957
tot_uptimes: 227
tot_uptimes_duration: 13560.024320004275
