comms_cons: 87.95732479652725
finished_reconf: true
global_termination_time: 886697.113
local_termination_time: 379099.36636
node_cons: 18243.149761121396
tot_aggregated_send: 12470
tot_msg_rcv: 258
tot_msg_sent: 641
tot_reconf_duration: 4.390000000000001
tot_sleeping_duration: 873077.1069199989
tot_uptimes: 228
tot_uptimes_duration: 13620.006080001069
