comms_cons: 504.4056640412307
finished_reconf: true
global_termination_time: 2552915.028
local_termination_time: 1343737.0335999997
node_cons: 52492.794982232735
tot_aggregated_send: 0
tot_msg_rcv: 38808
tot_msg_sent: 37858
tot_reconf_duration: 22.65
tot_sleeping_duration: 2513735.0158400047
tot_uptimes: 654
tot_uptimes_duration: 39180.01215999527
