comms_cons: 254.93146878611725
finished_reconf: true
global_termination_time: 2554369.063
local_termination_time: 136869.09724000093
node_cons: 52549.90908118747
tot_aggregated_send: 35148
tot_msg_rcv: 1142
tot_msg_sent: 2458
tot_reconf_duration: 5.43
tot_sleeping_duration: 2515128.9322000085
tot_uptimes: 655
tot_uptimes_duration: 39240.13079999125
