comms_cons: 76.42788479813534
finished_reconf: true
global_termination_time: 778638.681
local_termination_time: 5824.156
node_cons: 16004.292763353978
tot_aggregated_send: 11007
tot_msg_rcv: 228
tot_msg_sent: 381
tot_reconf_duration: 12.23
tot_sleeping_duration: 766698.6627600045
tot_uptimes: 200
tot_uptimes_duration: 11940.018239995487
