comms_cons: 263.0905854279089
finished_reconf: true
global_termination_time: 1776415.723
local_termination_time: 626305.4625999999
node_cons: 36505.14312335042
tot_aggregated_send: 0
tot_msg_rcv: 20385
tot_msg_sent: 19606
tot_reconf_duration: 22.65
tot_sleeping_duration: 1749175.704760007
tot_uptimes: 455
tot_uptimes_duration: 27240.018239992904
