comms_cons: 175.165247994587
finished_reconf: true
global_termination_time: 1777725.295
local_termination_time: 733679.5011199979
node_cons: 36587.5200547939
tot_aggregated_send: 25578
tot_msg_rcv: 322
tot_msg_sent: 724
tot_reconf_duration: 15.34
tot_sleeping_duration: 1750416.3418000045
tot_uptimes: 456
tot_uptimes_duration: 27308.953199995565
