comms_cons: 81.00302719617889
finished_reconf: true
global_termination_time: 796279.412
local_termination_time: 348372.10336000007
node_cons: 16316.592201121464
tot_aggregated_send: 10614
tot_msg_rcv: 593
tot_msg_sent: 1105
tot_reconf_duration: 5.57
tot_sleeping_duration: 784099.405919999
tot_uptimes: 204
tot_uptimes_duration: 12180.006080001069
