comms_cons: 82.11624959856508
finished_reconf: true
global_termination_time: 794985.781
local_termination_time: 248771.14136000007
node_cons: 16315.978364481158
tot_aggregated_send: 10324
tot_msg_rcv: 706
tot_msg_sent: 1452
tot_reconf_duration: 5.1
tot_sleeping_duration: 782805.7566799991
tot_uptimes: 204
tot_uptimes_duration: 12180.02432000084
