comms_cons: 79.6412159997751
finished_reconf: true
global_termination_time: 790575.54624
local_termination_time: 14112.233360000004
node_cons: 16253.701481602928
tot_aggregated_send: 10846
tot_msg_rcv: 441
tot_msg_sent: 817
tot_reconf_duration: 4.390000000000001
tot_sleeping_duration: 778441.3118399979
tot_uptimes: 203
tot_uptimes_duration: 12134.23440000217
