comms_cons: 79.82286079765314
finished_reconf: true
global_termination_time: 796216.064
local_termination_time: 178067.91860000006
node_cons: 16313.203730350397
tot_aggregated_send: 10788
tot_msg_rcv: 445
tot_msg_sent: 900
tot_reconf_duration: 3.05
tot_sleeping_duration: 784036.0327600072
tot_uptimes: 204
tot_uptimes_duration: 12180.031239992824
