comms_cons: 29.36954880025715
finished_reconf: true
global_termination_time: 291908.627
local_termination_time: 71851.96447999995
node_cons: 5951.121620000005
tot_aggregated_send: 4002
tot_msg_rcv: 176
tot_msg_sent: 286
tot_reconf_duration: 4.390000000000001
tot_sleeping_duration: 287468.627
tot_uptimes: 75
tot_uptimes_duration: 4440.0
