comms_cons: 1254.674089810863
finished_reconf: true
global_termination_time: 8269263.654
local_termination_time: 2441245.788879999
node_cons: 170088.36522781447
tot_aggregated_send: 0
tot_msg_rcv: 96026
tot_msg_sent: 94674
tot_reconf_duration: 6.279999999999999
tot_sleeping_duration: 8142243.611440015
tot_uptimes: 2118
tot_uptimes_duration: 127020.04255998507
