comms_cons: 815.7647937628943
finished_reconf: true
global_termination_time: 8265876.738
local_termination_time: 2611002.260039998
node_cons: 170046.49583325422
tot_aggregated_send: 114550
tot_msg_rcv: 3237
tot_msg_sent: 6202
tot_reconf_duration: 25.299999999999997
tot_sleeping_duration: 8138907.254480015
tot_uptimes: 2117
tot_uptimes_duration: 126969.48351998534
