comms_cons: 816.2209985550094
finished_reconf: true
global_termination_time: 8266211.839
local_termination_time: 4073767.4673599997
node_cons: 170017.381847814
tot_aggregated_send: 115594
tot_msg_rcv: 2785
tot_msg_sent: 5680
tot_reconf_duration: 13.17
tot_sleeping_duration: 8139251.796440015
tot_uptimes: 2117
tot_uptimes_duration: 126960.04255998507
