comms_cons: 810.3162945407153
finished_reconf: true
global_termination_time: 8269457.207
local_termination_time: 4239575.565359999
node_cons: 170090.79878446244
tot_aggregated_send: 115072
tot_msg_rcv: 2778
tot_msg_sent: 5313
tot_reconf_duration: 8.09
tot_sleeping_duration: 8142437.182680009
tot_uptimes: 2118
tot_uptimes_duration: 127020.02431999147
