comms_cons: 255.878873600993
finished_reconf: true
global_termination_time: 2575767.3004799997
local_termination_time: 2575767.2593599996
node_cons: 52995.82794207375
tot_aggregated_send: 37048
tot_msg_rcv: 675
tot_msg_sent: 1169
tot_reconf_duration: 24.59
tot_sleeping_duration: 2536213.5777600035
tot_uptimes: 660
tot_uptimes_duration: 39553.72271999618
