comms_cons: 1091.6895418770844
finished_reconf: true
global_termination_time: 2575768.2429999937
local_termination_time: 665513.2026799985
node_cons: 156058.84814457042
tot_aggregated_send: 0
tot_msg_rcv: 67119
tot_msg_sent: 98813
tot_reconf_duration: 4.390000000000001
tot_sleeping_duration: 2459223.8916000123
tot_uptimes: 1907
tot_uptimes_duration: 116544.35139998162
