comms_cons: 254.7532031799219
finished_reconf: true
global_termination_time: 2575795.469
local_termination_time: 1935016.782999999
node_cons: 52952.51490111596
tot_aggregated_send: 35148
tot_msg_rcv: 1236
tot_msg_sent: 2337
tot_reconf_duration: 6.22
tot_sleeping_duration: 2536255.462920002
tot_uptimes: 660
tot_uptimes_duration: 39540.006079997635
