comms_cons: 387.5178878801348
finished_reconf: true
global_termination_time: 1115243.767
local_termination_time: 343003.7026
node_cons: 67657.99391044519
tot_aggregated_send: 0
tot_msg_rcv: 23763
tot_msg_sent: 35138
tot_reconf_duration: 4.390000000000001
tot_sleeping_duration: 1064719.471039995
tot_uptimes: 829
tot_uptimes_duration: 50524.295960004965
