comms_cons: 106.81989119960014
finished_reconf: true
global_termination_time: 1115024.81
local_termination_time: 650254.90636
node_cons: 22905.346760000153
tot_aggregated_send: 15486
tot_msg_rcv: 271
tot_msg_sent: 479
tot_reconf_duration: 6.22
tot_sleeping_duration: 1097924.81
tot_uptimes: 286
tot_uptimes_duration: 17100.0
