comms_cons: 178.8512320207511
finished_reconf: true
global_termination_time: 372096.9404400002
local_termination_time: 372096.8993200002
node_cons: 22416.519991202193
tot_aggregated_send: 0
tot_msg_rcv: 11034
tot_msg_sent: 16150
tot_reconf_duration: 24.59
tot_sleeping_duration: 355380.6396399986
tot_uptimes: 271
tot_uptimes_duration: 16716.300800001605
