comms_cons: 74.90127360862877
finished_reconf: true
global_termination_time: 372628.139
local_termination_time: 377.4153599999999
node_cons: 7663.06684111916
tot_aggregated_send: 0
tot_msg_rcv: 5889
tot_msg_sent: 5494
tot_reconf_duration: 22.65
tot_sleeping_duration: 366928.13292000064
tot_uptimes: 96
tot_uptimes_duration: 5700.006079999366
