comms_cons: 257.4641343855201
finished_reconf: true
global_termination_time: 2642797.826
local_termination_time: 1855033.18636
node_cons: 54330.679861116056
tot_aggregated_send: 36830
tot_msg_rcv: 804
tot_msg_sent: 1499
tot_reconf_duration: 15.34
tot_sleeping_duration: 2602237.8199200025
tot_uptimes: 677
tot_uptimes_duration: 40560.006079997635
