comms_cons: 265.775129607652
finished_reconf: true
global_termination_time: 2641555.11
local_termination_time: 536441.95136
node_cons: 54316.42896781765
tot_aggregated_send: 36656
tot_msg_rcv: 1182
tot_msg_sent: 2557
tot_reconf_duration: 4.8100000000000005
tot_sleeping_duration: 2600995.0674400157
tot_uptimes: 677
tot_uptimes_duration: 40560.04255998391
