comms_cons: 258.95073278389646
finished_reconf: true
global_termination_time: 2645398.141
local_termination_time: 1978411.2893599998
node_cons: 54397.570222232695
tot_aggregated_send: 36656
tot_msg_rcv: 885
tot_msg_sent: 1818
tot_reconf_duration: 5.43
tot_sleeping_duration: 2604778.1288400046
tot_uptimes: 678
tot_uptimes_duration: 40620.01215999527
