comms_cons: 74.35416959939025
finished_reconf: true
global_termination_time: 626132.7132400001
local_termination_time: 79569.00727999982
node_cons: 12898.311158412915
tot_aggregated_send: 5394
tot_msg_rcv: 2342
tot_msg_sent: 3566
tot_reconf_duration: 18.21
tot_sleeping_duration: 616518.3876399904
tot_uptimes: 161
tot_uptimes_duration: 9614.32560000963
