comms_cons: 63.99587839851649
finished_reconf: true
global_termination_time: 627786.514
local_termination_time: 254273.2418800009
node_cons: 12862.871183364312
tot_aggregated_send: 8294
tot_msg_rcv: 525
tot_msg_sent: 908
tot_reconf_duration: 6.22
tot_sleeping_duration: 618186.4957599968
tot_uptimes: 161
tot_uptimes_duration: 9600.018240003206
