comms_cons: 348.7044800417081
finished_reconf: true
global_termination_time: 3476152.30148
local_termination_time: 3476152.2603599997
node_cons: 71571.84263101747
tot_aggregated_send: 48810
tot_msg_rcv: 1386
tot_msg_sent: 2803
tot_reconf_duration: 37.410000000000004
tot_sleeping_duration: 3422738.530120015
tot_uptimes: 891
tot_uptimes_duration: 53413.77135998459
