comms_cons: 568.6079875415953
finished_reconf: true
global_termination_time: 3476868.133
local_termination_time: 2479281.32136
node_cons: 71509.55836446647
tot_aggregated_send: 0
tot_msg_rcv: 43500
tot_msg_sent: 42926
tot_reconf_duration: 5.1
tot_sleeping_duration: 3423468.108680009
tot_uptimes: 891
tot_uptimes_duration: 53400.024319991004
