comms_cons: 348.2273024266776
finished_reconf: true
global_termination_time: 3476789.536
local_termination_time: 636584.3883599999
node_cons: 71515.43306558354
tot_aggregated_send: 48024
tot_msg_rcv: 1768
tot_msg_sent: 3134
tot_reconf_duration: 9.42
tot_sleeping_duration: 3423389.505600011
tot_uptimes: 891
tot_uptimes_duration: 53400.03039998887
