comms_cons: 214.2384895852586
finished_reconf: true
global_termination_time: 2154753.246
local_termination_time: 1280021.7383199986
node_cons: 44278.34250223333
tot_aggregated_send: 29638
tot_msg_rcv: 899
tot_msg_sent: 2026
tot_reconf_duration: 8.09
tot_sleeping_duration: 2121693.2338400045
tot_uptimes: 552
tot_uptimes_duration: 33060.01215999527
