comms_cons: 119.56997119665068
finished_reconf: true
global_termination_time: 605918.532
local_termination_time: 1752.2013600000002
node_cons: 12458.669761121448
tot_aggregated_send: 0
tot_msg_rcv: 9178
tot_msg_sent: 8994
tot_reconf_duration: 4.390000000000001
tot_sleeping_duration: 596618.5259199989
tot_uptimes: 156
tot_uptimes_duration: 9300.006080001069
