comms_cons: 42.90296320031693
finished_reconf: true
global_termination_time: 415005.947
local_termination_time: 212286.18236000004
node_cons: 8526.675842242843
tot_aggregated_send: 5568
tot_msg_rcv: 378
tot_msg_sent: 575
tot_reconf_duration: 7.819999999999999
tot_sleeping_duration: 408645.93483999785
tot_uptimes: 107
tot_uptimes_duration: 6360.0121600021375
