comms_cons: 283.4397695874483
finished_reconf: true
global_termination_time: 2789671.164
local_termination_time: 2417213.592
node_cons: 57370.35662446672
tot_aggregated_send: 37001
tot_msg_rcv: 2169
tot_msg_sent: 3912
tot_reconf_duration: 5.57
tot_sleeping_duration: 2746831.1396800093
tot_uptimes: 715
tot_uptimes_duration: 42840.02431999054
