comms_cons: 275.92569600285196
finished_reconf: true
global_termination_time: 2787768.69
local_termination_time: 1441297.27336
node_cons: 57307.814599999234
tot_aggregated_send: 40078
tot_msg_rcv: 602
tot_msg_sent: 1259
tot_reconf_duration: 18.700000000000003
tot_sleeping_duration: 2744988.69
tot_uptimes: 714
tot_uptimes_duration: 42780.0
