comms_cons: 100.95660161072409
finished_reconf: true
global_termination_time: 345181.92448000016
local_termination_time: 2123.014480000002
node_cons: 14131.283142720267
tot_aggregated_send: 0
tot_msg_rcv: 5162
tot_msg_sent: 10180
tot_reconf_duration: 5.57
tot_sleeping_duration: 334633.964
tot_uptimes: 175
tot_uptimes_duration: 10547.960480000183
