comms_cons: 188.71022079029643
finished_reconf: true
global_termination_time: 1900933.296
local_termination_time: 285593.4973600001
node_cons: 39049.43074671003
tot_aggregated_send: 26332
tot_msg_rcv: 775
tot_msg_sent: 1575
tot_reconf_duration: 3.05
tot_sleeping_duration: 1871773.2595200075
tot_uptimes: 487
tot_uptimes_duration: 29160.036479992676
