comms_cons: 126.40943359756066
finished_reconf: true
global_termination_time: 1277854.354
local_termination_time: 734952.7723599998
node_cons: 26295.90917999999
tot_aggregated_send: 18502
tot_msg_rcv: 263
tot_msg_sent: 448
tot_reconf_duration: 18.21
tot_sleeping_duration: 1258234.354
tot_uptimes: 328
tot_uptimes_duration: 19620.0
