comms_cons: 127.37989119356111
finished_reconf: true
global_termination_time: 1279515.628
local_termination_time: 287851.58236
node_cons: 26279.64304223363
tot_aggregated_send: 18038
tot_msg_rcv: 396
tot_msg_sent: 927
tot_reconf_duration: 6.22
tot_sleeping_duration: 1259895.6158400048
tot_uptimes: 328
tot_uptimes_duration: 19620.01215999524
