comms_cons: 46.44915200310587
finished_reconf: true
global_termination_time: 233706.337
local_termination_time: 4688.115360000001
node_cons: 4770.826841121436
tot_aggregated_send: 0
tot_msg_rcv: 3656
tot_msg_sent: 3404
tot_reconf_duration: 22.65
tot_sleeping_duration: 230166.33091999893
tot_uptimes: 60
tot_uptimes_duration: 3540.0060800010688
