comms_cons: 573.4701121511356
finished_reconf: true
global_termination_time: 5680378.127239993
local_termination_time: 177054.46648000006
node_cons: 116886.5899371655
tot_aggregated_send: 78532
tot_msg_rcv: 2948
tot_msg_sent: 5684
tot_reconf_duration: 18.21
tot_sleeping_duration: 5593102.652440015
tot_uptimes: 1455
tot_uptimes_duration: 87275.47479997692
