comms_cons: 560.1882497017994
finished_reconf: true
global_termination_time: 5683973.62
local_termination_time: 2325860.52136
node_cons: 116903.26080446536
tot_aggregated_send: 79634
tot_msg_rcv: 1825
tot_msg_sent: 3686
tot_reconf_duration: 6.279999999999999
tot_sleeping_duration: 5596673.595680009
tot_uptimes: 1456
tot_uptimes_duration: 87300.02431999148
