comms_cons: 563.420556899495
finished_reconf: true
global_termination_time: 5683283.296
local_termination_time: 767852.4973599999
node_cons: 116900.71860782009
tot_aggregated_send: 79634
tot_msg_rcv: 1852
tot_msg_sent: 4150
tot_reconf_duration: 4.390000000000001
tot_sleeping_duration: 5595983.253440012
tot_uptimes: 1456
tot_uptimes_duration: 87300.0425599878
