comms_cons: 22.066636800435447
finished_reconf: true
global_termination_time: 218377.27548000016
local_termination_time: 150605.27536000006
node_cons: 4458.685418720221
tot_aggregated_send: 2900
tot_msg_rcv: 174
tot_msg_sent: 280
tot_reconf_duration: 15.34
tot_sleeping_duration: 215062.971
tot_uptimes: 56
tot_uptimes_duration: 3314.304480000166
