comms_cons: 22.454809600013117
finished_reconf: true
global_termination_time: 219697.207
local_termination_time: 36695.093640000174
node_cons: 4509.659560000003
tot_aggregated_send: 2958
tot_msg_rcv: 172
tot_msg_sent: 283
tot_reconf_duration: 7.819999999999999
tot_sleeping_duration: 216337.207
tot_uptimes: 57
tot_uptimes_duration: 3360.0
