comms_cons: 17.882892799953076
finished_reconf: true
global_termination_time: 11882.624240000003
local_termination_time: 1551.1040400000015
node_cons: 2030.7514119600335
tot_aggregated_send: 0
tot_msg_rcv: 1286
tot_msg_sent: 1431
tot_reconf_duration: 4.390000000000001
tot_sleeping_duration: 10370.458599999978
tot_uptimes: 24
tot_uptimes_duration: 1512.1656400000254
