comms_cons: 13.827859200053329
finished_reconf: true
global_termination_time: 127554.103
local_termination_time: 32332.40648
node_cons: 2595.6173211202904
tot_aggregated_send: 1334
tot_msg_rcv: 252
tot_msg_sent: 516
tot_reconf_duration: 18.21
tot_sleeping_duration: 125634.09691999979
tot_uptimes: 33
tot_uptimes_duration: 1920.0060800002175
