comms_cons: 14.946470399754277
finished_reconf: true
global_termination_time: 129199.694
local_termination_time: 72839.32735999997
node_cons: 2659.772663357453
tot_aggregated_send: 986
tot_msg_rcv: 530
tot_msg_sent: 755
tot_reconf_duration: 6.279999999999999
tot_sleeping_duration: 127219.6757600019
tot_uptimes: 34
tot_uptimes_duration: 1980.0182399980986
