comms_cons: 494.7021696128727
finished_reconf: true
global_termination_time: 3572303.666
local_termination_time: 1656999.7771999997
node_cons: 73441.4039833492
tot_aggregated_send: 0
tot_msg_rcv: 37837
tot_msg_sent: 37354
tot_reconf_duration: 7.819999999999999
tot_sleeping_duration: 3517463.647760007
tot_uptimes: 915
tot_uptimes_duration: 54840.018239993144
