comms_cons: 197.0445375870552
finished_reconf: true
global_termination_time: 1966450.25612
local_termination_time: 208839.50199999998
node_cons: 40465.02020503241
tot_aggregated_send: 27316
tot_msg_rcv: 894
tot_msg_sent: 1740
tot_reconf_duration: 22.65
tot_sleeping_duration: 1936252.8987600056
tot_uptimes: 504
tot_uptimes_duration: 30197.357359994552
