comms_cons: 23.19167999986546
finished_reconf: true
global_termination_time: 212504.72248000008
local_termination_time: 212504.68136000008
node_cons: 4390.127942078708
tot_aggregated_send: 2538
tot_msg_rcv: 390
tot_msg_sent: 596
tot_reconf_duration: 24.59
tot_sleeping_duration: 209250.99976000105
tot_uptimes: 55
tot_uptimes_duration: 3253.722719999023
