comms_cons: 22.961407999811307
finished_reconf: true
global_termination_time: 217259.926
local_termination_time: 87356.38535999997
node_cons: 4425.240121119152
tot_aggregated_send: 2726
tot_msg_rcv: 303
tot_msg_sent: 461
tot_reconf_duration: 4.8100000000000005
tot_sleeping_duration: 213959.91992000063
tot_uptimes: 56
tot_uptimes_duration: 3300.006079999366
