comms_cons: 23.65349759976659
finished_reconf: true
global_termination_time: 213493.366
local_termination_time: 30323.08712
node_cons: 4344.362325600318
tot_aggregated_send: 2204
tot_msg_rcv: 629
tot_msg_sent: 763
tot_reconf_duration: 4.390000000000001
tot_sleeping_duration: 210253.3355999998
tot_uptimes: 55
tot_uptimes_duration: 3240.030400000236
