comms_cons: 242.44124798214102
finished_reconf: true
global_termination_time: 2447504.387
local_termination_time: 556094.4043599998
node_cons: 50317.642450050735
tot_aggregated_send: 33872
tot_msg_rcv: 1005
tot_msg_sent: 1973
tot_reconf_duration: 18.21
tot_sleeping_duration: 2409944.3322800216
tot_uptimes: 627
tot_uptimes_duration: 37560.05471997871
