comms_cons: 240.9763583913429
finished_reconf: true
global_termination_time: 2447334.736
local_termination_time: 914186.0563599998
node_cons: 50299.76579999926
tot_aggregated_send: 34974
tot_msg_rcv: 553
tot_msg_sent: 1100
tot_reconf_duration: 5.1
tot_sleeping_duration: 2409774.736
tot_uptimes: 627
tot_uptimes_duration: 37560.0
