comms_cons: 242.86696319024733
finished_reconf: true
global_termination_time: 2447537.239
local_termination_time: 1040052.10336
node_cons: 50305.64189367665
tot_aggregated_send: 34858
tot_msg_rcv: 612
tot_msg_sent: 1443
tot_reconf_duration: 9.42
tot_sleeping_duration: 2409977.231880002
tot_uptimes: 627
tot_uptimes_duration: 37560.00711999799
