comms_cons: 113.62936319759667
finished_reconf: true
global_termination_time: 1152395.757
local_termination_time: 50835.88860000001
node_cons: 23723.058391519207
tot_aggregated_send: 16646
tot_msg_rcv: 170
tot_msg_sent: 455
tot_reconf_duration: 13.17
tot_sleeping_duration: 1134692.1173200007
tot_uptimes: 296
tot_uptimes_duration: 17703.63967999938
