comms_cons: 114.21491199809901
finished_reconf: true
global_termination_time: 1150915.497359999
local_termination_time: 8831.488360000001
node_cons: 23683.878711038666
tot_aggregated_send: 16588
tot_msg_rcv: 285
tot_msg_sent: 486
tot_reconf_duration: 8.09
tot_sleeping_duration: 1133235.966
tot_uptimes: 295
tot_uptimes_duration: 17679.531359998975
