comms_cons: 114.57881599637192
finished_reconf: true
global_termination_time: 1151586.392
local_termination_time: 162120.55064000085
node_cons: 23632.752360000013
tot_aggregated_send: 16356
tot_msg_rcv: 370
tot_msg_sent: 689
tot_reconf_duration: 9.42
tot_sleeping_duration: 1133946.392
tot_uptimes: 295
tot_uptimes_duration: 17640.0
