comms_cons: 114.25438719699108
finished_reconf: true
global_termination_time: 1152047.115
local_termination_time: 67489.94039999977
node_cons: 23704.441899999863
tot_aggregated_send: 16530
tot_msg_rcv: 258
tot_msg_sent: 578
tot_reconf_duration: 3.05
tot_sleeping_duration: 1134347.115
tot_uptimes: 296
tot_uptimes_duration: 17699.999999999884
