comms_cons: 32.87688960019843
finished_reconf: true
global_termination_time: 332844.249
local_termination_time: 106562.56400000001
node_cons: 6856.710477360838
tot_aggregated_send: 4638
tot_msg_rcv: 83
tot_msg_sent: 276
tot_reconf_duration: 18.700000000000003
tot_sleeping_duration: 327742.4447599994
tot_uptimes: 86
tot_uptimes_duration: 5101.804240000609
