comms_cons: 1099.5493648460204
finished_reconf: true
global_termination_time: 3768848.9922399977
local_termination_time: 3768848.9922399977
node_cons: 154003.63642235452
tot_aggregated_send: 0
tot_msg_rcv: 56012
tot_msg_sent: 111113
tot_reconf_duration: 24.59
tot_sleeping_duration: 3653860.012999998
tot_uptimes: 1900
tot_uptimes_duration: 114988.97923999986
