comms_cons: 741.2461323137579
finished_reconf: true
global_termination_time: 3773699.549
local_termination_time: 3261.07448
node_cons: 77633.20174447098
tot_aggregated_send: 0
tot_msg_rcv: 56650
tot_msg_sent: 56016
tot_reconf_duration: 18.21
tot_sleeping_duration: 3715739.5246800054
tot_uptimes: 967
tot_uptimes_duration: 57960.02431999467
