comms_cons: 367.8868799955072
finished_reconf: true
global_termination_time: 3771887.363
local_termination_time: 2013215.793639999
node_cons: 77535.49022223231
tot_aggregated_send: 52490
tot_msg_rcv: 1220
tot_msg_sent: 2206
tot_reconf_duration: 5.43
tot_sleeping_duration: 3713987.350840004
tot_uptimes: 966
tot_uptimes_duration: 57900.012159995735
