comms_cons: 11.42211839998265
finished_reconf: true
global_termination_time: 8618.244360000013
local_termination_time: 1931.7880400000015
node_cons: 1402.8016531600242
tot_aggregated_send: 0
tot_msg_rcv: 818
tot_msg_sent: 917
tot_reconf_duration: 4.390000000000001
tot_sleeping_duration: 7575.047919999995
tot_uptimes: 16
tot_uptimes_duration: 1043.1964400000181
