comms_cons: 1689.9417429467549
finished_reconf: true
global_termination_time: 3495238.7655999996
local_termination_time: 3495238.7244799994
node_cons: 212154.73175093022
tot_aggregated_send: 0
tot_msg_rcv: 103821
tot_msg_sent: 153041
tot_reconf_duration: 37.410000000000004
tot_sleeping_duration: 3336834.038960016
tot_uptimes: 2599
tot_uptimes_duration: 158404.72663998348
