comms_cons: 347.17406722320095
finished_reconf: true
global_termination_time: 3498180.52
local_termination_time: 2585351.1339199995
node_cons: 71911.24208223246
tot_aggregated_send: 47618
tot_msg_rcv: 1735
tot_msg_sent: 3414
tot_reconf_duration: 5.1
tot_sleeping_duration: 3444480.5078400047
tot_uptimes: 896
tot_uptimes_duration: 53700.0121599955
