comms_cons: 348.9736768498211
finished_reconf: true
global_termination_time: 3497957.89
local_termination_time: 339384.48248
node_cons: 71910.33489005569
tot_aggregated_send: 48662
tot_msg_rcv: 1548
tot_msg_sent: 2831
tot_reconf_duration: 4.390000000000001
tot_sleeping_duration: 3444257.835280017
tot_uptimes: 896
tot_uptimes_duration: 53700.054719983105
