comms_cons: 347.421235204375
finished_reconf: true
global_termination_time: 3497242.766
local_termination_time: 1046997.1347199999
node_cons: 71914.96840670436
tot_aggregated_send: 48778
tot_msg_rcv: 1414
tot_msg_sent: 2614
tot_reconf_duration: 7.819999999999999
tot_sleeping_duration: 3443542.7295200103
tot_uptimes: 896
tot_uptimes_duration: 53700.036479989474
