comms_cons: 103.26742399492935
finished_reconf: true
global_termination_time: 999724.814
local_termination_time: 485500.58556000027
node_cons: 20587.89614335516
tot_aggregated_send: 13456
tot_msg_rcv: 855
tot_msg_sent: 1385
tot_reconf_duration: 15.34
tot_sleeping_duration: 984364.7957600037
tot_uptimes: 257
tot_uptimes_duration: 15360.018239996338
