comms_cons: 824.1638588221861
finished_reconf: true
global_termination_time: 999942.575
local_termination_time: 566306.6284799998
node_cons: 99876.00983470732
tot_aggregated_send: 0
tot_msg_rcv: 56546
tot_msg_sent: 68721
tot_reconf_duration: 5.57
tot_sleeping_duration: 925358.2241600374
tot_uptimes: 1214
tot_uptimes_duration: 74584.35083996264
