comms_cons: 11.012608000004768
finished_reconf: true
global_termination_time: 114783.027
local_termination_time: 103336.42447999996
node_cons: 2354.589180000008
tot_aggregated_send: 1566
tot_msg_rcv: 9
tot_msg_sent: 98
tot_reconf_duration: 18.21
tot_sleeping_duration: 113043.027
tot_uptimes: 30
tot_uptimes_duration: 1740.0
