comms_cons: 10.967526400027204
finished_reconf: true
global_termination_time: 112770.368
local_termination_time: 52501.01916000006
node_cons: 2256.0519799999965
tot_aggregated_send: 1566
tot_msg_rcv: 47
tot_msg_sent: 54
tot_reconf_duration: 4.8100000000000005
tot_sleeping_duration: 111090.368
tot_uptimes: 29
tot_uptimes_duration: 1680.0
