comms_cons: 94.86159359672793
finished_reconf: true
global_termination_time: 110182.02159999995
local_termination_time: 110181.98047999995
node_cons: 11048.783786439331
tot_aggregated_send: 0
tot_msg_rcv: 6476
tot_msg_sent: 7941
tot_reconf_duration: 24.59
tot_sleeping_duration: 101955.44164000044
tot_uptimes: 133
tot_uptimes_duration: 8226.579959999497
