comms_cons: 10.921472000025318
finished_reconf: true
global_termination_time: 111608.428
local_termination_time: 54962.899400000075
node_cons: 2264.8789799999963
tot_aggregated_send: 1566
tot_msg_rcv: 46
tot_msg_sent: 48
tot_reconf_duration: 11.31
tot_sleeping_duration: 109928.428
tot_uptimes: 29
tot_uptimes_duration: 1680.0
