comms_cons: 37.402752000334004
finished_reconf: true
global_termination_time: 380830.684
local_termination_time: 133012.49336000005
node_cons: 7809.140200000002
tot_aggregated_send: 5452
tot_msg_rcv: 70
tot_msg_sent: 163
tot_reconf_duration: 11.899999999999999
tot_sleeping_duration: 375010.684
tot_uptimes: 98
tot_uptimes_duration: 5820.0
