comms_cons: 49.46242559987292
finished_reconf: true
global_termination_time: 497878.704
local_termination_time: 65966.93627999979
node_cons: 10211.708240000013
tot_aggregated_send: 7134
tot_msg_rcv: 157
tot_msg_sent: 227
tot_reconf_duration: 6.279999999999999
tot_sleeping_duration: 490258.704
tot_uptimes: 128
tot_uptimes_duration: 7620.0
