comms_cons: 48.738713600487394
finished_reconf: true
global_termination_time: 494386.298
local_termination_time: 171429.582
node_cons: 10133.467701121413
tot_aggregated_send: 7068
tot_msg_rcv: 107
tot_msg_sent: 233
tot_reconf_duration: 7.819999999999999
tot_sleeping_duration: 486826.29191999894
tot_uptimes: 127
tot_uptimes_duration: 7560.006080001069
