comms_cons: 48.528179200097476
finished_reconf: true
global_termination_time: 498745.711
local_termination_time: 323195.1974800001
node_cons: 10210.553940000003
tot_aggregated_send: 7308
tot_msg_rcv: 15
tot_msg_sent: 53
tot_reconf_duration: 5.43
tot_sleeping_duration: 491125.711
tot_uptimes: 128
tot_uptimes_duration: 7620.0
