comms_cons: 292.4048381896295
finished_reconf: true
global_termination_time: 1485772.848
local_termination_time: 2141.0720400000014
node_cons: 30533.358182238313
tot_aggregated_send: 0
tot_msg_rcv: 22398
tot_msg_sent: 22044
tot_reconf_duration: 3.05
tot_sleeping_duration: 1462972.8358400012
tot_uptimes: 381
tot_uptimes_duration: 22800.012159998703
