comms_cons: 1.802700799996155
finished_reconf: true
global_termination_time: 7968.434360000004
local_termination_time: 6631.8243600000005
node_cons: 208.57837904000476
tot_aggregated_send: 0
tot_msg_rcv: 168
tot_msg_sent: 105
tot_reconf_duration: 18.21
tot_sleeping_duration: 7831.131
tot_uptimes: 3
tot_uptimes_duration: 137.30336000000352
