comms_cons: 134.88080639362633
finished_reconf: true
global_termination_time: 1358462.531
local_termination_time: 666385.2587599981
node_cons: 27933.431684637602
tot_aggregated_send: 19430
tot_msg_rcv: 384
tot_msg_sent: 688
tot_reconf_duration: 25.299999999999997
tot_sleeping_duration: 1337626.7772400018
tot_uptimes: 348
tot_uptimes_duration: 20835.75375999813
