comms_cons: 139.14061438595473
finished_reconf: true
global_termination_time: 1359799.067
local_termination_time: 137743.48536000008
node_cons: 27964.338607822487
tot_aggregated_send: 18270
tot_msg_rcv: 955
tot_msg_sent: 1926
tot_reconf_duration: 4.390000000000001
tot_sleeping_duration: 1338919.024440013
tot_uptimes: 349
tot_uptimes_duration: 20880.042559986876
