comms_cons: 139.625036786361
finished_reconf: true
global_termination_time: 1360134.263
local_termination_time: 306155.71636
node_cons: 27966.815606714794
tot_aggregated_send: 18096
tot_msg_rcv: 1033
tot_msg_sent: 2095
tot_reconf_duration: 6.22
tot_sleeping_duration: 1339254.2265200038
tot_uptimes: 349
tot_uptimes_duration: 20880.03647999611
