comms_cons: 504.15261450989414
finished_reconf: true
global_termination_time: 5023406.75448
local_termination_time: 5023406.7133599995
node_cons: 103386.52333660155
tot_aggregated_send: 69922
tot_msg_rcv: 2042
tot_msg_sent: 4664
tot_reconf_duration: 37.410000000000004
tot_sleeping_duration: 4946232.9527200265
tot_uptimes: 1287
tot_uptimes_duration: 77173.80175997372
