comms_cons: 504.5160640924751
finished_reconf: true
global_termination_time: 5023726.648
local_termination_time: 182584.98820000066
node_cons: 103354.50067333177
tot_aggregated_send: 70354
tot_msg_rcv: 2103
tot_msg_sent: 4227
tot_reconf_duration: 25.299999999999997
tot_sleeping_duration: 4946564.479760019
tot_uptimes: 1287
tot_uptimes_duration: 77162.16823998114
