comms_cons: 510.8477377271651
finished_reconf: true
global_termination_time: 5025199.346
local_termination_time: 1745739.9043999994
node_cons: 103342.69158781633
tot_aggregated_send: 68266
tot_msg_rcv: 3064
tot_msg_sent: 6314
tot_reconf_duration: 18.700000000000003
tot_sleeping_duration: 4948039.303440016
tot_uptimes: 1287
tot_uptimes_duration: 77160.04255998437
