comms_cons: 65.9499007998881
finished_reconf: true
global_termination_time: 666173.917
local_termination_time: 306042.5225600007
node_cons: 13673.158980000017
tot_aggregated_send: 9454
tot_msg_rcv: 174
tot_msg_sent: 396
tot_reconf_duration: 11.31
tot_sleeping_duration: 655973.917
tot_uptimes: 171
tot_uptimes_duration: 10200.0
