comms_cons: 2.2638719999939223
finished_reconf: true
global_termination_time: 13930.393
local_termination_time: 5543.783000000005
node_cons: 252.15116512001342
tot_aggregated_send: 0
tot_msg_rcv: 177
tot_msg_sent: 167
tot_reconf_duration: 7.819999999999999
tot_sleeping_duration: 13750.010919999992
tot_uptimes: 4
tot_uptimes_duration: 180.3820800000094
