comms_cons: 218.6406015812807
finished_reconf: true
global_termination_time: 2168314.794
local_termination_time: 591485.664
node_cons: 44595.8307276653
tot_aggregated_send: 29983
tot_msg_rcv: 1039
tot_msg_sent: 2211
tot_reconf_duration: 4.390000000000001
tot_sleeping_duration: 2135013.920880011
tot_uptimes: 556
tot_uptimes_duration: 33300.87311998935
