comms_cons: 72.87779839953255
finished_reconf: true
global_termination_time: 725246.086
local_termination_time: 186509.20696000016
node_cons: 14880.8011422429
tot_aggregated_send: 10150
tot_msg_rcv: 357
tot_msg_sent: 570
tot_reconf_duration: 13.17
tot_sleeping_duration: 714146.0738399979
tot_uptimes: 186
tot_uptimes_duration: 11100.012160002138
