comms_cons: 689.1019393498664
finished_reconf: true
global_termination_time: 6958091.411
local_termination_time: 2981092.58036
node_cons: 143103.45742446376
tot_aggregated_send: 95642
tot_msg_rcv: 3000
tot_msg_sent: 6096
tot_reconf_duration: 13.17
tot_sleeping_duration: 6851231.386680009
tot_uptimes: 1782
tot_uptimes_duration: 106860.02431999147
