comms_cons: 690.5144769060291
finished_reconf: true
global_termination_time: 6955549.65
local_termination_time: 4460181.05236
node_cons: 143097.94780078434
tot_aggregated_send: 96338
tot_msg_rcv: 3045
tot_msg_sent: 5569
tot_reconf_duration: 9.11
tot_sleeping_duration: 6848689.622800009
tot_uptimes: 1782
tot_uptimes_duration: 106860.02719999151
