comms_cons: 693.4387585419641
finished_reconf: true
global_termination_time: 6956840.981
local_termination_time: 1357490.11436
node_cons: 143096.24097116585
tot_aggregated_send: 97324
tot_msg_rcv: 2690
tot_msg_sent: 5383
tot_reconf_duration: 7.819999999999999
tot_sleeping_duration: 6849980.920200022
tot_uptimes: 1782
tot_uptimes_duration: 106860.06079997797
