comms_cons: 696.788844958526
finished_reconf: true
global_termination_time: 6956110.381
local_termination_time: 1446053.4213599998
node_cons: 143094.06817116606
tot_aggregated_send: 96570
tot_msg_rcv: 3291
tot_msg_sent: 6046
tot_reconf_duration: 6.22
tot_sleeping_duration: 6849250.320200022
tot_uptimes: 1782
tot_uptimes_duration: 106860.06079997821
