comms_cons: 0.6710783999996462
finished_reconf: true
global_termination_time: 5165.673
local_termination_time: 276.30303999999956
node_cons: 86.30162000000001
tot_aggregated_send: 0
tot_msg_rcv: 46
tot_msg_sent: 55
tot_reconf_duration: 4.390000000000001
tot_sleeping_duration: 5105.673
tot_uptimes: 2
tot_uptimes_duration: 59.99999999999997
