comms_cons: 101.661798397663
finished_reconf: true
global_termination_time: 1037122.707
local_termination_time: 4919.089
node_cons: 21306.716481116866
tot_aggregated_send: 14719
tot_msg_rcv: 266
tot_msg_sent: 467
tot_reconf_duration: 12.23
tot_sleeping_duration: 1021222.7009200024
tot_uptimes: 266
tot_uptimes_duration: 15900.006079997635
