comms_cons: 2.1908735999960345
finished_reconf: true
global_termination_time: 13928.84048
local_termination_time: 13928.79936
node_cons: 292.7716598400069
tot_aggregated_send: 0
tot_msg_rcv: 164
tot_msg_sent: 168
tot_reconf_duration: 24.59
tot_sleeping_duration: 13735.129919999996
tot_uptimes: 4
tot_uptimes_duration: 193.710560000005
