comms_cons: 117.67459839574589
finished_reconf: true
global_termination_time: 1194253.557
local_termination_time: 616486.1921599993
node_cons: 24507.8419000001
tot_aggregated_send: 17226
tot_msg_rcv: 197
tot_msg_sent: 462
tot_reconf_duration: 3.05
tot_sleeping_duration: 1175953.557
tot_uptimes: 306
tot_uptimes_duration: 18300.0
