comms_cons: 77.68524799816615
finished_reconf: true
global_termination_time: 775018.934
local_termination_time: 645125.5313599998
node_cons: 15922.67897999994
tot_aggregated_send: 10846
tot_msg_rcv: 332
tot_msg_sent: 629
tot_reconf_duration: 11.31
tot_sleeping_duration: 763138.934
tot_uptimes: 199
tot_uptimes_duration: 11880.0
