comms_cons: 35.63952640103324
finished_reconf: true
global_termination_time: 339122.214
local_termination_time: 124035.70695999965
node_cons: 6919.89212448574
tot_aggregated_send: 4292
tot_msg_rcv: 430
tot_msg_sent: 695
tot_reconf_duration: 7.819999999999999
tot_sleeping_duration: 333962.1896799957
tot_uptimes: 87
tot_uptimes_duration: 5160.024320004275
