comms_cons: 102.4848256048346
finished_reconf: true
global_termination_time: 211257.15668000033
local_termination_time: 643.1940399999995
node_cons: 12961.491177121377
tot_aggregated_send: 0
tot_msg_rcv: 6261
tot_msg_sent: 9315
tot_reconf_duration: 18.21
tot_sleeping_duration: 201595.64659999934
tot_uptimes: 157
tot_uptimes_duration: 9661.510080001017
