comms_cons: 21.33697280036709
finished_reconf: true
global_termination_time: 213897.416
local_termination_time: 44742.128000000004
node_cons: 4344.337902240594
tot_aggregated_send: 2837
tot_msg_rcv: 114
tot_msg_sent: 292
tot_reconf_duration: 4.390000000000001
tot_sleeping_duration: 210657.40383999958
tot_uptimes: 55
tot_uptimes_duration: 3240.012160000435
