comms_cons: 14.961728000250131
finished_reconf: true
global_termination_time: 141456.315
local_termination_time: 5423.629480000004
node_cons: 2899.758394962867
tot_aggregated_send: 1682
tot_msg_rcv: 187
tot_msg_sent: 406
tot_reconf_duration: 4.390000000000001
tot_sleeping_duration: 139295.15235999788
tot_uptimes: 37
tot_uptimes_duration: 2161.1626400021414
