comms_cons: 38.626483200101774
finished_reconf: true
global_termination_time: 397822.403
local_termination_time: 149143.20248000007
node_cons: 8124.959559999979
tot_aggregated_send: 5800
tot_msg_rcv: 20
tot_msg_sent: 51
tot_reconf_duration: 7.819999999999999
tot_sleeping_duration: 391762.403
tot_uptimes: 102
tot_uptimes_duration: 6060.0
