comms_cons: 408.6347392046309
finished_reconf: true
global_termination_time: 4235804.563
local_termination_time: 2476779.84948
node_cons: 87109.4324255826
tot_aggregated_send: 58464
tot_msg_rcv: 1196
tot_msg_sent: 2450
tot_reconf_duration: 15.34
tot_sleeping_duration: 4170764.532600011
tot_uptimes: 1085
tot_uptimes_duration: 65040.03039998887
