comms_cons: 422.9051904436155
finished_reconf: true
global_termination_time: 4233735.978
local_termination_time: 516793.28112000047
node_cons: 87103.50337005015
tot_aggregated_send: 58696
tot_msg_rcv: 1787
tot_msg_sent: 3795
tot_reconf_duration: 10.95
tot_sleeping_duration: 4168695.9232800207
tot_uptimes: 1085
tot_uptimes_duration: 65040.05471997941
