comms_cons: 417.7507648382403
finished_reconf: true
global_termination_time: 4230958.825
local_termination_time: 1503877.76736
node_cons: 87023.62782669971
tot_aggregated_send: 59044
tot_msg_rcv: 1428
tot_msg_sent: 3023
tot_reconf_duration: 11.31
tot_sleeping_duration: 4165978.7885200134
tot_uptimes: 1084
tot_uptimes_duration: 64980.036479986506
