comms_cons: 18.60785920026682
finished_reconf: true
global_termination_time: 177469.44248000009
local_termination_time: 177469.40136000008
node_cons: 3667.0516598392637
tot_aggregated_send: 2132
tot_msg_rcv: 219
tot_msg_sent: 479
tot_reconf_duration: 24.59
tot_sleeping_duration: 174755.73192000066
tot_uptimes: 46
tot_uptimes_duration: 2713.7105599994393
