comms_cons: 18.32307199982158
finished_reconf: true
global_termination_time: 177984.865
local_termination_time: 91831.52835999997
node_cons: 3621.269761119153
tot_aggregated_send: 2262
tot_msg_rcv: 222
tot_msg_sent: 301
tot_reconf_duration: 4.390000000000001
tot_sleeping_duration: 175284.85892000064
tot_uptimes: 46
tot_uptimes_duration: 2700.006079999366
