comms_cons: 95.85894399929582
finished_reconf: true
global_termination_time: 971821.395
local_termination_time: 33008.23296000002
node_cons: 19931.24580000003
tot_aggregated_send: 14094
tot_msg_rcv: 190
tot_msg_sent: 286
tot_reconf_duration: 5.1
tot_sleeping_duration: 956941.395
tot_uptimes: 249
tot_uptimes_duration: 14880.0
