comms_cons: 95.33981439763012
finished_reconf: true
global_termination_time: 967039.688
local_termination_time: 422543.81136000005
node_cons: 19878.337400000015
tot_aggregated_send: 13804
tot_msg_rcv: 242
tot_msg_sent: 445
tot_reconf_duration: 25.299999999999997
tot_sleeping_duration: 952219.688
tot_uptimes: 248
tot_uptimes_duration: 14820.0
