comms_cons: 96.3859071989457
finished_reconf: true
global_termination_time: 968082.962
local_termination_time: 224221.19936000006
node_cons: 19864.507521121483
tot_aggregated_send: 13630
tot_msg_rcv: 338
tot_msg_sent: 682
tot_reconf_duration: 15.110000000000001
tot_sleeping_duration: 953262.955919999
tot_uptimes: 248
tot_uptimes_duration: 14820.006080001069
