comms_cons: 95.87815039832476
finished_reconf: true
global_termination_time: 971249.876
local_termination_time: 276196.4590000009
node_cons: 19939.76636512264
tot_aggregated_send: 13862
tot_msg_rcv: 251
tot_msg_sent: 459
tot_reconf_duration: 9.42
tot_sleeping_duration: 956367.8939199981
tot_uptimes: 249
tot_uptimes_duration: 14881.982080001966
