comms_cons: 97.09646079794565
finished_reconf: true
global_termination_time: 968504.74
local_termination_time: 57406.45036000001
node_cons: 19934.939560000028
tot_aggregated_send: 13630
tot_msg_rcv: 381
tot_msg_sent: 747
tot_reconf_duration: 7.819999999999999
tot_sleeping_duration: 953624.74
tot_uptimes: 249
tot_uptimes_duration: 14880.0
