comms_cons: 109.82126079588602
finished_reconf: true
global_termination_time: 1099635.474
local_termination_time: 4328.039
node_cons: 22605.038427831656
tot_aggregated_send: 14769
tot_msg_rcv: 637
tot_msg_sent: 1287
tot_reconf_duration: 21.68
tot_sleeping_duration: 1082775.4314400062
tot_uptimes: 282
tot_uptimes_duration: 16860.042559993744
