comms_cons: 110.4122047895483
finished_reconf: true
global_termination_time: 1099003.093
local_termination_time: 7329.592
node_cons: 22589.932028943887
tot_aggregated_send: 14431
tot_msg_rcv: 839
tot_msg_sent: 1511
tot_reconf_duration: 10.55
tot_sleeping_duration: 1082143.0443600123
tot_uptimes: 282
tot_uptimes_duration: 16860.048639987945
