comms_cons: 54.91063040015445
finished_reconf: true
global_termination_time: 560789.332
local_termination_time: 210995.55148000008
node_cons: 11522.98554112147
tot_aggregated_send: 8120
tot_msg_rcv: 75
tot_msg_sent: 151
tot_reconf_duration: 25.299999999999997
tot_sleeping_duration: 552209.3259199989
tot_uptimes: 144
tot_uptimes_duration: 8580.006080001069
