comms_cons: 336.52436483618516
finished_reconf: true
global_termination_time: 3346117.446
local_termination_time: 1234544.29236
node_cons: 68788.2648100514
tot_aggregated_send: 46748
tot_msg_rcv: 1502
tot_msg_sent: 2900
tot_reconf_duration: 12.629999999999999
tot_sleeping_duration: 3294757.39128002
tot_uptimes: 857
tot_uptimes_duration: 51360.05471997964
