comms_cons: 332.51997442577874
finished_reconf: true
global_termination_time: 3349784.002
local_termination_time: 418481.0066000001
node_cons: 68857.95268558328
tot_aggregated_send: 46574
tot_msg_rcv: 1386
tot_msg_sent: 2582
tot_reconf_duration: 4.8100000000000005
tot_sleeping_duration: 3298363.9716000115
tot_uptimes: 858
tot_uptimes_duration: 51420.03039998864
