comms_cons: 160.22234235358331
finished_reconf: true
global_termination_time: 785380.8706799985
local_termination_time: 1783.6990400000016
node_cons: 16240.201605366938
tot_aggregated_send: 0
tot_msg_rcv: 12643
tot_msg_sent: 11704
tot_reconf_duration: 18.21
tot_sleeping_duration: 773270.7344399934
tot_uptimes: 202
tot_uptimes_duration: 12110.136240005166
