comms_cons: 37.501440000044376
finished_reconf: true
global_termination_time: 386006.3089200004
local_termination_time: 46027.62048000001
node_cons: 7932.899594880546
tot_aggregated_send: 5626
tot_msg_rcv: 14
tot_msg_sent: 60
tot_reconf_duration: 15.34
tot_sleeping_duration: 380097.371
tot_uptimes: 99
tot_uptimes_duration: 5908.937920000404
