comms_cons: 38.74490880045726
finished_reconf: true
global_termination_time: 386761.174
local_termination_time: 13749.396480000001
node_cons: 7971.54486000001
tot_aggregated_send: 5394
tot_msg_rcv: 159
tot_msg_sent: 336
tot_reconf_duration: 13.17
tot_sleeping_duration: 380821.174
tot_uptimes: 100
tot_uptimes_duration: 5940.0
