comms_cons: 38.14620160004186
finished_reconf: true
global_termination_time: 389474.945
local_termination_time: 7130.982520000003
node_cons: 7959.621620000009
tot_aggregated_send: 5568
tot_msg_rcv: 60
tot_msg_sent: 170
tot_reconf_duration: 4.390000000000001
tot_sleeping_duration: 383534.945
tot_uptimes: 100
tot_uptimes_duration: 5940.0
