comms_cons: 112.23765761410209
finished_reconf: true
global_termination_time: 386005.60560000007
local_termination_time: 386005.56448000006
node_cons: 15760.523454400165
tot_aggregated_send: 0
tot_msg_rcv: 5716
tot_msg_sent: 11344
tot_reconf_duration: 24.59
tot_sleeping_duration: 374260.1759999999
tot_uptimes: 196
tot_uptimes_duration: 11745.429600000098
