comms_cons: 17.32206080008492
finished_reconf: true
global_termination_time: 170819.916
local_termination_time: 14106.33148
node_cons: 3461.1519800000037
tot_aggregated_send: 2262
tot_msg_rcv: 142
tot_msg_sent: 228
tot_reconf_duration: 4.8100000000000005
tot_sleeping_duration: 168239.916
tot_uptimes: 44
tot_uptimes_duration: 2580.0
