comms_cons: 17.461196799982858
finished_reconf: true
global_termination_time: 175120.778
local_termination_time: 39856.093280000074
node_cons: 3545.5795600000015
tot_aggregated_send: 2320
tot_msg_rcv: 109
tot_msg_sent: 225
tot_reconf_duration: 7.819999999999999
tot_sleeping_duration: 172480.778
tot_uptimes: 45
tot_uptimes_duration: 2640.0
