comms_cons: 16.862489600098908
finished_reconf: true
global_termination_time: 174839.408
local_termination_time: 168449.53204000078
node_cons: 3550.318979999998
tot_aggregated_send: 2494
tot_msg_rcv: 23
tot_msg_sent: 46
tot_reconf_duration: 11.31
tot_sleeping_duration: 172199.408
tot_uptimes: 45
tot_uptimes_duration: 2640.0
