comms_cons: 1.5461119999948922
finished_reconf: true
global_termination_time: 16199.733
local_termination_time: 4248.490360000001
node_cons: 332.34622000000024
tot_aggregated_send: 0
tot_msg_rcv: 123
tot_msg_sent: 112
tot_reconf_duration: 8.09
tot_sleeping_duration: 15959.733
tot_uptimes: 5
tot_uptimes_duration: 240.0
