comms_cons: 212.25918717083775
finished_reconf: true
global_termination_time: 2055470.967
local_termination_time: 608157.0637199997
node_cons: 42267.449651177194
tot_aggregated_send: 26970
tot_msg_rcv: 1745
tot_msg_sent: 3547
tot_reconf_duration: 6.279999999999999
tot_sleeping_duration: 2023910.9062000166
tot_uptimes: 527
tot_uptimes_duration: 31560.060799983214
