comms_cons: 204.52101118914308
finished_reconf: true
global_termination_time: 2056273.372
local_termination_time: 643974.6168399997
node_cons: 42266.40405999957
tot_aggregated_send: 29232
tot_msg_rcv: 583
tot_msg_sent: 1271
tot_reconf_duration: 5.57
tot_sleeping_duration: 2024713.372
tot_uptimes: 527
tot_uptimes_duration: 31560.0
