comms_cons: 210.81667197346246
finished_reconf: true
global_termination_time: 2055365.393
local_termination_time: 167272.28056000022
node_cons: 42289.68011118635
tot_aggregated_send: 27492
tot_msg_rcv: 1543
tot_msg_sent: 3007
tot_reconf_duration: 22.65
tot_sleeping_duration: 2023805.3322000098
tot_uptimes: 527
tot_uptimes_duration: 31560.060799990082
