comms_cons: 2.165183999992137
finished_reconf: true
global_termination_time: 14278.283
local_termination_time: 8969.528080000004
node_cons: 257.1801999999995
tot_aggregated_send: 0
tot_msg_rcv: 206
tot_msg_sent: 123
tot_reconf_duration: 11.899999999999999
tot_sleeping_duration: 14098.283
tot_uptimes: 4
tot_uptimes_duration: 180.0
