comms_cons: 137.84739839199636
finished_reconf: true
global_termination_time: 1397679.009
local_termination_time: 971354.7143599999
node_cons: 28699.264860000105
tot_aggregated_send: 19720
tot_msg_rcv: 372
tot_msg_sent: 860
tot_reconf_duration: 13.17
tot_sleeping_duration: 1376259.009
tot_uptimes: 358
tot_uptimes_duration: 21420.0
