comms_cons: 210.72582398927537
finished_reconf: true
global_termination_time: 2131278.822
local_termination_time: 873727.8153599999
node_cons: 43819.66554111647
tot_aggregated_send: 30218
tot_msg_rcv: 560
tot_msg_sent: 1251
tot_reconf_duration: 25.299999999999997
tot_sleeping_duration: 2098578.8159200028
tot_uptimes: 546
tot_uptimes_duration: 32700.006079997635
