comms_cons: 210.58703359719044
finished_reconf: true
global_termination_time: 2128458.7721599983
local_termination_time: 2128458.731039998
node_cons: 43909.36803958978
tot_aggregated_send: 30946
tot_msg_rcv: 375
tot_msg_sent: 686
tot_reconf_duration: 37.410000000000004
tot_sleeping_duration: 2095704.0557600055
tot_uptimes: 546
tot_uptimes_duration: 32754.716399992918
