comms_cons: 209.91778559128755
finished_reconf: true
global_termination_time: 2131046.367
local_termination_time: 759911.7070799996
node_cons: 43796.286219999485
tot_aggregated_send: 30334
tot_msg_rcv: 563
tot_msg_sent: 1009
tot_reconf_duration: 8.09
tot_sleeping_duration: 2098346.367
tot_uptimes: 546
tot_uptimes_duration: 32699.99999999997
