comms_cons: 210.3942143936557
finished_reconf: true
global_termination_time: 2131501.927
local_termination_time: 962277.8614399985
node_cons: 43802.45153999958
tot_aggregated_send: 30508
tot_msg_rcv: 549
tot_msg_sent: 922
tot_reconf_duration: 12.629999999999999
tot_sleeping_duration: 2098801.927
tot_uptimes: 546
tot_uptimes_duration: 32700.0
