comms_cons: 211.3953023855515
finished_reconf: true
global_termination_time: 2129568.722
local_termination_time: 541797.0745999988
node_cons: 43791.318607817426
tot_aggregated_send: 29290
tot_msg_rcv: 1033
tot_msg_sent: 1808
tot_reconf_duration: 4.390000000000001
tot_sleeping_duration: 2096868.6794400166
tot_uptimes: 546
tot_uptimes_duration: 32700.04255998344
