comms_cons: 215.4328575762344
finished_reconf: true
global_termination_time: 2130714.346
local_termination_time: 837933.09936
node_cons: 43793.79560670069
tot_aggregated_send: 28304
tot_msg_rcv: 1474
tot_msg_sent: 2969
tot_reconf_duration: 6.22
tot_sleeping_duration: 2098014.309520014
tot_uptimes: 546
tot_uptimes_duration: 32700.036479985807
