comms_cons: 214.70089598210015
finished_reconf: true
global_termination_time: 2128458.875239997
local_termination_time: 19147.927880000003
node_cons: 43819.7839705288
tot_aggregated_send: 29058
tot_msg_rcv: 1320
tot_msg_sent: 2253
tot_reconf_duration: 11.31
tot_sleeping_duration: 2095744.59220002
tot_uptimes: 546
tot_uptimes_duration: 32714.283039977017
