comms_cons: 65.4761984003234
finished_reconf: true
global_termination_time: 660794.456
local_termination_time: 13834.49136
node_cons: 13581.64264000002
tot_aggregated_send: 9512
tot_msg_rcv: 152
tot_msg_sent: 288
tot_reconf_duration: 3.08
tot_sleeping_duration: 650654.456
tot_uptimes: 170
tot_uptimes_duration: 10140.0
