comms_cons: 633.4863739841398
finished_reconf: true
global_termination_time: 1310465.390999999
local_termination_time: 1310465.349879999
node_cons: 79535.31300199697
tot_aggregated_send: 0
tot_msg_rcv: 38937
tot_msg_sent: 57348
tot_reconf_duration: 37.410000000000004
tot_sleeping_duration: 1251104.2929999998
tot_uptimes: 975
tot_uptimes_duration: 59361.09799999911
