comms_cons: 133.37843838854164
finished_reconf: true
global_termination_time: 1311711.356
local_termination_time: 381523.39836000005
node_cons: 26922.444522233665
tot_aggregated_send: 17690
tot_msg_rcv: 840
tot_msg_sent: 1742
tot_reconf_duration: 6.279999999999999
tot_sleeping_duration: 1291611.3438400046
tot_uptimes: 336
tot_uptimes_duration: 20100.01215999527
