comms_cons: 129.51155199591904
finished_reconf: true
global_termination_time: 1314059.834
local_termination_time: 641311.510119999
node_cons: 27005.226219999997
tot_aggregated_send: 19082
tot_msg_rcv: 204
tot_msg_sent: 399
tot_reconf_duration: 8.09
tot_sleeping_duration: 1293899.834
tot_uptimes: 337
tot_uptimes_duration: 20160.0
