comms_cons: 133.9919871865411
finished_reconf: true
global_termination_time: 1311662.898
local_termination_time: 240079.6158800004
node_cons: 26924.592830065456
tot_aggregated_send: 17574
tot_msg_rcv: 930
tot_msg_sent: 1862
tot_reconf_duration: 7.819999999999999
tot_sleeping_duration: 1291562.843280011
tot_uptimes: 336
tot_uptimes_duration: 20100.05471998913
