comms_cons: 164.83430399209496
finished_reconf: true
global_termination_time: 1640301.180239998
local_termination_time: 1640301.180239998
node_cons: 33863.47791671234
tot_aggregated_send: 23186
tot_msg_rcv: 647
tot_msg_sent: 1220
tot_reconf_duration: 24.59
tot_sleeping_duration: 1615035.9937600037
tot_uptimes: 421
tot_uptimes_duration: 25265.18647999427
