comms_cons: 58.96972160055697
finished_reconf: true
global_termination_time: 572279.754
local_termination_time: 57761.101360000015
node_cons: 11764.029964483463
tot_aggregated_send: 7366
tot_msg_rcv: 510
tot_msg_sent: 1086
tot_reconf_duration: 25.299999999999997
tot_sleeping_duration: 563519.7296799973
tot_uptimes: 147
tot_uptimes_duration: 8760.024320002572
