comms_cons: 57.70975999963336
finished_reconf: true
global_termination_time: 572500.655
local_termination_time: 130464.18735999995
node_cons: 11746.807822238265
tot_aggregated_send: 7772
tot_msg_rcv: 310
tot_msg_sent: 690
tot_reconf_duration: 12.629999999999999
tot_sleeping_duration: 563740.6428400013
tot_uptimes: 147
tot_uptimes_duration: 8760.012159998703
