comms_cons: 666.2746561215891
finished_reconf: true
global_termination_time: 6750593.292
local_termination_time: 3973379.1663599997
node_cons: 138844.69596334672
tot_aggregated_send: 93670
tot_msg_rcv: 2731
tot_msg_sent: 4869
tot_reconf_duration: 12.629999999999999
tot_sleeping_duration: 6646913.273760007
tot_uptimes: 1729
tot_uptimes_duration: 103680.0182399936
