comms_cons: 13.592627199792588
finished_reconf: true
global_termination_time: 132162.516
local_termination_time: 97251.27079999985
node_cons: 2681.9787000000124
tot_aggregated_send: 1682
tot_msg_rcv: 169
tot_msg_sent: 214
tot_reconf_duration: 22.65
tot_sleeping_duration: 130182.516
tot_uptimes: 34
tot_uptimes_duration: 1980.0
