comms_cons: 120.01093758953743
finished_reconf: true
global_termination_time: 1182392.684
local_termination_time: 300824.1284000008
node_cons: 24269.680087696204
tot_aggregated_send: 15196
tot_msg_rcv: 1001
tot_msg_sent: 2044
tot_reconf_duration: 5.1
tot_sleeping_duration: 1164272.6285200177
tot_uptimes: 303
tot_uptimes_duration: 18120.055479982228
