comms_cons: 118.31563519386519
finished_reconf: true
global_termination_time: 1180260.819
local_termination_time: 149276.44636000006
node_cons: 24293.471264481155
tot_aggregated_send: 16298
tot_msg_rcv: 535
tot_msg_sent: 1151
tot_reconf_duration: 22.65
tot_sleeping_duration: 1162140.794679999
tot_uptimes: 303
tot_uptimes_duration: 18120.02432000084
