comms_cons: 118.84500479265148
finished_reconf: true
global_termination_time: 1178458.15112
local_termination_time: 53225.976720000115
node_cons: 24213.349316390348
tot_aggregated_send: 15834
tot_msg_rcv: 656
tot_msg_sent: 1572
tot_reconf_duration: 7.819999999999999
tot_sleeping_duration: 1160382.9235200074
tot_uptimes: 302
tot_uptimes_duration: 18075.227599992766
