comms_cons: 118.34727678832408
finished_reconf: true
global_termination_time: 1181764.306
local_termination_time: 331561.278
node_cons: 24271.20817117752
tot_aggregated_send: 15428
tot_msg_rcv: 749
tot_msg_sent: 1812
tot_reconf_duration: 6.22
tot_sleeping_duration: 1163644.2452000168
tot_uptimes: 303
tot_uptimes_duration: 18120.060799983214
