comms_cons: 85.99559679488921
finished_reconf: true
global_termination_time: 856279.962
local_termination_time: 309228.32764000044
node_cons: 17615.299861116895
tot_aggregated_send: 11600
tot_msg_rcv: 492
tot_msg_sent: 978
tot_reconf_duration: 15.34
tot_sleeping_duration: 843139.9559200024
tot_uptimes: 220
tot_uptimes_duration: 13140.006079997635
