comms_cons: 87.06255359500527
finished_reconf: true
global_termination_time: 856625.103
local_termination_time: 560830.7015999989
node_cons: 17607.284924481206
tot_aggregated_send: 11658
tot_msg_rcv: 535
tot_msg_sent: 1040
tot_reconf_duration: 9.42
tot_sleeping_duration: 843485.0786799991
tot_uptimes: 220
tot_uptimes_duration: 13140.02432000084
