comms_cons: 132.29455358052252
finished_reconf: true
global_termination_time: 884975.2
local_termination_time: 669349.9035999998
node_cons: 18163.3719800001
tot_aggregated_send: 0
tot_msg_rcv: 10129
tot_msg_sent: 9979
tot_reconf_duration: 4.8100000000000005
tot_sleeping_duration: 871415.2
tot_uptimes: 227
tot_uptimes_duration: 13560.0
