comms_cons: 1314.5281050132508
finished_reconf: true
global_termination_time: 4512708.128359998
local_termination_time: 4512708.128359998
node_cons: 184015.5487470245
tot_aggregated_send: 0
tot_msg_rcv: 67035
tot_msg_sent: 132765
tot_reconf_duration: 24.59
tot_sleeping_duration: 4375305.473000004
tot_uptimes: 2267
tot_uptimes_duration: 137402.65535999337
