comms_cons: 444.0325696216395
finished_reconf: true
global_termination_time: 4516905.16
local_termination_time: 2191759.935599999
node_cons: 92881.60080446575
tot_aggregated_send: 62872
tot_msg_rcv: 1616
tot_msg_sent: 3001
tot_reconf_duration: 6.279999999999999
tot_sleeping_duration: 4447545.13568001
tot_uptimes: 1157
tot_uptimes_duration: 69360.024319991
