comms_cons: 442.6293120188216
finished_reconf: true
global_termination_time: 4512811.773
local_termination_time: 2251388.5333600002
node_cons: 92800.28848334898
tot_aggregated_send: 62350
tot_msg_rcv: 1734
tot_msg_sent: 3193
tot_reconf_duration: 5.57
tot_sleeping_duration: 4443511.754760007
tot_uptimes: 1156
tot_uptimes_duration: 69300.01823999337
