comms_cons: 452.56477447070716
finished_reconf: true
global_termination_time: 4513159.878
local_termination_time: 1200456.0857199996
node_cons: 92801.18746558251
tot_aggregated_send: 62292
tot_msg_rcv: 2189
tot_msg_sent: 4307
tot_reconf_duration: 6.22
tot_sleeping_duration: 4443859.84760001
tot_uptimes: 1156
tot_uptimes_duration: 69300.03039998887
