comms_cons: 575.1734016733087
finished_reconf: true
global_termination_time: 5838815.796
local_termination_time: 4218796.054799999
node_cons: 120115.25022334685
tot_aggregated_send: 82360
tot_msg_rcv: 1643
tot_msg_sent: 3420
tot_reconf_duration: 5.1
tot_sleeping_duration: 5749115.7777600065
tot_uptimes: 1496
tot_uptimes_duration: 89700.01823999337
