comms_cons: 574.3646144527639
finished_reconf: true
global_termination_time: 5839455.053
local_termination_time: 4474279.452799998
node_cons: 120126.18485999615
tot_aggregated_send: 83694
tot_msg_rcv: 1358
tot_msg_sent: 2248
tot_reconf_duration: 13.17
tot_sleeping_duration: 5749755.053
tot_uptimes: 1496
tot_uptimes_duration: 89700.0
