comms_cons: 586.5751553111511
finished_reconf: true
global_termination_time: 5837481.624
local_termination_time: 511707.0986000001
node_cons: 120034.5408266982
tot_aggregated_send: 81026
tot_msg_rcv: 2799
tot_msg_sent: 5331
tot_reconf_duration: 4.8100000000000005
tot_sleeping_duration: 5747841.587520013
tot_uptimes: 1495
tot_uptimes_duration: 89640.0364799865
