comms_cons: 582.7414784951487
finished_reconf: true
global_termination_time: 5838502.61
local_termination_time: 533873.6521599983
node_cons: 120114.31046669821
tot_aggregated_send: 81258
tot_msg_rcv: 2491
tot_msg_sent: 4824
tot_reconf_duration: 4.390000000000001
tot_sleeping_duration: 5748802.573520014
tot_uptimes: 1496
tot_uptimes_duration: 89700.0364799865
