comms_cons: 584.1068801006057
finished_reconf: true
global_termination_time: 5838036.344
local_termination_time: 844615.7475599985
node_cons: 120116.78746558148
tot_aggregated_send: 81432
tot_msg_rcv: 2515
tot_msg_sent: 4834
tot_reconf_duration: 6.22
tot_sleeping_duration: 5748336.313600011
tot_uptimes: 1496
tot_uptimes_duration: 89700.03039998887
