comms_cons: 156.42110715067173
finished_reconf: true
global_termination_time: 793218.5107999985
local_termination_time: 3289.99848
node_cons: 16403.58734943627
tot_aggregated_send: 0
tot_msg_rcv: 11973
tot_msg_sent: 11802
tot_reconf_duration: 18.21
tot_sleeping_duration: 780986.3538400014
tot_uptimes: 204
tot_uptimes_duration: 12232.156959997199
