comms_cons: 556.1761600470966
finished_reconf: true
global_termination_time: 5722317.651
local_termination_time: 3456665.8023599996
node_cons: 117732.48182334754
tot_aggregated_send: 79924
tot_msg_rcv: 1498
tot_msg_sent: 3114
tot_reconf_duration: 25.299999999999997
tot_sleeping_duration: 5634417.632760006
tot_uptimes: 1466
tot_uptimes_duration: 87900.0182399936
