comms_cons: 574.0348801097149
finished_reconf: true
global_termination_time: 5723417.262
local_termination_time: 808840.34936
node_cons: 117704.69710893204
tot_aggregated_send: 79692
tot_msg_rcv: 2501
tot_msg_sent: 5055
tot_reconf_duration: 4.8100000000000005
tot_sleeping_duration: 5635517.213360018
tot_uptimes: 1466
tot_uptimes_duration: 87900.04863998177
