comms_cons: 569.2228288808404
finished_reconf: true
global_termination_time: 5721660.256
local_termination_time: 2360388.535
node_cons: 117710.72324845639
tot_aggregated_send: 79690
tot_msg_rcv: 2370
tot_msg_sent: 4459
tot_reconf_duration: 5.43
tot_sleeping_duration: 5633756.335680015
tot_uptimes: 1466
tot_uptimes_duration: 87903.9203199849
