comms_cons: 212.9042687679392
finished_reconf: true
global_termination_time: 2062524.177
local_termination_time: 384926.6603600001
node_cons: 42450.42524011184
tot_aggregated_send: 26738
tot_msg_rcv: 1957
tot_msg_sent: 3664
tot_reconf_duration: 22.65
tot_sleeping_duration: 2030844.0675600355
tot_uptimes: 529
tot_uptimes_duration: 31680.10943996429
