comms_cons: 204.97497598911687
finished_reconf: true
global_termination_time: 2063459.241
local_termination_time: 246544.68952000036
node_cons: 42423.70263999962
tot_aggregated_send: 29580
tot_msg_rcv: 533
tot_msg_sent: 1042
tot_reconf_duration: 3.08
tot_sleeping_duration: 2031779.241
tot_uptimes: 529
tot_uptimes_duration: 31680.0
