comms_cons: 205.36794878160794
finished_reconf: true
global_termination_time: 2062401.839
local_termination_time: 1091703.037879999
node_cons: 42428.015606700596
tot_aggregated_send: 28014
tot_msg_rcv: 1045
tot_msg_sent: 2155
tot_reconf_duration: 6.22
tot_sleeping_duration: 2030721.802520014
tot_uptimes: 529
tot_uptimes_duration: 31680.036479985807
