comms_cons: 2.7566847999951105
finished_reconf: true
global_termination_time: 17385.38
local_termination_time: 7056.996360000002
node_cons: 327.90012112000556
tot_aggregated_send: 0
tot_msg_rcv: 246
tot_msg_sent: 173
tot_reconf_duration: 4.8100000000000005
tot_sleeping_duration: 17145.373919999998
tot_uptimes: 5
tot_uptimes_duration: 240.00608000000466
