comms_cons: 2.394828799996307
finished_reconf: true
global_termination_time: 15056.465
local_termination_time: 4001.6413600000005
node_cons: 245.16190000000026
tot_aggregated_send: 0
tot_msg_rcv: 188
tot_msg_sent: 174
tot_reconf_duration: 3.05
tot_sleeping_duration: 14876.465
tot_uptimes: 4
tot_uptimes_duration: 180.0
