comms_cons: 491.4369856859534
finished_reconf: true
global_termination_time: 4872692.462
local_termination_time: 2109468.465
node_cons: 100240.20540877641
tot_aggregated_send: 67568
tot_msg_rcv: 2361
tot_msg_sent: 4766
tot_reconf_duration: 22.65
tot_sleeping_duration: 4797853.442800016
tot_uptimes: 1248
tot_uptimes_duration: 74839.01919998461
