comms_cons: 36.31093120002962
finished_reconf: true
global_termination_time: 362711.884
local_termination_time: 81546.25619999989
node_cons: 7395.4300411214235
tot_aggregated_send: 4756
tot_msg_rcv: 236
tot_msg_sent: 527
tot_reconf_duration: 3.05
tot_sleeping_duration: 357191.87791999895
tot_uptimes: 93
tot_uptimes_duration: 5520.006080001069
