comms_cons: 73.57920000843288
finished_reconf: true
global_termination_time: 362577.6666000002
local_termination_time: 1332.0733600000003
node_cons: 7420.304190643118
tot_aggregated_send: 0
tot_msg_rcv: 5831
tot_msg_sent: 5348
tot_reconf_duration: 6.22
tot_sleeping_duration: 357042.29883999785
tot_uptimes: 93
tot_uptimes_duration: 5535.367760002322
