comms_cons: 2.2895615999924344
finished_reconf: true
global_termination_time: 14866.857
local_termination_time: 10223.545359999998
node_cons: 247.94579999999803
tot_aggregated_send: 0
tot_msg_rcv: 178
tot_msg_sent: 170
tot_reconf_duration: 5.1
tot_sleeping_duration: 14686.857
tot_uptimes: 4
tot_uptimes_duration: 180.0
