comms_cons: 2.309926399991659
finished_reconf: true
global_termination_time: 18129.974
local_termination_time: 6717.13436
node_cons: 325.5426399999999
tot_aggregated_send: 0
tot_msg_rcv: 177
tot_msg_sent: 174
tot_reconf_duration: 3.08
tot_sleeping_duration: 17889.974
tot_uptimes: 5
tot_uptimes_duration: 240.0
