comms_cons: 2.2704511999917893
finished_reconf: true
global_termination_time: 17304.745
local_termination_time: 5905.702760000002
node_cons: 336.2300999999997
tot_aggregated_send: 0
tot_msg_rcv: 179
tot_msg_sent: 166
tot_reconf_duration: 10.95
tot_sleeping_duration: 17064.745
tot_uptimes: 5
tot_uptimes_duration: 240.0
