comms_cons: 2.2829823999966403
finished_reconf: true
global_termination_time: 16437.623
local_termination_time: 11111.97936
node_cons: 328.7339399999979
tot_aggregated_send: 0
tot_msg_rcv: 176
tot_msg_sent: 171
tot_reconf_duration: 5.43
tot_sleeping_duration: 16197.623
tot_uptimes: 5
tot_uptimes_duration: 240.0
