comms_cons: 769.7328129425342
finished_reconf: true
global_termination_time: 7832740.197
local_termination_time: 2912412.5644399994
node_cons: 161099.6418478144
tot_aggregated_send: 108634
tot_msg_rcv: 2628
tot_msg_sent: 5731
tot_reconf_duration: 13.17
tot_sleeping_duration: 7712440.154440015
tot_uptimes: 2006
tot_uptimes_duration: 120300.04255998507
