comms_cons: 62.976729599569715
finished_reconf: true
global_termination_time: 627777.964
local_termination_time: 175197.81436000008
node_cons: 12860.369761121468
tot_aggregated_send: 8526
tot_msg_rcv: 295
tot_msg_sent: 751
tot_reconf_duration: 4.390000000000001
tot_sleeping_duration: 618177.957919999
tot_uptimes: 161
tot_uptimes_duration: 9600.006080001069
