comms_cons: 65.00326400089521
finished_reconf: true
global_termination_time: 630011.261
local_termination_time: 164680.66236000005
node_cons: 12943.21932448574
tot_aggregated_send: 8468
tot_msg_rcv: 544
tot_msg_sent: 868
tot_reconf_duration: 6.22
tot_sleeping_duration: 620351.2366799958
tot_uptimes: 162
tot_uptimes_duration: 9660.024320004275
