comms_cons: 1.5263743999970687
finished_reconf: true
global_termination_time: 11773.149
local_termination_time: 6366.10636
node_cons: 253.39137999999954
tot_aggregated_send: 0
tot_msg_rcv: 122
tot_msg_sent: 110
tot_reconf_duration: 9.11
tot_sleeping_duration: 11593.149
tot_uptimes: 4
tot_uptimes_duration: 180.0
