comms_cons: 877.4339586179792
finished_reconf: true
global_termination_time: 8790207.419
local_termination_time: 5013095.501999998
node_cons: 180852.30650557883
tot_aggregated_send: 121858
tot_msg_rcv: 3595
tot_msg_sent: 7911
tot_reconf_duration: 5.1
tot_sleeping_duration: 8655147.38860001
tot_uptimes: 2252
tot_uptimes_duration: 135060.03039998934
