comms_cons: 870.4559809911578
finished_reconf: true
global_termination_time: 8792175.747
local_termination_time: 5346038.39448
node_cons: 180857.74394446265
tot_aggregated_send: 122032
tot_msg_rcv: 3510
tot_msg_sent: 6761
tot_reconf_duration: 9.11
tot_sleeping_duration: 8657115.722680008
tot_uptimes: 2252
tot_uptimes_duration: 135060.02431999147
