comms_cons: 881.9009986560995
finished_reconf: true
global_termination_time: 8791309.481
local_termination_time: 551091.95136
node_cons: 180876.18011116417
tot_aggregated_send: 122264
tot_msg_rcv: 3896
tot_msg_sent: 7883
tot_reconf_duration: 22.65
tot_sleeping_duration: 8656249.420200022
tot_uptimes: 2252
tot_uptimes_duration: 135060.06079997797
