comms_cons: 879.5473602663187
finished_reconf: true
global_termination_time: 8789774.416
local_termination_time: 1066374.8893599997
node_cons: 180849.5633111639
tot_aggregated_send: 121046
tot_msg_rcv: 4025
tot_msg_sent: 8613
tot_reconf_duration: 3.05
tot_sleeping_duration: 8654714.355200022
tot_uptimes: 2251
tot_uptimes_duration: 135060.06079997797
