comms_cons: 880.3611394441795
finished_reconf: true
global_termination_time: 8790168.254
local_termination_time: 1225687.3773599998
node_cons: 180853.85188893043
tot_aggregated_send: 121974
tot_msg_rcv: 3880
tot_msg_sent: 7954
tot_reconf_duration: 6.22
tot_sleeping_duration: 8655108.205360018
tot_uptimes: 2252
tot_uptimes_duration: 135060.0486399827
