comms_cons: 391.00481907223764
finished_reconf: true
global_termination_time: 811386.5394799998
local_termination_time: 811386.4983599999
node_cons: 49051.54249776745
tot_aggregated_send: 0
tot_msg_rcv: 24062
tot_msg_sent: 35369
tot_reconf_duration: 24.59
tot_sleeping_duration: 774778.5116399939
tot_uptimes: 600
tot_uptimes_duration: 36608.027840006005
