comms_cons: 81.38695679865899
finished_reconf: true
global_termination_time: 815629.168
local_termination_time: 263161.9648400001
node_cons: 16717.645799999995
tot_aggregated_send: 11484
tot_msg_rcv: 310
tot_msg_sent: 576
tot_reconf_duration: 5.1
tot_sleeping_duration: 803149.168
tot_uptimes: 209
tot_uptimes_duration: 12480.0
