comms_cons: 162.0293567467825
finished_reconf: true
global_termination_time: 813017.581
local_termination_time: 3177.1073600000004
node_cons: 16741.527546714813
tot_aggregated_send: 0
tot_msg_rcv: 12565
tot_msg_sent: 12058
tot_reconf_duration: 22.65
tot_sleeping_duration: 800537.5445200038
tot_uptimes: 209
tot_uptimes_duration: 12480.03647999611
