comms_cons: 82.00440319890352
finished_reconf: true
global_termination_time: 813901.36
local_termination_time: 174042.4282000002
node_cons: 16716.706043359736
tot_aggregated_send: 11194
tot_msg_rcv: 453
tot_msg_sent: 818
tot_reconf_duration: 4.390000000000001
tot_sleeping_duration: 801421.3417600002
tot_uptimes: 209
tot_uptimes_duration: 12480.018239999772
