comms_cons: 83.98474239705148
finished_reconf: true
global_termination_time: 811603.303
local_termination_time: 14740.9536
node_cons: 16641.04026559338
tot_aggregated_send: 10730
tot_msg_rcv: 757
tot_msg_sent: 1280
tot_reconf_duration: 7.819999999999999
tot_sleeping_duration: 799183.2726000049
tot_uptimes: 208
tot_uptimes_duration: 12420.030399995041
