comms_cons: 80.79320320072212
finished_reconf: true
global_termination_time: 813292.39
local_termination_time: 407123.75936
node_cons: 16718.093940000017
tot_aggregated_send: 11658
tot_msg_rcv: 221
tot_msg_sent: 401
tot_reconf_duration: 5.43
tot_sleeping_duration: 800812.39
tot_uptimes: 209
tot_uptimes_duration: 12480.0
