comms_cons: 61.2263167997036
finished_reconf: true
global_termination_time: 590915.0296399981
local_termination_time: 590914.9885199982
node_cons: 12243.660842805253
tot_aggregated_send: 7700
tot_msg_rcv: 499
tot_msg_sent: 1107
tot_reconf_duration: 24.59
tot_sleeping_duration: 581796.0844399942
tot_uptimes: 152
tot_uptimes_duration: 9118.945200003902
