comms_cons: 314.90682879504277
finished_reconf: true
global_termination_time: 3168124.911
local_termination_time: 2145895.56448
node_cons: 65162.68208223308
tot_aggregated_send: 44022
tot_msg_rcv: 1386
tot_msg_sent: 2456
tot_reconf_duration: 5.1
tot_sleeping_duration: 3119464.898840004
tot_uptimes: 812
tot_uptimes_duration: 48660.012159995735
