comms_cons: 321.17643522592994
finished_reconf: true
global_termination_time: 3169916.227
local_termination_time: 1658296.135759998
node_cons: 65168.152085583584
tot_aggregated_send: 43268
tot_msg_rcv: 1777
tot_msg_sent: 3770
tot_reconf_duration: 9.11
tot_sleeping_duration: 3121256.196600011
tot_uptimes: 812
tot_uptimes_duration: 48660.03039998864
