comms_cons: 319.84248323599525
finished_reconf: true
global_termination_time: 3167681.414
local_termination_time: 89391.08103999955
node_cons: 65171.96532893824
tot_aggregated_send: 44370
tot_msg_rcv: 1576
tot_msg_sent: 2669
tot_reconf_duration: 11.899999999999999
tot_sleeping_duration: 3119021.365360015
tot_uptimes: 812
tot_uptimes_duration: 48660.04863998474
