comms_cons: 309.8474240005008
finished_reconf: true
global_termination_time: 3168380.801
local_termination_time: 1589454.0733599998
node_cons: 65163.1220811157
tot_aggregated_send: 43674
tot_msg_rcv: 1138
tot_msg_sent: 2283
tot_reconf_duration: 5.43
tot_sleeping_duration: 3119720.794920002
tot_uptimes: 812
tot_uptimes_duration: 48660.00607999787
