comms_cons: 74.54891519777388
finished_reconf: true
global_termination_time: 734817.07336
local_termination_time: 56480.19460000002
node_cons: 15134.170179040026
tot_aggregated_send: 10208
tot_msg_rcv: 427
tot_msg_sent: 696
tot_reconf_duration: 6.22
tot_sleeping_duration: 723520.79
tot_uptimes: 189
tot_uptimes_duration: 11296.283360000001
