comms_cons: 146.31527036385648
finished_reconf: true
global_termination_time: 740041.383
local_termination_time: 242.92648
node_cons: 15199.635262238284
tot_aggregated_send: 0
tot_msg_rcv: 11278
tot_msg_sent: 10958
tot_reconf_duration: 11.31
tot_sleeping_duration: 728701.3708400013
tot_uptimes: 190
tot_uptimes_duration: 11340.012159998703
