comms_cons: 65.10081919939668
finished_reconf: true
global_termination_time: 662950.889
local_termination_time: 312457.2423600001
node_cons: 13581.658922242903
tot_aggregated_send: 8526
tot_msg_rcv: 395
tot_msg_sent: 973
tot_reconf_duration: 3.08
tot_sleeping_duration: 652810.8768399978
tot_uptimes: 170
tot_uptimes_duration: 10140.012160002138
