comms_cons: 66.40973439930578
finished_reconf: true
global_termination_time: 660872.762
local_termination_time: 367787.7733600005
node_cons: 13589.855803355096
tot_aggregated_send: 8874
tot_msg_rcv: 334
tot_msg_sent: 886
tot_reconf_duration: 9.11
tot_sleeping_duration: 650732.7437600036
tot_uptimes: 170
tot_uptimes_duration: 10140.018239996338
