comms_cons: 65.98077440090304
finished_reconf: true
global_termination_time: 660458.329
local_termination_time: 324803.6286000001
node_cons: 13594.635963364319
tot_aggregated_send: 8932
tot_msg_rcv: 331
tot_msg_sent: 766
tot_reconf_duration: 12.629999999999999
tot_sleeping_duration: 650318.3107599969
tot_uptimes: 170
tot_uptimes_duration: 10140.018240003206
