comms_cons: 65.77226239989723
finished_reconf: true
global_termination_time: 661150.153
local_termination_time: 487495.62076000037
node_cons: 13583.437902238222
tot_aggregated_send: 9164
tot_msg_rcv: 310
tot_msg_sent: 523
tot_reconf_duration: 4.390000000000001
tot_sleeping_duration: 651010.1408400014
tot_uptimes: 170
tot_uptimes_duration: 10140.012159998703
