comms_cons: 29.83072000015742
finished_reconf: true
global_termination_time: 309725.2412400002
local_termination_time: 247087.07736000005
node_cons: 6385.0122804817065
tot_aggregated_send: 4176
tot_msg_rcv: 123
tot_msg_sent: 234
tot_reconf_duration: 8.09
tot_sleeping_duration: 304964.9529199989
tot_uptimes: 80
tot_uptimes_duration: 4760.288320001273
