comms_cons: 51.55586560086246
finished_reconf: true
global_termination_time: 493568.28
local_termination_time: 202191.52448000005
node_cons: 10127.038922242858
tot_aggregated_send: 6322
tot_msg_rcv: 526
tot_msg_sent: 988
tot_reconf_duration: 3.08
tot_sleeping_duration: 486008.2678399979
tot_uptimes: 127
tot_uptimes_duration: 7560.0121600021375
