comms_cons: 48.99649919986357
finished_reconf: true
global_termination_time: 495170.614
local_termination_time: 170810.24636000005
node_cons: 10137.726382242852
tot_aggregated_send: 6670
tot_msg_rcv: 258
tot_msg_sent: 521
tot_reconf_duration: 10.95
tot_sleeping_duration: 487610.60183999786
tot_uptimes: 127
tot_uptimes_duration: 7560.0121600021375
