comms_cons: 50.468204800769094
finished_reconf: true
global_termination_time: 494368.103
local_termination_time: 186081.80836000005
node_cons: 10129.380121121441
tot_aggregated_send: 6554
tot_msg_rcv: 420
tot_msg_sent: 697
tot_reconf_duration: 4.8100000000000005
tot_sleeping_duration: 486808.09691999893
tot_uptimes: 127
tot_uptimes_duration: 7560.006080001069
