comms_cons: 2.3356159999965027
finished_reconf: true
global_termination_time: 14173.29548000001
local_termination_time: 6890.342360000001
node_cons: 315.43551872001416
tot_aggregated_send: 0
tot_msg_rcv: 183
tot_msg_sent: 171
tot_reconf_duration: 7.819999999999999
tot_sleeping_duration: 13945.651
tot_uptimes: 4
tot_uptimes_duration: 227.64448000000993
