comms_cons: 52.31779840067375
finished_reconf: true
global_termination_time: 524697.836
local_termination_time: 185809.58436000004
node_cons: 10772.933940000004
tot_aggregated_send: 7482
tot_msg_rcv: 185
tot_msg_sent: 285
tot_reconf_duration: 5.43
tot_sleeping_duration: 516657.836
tot_uptimes: 135
tot_uptimes_duration: 8040.0
