comms_cons: 71.65406719899528
finished_reconf: true
global_termination_time: 684741.338
local_termination_time: 20676.395720000004
node_cons: 14063.723345607175
tot_aggregated_send: 8816
tot_msg_rcv: 735
tot_msg_sent: 1340
tot_reconf_duration: 3.08
tot_sleeping_duration: 674241.3075999947
tot_uptimes: 176
tot_uptimes_duration: 10500.030400005344
