comms_cons: 68.7575807978861
finished_reconf: true
global_termination_time: 682309.918
local_termination_time: 244433.68292000075
node_cons: 13985.146043359733
tot_aggregated_send: 9454
tot_msg_rcv: 359
tot_msg_sent: 637
tot_reconf_duration: 4.390000000000001
tot_sleeping_duration: 671869.8997600002
tot_uptimes: 175
tot_uptimes_duration: 10440.018239999772
