comms_cons: 53.14865920127901
finished_reconf: true
global_termination_time: 513340.65148000006
local_termination_time: 513340.61036000005
node_cons: 10576.33236544871
tot_aggregated_send: 6714
tot_msg_rcv: 476
tot_msg_sent: 890
tot_reconf_duration: 24.59
tot_sleeping_duration: 505466.9105199936
tot_uptimes: 132
tot_uptimes_duration: 7873.740960006486
