comms_cons: 107.18362239155333
finished_reconf: true
global_termination_time: 1052130.444
local_termination_time: 454091.6293200002
node_cons: 21618.418364476525
tot_aggregated_send: 13804
tot_msg_rcv: 897
tot_msg_sent: 1591
tot_reconf_duration: 5.1
tot_sleeping_duration: 1035990.4196800025
tot_uptimes: 270
tot_uptimes_duration: 16140.024319997407
