comms_cons: 109.35570558539234
finished_reconf: true
global_termination_time: 1053932.838
local_termination_time: 268630.56136000005
node_cons: 21615.707768950826
tot_aggregated_send: 13166
tot_msg_rcv: 1123
tot_msg_sent: 2332
tot_reconf_duration: 3.08
tot_sleeping_duration: 1037792.7893600069
tot_uptimes: 270
tot_uptimes_duration: 16140.04863999311
