comms_cons: 107.70808319192626
finished_reconf: true
global_termination_time: 1050721.129
local_termination_time: 391036.6393200006
node_cons: 21636.88716448568
tot_aggregated_send: 14094
tot_msg_rcv: 782
tot_msg_sent: 1495
tot_reconf_duration: 18.700000000000003
tot_sleeping_duration: 1034581.1046799957
tot_uptimes: 270
tot_uptimes_duration: 16140.024320004268
