comms_cons: 104.51717119731907
finished_reconf: true
global_termination_time: 1052217.876
local_termination_time: 466309.7248800004
node_cons: 21627.62834111682
tot_aggregated_send: 14848
tot_msg_rcv: 294
tot_msg_sent: 744
tot_reconf_duration: 11.899999999999999
tot_sleeping_duration: 1036077.8699200023
tot_uptimes: 270
tot_uptimes_duration: 16140.006079997635
