comms_cons: 155.63205761601736
finished_reconf: true
global_termination_time: 535555.423999999
local_termination_time: 535555.382879999
node_cons: 21712.646886236893
tot_aggregated_send: 0
tot_msg_rcv: 8039
tot_msg_sent: 15617
tot_reconf_duration: 37.410000000000004
tot_sleeping_duration: 519377.7958400013
tot_uptimes: 264
tot_uptimes_duration: 16177.628159997643
