comms_cons: 53.50205440020718
finished_reconf: true
global_termination_time: 535616.699
local_termination_time: 22466.465480000003
node_cons: 11027.099380000016
tot_aggregated_send: 7540
tot_msg_rcv: 200
tot_msg_sent: 392
tot_reconf_duration: 15.110000000000001
tot_sleeping_duration: 527396.699
tot_uptimes: 138
tot_uptimes_duration: 8220.0
