comms_cons: 53.33555199958068
finished_reconf: true
global_termination_time: 541262.288
local_termination_time: 166848.47036000006
node_cons: 11104.07154000002
tot_aggregated_send: 7714
tot_msg_rcv: 122
tot_msg_sent: 271
tot_reconf_duration: 12.629999999999999
tot_sleeping_duration: 532982.288
tot_uptimes: 139
tot_uptimes_duration: 8280.0
