comms_cons: 52.521753599251426
finished_reconf: true
global_termination_time: 538291.365
local_termination_time: 524361.1777199998
node_cons: 11012.541620000033
tot_aggregated_send: 7888
tot_msg_rcv: 41
tot_msg_sent: 54
tot_reconf_duration: 4.390000000000001
tot_sleeping_duration: 530071.365
tot_uptimes: 138
tot_uptimes_duration: 8220.0
