comms_cons: 52.890188800382745
finished_reconf: true
global_termination_time: 537458.193
local_termination_time: 155172.99048000007
node_cons: 11021.938980000012
tot_aggregated_send: 7772
tot_msg_rcv: 103
tot_msg_sent: 164
tot_reconf_duration: 11.31
tot_sleeping_duration: 529238.193
tot_uptimes: 138
tot_uptimes_duration: 8220.0
