comms_cons: 47.05396479988153
finished_reconf: true
global_termination_time: 15180.265240000002
local_termination_time: 2897.975480000002
node_cons: 6539.791417240087
tot_aggregated_send: 0
tot_msg_rcv: 3682
tot_msg_sent: 3467
tot_reconf_duration: 5.57
tot_sleeping_duration: 10301.828079999941
tot_uptimes: 70
tot_uptimes_duration: 4878.437160000062
