comms_cons: 2.5922047999956543
finished_reconf: true
global_termination_time: 15223.004
local_termination_time: 6190.83036
node_cons: 253.81236000000013
tot_aggregated_send: 0
tot_msg_rcv: 228
tot_msg_sent: 166
tot_reconf_duration: 9.42
tot_sleeping_duration: 15043.004
tot_uptimes: 4
tot_uptimes_duration: 180.0
