comms_cons: 43.85224960203822
finished_reconf: true
global_termination_time: 401103.3436800002
local_termination_time: 401103.3025600002
node_cons: 8256.505974490594
tot_aggregated_send: 4394
tot_msg_rcv: 726
tot_msg_sent: 1545
tot_reconf_duration: 24.59
tot_sleeping_duration: 394962.1093599923
tot_uptimes: 103
tot_uptimes_duration: 6141.234320007898
