comms_cons: 39.876531200466474
finished_reconf: true
global_termination_time: 402440.429
local_termination_time: 37160.789
node_cons: 8308.630448641443
tot_aggregated_send: 5682
tot_msg_rcv: 107
tot_msg_sent: 272
tot_reconf_duration: 22.65
tot_sleeping_duration: 396258.2992399989
tot_uptimes: 104
tot_uptimes_duration: 6182.129760001073
