comms_cons: 560.4821567401527
finished_reconf: true
global_termination_time: 949639.364
local_termination_time: 358146.60136000096
node_cons: 94065.05244876696
tot_aggregated_send: 0
tot_msg_rcv: 38540
tot_msg_sent: 46649
tot_reconf_duration: 5.57
tot_sleeping_duration: 879394.7871599931
tot_uptimes: 1133
tot_uptimes_duration: 70244.57684000685
