comms_cons: 94.50527999803082
finished_reconf: true
global_termination_time: 952362.033
local_termination_time: 481783.44488000043
node_cons: 19529.184544471955
tot_aggregated_send: 12644
tot_msg_rcv: 553
tot_msg_sent: 1167
tot_reconf_duration: 4.8100000000000005
tot_sleeping_duration: 937782.0086800061
tot_uptimes: 244
tot_uptimes_duration: 14580.024319993972
