comms_cons: 129.39180798591525
finished_reconf: true
global_termination_time: 952191.112
local_termination_time: 360163.93636000005
node_cons: 19531.091183364282
tot_aggregated_send: 0
tot_msg_rcv: 10033
tot_msg_sent: 9634
tot_reconf_duration: 6.22
tot_sleeping_duration: 937611.0937599967
tot_uptimes: 244
tot_uptimes_duration: 14580.018240003206
