comms_cons: 94.49767680058862
finished_reconf: true
global_termination_time: 951608.173
local_termination_time: 440344.98784000054
node_cons: 19530.02650448574
tot_aggregated_send: 12528
tot_msg_rcv: 612
tot_msg_sent: 1224
tot_reconf_duration: 5.43
tot_sleeping_duration: 937028.1486799957
tot_uptimes: 244
tot_uptimes_duration: 14580.024320004275
