comms_cons: 156.2787711827062
finished_reconf: true
global_termination_time: 1531733.826
local_termination_time: 226018.15936000005
node_cons: 31518.066167822464
tot_aggregated_send: 20822
tot_msg_rcv: 1023
tot_msg_sent: 1908
tot_reconf_duration: 18.21
tot_sleeping_duration: 1508213.783440013
tot_uptimes: 393
tot_uptimes_duration: 23520.042559986876
