comms_cons: 153.94732798772193
finished_reconf: true
global_termination_time: 1533506.059
local_termination_time: 421359.47036000004
node_cons: 31499.828262233714
tot_aggregated_send: 21344
tot_msg_rcv: 663
tot_msg_sent: 1393
tot_reconf_duration: 4.8100000000000005
tot_sleeping_duration: 1509986.0468400046
tot_uptimes: 393
tot_uptimes_duration: 23520.01215999527
