comms_cons: 29.922201599926623
finished_reconf: true
global_termination_time: 305445.966
local_termination_time: 127862.27235999997
node_cons: 6291.249180000015
tot_aggregated_send: 4466
tot_msg_rcv: 41
tot_msg_sent: 41
tot_reconf_duration: 18.21
tot_sleeping_duration: 300765.966
tot_uptimes: 79
tot_uptimes_duration: 4680.0
