comms_cons: 37.81786880013938
finished_reconf: true
global_termination_time: 368778.323
local_termination_time: 8979.401360000002
node_cons: 7558.508262240593
tot_aggregated_send: 4988
tot_msg_rcv: 298
tot_msg_sent: 462
tot_reconf_duration: 4.8100000000000005
tot_sleeping_duration: 363138.3108399995
tot_uptimes: 95
tot_uptimes_duration: 5640.012160000435
