comms_cons: 334.6846784567559
finished_reconf: true
global_termination_time: 3309787.211
local_termination_time: 15940.423720000004
node_cons: 68082.43509341557
tot_aggregated_send: 45994
tot_msg_rcv: 1752
tot_msg_sent: 3122
tot_reconf_duration: 25.299999999999997
tot_sleeping_duration: 3258967.1380400173
tot_uptimes: 848
tot_uptimes_duration: 50820.07295998285
