comms_cons: 332.9213056360017
finished_reconf: true
global_termination_time: 3306563.295
local_termination_time: 233551.95304000028
node_cons: 67971.90405117269
tot_aggregated_send: 45936
tot_msg_rcv: 1525
tot_msg_sent: 3142
tot_reconf_duration: 3.08
tot_sleeping_duration: 3255803.234200019
tot_uptimes: 847
tot_uptimes_duration: 50760.06079998071
