comms_cons: 131.7359487947804
finished_reconf: true
global_termination_time: 1340718.956
local_termination_time: 556730.952119998
node_cons: 27563.168262233783
tot_aggregated_send: 19024
tot_msg_rcv: 359
tot_msg_sent: 641
tot_reconf_duration: 4.8100000000000005
tot_sleeping_duration: 1320138.9438400047
tot_uptimes: 344
tot_uptimes_duration: 20580.01215999527
