comms_cons: 22.91598080005395
finished_reconf: true
global_termination_time: 229174.091
local_termination_time: 15219.17648
node_cons: 4665.697902238306
tot_aggregated_send: 3132
tot_msg_rcv: 120
tot_msg_sent: 231
tot_reconf_duration: 4.390000000000001
tot_sleeping_duration: 225694.07884000125
tot_uptimes: 59
tot_uptimes_duration: 3480.0121599987324
