comms_cons: 28.966265600438568
finished_reconf: true
global_termination_time: 292110.012
local_termination_time: 163545.0296400004
node_cons: 5975.93498224058
tot_aggregated_send: 3886
tot_msg_rcv: 189
tot_msg_sent: 327
tot_reconf_duration: 22.65
tot_sleeping_duration: 287669.99983999954
tot_uptimes: 75
tot_uptimes_duration: 4440.012160000435
