comms_cons: 137.49932799847483
finished_reconf: true
global_termination_time: 1406550.222
local_termination_time: 600161.2173599999
node_cons: 28933.027701116967
tot_aggregated_send: 20590
tot_msg_rcv: 81
tot_msg_sent: 228
tot_reconf_duration: 7.819999999999999
tot_sleeping_duration: 1384950.2159200024
tot_uptimes: 361
tot_uptimes_duration: 21600.006079997635
