comms_cons: 277.30671980712646
finished_reconf: true
global_termination_time: 1405957.5565599985
local_termination_time: 829.7375999999998
node_cons: 28997.8721724718
tot_aggregated_send: 0
tot_msg_rcv: 21226
tot_msg_sent: 20920
tot_reconf_duration: 6.22
tot_sleeping_duration: 1384307.5002400049
tot_uptimes: 361
tot_uptimes_duration: 21650.05631999384
