comms_cons: 162.78319358266458
finished_reconf: true
global_termination_time: 1584385.0892400001
local_termination_time: 27605.21048
node_cons: 32582.95540726393
tot_aggregated_send: 21054
tot_msg_rcv: 1301
tot_msg_sent: 2386
tot_reconf_duration: 18.21
tot_sleeping_duration: 1560069.7597200123
tot_uptimes: 406
tot_uptimes_duration: 24315.329519987965
