comms_cons: 158.55339518520856
finished_reconf: true
global_termination_time: 1586700.784
local_termination_time: 561781.7221599983
node_cons: 32622.320333420375
tot_aggregated_send: 20184
tot_msg_rcv: 1170
tot_msg_sent: 2748
tot_reconf_duration: 3.08
tot_sleeping_duration: 1562340.7110400146
tot_uptimes: 407
tot_uptimes_duration: 24360.07295998535
