comms_cons: 161.42787838192922
finished_reconf: true
global_termination_time: 1584678.519
local_termination_time: 143997.77920000016
node_cons: 32548.384688939277
tot_aggregated_send: 20996
tot_msg_rcv: 1323
tot_msg_sent: 2218
tot_reconf_duration: 7.819999999999999
tot_sleeping_duration: 1560378.4703600158
tot_uptimes: 406
tot_uptimes_duration: 24300.04863998451
