comms_cons: 159.96512638380023
finished_reconf: true
global_termination_time: 1586012.526
local_termination_time: 482187.5806400009
node_cons: 32633.480391191362
tot_aggregated_send: 20764
tot_msg_rcv: 1167
tot_msg_sent: 2382
tot_reconf_duration: 11.31
tot_sleeping_duration: 1561652.4652000067
tot_uptimes: 407
tot_uptimes_duration: 24360.060799993516
