comms_cons: 78.25958399797142
finished_reconf: true
global_termination_time: 754650.559
local_termination_time: 51934.67588000009
node_cons: 15514.197086728605
tot_aggregated_send: 9918
tot_msg_rcv: 697
tot_msg_sent: 1280
tot_reconf_duration: 6.279999999999999
tot_sleeping_duration: 743070.5225199936
tot_uptimes: 194
tot_uptimes_duration: 11580.036480006413
