comms_cons: 76.75357440036213
finished_reconf: true
global_termination_time: 752307.249
local_termination_time: 34273.19648000001
node_cons: 15432.254646726326
tot_aggregated_send: 10034
tot_msg_rcv: 525
tot_msg_sent: 1108
tot_reconf_duration: 5.1
tot_sleeping_duration: 740787.2125199953
tot_uptimes: 193
tot_uptimes_duration: 11520.03648000471
