comms_cons: 75.25288959685959
finished_reconf: true
global_termination_time: 757025.397
local_termination_time: 95708.83935999997
node_cons: 15513.002081116865
tot_aggregated_send: 10672
tot_msg_rcv: 248
tot_msg_sent: 518
tot_reconf_duration: 5.43
tot_sleeping_duration: 745445.3909200024
tot_uptimes: 194
tot_uptimes_duration: 11580.006079997635
