comms_cons: 46.65310720037766
finished_reconf: true
global_termination_time: 469997.83
local_termination_time: 189764.6609600006
node_cons: 9656.16712112144
tot_aggregated_send: 6670
tot_msg_rcv: 140
tot_msg_sent: 281
tot_reconf_duration: 11.31
tot_sleeping_duration: 462797.82391999895
tot_uptimes: 121
tot_uptimes_duration: 7200.006080001069
