comms_cons: 233.70759679053506
finished_reconf: true
global_termination_time: 2394018.663
local_termination_time: 990473.7540799987
node_cons: 49252.58632335449
tot_aggregated_send: 33118
tot_msg_rcv: 890
tot_msg_sent: 1515
tot_reconf_duration: 3.05
tot_sleeping_duration: 2357238.644760004
tot_uptimes: 614
tot_uptimes_duration: 36780.01823999634
