comms_cons: 225.63311358754427
finished_reconf: true
global_termination_time: 2234993.511
local_termination_time: 707754.1034399986
node_cons: 45961.052685588314
tot_aggregated_send: 30972
tot_msg_rcv: 1116
tot_msg_sent: 2207
tot_reconf_duration: 4.8100000000000005
tot_sleeping_duration: 2200673.4806000083
tot_uptimes: 573
tot_uptimes_duration: 34320.03039999161
