comms_cons: 440.95079656271014
finished_reconf: true
global_termination_time: 2234398.5535999974
local_termination_time: 2719.8163600000003
node_cons: 45990.42455175131
tot_aggregated_send: 0
tot_msg_rcv: 33841
tot_msg_sent: 33180
tot_reconf_duration: 11.31
tot_sleeping_duration: 2200063.1797600035
tot_uptimes: 573
tot_uptimes_duration: 34335.3738399939
