comms_cons: 146.77537279471204
finished_reconf: true
global_termination_time: 1470483.77
local_termination_time: 518271.81760000007
node_cons: 30242.19740000003
tot_aggregated_send: 20880
tot_msg_rcv: 523
tot_msg_sent: 906
tot_reconf_duration: 25.299999999999997
tot_sleeping_duration: 1447923.77
tot_uptimes: 377
tot_uptimes_duration: 22560.0
