comms_cons: 145.466111995647
finished_reconf: true
global_termination_time: 1467580.501
local_termination_time: 1297850.18536
node_cons: 30143.66020000024
tot_aggregated_send: 21112
tot_msg_rcv: 371
tot_msg_sent: 627
tot_reconf_duration: 11.899999999999999
tot_sleeping_duration: 1445080.501
tot_uptimes: 376
tot_uptimes_duration: 22500.0
