comms_cons: 474.27855991907074
finished_reconf: true
global_termination_time: 3364816.502
local_termination_time: 2312360.7873999993
node_cons: 69179.68208223258
tot_aggregated_send: 0
tot_msg_rcv: 36353
tot_msg_sent: 35734
tot_reconf_duration: 5.1
tot_sleeping_duration: 3313156.489840004
tot_uptimes: 862
tot_uptimes_duration: 51660.0121599955
