comms_cons: 339.0596992441273
finished_reconf: true
global_termination_time: 3361206.988
local_termination_time: 768783.2903599988
node_cons: 69107.35965228912
tot_aggregated_send: 46806
tot_msg_rcv: 1652
tot_msg_sent: 3078
tot_reconf_duration: 10.95
tot_sleeping_duration: 3309606.921120022
tot_uptimes: 861
tot_uptimes_duration: 51600.06687997811
