comms_cons: 338.59132163871766
finished_reconf: true
global_termination_time: 3360397.691
local_termination_time: 111430.56447999997
node_cons: 69108.61718782186
tot_aggregated_send: 46980
tot_msg_rcv: 1581
tot_msg_sent: 2903
tot_reconf_duration: 11.899999999999999
tot_sleeping_duration: 3308797.6484400122
tot_uptimes: 861
tot_uptimes_duration: 51600.042559987574
