comms_cons: 33.01505279991963
finished_reconf: true
global_termination_time: 13843.101240000004
local_termination_time: 1282.4290400000014
node_cons: 4164.986754440063
tot_aggregated_send: 0
tot_msg_rcv: 2452
tot_msg_sent: 2566
tot_reconf_duration: 18.21
tot_sleeping_duration: 10751.049279999957
tot_uptimes: 47
tot_uptimes_duration: 3092.0519600000457
