comms_cons: 0.7434496000016577
finished_reconf: true
global_termination_time: 7393.763
local_termination_time: 1253.2603600000002
node_cons: 87.71394000000008
tot_aggregated_send: 0
tot_msg_rcv: 60
tot_msg_sent: 53
tot_reconf_duration: 5.43
tot_sleeping_duration: 7333.763
tot_uptimes: 2
tot_uptimes_duration: 60.0
