comms_cons: 168.55910399400526
finished_reconf: true
global_termination_time: 1702770.446
local_termination_time: 1156053.0588799978
node_cons: 35035.16579999976
tot_aggregated_send: 24476
tot_msg_rcv: 335
tot_msg_sent: 808
tot_reconf_duration: 5.1
tot_sleeping_duration: 1676610.446
tot_uptimes: 437
tot_uptimes_duration: 26160.0
