comms_cons: 663.5613703621209
finished_reconf: true
global_termination_time: 3368630.34
local_termination_time: 3289.9573600000003
node_cons: 69277.8580267047
tot_aggregated_send: 0
tot_msg_rcv: 50866
tot_msg_sent: 49992
tot_reconf_duration: 18.21
tot_sleeping_duration: 3316910.3035200103
tot_uptimes: 863
tot_uptimes_duration: 51720.03647998971
