comms_cons: 334.9223168171191
finished_reconf: true
global_termination_time: 3368346.12
local_termination_time: 2199044.649079999
node_cons: 69261.62452223281
tot_aggregated_send: 46748
tot_msg_rcv: 1455
tot_msg_sent: 2703
tot_reconf_duration: 6.279999999999999
tot_sleeping_duration: 3316626.107840005
tot_uptimes: 863
tot_uptimes_duration: 51720.0121599955
