comms_cons: 339.2934400287
finished_reconf: true
global_termination_time: 3366605.014
local_termination_time: 861012.7673599999
node_cons: 69263.7484067005
tot_aggregated_send: 46864
tot_msg_rcv: 1572
tot_msg_sent: 3136
tot_reconf_duration: 7.819999999999999
tot_sleeping_duration: 3314884.9775200137
tot_uptimes: 863
tot_uptimes_duration: 51720.036479986506
