comms_cons: 217.77935359028425
finished_reconf: true
global_termination_time: 2192002.641
local_termination_time: 873033.571
node_cons: 45094.98350319802
tot_aggregated_send: 31371
tot_msg_rcv: 570
tot_msg_sent: 1161
tot_reconf_duration: 13.17
tot_sleeping_duration: 2158337.892200001
tot_uptimes: 562
tot_uptimes_duration: 33664.74879999884
