comms_cons: 216.25830399366632
finished_reconf: true
global_termination_time: 2189911.561
local_termination_time: 1498030.77236
node_cons: 45015.79459999977
tot_aggregated_send: 31610
tot_msg_rcv: 462
tot_msg_sent: 798
tot_reconf_duration: 18.700000000000003
tot_sleeping_duration: 2156311.561
tot_uptimes: 561
tot_uptimes_duration: 33600.0
