comms_cons: 216.1806079848144
finished_reconf: true
global_termination_time: 2189658.058
local_termination_time: 513321.4473600001
node_cons: 45074.96331116791
tot_aggregated_send: 29348
tot_msg_rcv: 1083
tot_msg_sent: 2427
tot_reconf_duration: 3.05
tot_sleeping_duration: 2155997.997200024
tot_uptimes: 561
tot_uptimes_duration: 33660.060799976345
