comms_cons: 296.1186944198376
finished_reconf: true
global_termination_time: 2920465.74
local_termination_time: 40043.40136
node_cons: 60044.84453453306
tot_aggregated_send: 39150
tot_msg_rcv: 2030
tot_msg_sent: 3828
tot_reconf_duration: 22.65
tot_sleeping_duration: 2875645.6609600196
tot_uptimes: 748
tot_uptimes_duration: 44820.079039980716
