comms_cons: 297.8198016180838
finished_reconf: true
global_termination_time: 2922086.967
local_termination_time: 240730.4699600006
node_cons: 60098.57587565844
tot_aggregated_send: 39556
tot_msg_rcv: 2094
tot_msg_sent: 3616
tot_reconf_duration: 3.05
tot_sleeping_duration: 2877206.8818800156
tot_uptimes: 749
tot_uptimes_duration: 44880.08511998475
