comms_cons: 288.92556799829157
finished_reconf: true
global_termination_time: 2922170.722
local_termination_time: 465337.9060800006
node_cons: 60115.151719998896
tot_aggregated_send: 42456
tot_msg_rcv: 545
tot_msg_sent: 914
tot_reconf_duration: 15.34
tot_sleeping_duration: 2877290.722
tot_uptimes: 749
tot_uptimes_duration: 44880.0
