comms_cons: 29.270860799981563
finished_reconf: true
global_termination_time: 297853.967
local_termination_time: 86508.7204799994
node_cons: 6114.474852719217
tot_aggregated_send: 4176
tot_msg_rcv: 97
tot_msg_sent: 176
tot_reconf_duration: 4.8100000000000005
tot_sleeping_duration: 293292.3965200006
tot_uptimes: 77
tot_uptimes_duration: 4561.570479999413
