comms_cons: 278.4054272060725
finished_reconf: false
global_termination_time: 2809963.082
local_termination_time: 0
node_cons: 57844.79999999896
tot_aggregated_send: 40426
tot_msg_rcv: 556
tot_msg_sent: 1334
tot_reconf_duration: 0
tot_sleeping_duration: 2766763.082
tot_uptimes: 720
tot_uptimes_duration: 43200.0
