comms_cons: 46.44257280081668
finished_reconf: true
global_termination_time: 462349.669
local_termination_time: 252395.3893600005
node_cons: 9504.865462242862
tot_aggregated_send: 6322
tot_msg_rcv: 230
tot_msg_sent: 507
tot_reconf_duration: 18.21
tot_sleeping_duration: 455269.65683999786
tot_uptimes: 119
tot_uptimes_duration: 7080.0121600021375
