comms_cons: 47.284710401387706
finished_reconf: true
global_termination_time: 462106.424
local_termination_time: 249512.856
node_cons: 9488.583042242875
tot_aggregated_send: 6141
tot_msg_rcv: 346
tot_msg_sent: 700
tot_reconf_duration: 6.22
tot_sleeping_duration: 455026.41183999786
tot_uptimes: 119
tot_uptimes_duration: 7080.0121600021375
