comms_cons: 13.947903999724623
finished_reconf: true
global_termination_time: 110778.708
local_termination_time: 41529.783400000066
node_cons: 2256.0845444788815
tot_aggregated_send: 812
tot_msg_rcv: 493
tot_msg_sent: 815
tot_reconf_duration: 4.8100000000000005
tot_sleeping_duration: 109098.68368000083
tot_uptimes: 29
tot_uptimes_duration: 1680.0243199991673
