comms_cons: 14.114547199906669
finished_reconf: true
global_termination_time: 108388.102
local_termination_time: 32764.334360000004
node_cons: 2173.3463233597377
tot_aggregated_send: 812
tot_msg_rcv: 569
tot_msg_sent: 762
tot_reconf_duration: 3.05
tot_sleeping_duration: 106768.0837600002
tot_uptimes: 28
tot_uptimes_duration: 1620.0182399998012
