comms_cons: 12.805977599783906
finished_reconf: true
global_termination_time: 109567.251
local_termination_time: 50032.199360000006
node_cons: 2264.895262238299
tot_aggregated_send: 1102
tot_msg_rcv: 328
tot_msg_sent: 517
tot_reconf_duration: 11.31
tot_sleeping_duration: 107887.23884000127
tot_uptimes: 29
tot_uptimes_duration: 1680.0121599987324
