comms_cons: 15.646246399912235
finished_reconf: true
global_termination_time: 151351.258
local_termination_time: 22979.944320000006
node_cons: 3060.5003422405834
tot_aggregated_send: 1392
tot_msg_rcv: 315
tot_msg_sent: 672
tot_reconf_duration: 5.57
tot_sleeping_duration: 149071.24583999955
tot_uptimes: 39
tot_uptimes_duration: 2280.012160000435
