comms_cons: 17.2131711995772
finished_reconf: true
global_termination_time: 147358.919
local_termination_time: 73771.04935999998
node_cons: 2983.2239833574645
tot_aggregated_send: 1218
tot_msg_rcv: 476
tot_msg_sent: 923
tot_reconf_duration: 7.819999999999999
tot_sleeping_duration: 145138.9007600019
tot_uptimes: 38
tot_uptimes_duration: 2220.0182399980986
