comms_cons: 14.561529599929116
finished_reconf: true
global_termination_time: 147387.686
local_termination_time: 41394.95436000001
node_cons: 2981.043042238305
tot_aggregated_send: 1218
tot_msg_rcv: 352
tot_msg_sent: 643
tot_reconf_duration: 6.22
tot_sleeping_duration: 145167.67384000125
tot_uptimes: 38
tot_uptimes_duration: 2220.0121599987324
