comms_cons: 11.97853439992941
finished_reconf: true
global_termination_time: 95850.171
local_termination_time: 21154.364360000003
node_cons: 1935.102082239445
tot_aggregated_send: 522
tot_msg_rcv: 582
tot_msg_sent: 716
tot_reconf_duration: 5.1
tot_sleeping_duration: 94410.15884000041
tot_uptimes: 25
tot_uptimes_duration: 1440.0121599995837
