comms_cons: 13.110982399868496
finished_reconf: true
global_termination_time: 92122.23
local_termination_time: 43108.14836000001
node_cons: 1878.6112644785942
tot_aggregated_send: 464
tot_msg_rcv: 715
tot_msg_sent: 814
tot_reconf_duration: 22.65
tot_sleeping_duration: 90742.20568000103
tot_uptimes: 24
tot_uptimes_duration: 1380.0243199989563
