comms_cons: 8.604620800095175
finished_reconf: true
global_termination_time: 96041.165
local_termination_time: 77300.51435999997
node_cons: 1940.9523599999973
tot_aggregated_send: 754
tot_msg_rcv: 193
tot_msg_sent: 360
tot_reconf_duration: 9.42
tot_sleeping_duration: 94601.165
tot_uptimes: 25
tot_uptimes_duration: 1440.0
