comms_cons: 12.337254399944392
finished_reconf: true
global_termination_time: 94036.288
local_termination_time: 6083.195520000001
node_cons: 1934.1704667183265
tot_aggregated_send: 638
tot_msg_rcv: 536
tot_msg_sent: 701
tot_reconf_duration: 4.390000000000001
tot_sleeping_duration: 92596.25152000124
tot_uptimes: 25
tot_uptimes_duration: 1440.036479998751
