comms_cons: 174.15256319609026
finished_reconf: true
global_termination_time: 1761333.804
local_termination_time: 1102238.870879998
node_cons: 36247.37077431716
tot_aggregated_send: 25578
tot_msg_rcv: 320
tot_msg_sent: 573
tot_reconf_duration: 9.42
tot_sleeping_duration: 1734272.879120002
tot_uptimes: 452
tot_uptimes_duration: 27060.924879998027
