comms_cons: 177.3955967896804
finished_reconf: true
global_termination_time: 1762346.568
local_termination_time: 474073.89800000045
node_cons: 36248.75596781773
tot_aggregated_send: 24476
tot_msg_rcv: 805
tot_msg_sent: 1683
tot_reconf_duration: 11.31
tot_sleeping_duration: 1735286.5254400165
tot_uptimes: 452
tot_uptimes_duration: 27060.04255998344
