comms_cons: 265.95758080251363
finished_reconf: true
global_termination_time: 2674994.327
local_termination_time: 1942783.1323599997
node_cons: 55053.41937999891
tot_aggregated_send: 38396
tot_msg_rcv: 708
tot_msg_sent: 1320
tot_reconf_duration: 15.110000000000001
tot_sleeping_duration: 2633894.327
tot_uptimes: 686
tot_uptimes_duration: 41100.0
