comms_cons: 266.083212789998
finished_reconf: true
global_termination_time: 2676599.71
local_termination_time: 1214834.80536
node_cons: 55049.06834111611
tot_aggregated_send: 38454
tot_msg_rcv: 723
tot_msg_sent: 1266
tot_reconf_duration: 11.899999999999999
tot_sleeping_duration: 2635499.7039200026
tot_uptimes: 686
tot_uptimes_duration: 41100.006079997635
