comms_cons: 141.35411199371146
finished_reconf: true
global_termination_time: 1421078.46
local_termination_time: 827501.1054799978
node_cons: 29172.845123833926
tot_aggregated_send: 20184
tot_msg_rcv: 434
tot_msg_sent: 867
tot_reconf_duration: 5.1
tot_sleeping_duration: 1399296.5934400044
tot_uptimes: 364
tot_uptimes_duration: 21781.866559995455
