comms_cons: 141.39575039422192
finished_reconf: true
global_termination_time: 1418729.979
local_termination_time: 796673.1883599998
node_cons: 29167.602639999983
tot_aggregated_send: 20416
tot_msg_rcv: 439
tot_msg_sent: 636
tot_reconf_duration: 3.08
tot_sleeping_duration: 1396949.979
tot_uptimes: 364
tot_uptimes_duration: 21779.999999999996
