comms_cons: 139.45272319925147
finished_reconf: true
global_termination_time: 1417156.065
local_termination_time: 1071934.3531599995
node_cons: 29094.066220000157
tot_aggregated_send: 20474
tot_msg_rcv: 207
tot_msg_sent: 515
tot_reconf_duration: 8.09
tot_sleeping_duration: 1395436.065
tot_uptimes: 363
tot_uptimes_duration: 21720.0
