comms_cons: 40.51471360009613
finished_reconf: true
global_termination_time: 412128.368
local_termination_time: 71152.55335999998
node_cons: 8460.42918000002
tot_aggregated_send: 5974
tot_msg_rcv: 85
tot_msg_sent: 99
tot_reconf_duration: 18.21
tot_sleeping_duration: 405828.368
tot_uptimes: 106
tot_uptimes_duration: 6300.0
