comms_cons: 41.43580160069459
finished_reconf: true
global_termination_time: 412183.013
local_termination_time: 47166.56836000001
node_cons: 8442.625800000009
tot_aggregated_send: 5742
tot_msg_rcv: 212
tot_msg_sent: 344
tot_reconf_duration: 5.1
tot_sleeping_duration: 405883.013
tot_uptimes: 106
tot_uptimes_duration: 6300.0
