comms_cons: 17.156012800182797
finished_reconf: true
global_termination_time: 169878.54724000036
local_termination_time: 27452.87136
node_cons: 3514.0438604796254
tot_aggregated_send: 1972
tot_msg_rcv: 228
tot_msg_sent: 408
tot_reconf_duration: 7.819999999999999
tot_sleeping_duration: 167262.09892000066
tot_uptimes: 44
tot_uptimes_duration: 2616.4483199997194
