comms_cons: 35.29740800004671
finished_reconf: true
global_termination_time: 361413.0686800003
local_termination_time: 55087.47976000018
node_cons: 7437.20076016067
tot_aggregated_send: 5278
tot_msg_rcv: 24
tot_msg_sent: 62
tot_reconf_duration: 10.95
tot_sleeping_duration: 355869.8792399998
tot_uptimes: 93
tot_uptimes_duration: 5543.189440000497
