comms_cons: 62.17096959985471
finished_reconf: true
global_termination_time: 618914.8115199981
local_termination_time: 618914.7703999982
node_cons: 12815.983776399013
tot_aggregated_send: 8583
tot_msg_rcv: 258
tot_msg_sent: 608
tot_reconf_duration: 33.98
tot_sleeping_duration: 609377.9639199988
tot_uptimes: 159
tot_uptimes_duration: 9536.847599999222
