comms_cons: 73.23965439966712
finished_reconf: true
global_termination_time: 747919.296
local_termination_time: 597615.264
node_cons: 15377.13485783803
tot_aggregated_send: 10786
tot_msg_rcv: 111
tot_msg_sent: 235
tot_reconf_duration: 22.65
tot_sleeping_duration: 736458.2234400015
tot_uptimes: 192
tot_uptimes_duration: 11461.072559998487
