comms_cons: 74.84497919934842
finished_reconf: true
global_termination_time: 748753.081
local_termination_time: 250474.17636000007
node_cons: 15362.82486000004
tot_aggregated_send: 10614
tot_msg_rcv: 310
tot_msg_sent: 452
tot_reconf_duration: 13.17
tot_sleeping_duration: 737293.081
tot_uptimes: 192
tot_uptimes_duration: 11460.0
