comms_cons: 34.09592320058064
finished_reconf: true
global_termination_time: 332966.012
local_termination_time: 110788.78
node_cons: 6853.66174448346
tot_aggregated_send: 3348
tot_msg_rcv: 713
tot_msg_sent: 1123
tot_reconf_duration: 18.21
tot_sleeping_duration: 327865.9876799974
tot_uptimes: 86
tot_uptimes_duration: 5100.0243200025725
