comms_cons: 2.1842943999927824
finished_reconf: true
global_termination_time: 18640.681
local_termination_time: 10862.31236
node_cons: 352.11869999999954
tot_aggregated_send: 0
tot_msg_rcv: 177
tot_msg_sent: 155
tot_reconf_duration: 22.65
tot_sleeping_duration: 18400.681
tot_uptimes: 5
tot_uptimes_duration: 240.0
