comms_cons: 30.196851199920882
finished_reconf: true
global_termination_time: 14895.448360000008
local_termination_time: 2525.9020400000013
node_cons: 3994.5848988400526
tot_aggregated_send: 0
tot_msg_rcv: 2349
tot_msg_sent: 2239
tot_reconf_duration: 6.22
tot_sleeping_duration: 11918.49679999997
tot_uptimes: 44
tot_uptimes_duration: 2976.951560000037
