comms_cons: 283.5982208117192
finished_reconf: true
global_termination_time: 2810549.245
local_termination_time: 7354.208
node_cons: 57874.30656893854
tot_aggregated_send: 38665
tot_msg_rcv: 1413
tot_msg_sent: 3026
tot_reconf_duration: 21.68
tot_sleeping_duration: 2767349.1963600153
tot_uptimes: 720
tot_uptimes_duration: 43200.04863998474
