comms_cons: 270.43143683475023
finished_reconf: true
global_termination_time: 2807785.189
local_termination_time: 7055.263
node_cons: 57850.22922893521
tot_aggregated_send: 38565
tot_msg_rcv: 845
tot_msg_sent: 1694
tot_reconf_duration: 3.95
tot_sleeping_duration: 2764585.1403600173
tot_uptimes: 720
tot_uptimes_duration: 43200.04863998224
