comms_cons: 282.91309440767634
finished_reconf: true
global_termination_time: 2808614.843
local_termination_time: 5002.127
node_cons: 57866.62299117252
tot_aggregated_send: 39134
tot_msg_rcv: 1301
tot_msg_sent: 2565
tot_reconf_duration: 16.009999999999998
tot_sleeping_duration: 2765414.7822000193
tot_uptimes: 720
tot_uptimes_duration: 43200.060799980245
