comms_cons: 273.5631360034995
finished_reconf: true
global_termination_time: 2810675.253
local_termination_time: 5439.382
node_cons: 57854.4472044663
tot_aggregated_send: 39548
tot_msg_rcv: 656
tot_msg_sent: 1376
tot_reconf_duration: 7.08
tot_sleeping_duration: 2767475.2286800095
tot_uptimes: 720
tot_uptimes_duration: 43200.02431999054
