comms_cons: 46.50769280108052
finished_reconf: true
global_termination_time: 457131.292
local_termination_time: 142967.3230400003
node_cons: 9408.259324485734
tot_aggregated_send: 5800
tot_msg_rcv: 339
tot_msg_sent: 929
tot_reconf_duration: 6.22
tot_sleeping_duration: 450111.26767999574
tot_uptimes: 118
tot_uptimes_duration: 7020.024320004275
