comms_cons: 141.15329281362048
finished_reconf: true
global_termination_time: 292114.96348000015
local_termination_time: 1258.3180400000015
node_cons: 17782.257206162016
tot_aggregated_send: 0
tot_msg_rcv: 8651
tot_msg_sent: 12802
tot_reconf_duration: 18.21
tot_sleeping_duration: 278853.18003999867
tot_uptimes: 218
tot_uptimes_duration: 13261.783440001489
