comms_cons: 30.211686400996744
finished_reconf: true
global_termination_time: 292339.988
local_termination_time: 20721.602359999997
node_cons: 5960.535262242884
tot_aggregated_send: 3770
tot_msg_rcv: 307
tot_msg_sent: 515
tot_reconf_duration: 11.31
tot_sleeping_duration: 287899.9758399979
tot_uptimes: 75
tot_uptimes_duration: 4440.012160002152
