comms_cons: 36.52113920071909
finished_reconf: true
global_termination_time: 363819.01124000037
local_termination_time: 12879.993160000002
node_cons: 7549.822469360469
tot_aggregated_send: 4756
tot_msg_rcv: 247
tot_msg_sent: 547
tot_reconf_duration: 22.65
tot_sleeping_duration: 358203.579
tot_uptimes: 94
tot_uptimes_duration: 5615.432240000344
