comms_cons: 527.9147647777462
finished_reconf: true
global_termination_time: 612056.029239998
local_termination_time: 612056.029239998
node_cons: 60883.64255265768
tot_aggregated_send: 0
tot_msg_rcv: 36325
tot_msg_sent: 43913
tot_reconf_duration: 37.410000000000004
tot_sleeping_duration: 566624.483479984
tot_uptimes: 734
tot_uptimes_duration: 45431.54576001396
