comms_cons: 63.6577215989238
finished_reconf: true
global_termination_time: 615493.137
local_termination_time: 123215.96435999997
node_cons: 12625.78394448574
tot_aggregated_send: 8178
tot_msg_rcv: 569
tot_msg_sent: 928
tot_reconf_duration: 9.11
tot_sleeping_duration: 606073.1126799957
tot_uptimes: 158
tot_uptimes_duration: 9420.024320004275
