comms_cons: 63.413951995852216
finished_reconf: true
global_termination_time: 614569.208
local_termination_time: 455360.89692000026
node_cons: 12633.931944476524
tot_aggregated_send: 8236
tot_msg_rcv: 540
tot_msg_sent: 862
tot_reconf_duration: 15.110000000000001
tot_sleeping_duration: 605149.1836800026
tot_uptimes: 158
tot_uptimes_duration: 9420.024319997407
