comms_cons: 62.719513599904815
finished_reconf: true
global_termination_time: 614610.232
local_termination_time: 249214.18140000035
node_cons: 12624.00770112142
tot_aggregated_send: 8352
tot_msg_rcv: 432
tot_msg_sent: 748
tot_reconf_duration: 7.819999999999999
tot_sleeping_duration: 605190.225919999
tot_uptimes: 158
tot_uptimes_duration: 9420.006080001069
