comms_cons: 40.17917440040702
finished_reconf: true
global_termination_time: 404896.101
local_termination_time: 159218.57336000004
node_cons: 8290.387121121435
tot_aggregated_send: 5684
tot_msg_rcv: 141
tot_msg_sent: 282
tot_reconf_duration: 11.31
tot_sleeping_duration: 398716.09491999896
tot_uptimes: 104
tot_uptimes_duration: 6180.006080001069
