comms_cons: 307.70636161927683
finished_reconf: true
global_termination_time: 3045424.074
local_termination_time: 993330.0160000001
node_cons: 62635.37612702657
tot_aggregated_send: 41932
tot_msg_rcv: 1590
tot_msg_sent: 3248
tot_reconf_duration: 22.65
tot_sleeping_duration: 2998669.318640009
tot_uptimes: 780
tot_uptimes_duration: 46754.75535999087
