comms_cons: 305.15050242699994
finished_reconf: true
global_termination_time: 3044293.177
local_termination_time: 2031359.9947199998
node_cons: 62619.249964466784
tot_aggregated_send: 41992
tot_msg_rcv: 1537
tot_msg_sent: 2853
tot_reconf_duration: 25.299999999999997
tot_sleeping_duration: 2997553.152680009
tot_uptimes: 780
tot_uptimes_duration: 46740.024319991004
