comms_cons: 300.9200768291245
finished_reconf: true
global_termination_time: 3042386.241
local_termination_time: 2055940.9922799983
node_cons: 62683.08485999866
tot_aggregated_send: 43790
tot_msg_rcv: 682
tot_msg_sent: 1266
tot_reconf_duration: 13.17
tot_sleeping_duration: 2995586.241
tot_uptimes: 780
tot_uptimes_duration: 46800.0
