comms_cons: 306.29076482518514
finished_reconf: true
global_termination_time: 3042797.878
local_termination_time: 478138.54332000023
node_cons: 62589.058887816966
tot_aggregated_send: 42282
tot_msg_rcv: 1364
tot_msg_sent: 2908
tot_reconf_duration: 3.05
tot_sleeping_duration: 2996057.8354400164
tot_uptimes: 780
tot_uptimes_duration: 46740.042559983674
