comms_cons: 35.672422400541635
finished_reconf: true
global_termination_time: 352966.819
local_termination_time: 140802.9345600007
node_cons: 7251.431720000004
tot_aggregated_send: 4872
tot_msg_rcv: 214
tot_msg_sent: 336
tot_reconf_duration: 15.34
tot_sleeping_duration: 347566.819
tot_uptimes: 91
tot_uptimes_duration: 5400.0
