comms_cons: 36.3375488005661
finished_reconf: true
global_termination_time: 353947.874
local_termination_time: 42631.390680000055
node_cons: 7242.987662240592
tot_aggregated_send: 4698
tot_msg_rcv: 309
tot_msg_sent: 516
tot_reconf_duration: 9.11
tot_sleeping_duration: 348547.86183999956
tot_uptimes: 91
tot_uptimes_duration: 5400.012160000435
