comms_cons: 35.80463360048704
finished_reconf: true
global_termination_time: 351905.523
local_termination_time: 237034.59436000008
node_cons: 7251.127521121461
tot_aggregated_send: 4756
tot_msg_rcv: 236
tot_msg_sent: 450
tot_reconf_duration: 15.110000000000001
tot_sleeping_duration: 346505.5169199989
tot_uptimes: 91
tot_uptimes_duration: 5400.006080001069
