comms_cons: 36.744832000800045
finished_reconf: true
global_termination_time: 353267.088
local_termination_time: 109567.52083999992
node_cons: 7245.478241121435
tot_aggregated_send: 4698
tot_msg_rcv: 373
tot_msg_sent: 514
tot_reconf_duration: 10.95
tot_sleeping_duration: 347867.0819199989
tot_uptimes: 91
tot_uptimes_duration: 5400.006080001069
