comms_cons: 39.856793600381316
finished_reconf: true
global_termination_time: 402851.62
local_termination_time: 4844.072
node_cons: 8285.289182242872
tot_aggregated_send: 5792
tot_msg_rcv: 90
tot_msg_sent: 176
tot_reconf_duration: 7.55
tot_sleeping_duration: 396671.60783999786
tot_uptimes: 104
tot_uptimes_duration: 6180.0121600021375
