comms_cons: 114.3800191970091
finished_reconf: true
global_termination_time: 1163112.189
local_termination_time: 5071.996999999999
node_cons: 23895.42158223716
tot_aggregated_send: 16795
tot_msg_rcv: 182
tot_msg_sent: 408
tot_reconf_duration: 25.35
tot_sleeping_duration: 1145292.1768400022
tot_uptimes: 298
tot_uptimes_duration: 17820.012159997852
