comms_cons: 115.03856639625431
finished_reconf: true
global_termination_time: 1158994.421
local_termination_time: 6555.308999999999
node_cons: 23799.43742223602
tot_aggregated_send: 16574
tot_msg_rcv: 329
tot_msg_sent: 582
tot_reconf_duration: 13.83
tot_sleeping_duration: 1141234.408840003
tot_uptimes: 297
tot_uptimes_duration: 17760.012159997
