comms_cons: 47.816652800917296
finished_reconf: true
global_termination_time: 463844.185
local_termination_time: 199461.14236000006
node_cons: 9487.510222242865
tot_aggregated_send: 5742
tot_msg_rcv: 424
tot_msg_sent: 1102
tot_reconf_duration: 5.43
tot_sleeping_duration: 456764.17283999786
tot_uptimes: 119
tot_uptimes_duration: 7080.0121600021375
