comms_cons: 123.76170239636328
finished_reconf: true
global_termination_time: 1262468.074
local_termination_time: 742994.71236
node_cons: 25958.26676000016
tot_aggregated_send: 17574
tot_msg_rcv: 403
tot_msg_sent: 834
tot_reconf_duration: 6.22
tot_sleeping_duration: 1243088.074
tot_uptimes: 324
tot_uptimes_duration: 19380.0
