comms_cons: 290.8946624080459
finished_reconf: true
global_termination_time: 2846408.745
local_termination_time: 1746147.6949199992
node_cons: 58496.04003005102
tot_aggregated_send: 38570
tot_msg_rcv: 1981
tot_msg_sent: 3663
tot_reconf_duration: 6.22
tot_sleeping_duration: 2802728.6902800207
tot_uptimes: 729
tot_uptimes_duration: 43680.054719979176
