comms_cons: 282.7157120236403
finished_reconf: true
global_termination_time: 2811125.816
local_termination_time: 3985.2889999999998
node_cons: 57853.64595005801
tot_aggregated_send: 39433
tot_msg_rcv: 1263
tot_msg_sent: 2276
tot_reconf_duration: 6.46
tot_sleeping_duration: 2767925.7612800156
tot_uptimes: 720
tot_uptimes_duration: 43200.05471998434
