comms_cons: 36.8275456015067
finished_reconf: true
global_termination_time: 302128.4036400009
local_termination_time: 35395.47440000016
node_cons: 6286.612705050712
tot_aggregated_send: 2610
tot_msg_rcv: 1069
tot_msg_sent: 1921
tot_reconf_duration: 18.21
tot_sleeping_duration: 297451.86627999286
tot_uptimes: 78
tot_uptimes_duration: 4676.537360007998
