comms_cons: 30.881472000390648
finished_reconf: true
global_termination_time: 302127.8036400008
local_termination_time: 302127.7625200008
node_cons: 6278.8251483219865
tot_aggregated_send: 4104
tot_msg_rcv: 200
tot_msg_sent: 389
tot_reconf_duration: 24.59
tot_sleeping_duration: 297463.55275999935
tot_uptimes: 78
tot_uptimes_duration: 4664.250880001469
