comms_cons: 30.791910400007737
finished_reconf: true
global_termination_time: 302861.991
local_termination_time: 200658.80024000094
node_cons: 6220.39936336127
tot_aggregated_send: 4002
tot_msg_rcv: 219
tot_msg_sent: 460
tot_reconf_duration: 15.34
tot_sleeping_duration: 298231.992759999
tot_uptimes: 78
tot_uptimes_duration: 4629.998240000947
