comms_cons: 30.738649600122187
finished_reconf: true
global_termination_time: 303295.148
local_termination_time: 92097.3383199996
node_cons: 6192.711980000004
tot_aggregated_send: 4002
tot_msg_rcv: 210
tot_msg_sent: 460
tot_reconf_duration: 4.8100000000000005
tot_sleeping_duration: 298675.148
tot_uptimes: 78
tot_uptimes_duration: 4620.0
