comms_cons: 41.88976640018375
finished_reconf: true
global_termination_time: 420881.339
local_termination_time: 9141.45248
node_cons: 8627.13870000001
tot_aggregated_send: 5916
tot_msg_rcv: 181
tot_msg_sent: 270
tot_reconf_duration: 22.65
tot_sleeping_duration: 414461.339
tot_uptimes: 108
tot_uptimes_duration: 6420.0
