comms_cons: 41.55422720014567
finished_reconf: true
global_termination_time: 419781.578
local_termination_time: 246228.38936000006
node_cons: 8602.911980000008
tot_aggregated_send: 5974
tot_msg_rcv: 114
tot_msg_sent: 228
tot_reconf_duration: 4.8100000000000005
tot_sleeping_duration: 413361.578
tot_uptimes: 108
tot_uptimes_duration: 6420.0
