comms_cons: 96.78003199630275
finished_reconf: true
global_termination_time: 973138.6672400001
local_termination_time: 79568.75947999996
node_cons: 20052.49807047695
tot_aggregated_send: 13456
tot_msg_rcv: 474
tot_msg_sent: 779
tot_reconf_duration: 18.21
tot_sleeping_duration: 958181.4089200024
tot_uptimes: 250
tot_uptimes_duration: 14957.258319997694
