comms_cons: 99.41891839370047
finished_reconf: true
global_termination_time: 975163.176
local_termination_time: 704788.9667999984
node_cons: 20048.892792786773
tot_aggregated_send: 13050
tot_msg_rcv: 701
tot_msg_sent: 1360
tot_reconf_duration: 25.299999999999997
tot_sleeping_duration: 960215.80080001
tot_uptimes: 250
tot_uptimes_duration: 14947.375199990056
