comms_cons: 98.34277759409571
finished_reconf: true
global_termination_time: 977584.79
local_termination_time: 670491.5120799997
node_cons: 20105.543803359702
tot_aggregated_send: 12876
tot_msg_rcv: 685
tot_msg_sent: 1388
tot_reconf_duration: 15.110000000000001
tot_sleeping_duration: 962584.7717600003
tot_uptimes: 251
tot_uptimes_duration: 15000.018239999772
