comms_cons: 98.37608319313834
finished_reconf: true
global_termination_time: 974009.148
local_termination_time: 615677.1517199987
node_cons: 20019.554523355062
tot_aggregated_send: 13050
tot_msg_rcv: 662
tot_msg_sent: 1241
tot_reconf_duration: 10.95
tot_sleeping_duration: 959069.1297600038
tot_uptimes: 250
tot_uptimes_duration: 14940.018239996338
