comms_cons: 100.51543041429797
finished_reconf: true
global_termination_time: 697858.473
local_termination_time: 364093.3163600001
node_cons: 14304.670041121515
tot_aggregated_send: 0
tot_msg_rcv: 7692
tot_msg_sent: 7586
tot_reconf_duration: 3.05
tot_sleeping_duration: 687178.4669199989
tot_uptimes: 179
tot_uptimes_duration: 10680.006080001069
