comms_cons: 64.33862399894848
finished_reconf: true
global_termination_time: 641797.484
local_termination_time: 464876.27148000005
node_cons: 13190.638241116789
tot_aggregated_send: 8874
tot_msg_rcv: 383
tot_msg_sent: 523
tot_reconf_duration: 10.95
tot_sleeping_duration: 631957.4779200024
tot_uptimes: 165
tot_uptimes_duration: 9840.006079997576
