comms_cons: 88.92495359894195
finished_reconf: true
global_termination_time: 889138.948
local_termination_time: 238886.42944000018
node_cons: 18241.33818224287
tot_aggregated_send: 12238
tot_msg_rcv: 506
tot_msg_sent: 771
tot_reconf_duration: 3.05
tot_sleeping_duration: 875518.9358399978
tot_uptimes: 228
tot_uptimes_duration: 13620.012160002138
