comms_cons: 88.4717567973905
finished_reconf: true
global_termination_time: 887020.168
local_termination_time: 221794.06660000008
node_cons: 18245.659324481152
tot_aggregated_send: 11890
tot_msg_rcv: 509
tot_msg_sent: 1049
tot_reconf_duration: 6.22
tot_sleeping_duration: 873400.143679999
tot_uptimes: 228
tot_uptimes_duration: 13620.02432000084
