comms_cons: 78.62864639714
finished_reconf: true
global_termination_time: 779142.463
local_termination_time: 79138.1783599997
node_cons: 15994.224544476547
tot_aggregated_send: 10672
tot_msg_rcv: 405
tot_msg_sent: 874
tot_reconf_duration: 4.8100000000000005
tot_sleeping_duration: 767202.4386800026
tot_uptimes: 200
tot_uptimes_duration: 11940.024319997407
