comms_cons: 77.05255039881523
finished_reconf: true
global_termination_time: 775584.4361200001
local_termination_time: 365258.8939600006
node_cons: 15939.632859680167
tot_aggregated_send: 10846
tot_msg_rcv: 283
tot_msg_sent: 582
tot_reconf_duration: 7.819999999999999
tot_sleeping_duration: 763688.235
tot_uptimes: 199
tot_uptimes_duration: 11896.2011200001
