comms_cons: 2.2961407999924126
finished_reconf: true
global_termination_time: 15728.996
local_termination_time: 9128.931359999999
node_cons: 329.8882399999984
tot_aggregated_send: 0
tot_msg_rcv: 178
tot_msg_sent: 171
tot_reconf_duration: 6.279999999999999
tot_sleeping_duration: 15488.996
tot_uptimes: 5
tot_uptimes_duration: 240.0
