comms_cons: 1.5329535999971289
finished_reconf: true
global_termination_time: 13611.561
local_termination_time: 7069.955360000001
node_cons: 247.9458000000005
tot_aggregated_send: 0
tot_msg_rcv: 119
tot_msg_sent: 114
tot_reconf_duration: 5.1
tot_sleeping_duration: 13431.561
tot_uptimes: 4
tot_uptimes_duration: 180.0
