comms_cons: 1.5197951999991637
finished_reconf: true
global_termination_time: 10279.627
local_termination_time: 7130.71536
node_cons: 169.12676000000033
tot_aggregated_send: 0
tot_msg_rcv: 120
tot_msg_sent: 111
tot_reconf_duration: 6.22
tot_sleeping_duration: 10159.627
tot_uptimes: 3
tot_uptimes_duration: 120.0
