comms_cons: 382.5887552052967
finished_reconf: true
global_termination_time: 3881586.954
local_termination_time: 2347161.6294800006
node_cons: 79865.53220111557
tot_aggregated_send: 53070
tot_msg_rcv: 1937
tot_msg_sent: 3144
tot_reconf_duration: 5.57
tot_sleeping_duration: 3821946.947920002
tot_uptimes: 995
tot_uptimes_duration: 59640.00607999787
