comms_cons: 378.3441024014798
finished_reconf: true
global_termination_time: 3883265.613
local_termination_time: 1755332.6815999988
node_cons: 79862.16706334923
tot_aggregated_send: 53824
tot_msg_rcv: 1300
tot_msg_sent: 2382
tot_reconf_duration: 3.08
tot_sleeping_duration: 3823625.5947600068
tot_uptimes: 995
tot_uptimes_duration: 59640.01823999337
