comms_cons: 381.39378562155434
finished_reconf: true
global_termination_time: 3884490.356
local_termination_time: 1022202.8607999993
node_cons: 79870.37208558279
tot_aggregated_send: 53418
tot_msg_rcv: 1493
tot_msg_sent: 3058
tot_reconf_duration: 9.11
tot_sleeping_duration: 3824850.3256000117
tot_uptimes: 995
tot_uptimes_duration: 59640.03039998864
