comms_cons: 383.9314304457157
finished_reconf: true
global_termination_time: 3884485.583
local_termination_time: 1010585.6792799982
node_cons: 79880.34016150041
tot_aggregated_send: 53592
tot_msg_rcv: 1691
tot_msg_sent: 3071
tot_reconf_duration: 15.110000000000001
tot_sleeping_duration: 3824844.193320013
tot_uptimes: 995
tot_uptimes_duration: 59641.38967998687
