comms_cons: 393.02280326587766
finished_reconf: true
global_termination_time: 3883969.329
local_termination_time: 189212.715
node_cons: 79901.52843092757
tot_aggregated_send: 53648
tot_msg_rcv: 2082
tot_msg_sent: 4008
tot_reconf_duration: 22.65
tot_sleeping_duration: 3824319.762360023
tot_uptimes: 995
tot_uptimes_duration: 59649.56663997726
