comms_cons: 264.2996223931821
finished_reconf: true
global_termination_time: 2701357.589
local_termination_time: 897513.5684399985
node_cons: 55532.82485999912
tot_aggregated_send: 38860
tot_msg_rcv: 452
tot_msg_sent: 860
tot_reconf_duration: 13.17
tot_sleeping_duration: 2659897.589
tot_uptimes: 692
tot_uptimes_duration: 41460.0
