comms_cons: 264.62186877694865
finished_reconf: true
global_termination_time: 2701487.113
local_termination_time: 859435.2699599997
node_cons: 55525.63283005057
tot_aggregated_send: 35902
tot_msg_rcv: 1466
tot_msg_sent: 2853
tot_reconf_duration: 7.819999999999999
tot_sleeping_duration: 2660027.058280021
tot_uptimes: 692
tot_uptimes_duration: 41460.05471997865
