comms_cons: 185.58670079382787
finished_reconf: true
global_termination_time: 1881320.926
local_termination_time: 909039.0569599997
node_cons: 38656.332359999855
tot_aggregated_send: 26912
tot_msg_rcv: 422
tot_msg_sent: 875
tot_reconf_duration: 9.42
tot_sleeping_duration: 1852460.926
tot_uptimes: 482
tot_uptimes_duration: 28860.0
