comms_cons: 185.7035903914697
finished_reconf: true
global_termination_time: 1876070.877
local_termination_time: 235551.90472000014
node_cons: 38569.24303117734
tot_aggregated_send: 25346
tot_msg_rcv: 950
tot_msg_sent: 1929
tot_reconf_duration: 4.390000000000001
tot_sleeping_duration: 1847270.816200017
tot_uptimes: 481
tot_uptimes_duration: 28800.060799983214
