comms_cons: 193.27308797886198
finished_reconf: true
global_termination_time: 1876615.575
local_termination_time: 277970.3590800006
node_cons: 38573.868406710004
tot_aggregated_send: 25230
tot_msg_rcv: 1532
tot_msg_sent: 2617
tot_reconf_duration: 7.819999999999999
tot_sleeping_duration: 1847815.5385200072
tot_uptimes: 481
tot_uptimes_duration: 28800.036479992676
