comms_cons: 77.27663999725006
finished_reconf: true
global_termination_time: 666175.9992400003
local_termination_time: 86538.95431999989
node_cons: 13731.561431865759
tot_aggregated_send: 5974
tot_msg_rcv: 2222
tot_msg_sent: 3552
tot_reconf_duration: 18.21
tot_sleeping_duration: 655939.3806799811
tot_uptimes: 171
tot_uptimes_duration: 10236.618560019226
