comms_cons: 67.89076479982789
finished_reconf: true
global_termination_time: 669173.619
local_termination_time: 152584.54168000072
node_cons: 13745.736624485751
tot_aggregated_send: 8874
tot_msg_rcv: 456
tot_msg_sent: 989
tot_reconf_duration: 5.57
tot_sleeping_duration: 658913.5946799957
tot_uptimes: 172
tot_uptimes_duration: 10260.024320004275
