comms_cons: 66.81898240026345
finished_reconf: true
global_termination_time: 669772.927
local_termination_time: 331384.6232400009
node_cons: 13799.229624478094
tot_aggregated_send: 8874
tot_msg_rcv: 451
tot_msg_sent: 832
tot_reconf_duration: 25.299999999999997
tot_sleeping_duration: 659492.9626800014
tot_uptimes: 172
tot_uptimes_duration: 10279.964319998573
