comms_cons: 66.91026560087204
finished_reconf: true
global_termination_time: 667075.768
local_termination_time: 546829.6975999998
node_cons: 13675.684860000076
tot_aggregated_send: 9164
tot_msg_rcv: 405
tot_msg_sent: 600
tot_reconf_duration: 13.17
tot_sleeping_duration: 656875.768
tot_uptimes: 171
tot_uptimes_duration: 10200.0
