comms_cons: 67.16047359880591
finished_reconf: true
global_termination_time: 666215.397
local_termination_time: 208168.68736000007
node_cons: 13666.263042242883
tot_aggregated_send: 8990
tot_msg_rcv: 349
tot_msg_sent: 869
tot_reconf_duration: 6.22
tot_sleeping_duration: 656015.3848399979
tot_uptimes: 171
tot_uptimes_duration: 10200.012160002138
