comms_cons: 281.2334784042275
finished_reconf: true
global_termination_time: 2809957.946
local_termination_time: 2401108.957119998
node_cons: 57852.3722011162
tot_aggregated_send: 39556
tot_msg_rcv: 987
tot_msg_sent: 2202
tot_reconf_duration: 5.57
tot_sleeping_duration: 2766757.939920002
tot_uptimes: 720
tot_uptimes_duration: 43200.006079997635
