comms_cons: 281.93707521055256
finished_reconf: false
global_termination_time: 2809269.187
local_termination_time: 0
node_cons: 57844.80814111611
tot_aggregated_send: 39150
tot_msg_rcv: 1091
tot_msg_sent: 2611
tot_reconf_duration: 0
tot_sleeping_duration: 2766069.180920002
tot_uptimes: 720
tot_uptimes_duration: 43200.00607999787
