comms_cons: 282.31166080420286
finished_reconf: true
global_termination_time: 2808014.868
local_termination_time: 634830.763879999
node_cons: 57851.380826700355
tot_aggregated_send: 39150
tot_msg_rcv: 1142
tot_msg_sent: 2617
tot_reconf_duration: 4.8100000000000005
tot_sleeping_duration: 2764814.8315200135
tot_uptimes: 720
tot_uptimes_duration: 43200.03647998604
