comms_cons: 93.36010239625658
finished_reconf: true
global_termination_time: 921785.5160399993
local_termination_time: 921785.4749199994
node_cons: 19030.312929044856
tot_aggregated_send: 12688
tot_msg_rcv: 488
tot_msg_sent: 1014
tot_reconf_duration: 24.59
tot_sleeping_duration: 907598.1226799957
tot_uptimes: 237
tot_uptimes_duration: 14187.393360003596
