comms_cons: 95.23672319338581
finished_reconf: true
global_termination_time: 921785.92724
local_termination_time: 92164.38947999997
node_cons: 19004.077888313128
tot_aggregated_send: 12354
tot_msg_rcv: 819
tot_msg_sent: 1302
tot_reconf_duration: 18.21
tot_sleeping_duration: 907611.6563600051
tot_uptimes: 237
tot_uptimes_duration: 14174.270879994845
