comms_cons: 78.64020479908433
finished_reconf: true
global_termination_time: 793481.057
local_termination_time: 526149.3903599998
node_cons: 16316.584059999954
tot_aggregated_send: 11368
tot_msg_rcv: 182
tot_msg_sent: 401
tot_reconf_duration: 5.57
tot_sleeping_duration: 781301.057
tot_uptimes: 204
tot_uptimes_duration: 12180.0
