comms_cons: 78.62448639590701
finished_reconf: true
global_termination_time: 796231.257
local_termination_time: 428852.9483600001
node_cons: 16313.202640000047
tot_aggregated_send: 11136
tot_msg_rcv: 292
tot_msg_sent: 522
tot_reconf_duration: 3.08
tot_sleeping_duration: 784051.257
tot_uptimes: 204
tot_uptimes_duration: 12180.0
