comms_cons: 78.30335359943999
finished_reconf: true
global_termination_time: 794082.446
local_termination_time: 115792.23935999996
node_cons: 16326.17968112144
tot_aggregated_send: 11252
tot_msg_rcv: 138
tot_msg_sent: 511
tot_reconf_duration: 12.629999999999999
tot_sleeping_duration: 781902.4399199989
tot_uptimes: 204
tot_uptimes_duration: 12180.006080001069
