comms_cons: 78.20757759868843
finished_reconf: true
global_termination_time: 793825.21
local_termination_time: 159160.987
node_cons: 16327.638443041293
tot_aggregated_send: 11364
tot_msg_rcv: 177
tot_msg_sent: 347
tot_reconf_duration: 10.95
tot_sleeping_duration: 781642.410639999
tot_uptimes: 204
tot_uptimes_duration: 12182.799360000965
