comms_cons: 148.15985918252773
finished_reconf: true
global_termination_time: 1461659.503
local_termination_time: 502565.50960000005
node_cons: 30054.16721117294
tot_aggregated_send: 18676
tot_msg_rcv: 1336
tot_msg_sent: 2508
tot_reconf_duration: 5.1
tot_sleeping_duration: 1439219.4422000204
tot_uptimes: 375
tot_uptimes_duration: 22440.06079997978
