comms_cons: 144.32981119399813
finished_reconf: true
global_termination_time: 1459480.626
local_termination_time: 737122.5533599999
node_cons: 29979.620501116937
tot_aggregated_send: 20706
tot_msg_rcv: 424
tot_msg_sent: 807
tot_reconf_duration: 9.42
tot_sleeping_duration: 1437100.6199200023
tot_uptimes: 374
tot_uptimes_duration: 22380.006079997635
