comms_cons: 145.9028479928008
finished_reconf: true
global_termination_time: 1462693.491
local_termination_time: 1006493.5093599999
node_cons: 30063.336482233743
tot_aggregated_send: 20300
tot_msg_rcv: 623
tot_msg_sent: 1254
tot_reconf_duration: 11.899999999999999
tot_sleeping_duration: 1440253.4788400047
tot_uptimes: 375
tot_uptimes_duration: 22440.01215999527
