comms_cons: 149.71199998552362
finished_reconf: true
global_termination_time: 1459714.374
local_termination_time: 438999.92480000027
node_cons: 29973.400826701
tot_aggregated_send: 19546
tot_msg_rcv: 1116
tot_msg_sent: 2093
tot_reconf_duration: 4.8100000000000005
tot_sleeping_duration: 1437334.3375200143
tot_uptimes: 374
tot_uptimes_duration: 22380.036479985778
