comms_cons: 147.12435199057126
finished_reconf: true
global_termination_time: 1460033.499
local_termination_time: 534405.3413199986
node_cons: 29972.80604335056
tot_aggregated_send: 20126
tot_msg_rcv: 727
tot_msg_sent: 1509
tot_reconf_duration: 4.390000000000001
tot_sleeping_duration: 1437653.4807600072
tot_uptimes: 374
tot_uptimes_duration: 22380.018239992904
