comms_cons: 60.53521920062468
finished_reconf: true
global_termination_time: 611561.874
local_termination_time: 146277.40936000005
node_cons: 12557.785462242868
tot_aggregated_send: 8468
tot_msg_rcv: 215
tot_msg_sent: 518
tot_reconf_duration: 18.21
tot_sleeping_duration: 602201.8618399978
tot_uptimes: 157
tot_uptimes_duration: 9360.012160002138
