comms_cons: 61.60376320069785
finished_reconf: true
global_termination_time: 612149.354
local_termination_time: 33451.711960000124
node_cons: 12567.421823360894
tot_aggregated_send: 8004
tot_msg_rcv: 445
tot_msg_sent: 915
tot_reconf_duration: 25.299999999999997
tot_sleeping_duration: 602789.3357599995
tot_uptimes: 157
tot_uptimes_duration: 9360.018240000652
