comms_cons: 296.164339186226
finished_reconf: true
global_termination_time: 614346.122
local_termination_time: 298158.7734800001
node_cons: 37113.28521284853
tot_aggregated_send: 0
tot_msg_rcv: 18255
tot_msg_sent: 26760
tot_reconf_duration: 18.21
tot_sleeping_duration: 586647.4244399936
tot_uptimes: 459
tot_uptimes_duration: 27698.69756000644
