comms_cons: 63.91755519804941
finished_reconf: true
global_termination_time: 616525.226
local_termination_time: 266537.45552000037
node_cons: 12647.769964476527
tot_aggregated_send: 8062
tot_msg_rcv: 620
tot_msg_sent: 1032
tot_reconf_duration: 25.299999999999997
tot_sleeping_duration: 607105.2016800026
tot_uptimes: 158
tot_uptimes_duration: 9420.024319997407
