comms_cons: 62.47733759927105
finished_reconf: true
global_termination_time: 615370.776
local_termination_time: 380279.50536000007
node_cons: 12633.915662238262
tot_aggregated_send: 8294
tot_msg_rcv: 401
tot_msg_sent: 802
tot_reconf_duration: 15.110000000000001
tot_sleeping_duration: 605950.7638400012
tot_uptimes: 158
tot_uptimes_duration: 9420.012159998703
