comms_cons: 62.25959679978911
finished_reconf: true
global_termination_time: 614293.004
local_termination_time: 411614.87436
node_cons: 12638.799023359648
tot_aggregated_send: 8294
tot_msg_rcv: 368
tot_msg_sent: 801
tot_reconf_duration: 18.700000000000003
tot_sleeping_duration: 604872.9857600002
tot_uptimes: 158
tot_uptimes_duration: 9420.018239999772
