comms_cons: 121.75379839489693
finished_reconf: true
global_termination_time: 614346.122
local_termination_time: 299541.7103600001
node_cons: 12624.015842242889
tot_aggregated_send: 0
tot_msg_rcv: 9403
tot_msg_sent: 9103
tot_reconf_duration: 7.819999999999999
tot_sleeping_duration: 604926.1098399978
tot_uptimes: 158
tot_uptimes_duration: 9420.012160002138
