comms_cons: 64.68839679982209
finished_reconf: true
global_termination_time: 615314.653
local_termination_time: 29830.34436
node_cons: 12628.836673445705
tot_aggregated_send: 7656
tot_msg_rcv: 717
tot_msg_sent: 1460
tot_reconf_duration: 11.31
tot_sleeping_duration: 605894.5800399957
tot_uptimes: 158
tot_uptimes_duration: 9420.072960004254
