comms_cons: 378.043142088587
finished_reconf: true
global_termination_time: 2001814.296
local_termination_time: 325584.01636000007
node_cons: 41164.88754670531
tot_aggregated_send: 0
tot_msg_rcv: 29185
tot_msg_sent: 28274
tot_reconf_duration: 22.65
tot_sleeping_duration: 1971094.2595200108
tot_uptimes: 513
tot_uptimes_duration: 30720.03647998924
