comms_cons: 198.59973119402866
finished_reconf: true
global_termination_time: 2001355.379
local_termination_time: 465398.6413600001
node_cons: 41138.22189999975
tot_aggregated_send: 28826
tot_msg_rcv: 492
tot_msg_sent: 868
tot_reconf_duration: 3.05
tot_sleeping_duration: 1970635.379
tot_uptimes: 513
tot_uptimes_duration: 30720.0
