comms_cons: 198.94184959161484
finished_reconf: true
global_termination_time: 2002072.349
local_termination_time: 856510.5873599999
node_cons: 41144.699559999775
tot_aggregated_send: 28884
tot_msg_rcv: 549
tot_msg_sent: 805
tot_reconf_duration: 7.819999999999999
tot_sleeping_duration: 1971352.349
tot_uptimes: 513
tot_uptimes_duration: 30720.0
