comms_cons: 94.39178239551619
finished_reconf: true
global_termination_time: 940488.588
local_termination_time: 297563.83156000025
node_cons: 19292.252124471965
tot_aggregated_send: 12876
tot_msg_rcv: 486
tot_msg_sent: 985
tot_reconf_duration: 7.819999999999999
tot_sleeping_duration: 926088.5636800061
tot_uptimes: 241
tot_uptimes_duration: 14400.024319993972
