comms_cons: 98.52179839298219
finished_reconf: true
global_termination_time: 941451.338
local_termination_time: 139380.00100000092
node_cons: 19370.468171191344
tot_aggregated_send: 12122
tot_msg_rcv: 987
tot_msg_sent: 1865
tot_reconf_duration: 6.22
tot_sleeping_duration: 926991.2772000065
tot_uptimes: 242
tot_uptimes_duration: 14460.060799993516
