comms_cons: 128.47888638999382
finished_reconf: true
global_termination_time: 1242768.381
local_termination_time: 135644.19936000006
node_cons: 25556.729651205147
tot_aggregated_send: 16182
tot_msg_rcv: 1242
tot_msg_sent: 2104
tot_reconf_duration: 6.279999999999999
tot_sleeping_duration: 1223688.3201999962
tot_uptimes: 319
tot_uptimes_duration: 19080.06080000382
