comms_cons: 127.21570559048955
finished_reconf: true
global_termination_time: 1247580.314
local_termination_time: 5576.586
node_cons: 25659.31639344085
tot_aggregated_send: 16412
tot_msg_rcv: 1013
tot_msg_sent: 1912
tot_reconf_duration: 22.65
tot_sleeping_duration: 1228440.2410399995
tot_uptimes: 320
tot_uptimes_duration: 19140.07296000061
