comms_cons: 247.62586864380305
finished_reconf: true
global_termination_time: 1242449.5547999996
local_termination_time: 1504.0504800000026
node_cons: 25586.930109666693
tot_aggregated_send: 0
tot_msg_rcv: 19167
tot_msg_sent: 18470
tot_reconf_duration: 3.05
tot_sleeping_duration: 1223343.6636800095
tot_uptimes: 319
tot_uptimes_duration: 19105.891119990032
