comms_cons: 81.51628799920624
finished_reconf: true
global_termination_time: 834828.21
local_termination_time: 260433.2855600007
node_cons: 17119.370223359725
tot_aggregated_send: 11194
tot_msg_rcv: 428
tot_msg_sent: 768
tot_reconf_duration: 5.1
tot_sleeping_duration: 822048.1917600002
tot_uptimes: 214
tot_uptimes_duration: 12780.018239999772
