comms_cons: 84.10191359935479
finished_reconf: true
global_termination_time: 832462.641
local_termination_time: 504694.72636000003
node_cons: 17130.321142242865
tot_aggregated_send: 11194
tot_msg_rcv: 550
tot_msg_sent: 1039
tot_reconf_duration: 13.17
tot_sleeping_duration: 819682.6288399978
tot_uptimes: 214
tot_uptimes_duration: 12780.012160002138
