comms_cons: 84.88316159755313
finished_reconf: true
global_termination_time: 831200.524
local_termination_time: 407998.16436000005
node_cons: 17040.534901121417
tot_aggregated_send: 11136
tot_msg_rcv: 607
tot_msg_sent: 1158
tot_reconf_duration: 6.22
tot_sleeping_duration: 818480.5179199988
tot_uptimes: 213
tot_uptimes_duration: 12720.006080001069
