comms_cons: 102.80463361500854
finished_reconf: true
global_termination_time: 577351.728
local_termination_time: 25275.617360000004
node_cons: 11814.12190000002
tot_aggregated_send: 0
tot_msg_rcv: 7905
tot_msg_sent: 7720
tot_reconf_duration: 3.05
tot_sleeping_duration: 568531.728
tot_uptimes: 148
tot_uptimes_duration: 8820.0
