comms_cons: 57.870643200807265
finished_reconf: true
global_termination_time: 577564.137
local_termination_time: 85146.27535999997
node_cons: 11820.599560000026
tot_aggregated_send: 7598
tot_msg_rcv: 412
tot_msg_sent: 786
tot_reconf_duration: 7.819999999999999
tot_sleeping_duration: 568744.137
tot_uptimes: 148
tot_uptimes_duration: 8820.0
