comms_cons: 101.9851903841492
finished_reconf: true
global_termination_time: 916996.0337199997
local_termination_time: 916995.9925999998
node_cons: 18851.495049288304
tot_aggregated_send: 10266
tot_msg_rcv: 1908
tot_msg_sent: 3325
tot_reconf_duration: 24.59
tot_sleeping_duration: 902942.1861999935
tot_uptimes: 235
tot_uptimes_duration: 14053.847520006173
