comms_cons: 235.64125438412765
finished_reconf: true
global_termination_time: 2352078.287239997
local_termination_time: 32332.40648
node_cons: 48409.8621371824
tot_aggregated_send: 32886
tot_msg_rcv: 962
tot_msg_sent: 1967
tot_reconf_duration: 18.21
tot_sleeping_duration: 2315943.01244001
tot_uptimes: 603
tot_uptimes_duration: 36135.274799987325
