comms_cons: 231.33148158400644
finished_reconf: true
global_termination_time: 2357078.749
local_termination_time: 946530.688
node_cons: 48449.19446446676
tot_aggregated_send: 32302
tot_msg_rcv: 916
tot_msg_sent: 1944
tot_reconf_duration: 3.05
tot_sleeping_duration: 2320898.7246800093
tot_uptimes: 604
tot_uptimes_duration: 36180.02431999054
