comms_cons: 229.8310911928553
finished_reconf: true
global_termination_time: 2356086.738
local_termination_time: 1622900.7726399982
node_cons: 48461.33320495701
tot_aggregated_send: 33582
tot_msg_rcv: 443
tot_msg_sent: 907
tot_reconf_duration: 11.31
tot_sleeping_duration: 2319906.0253600017
tot_uptimes: 604
tot_uptimes_duration: 36180.71263999818
