comms_cons: 330.4649600388713
finished_reconf: true
global_termination_time: 3258988.243
local_termination_time: 2430977.8444800004
node_cons: 67012.12080446687
tot_aggregated_send: 44776
tot_msg_rcv: 1857
tot_msg_sent: 3596
tot_reconf_duration: 6.279999999999999
tot_sleeping_duration: 3208948.218680009
tot_uptimes: 835
tot_uptimes_duration: 50040.024319991004
