comms_cons: 330.6299968335083
finished_reconf: true
global_termination_time: 3258494.55
local_termination_time: 1993839.6173599998
node_cons: 67010.52650558349
tot_aggregated_send: 44834
tot_msg_rcv: 1878
tot_msg_sent: 3541
tot_reconf_duration: 5.1
tot_sleeping_duration: 3208454.519600011
tot_uptimes: 835
tot_uptimes_duration: 50040.03039998887
