comms_cons: 326.2294208270138
finished_reconf: true
global_termination_time: 3257695.98
local_termination_time: 1063865.0904799998
node_cons: 67024.12008558318
tot_aggregated_send: 45124
tot_msg_rcv: 1621
tot_msg_sent: 2840
tot_reconf_duration: 15.110000000000001
tot_sleeping_duration: 3207655.9496000116
tot_uptimes: 835
tot_uptimes_duration: 50040.03039998864
