comms_cons: 328.2250816423962
finished_reconf: true
global_termination_time: 3256017.918
local_termination_time: 758552.0243599999
node_cons: 67020.7603867002
tot_aggregated_send: 44834
tot_msg_rcv: 1833
tot_msg_sent: 3220
tot_reconf_duration: 12.629999999999999
tot_sleeping_duration: 3205977.881520014
tot_uptimes: 834
tot_uptimes_duration: 50040.03647998627
