comms_cons: 326.9154048220098
finished_reconf: true
global_termination_time: 3255960.4021199965
local_termination_time: 443917.4896800007
node_cons: 66959.881093077
tot_aggregated_send: 45936
tot_msg_rcv: 1409
tot_msg_sent: 2344
tot_reconf_duration: 10.95
tot_sleeping_duration: 3205964.128040028
tot_uptimes: 834
tot_uptimes_duration: 49996.27407996892
