comms_cons: 328.6212928057254
finished_reconf: true
global_termination_time: 3257888.318
local_termination_time: 569155.11136
node_cons: 67007.75074670058
tot_aggregated_send: 45356
tot_msg_rcv: 1570
tot_msg_sent: 3022
tot_reconf_duration: 3.05
tot_sleeping_duration: 3207848.2815200137
tot_uptimes: 835
tot_uptimes_duration: 50040.036479986506
