comms_cons: 327.56574083265224
finished_reconf: true
global_termination_time: 3257233.976
local_termination_time: 1648004.63136
node_cons: 67018.95968558344
tot_aggregated_send: 45472
tot_msg_rcv: 1418
tot_msg_sent: 2897
tot_reconf_duration: 11.31
tot_sleeping_duration: 3207193.945600011
tot_uptimes: 835
tot_uptimes_duration: 50040.03039998864
