comms_cons: 366.96167683523896
finished_reconf: true
global_termination_time: 3672004.299
local_termination_time: 1257873.9631199988
node_cons: 75532.44120670036
tot_aggregated_send: 51330
tot_msg_rcv: 1570
tot_msg_sent: 2876
tot_reconf_duration: 9.42
tot_sleeping_duration: 3615604.2625200134
tot_uptimes: 941
tot_uptimes_duration: 56400.03647998674
