comms_cons: 364.3146752386439
finished_reconf: true
global_termination_time: 3672698.394
local_termination_time: 2324685.796279999
node_cons: 75528.07118334928
tot_aggregated_send: 50692
tot_msg_rcv: 1543
tot_msg_sent: 3138
tot_reconf_duration: 6.22
tot_sleeping_duration: 3616298.3757600063
tot_uptimes: 941
tot_uptimes_duration: 56400.0182399936
