comms_cons: 366.4703296297854
finished_reconf: true
global_termination_time: 3677171.428
local_termination_time: 2636252.25336
node_cons: 75607.33836334955
tot_aggregated_send: 50750
tot_msg_rcv: 1700
tot_msg_sent: 3250
tot_reconf_duration: 5.43
tot_sleeping_duration: 3620711.4097600067
tot_uptimes: 942
tot_uptimes_duration: 56460.01823999337
