comms_cons: 1.4868991999977068
finished_reconf: true
global_termination_time: 9186.788240000002
local_termination_time: 7001.688360000001
node_cons: 185.06465936000214
tot_aggregated_send: 0
tot_msg_rcv: 119
tot_msg_sent: 107
tot_reconf_duration: 11.899999999999999
tot_sleeping_duration: 9060.646
tot_uptimes: 3
tot_uptimes_duration: 126.14224000000104
