comms_cons: 42.534528000121846
finished_reconf: true
global_termination_time: 433931.55048000015
local_termination_time: 194121.71428000083
node_cons: 8988.06797464137
tot_aggregated_send: 6380
tot_msg_rcv: 37
tot_msg_sent: 48
tot_reconf_duration: 25.299999999999997
tot_sleeping_duration: 427244.6867199991
tot_uptimes: 112
tot_uptimes_duration: 6686.863760000997
