comms_cons: 43.2187648002925
finished_reconf: true
global_termination_time: 434880.938
local_termination_time: 1565.546840000003
node_cons: 8921.881900000011
tot_aggregated_send: 6264
tot_msg_rcv: 131
tot_msg_sent: 174
tot_reconf_duration: 3.05
tot_sleeping_duration: 428220.938
tot_uptimes: 112
tot_uptimes_duration: 6660.0
