comms_cons: 994.6746039531603
finished_reconf: true
global_termination_time: 2049518.5476399981
local_termination_time: 2049518.5065199982
node_cons: 125183.98383749896
tot_aggregated_send: 0
tot_msg_rcv: 60877
tot_msg_sent: 90309
tot_reconf_duration: 24.59
tot_sleeping_duration: 1956052.8339600111
tot_uptimes: 1532
tot_uptimes_duration: 93465.71367998706
