comms_cons: 205.9371903844959
finished_reconf: true
global_termination_time: 2052760.532
local_termination_time: 188680.60564000087
node_cons: 42184.50232559302
tot_aggregated_send: 28246
tot_msg_rcv: 1105
tot_msg_sent: 1949
tot_reconf_duration: 4.390000000000001
tot_sleeping_duration: 2021260.501600005
tot_uptimes: 526
tot_uptimes_duration: 31500.03039999504
