comms_cons: 107.18174719219047
finished_reconf: true
global_termination_time: 1055548.66
local_termination_time: 301982.6156000001
node_cons: 21698.36454446736
tot_aggregated_send: 14500
tot_msg_rcv: 629
tot_msg_sent: 1162
tot_reconf_duration: 4.8100000000000005
tot_sleeping_duration: 1039348.6356800094
tot_uptimes: 271
tot_uptimes_duration: 16200.024319990538
