comms_cons: 381.44885765170676
finished_reconf: true
global_termination_time: 3775761.239
local_termination_time: 2402198.378719999
node_cons: 77633.84274111551
tot_aggregated_send: 52142
tot_msg_rcv: 1964
tot_msg_sent: 3872
tot_reconf_duration: 18.700000000000003
tot_sleeping_duration: 3717801.232920002
tot_uptimes: 967
tot_uptimes_duration: 57960.00607999787
