comms_cons: 20.579737600071407
finished_reconf: true
global_termination_time: 206586.23
local_termination_time: 9929.091120000006
node_cons: 4184.211980000005
tot_aggregated_send: 2784
tot_msg_rcv: 115
tot_msg_sent: 229
tot_reconf_duration: 4.8100000000000005
tot_sleeping_duration: 203466.23
tot_uptimes: 53
tot_uptimes_duration: 3120.0
