comms_cons: 226.1142206696014
finished_reconf: true
global_termination_time: 1146056.996
local_termination_time: 148821.14484000055
node_cons: 23550.25584224287
tot_aggregated_send: 0
tot_msg_rcv: 17375
tot_msg_sent: 16993
tot_reconf_duration: 7.819999999999999
tot_sleeping_duration: 1128476.9838399978
tot_uptimes: 294
tot_uptimes_duration: 17580.012160002138
