comms_cons: 131.81398398696624
finished_reconf: true
global_termination_time: 1275574.448
local_termination_time: 238629.35296000063
node_cons: 26196.858607827082
tot_aggregated_send: 17226
tot_msg_rcv: 1118
tot_msg_sent: 1691
tot_reconf_duration: 4.390000000000001
tot_sleeping_duration: 1256014.40544001
tot_uptimes: 327
tot_uptimes_duration: 19560.04255999031
