comms_cons: 128.60328958843348
finished_reconf: true
global_termination_time: 1271150.778
local_termination_time: 796918.1734799999
node_cons: 26121.152124467455
tot_aggregated_send: 17400
tot_msg_rcv: 693
tot_msg_sent: 1453
tot_reconf_duration: 7.819999999999999
tot_sleeping_duration: 1251650.7536800094
tot_uptimes: 326
tot_uptimes_duration: 19500.024319990538
