comms_cons: 127.24830719485756
finished_reconf: true
global_termination_time: 1276048.629
local_termination_time: 717485.2053599998
node_cons: 26198.21393999995
tot_aggregated_send: 18270
tot_msg_rcv: 438
tot_msg_sent: 633
tot_reconf_duration: 5.43
tot_sleeping_duration: 1256488.629
tot_uptimes: 327
tot_uptimes_duration: 19560.0
