comms_cons: 726.5357066516973
finished_reconf: true
global_termination_time: 3695551.522
local_termination_time: 1069.9074800000024
node_cons: 76026.40174446582
tot_aggregated_send: 0
tot_msg_rcv: 55564
tot_msg_sent: 54863
tot_reconf_duration: 18.21
tot_sleeping_duration: 3638791.4976800093
tot_uptimes: 947
tot_uptimes_duration: 56760.02431999077
