comms_cons: 363.96321920333406
finished_reconf: true
global_termination_time: 3697306.954
local_termination_time: 1546042.2724799998
node_cons: 76022.48800223196
tot_aggregated_send: 51852
tot_msg_rcv: 1270
tot_msg_sent: 2197
tot_reconf_duration: 15.34
tot_sleeping_duration: 3640546.9418400046
tot_uptimes: 947
tot_uptimes_duration: 56760.01215999527
