comms_cons: 365.43508482829253
finished_reconf: true
global_termination_time: 3692471.297
local_termination_time: 1887821.4775999999
node_cons: 75955.6899644662
tot_aggregated_send: 50982
tot_msg_rcv: 1677
tot_msg_sent: 2885
tot_reconf_duration: 25.299999999999997
tot_sleeping_duration: 3635771.272680009
tot_uptimes: 946
tot_uptimes_duration: 56700.024319991004
