comms_cons: 372.96231686385676
finished_reconf: true
global_termination_time: 3694484.168
local_termination_time: 21391.301
node_cons: 76052.2131148549
tot_aggregated_send: 51502
tot_msg_rcv: 1817
tot_msg_sent: 3369
tot_reconf_duration: 22.65
tot_sleeping_duration: 3637709.3700800175
tot_uptimes: 947
tot_uptimes_duration: 56774.7979199826
