comms_cons: 368.5233728395311
finished_reconf: true
global_termination_time: 3695013.964
local_termination_time: 781468.451
node_cons: 76018.67666862486
tot_aggregated_send: 51328
tot_msg_rcv: 1777
tot_msg_sent: 2908
tot_reconf_duration: 9.42
tot_sleeping_duration: 3638250.7942400104
tot_uptimes: 947
tot_uptimes_duration: 56763.16975999001
