comms_cons: 370.23756803918036
finished_reconf: true
global_termination_time: 3694187.907
local_termination_time: 168241.00636000006
node_cons: 76027.099728943
tot_aggregated_send: 51272
tot_msg_rcv: 1758
tot_msg_sent: 3246
tot_reconf_duration: 18.700000000000003
tot_sleeping_duration: 3637427.8583600116
tot_uptimes: 947
tot_uptimes_duration: 56760.04863998864
