comms_cons: 371.73042564646903
finished_reconf: true
global_termination_time: 3692319.5441199886
local_termination_time: 3193.190600000001
node_cons: 76005.28660195816
tot_aggregated_send: 51214
tot_msg_rcv: 1693
tot_msg_sent: 3592
tot_reconf_duration: 10.95
tot_sleeping_duration: 3635567.9261200186
tot_uptimes: 946
tot_uptimes_duration: 56751.6179999701
