comms_cons: 373.94859525957304
finished_reconf: true
global_termination_time: 3693448.999
local_termination_time: 544138.632239999
node_cons: 75927.89710893355
tot_aggregated_send: 50808
tot_msg_rcv: 2034
tot_msg_sent: 3997
tot_reconf_duration: 4.8100000000000005
tot_sleeping_duration: 3636748.9503600183
tot_uptimes: 946
tot_uptimes_duration: 56700.04863998154
