comms_cons: 363.85815041746423
finished_reconf: true
global_termination_time: 3697135.413
local_termination_time: 1287752.4927199997
node_cons: 76009.03022223208
tot_aggregated_send: 52084
tot_msg_rcv: 1070
tot_msg_sent: 2151
tot_reconf_duration: 5.43
tot_sleeping_duration: 3640375.4008400044
tot_uptimes: 947
tot_uptimes_duration: 56760.0121599955
