comms_cons: 31.50841600039599
finished_reconf: true
global_termination_time: 297770.219
local_termination_time: 66658.2376399995
node_cons: 6133.046538321368
tot_aggregated_send: 3770
tot_msg_rcv: 388
tot_msg_sent: 632
tot_reconf_duration: 15.34
tot_sleeping_duration: 293205.458119999
tot_uptimes: 77
tot_uptimes_duration: 4564.760880001006
