comms_cons: 30.50117120050721
finished_reconf: true
global_termination_time: 297113.984
local_termination_time: 33465.65364000018
node_cons: 6116.834361121442
tot_aggregated_send: 4002
tot_msg_rcv: 234
tot_msg_sent: 400
tot_reconf_duration: 8.09
tot_sleeping_duration: 292553.9779199989
tot_uptimes: 77
tot_uptimes_duration: 4560.006080001069
