comms_cons: 29.710694399981982
finished_reconf: true
global_termination_time: 296972.598
local_termination_time: 16046.300120000005
node_cons: 6131.242741119158
tot_aggregated_send: 4176
tot_msg_rcv: 124
tot_msg_sent: 215
tot_reconf_duration: 18.700000000000003
tot_sleeping_duration: 292412.5919200006
tot_uptimes: 77
tot_uptimes_duration: 4560.006079999366
