comms_cons: 2019.5856996263174
finished_reconf: true
global_termination_time: 4175180.2336
local_termination_time: 4175180.1924799997
node_cons: 253587.02177992254
tot_aggregated_send: 0
tot_msg_rcv: 124022
tot_msg_sent: 182939
tot_reconf_duration: 37.410000000000004
tot_sleeping_duration: 3985832.7959600207
tot_uptimes: 3109
tot_uptimes_duration: 189347.43763997903
