comms_cons: 416.2008192344666
finished_reconf: true
global_termination_time: 4180546.96
local_termination_time: 1444951.8684799997
node_cons: 85976.62631702592
tot_aggregated_send: 58058
tot_msg_rcv: 1792
tot_msg_sent: 3411
tot_reconf_duration: 9.42
tot_sleeping_duration: 4116346.9346400085
tot_uptimes: 1071
tot_uptimes_duration: 64200.02535999124
