comms_cons: 418.26606084334475
finished_reconf: true
global_termination_time: 4176621.472
local_termination_time: 1655807.4026
node_cons: 85908.87902334913
tot_aggregated_send: 57942
tot_msg_rcv: 2100
tot_msg_sent: 3532
tot_reconf_duration: 18.700000000000003
tot_sleeping_duration: 4112481.4537600065
tot_uptimes: 1070
tot_uptimes_duration: 64140.01823999337
