comms_cons: 422.4150720530956
finished_reconf: true
global_termination_time: 4176326.616
local_termination_time: 991392.3635599986
node_cons: 85894.14715269288
tot_aggregated_send: 57768
tot_msg_rcv: 2198
tot_msg_sent: 4238
tot_reconf_duration: 7.819999999999999
tot_sleeping_duration: 4112186.5655200183
tot_uptimes: 1070
tot_uptimes_duration: 64140.05047998135
