comms_cons: 420.2926016700016
finished_reconf: true
global_termination_time: 4175765.645
local_termination_time: 530493.1557199997
node_cons: 85890.90721005009
tot_aggregated_send: 58116
tot_msg_rcv: 1874
tot_msg_sent: 3892
tot_reconf_duration: 5.43
tot_sleeping_duration: 4111625.5902800206
tot_uptimes: 1070
tot_uptimes_duration: 64140.05471997941
