comms_cons: 1954.5413345178424
finished_reconf: true
global_termination_time: 4033482.4878399987
local_termination_time: 4033482.4467199985
node_cons: 245717.30679640666
tot_aggregated_send: 0
tot_msg_rcv: 119815
tot_msg_sent: 177266
tot_reconf_duration: 37.410000000000004
tot_sleeping_duration: 3850012.357880017
tot_uptimes: 3013
tot_uptimes_duration: 183470.1299599819
