comms_cons: 795.1029645506542
finished_reconf: true
global_termination_time: 4035616.806
local_termination_time: 2405.5623600000004
node_cons: 82998.21092894267
tot_aggregated_send: 0
tot_msg_rcv: 60925
tot_msg_sent: 59923
tot_reconf_duration: 5.1
tot_sleeping_duration: 3973636.7573600113
tot_uptimes: 1034
tot_uptimes_duration: 61980.04863998864
