comms_cons: 407.44396167878364
finished_reconf: true
global_termination_time: 4036806.839
local_termination_time: 536827.8383599999
node_cons: 83009.17813005496
tot_aggregated_send: 55970
tot_msg_rcv: 2016
tot_msg_sent: 3943
tot_reconf_duration: 13.17
tot_sleeping_duration: 3974826.784280017
tot_uptimes: 1034
tot_uptimes_duration: 61980.05471998284
