comms_cons: 407.7364928655529
finished_reconf: true
global_termination_time: 4036588.98
local_termination_time: 768544.5867199998
node_cons: 83003.6402266998
tot_aggregated_send: 56086
tot_msg_rcv: 2056
tot_msg_sent: 3831
tot_reconf_duration: 9.11
tot_sleeping_duration: 3974608.9435200137
tot_uptimes: 1034
tot_uptimes_duration: 61980.036479986506
