comms_cons: 47.96159999988183
finished_reconf: true
global_termination_time: 14810.392240000003
local_termination_time: 3029.5595600000047
node_cons: 6383.463914040095
tot_aggregated_send: 0
tot_msg_rcv: 3780
tot_msg_sent: 3510
tot_reconf_duration: 18.21
tot_sleeping_duration: 10061.523879999935
tot_uptimes: 70
tot_uptimes_duration: 4748.868360000068
