comms_cons: 2.1191295999922892
finished_reconf: true
global_termination_time: 14809.87448
local_termination_time: 14809.83336
node_cons: 310.18121984000715
tot_aggregated_send: 0
tot_msg_rcv: 163
tot_msg_sent: 158
tot_reconf_duration: 37.410000000000004
tot_sleeping_duration: 14616.163919999995
tot_uptimes: 4
tot_uptimes_duration: 193.710560000005
