comms_cons: 2.2829823999966767
finished_reconf: true
global_termination_time: 17945.25
local_termination_time: 4924.35836
node_cons: 332.34622000000024
tot_aggregated_send: 0
tot_msg_rcv: 178
tot_msg_sent: 169
tot_reconf_duration: 8.09
tot_sleeping_duration: 17705.25
tot_uptimes: 5
tot_uptimes_duration: 240.0
