comms_cons: 2.151398399992891
finished_reconf: true
global_termination_time: 14935.993
local_termination_time: 3027.144280000001
node_cons: 261.5393799999996
tot_aggregated_send: 0
tot_msg_rcv: 164
tot_msg_sent: 162
tot_reconf_duration: 15.110000000000001
tot_sleeping_duration: 14755.993
tot_uptimes: 4
tot_uptimes_duration: 180.0
