comms_cons: 673.3587905279499
finished_reconf: true
global_termination_time: 6789738.935
local_termination_time: 1902411.2653599998
node_cons: 139637.91907004922
tot_aggregated_send: 93902
tot_msg_rcv: 2922
tot_msg_sent: 5520
tot_reconf_duration: 5.1
tot_sleeping_duration: 6685458.880280019
tot_uptimes: 1739
tot_uptimes_duration: 104280.05471998057
