comms_cons: 664.3853120970413
finished_reconf: true
global_termination_time: 6791587.017
local_termination_time: 3675924.752479999
node_cons: 139723.68022669808
tot_aggregated_send: 93960
tot_msg_rcv: 2378
tot_msg_sent: 4643
tot_reconf_duration: 9.11
tot_sleeping_duration: 6687246.980520013
tot_uptimes: 1740
tot_uptimes_duration: 104340.0364799872
