comms_cons: 661.3532224434465
finished_reconf: true
global_termination_time: 6793107.41
local_termination_time: 4304110.186359999
node_cons: 139727.42019999467
tot_aggregated_send: 96918
tot_msg_rcv: 1192
tot_msg_sent: 2410
tot_reconf_duration: 11.899999999999999
tot_sleeping_duration: 6688767.41
tot_uptimes: 1740
tot_uptimes_duration: 104340.0
