comms_cons: 679.412838559533
finished_reconf: true
global_termination_time: 6793775.361
local_termination_time: 903932.05236
node_cons: 139715.48331116568
tot_aggregated_send: 93902
tot_msg_rcv: 3086
tot_msg_sent: 6279
tot_reconf_duration: 3.05
tot_sleeping_duration: 6689435.300200022
tot_uptimes: 1740
tot_uptimes_duration: 104340.06079997774
