comms_cons: 679.6408769874796
finished_reconf: true
global_termination_time: 6791881.66
local_termination_time: 1103167.6609199983
node_cons: 139719.78817116588
tot_aggregated_send: 94018
tot_msg_rcv: 3059
tot_msg_sent: 6223
tot_reconf_duration: 6.22
tot_sleeping_duration: 6687541.599200022
tot_uptimes: 1740
tot_uptimes_duration: 104340.06079997797
