comms_cons: 370.3826432227369
finished_reconf: true
global_termination_time: 3750936.311
local_termination_time: 2727171.17636
node_cons: 77137.41878446621
tot_aggregated_send: 52258
tot_msg_rcv: 1252
tot_msg_sent: 2786
tot_reconf_duration: 8.09
tot_sleeping_duration: 3693336.286680009
tot_uptimes: 961
tot_uptimes_duration: 57600.02431999124
