comms_cons: 378.46178564672704
finished_reconf: true
global_termination_time: 3751256.993
local_termination_time: 1584573.3473599998
node_cons: 77139.24120669997
tot_aggregated_send: 51272
tot_msg_rcv: 2099
tot_msg_sent: 4152
tot_reconf_duration: 9.42
tot_sleeping_duration: 3693656.956520013
tot_uptimes: 961
tot_uptimes_duration: 57600.036479986506
