comms_cons: 379.3379776888869
finished_reconf: true
global_termination_time: 3752289.658
local_termination_time: 1122176.1445999995
node_cons: 77130.59888781696
tot_aggregated_send: 52258
tot_msg_rcv: 1971
tot_msg_sent: 3427
tot_reconf_duration: 3.05
tot_sleeping_duration: 3694689.6154400157
tot_uptimes: 961
tot_uptimes_duration: 57600.04255998437
