comms_cons: 90.07290239732083
finished_reconf: true
global_termination_time: 892596.3664799999
local_termination_time: 892596.3253599999
node_cons: 18369.29608320095
tot_aggregated_send: 12398
tot_msg_rcv: 469
tot_msg_sent: 822
tot_reconf_duration: 24.59
tot_sleeping_duration: 878902.6376799992
tot_uptimes: 229
tot_uptimes_duration: 13693.728800000681
