comms_cons: 91.32712959560715
finished_reconf: true
global_termination_time: 894897.839
local_termination_time: 56281.90536000001
node_cons: 18422.654308955396
tot_aggregated_send: 12122
tot_msg_rcv: 607
tot_msg_sent: 1153
tot_reconf_duration: 18.21
tot_sleeping_duration: 881157.7903600035
tot_uptimes: 230
tot_uptimes_duration: 13740.048639996545
