comms_cons: 134.1100671801702
finished_reconf: true
global_termination_time: 894294.891
local_termination_time: 338408.08036
node_cons: 18406.40452223825
tot_aggregated_send: 0
tot_msg_rcv: 10347
tot_msg_sent: 10036
tot_reconf_duration: 6.279999999999999
tot_sleeping_duration: 880554.8788400013
tot_uptimes: 230
tot_uptimes_duration: 13740.012159998703
