comms_cons: 88.8007168000861
finished_reconf: true
global_termination_time: 895126.206
local_termination_time: 588198.830239998
node_cons: 18404.391980000102
tot_aggregated_send: 12528
tot_msg_rcv: 333
tot_msg_sent: 636
tot_reconf_duration: 4.8100000000000005
tot_sleeping_duration: 881386.206
tot_uptimes: 230
tot_uptimes_duration: 13740.0
