comms_cons: 88.27925119731091
finished_reconf: true
global_termination_time: 894329.856
local_termination_time: 580370.92336
node_cons: 18406.33932448127
tot_aggregated_send: 11948
tot_msg_rcv: 437
tot_msg_sent: 1034
tot_reconf_duration: 6.22
tot_sleeping_duration: 880589.8316799992
tot_uptimes: 230
tot_uptimes_duration: 13740.02432000084
