comms_cons: 136.00522239602947
finished_reconf: true
global_termination_time: 1378780.72
local_termination_time: 1005741.5737199988
node_cons: 28377.904860000104
tot_aggregated_send: 19836
tot_msg_rcv: 299
tot_msg_sent: 537
tot_reconf_duration: 13.17
tot_sleeping_duration: 1357600.72
tot_uptimes: 354
tot_uptimes_duration: 21180.0
