comms_cons: 142.64744957877855
finished_reconf: true
global_termination_time: 1381975.196
local_termination_time: 263869.55036
node_cons: 28366.04674893924
tot_aggregated_send: 17864
tot_msg_rcv: 1199
tot_msg_sent: 2620
tot_reconf_duration: 4.390000000000001
tot_sleeping_duration: 1360795.1473600154
tot_uptimes: 354
tot_uptimes_duration: 21180.04863998451
