comms_cons: 137.44669438882647
finished_reconf: true
global_termination_time: 1377315.001
local_termination_time: 783242.43236
node_cons: 28288.143042238426
tot_aggregated_send: 18850
tot_msg_rcv: 703
tot_msg_sent: 1339
tot_reconf_duration: 6.22
tot_sleeping_duration: 1356194.9888400012
tot_uptimes: 353
tot_uptimes_duration: 21120.012159998703
