comms_cons: 51.53550080106047
finished_reconf: true
global_termination_time: 509335.256
local_termination_time: 204979.339
node_cons: 10454.421753647246
tot_aggregated_send: 6842
tot_msg_rcv: 293
tot_msg_sent: 699
tot_reconf_duration: 6.279999999999999
tot_sleeping_duration: 501533.9912399946
tot_uptimes: 131
tot_uptimes_duration: 7801.264760005404
