comms_cons: 51.79111680109388
finished_reconf: true
global_termination_time: 511188.285
local_termination_time: 287577.7429600006
node_cons: 10478.609460329048
tot_aggregated_send: 6554
tot_msg_rcv: 414
tot_msg_sent: 905
tot_reconf_duration: 25.299999999999997
tot_sleeping_duration: 503388.2461199932
tot_uptimes: 131
tot_uptimes_duration: 7800.038880006759
