comms_cons: 63.76560639975444
finished_reconf: true
global_termination_time: 650726.645
local_termination_time: 432407.05948000005
node_cons: 13342.971980000017
tot_aggregated_send: 9454
tot_msg_rcv: 68
tot_msg_sent: 170
tot_reconf_duration: 4.8100000000000005
tot_sleeping_duration: 640766.645
tot_uptimes: 167
tot_uptimes_duration: 9960.0
