comms_cons: 63.561651200070884
finished_reconf: true
global_termination_time: 649996.272
local_termination_time: 276052.24868000066
node_cons: 13344.886759999981
tot_aggregated_send: 9454
tot_msg_rcv: 37
tot_msg_sent: 169
tot_reconf_duration: 6.22
tot_sleeping_duration: 640036.272
tot_uptimes: 167
tot_uptimes_duration: 9960.0
