comms_cons: 41.43580160021894
finished_reconf: true
global_termination_time: 411988.076
local_termination_time: 69278.70871999994
node_cons: 8442.231980000008
tot_aggregated_send: 5684
tot_msg_rcv: 210
tot_msg_sent: 404
tot_reconf_duration: 4.8100000000000005
tot_sleeping_duration: 405688.076
tot_uptimes: 106
tot_uptimes_duration: 6300.0
