comms_cons: 431.33893121160276
finished_reconf: true
global_termination_time: 4441374.669
local_termination_time: 2587708.36736
node_cons: 91353.52208223162
tot_aggregated_send: 61596
tot_msg_rcv: 1294
tot_msg_sent: 2671
tot_reconf_duration: 5.1
tot_sleeping_duration: 4373154.656840004
tot_uptimes: 1138
tot_uptimes_duration: 68220.0121599955
