comms_cons: 441.07614724917784
finished_reconf: true
global_termination_time: 4439239.133
local_termination_time: 461978.86636000004
node_cons: 91272.82082669914
tot_aggregated_send: 62292
tot_msg_rcv: 1681
tot_msg_sent: 3068
tot_reconf_duration: 4.8100000000000005
tot_sleeping_duration: 4371079.096520014
tot_uptimes: 1137
tot_uptimes_duration: 68160.03647998627
