comms_cons: 438.9977728486795
finished_reconf: true
global_termination_time: 4440597.022
local_termination_time: 564452.1493599999
node_cons: 91350.78702893287
tot_aggregated_send: 61944
tot_msg_rcv: 1550
tot_msg_sent: 3229
tot_reconf_duration: 3.05
tot_sleeping_duration: 4372376.973360019
tot_uptimes: 1138
tot_uptimes_duration: 68220.04863998154
