comms_cons: 246.83516157555184
finished_reconf: true
global_termination_time: 2470452.341
local_termination_time: 748415.4875599984
node_cons: 50782.509188933866
tot_aggregated_send: 33060
tot_msg_rcv: 1599
tot_msg_sent: 2858
tot_reconf_duration: 5.57
tot_sleeping_duration: 2432532.292360019
tot_uptimes: 633
tot_uptimes_duration: 37920.048639981076
