comms_cons: 251.15919358866827
finished_reconf: true
global_termination_time: 2470095.008
local_termination_time: 557729.0902399989
node_cons: 50780.939313401286
tot_aggregated_send: 33176
tot_msg_rcv: 1733
tot_msg_sent: 3264
tot_reconf_duration: 4.390000000000001
tot_sleeping_duration: 2432174.9350400283
tot_uptimes: 633
tot_uptimes_duration: 37920.072959971614
