comms_cons: 129.87676799506835
finished_reconf: true
global_termination_time: 1307604.892
local_termination_time: 348599.02468000073
node_cons: 26858.28918000007
tot_aggregated_send: 18444
tot_msg_rcv: 384
tot_msg_sent: 912
tot_reconf_duration: 18.21
tot_sleeping_duration: 1287564.892
tot_uptimes: 335
tot_uptimes_duration: 20040.0
