comms_cons: 132.6626431887852
finished_reconf: true
global_termination_time: 1306962.504
local_termination_time: 108498.48751999951
node_cons: 26924.576547827073
tot_aggregated_send: 17980
tot_msg_rcv: 731
tot_msg_sent: 1452
tot_reconf_duration: 7.819999999999999
tot_sleeping_duration: 1286862.4614400098
tot_uptimes: 335
tot_uptimes_duration: 20100.04255999031
