comms_cons: 181.46659839204992
finished_reconf: true
global_termination_time: 1795573.92548
local_termination_time: 34388.10936
node_cons: 36926.053809913414
tot_aggregated_send: 24940
tot_msg_rcv: 959
tot_msg_sent: 1682
tot_reconf_duration: 22.65
tot_sleeping_duration: 1768019.5602000048
tot_uptimes: 460
tot_uptimes_duration: 27554.36527999518
