comms_cons: 48.4163328005037
finished_reconf: true
global_termination_time: 479745.117
local_termination_time: 180380.29724000095
node_cons: 9805.630041121427
tot_aggregated_send: 6496
tot_msg_rcv: 353
tot_msg_sent: 510
tot_reconf_duration: 3.05
tot_sleeping_duration: 472425.11091999896
tot_uptimes: 123
tot_uptimes_duration: 7320.006080001069
