comms_cons: 47.14654720005597
finished_reconf: true
global_termination_time: 477537.171
local_termination_time: 56433.20988000018
node_cons: 9812.107701119163
tot_aggregated_send: 6902
tot_msg_rcv: 95
tot_msg_sent: 169
tot_reconf_duration: 7.819999999999999
tot_sleeping_duration: 470217.1649200006
tot_uptimes: 123
tot_uptimes_duration: 7320.006079999366
