comms_cons: 47.469555199941375
finished_reconf: true
global_termination_time: 476985.866
local_termination_time: 252017.35736000005
node_cons: 9816.84712112144
tot_aggregated_send: 6786
tot_msg_rcv: 148
tot_msg_sent: 281
tot_reconf_duration: 11.31
tot_sleeping_duration: 469665.8599199989
tot_uptimes: 123
tot_uptimes_duration: 7320.006080001069
