comms_cons: 279.1761856147725
finished_reconf: true
global_termination_time: 2810709.95
local_termination_time: 6007.013
node_cons: 57852.828447817425
tot_aggregated_send: 39086
tot_msg_rcv: 1133
tot_msg_sent: 2214
tot_reconf_duration: 5.87
tot_sleeping_duration: 2767509.9074400165
tot_uptimes: 720
tot_uptimes_duration: 43200.04255998391
