comms_cons: 259.82168960621283
finished_reconf: true
global_termination_time: 2810481.157
local_termination_time: 829.7822399999999
node_cons: 57857.59506223295
tot_aggregated_send: 38396
tot_msg_rcv: 355
tot_msg_sent: 740
tot_reconf_duration: 9.41
tot_sleeping_duration: 2767281.1448400044
tot_uptimes: 720
tot_uptimes_duration: 43200.0121599955
