comms_cons: 425.32903046178853
finished_reconf: true
global_termination_time: 491040.2116000001
local_termination_time: 491040.1704800001
node_cons: 49191.69503860768
tot_aggregated_send: 0
tot_msg_rcv: 29162
tot_msg_sent: 35485
tot_reconf_duration: 24.59
tot_sleeping_duration: 454327.5141999939
tot_uptimes: 597
tot_uptimes_duration: 36712.697400006204
