comms_cons: 47.061017600136786
finished_reconf: true
global_termination_time: 473981.503
local_termination_time: 114384.68271999994
node_cons: 9728.492519199077
tot_aggregated_send: 6670
tot_msg_rcv: 137
tot_msg_sent: 346
tot_reconf_duration: 4.8100000000000005
tot_sleeping_duration: 466720.8902000007
tot_uptimes: 122
tot_uptimes_duration: 7260.612799999304
