comms_cons: 46.09450240028933
finished_reconf: true
global_termination_time: 470283.0894800001
local_termination_time: 470283.0483600001
node_cons: 9692.551659841554
tot_aggregated_send: 6772
tot_msg_rcv: 53
tot_msg_sent: 181
tot_reconf_duration: 24.59
tot_sleeping_duration: 463069.37891999894
tot_uptimes: 121
tot_uptimes_duration: 7213.710560001142
