comms_cons: 157.28893435128484
finished_reconf: true
global_termination_time: 797439.858
local_termination_time: 201.80503999999996
node_cons: 16414.113603364316
tot_aggregated_send: 0
tot_msg_rcv: 12082
tot_msg_sent: 11825
tot_reconf_duration: 18.21
tot_sleeping_duration: 785199.8397599967
tot_uptimes: 205
tot_uptimes_duration: 12240.018240003206
