comms_cons: 96.58923519919954
finished_reconf: true
global_termination_time: 982251.615
local_termination_time: 271037.79600000003
node_cons: 20214.432877163978
tot_aggregated_send: 14208
tot_msg_rcv: 151
tot_msg_sent: 322
tot_reconf_duration: 22.65
tot_sleeping_duration: 967177.9225599971
tot_uptimes: 252
tot_uptimes_duration: 15073.692440002924
