comms_cons: 96.06352639902659
finished_reconf: true
global_termination_time: 987382.735
local_termination_time: 373900.16636000096
node_cons: 20254.965264158178
tot_aggregated_send: 14210
tot_msg_rcv: 91
tot_msg_sent: 300
tot_reconf_duration: 5.57
tot_sleeping_duration: 972261.4495600014
tot_uptimes: 253
tot_uptimes_duration: 15121.28543999861
