comms_cons: 96.85960959813686
finished_reconf: true
global_termination_time: 983553.991
local_termination_time: 410279.26900000044
node_cons: 20199.697400000012
tot_aggregated_send: 13688
tot_msg_rcv: 360
tot_msg_sent: 674
tot_reconf_duration: 25.299999999999997
tot_sleeping_duration: 968493.991
tot_uptimes: 252
tot_uptimes_duration: 15060.0
