comms_cons: 156.76533115205635
finished_reconf: true
global_termination_time: 865249.941
local_termination_time: 91602.42735999997
node_cons: 17785.923123350534
tot_aggregated_send: 0
tot_msg_rcv: 12119
tot_msg_sent: 11709
tot_reconf_duration: 22.65
tot_sleeping_duration: 851989.9227600071
tot_uptimes: 222
tot_uptimes_duration: 13260.018239992904
