comms_cons: 85.54401279646794
finished_reconf: true
global_termination_time: 866495.766
local_termination_time: 254824.11436000007
node_cons: 17761.126043359738
tot_aggregated_send: 11890
tot_msg_rcv: 355
tot_msg_sent: 758
tot_reconf_duration: 4.390000000000001
tot_sleeping_duration: 853235.7477600002
tot_uptimes: 222
tot_uptimes_duration: 13260.018239999772
