comms_cons: 276.5638272280763
finished_reconf: true
global_termination_time: 2810238.057
local_termination_time: 4019.355
node_cons: 57849.96850670027
tot_aggregated_send: 39319
tot_msg_rcv: 913
tot_msg_sent: 1804
tot_reconf_duration: 3.77
tot_sleeping_duration: 2767038.0205200138
tot_uptimes: 720
tot_uptimes_duration: 43200.03647998604
