comms_cons: 158.09153279191756
finished_reconf: true
global_termination_time: 1571457.027
local_termination_time: 81615.29791999984
node_cons: 32302.69046671484
tot_aggregated_send: 21634
tot_msg_rcv: 709
tot_msg_sent: 1686
tot_reconf_duration: 4.390000000000001
tot_sleeping_duration: 1547336.990520004
tot_uptimes: 403
tot_uptimes_duration: 24120.03647999611
