comms_cons: 158.72977919045525
finished_reconf: true
global_termination_time: 1570755.6164799999
local_termination_time: 1570755.57536
node_cons: 32348.456083191777
tot_aggregated_send: 21678
tot_msg_rcv: 811
tot_msg_sent: 1636
tot_reconf_duration: 24.59
tot_sleeping_duration: 1546621.887680006
tot_uptimes: 403
tot_uptimes_duration: 24133.728799993813
