comms_cons: 154.13098879701477
finished_reconf: true
global_termination_time: 1572049.799
local_termination_time: 1064932.46336
node_cons: 32312.03898000013
tot_aggregated_send: 22504
tot_msg_rcv: 351
tot_msg_sent: 572
tot_reconf_duration: 11.31
tot_sleeping_duration: 1547929.799
tot_uptimes: 403
tot_uptimes_duration: 24120.0
