comms_cons: 55.187584000970055
finished_reconf: true
global_termination_time: 534182.865
local_termination_time: 114231.22583999993
node_cons: 10944.149283364304
tot_aggregated_send: 6612
tot_msg_rcv: 560
tot_msg_sent: 1217
tot_reconf_duration: 13.17
tot_sleeping_duration: 526022.8467599968
tot_uptimes: 137
tot_uptimes_duration: 8160.018240003206
