comms_cons: 52.86580480051143
finished_reconf: true
global_termination_time: 533031.564
local_termination_time: 168545.75699999998
node_cons: 10937.415093202804
tot_aggregated_send: 7364
tot_msg_rcv: 194
tot_msg_sent: 477
tot_reconf_duration: 5.43
tot_sleeping_duration: 524868.7251999979
tot_uptimes: 137
tot_uptimes_duration: 8162.838800002091
