comms_cons: 70.39274240005473
finished_reconf: true
global_termination_time: 703023.27
local_termination_time: 314715.54736
node_cons: 14479.09300112143
tot_aggregated_send: 9222
tot_msg_rcv: 467
tot_msg_sent: 1011
tot_reconf_duration: 13.17
tot_sleeping_duration: 692223.263919999
tot_uptimes: 181
tot_uptimes_duration: 10800.006080001069
