comms_cons: 1.6382207999991727
finished_reconf: true
global_termination_time: 13195.227
local_termination_time: 5596.49836
node_cons: 245.16189999999904
tot_aggregated_send: 0
tot_msg_rcv: 133
tot_msg_sent: 116
tot_reconf_duration: 3.05
tot_sleeping_duration: 13015.227
tot_uptimes: 4
tot_uptimes_duration: 180.0
