comms_cons: 1858.9501916954484
finished_reconf: true
global_termination_time: 3841261.7312399982
local_termination_time: 3841261.690119998
node_cons: 233444.3161287988
tot_aggregated_send: 0
tot_msg_rcv: 114136
tot_msg_sent: 168412
tot_reconf_duration: 37.410000000000004
tot_sleeping_duration: 3666957.3896800224
tot_uptimes: 2864
tot_uptimes_duration: 174304.3415599756
