comms_cons: 387.2897984366771
finished_reconf: true
global_termination_time: 3841261.695119997
local_termination_time: 14566.361600000002
node_cons: 79029.02414419911
tot_aggregated_send: 53592
tot_msg_rcv: 1914
tot_msg_sent: 3358
tot_reconf_duration: 25.299999999999997
tot_sleeping_duration: 3782266.424960026
tot_uptimes: 984
tot_uptimes_duration: 58995.27015997091
