comms_cons: 385.4985856447978
finished_reconf: true
global_termination_time: 3845956.466
local_termination_time: 1736271.5059999991
node_cons: 79071.75224558331
tot_aggregated_send: 53766
tot_msg_rcv: 1556
tot_msg_sent: 3271
tot_reconf_duration: 12.629999999999999
tot_sleeping_duration: 3786916.435600011
tot_uptimes: 985
tot_uptimes_duration: 59040.03039998887
