comms_cons: 388.0306240578892
finished_reconf: true
global_termination_time: 3843428.909
local_termination_time: 910471.9298399996
node_cons: 79069.96782669959
tot_aggregated_send: 53534
tot_msg_rcv: 1906
tot_msg_sent: 3537
tot_reconf_duration: 11.31
tot_sleeping_duration: 3784388.8725200137
tot_uptimes: 985
tot_uptimes_duration: 59040.03647998627
