comms_cons: 76.53354239808314
finished_reconf: true
global_termination_time: 756644.8
local_termination_time: 304025.9176000001
node_cons: 15509.85148672403
tot_aggregated_send: 9570
tot_msg_rcv: 600
tot_msg_sent: 1462
tot_reconf_duration: 3.08
tot_sleeping_duration: 745064.763519997
tot_uptimes: 194
tot_uptimes_duration: 11580.036480002978
