comms_cons: 76.81919359800122
finished_reconf: true
global_termination_time: 756726.906
local_termination_time: 307308.52836000005
node_cons: 15526.171944485726
tot_aggregated_send: 9918
tot_msg_rcv: 560
tot_msg_sent: 1197
tot_reconf_duration: 15.110000000000001
tot_sleeping_duration: 745146.8816799957
tot_uptimes: 194
tot_uptimes_duration: 11580.024320004275
