comms_cons: 76.82594559757382
finished_reconf: true
global_termination_time: 755034.95
local_termination_time: 411772.15036
node_cons: 15518.420501116834
tot_aggregated_send: 10266
tot_msg_rcv: 490
tot_msg_sent: 921
tot_reconf_duration: 9.42
tot_sleeping_duration: 743454.9439200023
tot_uptimes: 194
tot_uptimes_duration: 11580.006079997635
