comms_cons: 77.34617599783785
finished_reconf: true
global_termination_time: 755846.963
local_termination_time: 341202.69860000006
node_cons: 15522.804104471956
tot_aggregated_send: 10034
tot_msg_rcv: 622
tot_msg_sent: 1100
tot_reconf_duration: 12.629999999999999
tot_sleeping_duration: 744266.938680006
tot_uptimes: 194
tot_uptimes_duration: 11580.024319993972
