comms_cons: 96.19511039769289
finished_reconf: true
global_termination_time: 969600.405
local_termination_time: 378485.42436000006
node_cons: 19958.685541121446
tot_aggregated_send: 13688
tot_msg_rcv: 297
tot_msg_sent: 636
tot_reconf_duration: 25.299999999999997
tot_sleeping_duration: 954720.3989199989
tot_uptimes: 249
tot_uptimes_duration: 14880.006080001069
