comms_cons: 95.99773439922404
finished_reconf: true
global_termination_time: 971760.529
local_termination_time: 198755.16736000008
node_cons: 19936.69138000005
tot_aggregated_send: 13804
tot_msg_rcv: 250
tot_msg_sent: 537
tot_reconf_duration: 9.11
tot_sleeping_duration: 956880.529
tot_uptimes: 249
tot_uptimes_duration: 14880.0
