comms_cons: 385.4263934798815
finished_reconf: true
global_termination_time: 796768.5244399995
local_termination_time: 796768.4833199995
node_cons: 48421.9157753628
tot_aggregated_send: 0
tot_msg_rcv: 23666
tot_msg_sent: 34915
tot_reconf_duration: 24.59
tot_sleeping_duration: 760630.718199997
tot_uptimes: 590
tot_uptimes_duration: 36137.806240002545
