comms_cons: 78.56485119836296
finished_reconf: true
global_termination_time: 796843.537
local_termination_time: 212390.10336000007
node_cons: 16407.253001121473
tot_aggregated_send: 11426
tot_msg_rcv: 121
tot_msg_sent: 394
tot_reconf_duration: 13.17
tot_sleeping_duration: 784603.5309199989
tot_uptimes: 205
tot_uptimes_duration: 12240.006080001069
