comms_cons: 79.34703359776722
finished_reconf: true
global_termination_time: 797053.028
local_termination_time: 208456.60736000005
node_cons: 16397.823042238288
tot_aggregated_send: 11194
tot_msg_rcv: 229
tot_msg_sent: 639
tot_reconf_duration: 6.22
tot_sleeping_duration: 784813.0158400014
tot_uptimes: 205
tot_uptimes_duration: 12240.012159998703
