comms_cons: 131.6955007857032
finished_reconf: true
global_termination_time: 1298504.278
local_termination_time: 563945.0221999986
node_cons: 26683.92320782242
tot_aggregated_send: 17226
tot_msg_rcv: 873
tot_msg_sent: 1919
tot_reconf_duration: 8.09
tot_sleeping_duration: 1278584.235440013
tot_uptimes: 333
tot_uptimes_duration: 19920.042559986876
