comms_cons: 128.79835519896233
finished_reconf: true
global_termination_time: 1300999.136
local_termination_time: 604567.7613599999
node_cons: 26773.77194447655
tot_aggregated_send: 17748
tot_msg_rcv: 672
tot_msg_sent: 1157
tot_reconf_duration: 15.110000000000001
tot_sleeping_duration: 1281019.1116800024
tot_uptimes: 334
tot_uptimes_duration: 19980.024319997407
