comms_cons: 283.3948927814812
finished_reconf: true
global_termination_time: 2869235.587
local_termination_time: 1309278.4045999998
node_cons: 58977.16476558318
tot_aggregated_send: 39440
tot_msg_rcv: 1130
tot_msg_sent: 2505
tot_reconf_duration: 5.57
tot_sleeping_duration: 2825195.5566000114
tot_uptimes: 735
tot_uptimes_duration: 44040.03039998817
