comms_cons: 281.5706495923388
finished_reconf: true
global_termination_time: 2867375.294
local_termination_time: 1609651.6970000002
node_cons: 58993.77273175619
tot_aggregated_send: 41290
tot_msg_rcv: 464
tot_msg_sent: 1044
tot_reconf_duration: 11.899999999999999
tot_sleeping_duration: 2823329.2801600024
tot_uptimes: 735
tot_uptimes_duration: 44046.01383999782
