comms_cons: 0.9803008000021856
finished_reconf: true
global_termination_time: 6693.505
local_termination_time: 1129.3663600000002
node_cons: 88.7889024000062
tot_aggregated_send: 0
tot_msg_rcv: 94
tot_msg_sent: 55
tot_reconf_duration: 6.22
tot_sleeping_duration: 6633.503399999996
tot_uptimes: 2
tot_uptimes_duration: 60.0016000000046
