comms_cons: 35.40267520065478
finished_reconf: true
global_termination_time: 344615.892
local_termination_time: 180682.7341600003
node_cons: 7080.555842242839
tot_aggregated_send: 4640
tot_msg_rcv: 282
tot_msg_sent: 459
tot_reconf_duration: 7.819999999999999
tot_sleeping_duration: 339335.87983999786
tot_uptimes: 89
tot_uptimes_duration: 5280.0121600021375
