comms_cons: 110.23706879524151
finished_reconf: true
global_termination_time: 1107410.7285999989
local_termination_time: 1107410.687479999
node_cons: 22824.60605710864
tot_aggregated_send: 15530
tot_msg_rcv: 315
tot_msg_sent: 910
tot_reconf_duration: 24.59
tot_sleeping_duration: 1090389.6585200075
tot_uptimes: 284
tot_uptimes_duration: 17021.070079991478
