comms_cons: 114.38659838821803
finished_reconf: true
global_termination_time: 1111674.0
local_termination_time: 256159.08564000038
node_cons: 22841.329885584186
tot_aggregated_send: 14848
tot_msg_rcv: 922
tot_msg_sent: 1616
tot_reconf_duration: 18.21
tot_sleeping_duration: 1094633.9696000118
tot_uptimes: 285
tot_uptimes_duration: 17040.030399988173
