comms_cons: 110.00325119802137
finished_reconf: true
global_termination_time: 1109196.157
local_termination_time: 243918.65536000003
node_cons: 22820.701900000022
tot_aggregated_send: 16066
tot_msg_rcv: 249
tot_msg_sent: 404
tot_reconf_duration: 3.05
tot_sleeping_duration: 1092156.157
tot_uptimes: 285
tot_uptimes_duration: 17040.0
