comms_cons: 109.9522175978922
finished_reconf: true
global_termination_time: 1107591.729
local_termination_time: 598978.1792799993
node_cons: 22746.855842233785
tot_aggregated_send: 15370
tot_msg_rcv: 472
tot_msg_sent: 871
tot_reconf_duration: 7.819999999999999
tot_sleeping_duration: 1090611.7168400048
tot_uptimes: 284
tot_uptimes_duration: 16980.01215999527
