comms_cons: 94.95551999687105
finished_reconf: true
global_termination_time: 948059.173
local_termination_time: 442807.05136000004
node_cons: 19448.828262233692
tot_aggregated_send: 13282
tot_msg_rcv: 396
tot_msg_sent: 756
tot_reconf_duration: 4.8100000000000005
tot_sleeping_duration: 933539.1608400047
tot_uptimes: 243
tot_uptimes_duration: 14520.012159995269
