comms_cons: 94.37169919630577
finished_reconf: true
global_termination_time: 950103.118
local_termination_time: 400045.41196000064
node_cons: 19533.2558422337
tot_aggregated_send: 13282
tot_msg_rcv: 308
tot_msg_sent: 755
tot_reconf_duration: 7.819999999999999
tot_sleeping_duration: 935523.1058400047
tot_uptimes: 244
tot_uptimes_duration: 14580.012159995269
