comms_cons: 27.85633280001184
finished_reconf: true
global_termination_time: 282297.533
local_termination_time: 7281.920480000001
node_cons: 5792.926759999967
tot_aggregated_send: 4002
tot_msg_rcv: 62
tot_msg_sent: 170
tot_reconf_duration: 6.22
tot_sleeping_duration: 277977.533
tot_uptimes: 73
tot_uptimes_duration: 4319.999999999971
