comms_cons: 21.877094399933355
finished_reconf: true
global_termination_time: 198143.845
local_termination_time: 25775.38736
node_cons: 4023.572685598041
tot_aggregated_send: 2262
tot_msg_rcv: 420
tot_msg_sent: 643
tot_reconf_duration: 4.8100000000000005
tot_sleeping_duration: 195143.81460000147
tot_uptimes: 51
tot_uptimes_duration: 3000.0303999985335
