comms_cons: 248.0767935794059
finished_reconf: true
global_termination_time: 2473049.124
local_termination_time: 1817248.6666399993
node_cons: 50862.81662446701
tot_aggregated_send: 33466
tot_msg_rcv: 1450
tot_msg_sent: 2791
tot_reconf_duration: 5.57
tot_sleeping_duration: 2435069.099680009
tot_uptimes: 634
tot_uptimes_duration: 37980.02431999077
