comms_cons: 246.49693438870383
finished_reconf: true
global_termination_time: 2475942.418
local_termination_time: 1187428.504
node_cons: 50956.74566639332
tot_aggregated_send: 35435
tot_msg_rcv: 708
tot_msg_sent: 1323
tot_reconf_duration: 15.110000000000001
tot_sleeping_duration: 2437901.9204000044
tot_uptimes: 635
tot_uptimes_duration: 38040.497599995695
