comms_cons: 245.76838399256613
finished_reconf: true
global_termination_time: 2474777.199
local_termination_time: 1846647.84936
node_cons: 50871.38019999946
tot_aggregated_send: 35438
tot_msg_rcv: 666
tot_msg_sent: 1251
tot_reconf_duration: 11.899999999999999
tot_sleeping_duration: 2436797.199
tot_uptimes: 634
tot_uptimes_duration: 37980.0
