comms_cons: 13.004249599866768
finished_reconf: true
global_termination_time: 95189.594
local_termination_time: 56066.839600000116
node_cons: 1962.5581055969
tot_aggregated_send: 522
tot_msg_rcv: 601
tot_msg_sent: 854
tot_reconf_duration: 25.299999999999997
tot_sleeping_duration: 93749.56360000232
tot_uptimes: 25
tot_uptimes_duration: 1440.0303999976823
