comms_cons: 13.020863999888771
finished_reconf: true
global_termination_time: 96743.765
local_termination_time: 47875.38936000001
node_cons: 1946.0774244777417
tot_aggregated_send: 696
tot_msg_rcv: 593
tot_msg_sent: 691
tot_reconf_duration: 13.17
tot_sleeping_duration: 95303.74068000168
tot_uptimes: 25
tot_uptimes_duration: 1440.0243199983156
