comms_cons: 11.162163200041261
finished_reconf: true
global_termination_time: 96701.137
local_termination_time: 35941.387480000114
node_cons: 1934.155148558801
tot_aggregated_send: 290
tot_msg_rcv: 502
tot_msg_sent: 904
tot_reconf_duration: 4.390000000000001
tot_sleeping_duration: 95261.11196000091
tot_uptimes: 25
tot_uptimes_duration: 1440.0250399990982
