comms_cons: 36.694080000670326
finished_reconf: true
global_termination_time: 353091.936
local_termination_time: 114224.48135999996
node_cons: 7234.7744644834365
tot_aggregated_send: 4524
tot_msg_rcv: 356
tot_msg_sent: 697
tot_reconf_duration: 3.05
tot_sleeping_duration: 347691.91167999746
tot_uptimes: 91
tot_uptimes_duration: 5400.0243200025725
