comms_cons: 117.27877759447037
finished_reconf: true
global_termination_time: 1172992.408
local_termination_time: 771643.8514399985
node_cons: 24109.5722011214
tot_aggregated_send: 16530
tot_msg_rcv: 483
tot_msg_sent: 812
tot_reconf_duration: 5.57
tot_sleeping_duration: 1154992.401919999
tot_uptimes: 301
tot_uptimes_duration: 18000.00608000107
