comms_cons: 116.48473599457499
finished_reconf: true
global_termination_time: 1172070.215
local_termination_time: 730330.837359999
node_cons: 24119.884860000097
tot_aggregated_send: 16124
tot_msg_rcv: 487
tot_msg_sent: 1094
tot_reconf_duration: 13.17
tot_sleeping_duration: 1154070.215
tot_uptimes: 301
tot_uptimes_duration: 18000.0
