comms_cons: 121.55723518881292
finished_reconf: true
global_termination_time: 1174091.176
local_termination_time: 642203.2836399992
node_cons: 24112.65212446745
tot_aggregated_send: 15428
tot_msg_rcv: 1129
tot_msg_sent: 1916
tot_reconf_duration: 7.819999999999999
tot_sleeping_duration: 1156091.1516800094
tot_uptimes: 301
tot_uptimes_duration: 18000.024319990538
