comms_cons: 10.206220800065996
finished_reconf: true
global_termination_time: 90766.694
local_termination_time: 13181.922359999999
node_cons: 1856.3889456003237
tot_aggregated_send: 580
tot_msg_rcv: 270
tot_msg_sent: 702
tot_reconf_duration: 6.279999999999999
tot_sleeping_duration: 89386.66359999977
tot_uptimes: 24
tot_uptimes_duration: 1380.0304000002434
