comms_cons: 10.816198399992984
finished_reconf: true
global_termination_time: 91969.886
local_termination_time: 39954.13456000005
node_cons: 1882.1855411202948
tot_aggregated_send: 870
tot_msg_rcv: 366
tot_msg_sent: 409
tot_reconf_duration: 25.299999999999997
tot_sleeping_duration: 90589.87991999979
tot_uptimes: 24
tot_uptimes_duration: 1380.0060800002175
