comms_cons: 9.276671999948919
finished_reconf: true
global_termination_time: 91979.002
local_termination_time: 57433.864840000024
node_cons: 1854.3764033585903
tot_aggregated_send: 638
tot_msg_rcv: 245
tot_msg_sent: 527
tot_reconf_duration: 4.8100000000000005
tot_sleeping_duration: 90598.98376000105
tot_uptimes: 24
tot_uptimes_duration: 1380.0182399989499
