comms_cons: 267.8012926199193
finished_reconf: true
global_termination_time: 1360435.101
local_termination_time: 249.74747999999994
node_cons: 27983.089885588804
tot_aggregated_send: 0
tot_msg_rcv: 20524
tot_msg_sent: 20182
tot_reconf_duration: 18.21
tot_sleeping_duration: 1339555.0706000086
tot_uptimes: 349
tot_uptimes_duration: 20880.030399991607
