comms_cons: 134.81391999471438
finished_reconf: true
global_termination_time: 1357875.49
local_termination_time: 612248.549359998
node_cons: 27940.468933037333
tot_aggregated_send: 19546
tot_msg_rcv: 368
tot_msg_sent: 577
tot_reconf_duration: 25.299999999999997
tot_sleeping_duration: 1337034.480640002
tot_uptimes: 348
tot_uptimes_duration: 20841.00935999793
