comms_cons: 134.24199679625866
finished_reconf: true
global_termination_time: 1361975.767
local_termination_time: 565829.8670399983
node_cons: 27973.19009999998
tot_aggregated_send: 19720
tot_msg_rcv: 230
tot_msg_sent: 454
tot_reconf_duration: 10.95
tot_sleeping_duration: 1341095.767
tot_uptimes: 349
tot_uptimes_duration: 20880.0
