comms_cons: 76.2541823975077
finished_reconf: true
global_termination_time: 750098.294
local_termination_time: 204101.96036000008
node_cons: 15459.686246719433
tot_aggregated_send: 10266
tot_msg_rcv: 471
tot_msg_sent: 854
tot_reconf_duration: 25.299999999999997
tot_sleeping_duration: 738578.2575200005
tot_uptimes: 193
tot_uptimes_duration: 11520.036479999544
