comms_cons: 75.23315199943553
finished_reconf: true
global_termination_time: 751047.664
local_termination_time: 490538.469
node_cons: 15435.915842233619
tot_aggregated_send: 9740
tot_msg_rcv: 474
tot_msg_sent: 1221
tot_reconf_duration: 7.819999999999999
tot_sleeping_duration: 739527.6518400048
tot_uptimes: 193
tot_uptimes_duration: 11520.01215999521
