comms_cons: 75.1422975990836
finished_reconf: true
global_termination_time: 752444.386
local_termination_time: 161268.38436000005
node_cons: 15440.663403359713
tot_aggregated_send: 10092
tot_msg_rcv: 459
tot_msg_sent: 872
tot_reconf_duration: 11.31
tot_sleeping_duration: 740924.3677600003
tot_uptimes: 193
tot_uptimes_duration: 11520.018239999772
