comms_cons: 18.769484799985797
finished_reconf: true
global_termination_time: 173491.36424000017
local_termination_time: 41094.92536000001
node_cons: 3570.7393727188037
tot_aggregated_send: 1624
tot_msg_rcv: 482
tot_msg_sent: 746
tot_reconf_duration: 11.31
tot_sleeping_duration: 170836.11376000106
tot_uptimes: 45
tot_uptimes_duration: 2655.2504799991075
