comms_cons: 209.8619071858827
finished_reconf: true
global_termination_time: 2103849.213
local_termination_time: 700573.8248399997
node_cons: 43230.50848335003
tot_aggregated_send: 29232
tot_msg_rcv: 1020
tot_msg_sent: 1646
tot_reconf_duration: 5.57
tot_sleeping_duration: 2071569.194760007
tot_uptimes: 539
tot_uptimes_duration: 32280.018239992904
