comms_cons: 212.90592638164532
finished_reconf: true
global_termination_time: 2102548.919
local_termination_time: 134650.45
node_cons: 43241.56626895885
tot_aggregated_send: 29167
tot_msg_rcv: 1160
tot_msg_sent: 2035
tot_reconf_duration: 13.17
tot_sleeping_duration: 2070268.3503600007
tot_uptimes: 539
tot_uptimes_duration: 32280.56863999943
