comms_cons: 206.44720639112737
finished_reconf: true
global_termination_time: 2100018.809
local_termination_time: 1212828.4713599999
node_cons: 43157.94712111651
tot_aggregated_send: 29116
tot_msg_rcv: 699
tot_msg_sent: 1563
tot_reconf_duration: 11.31
tot_sleeping_duration: 2067798.8029200023
tot_uptimes: 538
tot_uptimes_duration: 32220.006079997635
