comms_cons: 54.611993604934455
finished_reconf: true
global_termination_time: 276788.16248000064
local_termination_time: 10527.57336
node_cons: 5707.554391839978
tot_aggregated_send: 0
tot_msg_rcv: 4229
tot_msg_sent: 4070
tot_reconf_duration: 22.65
tot_sleeping_duration: 272548.58392000064
tot_uptimes: 71
tot_uptimes_duration: 4239.57855999998
