comms_cons: 96.37932799363946
finished_reconf: true
global_termination_time: 947769.803
local_termination_time: 238541.9003600005
node_cons: 19446.46260558877
tot_aggregated_send: 12818
tot_msg_rcv: 604
tot_msg_sent: 1227
tot_reconf_duration: 3.05
tot_sleeping_duration: 933249.7726000083
tot_uptimes: 243
tot_uptimes_duration: 14520.030399991607
