comms_cons: 187.37624318913657
finished_reconf: true
global_termination_time: 1873737.192
local_termination_time: 867084.0073599978
node_cons: 38507.61790303681
tot_aggregated_send: 26390
tot_msg_rcv: 702
tot_msg_sent: 1389
tot_reconf_duration: 11.31
tot_sleeping_duration: 1844990.172640002
tot_uptimes: 480
tot_uptimes_duration: 28747.019359997823
