comms_cons: 660.300480143342
finished_reconf: true
global_termination_time: 6590891.651
local_termination_time: 705774.0973599999
node_cons: 135544.2565478154
tot_aggregated_send: 91350
tot_msg_rcv: 3138
tot_msg_sent: 5872
tot_reconf_duration: 7.819999999999999
tot_sleeping_duration: 6489671.6084400145
tot_uptimes: 1688
tot_uptimes_duration: 101220.04255998484
