comms_cons: 64.31167999951913
finished_reconf: true
global_termination_time: 653245.583
local_termination_time: 236894.97112000047
node_cons: 13423.311980000017
tot_aggregated_send: 9222
tot_msg_rcv: 157
tot_msg_sent: 396
tot_reconf_duration: 4.8100000000000005
tot_sleeping_duration: 643225.583
tot_uptimes: 168
tot_uptimes_duration: 10020.0
