comms_cons: 108.2003327892334
finished_reconf: true
global_termination_time: 1063555.72
local_termination_time: 539304.2863599998
node_cons: 21873.344284471917
tot_aggregated_send: 13456
tot_msg_rcv: 1070
tot_msg_sent: 1920
tot_reconf_duration: 15.34
tot_sleeping_duration: 1047235.6956800059
tot_uptimes: 273
tot_uptimes_duration: 16320.024319993972
