comms_cons: 108.34094079321665
finished_reconf: true
global_termination_time: 1063093.514
local_termination_time: 562472.23136
node_cons: 21886.86996447662
tot_aggregated_send: 13688
tot_msg_rcv: 1018
tot_msg_sent: 1762
tot_reconf_duration: 25.299999999999997
tot_sleeping_duration: 1046773.4896800026
tot_uptimes: 273
tot_uptimes_duration: 16320.024319997407
