comms_cons: 107.0896383974106
finished_reconf: true
global_termination_time: 1067305.28
local_termination_time: 664438.606879999
node_cons: 21939.36012112154
tot_aggregated_send: 14848
tot_msg_rcv: 559
tot_msg_sent: 870
tot_reconf_duration: 4.8100000000000005
tot_sleeping_duration: 1050925.273919999
tot_uptimes: 274
tot_uptimes_duration: 16380.006080001069
