comms_cons: 39.580467201306334
finished_reconf: true
global_termination_time: 373397.972
local_termination_time: 57920.32436000001
node_cons: 7640.754901121441
tot_aggregated_send: 4350
tot_msg_rcv: 560
tot_msg_sent: 1106
tot_reconf_duration: 6.22
tot_sleeping_duration: 367697.96591999894
tot_uptimes: 96
tot_uptimes_duration: 5700.006080001069
