comms_cons: 114.26096639615778
finished_reconf: true
global_termination_time: 1150940.931
local_termination_time: 40250.008680000145
node_cons: 23640.479380000037
tot_aggregated_send: 16530
tot_msg_rcv: 329
tot_msg_sent: 508
tot_reconf_duration: 15.110000000000001
tot_sleeping_duration: 1133300.931
tot_uptimes: 295
tot_uptimes_duration: 17640.0
