comms_cons: 2.276403199992478
finished_reconf: true
global_termination_time: 14777.078
local_termination_time: 6844.02436
node_cons: 248.58405999999962
tot_aggregated_send: 0
tot_msg_rcv: 176
tot_msg_sent: 169
tot_reconf_duration: 5.57
tot_sleeping_duration: 14597.078
tot_uptimes: 4
tot_uptimes_duration: 180.0
