comms_cons: 2.2961407999966332
finished_reconf: true
global_termination_time: 15290.655
local_termination_time: 4255.83936
node_cons: 245.20263999999992
tot_aggregated_send: 0
tot_msg_rcv: 176
tot_msg_sent: 172
tot_reconf_duration: 3.08
tot_sleeping_duration: 15110.655
tot_uptimes: 4
tot_uptimes_duration: 180.0
