comms_cons: 2.256665599992543
finished_reconf: true
global_termination_time: 15109.056
local_termination_time: 10346.58936
node_cons: 251.63955999999962
tot_aggregated_send: 0
tot_msg_rcv: 175
tot_msg_sent: 167
tot_reconf_duration: 7.819999999999999
tot_sleeping_duration: 14929.056
tot_uptimes: 4
tot_uptimes_duration: 180.0
