comms_cons: 173.47459198298026
finished_reconf: true
global_termination_time: 1716421.401
local_termination_time: 266464.69724000094
node_cons: 35275.82454447187
tot_aggregated_send: 23548
tot_msg_rcv: 903
tot_msg_sent: 1916
tot_reconf_duration: 4.8100000000000005
tot_sleeping_duration: 1690081.3766800063
tot_uptimes: 440
tot_uptimes_duration: 26340.024319993972
