comms_cons: 172.53283198918035
finished_reconf: true
global_termination_time: 1713418.3004799997
local_termination_time: 1713418.2593599998
node_cons: 35240.72050656057
tot_aggregated_send: 23722
tot_msg_rcv: 815
tot_msg_sent: 1685
tot_reconf_duration: 24.59
tot_sleeping_duration: 1687124.5534399992
tot_uptimes: 439
tot_uptimes_duration: 26293.747040000453
