comms_cons: 247.34502398711535
finished_reconf: true
global_termination_time: 2524465.465
local_termination_time: 617475.2253599999
node_cons: 51985.9579022329
tot_aggregated_send: 35148
tot_msg_rcv: 918
tot_msg_sent: 1529
tot_reconf_duration: 4.390000000000001
tot_sleeping_duration: 2485645.4528400046
tot_uptimes: 647
tot_uptimes_duration: 38820.01215999527
