comms_cons: 57.52817920071999
finished_reconf: true
global_termination_time: 544878.58
local_termination_time: 137203.45936000007
node_cons: 11175.837086723988
tot_aggregated_send: 6728
tot_msg_rcv: 678
tot_msg_sent: 1337
tot_reconf_duration: 6.279999999999999
tot_sleeping_duration: 536538.5435199969
tot_uptimes: 140
tot_uptimes_duration: 8340.036480002971
