comms_cons: 57.751244800801565
finished_reconf: true
global_termination_time: 544076.287
local_termination_time: 136103.56716000033
node_cons: 11174.88104784544
tot_aggregated_send: 6786
tot_msg_rcv: 708
tot_msg_sent: 1284
tot_reconf_duration: 5.57
tot_sleeping_duration: 535736.244439996
tot_uptimes: 140
tot_uptimes_duration: 8340.042560004047
