comms_cons: 57.43641600121178
finished_reconf: true
global_termination_time: 541034.5054799999
local_termination_time: 68774.74047999996
node_cons: 11114.433299929693
tot_aggregated_send: 6844
tot_msg_rcv: 710
tot_msg_sent: 1175
tot_reconf_duration: 5.1
tot_sleeping_duration: 532739.1301999927
tot_uptimes: 139
tot_uptimes_duration: 8295.375280007225
