comms_cons: 55.316448001159685
finished_reconf: true
global_termination_time: 541513.937
local_termination_time: 68830.48135999996
node_cons: 11121.309964483444
tot_aggregated_send: 7192
tot_msg_rcv: 423
tot_msg_sent: 792
tot_reconf_duration: 25.299999999999997
tot_sleeping_duration: 533233.9126799974
tot_uptimes: 139
tot_uptimes_duration: 8280.024320002574
