comms_cons: 56.82455040158869
finished_reconf: true
global_termination_time: 541504.288
local_termination_time: 201924.70312000046
node_cons: 11091.135204485721
tot_aggregated_send: 6960
tot_msg_rcv: 626
tot_msg_sent: 1051
tot_reconf_duration: 3.08
tot_sleeping_duration: 533224.2636799957
tot_uptimes: 139
tot_uptimes_duration: 8280.024320004275
