comms_cons: 110.86686719450987
finished_reconf: true
global_termination_time: 1115967.198
local_termination_time: 470259.4825200004
node_cons: 22917.78870782709
tot_aggregated_send: 14616
tot_msg_rcv: 649
tot_msg_sent: 1587
tot_reconf_duration: 15.34
tot_sleeping_duration: 1098867.1554400097
tot_uptimes: 286
tot_uptimes_duration: 17100.04255999031
