comms_cons: 113.16223999047304
finished_reconf: true
global_termination_time: 1112509.9391200005
local_termination_time: 225057.50336000006
node_cons: 22920.459807516854
tot_aggregated_send: 14500
tot_msg_rcv: 1007
tot_msg_sent: 1693
tot_reconf_duration: 22.65
tot_sleeping_duration: 1095415.3154400028
tot_uptimes: 285
tot_uptimes_duration: 17094.623679997632
