comms_cons: 112.60184319053329
finished_reconf: true
global_termination_time: 1116269.125
local_termination_time: 510211.50436
node_cons: 22904.330927817846
tot_aggregated_send: 14500
tot_msg_rcv: 811
tot_msg_sent: 1803
tot_reconf_duration: 5.43
tot_sleeping_duration: 1099169.0824400166
tot_uptimes: 286
tot_uptimes_duration: 17100.042559983438
