comms_cons: 338.6118717349703
finished_reconf: true
global_termination_time: 1706850.4156
local_termination_time: 3418.1983600000003
node_cons: 35153.927316221096
tot_aggregated_send: 0
tot_msg_rcv: 26107
tot_msg_sent: 25357
tot_reconf_duration: 18.21
tot_sleeping_duration: 1680615.017440014
tot_uptimes: 438
tot_uptimes_duration: 26235.398159985918
