comms_cons: 172.3039743802143
finished_reconf: true
global_termination_time: 1708903.202
local_termination_time: 483550.33736000006
node_cons: 35129.460566700975
tot_aggregated_send: 22910
tot_msg_rcv: 972
tot_msg_sent: 2309
tot_reconf_duration: 15.34
tot_sleeping_duration: 1682683.1655200142
tot_uptimes: 438
tot_uptimes_duration: 26220.036479985807
