comms_cons: 169.30318079455606
finished_reconf: true
global_termination_time: 1708828.66
local_termination_time: 147657.6781600008
node_cons: 35155.64204624104
tot_aggregated_send: 24534
tot_msg_rcv: 401
tot_msg_sent: 799
tot_reconf_duration: 25.299999999999997
tot_sleeping_duration: 1682599.1718399993
tot_uptimes: 438
tot_uptimes_duration: 26229.488160000794
