comms_cons: 168.52208639543142
finished_reconf: true
global_termination_time: 1709495.18
local_termination_time: 436676.7313600001
node_cons: 35112.76263999997
tot_aggregated_send: 24650
tot_msg_rcv: 270
tot_msg_sent: 694
tot_reconf_duration: 3.08
tot_sleeping_duration: 1683275.18
tot_uptimes: 438
tot_uptimes_duration: 26220.0
