comms_cons: 169.98021119340035
finished_reconf: true
global_termination_time: 1709912.79
local_termination_time: 240659.78636000006
node_cons: 35120.95137999997
tot_aggregated_send: 24592
tot_msg_rcv: 497
tot_msg_sent: 747
tot_reconf_duration: 9.11
tot_sleeping_duration: 1683692.79
tot_uptimes: 438
tot_uptimes_duration: 26220.0
