comms_cons: 173.7632511875201
finished_reconf: true
global_termination_time: 1708215.608
local_termination_time: 17171.558720000005
node_cons: 35115.23409677889
tot_aggregated_send: 23200
tot_msg_rcv: 1048
tot_msg_sent: 2163
tot_reconf_duration: 4.8100000000000005
tot_sleeping_duration: 1681995.5168000157
tot_uptimes: 438
tot_uptimes_duration: 26220.091199984272
