comms_cons: 172.832812785243
finished_reconf: true
global_termination_time: 1709331.659
local_termination_time: 232439.59448000052
node_cons: 35112.77888782236
tot_aggregated_send: 23664
tot_msg_rcv: 913
tot_msg_sent: 1691
tot_reconf_duration: 3.05
tot_sleeping_duration: 1683111.616440013
tot_uptimes: 438
tot_uptimes_duration: 26220.042559986876
