comms_cons: 174.0492927847236
finished_reconf: true
global_termination_time: 1709636.981
local_termination_time: 78900.52711999946
node_cons: 35121.18374374912
tot_aggregated_send: 23374
tot_msg_rcv: 1101
tot_msg_sent: 1982
tot_reconf_duration: 7.819999999999999
tot_sleeping_duration: 1683415.499160008
tot_uptimes: 438
tot_uptimes_duration: 26221.481839991902
