comms_cons: 313.79011842282415
finished_reconf: true
global_termination_time: 3103651.5266799997
local_termination_time: 3103651.4855599995
node_cons: 63873.28526892521
tot_aggregated_send: 43126
tot_msg_rcv: 1635
tot_msg_sent: 2933
tot_reconf_duration: 37.410000000000004
tot_sleeping_duration: 3055987.2380400244
tot_uptimes: 795
tot_uptimes_duration: 47664.28863997519
