comms_cons: 302.8938367852056
finished_reconf: true
global_termination_time: 3103958.155
local_termination_time: 2072300.2483599999
node_cons: 63824.34182334927
tot_aggregated_send: 43442
tot_msg_rcv: 902
tot_msg_sent: 1695
tot_reconf_duration: 25.299999999999997
tot_sleeping_duration: 3056318.136760007
tot_uptimes: 795
tot_uptimes_duration: 47640.0182399929
