comms_cons: 311.2508544024563
finished_reconf: true
global_termination_time: 3104565.031
local_termination_time: 1385132.07148
node_cons: 63881.318784466464
tot_aggregated_send: 43036
tot_msg_rcv: 1473
tot_msg_sent: 2798
tot_reconf_duration: 8.09
tot_sleeping_duration: 3056865.0066800094
tot_uptimes: 796
tot_uptimes_duration: 47700.02431999077
