comms_cons: 312.9886720185042
finished_reconf: true
global_termination_time: 3104860.761
local_termination_time: 245563.64236000003
node_cons: 63885.25151117255
tot_aggregated_send: 42746
tot_msg_rcv: 1561
tot_msg_sent: 3264
tot_reconf_duration: 10.95
tot_sleeping_duration: 3057160.70020002
tot_uptimes: 796
tot_uptimes_duration: 47700.06079998048
