comms_cons: 312.30076800677915
finished_reconf: true
global_termination_time: 3104543.061
local_termination_time: 990656.24336
node_cons: 63874.51517005153
tot_aggregated_send: 43268
tot_msg_rcv: 1359
tot_msg_sent: 2840
tot_reconf_duration: 3.05
tot_sleeping_duration: 3056843.0062800203
tot_uptimes: 796
tot_uptimes_duration: 47700.05471997964
