comms_cons: 310.8935168064468
finished_reconf: true
global_termination_time: 3107818.126
local_termination_time: 1717287.8451599993
node_cons: 63880.9602655839
tot_aggregated_send: 42978
tot_msg_rcv: 1364
tot_msg_sent: 2912
tot_reconf_duration: 7.819999999999999
tot_sleeping_duration: 3060118.0956000113
tot_uptimes: 796
tot_uptimes_duration: 47700.03039998887
