comms_cons: 36.17902080009892
finished_reconf: true
global_termination_time: 366283.593
local_termination_time: 94158.29735999997
node_cons: 7475.802640000012
tot_aggregated_send: 5162
tot_msg_rcv: 107
tot_msg_sent: 230
tot_reconf_duration: 3.08
tot_sleeping_duration: 360703.593
tot_uptimes: 94
tot_uptimes_duration: 5580.0
