comms_cons: 36.613248000743994
finished_reconf: true
global_termination_time: 365199.88
local_termination_time: 148822.12736000004
node_cons: 7502.3787
tot_aggregated_send: 5046
tot_msg_rcv: 192
tot_msg_sent: 327
tot_reconf_duration: 22.65
tot_sleeping_duration: 359619.88
tot_uptimes: 94
tot_uptimes_duration: 5580.0
