comms_cons: 21.298687999948402
finished_reconf: true
global_termination_time: 10818.731360000009
local_termination_time: 3614.095040000001
node_cons: 3046.02526716002
tot_aggregated_send: 0
tot_msg_rcv: 1590
tot_msg_sent: 1647
tot_reconf_duration: 18.21
tot_sleeping_duration: 8562.348919999995
tot_uptimes: 32
tot_uptimes_duration: 2256.3824400000144
