comms_cons: 1.5197951999970951
finished_reconf: true
global_termination_time: 14954.419
local_termination_time: 4358.91136
node_cons: 249.4667600000004
tot_aggregated_send: 0
tot_msg_rcv: 118
tot_msg_sent: 113
tot_reconf_duration: 6.22
tot_sleeping_duration: 14774.419
tot_uptimes: 4
tot_uptimes_duration: 180.00000000000003
