comms_cons: 67.19580800285735
finished_reconf: true
global_termination_time: 541107.8233600004
local_termination_time: 51958.14808000003
node_cons: 11186.350490336246
tot_aggregated_send: 4640
tot_msg_rcv: 2199
tot_msg_sent: 3381
tot_reconf_duration: 18.21
tot_sleeping_duration: 532772.0344799882
tot_uptimes: 139
tot_uptimes_duration: 8335.788880012129
