comms_cons: 54.96887040080285
finished_reconf: true
global_termination_time: 542139.859
local_termination_time: 71371.64300000001
node_cons: 11128.991428963673
tot_aggregated_send: 7248
tot_msg_rcv: 358
tot_msg_sent: 748
tot_reconf_duration: 22.65
tot_sleeping_duration: 533851.4103599974
tot_uptimes: 139
tot_uptimes_duration: 8288.448640002724
