comms_cons: 54.96261760052039
finished_reconf: true
global_termination_time: 544670.426
local_termination_time: 63451.84036000001
node_cons: 11174.642081119167
tot_aggregated_send: 7366
tot_msg_rcv: 295
tot_msg_sent: 692
tot_reconf_duration: 5.43
tot_sleeping_duration: 536330.4199200006
tot_uptimes: 140
tot_uptimes_duration: 8340.006079999366
