comms_cons: 225.23891198312293
finished_reconf: true
global_termination_time: 2304322.276
local_termination_time: 803410.675
node_cons: 47409.185227817274
tot_aggregated_send: 31547
tot_msg_rcv: 821
tot_msg_sent: 1867
tot_reconf_duration: 6.279999999999999
tot_sleeping_duration: 2268922.2334400164
tot_uptimes: 591
tot_uptimes_duration: 35400.04255998344
