comms_cons: 13.9544831999372
finished_reconf: true
global_termination_time: 100448.289
local_termination_time: 11788.54548
node_cons: 2033.3105911983628
tot_aggregated_send: 464
tot_msg_rcv: 731
tot_msg_sent: 926
tot_reconf_duration: 18.21
tot_sleeping_duration: 98948.22820000122
tot_uptimes: 26
tot_uptimes_duration: 1500.060799998777
