comms_cons: 13.80567039963778
finished_reconf: true
global_termination_time: 103113.61
local_termination_time: 21405.24036
node_cons: 2096.4203422383016
tot_aggregated_send: 754
tot_msg_rcv: 683
tot_msg_sent: 662
tot_reconf_duration: 5.57
tot_sleeping_duration: 101553.59784000127
tot_uptimes: 27
tot_uptimes_duration: 1560.0121599987324
