comms_cons: 11.639859200097959
finished_reconf: true
global_termination_time: 104020.732
local_termination_time: 43939.499360000016
node_cons: 2099.8425022405872
tot_aggregated_send: 638
tot_msg_rcv: 432
tot_msg_sent: 700
tot_reconf_duration: 8.09
tot_sleeping_duration: 102460.71983999957
tot_uptimes: 27
tot_uptimes_duration: 1560.012160000435
