comms_cons: 10.724723199782948
finished_reconf: true
global_termination_time: 103505.42
local_termination_time: 31333.773359999996
node_cons: 2114.2671644788807
tot_aggregated_send: 696
tot_msg_rcv: 316
tot_msg_sent: 618
tot_reconf_duration: 18.700000000000003
tot_sleeping_duration: 101945.39568000083
tot_uptimes: 27
tot_uptimes_duration: 1560.0243199991673
