comms_cons: 12.681715199989764
finished_reconf: true
global_termination_time: 100496.506
local_termination_time: 39552.98636000001
node_cons: 2023.4026644788808
tot_aggregated_send: 638
tot_msg_rcv: 534
tot_msg_sent: 756
tot_reconf_duration: 10.95
tot_sleeping_duration: 98996.48168000083
tot_uptimes: 26
tot_uptimes_duration: 1500.0243199991673
