comms_cons: 12.101728000326823
finished_reconf: true
global_termination_time: 101941.569
local_termination_time: 54753.33244000014
node_cons: 2105.0246233585954
tot_aggregated_send: 696
tot_msg_rcv: 447
tot_msg_sent: 697
tot_reconf_duration: 11.899999999999999
tot_sleeping_duration: 100381.55076000106
tot_uptimes: 27
tot_uptimes_duration: 1560.0182399989499
