comms_cons: 12.250470399952473
finished_reconf: true
global_termination_time: 100479.367
local_termination_time: 47327.39236000001
node_cons: 2016.971183360592
tot_aggregated_send: 638
tot_msg_rcv: 523
tot_msg_sent: 701
tot_reconf_duration: 6.22
tot_sleeping_duration: 98979.34875999956
tot_uptimes: 26
tot_uptimes_duration: 1500.0182400004414
