comms_cons: 241.25926385044275
finished_reconf: true
global_termination_time: 1224029.275
local_termination_time: 389291.2256000001
node_cons: 25177.186841116905
tot_aggregated_send: 0
tot_msg_rcv: 18533
tot_msg_sent: 18137
tot_reconf_duration: 22.65
tot_sleeping_duration: 1205249.2689200023
tot_uptimes: 314
tot_uptimes_duration: 18780.006079997635
