comms_cons: 122.41045758948016
finished_reconf: true
global_termination_time: 1225168.785
local_termination_time: 760519.8429599988
node_cons: 25157.047701116957
tot_aggregated_send: 17110
tot_msg_rcv: 466
tot_msg_sent: 1029
tot_reconf_duration: 7.819999999999999
tot_sleeping_duration: 1206388.7789200023
tot_uptimes: 314
tot_uptimes_duration: 18780.006079997635
