comms_cons: 564.1114747300101
finished_reconf: true
global_termination_time: 1937156.0276
local_termination_time: 1937155.98648
node_cons: 79008.36931564065
tot_aggregated_send: 0
tot_msg_rcv: 28783
tot_msg_sent: 56958
tot_reconf_duration: 37.410000000000004
tot_sleeping_duration: 1878188.464839998
tot_uptimes: 975
tot_uptimes_duration: 58967.56276000189
