comms_cons: 196.39394558486543
finished_reconf: true
global_termination_time: 1939462.509
local_termination_time: 126030.77091999982
node_cons: 39852.87145229408
tot_aggregated_send: 26390
tot_msg_rcv: 1239
tot_msg_sent: 2221
tot_reconf_duration: 3.05
tot_sleeping_duration: 1909702.4421200193
tot_uptimes: 497
tot_uptimes_duration: 29760.066879980848
