comms_cons: 100.54333439537696
finished_reconf: true
global_termination_time: 1022578.397
local_termination_time: 674487.2911599983
node_cons: 20989.712711826454
tot_aggregated_send: 13456
tot_msg_rcv: 543
tot_msg_sent: 1283
tot_reconf_duration: 15.110000000000001
tot_sleeping_duration: 1006918.0584400101
tot_uptimes: 262
tot_uptimes_duration: 15660.338559989876
