comms_cons: 104.57797759360777
finished_reconf: true
global_termination_time: 1026031.122
local_termination_time: 52079.668000000005
node_cons: 21065.007677362868
tot_aggregated_send: 13742
tot_msg_rcv: 750
tot_msg_sent: 1405
tot_reconf_duration: 7.819999999999999
tot_sleeping_duration: 1010307.1577599978
tot_uptimes: 263
tot_uptimes_duration: 15723.964240002118
