comms_cons: 43.89642240061438
finished_reconf: true
global_termination_time: 440687.584
local_termination_time: 237244.12836000006
node_cons: 9022.833603364292
tot_aggregated_send: 6148
tot_msg_rcv: 190
tot_msg_sent: 334
tot_reconf_duration: 18.21
tot_sleeping_duration: 433967.56575999677
tot_uptimes: 113
tot_uptimes_duration: 6720.018240003206
