comms_cons: 45.76554240042794
finished_reconf: true
global_termination_time: 442553.424
local_termination_time: 136336.51872000014
node_cons: 9098.963803364322
tot_aggregated_send: 5974
tot_msg_rcv: 410
tot_msg_sent: 573
tot_reconf_duration: 15.110000000000001
tot_sleeping_duration: 435773.4057599968
tot_uptimes: 114
tot_uptimes_duration: 6780.018240003206
