comms_cons: 43.34439680006061
finished_reconf: true
global_termination_time: 439000.2783600002
local_termination_time: 16397.740999999998
node_cons: 9043.933770161664
tot_aggregated_send: 6262
tot_msg_rcv: 104
tot_msg_sent: 222
tot_reconf_duration: 18.700000000000003
tot_sleeping_duration: 432264.99891999894
tot_uptimes: 113
tot_uptimes_duration: 6735.279440001235
