comms_cons: 975.2846327741157
finished_reconf: true
global_termination_time: 2344625.922
local_termination_time: 948012.0208399987
node_cons: 142369.5019226053
tot_aggregated_send: 0
tot_msg_rcv: 59886
tot_msg_sent: 88351
tot_reconf_duration: 18.21
tot_sleeping_duration: 2238319.1462400225
tot_uptimes: 1746
tot_uptimes_duration: 106306.77575997743
