comms_cons: 239.61935998152342
finished_reconf: true
global_termination_time: 2346394.581
local_termination_time: 1406630.53736
node_cons: 48212.55266335054
tot_aggregated_send: 30914
tot_msg_rcv: 1904
tot_msg_sent: 3603
tot_reconf_duration: 6.279999999999999
tot_sleeping_duration: 2310394.562760006
tot_uptimes: 601
tot_uptimes_duration: 36000.01823999337
