comms_cons: 233.5184576003826
finished_reconf: true
global_termination_time: 2343426.668
local_termination_time: 462877.8833600001
node_cons: 48208.1826399994
tot_aggregated_send: 33234
tot_msg_rcv: 695
tot_msg_sent: 1564
tot_reconf_duration: 3.08
tot_sleeping_duration: 2307426.668
tot_uptimes: 601
tot_uptimes_duration: 36000.0
