comms_cons: 231.97578239366777
finished_reconf: true
global_termination_time: 2342591.361
local_termination_time: 902509.473
node_cons: 48139.93366319312
tot_aggregated_send: 33463
tot_msg_rcv: 680
tot_msg_sent: 1115
tot_reconf_duration: 8.09
tot_sleeping_duration: 2306647.412200005
tot_uptimes: 600
tot_uptimes_duration: 35943.948799995356
