comms_cons: 236.71303677225805
finished_reconf: true
global_termination_time: 2345303.869
local_termination_time: 704366.1839199984
node_cons: 48210.08373675189
tot_aggregated_send: 31842
tot_msg_rcv: 1394
tot_msg_sent: 2743
tot_reconf_duration: 4.390000000000001
tot_sleeping_duration: 2309303.777800035
tot_uptimes: 601
tot_uptimes_duration: 36000.09119996452
