comms_cons: 237.4652223834119
finished_reconf: true
global_termination_time: 2344224.634
local_termination_time: 1309927.3486399993
node_cons: 48224.8805667005
tot_aggregated_send: 31436
tot_msg_rcv: 1487
tot_msg_sent: 3171
tot_reconf_duration: 15.34
tot_sleeping_duration: 2308224.5975200143
tot_uptimes: 601
tot_uptimes_duration: 36000.03647998581
