comms_cons: 146.395033588334
finished_reconf: true
global_termination_time: 1446063.2052399989
local_termination_time: 1446063.164119999
node_cons: 29809.979990304797
tot_aggregated_send: 19880
tot_msg_rcv: 765
tot_msg_sent: 1607
tot_reconf_duration: 24.59
tot_sleeping_duration: 1423825.2763600103
tot_uptimes: 371
tot_uptimes_duration: 22237.928879988598
