comms_cons: 142.03834879606617
finished_reconf: true
global_termination_time: 1446537.743
local_termination_time: 891885.8145599994
node_cons: 29733.173939999957
tot_aggregated_send: 20474
tot_msg_rcv: 422
tot_msg_sent: 693
tot_reconf_duration: 5.43
tot_sleeping_duration: 1424337.743
tot_uptimes: 371
tot_uptimes_duration: 22200.0
