comms_cons: 48.541337601493275
finished_reconf: true
global_termination_time: 470513.241
local_termination_time: 7005.847360000001
node_cons: 9647.733941121443
tot_aggregated_send: 6090
tot_msg_rcv: 421
tot_msg_sent: 867
tot_reconf_duration: 5.1
tot_sleeping_duration: 463313.2349199989
tot_uptimes: 121
tot_uptimes_duration: 7200.006080001069
