comms_cons: 94.0016640132366
finished_reconf: true
global_termination_time: 470084.095
local_termination_time: 9425.11836
node_cons: 9671.566841119164
tot_aggregated_send: 0
tot_msg_rcv: 7346
tot_msg_sent: 6941
tot_reconf_duration: 22.65
tot_sleeping_duration: 462884.08892000065
tot_uptimes: 121
tot_uptimes_duration: 7200.006079999366
