comms_cons: 459.0572348571195
finished_reconf: true
global_termination_time: 1577820.97
local_termination_time: 785032.8095599986
node_cons: 64242.50300599914
tot_aggregated_send: 0
tot_msg_rcv: 23432
tot_msg_sent: 46342
tot_reconf_duration: 13.17
tot_sleeping_duration: 1529856.3559999997
tot_uptimes: 794
tot_uptimes_duration: 47964.61400000028
