comms_cons: 161.42725117921984
finished_reconf: true
global_termination_time: 1577223.143
local_termination_time: 184492.03736000005
node_cons: 32381.202605588795
tot_aggregated_send: 21170
tot_msg_rcv: 1155
tot_msg_sent: 2211
tot_reconf_duration: 3.05
tot_sleeping_duration: 1553043.1126000085
tot_uptimes: 404
tot_uptimes_duration: 24180.030399991607
