comms_cons: 309.493490969672
finished_reconf: true
global_termination_time: 1577820.97
local_termination_time: 785024.8084399987
node_cons: 32465.831183350667
tot_aggregated_send: 0
tot_msg_rcv: 23609
tot_msg_sent: 23433
tot_reconf_duration: 6.22
tot_sleeping_duration: 1553580.951760007
tot_uptimes: 405
tot_uptimes_duration: 24240.018239992904
