comms_cons: 49.604467199868544
finished_reconf: true
global_termination_time: 14081.470480000002
local_termination_time: 2531.886480000002
node_cons: 5758.047653400095
tot_aggregated_send: 0
tot_msg_rcv: 3893
tot_msg_sent: 3644
tot_reconf_duration: 5.57
tot_sleeping_duration: 9786.859879999933
tot_uptimes: 63
tot_uptimes_duration: 4294.610600000069
