comms_cons: 2.315878399996568
finished_reconf: true
global_termination_time: 16746.094
local_termination_time: 5637.869360000001
node_cons: 341.87938000000076
tot_aggregated_send: 0
tot_msg_rcv: 190
tot_msg_sent: 162
tot_reconf_duration: 15.110000000000001
tot_sleeping_duration: 16506.094
tot_uptimes: 5
tot_uptimes_duration: 240.0
