comms_cons: 2.4869375999917818
finished_reconf: true
global_termination_time: 14266.386
local_termination_time: 8446.938360000002
node_cons: 247.56012112000803
tot_aggregated_send: 0
tot_msg_rcv: 207
tot_msg_sent: 171
tot_reconf_duration: 4.8100000000000005
tot_sleeping_duration: 14086.379919999996
tot_uptimes: 4
tot_uptimes_duration: 180.00608000000466
