comms_cons: 2.0433855999977353
finished_reconf: true
global_termination_time: 14668.347
local_termination_time: 6411.16756
node_cons: 245.161899999999
tot_aggregated_send: 0
tot_msg_rcv: 192
tot_msg_sent: 119
tot_reconf_duration: 3.05
tot_sleeping_duration: 14488.347
tot_uptimes: 4
tot_uptimes_duration: 180.0
