comms_cons: 140.51011838795043
finished_reconf: true
global_termination_time: 1395851.1534799999
local_termination_time: 1395851.11236
node_cons: 28733.172365430033
tot_aggregated_send: 19126
tot_msg_rcv: 648
tot_msg_sent: 1582
tot_reconf_duration: 24.59
tot_sleeping_duration: 1374417.4125200072
tot_uptimes: 358
tot_uptimes_duration: 21433.740959992516
