comms_cons: 459.6689536337377
finished_reconf: true
global_termination_time: 4626558.485
local_termination_time: 3157787.4166399995
node_cons: 95156.94182334823
tot_aggregated_send: 64496
tot_msg_rcv: 1844
tot_msg_sent: 3526
tot_reconf_duration: 25.299999999999997
tot_sleeping_duration: 4555518.466760007
tot_uptimes: 1185
tot_uptimes_duration: 71040.01823999337
