comms_cons: 0.6842368000015258
finished_reconf: true
global_termination_time: 6199.31
local_termination_time: 1972.0473600000003
node_cons: 101.17171999999988
tot_aggregated_send: 0
tot_msg_rcv: 60
tot_msg_sent: 44
tot_reconf_duration: 15.34
tot_sleeping_duration: 6139.31
tot_uptimes: 2
tot_uptimes_duration: 60.0
