comms_cons: 57.292300800249734
finished_reconf: true
global_termination_time: 559740.112
local_termination_time: 172379.14136000004
node_cons: 11496.010222242867
tot_aggregated_send: 7424
tot_msg_rcv: 417
tot_msg_sent: 867
tot_reconf_duration: 5.43
tot_sleeping_duration: 551160.0998399978
tot_uptimes: 144
tot_uptimes_duration: 8580.012160002138
