comms_cons: 82.50974719566118
finished_reconf: true
global_termination_time: 834964.664
local_termination_time: 609590.2117999984
node_cons: 17116.561900000088
tot_aggregated_send: 11832
tot_msg_rcv: 189
tot_msg_sent: 520
tot_reconf_duration: 3.05
tot_sleeping_duration: 822184.664
tot_uptimes: 214
tot_uptimes_duration: 12780.0
