comms_cons: 108.17795838675936
finished_reconf: true
global_termination_time: 1014165.9210799986
local_termination_time: 1014165.8799599987
node_cons: 20938.82056477461
tot_aggregated_send: 12180
tot_msg_rcv: 1408
tot_msg_sent: 2853
tot_reconf_duration: 51.6
tot_sleeping_duration: 998580.5978800176
tot_uptimes: 260
tot_uptimes_duration: 15585.323199980994
