comms_cons: 106.68796158783086
finished_reconf: true
global_termination_time: 1014165.94524
local_termination_time: 7046.772
node_cons: 20861.650996140146
tot_aggregated_send: 12561
tot_msg_rcv: 1297
tot_msg_sent: 2357
tot_reconf_duration: 25.35
tot_sleeping_duration: 998611.6318000149
tot_uptimes: 260
tot_uptimes_duration: 15554.313439985155
