comms_cons: 19.21784320026199
finished_reconf: true
global_termination_time: 185492.76124000014
local_termination_time: 25723.50764
node_cons: 3802.595780480492
tot_aggregated_send: 2320
tot_msg_rcv: 198
tot_msg_sent: 402
tot_reconf_duration: 5.57
tot_sleeping_duration: 182658.5329199998
tot_uptimes: 48
tot_uptimes_duration: 2834.228320000366
