comms_cons: 18.540185599761976
finished_reconf: true
global_termination_time: 187040.543
local_termination_time: 121614.5873599997
node_cons: 3782.511979999999
tot_aggregated_send: 2552
tot_msg_rcv: 96
tot_msg_sent: 170
tot_reconf_duration: 4.8100000000000005
tot_sleeping_duration: 184220.543
tot_uptimes: 48
tot_uptimes_duration: 2820.0
