comms_cons: 13.510233599970022
finished_reconf: true
global_termination_time: 109648.24847999995
local_termination_time: 109648.20735999996
node_cons: 2301.304224316831
tot_aggregated_send: 1030
tot_msg_rcv: 422
tot_msg_sent: 601
tot_reconf_duration: 24.59
tot_sleeping_duration: 107954.5136000023
tot_uptimes: 29
tot_uptimes_duration: 1693.734879997639
