comms_cons: 12.143955200179615
finished_reconf: true
global_termination_time: 112570.104
local_termination_time: 75672.26035999999
node_cons: 2270.3517200000147
tot_aggregated_send: 1160
tot_msg_rcv: 232
tot_msg_sent: 454
tot_reconf_duration: 15.34
tot_sleeping_duration: 110890.104
tot_uptimes: 29
tot_uptimes_duration: 1680.0
