comms_cons: 12.659007999815584
finished_reconf: true
global_termination_time: 112029.028
local_termination_time: 13961.508320000003
node_cons: 2257.092201119153
tot_aggregated_send: 1102
tot_msg_rcv: 301
tot_msg_sent: 521
tot_reconf_duration: 5.57
tot_sleeping_duration: 110349.02192000064
tot_uptimes: 29
tot_uptimes_duration: 1680.0060799993662
