comms_cons: 13.225100800017668
finished_reconf: true
global_termination_time: 112730.118
local_termination_time: 63174.56836000001
node_cons: 2256.9102222383026
tot_aggregated_send: 1102
tot_msg_rcv: 382
tot_msg_sent: 527
tot_reconf_duration: 5.43
tot_sleeping_duration: 111050.10584000127
tot_uptimes: 29
tot_uptimes_duration: 1680.0121599987324
