comms_cons: 119.39169918845323
finished_reconf: true
global_termination_time: 1195894.2942400002
local_termination_time: 100375.35015999981
node_cons: 24640.22036184262
tot_aggregated_send: 11252
tot_msg_rcv: 2719
tot_msg_sent: 4176
tot_reconf_duration: 18.21
tot_sleeping_duration: 1177510.8056799981
tot_uptimes: 307
tot_uptimes_duration: 18383.488560001933
