comms_cons: 117.76172799908875
finished_reconf: true
global_termination_time: 1195893.7524799998
local_termination_time: 1195893.7113599998
node_cons: 24635.799800962737
tot_aggregated_send: 17502
tot_msg_rcv: 154
tot_msg_sent: 242
tot_reconf_duration: 24.59
tot_sleeping_duration: 1177520.035839998
tot_uptimes: 307
tot_uptimes_duration: 18373.716640002007
