comms_cons: 135.38556159484165
finished_reconf: true
global_termination_time: 1359276.5434799998
local_termination_time: 1359276.5023599998
node_cons: 28010.096083200966
tot_aggregated_send: 19300
tot_msg_rcv: 393
tot_msg_sent: 883
tot_reconf_duration: 24.59
tot_sleeping_duration: 1338382.8146799991
tot_uptimes: 349
tot_uptimes_duration: 20893.72880000068
