comms_cons: 139.40159999004507
finished_reconf: true
global_termination_time: 1361908.693
local_termination_time: 46014.814240000094
node_cons: 27983.106167840862
tot_aggregated_send: 18328
tot_msg_rcv: 1007
tot_msg_sent: 1852
tot_reconf_duration: 18.21
tot_sleeping_duration: 1341028.6504399993
tot_uptimes: 349
tot_uptimes_duration: 20880.042560000613
