comms_cons: 44.0937984003094
finished_reconf: true
global_termination_time: 447359.489
local_termination_time: 57085.059
node_cons: 9164.72976112145
tot_aggregated_send: 6435
tot_msg_rcv: 94
tot_msg_sent: 173
tot_reconf_duration: 4.390000000000001
tot_sleeping_duration: 440519.48291999893
tot_uptimes: 115
tot_uptimes_duration: 6840.006080001069
