comms_cons: 410.90343686819944
finished_reconf: true
global_termination_time: 4087600.73
local_termination_time: 2361596.39072
node_cons: 84056.50915842841
tot_aggregated_send: 56898
tot_msg_rcv: 1964
tot_msg_sent: 3593
tot_reconf_duration: 15.34
tot_sleeping_duration: 4024840.702040007
tot_uptimes: 1047
tot_uptimes_duration: 62760.02795999311
