comms_cons: 403.79912962099036
finished_reconf: true
global_termination_time: 4090704.888
local_termination_time: 3056637.96296
node_cons: 84123.5603422322
tot_aggregated_send: 56840
tot_msg_rcv: 1646
tot_msg_sent: 2889
tot_reconf_duration: 5.57
tot_sleeping_duration: 4027884.8758400045
tot_uptimes: 1048
tot_uptimes_duration: 62820.0121599955
