comms_cons: 399.94956801107656
finished_reconf: true
global_termination_time: 4090559.191
local_termination_time: 2833567.2936799987
node_cons: 84122.92208223193
tot_aggregated_send: 56898
tot_msg_rcv: 1164
tot_msg_sent: 2728
tot_reconf_duration: 5.1
tot_sleeping_duration: 4027739.178840005
tot_uptimes: 1048
tot_uptimes_duration: 62820.0121599955
