comms_cons: 409.48625288202123
finished_reconf: true
global_termination_time: 4089670.053
local_termination_time: 548454.1443599999
node_cons: 84133.2373745225
tot_aggregated_send: 55680
tot_msg_rcv: 2027
tot_msg_sent: 4534
tot_reconf_duration: 12.629999999999999
tot_sleeping_duration: 4026849.973960026
tot_uptimes: 1048
tot_uptimes_duration: 62820.079039973614
