comms_cons: 412.7359552735639
finished_reconf: true
global_termination_time: 4088656.089
local_termination_time: 2330439.082
node_cons: 84124.43595909826
tot_aggregated_send: 56780
tot_msg_rcv: 2117
tot_msg_sent: 3836
tot_reconf_duration: 5.43
tot_sleeping_duration: 4025835.280920015
tot_uptimes: 1048
tot_uptimes_duration: 62820.8080799852
