comms_cons: 792.4999618240735
finished_reconf: true
global_termination_time: 7913091.75
local_termination_time: 3661033.0376000004
node_cons: 162777.44151004875
tot_aggregated_send: 108692
tot_msg_rcv: 4329
tot_msg_sent: 7433
tot_reconf_duration: 6.279999999999999
tot_sleeping_duration: 7791531.69528002
tot_uptimes: 2027
tot_uptimes_duration: 121560.05471998057
