comms_cons: 783.7202369932942
finished_reconf: true
global_termination_time: 7910714.509
local_termination_time: 4691335.247199998
node_cons: 162706.43370669716
tot_aggregated_send: 109098
tot_msg_rcv: 3179
tot_msg_sent: 6841
tot_reconf_duration: 13.17
tot_sleeping_duration: 7789214.472520012
tot_uptimes: 2026
tot_uptimes_duration: 121500.0364799872
