comms_cons: 797.1141762648829
finished_reconf: true
global_termination_time: 7913141.196
local_termination_time: 631788.5864799989
node_cons: 162774.88522712453
tot_aggregated_send: 109330
tot_msg_rcv: 4106
tot_msg_sent: 7716
tot_reconf_duration: 4.390000000000001
tot_sleeping_duration: 7791581.133560023
tot_uptimes: 2027
tot_uptimes_duration: 121560.06243997766
