comms_cons: 140.6103167978482
finished_reconf: true
global_termination_time: 1422022.016
local_termination_time: 351033.57852000085
node_cons: 29278.125541121462
tot_aggregated_send: 20416
tot_msg_rcv: 312
tot_msg_sent: 643
tot_reconf_duration: 25.299999999999997
tot_sleeping_duration: 1400182.009919999
tot_uptimes: 365
tot_uptimes_duration: 21840.00608000107
