comms_cons: 415.4086205088896
finished_reconf: true
global_termination_time: 1421755.169
local_termination_time: 415180.18460000004
node_cons: 58259.22970999879
tot_aggregated_send: 0
tot_msg_rcv: 21111
tot_msg_sent: 42029
tot_reconf_duration: 13.17
tot_sleeping_duration: 1378259.019
tot_uptimes: 722
tot_uptimes_duration: 43496.14999999988
