comms_cons: 142.55810559173094
finished_reconf: true
global_termination_time: 1425594.731
local_termination_time: 423783.8235600007
node_cons: 29339.458980000043
tot_aggregated_send: 20242
tot_msg_rcv: 508
tot_msg_sent: 918
tot_reconf_duration: 11.31
tot_sleeping_duration: 1403694.731
tot_uptimes: 366
tot_uptimes_duration: 21900.0
