comms_cons: 43.01543680001909
finished_reconf: true
global_termination_time: 426951.368
local_termination_time: 71453.93835999999
node_cons: 8777.899861119176
tot_aggregated_send: 5626
tot_msg_rcv: 338
tot_msg_sent: 574
tot_reconf_duration: 15.34
tot_sleeping_duration: 420411.36192000064
tot_uptimes: 110
tot_uptimes_duration: 6540.006079999366
