comms_cons: 183.11887359342114
finished_reconf: true
global_termination_time: 1852494.734
local_termination_time: 1008959.9897199997
node_cons: 38088.72405999975
tot_aggregated_send: 26796
tot_msg_rcv: 368
tot_msg_sent: 669
tot_reconf_duration: 5.57
tot_sleeping_duration: 1824054.734
tot_uptimes: 475
tot_uptimes_duration: 28440.0
