comms_cons: 328.51819494730063
finished_reconf: true
global_termination_time: 1854545.78
local_termination_time: 313000.31836000003
node_cons: 38087.72454447635
tot_aggregated_send: 0
tot_msg_rcv: 25154
tot_msg_sent: 24779
tot_reconf_duration: 4.8100000000000005
tot_sleeping_duration: 1826105.7556800027
tot_uptimes: 475
tot_uptimes_duration: 28440.024319997407
