comms_cons: 764.0628609455405
finished_reconf: true
global_termination_time: 7669887.10148
local_termination_time: 7669887.06036
node_cons: 157856.97006654492
tot_aggregated_send: 109768
tot_msg_rcv: 2233
tot_msg_sent: 4131
tot_reconf_duration: 37.410000000000004
tot_sleeping_duration: 7552033.354440006
tot_uptimes: 1965
tot_uptimes_duration: 117853.74703999297
