comms_cons: 770.7034626369798
finished_reconf: true
global_termination_time: 7672343.92
local_termination_time: 2476779.8083599997
node_cons: 157808.68127228238
tot_aggregated_send: 105618
tot_msg_rcv: 3883
tot_msg_sent: 7640
tot_reconf_duration: 15.34
tot_sleeping_duration: 7554503.853120023
tot_uptimes: 1965
tot_uptimes_duration: 117840.06687997608
