comms_cons: 768.0195202312926
finished_reconf: true
global_termination_time: 7669955.877
local_termination_time: 2650213.9264799994
node_cons: 157795.40547116584
tot_aggregated_send: 105560
tot_msg_rcv: 3725
tot_msg_sent: 7448
tot_reconf_duration: 5.57
tot_sleeping_duration: 7552115.816200023
tot_uptimes: 1965
tot_uptimes_duration: 117840.06079997821
