comms_cons: 767.4304386065307
finished_reconf: true
global_termination_time: 7673404.265
local_termination_time: 2680866.22236
node_cons: 157875.09092893128
tot_aggregated_send: 105966
tot_msg_rcv: 3592
tot_msg_sent: 7085
tot_reconf_duration: 5.1
tot_sleeping_duration: 7555504.216360017
tot_uptimes: 1966
tot_uptimes_duration: 117900.04863998247
