comms_cons: 776.2150657945082
finished_reconf: true
global_termination_time: 7671712.281
local_termination_time: 1075062.7713599997
node_cons: 157793.82745451518
tot_aggregated_send: 105850
tot_msg_rcv: 4450
tot_msg_sent: 7677
tot_reconf_duration: 4.390000000000001
tot_sleeping_duration: 7553872.20196003
tot_uptimes: 1965
tot_uptimes_duration: 117840.07903997065
