comms_cons: 764.6512961736756
finished_reconf: true
global_termination_time: 7671375.622
local_termination_time: 1793896.95336
node_cons: 157795.22349228218
tot_aggregated_send: 106604
tot_msg_rcv: 3097
tot_msg_sent: 6522
tot_reconf_duration: 5.43
tot_sleeping_duration: 7553535.555120024
tot_uptimes: 1965
tot_uptimes_duration: 117840.06687997584
