comms_cons: 105.37246719833004
finished_reconf: true
global_termination_time: 1068341.999
local_termination_time: 182603.3484000008
node_cons: 21943.439560000003
tot_aggregated_send: 15080
tot_msg_rcv: 361
tot_msg_sent: 575
tot_reconf_duration: 7.819999999999999
tot_sleeping_duration: 1051961.999
tot_uptimes: 274
tot_uptimes_duration: 16380.0
