comms_cons: 158.92057599024045
finished_reconf: true
global_termination_time: 1586794.1934799978
local_termination_time: 1586794.1934799978
node_cons: 32758.999363899307
tot_aggregated_send: 22420
tot_msg_rcv: 566
tot_msg_sent: 1168
tot_reconf_duration: 37.410000000000004
tot_sleeping_duration: 1562366.8622000134
tot_uptimes: 407
tot_uptimes_duration: 24427.3312799845
