comms_cons: 277.1555582105693
finished_reconf: true
global_termination_time: 1591198.635
local_termination_time: 652202.140359998
node_cons: 32708.074065271107
tot_aggregated_send: 0
tot_msg_rcv: 21423
tot_msg_sent: 20703
tot_reconf_duration: 6.22
tot_sleeping_duration: 1566777.703480007
tot_uptimes: 408
tot_uptimes_duration: 24420.93151999323
