comms_cons: 586.6709312512032
finished_reconf: true
global_termination_time: 5958395.404
local_termination_time: 2580087.85848
node_cons: 122536.41742446466
tot_aggregated_send: 82940
tot_msg_rcv: 2224
tot_msg_sent: 4003
tot_reconf_duration: 13.17
tot_sleeping_duration: 5866895.379680009
tot_uptimes: 1526
tot_uptimes_duration: 91500.02431999147
