comms_cons: 575.4297728167053
finished_reconf: true
global_termination_time: 5954551.64
local_termination_time: 3305850.102639998
node_cons: 122456.0644349534
tot_aggregated_send: 85840
tot_msg_rcv: 526
tot_msg_sent: 1095
tot_reconf_duration: 11.899999999999999
tot_sleeping_duration: 5863110.337360001
tot_uptimes: 1525
tot_uptimes_duration: 91441.30263999803
