comms_cons: 593.9163649377359
finished_reconf: true
global_termination_time: 5955664.587
local_termination_time: 794007.0569599997
node_cons: 122522.70702893275
tot_aggregated_send: 82070
tot_msg_rcv: 2622
tot_msg_sent: 5579
tot_reconf_duration: 3.05
tot_sleeping_duration: 5864164.538360018
tot_uptimes: 1526
tot_uptimes_duration: 91500.04863998247
