comms_cons: 600.0248001094526
finished_reconf: true
global_termination_time: 5958660.17
local_termination_time: 2056869.3933599999
node_cons: 122526.99560669863
tot_aggregated_send: 81896
tot_msg_rcv: 3265
tot_msg_sent: 6038
tot_reconf_duration: 6.22
tot_sleeping_duration: 5867160.133520013
tot_uptimes: 1526
tot_uptimes_duration: 91500.03647998694
