comms_cons: 145.43321599086124
finished_reconf: true
global_termination_time: 1419761.671
local_termination_time: 7394.66848
node_cons: 29194.20312336434
tot_aggregated_send: 19140
tot_msg_rcv: 1064
tot_msg_sent: 1901
tot_reconf_duration: 22.65
tot_sleeping_duration: 1397981.6527599967
tot_uptimes: 364
tot_uptimes_duration: 21780.018240003206
