comms_cons: 106.5850175957686
finished_reconf: true
global_termination_time: 1049673.217
local_termination_time: 305503.20736000006
node_cons: 21538.086505602558
tot_aggregated_send: 14152
tot_msg_rcv: 750
tot_msg_sent: 1299
tot_reconf_duration: 5.1
tot_sleeping_duration: 1033593.186599998
tot_uptimes: 269
tot_uptimes_duration: 16080.03040000191
