comms_cons: 186.44136959262053
finished_reconf: true
global_termination_time: 1893094.708
local_termination_time: 544053.5073599998
node_cons: 38892.12405999972
tot_aggregated_send: 27144
tot_msg_rcv: 385
tot_msg_sent: 809
tot_reconf_duration: 5.57
tot_sleeping_duration: 1864054.708
tot_uptimes: 485
tot_uptimes_duration: 29040.0
