comms_cons: 186.67822079560574
finished_reconf: true
global_termination_time: 1891686.378
local_termination_time: 571759.8033599999
node_cons: 38891.485799999755
tot_aggregated_send: 26912
tot_msg_rcv: 478
tot_msg_sent: 984
tot_reconf_duration: 5.1
tot_sleeping_duration: 1862646.378
tot_uptimes: 485
tot_uptimes_duration: 29040.0
