comms_cons: 319.25466215853265
finished_reconf: true
global_termination_time: 1888724.543
local_termination_time: 283817.7763600001
node_cons: 38810.792685588545
tot_aggregated_send: 0
tot_msg_rcv: 24733
tot_msg_sent: 23792
tot_reconf_duration: 4.8100000000000005
tot_sleeping_duration: 1859744.5126000086
tot_uptimes: 484
tot_uptimes_duration: 28980.030399991607
