comms_cons: 191.04528638282372
finished_reconf: true
global_termination_time: 1890580.827
local_termination_time: 281251.86899999995
node_cons: 38891.71515102952
tot_aggregated_send: 25636
tot_msg_rcv: 1136
tot_msg_sent: 2265
tot_reconf_duration: 4.390000000000001
tot_sleeping_duration: 1861539.9356400077
tot_uptimes: 485
tot_uptimes_duration: 29040.891359992384
