comms_cons: 187.4505599851089
finished_reconf: true
global_termination_time: 1888213.734
local_termination_time: 400826.9033600001
node_cons: 38808.41074671004
tot_aggregated_send: 24824
tot_msg_rcv: 1257
tot_msg_sent: 2409
tot_reconf_duration: 3.05
tot_sleeping_duration: 1859233.6975200071
tot_uptimes: 484
tot_uptimes_duration: 28980.036479992676
