comms_cons: 186.54005759481316
finished_reconf: true
global_termination_time: 1891645.562
local_termination_time: 846032.9133599998
node_cons: 38891.9339399997
tot_aggregated_send: 27608
tot_msg_rcv: 285
tot_msg_sent: 460
tot_reconf_duration: 5.43
tot_sleeping_duration: 1862605.562
tot_uptimes: 485
tot_uptimes_duration: 29040.0
