comms_cons: 98.06955519836765
finished_reconf: true
global_termination_time: 985643.207
local_termination_time: 711338.1193199985
node_cons: 20252.605799999998
tot_aggregated_send: 14094
tot_msg_rcv: 294
tot_msg_sent: 518
tot_reconf_duration: 5.1
tot_sleeping_duration: 970523.207
tot_uptimes: 253
tot_uptimes_duration: 15120.0
