comms_cons: 43.83724160233813
finished_reconf: true
global_termination_time: 314727.5266000001
local_termination_time: 314727.4854800001
node_cons: 6496.554678567647
tot_aggregated_send: 1946
tot_msg_rcv: 1966
tot_msg_sent: 2756
tot_reconf_duration: 37.410000000000004
tot_sleeping_duration: 309913.6715599944
tot_uptimes: 81
tot_uptimes_duration: 4813.855040005699
