comms_cons: 31.159718400074343
finished_reconf: true
global_termination_time: 315883.892
local_termination_time: 40220.944360000016
node_cons: 6443.36834112144
tot_aggregated_send: 4466
tot_msg_rcv: 104
tot_msg_sent: 166
tot_reconf_duration: 11.899999999999999
tot_sleeping_duration: 311083.8859199989
tot_uptimes: 81
tot_uptimes_duration: 4800.006080001069
