comms_cons: 284.67540481408446
finished_reconf: false
global_termination_time: 2810995.165
local_termination_time: 0
node_cons: 57844.80814111611
tot_aggregated_send: 39150
tot_msg_rcv: 1508
tot_msg_sent: 2611
tot_reconf_duration: 0
tot_sleeping_duration: 2767795.158920002
tot_uptimes: 720
tot_uptimes_duration: 43200.00607999787
