comms_cons: 283.76747520579187
finished_reconf: false
global_termination_time: 2809094.685
local_termination_time: 0
node_cons: 57844.80814111611
tot_aggregated_send: 39034
tot_msg_rcv: 1370
tot_msg_sent: 2727
tot_reconf_duration: 0
tot_sleeping_duration: 2765894.678920002
tot_uptimes: 720
tot_uptimes_duration: 43200.00607999787
