comms_cons: 282.905600012427
finished_reconf: false
global_termination_time: 2811053.435
local_termination_time: 0
node_cons: 57844.79999999896
tot_aggregated_send: 39498
tot_msg_rcv: 1240
tot_msg_sent: 2262
tot_reconf_duration: 0
tot_sleeping_duration: 2767853.435
tot_uptimes: 720
tot_uptimes_duration: 43200.0
