comms_cons: 282.0582912177377
finished_reconf: false
global_termination_time: 2808457.513
local_termination_time: 0
node_cons: 57844.79999999896
tot_aggregated_send: 39498
tot_msg_rcv: 1110
tot_msg_sent: 2262
tot_reconf_duration: 0
tot_sleeping_duration: 2765257.513
tot_uptimes: 720
tot_uptimes_duration: 43200.0
