comms_cons: 284.98999682742226
finished_reconf: true
global_termination_time: 2810985.327
local_termination_time: 1197003.62448
node_cons: 57855.47654781814
tot_aggregated_send: 38686
tot_msg_rcv: 1552
tot_msg_sent: 3077
tot_reconf_duration: 7.819999999999999
tot_sleeping_duration: 2767785.284440016
tot_uptimes: 720
tot_uptimes_duration: 43200.04255998437
