comms_cons: 113.17539839171135
finished_reconf: true
global_termination_time: 1127236.0124799998
local_termination_time: 1127235.9713599999
node_cons: 23189.69608319636
tot_aggregated_send: 15646
tot_msg_rcv: 499
tot_msg_sent: 1056
tot_reconf_duration: 24.59
tot_sleeping_duration: 1109942.2836800024
tot_uptimes: 289
tot_uptimes_duration: 17293.728799997247
