comms_cons: 108.59627519972834
finished_reconf: true
global_termination_time: 1127867.355
local_termination_time: 770777.915
node_cons: 23146.608422717323
tot_aggregated_send: 16179
tot_msg_rcv: 95
tot_msg_sent: 232
tot_reconf_duration: 6.22
tot_sleeping_duration: 1110587.1745200022
tot_uptimes: 289
tot_uptimes_duration: 17280.180479997885
