comms_cons: 246.10155519573067
finished_reconf: true
global_termination_time: 2471426.274
local_termination_time: 1028163.0511999986
node_cons: 50792.764859999326
tot_aggregated_send: 35148
tot_msg_rcv: 762
tot_msg_sent: 1496
tot_reconf_duration: 13.17
tot_sleeping_duration: 2433506.274
tot_uptimes: 633
tot_uptimes_duration: 37920.0
