comms_cons: 253.42483199264575
finished_reconf: true
global_termination_time: 2468540.994
local_termination_time: 29842.33836
node_cons: 50805.74453453421
tot_aggregated_send: 32944
tot_msg_rcv: 1866
tot_msg_sent: 3710
tot_reconf_duration: 22.65
tot_sleeping_duration: 2430620.914960019
tot_uptimes: 633
tot_uptimes_duration: 37920.07903998128
