comms_cons: 111.31348479573528
finished_reconf: true
global_termination_time: 1104538.065
local_termination_time: 384240.60236000054
node_cons: 22686.646841121496
tot_aggregated_send: 15486
tot_msg_rcv: 581
tot_msg_sent: 852
tot_reconf_duration: 22.65
tot_sleeping_duration: 1087618.0589199988
tot_uptimes: 283
tot_uptimes_duration: 16920.00608000107
