comms_cons: 214.98244478223376
finished_reconf: true
global_termination_time: 2140568.764
local_termination_time: 333988.15824000054
node_cons: 44057.18453453222
tot_aggregated_send: 28652
tot_msg_rcv: 1296
tot_msg_sent: 2727
tot_reconf_duration: 22.65
tot_sleeping_duration: 2107688.6849600202
tot_uptimes: 549
tot_uptimes_duration: 32880.07903997955
