comms_cons: 216.01550077890045
finished_reconf: true
global_termination_time: 2138541.497
local_termination_time: 130694.88335999996
node_cons: 43952.071877873495
tot_aggregated_send: 29000
tot_msg_rcv: 1204
tot_msg_sent: 2629
tot_reconf_duration: 4.390000000000001
tot_sleeping_duration: 2105721.399720034
tot_uptimes: 548
tot_uptimes_duration: 32820.09727996559
