comms_cons: 482.10466566191417
finished_reconf: true
global_termination_time: 4846248.679
local_termination_time: 1332625.7766
node_cons: 99714.38465005036
tot_aggregated_send: 67976
tot_msg_rcv: 1929
tot_msg_sent: 3373
tot_reconf_duration: 9.11
tot_sleeping_duration: 4771788.62428002
tot_uptimes: 1242
tot_uptimes_duration: 74460.05471997987
