comms_cons: 488.59402249025584
finished_reconf: true
global_termination_time: 4849431.343
local_termination_time: 635027.1469599997
node_cons: 99722.86127228383
tot_aggregated_send: 67744
tot_msg_rcv: 2285
tot_msg_sent: 4233
tot_reconf_duration: 15.34
tot_sleeping_duration: 4774971.276120025
tot_uptimes: 1242
tot_uptimes_duration: 74460.06687997514
