comms_cons: 482.0240253636925
finished_reconf: true
global_termination_time: 992397.895999999
local_termination_time: 992397.8548799991
node_cons: 60631.31539391003
tot_aggregated_send: 0
tot_msg_rcv: 29552
tot_msg_sent: 43709
tot_reconf_duration: 37.410000000000004
tot_sleeping_duration: 947154.7947200056
tot_uptimes: 746
tot_uptimes_duration: 45243.101279993374
