comms_cons: 198.9623615019926
finished_reconf: true
global_termination_time: 998714.094
local_termination_time: 1462.0834800000025
node_cons: 20511.46988559339
tot_aggregated_send: 0
tot_msg_rcv: 15447
tot_msg_sent: 14793
tot_reconf_duration: 18.21
tot_sleeping_duration: 983414.063600005
tot_uptimes: 256
tot_uptimes_duration: 15300.030399995041
