comms_cons: 101.564991995468
finished_reconf: true
global_termination_time: 993294.182
local_termination_time: 388303.04268000025
node_cons: 20424.285565597966
tot_aggregated_send: 13572
tot_msg_rcv: 709
tot_msg_sent: 1159
tot_reconf_duration: 13.17
tot_sleeping_duration: 978054.1516000015
tot_uptimes: 255
tot_uptimes_duration: 15240.030399998475
