comms_cons: 99.78672639517954
finished_reconf: true
global_termination_time: 994411.837
local_termination_time: 543759.9847199997
node_cons: 20431.787164476493
tot_aggregated_send: 12876
tot_msg_rcv: 787
tot_msg_sent: 1504
tot_reconf_duration: 18.700000000000003
tot_sleeping_duration: 979171.8126800027
tot_uptimes: 255
tot_uptimes_duration: 15240.024319997407
