comms_cons: 44.57408000020039
finished_reconf: true
global_termination_time: 454465.919
local_termination_time: 74268.03335999997
node_cons: 9350.206841121455
tot_aggregated_send: 6554
tot_msg_rcv: 68
tot_msg_sent: 153
tot_reconf_duration: 22.65
tot_sleeping_duration: 447505.9129199989
tot_uptimes: 117
tot_uptimes_duration: 6960.006080001069
