comms_cons: 35.909900800411705
finished_reconf: true
global_termination_time: 350824.992
local_termination_time: 50377.90736000001
node_cons: 7168.169283362019
tot_aggregated_send: 4640
tot_msg_rcv: 300
tot_msg_sent: 518
tot_reconf_duration: 13.17
tot_sleeping_duration: 345484.97375999857
tot_uptimes: 90
tot_uptimes_duration: 5340.018240001504
