comms_cons: 35.67962880032147
finished_reconf: true
global_termination_time: 352350.687
local_termination_time: 208468.11036000005
node_cons: 7246.776482242862
tot_aggregated_send: 4698
tot_msg_rcv: 213
tot_msg_sent: 512
tot_reconf_duration: 11.899999999999999
tot_sleeping_duration: 346950.67483999784
tot_uptimes: 91
tot_uptimes_duration: 5400.0121600021375
