comms_cons: 257.4677631877697
finished_reconf: true
global_termination_time: 2611932.24
local_termination_time: 1778489.6577999985
node_cons: 53675.664522232844
tot_aggregated_send: 36308
tot_msg_rcv: 917
tot_msg_sent: 1909
tot_reconf_duration: 6.279999999999999
tot_sleeping_duration: 2571852.227840005
tot_uptimes: 669
tot_uptimes_duration: 40080.01215999527
