comms_cons: 259.3125887860285
finished_reconf: true
global_termination_time: 2609404.401
local_termination_time: 1723413.29048
node_cons: 53677.76398334973
tot_aggregated_send: 36076
tot_msg_rcv: 1132
tot_msg_sent: 2206
tot_reconf_duration: 7.819999999999999
tot_sleeping_duration: 2569324.3827600074
tot_uptimes: 669
tot_uptimes_duration: 40080.0182399929
