comms_cons: 79.12145919891057
finished_reconf: true
global_termination_time: 811675.295
local_termination_time: 627962.975
node_cons: 16666.80583003993
tot_aggregated_send: 11714
tot_msg_rcv: 78
tot_msg_sent: 234
tot_reconf_duration: 22.65
tot_sleeping_duration: 799251.0626400001
tot_uptimes: 208
tot_uptimes_duration: 12424.232359999907
