comms_cons: 79.54973439926353
finished_reconf: true
global_termination_time: 806403.0264799999
local_termination_time: 806402.9853599999
node_cons: 16601.78351871982
tot_aggregated_send: 11702
tot_msg_rcv: 148
tot_msg_sent: 241
tot_reconf_duration: 24.59
tot_sleeping_duration: 794029.322
tot_uptimes: 207
tot_uptimes_duration: 12373.70447999984
