comms_cons: 78.97671679945891
finished_reconf: true
global_termination_time: 808981.367
local_termination_time: 316877.7853600005
node_cons: 16640.999560000033
tot_aggregated_send: 11774
tot_msg_rcv: 61
tot_msg_sent: 169
tot_reconf_duration: 7.819999999999999
tot_sleeping_duration: 796561.367
tot_uptimes: 208
tot_uptimes_duration: 12420.0
