comms_cons: 48.11983360168704
finished_reconf: true
global_termination_time: 467687.1153600002
local_termination_time: 137296.33448000005
node_cons: 9613.795254647453
tot_aggregated_send: 5162
tot_msg_rcv: 638
tot_msg_sent: 1515
tot_reconf_duration: 18.21
tot_sleeping_duration: 460525.75159999466
tot_uptimes: 120
tot_uptimes_duration: 7161.363760005567
