comms_cons: 45.560614399959206
finished_reconf: true
global_termination_time: 467687.2302400002
local_termination_time: 158618.489
node_cons: 9620.096216722704
tot_aggregated_send: 6668
tot_msg_rcv: 36
tot_msg_sent: 220
tot_reconf_duration: 22.65
tot_sleeping_duration: 460525.66375999816
tot_uptimes: 120
tot_uptimes_duration: 7161.566480002017
