comms_cons: 46.113612800319665
finished_reconf: true
global_termination_time: 468748.478
local_termination_time: 347226.5733600001
node_cons: 9644.941900000076
tot_aggregated_send: 6786
tot_msg_rcv: 88
tot_msg_sent: 135
tot_reconf_duration: 3.05
tot_sleeping_duration: 461548.478
tot_uptimes: 121
tot_uptimes_duration: 7200.0
