comms_cons: 43.94373120101913
finished_reconf: true
global_termination_time: 432035.423
local_termination_time: 124330.54123999944
node_cons: 8851.362346723567
tot_aggregated_send: 5626
tot_msg_rcv: 301
tot_msg_sent: 753
tot_reconf_duration: 7.819999999999999
tot_sleeping_duration: 425432.92651999736
tot_uptimes: 111
tot_uptimes_duration: 6602.49648000265
