comms_cons: 105.32703999184417
finished_reconf: true
global_termination_time: 1035599.8804799989
local_termination_time: 1035599.8393599989
node_cons: 21377.05418407819
tot_aggregated_send: 14312
tot_msg_rcv: 613
tot_msg_sent: 1083
tot_reconf_duration: 24.59
tot_sleeping_duration: 1019659.8797600003
tot_uptimes: 266
tot_uptimes_duration: 15940.000719998616
