comms_cons: 100.77870719902631
finished_reconf: true
global_termination_time: 1036540.76
local_termination_time: 515526.265
node_cons: 21303.1620939996
tot_aggregated_send: 13976
tot_msg_rcv: 446
tot_msg_sent: 896
tot_reconf_duration: 6.279999999999999
tot_sleeping_duration: 1020637.3740000003
tot_uptimes: 266
tot_uptimes_duration: 15903.385999999708
