comms_cons: 123.77516159580199
finished_reconf: true
global_termination_time: 1253647.498
local_termination_time: 27440.191520000004
node_cons: 25821.31894751831
tot_aggregated_send: 17458
tot_msg_rcv: 398
tot_msg_sent: 958
tot_reconf_duration: 18.21
tot_sleeping_duration: 1234381.9343200012
tot_uptimes: 322
tot_uptimes_duration: 19265.563679998708
