comms_cons: 122.66829439710664
finished_reconf: true
global_termination_time: 1255863.517
local_termination_time: 811401.5571999986
node_cons: 25795.134184481187
tot_aggregated_send: 17110
tot_msg_rcv: 562
tot_msg_sent: 972
tot_reconf_duration: 4.390000000000001
tot_sleeping_duration: 1236603.4926799992
tot_uptimes: 322
tot_uptimes_duration: 19260.02432000084
