comms_cons: 124.1034495952845
finished_reconf: true
global_termination_time: 1256871.029
local_termination_time: 164437.7398400001
node_cons: 25793.314464481147
tot_aggregated_send: 17168
tot_msg_rcv: 636
tot_msg_sent: 1059
tot_reconf_duration: 3.05
tot_sleeping_duration: 1237611.0046799993
tot_uptimes: 322
tot_uptimes_duration: 19260.02432000084
