comms_cons: 126.57295359346136
finished_reconf: true
global_termination_time: 1252710.64724
local_termination_time: 64208.95636000001
node_cons: 25744.58751383894
tot_aggregated_send: 17052
tot_msg_rcv: 766
tot_msg_sent: 1420
tot_reconf_duration: 11.31
tot_sleeping_duration: 1233495.390680001
tot_uptimes: 321
tot_uptimes_duration: 19215.25655999918
