comms_cons: 376.4902208450876
finished_reconf: true
global_termination_time: 3703135.306
local_termination_time: 16059.834480000001
node_cons: 76187.14687341521
tot_aggregated_send: 50576
tot_msg_rcv: 2240
tot_msg_sent: 4408
tot_reconf_duration: 18.21
tot_sleeping_duration: 3646255.233040017
tot_uptimes: 949
tot_uptimes_duration: 56880.07295998285
