comms_cons: 369.4048704113744
finished_reconf: true
global_termination_time: 3702799.71
local_termination_time: 2507627.7323600003
node_cons: 76170.87266334966
tot_aggregated_send: 51156
tot_msg_rcv: 1797
tot_msg_sent: 3193
tot_reconf_duration: 6.279999999999999
tot_sleeping_duration: 3645919.691760007
tot_uptimes: 949
tot_uptimes_duration: 56880.01823999337
