comms_cons: 368.58941442059233
finished_reconf: true
global_termination_time: 3703641.15
local_termination_time: 2531551.55036
node_cons: 76169.90034223256
tot_aggregated_send: 51098
tot_msg_rcv: 1749
tot_msg_sent: 3175
tot_reconf_duration: 5.57
tot_sleeping_duration: 3646761.1378400046
tot_uptimes: 949
tot_uptimes_duration: 56880.0121599955
