comms_cons: 359.43800961118126
finished_reconf: true
global_termination_time: 3704326.599
local_termination_time: 2572636.425279998
node_cons: 76173.3143611148
tot_aggregated_send: 51156
tot_msg_rcv: 1041
tot_msg_sent: 2435
tot_reconf_duration: 8.09
tot_sleeping_duration: 3647446.5929200025
tot_uptimes: 949
tot_uptimes_duration: 56880.006079997635
