comms_cons: 367.6406976338696
finished_reconf: true
global_termination_time: 3703137.835
local_termination_time: 1231457.888
node_cons: 76183.41162782353
tot_aggregated_send: 51673
tot_msg_rcv: 1417
tot_msg_sent: 2788
tot_reconf_duration: 12.629999999999999
tot_sleeping_duration: 3646254.892440011
tot_uptimes: 949
tot_uptimes_duration: 56882.94255998894
