comms_cons: 170.05669760164733
finished_reconf: true
global_termination_time: 581156.1537999985
local_termination_time: 1878.5624800000023
node_cons: 23797.319704197984
tot_aggregated_send: 0
tot_msg_rcv: 8687
tot_msg_sent: 17159
tot_reconf_duration: 5.57
tot_sleeping_duration: 563389.3459999999
tot_uptimes: 294
tot_uptimes_duration: 17766.807799998467
