comms_cons: 12.876121600056948
finished_reconf: true
global_termination_time: 119320.611
local_termination_time: 47148.45636000001
node_cons: 2431.0398611191463
tot_aggregated_send: 812
tot_msg_rcv: 455
tot_msg_sent: 691
tot_reconf_duration: 15.34
tot_sleeping_duration: 117520.60492000064
tot_uptimes: 31
tot_uptimes_duration: 1800.0060799993662
