comms_cons: 12.026777599985946
finished_reconf: true
global_termination_time: 115912.9472399999
local_termination_time: 44725.54536000001
node_cons: 2354.4222927196174
tot_aggregated_send: 986
tot_msg_rcv: 333
tot_msg_sent: 508
tot_reconf_duration: 3.05
tot_sleeping_duration: 114157.6967600002
tot_uptimes: 30
tot_uptimes_duration: 1755.2504799997114
