comms_cons: 14.130432000023177
finished_reconf: true
global_termination_time: 118221.734
local_termination_time: 36024.41636000019
node_cons: 2424.2174063988546
tot_aggregated_send: 1276
tot_msg_rcv: 403
tot_msg_sent: 468
tot_reconf_duration: 7.819999999999999
tot_sleeping_duration: 116419.19640000084
tot_uptimes: 31
tot_uptimes_duration: 1802.5375999991447
