comms_cons: 12.520844800030327
finished_reconf: true
global_termination_time: 117252.13
local_termination_time: 2397.21848
node_cons: 2417.5983633597334
tot_aggregated_send: 870
tot_msg_rcv: 388
tot_msg_sent: 646
tot_reconf_duration: 5.43
tot_sleeping_duration: 115452.1117600002
tot_uptimes: 31
tot_uptimes_duration: 1800.0182399998012
