comms_cons: 168.2338495856394
finished_reconf: true
global_termination_time: 1658556.621
local_termination_time: 653414.6755999997
node_cons: 34075.18692558411
tot_aggregated_send: 22040
tot_msg_rcv: 1201
tot_msg_sent: 2329
tot_reconf_duration: 8.09
tot_sleeping_duration: 1633116.5906000119
tot_uptimes: 425
tot_uptimes_duration: 25440.03039998817
