comms_cons: 159.80218879523147
finished_reconf: true
global_termination_time: 1657421.703
local_termination_time: 926204.5203599998
node_cons: 34084.69566223364
tot_aggregated_send: 22620
tot_msg_rcv: 541
tot_msg_sent: 1128
tot_reconf_duration: 15.110000000000001
tot_sleeping_duration: 1631981.6908400047
tot_uptimes: 425
tot_uptimes_duration: 25440.01215999527
