comms_cons: 162.4984703917305
finished_reconf: true
global_termination_time: 1658112.363
local_termination_time: 824533.213
node_cons: 34078.34920479423
tot_aggregated_send: 22966
tot_msg_rcv: 496
tot_msg_sent: 1236
tot_reconf_duration: 9.42
tot_sleeping_duration: 1632671.3198000044
tot_uptimes: 425
tot_uptimes_duration: 25441.04319999565
