comms_cons: 165.78268158903998
finished_reconf: true
global_termination_time: 1657639.012
local_termination_time: 691545.9023599998
node_cons: 34089.57902335043
tot_aggregated_send: 22504
tot_msg_rcv: 963
tot_msg_sent: 1731
tot_reconf_duration: 18.700000000000003
tot_sleeping_duration: 1632198.9937600072
tot_uptimes: 425
tot_uptimes_duration: 25440.018239992904
