comms_cons: 162.0522751940592
finished_reconf: true
global_termination_time: 1657866.339
local_termination_time: 1095686.53036
node_cons: 34080.32834111702
tot_aggregated_send: 22852
tot_msg_rcv: 565
tot_msg_sent: 1214
tot_reconf_duration: 11.899999999999999
tot_sleeping_duration: 1632426.3329200023
tot_uptimes: 425
tot_uptimes_duration: 25440.006079997635
