comms_cons: 90.65855999416341
finished_reconf: true
global_termination_time: 867006.0342399989
local_termination_time: 867005.993119999
node_cons: 17957.88262807242
tot_aggregated_send: 11425
tot_msg_rcv: 905
tot_msg_sent: 1450
tot_reconf_duration: 54.739999999999995
tot_sleeping_duration: 853650.1375200045
tot_uptimes: 223
tot_uptimes_duration: 13355.896719994314
