comms_cons: 86.62077439859993
finished_reconf: true
global_termination_time: 868391.139
local_termination_time: 7458.870999999999
node_cons: 17869.978570083706
tot_aggregated_send: 11517
tot_msg_rcv: 599
tot_msg_sent: 1050
tot_reconf_duration: 25.35
tot_sleeping_duration: 855071.0842799972
tot_uptimes: 223
tot_uptimes_duration: 13320.05472000275
