comms_cons: 271.94361601127474
finished_reconf: true
global_termination_time: 2687161.6222399953
local_termination_time: 39716.41948000001
node_cons: 55329.92125717083
tot_aggregated_send: 37120
tot_msg_rcv: 1489
tot_msg_sent: 2723
tot_reconf_duration: 18.21
tot_sleeping_duration: 2645858.2674400164
tot_uptimes: 689
tot_uptimes_duration: 41303.3547999789
