comms_cons: 449.66248300502406
finished_reconf: true
global_termination_time: 2690053.716
local_termination_time: 1560556.7853599999
node_cons: 55282.464522232774
tot_aggregated_send: 0
tot_msg_rcv: 34494
tot_msg_sent: 33852
tot_reconf_duration: 6.279999999999999
tot_sleeping_duration: 2648773.7038400047
tot_uptimes: 689
tot_uptimes_duration: 41280.01215999527
