comms_cons: 272.05054720317275
finished_reconf: true
global_termination_time: 2688347.674
local_termination_time: 1300401.9515999998
node_cons: 55278.15148670081
tot_aggregated_send: 37120
tot_msg_rcv: 1495
tot_msg_sent: 2736
tot_reconf_duration: 3.08
tot_sleeping_duration: 2647067.637520014
tot_uptimes: 689
tot_uptimes_duration: 41280.03647998627
