comms_cons: 272.8252928139713
finished_reconf: true
global_termination_time: 2688370.548
local_termination_time: 86698.53499999974
node_cons: 55290.1534700555
tot_aggregated_send: 36308
tot_msg_rcv: 1563
tot_msg_sent: 3597
tot_reconf_duration: 11.899999999999999
tot_sleeping_duration: 2647090.4932800177
tot_uptimes: 689
tot_uptimes_duration: 41280.05471998238
