comms_cons: 548.6459392753375
finished_reconf: true
global_termination_time: 5563644.651
local_termination_time: 1792003.991239999
node_cons: 114412.72080446481
tot_aggregated_send: 76734
tot_msg_rcv: 2244
tot_msg_sent: 4413
tot_reconf_duration: 6.279999999999999
tot_sleeping_duration: 5478204.626680008
tot_uptimes: 1425
tot_uptimes_duration: 85440.02431999124
