comms_cons: 544.0654080213003
finished_reconf: true
global_termination_time: 5567182.933
local_termination_time: 4180855.8793599997
node_cons: 114502.3848599964
tot_aggregated_send: 80388
tot_msg_rcv: 790
tot_msg_sent: 1515
tot_reconf_duration: 13.17
tot_sleeping_duration: 5481682.933
tot_uptimes: 1426
tot_uptimes_duration: 85500.0
