comms_cons: 557.760198479069
finished_reconf: true
global_termination_time: 5561773.425
local_termination_time: 137645.06948000006
node_cons: 114434.98382893701
tot_aggregated_send: 77720
tot_msg_rcv: 2384
tot_msg_sent: 4671
tot_reconf_duration: 22.65
tot_sleeping_duration: 5476333.376360014
tot_uptimes: 1425
tot_uptimes_duration: 85440.04863998544
