comms_cons: 550.2998016980083
finished_reconf: true
global_termination_time: 5564256.803
local_termination_time: 1529445.1593599997
node_cons: 114411.566504465
tot_aggregated_send: 77024
tot_msg_rcv: 2056
tot_msg_sent: 4563
tot_reconf_duration: 5.43
tot_sleeping_duration: 5478816.778680009
tot_uptimes: 1425
tot_uptimes_duration: 85440.02431999147
