comms_cons: 431.0501886261693
finished_reconf: true
global_termination_time: 889994.5535999988
local_termination_time: 889994.5124799989
node_cons: 54260.04248899881
tot_aggregated_send: 0
tot_msg_rcv: 26392
tot_msg_sent: 39123
tot_reconf_duration: 24.59
tot_sleeping_duration: 849496.6825999991
tot_uptimes: 666
tot_uptimes_duration: 40497.87099999974
