comms_cons: 173.87217913004494
finished_reconf: true
global_termination_time: 889995.1535999989
local_termination_time: 1131.8410400000016
node_cons: 18323.694231519978
tot_aggregated_send: 0
tot_msg_rcv: 13245
tot_msg_sent: 13180
tot_reconf_duration: 22.65
tot_sleeping_duration: 876333.5139199989
tot_uptimes: 228
tot_uptimes_duration: 13661.639679999964
