comms_cons: 87.37177600003935
finished_reconf: true
global_termination_time: 892356.878
local_termination_time: 116476.55795999963
node_cons: 18321.66190000001
tot_aggregated_send: 13108
tot_msg_rcv: 58
tot_msg_sent: 114
tot_reconf_duration: 3.05
tot_sleeping_duration: 878676.878
tot_uptimes: 229
tot_uptimes_duration: 13680.0
