comms_cons: 128.27457919139368
finished_reconf: true
global_termination_time: 1271912.764
local_termination_time: 258095.686
node_cons: 26118.979324476568
tot_aggregated_send: 17513
tot_msg_rcv: 647
tot_msg_sent: 1338
tot_reconf_duration: 6.22
tot_sleeping_duration: 1252412.7396800027
tot_uptimes: 326
tot_uptimes_duration: 19500.024319997407
