comms_cons: 16.64663040011752
finished_reconf: true
global_termination_time: 163425.5360400003
local_termination_time: 163425.4949200003
node_cons: 3363.9885056795815
tot_aggregated_send: 2016
tot_msg_rcv: 141
tot_msg_sent: 374
tot_reconf_duration: 24.59
tot_sleeping_duration: 160938.1609200006
tot_uptimes: 42
tot_uptimes_duration: 2487.375119999677
