comms_cons: 17.250662399885382
finished_reconf: true
global_termination_time: 165565.279
local_termination_time: 53056.48184000012
node_cons: 3382.7511833597355
tot_aggregated_send: 2088
tot_msg_rcv: 188
tot_msg_sent: 346
tot_reconf_duration: 6.22
tot_sleeping_duration: 163045.2607600002
tot_uptimes: 43
tot_uptimes_duration: 2520.0182399998002
