comms_cons: 22.77061120002827
finished_reconf: true
global_termination_time: 232285.221
local_termination_time: 13137.7126
node_cons: 4755.427121119154
tot_aggregated_send: 3248
tot_msg_rcv: 48
tot_msg_sent: 165
tot_reconf_duration: 11.31
tot_sleeping_duration: 228745.21492000064
tot_uptimes: 60
tot_uptimes_duration: 3540.006079999366
