comms_cons: 33.029075200951304
finished_reconf: true
global_termination_time: 286565.0366000001
local_termination_time: 286564.9954800001
node_cons: 5916.683707367016
tot_aggregated_send: 2828
tot_msg_rcv: 771
tot_msg_sent: 1423
tot_reconf_duration: 24.59
tot_sleeping_duration: 282171.24235999485
tot_uptimes: 74
tot_uptimes_duration: 4393.794240005227
