comms_cons: 30.13336320084012
finished_reconf: true
global_termination_time: 288031.152
local_termination_time: 7118.417720000002
node_cons: 5870.806043362018
tot_aggregated_send: 3480
tot_msg_rcv: 346
tot_msg_sent: 754
tot_reconf_duration: 4.390000000000001
tot_sleeping_duration: 283651.1337599985
tot_uptimes: 74
tot_uptimes_duration: 4380.018240001504
