comms_cons: 17.98718720003675
finished_reconf: true
global_termination_time: 181217.65
local_termination_time: 48704.918000000005
node_cons: 3720.8816420802755
tot_aggregated_send: 2362
tot_msg_rcv: 82
tot_msg_sent: 290
tot_reconf_duration: 18.21
tot_sleeping_duration: 178457.2672799998
tot_uptimes: 47
tot_uptimes_duration: 2760.382720000205
