comms_cons: 35.25696000051791
finished_reconf: true
global_termination_time: 179682.085
local_termination_time: 1607.7443600000004
node_cons: 3726.4068411214334
tot_aggregated_send: 0
tot_msg_rcv: 2710
tot_msg_sent: 2649
tot_reconf_duration: 22.65
tot_sleeping_duration: 176922.07891999892
tot_uptimes: 47
tot_uptimes_duration: 2760.0060800010688
