comms_cons: 17.441459200058773
finished_reconf: true
global_termination_time: 176574.66600000055
local_termination_time: 176559.35152000037
node_cons: 3678.3351020007444
tot_aggregated_send: 2610
tot_msg_rcv: 16
tot_msg_sent: 25
tot_reconf_duration: 4.8100000000000005
tot_sleeping_duration: 173832.468
tot_uptimes: 46
tot_uptimes_duration: 2742.198000000557
