comms_cons: 154.8840703862569
finished_reconf: true
global_termination_time: 1527526.049
local_termination_time: 450791.2501200009
node_cons: 31421.52710242268
tot_aggregated_send: 20996
tot_msg_rcv: 858
tot_msg_sent: 1688
tot_reconf_duration: 6.279999999999999
tot_sleeping_duration: 1504066.005040013
tot_uptimes: 392
tot_uptimes_duration: 23460.04395998706
