comms_cons: 150.07155199692343
finished_reconf: true
global_termination_time: 1525645.6
local_termination_time: 1159277.958999999
node_cons: 31348.768341121675
tot_aggregated_send: 22156
tot_msg_rcv: 200
tot_msg_sent: 454
tot_reconf_duration: 11.899999999999999
tot_sleeping_duration: 1502245.593919999
tot_uptimes: 391
tot_uptimes_duration: 23400.00608000107
