comms_cons: 198.00823039372537
finished_reconf: true
global_termination_time: 1997809.378
local_termination_time: 639267.5333999982
node_cons: 41185.309335597405
tot_aggregated_send: 28826
tot_msg_rcv: 412
tot_msg_sent: 859
tot_reconf_duration: 25.299999999999997
tot_sleeping_duration: 1967076.7776000018
tot_uptimes: 512
tot_uptimes_duration: 30732.60039999825
