comms_cons: 198.15234559109626
finished_reconf: true
global_termination_time: 2000708.18
local_termination_time: 811714.9743599999
node_cons: 41146.87235999975
tot_aggregated_send: 28710
tot_msg_rcv: 554
tot_msg_sent: 854
tot_reconf_duration: 9.42
tot_sleeping_duration: 1969988.18
tot_uptimes: 513
tot_uptimes_duration: 30720.0
