comms_cons: 198.45938559488843
finished_reconf: true
global_termination_time: 1999537.946
local_termination_time: 586063.1535999997
node_cons: 41148.95009999962
tot_aggregated_send: 28942
tot_msg_rcv: 478
tot_msg_sent: 744
tot_reconf_duration: 10.95
tot_sleeping_duration: 1968817.946
tot_uptimes: 513
tot_uptimes_duration: 30720.0
