comms_cons: 48.929510400351205
finished_reconf: true
global_termination_time: 493246.6813600006
local_termination_time: 237733.67548000006
node_cons: 10199.039293040849
tot_aggregated_send: 7192
tot_msg_rcv: 96
tot_msg_sent: 149
tot_reconf_duration: 4.8100000000000005
tot_sleeping_duration: 485634.652
tot_uptimes: 127
tot_uptimes_duration: 7612.029360000626
