comms_cons: 48.92951040012536
finished_reconf: true
global_termination_time: 498757.398
local_termination_time: 113375.42159999996
node_cons: 10218.53898000003
tot_aggregated_send: 7192
tot_msg_rcv: 81
tot_msg_sent: 164
tot_reconf_duration: 11.31
tot_sleeping_duration: 491137.398
tot_uptimes: 128
tot_uptimes_duration: 7620.0
