comms_cons: 1.3618943999992694
finished_reconf: true
global_termination_time: 4077.065
local_termination_time: 489.4733599999999
node_cons: 87.90405999999999
tot_aggregated_send: 0
tot_msg_rcv: 149
tot_msg_sent: 56
tot_reconf_duration: 5.57
tot_sleeping_duration: 4017.065
tot_uptimes: 2
tot_uptimes_duration: 60.0
