comms_cons: 0.8881919999970674
finished_reconf: true
global_termination_time: 4848.615
local_termination_time: 2762.14336
node_cons: 86.87197999999992
tot_aggregated_send: 0
tot_msg_rcv: 81
tot_msg_sent: 54
tot_reconf_duration: 4.8100000000000005
tot_sleeping_duration: 4788.615
tot_uptimes: 2
tot_uptimes_duration: 60.0
