comms_cons: 118.4637440148539
finished_reconf: true
global_termination_time: 404059.7487600004
local_termination_time: 404059.7076400004
node_cons: 16629.114104640634
tot_aggregated_send: 0
tot_msg_rcv: 6054
tot_msg_sent: 11952
tot_reconf_duration: 37.410000000000004
tot_sleeping_duration: 391678.63499999995
tot_uptimes: 206
tot_uptimes_duration: 12381.113760000444
