comms_cons: 39.98837760027444
finished_reconf: true
global_termination_time: 404573.398
local_termination_time: 117613.20483999964
node_cons: 8279.161899999994
tot_aggregated_send: 5742
tot_msg_rcv: 106
tot_msg_sent: 230
tot_reconf_duration: 3.05
tot_sleeping_duration: 398393.398
tot_uptimes: 104
tot_uptimes_duration: 6180.0
