comms_cons: 79.38927999634305
finished_reconf: true
global_termination_time: 776623.345
local_termination_time: 165187.87936000002
node_cons: 15918.012830083671
tot_aggregated_send: 10440
tot_msg_rcv: 579
tot_msg_sent: 1047
tot_reconf_duration: 7.819999999999999
tot_sleeping_duration: 764743.2902799973
tot_uptimes: 199
tot_uptimes_duration: 11880.05472000275
