comms_cons: 319.90872962347294
finished_reconf: true
global_termination_time: 3118520.323
local_termination_time: 1065408.7313199986
node_cons: 64119.93779228513
tot_aggregated_send: 41876
tot_msg_rcv: 2330
tot_msg_sent: 4418
tot_reconf_duration: 6.279999999999999
tot_sleeping_duration: 3070640.256120025
tot_uptimes: 799
tot_uptimes_duration: 47880.06687997488
