comms_cons: 308.7099136000062
finished_reconf: true
global_termination_time: 3119078.396
local_termination_time: 2351706.3623599983
node_cons: 64120.63782862115
tot_aggregated_send: 41354
tot_msg_rcv: 1903
tot_msg_sent: 3666
tot_reconf_duration: 5.57
tot_sleeping_duration: 3071197.0862400136
tot_uptimes: 799
tot_uptimes_duration: 47881.30975998659
