comms_cons: 310.51392642406825
finished_reconf: true
global_termination_time: 3115874.488
local_termination_time: 1359271.6263199996
node_cons: 64037.60967340695
tot_aggregated_send: 42108
tot_msg_rcv: 1708
tot_msg_sent: 3380
tot_reconf_duration: 4.8100000000000005
tot_sleeping_duration: 3068054.4150400236
tot_uptimes: 798
tot_uptimes_duration: 47820.07295997621
