comms_cons: 314.9065088369326
finished_reconf: true
global_termination_time: 3119482.871
local_termination_time: 397713.08136
node_cons: 64117.44444234545
tot_aggregated_send: 42166
tot_msg_rcv: 1804
tot_msg_sent: 3893
tot_reconf_duration: 4.390000000000001
tot_sleeping_duration: 3071602.7494000397
tot_uptimes: 799
tot_uptimes_duration: 47880.12159996026
