comms_cons: 320.4147648144845
finished_reconf: true
global_termination_time: 3117468.016
local_termination_time: 1055508.426919999
node_cons: 64115.567734522505
tot_aggregated_send: 40890
tot_msg_rcv: 2687
tot_msg_sent: 5126
tot_reconf_duration: 3.05
tot_sleeping_duration: 3069587.9369600266
tot_uptimes: 799
tot_uptimes_duration: 47880.07903997315
