comms_cons: 319.3549952464619
finished_reconf: true
global_termination_time: 3114999.4162399895
local_termination_time: 5617.01248
node_cons: 64112.90345505943
tot_aggregated_send: 41238
tot_msg_rcv: 2465
tot_msg_sent: 4836
tot_reconf_duration: 11.31
tot_sleeping_duration: 3067129.7041600337
tot_uptimes: 798
tot_uptimes_duration: 47869.712079955716
