comms_cons: 300.9075456307473
finished_reconf: true
global_termination_time: 3004609.024
local_termination_time: 1176718.226
node_cons: 61821.953806707206
tot_aggregated_send: 42222
tot_msg_rcv: 1136
tot_msg_sent: 2379
tot_reconf_duration: 18.700000000000003
tot_sleeping_duration: 2958457.747520009
tot_uptimes: 770
tot_uptimes_duration: 46151.27647999115
