comms_cons: 302.3489984231549
finished_reconf: true
global_termination_time: 3006182.771
local_termination_time: 633458.0053599979
node_cons: 61806.26674973742
tot_aggregated_send: 41876
tot_msg_rcv: 1418
tot_msg_sent: 2660
tot_reconf_duration: 11.31
tot_sleeping_duration: 2960035.715160016
tot_uptimes: 770
tot_uptimes_duration: 46147.055839984096
