comms_cons: 0.999244799996082
finished_reconf: true
global_termination_time: 3951.969
local_termination_time: 3347.6893600000003
node_cons: 84.5226399999999
tot_aggregated_send: 0
tot_msg_rcv: 92
tot_msg_sent: 58
tot_reconf_duration: 3.08
tot_sleeping_duration: 3891.969
tot_uptimes: 2
tot_uptimes_duration: 60.0
