comms_cons: 1.2677631999952732
finished_reconf: true
global_termination_time: 7473.585999999999
local_termination_time: 2063.4773600000003
node_cons: 97.49154000000014
tot_aggregated_send: 0
tot_msg_rcv: 144
tot_msg_sent: 47
tot_reconf_duration: 12.629999999999999
tot_sleeping_duration: 7413.585999999999
tot_uptimes: 2
tot_uptimes_duration: 59.99999999999909
