comms_cons: 49.35120640027344
finished_reconf: true
global_termination_time: 498615.617
local_termination_time: 233751.9807200001
node_cons: 10211.626760000016
tot_aggregated_send: 7192
tot_msg_rcv: 140
tot_msg_sent: 169
tot_reconf_duration: 6.22
tot_sleeping_duration: 490995.617
tot_uptimes: 128
tot_uptimes_duration: 7620.0
