comms_cons: 367.54042881988516
finished_reconf: true
global_termination_time: 3697018.354
local_termination_time: 2212103.16636
node_cons: 76010.2008044665
tot_aggregated_send: 51794
tot_msg_rcv: 1404
tot_msg_sent: 2666
tot_reconf_duration: 6.279999999999999
tot_sleeping_duration: 3640258.329680009
tot_uptimes: 947
tot_uptimes_duration: 56760.024319991004
