comms_cons: 363.6763071963788
finished_reconf: true
global_termination_time: 3693364.004
local_termination_time: 1679755.0114799999
node_cons: 75925.51520446592
tot_aggregated_send: 50576
tot_msg_rcv: 1381
tot_msg_sent: 3317
tot_reconf_duration: 3.08
tot_sleeping_duration: 3636663.9796800097
tot_uptimes: 946
tot_uptimes_duration: 56700.02431999077
