comms_cons: 367.6345344171732
finished_reconf: true
global_termination_time: 3696785.231
local_termination_time: 533873.6521599983
node_cons: 76007.65860781696
tot_aggregated_send: 51214
tot_msg_rcv: 1640
tot_msg_sent: 3024
tot_reconf_duration: 4.390000000000001
tot_sleeping_duration: 3640025.188440016
tot_uptimes: 947
tot_uptimes_duration: 56760.04255998414
