comms_cons: 29.120166400135314
finished_reconf: true
global_termination_time: 296326.371
local_termination_time: 55985.38036000001
node_cons: 6046.339861121433
tot_aggregated_send: 4176
tot_msg_rcv: 90
tot_msg_sent: 160
tot_reconf_duration: 15.34
tot_sleeping_duration: 291826.3649199989
tot_uptimes: 76
tot_uptimes_duration: 4500.006080001069
