comms_cons: 30.54127360081781
finished_reconf: true
global_termination_time: 295114.777
local_termination_time: 6050.681280000003
node_cons: 6073.985778162873
tot_aggregated_send: 3654
tot_msg_rcv: 301
tot_msg_sent: 688
tot_reconf_duration: 25.299999999999997
tot_sleeping_duration: 290604.22555999784
tot_uptimes: 76
tot_uptimes_duration: 4510.551440002141
