comms_cons: 30.423475200384303
finished_reconf: true
global_termination_time: 294859.766
local_termination_time: 34388.721200000036
node_cons: 6043.393001120295
tot_aggregated_send: 3944
tot_msg_rcv: 284
tot_msg_sent: 397
tot_reconf_duration: 13.17
tot_sleeping_duration: 290359.7599199998
tot_uptimes: 76
tot_uptimes_duration: 4500.0060800002175
