comms_cons: 29.317542400043404
finished_reconf: true
global_termination_time: 295410.41
local_termination_time: 25450.165
node_cons: 6056.537814159164
tot_aggregated_send: 4115
tot_msg_rcv: 110
tot_msg_sent: 232
tot_reconf_duration: 15.110000000000001
tot_sleeping_duration: 290902.5545600006
tot_uptimes: 76
tot_uptimes_duration: 4507.85543999937
