comms_cons: 29.968582400474155
finished_reconf: true
global_termination_time: 295812.075
local_termination_time: 133462.0798800009
node_cons: 6048.196285442648
tot_aggregated_send: 3944
tot_msg_rcv: 212
tot_msg_sent: 398
tot_reconf_duration: 12.629999999999999
tot_sleeping_duration: 291307.93403999804
tot_uptimes: 76
tot_uptimes_duration: 4504.140960001969
