comms_cons: 301.0864959833038
finished_reconf: true
global_termination_time: 3068282.18
local_termination_time: 1274416.5494799998
node_cons: 63087.73986111568
tot_aggregated_send: 42282
tot_msg_rcv: 996
tot_msg_sent: 2485
tot_reconf_duration: 15.34
tot_sleeping_duration: 3021182.1739200028
tot_uptimes: 786
tot_uptimes_duration: 47100.006079997635
