comms_cons: 308.1963776214242
finished_reconf: true
global_termination_time: 3067545.445
local_termination_time: 1524867.9699599994
node_cons: 63087.4682267002
tot_aggregated_send: 42282
tot_msg_rcv: 1546
tot_msg_sent: 3015
tot_reconf_duration: 15.110000000000001
tot_sleeping_duration: 3020445.4085200136
tot_uptimes: 786
tot_uptimes_duration: 47100.03647998627
