comms_cons: 310.3605312324222
finished_reconf: true
global_termination_time: 3063873.88
local_termination_time: 474723.6552800003
node_cons: 62999.41074038155
tot_aggregated_send: 42282
tot_msg_rcv: 1798
tot_msg_sent: 3092
tot_reconf_duration: 9.42
tot_sleeping_duration: 3016833.8364000125
tot_uptimes: 785
tot_uptimes_duration: 47040.04359998717
