comms_cons: 1.4283135999945733
finished_reconf: true
global_termination_time: 10008.57648
local_termination_time: 10008.53536
node_cons: 212.4316598400069
tot_aggregated_send: 0
tot_msg_rcv: 105
tot_msg_sent: 111
tot_reconf_duration: 24.59
tot_sleeping_duration: 9874.865919999995
tot_uptimes: 3
tot_uptimes_duration: 133.710560000005
