comms_cons: 178.33670398427876
finished_reconf: true
global_termination_time: 1750432.1501200004
local_termination_time: 354443.19448
node_cons: 36060.61303406784
tot_aggregated_send: 23432
tot_msg_rcv: 1168
tot_msg_sent: 2506
tot_reconf_duration: 4.390000000000001
tot_sleeping_duration: 1723505.5994000093
tot_uptimes: 449
tot_uptimes_duration: 26926.550719991035
