comms_cons: 178.38717438281824
finished_reconf: true
global_termination_time: 1750558.548
local_termination_time: 429972.10976000095
node_cons: 35996.502605584144
tot_aggregated_send: 23606
tot_msg_rcv: 1222
tot_msg_sent: 2285
tot_reconf_duration: 3.05
tot_sleeping_duration: 1723678.5176000118
tot_uptimes: 449
tot_uptimes_duration: 26880.030399988173
