comms_cons: 183.52485757197496
finished_reconf: true
global_termination_time: 1756228.735
local_termination_time: 1032088.7466799995
node_cons: 36083.32026558416
tot_aggregated_send: 22446
tot_msg_rcv: 1848
tot_msg_sent: 3599
tot_reconf_duration: 7.819999999999999
tot_sleeping_duration: 1729288.704600012
tot_uptimes: 450
tot_uptimes_duration: 26940.030399988173
