comms_cons: 175.6415999869576
finished_reconf: true
global_termination_time: 1750575.404
local_termination_time: 852775.6616399982
node_cons: 36000.79118335053
tot_aggregated_send: 23374
tot_msg_rcv: 1169
tot_msg_sent: 2153
tot_reconf_duration: 6.22
tot_sleeping_duration: 1723695.3857600072
tot_uptimes: 449
tot_uptimes_duration: 26880.018239992904
