comms_cons: 174.82908159574976
finished_reconf: true
global_termination_time: 1753909.186
local_termination_time: 389266.85436000006
node_cons: 36080.0339399999
tot_aggregated_send: 24940
tot_msg_rcv: 536
tot_msg_sent: 1097
tot_reconf_duration: 5.43
tot_sleeping_duration: 1726969.186
tot_uptimes: 450
tot_uptimes_duration: 26940.0
