comms_cons: 85.25985279548472
finished_reconf: true
global_termination_time: 852314.142
local_termination_time: 656097.1472399989
node_cons: 17521.692201116788
tot_aggregated_send: 12006
tot_msg_rcv: 318
tot_msg_sent: 635
tot_reconf_duration: 5.57
tot_sleeping_duration: 839234.1359200024
tot_uptimes: 219
tot_uptimes_duration: 13080.006079997635
