comms_cons: 85.02958079826183
finished_reconf: true
global_termination_time: 850653.165
local_termination_time: 18482.58548
node_cons: 17439.76604335284
tot_aggregated_send: 12064
tot_msg_rcv: 335
tot_msg_sent: 525
tot_reconf_duration: 4.390000000000001
tot_sleeping_duration: 837633.1467600054
tot_uptimes: 218
tot_uptimes_duration: 13020.018239994635
