comms_cons: 120.71535999618541
finished_reconf: true
global_termination_time: 1203359.009
local_termination_time: 63365.986000000004
node_cons: 24769.481744482342
tot_aggregated_send: 16454
tot_msg_rcv: 664
tot_msg_sent: 1231
tot_reconf_duration: 18.21
tot_sleeping_duration: 1184878.9846799984
tot_uptimes: 309
tot_uptimes_duration: 18480.02432000172
