comms_cons: 115.55394559760136
finished_reconf: true
global_termination_time: 1205387.752
local_termination_time: 311803.5024800001
node_cons: 24748.878182242963
tot_aggregated_send: 16182
tot_msg_rcv: 431
tot_msg_sent: 950
tot_reconf_duration: 3.05
tot_sleeping_duration: 1186907.739839998
tot_uptimes: 309
tot_uptimes_duration: 18480.012160002138
