comms_cons: 43.29771520061452
finished_reconf: true
global_termination_time: 440397.86
local_termination_time: 111782.95615999981
node_cons: 9006.526760000013
tot_aggregated_send: 5916
tot_msg_rcv: 237
tot_msg_sent: 428
tot_reconf_duration: 6.22
tot_sleeping_duration: 433677.86
tot_uptimes: 113
tot_uptimes_duration: 6720.0
