comms_cons: 644.1230075734187
finished_reconf: true
global_termination_time: 1334544.5647999994
local_termination_time: 1334544.5236799994
node_cons: 80834.66676523356
tot_aggregated_send: 0
tot_msg_rcv: 39616
tot_msg_sent: 58285
tot_reconf_duration: 37.410000000000004
tot_sleeping_duration: 1274213.0756400027
tot_uptimes: 995
tot_uptimes_duration: 60331.48915999662
