comms_cons: 133.42805759072982
finished_reconf: true
global_termination_time: 1336807.776
local_termination_time: 423296.6034800001
node_cons: 27497.144284467482
tot_aggregated_send: 18096
tot_msg_rcv: 650
tot_msg_sent: 1537
tot_reconf_duration: 15.34
tot_sleeping_duration: 1316287.7516800095
tot_uptimes: 343
tot_uptimes_duration: 20520.024319990596
