comms_cons: 130.4924799991915
finished_reconf: true
global_termination_time: 1337941.289
local_termination_time: 1067477.3800000001
node_cons: 27505.4979270349
tot_aggregated_send: 19544
tot_msg_rcv: 69
tot_msg_sent: 221
tot_reconf_duration: 18.700000000000003
tot_sleeping_duration: 1317418.4336400041
tot_uptimes: 343
tot_uptimes_duration: 20522.85535999597
