comms_cons: 138.17157758342066
finished_reconf: true
global_termination_time: 1335014.427
local_termination_time: 70623.83487999947
node_cons: 27406.64097118219
tot_aggregated_send: 17168
tot_msg_rcv: 1214
tot_msg_sent: 2620
tot_reconf_duration: 7.819999999999999
tot_sleeping_duration: 1314554.366200013
tot_uptimes: 342
tot_uptimes_duration: 20460.060799986662
