comms_cons: 135.6110975895556
finished_reconf: true
global_termination_time: 1337038.215
local_termination_time: 244708.45260000054
node_cons: 27484.767465588804
tot_aggregated_send: 18212
tot_msg_rcv: 773
tot_msg_sent: 1628
tot_reconf_duration: 6.22
tot_sleeping_duration: 1316518.1846000084
tot_uptimes: 343
tot_uptimes_duration: 20520.030399991607
