comms_cons: 136.8583807868023
finished_reconf: true
global_termination_time: 1337342.799
local_termination_time: 463499.6536800007
node_cons: 27491.695967822463
tot_aggregated_send: 17980
tot_msg_rcv: 964
tot_msg_sent: 1857
tot_reconf_duration: 11.31
tot_sleeping_duration: 1316822.7564400134
tot_uptimes: 343
tot_uptimes_duration: 20520.042559986876
