comms_cons: 256.11372158300065
finished_reconf: true
global_termination_time: 2607289.326
local_termination_time: 847678.7130399983
node_cons: 53595.34080446652
tot_aggregated_send: 36192
tot_msg_rcv: 896
tot_msg_sent: 1838
tot_reconf_duration: 6.279999999999999
tot_sleeping_duration: 2567269.3016800093
tot_uptimes: 668
tot_uptimes_duration: 40020.02431999054
