comms_cons: 263.5560383955903
finished_reconf: true
global_termination_time: 2607081.922
local_termination_time: 396447.7011200009
node_cons: 53593.754646704714
tot_aggregated_send: 35496
tot_msg_rcv: 1653
tot_msg_sent: 2909
tot_reconf_duration: 5.1
tot_sleeping_duration: 2567061.8855200103
tot_uptimes: 668
tot_uptimes_duration: 40020.03647998924
