comms_cons: 256.5296063839171
finished_reconf: true
global_termination_time: 2608754.463
local_termination_time: 1504431.2030399982
node_cons: 53674.518363349554
tot_aggregated_send: 35960
tot_msg_rcv: 1035
tot_msg_sent: 1995
tot_reconf_duration: 5.43
tot_sleeping_duration: 2568674.444760007
tot_uptimes: 669
tot_uptimes_duration: 40080.0182399929
