comms_cons: 58.53457920022084
finished_reconf: true
global_termination_time: 562457.5455599994
local_termination_time: 562457.5044399995
node_cons: 11632.075163689336
tot_aggregated_send: 7294
tot_msg_rcv: 527
tot_msg_sent: 1076
tot_reconf_duration: 24.59
tot_sleeping_duration: 553795.3484399925
tot_uptimes: 145
tot_uptimes_duration: 8662.197120006953
