comms_cons: 57.259404800508115
finished_reconf: true
global_termination_time: 562646.473
local_termination_time: 228795.12948000006
node_cons: 11577.455017566592
tot_aggregated_send: 7540
tot_msg_rcv: 347
tot_msg_sent: 816
tot_reconf_duration: 6.22
tot_sleeping_duration: 554006.4369599951
tot_uptimes: 145
tot_uptimes_duration: 8640.03604000491
