comms_cons: 113.4707711939838
finished_reconf: true
global_termination_time: 1136447.0065999997
local_termination_time: 1136446.9654799998
node_cons: 23430.754860633435
tot_aggregated_send: 16226
tot_msg_rcv: 369
tot_msg_sent: 652
tot_reconf_duration: 24.59
tot_sleeping_duration: 1118973.2488400047
tot_uptimes: 292
tot_uptimes_duration: 17473.75775999506
