comms_cons: 116.41894399031598
finished_reconf: true
global_termination_time: 1136785.801
local_termination_time: 350426.7243600001
node_cons: 23383.138887822523
tot_aggregated_send: 15254
tot_msg_rcv: 808
tot_msg_sent: 1633
tot_reconf_duration: 3.05
tot_sleeping_duration: 1119325.758440013
tot_uptimes: 292
tot_uptimes_duration: 17460.042559986876
