comms_cons: 613.8393600784945
finished_reconf: true
global_termination_time: 6182019.497479999
local_termination_time: 6182019.456359999
node_cons: 127247.39750206596
tot_aggregated_send: 89004
tot_msg_rcv: 1502
tot_msg_sent: 2793
tot_reconf_duration: 37.410000000000004
tot_sleeping_duration: 6087025.774760007
tot_uptimes: 1584
tot_uptimes_duration: 94993.72271999274
