comms_cons: 609.438521686852
finished_reconf: true
global_termination_time: 6186291.297
local_termination_time: 2816033.3560799984
node_cons: 127269.5950666986
tot_aggregated_send: 86478
tot_msg_rcv: 1856
tot_msg_sent: 4296
tot_reconf_duration: 8.09
tot_sleeping_duration: 6091251.260520013
tot_uptimes: 1585
tot_uptimes_duration: 95040.0364799872
