comms_cons: 602.6050560565577
finished_reconf: true
global_termination_time: 6183996.525
local_termination_time: 3635612.576679999
node_cons: 127191.03678334792
tot_aggregated_send: 86536
tot_msg_rcv: 1671
tot_msg_sent: 3384
tot_reconf_duration: 9.42
tot_sleeping_duration: 6089016.506760007
tot_uptimes: 1584
tot_uptimes_duration: 94980.0182399936
