comms_cons: 601.8658176407688
finished_reconf: true
global_termination_time: 6182163.201
local_termination_time: 3874359.82736
node_cons: 127203.63088223049
tot_aggregated_send: 86826
tot_msg_rcv: 1475
tot_msg_sent: 3180
tot_reconf_duration: 18.700000000000003
tot_sleeping_duration: 6087183.188840005
tot_uptimes: 1584
tot_uptimes_duration: 94980.01215999573
