comms_cons: 614.2845441031558
finished_reconf: true
global_termination_time: 6184432.747
local_termination_time: 1704278.9373599999
node_cons: 127193.63596781573
tot_aggregated_send: 86652
tot_msg_rcv: 2361
tot_msg_sent: 4354
tot_reconf_duration: 11.31
tot_sleeping_duration: 6089452.704440016
tot_uptimes: 1584
tot_uptimes_duration: 94980.04255998484
