comms_cons: 237.71307518614324
finished_reconf: true
global_termination_time: 2318000.608
local_termination_time: 611796.8943599999
node_cons: 47650.188945583606
tot_aggregated_send: 31494
tot_msg_rcv: 1734
tot_msg_sent: 2902
tot_reconf_duration: 6.279999999999999
tot_sleeping_duration: 2282420.577600012
tot_uptimes: 594
tot_uptimes_duration: 35580.03039998817
