comms_cons: 234.26142078123425
finished_reconf: true
global_termination_time: 2318584.806
local_termination_time: 786701.1473599998
node_cons: 47648.570223349874
tot_aggregated_send: 32016
tot_msg_rcv: 1212
tot_msg_sent: 2379
tot_reconf_duration: 5.1
tot_sleeping_duration: 2283004.787760007
tot_uptimes: 594
tot_uptimes_duration: 35580.0182399929
