comms_cons: 234.8786943972562
finished_reconf: true
global_termination_time: 2321394.798
local_termination_time: 901399.8969199983
node_cons: 47727.95418446676
tot_aggregated_send: 31900
tot_msg_rcv: 1247
tot_msg_sent: 2554
tot_reconf_duration: 4.390000000000001
tot_sleeping_duration: 2285754.7736800094
tot_uptimes: 595
tot_uptimes_duration: 35640.02431999054
