comms_cons: 232.47603198797532
finished_reconf: true
global_termination_time: 2317873.867399998
local_termination_time: 2317873.826279998
node_cons: 47751.13408453599
tot_aggregated_send: 32582
tot_msg_rcv: 899
tot_msg_sent: 1854
tot_reconf_duration: 24.59
tot_sleeping_duration: 2282237.0183600155
tot_uptimes: 594
tot_uptimes_duration: 35636.84903998274
