comms_cons: 231.71284478503645
finished_reconf: true
global_termination_time: 2318540.978
local_termination_time: 494149.12836000003
node_cons: 47649.026504466725
tot_aggregated_send: 32248
tot_msg_rcv: 939
tot_msg_sent: 2032
tot_reconf_duration: 5.43
tot_sleeping_duration: 2282960.9536800096
tot_uptimes: 594
tot_uptimes_duration: 35580.02431999054
