comms_cons: 76.61478399879499
finished_reconf: true
global_termination_time: 765995.621
local_termination_time: 111001.9531599998
node_cons: 15755.16824000002
tot_aggregated_send: 10904
tot_msg_rcv: 282
tot_msg_sent: 459
tot_reconf_duration: 6.279999999999999
tot_sleeping_duration: 754235.621
tot_uptimes: 197
tot_uptimes_duration: 11760.0
