comms_cons: 75.1805183994313
finished_reconf: true
global_termination_time: 767497.428
local_termination_time: 701443.1807599991
node_cons: 15764.52486000008
tot_aggregated_send: 11252
tot_msg_rcv: 71
tot_msg_sent: 104
tot_reconf_duration: 13.17
tot_sleeping_duration: 755737.428
tot_uptimes: 197
tot_uptimes_duration: 11760.0
