comms_cons: 76.58188800015787
finished_reconf: true
global_termination_time: 767505.586
local_termination_time: 100668.20111999972
node_cons: 15757.259560000033
tot_aggregated_send: 10962
tot_msg_rcv: 279
tot_msg_sent: 399
tot_reconf_duration: 7.819999999999999
tot_sleeping_duration: 755745.586
tot_uptimes: 197
tot_uptimes_duration: 11760.0
