comms_cons: 76.78647039953444
finished_reconf: true
global_termination_time: 767201.511
local_termination_time: 95178.00383999995
node_cons: 15754.013940000033
tot_aggregated_send: 10730
tot_msg_rcv: 306
tot_msg_sent: 635
tot_reconf_duration: 5.43
tot_sleeping_duration: 755441.511
tot_uptimes: 197
tot_uptimes_duration: 11760.0
