comms_cons: 951.1942776004341
finished_reconf: true
global_termination_time: 2478083.028
local_termination_time: 555299.623999999
node_cons: 150400.83910478404
tot_aggregated_send: 0
tot_msg_rcv: 58357
tot_msg_sent: 86219
tot_reconf_duration: 4.390000000000001
tot_sleeping_duration: 2365764.2248000083
tot_uptimes: 1833
tot_uptimes_duration: 112318.80319999161
