comms_cons: 207.74744322831654
finished_reconf: true
global_termination_time: 427234.3934000008
local_termination_time: 427234.3522800008
node_cons: 26182.07393716893
tot_aggregated_send: 0
tot_msg_rcv: 12721
tot_msg_sent: 18854
tot_reconf_duration: 37.410000000000004
tot_sleeping_duration: 407718.88095999416
tot_uptimes: 321
tot_uptimes_duration: 19515.51244000663
