comms_cons: 43.94567680058813
finished_reconf: true
global_termination_time: 428349.747
local_termination_time: 151164.94072000054
node_cons: 8765.533325765613
tot_aggregated_send: 5626
tot_msg_rcv: 355
tot_msg_sent: 699
tot_reconf_duration: 6.22
tot_sleeping_duration: 421809.7271599958
tot_uptimes: 110
tot_uptimes_duration: 6540.0198400041845
