comms_cons: 44.731008000962085
finished_reconf: true
global_termination_time: 429579.757
local_termination_time: 49322.757480000015
node_cons: 8852.758980000008
tot_aggregated_send: 5568
tot_msg_rcv: 428
tot_msg_sent: 802
tot_reconf_duration: 11.31
tot_sleeping_duration: 422979.757
tot_uptimes: 111
tot_uptimes_duration: 6600.0
