comms_cons: 74.20021759891108
finished_reconf: true
global_termination_time: 745460.695
local_termination_time: 167221.46068000072
node_cons: 15307.409060880718
tot_aggregated_send: 10092
tot_msg_rcv: 484
tot_msg_sent: 702
tot_reconf_duration: 25.299999999999997
tot_sleeping_duration: 734054.3830799995
tot_uptimes: 191
tot_uptimes_duration: 11406.311920000502
