comms_cons: 91.15544319565429
finished_reconf: true
global_termination_time: 903437.163
local_termination_time: 372794.9330400003
node_cons: 18565.071980000004
tot_aggregated_send: 12702
tot_msg_rcv: 461
tot_msg_sent: 692
tot_reconf_duration: 4.8100000000000005
tot_sleeping_duration: 889577.163
tot_uptimes: 232
tot_uptimes_duration: 13859.999999999985
