comms_cons: 89.59554559683653
finished_reconf: true
global_termination_time: 904300.433
local_termination_time: 525458.7549999991
node_cons: 18562.68190000009
tot_aggregated_send: 12876
tot_msg_rcv: 222
tot_msg_sent: 520
tot_reconf_duration: 3.05
tot_sleeping_duration: 890440.433
tot_uptimes: 232
tot_uptimes_duration: 13860.0
