comms_cons: 89.87845119952175
finished_reconf: true
global_termination_time: 903521.546
local_termination_time: 284681.7606800007
node_cons: 18566.98675999999
tot_aggregated_send: 12934
tot_msg_rcv: 267
tot_msg_sent: 460
tot_reconf_duration: 6.22
tot_sleeping_duration: 889661.546
tot_uptimes: 232
tot_uptimes_duration: 13860.0
