comms_cons: 88.81262079970539
finished_reconf: true
global_termination_time: 902175.1431199979
local_termination_time: 902175.1431199979
node_cons: 18677.794184798757
tot_aggregated_send: 13282
tot_msg_rcv: 59
tot_msg_sent: 157
tot_reconf_duration: 24.59
tot_sleeping_duration: 888251.019919999
tot_uptimes: 232
tot_uptimes_duration: 13924.123199999041
