comms_cons: 89.65475839906624
finished_reconf: true
global_termination_time: 905622.626
local_termination_time: 322164.62036000006
node_cons: 18565.913940000017
tot_aggregated_send: 12992
tot_msg_rcv: 234
tot_msg_sent: 401
tot_reconf_duration: 5.43
tot_sleeping_duration: 891762.626
tot_uptimes: 232
tot_uptimes_duration: 13860.0
