comms_cons: 936.2859521652376
finished_reconf: true
global_termination_time: 9416583.71348
local_termination_time: 9416583.67236
node_cons: 193768.95006653824
tot_aggregated_send: 135056
tot_msg_rcv: 2484
tot_msg_sent: 4769
tot_reconf_duration: 37.410000000000004
tot_sleeping_duration: 9271909.96644001
tot_uptimes: 2412
tot_uptimes_duration: 144673.74703998916
