comms_cons: 924.0943490080564
finished_reconf: true
global_termination_time: 9416612.837
local_termination_time: 3430561.7803599997
node_cons: 193791.13134893
tot_aggregated_send: 131022
tot_msg_rcv: 2933
tot_msg_sent: 6503
tot_reconf_duration: 8.09
tot_sleeping_duration: 9271892.788360016
tot_uptimes: 2412
tot_uptimes_duration: 144720.04863998294
