comms_cons: 346.67120638511415
finished_reconf: true
global_termination_time: 3541461.939
local_termination_time: 2112278.269
node_cons: 72801.0478912724
tot_aggregated_send: 48602
tot_msg_rcv: 1377
tot_msg_sent: 2713
tot_reconf_duration: 6.279999999999999
tot_sleeping_duration: 3487098.5934800045
tot_uptimes: 907
tot_uptimes_duration: 54363.34551999532
