comms_cons: 344.2222527924131
finished_reconf: true
global_termination_time: 3541006.64
local_termination_time: 2152455.6013199985
node_cons: 72794.98208223212
tot_aggregated_send: 49126
tot_msg_rcv: 929
tot_msg_sent: 2264
tot_reconf_duration: 5.1
tot_sleeping_duration: 3486646.627840005
tot_uptimes: 907
tot_uptimes_duration: 54360.01215999527
