comms_cons: 347.84908801484556
finished_reconf: true
global_termination_time: 3540174.102
local_termination_time: 2085774.6264799999
node_cons: 72805.94928334904
tot_aggregated_send: 49242
tot_msg_rcv: 1232
tot_msg_sent: 2396
tot_reconf_duration: 13.17
tot_sleeping_duration: 3485814.083760007
tot_uptimes: 907
tot_uptimes_duration: 54360.01823999314
