comms_cons: 352.9553792154444
finished_reconf: true
global_termination_time: 3540688.334
local_termination_time: 1837086.3325199983
node_cons: 72799.06692558323
tot_aggregated_send: 48662
tot_msg_rcv: 1734
tot_msg_sent: 3251
tot_reconf_duration: 8.09
tot_sleeping_duration: 3486328.3036000114
tot_uptimes: 907
tot_uptimes_duration: 54360.03039998864
