comms_cons: 355.2965376343718
finished_reconf: true
global_termination_time: 3541015.713
local_termination_time: 1808402.3393599999
node_cons: 72800.46022670009
tot_aggregated_send: 48836
tot_msg_rcv: 1937
tot_msg_sent: 3230
tot_reconf_duration: 9.11
tot_sleeping_duration: 3486655.6765200137
tot_uptimes: 907
tot_uptimes_duration: 54360.03647998627
