comms_cons: 355.1937920469133
finished_reconf: true
global_termination_time: 3540608.499
local_termination_time: 505609.62636000005
node_cons: 72818.88011116826
tot_aggregated_send: 49300
tot_msg_rcv: 1559
tot_msg_sent: 3126
tot_reconf_duration: 22.65
tot_sleeping_duration: 3486248.438200022
tot_uptimes: 907
tot_uptimes_duration: 54360.06079997751
