comms_cons: 355.1703360328057
finished_reconf: true
global_termination_time: 3542625.695
local_termination_time: 1667848.2413599999
node_cons: 72879.04840670034
tot_aggregated_send: 48430
tot_msg_rcv: 1885
tot_msg_sent: 3668
tot_reconf_duration: 7.819999999999999
tot_sleeping_duration: 3488205.658520013
tot_uptimes: 908
tot_uptimes_duration: 54420.036479986506
