comms_cons: 183.10101762226884
finished_reconf: true
global_termination_time: 379293.151
local_termination_time: 20142.5942
node_cons: 23032.71385188529
tot_aggregated_send: 0
tot_msg_rcv: 11238
tot_msg_sent: 16592
tot_reconf_duration: 18.21
tot_sleeping_duration: 362110.1900799961
tot_uptimes: 281
tot_uptimes_duration: 17182.96092000393
