comms_cons: 128.28629119354284
finished_reconf: true
global_termination_time: 1314021.922
local_termination_time: 438083.71036
node_cons: 27001.198364467342
tot_aggregated_send: 17458
tot_msg_rcv: 683
tot_msg_sent: 1358
tot_reconf_duration: 5.1
tot_sleeping_duration: 1293861.8976800095
tot_uptimes: 337
tot_uptimes_duration: 20160.024319990538
