comms_cons: 131.17013759420718
finished_reconf: true
global_termination_time: 1316434.244
local_termination_time: 839763.5178799991
node_cons: 27108.969964467437
tot_aggregated_send: 17806
tot_msg_rcv: 695
tot_msg_sent: 1437
tot_reconf_duration: 25.299999999999997
tot_sleeping_duration: 1296214.2196800094
tot_uptimes: 338
tot_uptimes_duration: 20220.024319990538
