comms_cons: 129.69576959141526
finished_reconf: true
global_termination_time: 1314780.435
local_termination_time: 779788.3365999998
node_cons: 27007.056783355194
tot_aggregated_send: 18154
tot_msg_rcv: 518
tot_msg_sent: 1041
tot_reconf_duration: 9.42
tot_sleeping_duration: 1294620.4167600037
tot_uptimes: 337
tot_uptimes_duration: 20160.018239996338
