comms_cons: 130.66103679058884
finished_reconf: true
global_termination_time: 1314698.191
local_termination_time: 480876.133
node_cons: 27022.368876233384
tot_aggregated_send: 17627
tot_msg_rcv: 776
tot_msg_sent: 1456
tot_reconf_duration: 12.629999999999999
tot_sleeping_duration: 1294529.992840005
tot_uptimes: 337
tot_uptimes_duration: 20168.198159995023
