comms_cons: 103.43401599640922
finished_reconf: true
global_termination_time: 1029626.1922400001
local_termination_time: 2668.86648
node_cons: 21181.355946082713
tot_aggregated_send: 13630
tot_msg_rcv: 657
tot_msg_sent: 1434
tot_reconf_duration: 18.21
tot_sleeping_duration: 1013825.873519998
tot_uptimes: 264
tot_uptimes_duration: 15800.318720002004
