comms_cons: 104.61648639314325
finished_reconf: true
global_termination_time: 1030592.489
local_termination_time: 102549.37535999998
node_cons: 21160.21126447657
tot_aggregated_send: 13804
tot_msg_rcv: 659
tot_msg_sent: 1439
tot_reconf_duration: 22.65
tot_sleeping_duration: 1014812.4646800025
tot_uptimes: 264
tot_uptimes_duration: 15780.024319997407
