comms_cons: 103.62960639758114
finished_reconf: true
global_termination_time: 1032455.954
local_termination_time: 294774.7472400009
node_cons: 21215.72161999997
tot_aggregated_send: 14384
tot_msg_rcv: 446
tot_msg_sent: 922
tot_reconf_duration: 4.390000000000001
tot_sleeping_duration: 1016615.954
tot_uptimes: 265
tot_uptimes_duration: 15840.0
