comms_cons: 15.455167999970211
finished_reconf: true
global_termination_time: 9798.261840000005
local_termination_time: 1793.4020400000015
node_cons: 1788.0101831200234
tot_aggregated_send: 0
tot_msg_rcv: 1081
tot_msg_sent: 1268
tot_reconf_duration: 18.21
tot_sleeping_duration: 8481.397759999987
tot_uptimes: 22
tot_uptimes_duration: 1316.8640800000176
