comms_cons: 61.5013888003422
finished_reconf: true
global_termination_time: 623133.498
local_termination_time: 319113.5196400008
node_cons: 12780.02161999996
tot_aggregated_send: 8990
tot_msg_rcv: 129
tot_msg_sent: 228
tot_reconf_duration: 4.390000000000001
tot_sleeping_duration: 613593.498
tot_uptimes: 160
tot_uptimes_duration: 9540.0
