comms_cons: 36.56719360017253
finished_reconf: true
global_termination_time: 367274.72
local_termination_time: 129682.21959999968
node_cons: 7558.893941121446
tot_aggregated_send: 5220
tot_msg_rcv: 109
tot_msg_sent: 229
tot_reconf_duration: 5.1
tot_sleeping_duration: 361634.7139199989
tot_uptimes: 95
tot_uptimes_duration: 5640.006080001067
