comms_cons: 37.447833600483314
finished_reconf: true
global_termination_time: 367347.494
local_termination_time: 82500.08271999966
node_cons: 7569.8448600000065
tot_aggregated_send: 5104
tot_msg_rcv: 251
tot_msg_sent: 336
tot_reconf_duration: 13.17
tot_sleeping_duration: 361707.494
tot_uptimes: 95
tot_uptimes_duration: 5640.0
