comms_cons: 37.91229440121882
finished_reconf: true
global_termination_time: 370078.843
local_termination_time: 1018.8574799999999
node_cons: 7567.343403364301
tot_aggregated_send: 4698
tot_msg_rcv: 317
tot_msg_sent: 747
tot_reconf_duration: 11.31
tot_sleeping_duration: 364438.8247599968
tot_uptimes: 95
tot_uptimes_duration: 5640.018240003206
