comms_cons: 36.731673600163745
finished_reconf: true
global_termination_time: 365539.067
local_termination_time: 15818.255479999998
node_cons: 7479.002081121436
tot_aggregated_send: 5162
tot_msg_rcv: 190
tot_msg_sent: 231
tot_reconf_duration: 5.43
tot_sleeping_duration: 359959.0609199989
tot_uptimes: 94
tot_uptimes_duration: 5580.006080001069
