comms_cons: 141.61758077307684
finished_reconf: true
global_termination_time: 704007.616
local_termination_time: 3354.4663600000003
node_cons: 14468.207211198252
tot_aggregated_send: 0
tot_msg_rcv: 11066
tot_msg_sent: 10459
tot_reconf_duration: 5.1
tot_sleeping_duration: 693207.5552000013
tot_uptimes: 181
tot_uptimes_duration: 10800.060799998682
