comms_cons: 72.63624959781885
finished_reconf: true
global_termination_time: 704842.57
local_termination_time: 76002.91667999957
node_cons: 14504.03348424113
tot_aggregated_send: 9222
tot_msg_rcv: 607
tot_msg_sent: 1213
tot_reconf_duration: 25.299999999999997
tot_sleeping_duration: 694036.2398399991
tot_uptimes: 181
tot_uptimes_duration: 10806.330160000842
