comms_cons: 70.93697279946811
finished_reconf: true
global_termination_time: 702387.559
local_termination_time: 335375.453
node_cons: 14399.591964964162
tot_aggregated_send: 9447
tot_msg_rcv: 405
tot_msg_sent: 928
tot_reconf_duration: 13.17
tot_sleeping_duration: 691646.9263599969
tot_uptimes: 180
tot_uptimes_duration: 10740.63264000311
