comms_cons: 70.95667199926619
finished_reconf: true
global_termination_time: 701338.626
local_termination_time: 75107.92475999949
node_cons: 14391.503983359724
tot_aggregated_send: 9628
tot_msg_rcv: 407
tot_msg_sent: 750
tot_reconf_duration: 7.819999999999999
tot_sleeping_duration: 690598.6077600003
tot_uptimes: 180
tot_uptimes_duration: 10740.018239999772
