comms_cons: 140.48399357375203
finished_reconf: true
global_termination_time: 701201.8027199998
local_termination_time: 1487.8704800000023
node_cons: 14416.892175929826
tot_aggregated_send: 0
tot_msg_rcv: 10950
tot_msg_sent: 10401
tot_reconf_duration: 11.31
tot_sleeping_duration: 690446.3634399925
tot_uptimes: 180
tot_uptimes_duration: 10755.439280007326
