comms_cons: 150.92392955728567
finished_reconf: true
global_termination_time: 772067.5854799999
local_termination_time: 1529.4393600000003
node_cons: 15862.853209841378
tot_aggregated_send: 0
tot_msg_rcv: 11513
tot_msg_sent: 11424
tot_reconf_duration: 11.31
tot_sleeping_duration: 760232.2649199988
tot_uptimes: 198
tot_uptimes_duration: 11835.320560001011
