comms_cons: 77.37139200068799
finished_reconf: true
global_termination_time: 811720.352
local_termination_time: 498101.71136
node_cons: 16637.313941121425
tot_aggregated_send: 10904
tot_msg_rcv: 275
tot_msg_sent: 581
tot_reconf_duration: 5.1
tot_sleeping_duration: 799300.345919999
tot_uptimes: 208
tot_uptimes_duration: 12420.006080001069
