comms_cons: 79.2793600004694
finished_reconf: true
global_termination_time: 810797.885
local_termination_time: 319665.29436000006
node_cons: 16648.273001121433
tot_aggregated_send: 11310
tot_msg_rcv: 258
tot_msg_sent: 482
tot_reconf_duration: 13.17
tot_sleeping_duration: 798377.8789199989
tot_uptimes: 208
tot_uptimes_duration: 12420.006080001069
