comms_cons: 78.79907840040948
finished_reconf: true
global_termination_time: 815528.765
local_termination_time: 326633.39736000006
node_cons: 16717.251980000023
tot_aggregated_send: 11252
tot_msg_rcv: 208
tot_msg_sent: 517
tot_reconf_duration: 4.8100000000000005
tot_sleeping_duration: 803048.765
tot_uptimes: 209
tot_uptimes_duration: 12480.0
