comms_cons: 3.1514367999895847
finished_reconf: true
global_termination_time: 17997.076
local_termination_time: 6480.14836
node_cons: 328.7420811200067
tot_aggregated_send: 0
tot_msg_rcv: 306
tot_msg_sent: 173
tot_reconf_duration: 5.43
tot_sleeping_duration: 17757.069919999994
tot_uptimes: 5
tot_uptimes_duration: 240.00608000000466
