comms_cons: 86.98360319722991
finished_reconf: true
global_termination_time: 884544.92
local_termination_time: 671987.9103599999
node_cons: 18165.368240000065
tot_aggregated_send: 11948
tot_msg_rcv: 460
tot_msg_sent: 813
tot_reconf_duration: 6.279999999999999
tot_sleeping_duration: 870984.92
tot_uptimes: 227
tot_uptimes_duration: 13560.0
