comms_cons: 89.4514303953422
finished_reconf: true
global_termination_time: 882909.97
local_termination_time: 422018.38336000004
node_cons: 18191.238105597968
tot_aggregated_send: 12064
tot_msg_rcv: 507
tot_msg_sent: 1025
tot_reconf_duration: 25.299999999999997
tot_sleeping_duration: 869349.9396000014
tot_uptimes: 227
tot_uptimes_duration: 13560.030399998475
