comms_cons: 89.09867519670911
finished_reconf: true
global_termination_time: 884744.838
local_termination_time: 216101.98536000005
node_cons: 18172.24782671941
tot_aggregated_send: 11890
tot_msg_rcv: 494
tot_msg_sent: 1158
tot_reconf_duration: 11.31
tot_sleeping_duration: 871184.8015200004
tot_uptimes: 227
tot_uptimes_duration: 13560.036479999544
