comms_cons: 417.0666304748515
finished_reconf: true
global_termination_time: 4132705.2932399875
local_termination_time: 4645.371480000004
node_cons: 85121.76427211337
tot_aggregated_send: 57420
tot_msg_rcv: 2057
tot_msg_sent: 3914
tot_reconf_duration: 18.21
tot_sleeping_duration: 4069152.6158000208
tot_uptimes: 1059
tot_uptimes_duration: 63552.67743996682
