comms_cons: 406.32745600327337
finished_reconf: true
global_termination_time: 4138422.058
local_termination_time: 2654658.54248
node_cons: 85097.94485999769
tot_aggregated_send: 59624
tot_msg_rcv: 804
tot_msg_sent: 1331
tot_reconf_duration: 13.17
tot_sleeping_duration: 4074882.058
tot_uptimes: 1060
tot_uptimes_duration: 63540.0
