comms_cons: 414.16268165414084
finished_reconf: true
global_termination_time: 4133351.202
local_termination_time: 1152085.0103599997
node_cons: 85005.72232558276
tot_aggregated_send: 57478
tot_msg_rcv: 1858
tot_msg_sent: 3613
tot_reconf_duration: 4.390000000000001
tot_sleeping_duration: 4069871.171600011
tot_uptimes: 1059
tot_uptimes_duration: 63480.03039998887
