comms_cons: 768.0056780222611
finished_reconf: true
global_termination_time: 4138677.748
local_termination_time: 1473120.61936
node_cons: 85095.443403349
tot_aggregated_send: 0
tot_msg_rcv: 58969
tot_msg_sent: 57762
tot_reconf_duration: 11.31
tot_sleeping_duration: 4075137.729760007
tot_uptimes: 1060
tot_uptimes_duration: 63540.01823999337
