comms_cons: 403.26766081870795
finished_reconf: true
global_termination_time: 4094309.443
local_termination_time: 2080516.1018399997
node_cons: 84204.86452223183
tot_aggregated_send: 57478
tot_msg_rcv: 1320
tot_msg_sent: 2496
tot_reconf_duration: 6.279999999999999
tot_sleeping_duration: 4031429.4308400047
tot_uptimes: 1049
tot_uptimes_duration: 62880.0121599955
