comms_cons: 411.2416192553719
finished_reconf: true
global_termination_time: 4099838.2
local_termination_time: 828470.3582799983
node_cons: 84280.84260558267
tot_aggregated_send: 56434
tot_msg_rcv: 2060
tot_msg_sent: 4013
tot_reconf_duration: 3.05
tot_sleeping_duration: 4036898.1696000113
tot_uptimes: 1050
tot_uptimes_duration: 62940.03039998864
