comms_cons: 531.8457664765781
finished_reconf: true
global_termination_time: 5309767.712
local_termination_time: 431207.1478400006
node_cons: 109200.06960120375
tot_aggregated_send: 74414
tot_msg_rcv: 2238
tot_msg_sent: 4184
tot_reconf_duration: 13.17
tot_sleeping_duration: 5228227.618840025
tot_uptimes: 1360
tot_uptimes_duration: 81540.09315997537
