comms_cons: 536.6692225188833
finished_reconf: true
global_termination_time: 5308910.76
local_termination_time: 1807305.1783599998
node_cons: 109186.25074669874
tot_aggregated_send: 73718
tot_msg_rcv: 2740
tot_msg_sent: 5112
tot_reconf_duration: 3.05
tot_sleeping_duration: 5227370.7235200135
tot_uptimes: 1360
tot_uptimes_duration: 81540.03647998674
