comms_cons: 118.83334399556392
finished_reconf: true
global_termination_time: 1189377.533
local_termination_time: 623150.1664399984
node_cons: 24427.640333434156
tot_aggregated_send: 15080
tot_msg_rcv: 936
tot_msg_sent: 2047
tot_reconf_duration: 3.08
tot_sleeping_duration: 1171137.4600400042
tot_uptimes: 305
tot_uptimes_duration: 18240.072959995654
