comms_cons: 119.67822079527113
finished_reconf: true
global_termination_time: 1186358.415
local_termination_time: 623182.2883599999
node_cons: 24360.20410447656
tot_aggregated_send: 15776
tot_msg_rcv: 789
tot_msg_sent: 1623
tot_reconf_duration: 12.629999999999999
tot_sleeping_duration: 1168178.3906800025
tot_uptimes: 304
tot_uptimes_duration: 18180.0243199974
