comms_cons: 80.16097280043158
finished_reconf: true
global_termination_time: 802403.407
local_termination_time: 604827.3520000001
node_cons: 16473.85818223375
tot_aggregated_send: 10668
tot_msg_rcv: 464
tot_msg_sent: 1052
tot_reconf_duration: 3.05
tot_sleeping_duration: 790103.3948400047
tot_uptimes: 206
tot_uptimes_duration: 12300.012159995269
