comms_cons: 104.8276479974434
finished_reconf: true
global_termination_time: 1067608.376
local_termination_time: 62823.37448000002
node_cons: 21938.797902242903
tot_aggregated_send: 14442
tot_msg_rcv: 500
tot_msg_sent: 992
tot_reconf_duration: 4.390000000000001
tot_sleeping_duration: 1051228.363839998
tot_uptimes: 274
tot_uptimes_duration: 16380.012160002138
