comms_cons: 104.27934719961476
finished_reconf: true
global_termination_time: 1069647.51
local_termination_time: 278707.8303600001
node_cons: 21948.187710281818
tot_aggregated_send: 14558
tot_msg_rcv: 487
tot_msg_sent: 805
tot_reconf_duration: 11.31
tot_sleeping_duration: 1053267.5034799986
tot_uptimes: 274
tot_uptimes_duration: 16380.006520001334
