comms_cons: 221.36501759062412
finished_reconf: true
global_termination_time: 2227318.915759998
local_termination_time: 2227318.915759998
node_cons: 45908.84811799373
tot_aggregated_send: 31944
tot_msg_rcv: 547
tot_msg_sent: 1155
tot_reconf_duration: 24.59
tot_sleeping_duration: 2193057.933760002
tot_uptimes: 571
tot_uptimes_duration: 34260.98199999593
