comms_cons: 881.5774712858022
finished_reconf: true
global_termination_time: 2227874.565
local_termination_time: 501971.8456400008
node_cons: 135560.7980307445
tot_aggregated_send: 0
tot_msg_rcv: 54108
tot_msg_sent: 79887
tot_reconf_duration: 4.390000000000001
tot_sleeping_duration: 2126638.690160008
tot_uptimes: 1657
tot_uptimes_duration: 101235.87483999156
