comms_cons: 40.389708800196765
finished_reconf: true
global_termination_time: 412288.575
local_termination_time: 208763.4599600006
node_cons: 8456.531720000006
tot_aggregated_send: 5858
tot_msg_rcv: 62
tot_msg_sent: 219
tot_reconf_duration: 15.34
tot_sleeping_duration: 405988.575
tot_uptimes: 106
tot_uptimes_duration: 6300.0
