comms_cons: 41.79107840050259
finished_reconf: true
global_termination_time: 415649.691
local_termination_time: 53140.51048000001
node_cons: 8523.60406000001
tot_aggregated_send: 5800
tot_msg_rcv: 209
tot_msg_sent: 343
tot_reconf_duration: 5.57
tot_sleeping_duration: 409289.691
tot_uptimes: 107
tot_uptimes_duration: 6360.0
