comms_cons: 40.844300800165925
finished_reconf: true
global_termination_time: 416708.971
local_termination_time: 232544.57672000013
node_cons: 8533.933001121459
tot_aggregated_send: 5974
tot_msg_rcv: 72
tot_msg_sent: 162
tot_reconf_duration: 13.17
tot_sleeping_duration: 410348.96491999895
tot_uptimes: 107
tot_uptimes_duration: 6360.006080001069
