comms_cons: 40.92920320036853
finished_reconf: true
global_termination_time: 415360.722
local_termination_time: 20104.575480000003
node_cons: 8520.190041121445
tot_aggregated_send: 5916
tot_msg_rcv: 75
tot_msg_sent: 230
tot_reconf_duration: 3.05
tot_sleeping_duration: 409000.71591999894
tot_uptimes: 107
tot_uptimes_duration: 6360.006080001069
