comms_cons: 40.494003200063155
finished_reconf: true
global_termination_time: 411972.786
local_termination_time: 33609.7983600001
node_cons: 8444.146760000021
tot_aggregated_send: 5800
tot_msg_rcv: 69
tot_msg_sent: 285
tot_reconf_duration: 6.22
tot_sleeping_duration: 405672.786
tot_uptimes: 106
tot_uptimes_duration: 6300.000000000007
