comms_cons: 260.69484799796527
finished_reconf: true
global_termination_time: 2625078.094
local_termination_time: 647025.317999998
node_cons: 54027.68184181481
tot_aggregated_send: 36424
tot_msg_rcv: 1109
tot_msg_sent: 2092
tot_reconf_duration: 18.21
tot_sleeping_duration: 2584747.285440018
tot_uptimes: 673
tot_uptimes_duration: 40330.80855998187
