comms_cons: 258.9046783950638
finished_reconf: true
global_termination_time: 2626798.064
local_termination_time: 1217322.2753599999
node_cons: 54022.83739999919
tot_aggregated_send: 37526
tot_msg_rcv: 572
tot_msg_sent: 1254
tot_reconf_duration: 25.299999999999997
tot_sleeping_duration: 2586478.064
tot_uptimes: 673
tot_uptimes_duration: 40320.0
