comms_cons: 260.28766077839833
finished_reconf: true
global_termination_time: 2627472.49
local_termination_time: 1017618.9633599999
node_cons: 53995.109673401515
tot_aggregated_send: 34974
tot_msg_rcv: 1499
tot_msg_sent: 3090
tot_reconf_duration: 4.8100000000000005
tot_sleeping_duration: 2587152.4170400286
tot_uptimes: 673
tot_uptimes_duration: 40320.07295997185
