comms_cons: 345.56590080918386
finished_reconf: true
global_termination_time: 3497627.086
local_termination_time: 2232413.6703600003
node_cons: 71911.88848334989
tot_aggregated_send: 48140
tot_msg_rcv: 1597
tot_msg_sent: 2787
tot_reconf_duration: 5.57
tot_sleeping_duration: 3443927.067760007
tot_uptimes: 896
tot_uptimes_duration: 53700.01823999337
