comms_cons: 352.1619776390496
finished_reconf: true
global_termination_time: 3498313.3
local_termination_time: 755869.7677599981
node_cons: 71910.3104667
tot_aggregated_send: 48430
tot_msg_rcv: 1782
tot_msg_sent: 3315
tot_reconf_duration: 4.390000000000001
tot_sleeping_duration: 3444613.2635200135
tot_uptimes: 896
tot_uptimes_duration: 53700.03647998627
