comms_cons: 346.64488961578644
finished_reconf: true
global_termination_time: 3498191.187
local_termination_time: 1096107.66536
node_cons: 71919.69154446639
tot_aggregated_send: 47966
tot_msg_rcv: 1648
tot_msg_sent: 3074
tot_reconf_duration: 11.31
tot_sleeping_duration: 3444491.162680009
tot_uptimes: 896
tot_uptimes_duration: 53700.024319991004
