comms_cons: 424.7000701009306
finished_reconf: true
global_termination_time: 3865141.868
local_termination_time: 2137372.535
node_cons: 79464.80452223205
tot_aggregated_send: 0
tot_msg_rcv: 32472
tot_msg_sent: 32078
tot_reconf_duration: 6.279999999999999
tot_sleeping_duration: 3805801.8558400045
tot_uptimes: 990
tot_uptimes_duration: 59340.01215999527
