comms_cons: 32.56171520007037
finished_reconf: true
global_termination_time: 331085.178
local_termination_time: 92612.55035999998
node_cons: 6763.9271211214555
tot_aggregated_send: 4582
tot_msg_rcv: 142
tot_msg_sent: 225
tot_reconf_duration: 11.31
tot_sleeping_duration: 326045.17191999895
tot_uptimes: 85
tot_uptimes_duration: 5040.006080001069
