comms_cons: 34.178598400778014
finished_reconf: true
global_termination_time: 38362.5913600002
local_termination_time: 38362.5913600002
node_cons: 4057.4633542403403
tot_aggregated_send: 0
tot_msg_rcv: 2291
tot_msg_sent: 2903
tot_reconf_duration: 24.59
tot_sleeping_duration: 35357.31119999995
tot_uptimes: 50
tot_uptimes_duration: 3005.2801600002513
