comms_cons: 773.9154369215553
finished_reconf: true
global_termination_time: 7837001.608
local_termination_time: 2288763.4563599997
node_cons: 161196.48695228252
tot_aggregated_send: 109446
tot_msg_rcv: 2678
tot_msg_sent: 5504
tot_reconf_duration: 25.299999999999997
tot_sleeping_duration: 7716641.5411200235
tot_uptimes: 2007
tot_uptimes_duration: 120360.06687997631
