comms_cons: 775.384320124936
finished_reconf: true
global_termination_time: 7836430.002
local_termination_time: 2405748.6003599996
node_cons: 161180.0062711655
tot_aggregated_send: 109388
tot_msg_rcv: 2950
tot_msg_sent: 5515
tot_reconf_duration: 13.17
tot_sleeping_duration: 7716069.941200022
tot_uptimes: 2007
tot_uptimes_duration: 120360.06079997844
