comms_cons: 767.4923905145797
finished_reconf: true
global_termination_time: 7833466.246
local_termination_time: 3821859.962079999
node_cons: 161182.60822669748
tot_aggregated_send: 109272
tot_msg_rcv: 2356
tot_msg_sent: 5026
tot_reconf_duration: 15.110000000000001
tot_sleeping_duration: 7713106.209520014
tot_uptimes: 2007
tot_uptimes_duration: 120360.03647998697
