comms_cons: 785.9432194126855
finished_reconf: true
global_termination_time: 7836409.862
local_termination_time: 186511.35536000005
node_cons: 161192.8882522821
tot_aggregated_send: 109446
tot_msg_rcv: 3308
tot_msg_sent: 6699
tot_reconf_duration: 22.65
tot_sleeping_duration: 7716049.795120024
tot_uptimes: 2007
tot_uptimes_duration: 120360.06687997584
