comms_cons: 63.660339199196486
finished_reconf: true
global_termination_time: 632070.007
local_termination_time: 387121.24736000004
node_cons: 12952.633001121505
tot_aggregated_send: 8700
tot_msg_rcv: 347
tot_msg_sent: 629
tot_reconf_duration: 13.17
tot_sleeping_duration: 622410.0009199989
tot_uptimes: 162
tot_uptimes_duration: 9660.006080001127
