comms_cons: 64.12088320010827
finished_reconf: true
global_termination_time: 634766.342
local_termination_time: 498558.46236
node_cons: 13031.240199999971
tot_aggregated_send: 8700
tot_msg_rcv: 361
tot_msg_sent: 685
tot_reconf_duration: 11.899999999999999
tot_sleeping_duration: 625046.342
tot_uptimes: 163
tot_uptimes_duration: 9720.0
