comms_cons: 64.08203519932178
finished_reconf: true
global_termination_time: 632103.671
local_termination_time: 309979.121
node_cons: 12940.734184481082
tot_aggregated_send: 8521
tot_msg_rcv: 401
tot_msg_sent: 818
tot_reconf_duration: 4.390000000000001
tot_sleeping_duration: 622443.6466799991
tot_uptimes: 162
tot_uptimes_duration: 9660.02432000084
