comms_cons: 64.706431998666
finished_reconf: true
global_termination_time: 635820.271
local_termination_time: 387817.9268400006
node_cons: 13025.70770111686
tot_aggregated_send: 8642
tot_msg_rcv: 445
tot_msg_sent: 748
tot_reconf_duration: 7.819999999999999
tot_sleeping_duration: 626100.2649200023
tot_uptimes: 163
tot_uptimes_duration: 9720.006079997635
