comms_cons: 64.91759359696239
finished_reconf: true
global_termination_time: 631832.617
local_termination_time: 380332.0735600002
node_cons: 12943.203042238241
tot_aggregated_send: 8004
tot_msg_rcv: 529
tot_msg_sent: 1334
tot_reconf_duration: 6.22
tot_sleeping_duration: 622172.6048400012
tot_uptimes: 162
tot_uptimes_duration: 9660.012159998703
