comms_cons: 280.51393281452226
finished_reconf: true
global_termination_time: 2810975.612
local_termination_time: 2389569.5413199984
node_cons: 57883.362288476535
tot_aggregated_send: 38570
tot_msg_rcv: 1337
tot_msg_sent: 2729
tot_reconf_duration: 25.299999999999997
tot_sleeping_duration: 2767772.471680002
tot_uptimes: 720
tot_uptimes_duration: 43203.140319998376
