comms_cons: 38.00145920013188
finished_reconf: true
global_termination_time: 388643.901
local_termination_time: 254547.19624000048
node_cons: 7962.106760000012
tot_aggregated_send: 5684
tot_msg_rcv: 39
tot_msg_sent: 53
tot_reconf_duration: 6.22
tot_sleeping_duration: 382703.901
tot_uptimes: 100
tot_uptimes_duration: 5940.0
