comms_cons: 66.18675199928722
finished_reconf: true
global_termination_time: 642969.753
local_termination_time: 370546.4344000008
node_cons: 13184.304522242839
tot_aggregated_send: 8294
tot_msg_rcv: 573
tot_msg_sent: 1193
tot_reconf_duration: 6.279999999999999
tot_sleeping_duration: 633129.7408399979
tot_uptimes: 165
tot_uptimes_duration: 9840.012160002138
