comms_cons: 65.63138559893777
finished_reconf: true
global_termination_time: 643047.697
local_termination_time: 231387.30136000004
node_cons: 13182.300121121429
tot_aggregated_send: 8584
tot_msg_rcv: 465
tot_msg_sent: 926
tot_reconf_duration: 4.8100000000000005
tot_sleeping_duration: 633207.6909199989
tot_uptimes: 165
tot_uptimes_duration: 9840.006080001054
