comms_cons: 67.19725439843035
finished_reconf: true
global_termination_time: 643761.66
local_termination_time: 97993.58235999971
node_cons: 13186.436547850042
tot_aggregated_send: 7946
tot_msg_rcv: 796
tot_msg_sent: 1472
tot_reconf_duration: 7.819999999999999
tot_sleeping_duration: 633921.6174399926
tot_uptimes: 165
tot_uptimes_duration: 9840.042560007481
