comms_cons: 449.14966380724127
finished_reconf: true
global_termination_time: 2278854.053
local_termination_time: 1308.1690400000014
node_cons: 46862.98174446677
tot_aggregated_send: 0
tot_msg_rcv: 34459
tot_msg_sent: 33808
tot_reconf_duration: 18.21
tot_sleeping_duration: 2243874.0286800093
tot_uptimes: 584
tot_uptimes_duration: 34980.02431999054
