comms_cons: 225.87709438928874
finished_reconf: true
global_termination_time: 2277976.941
local_termination_time: 108211.02011999946
node_cons: 46845.17836447137
tot_aggregated_send: 31900
tot_msg_rcv: 685
tot_msg_sent: 1747
tot_reconf_duration: 5.1
tot_sleeping_duration: 2242996.916680006
tot_uptimes: 584
tot_uptimes_duration: 34980.02431999397
