comms_cons: 219.47192959090464
finished_reconf: true
global_termination_time: 2275144.281
local_termination_time: 1399096.508
node_cons: 46766.25647606693
tot_aggregated_send: 31028
tot_msg_rcv: 732
tot_msg_sent: 1599
tot_reconf_duration: 5.43
tot_sleeping_duration: 2240223.5322800092
tot_uptimes: 583
tot_uptimes_duration: 34920.74871999072
