comms_cons: 114.18600960788376
finished_reconf: true
global_termination_time: 235686.12000000093
local_termination_time: 235686.12000000093
node_cons: 14350.001240566464
tot_aggregated_send: 0
tot_msg_rcv: 7037
tot_msg_sent: 10318
tot_reconf_duration: 37.410000000000004
tot_sleeping_duration: 225007.10695999613
tot_uptimes: 176
tot_uptimes_duration: 10679.013040004806
