comms_cons: 23.89565440013535
finished_reconf: true
global_termination_time: 235978.962
local_termination_time: 1494.3588400000006
node_cons: 4831.035842241726
tot_aggregated_send: 3190
tot_msg_rcv: 156
tot_msg_sent: 286
tot_reconf_duration: 7.819999999999999
tot_sleeping_duration: 232378.9498399987
tot_uptimes: 61
tot_uptimes_duration: 3600.0121600012862
