comms_cons: 24.191718400107586
finished_reconf: true
global_termination_time: 236666.577
local_termination_time: 16862.55084
node_cons: 4828.871183360591
tot_aggregated_send: 3016
tot_msg_rcv: 197
tot_msg_sent: 464
tot_reconf_duration: 6.22
tot_sleeping_duration: 233066.55875999955
tot_uptimes: 61
tot_uptimes_duration: 3600.0182400004414
