comms_cons: 127.43966719519544
finished_reconf: true
global_termination_time: 1290485.081
local_termination_time: 411744.4944800001
node_cons: 26536.929180000072
tot_aggregated_send: 18560
tot_msg_rcv: 244
tot_msg_sent: 565
tot_reconf_duration: 18.21
tot_sleeping_duration: 1270685.081
tot_uptimes: 331
tot_uptimes_duration: 19800.0
