comms_cons: 131.34056959214902
finished_reconf: true
global_termination_time: 1291002.164
local_termination_time: 225901.70248000007
node_cons: 26518.772685593398
tot_aggregated_send: 17748
tot_msg_rcv: 822
tot_msg_sent: 1393
tot_reconf_duration: 4.8100000000000005
tot_sleeping_duration: 1271202.133600005
tot_uptimes: 331
tot_uptimes_duration: 19800.03039999504
