comms_cons: 2.5724671999944295
finished_reconf: true
global_termination_time: 14914.243
local_termination_time: 5470.460360000001
node_cons: 249.5482400000009
tot_aggregated_send: 0
tot_msg_rcv: 221
tot_msg_sent: 169
tot_reconf_duration: 6.279999999999999
tot_sleeping_duration: 14734.243
tot_uptimes: 4
tot_uptimes_duration: 180.0
