comms_cons: 2.243507199994698
finished_reconf: true
global_termination_time: 14899.886
local_termination_time: 6326.300360000001
node_cons: 256.3789800000005
tot_aggregated_send: 0
tot_msg_rcv: 176
tot_msg_sent: 164
tot_reconf_duration: 11.31
tot_sleeping_duration: 14719.886
tot_uptimes: 4
tot_uptimes_duration: 180.0
