comms_cons: 336.42572797854507
finished_reconf: true
global_termination_time: 3454304.479
local_termination_time: 1974543.05436
node_cons: 71054.93368223213
tot_aggregated_send: 47212
tot_msg_rcv: 1370
tot_msg_sent: 2552
tot_reconf_duration: 25.299999999999997
tot_sleeping_duration: 3401264.4668400045
tot_uptimes: 885
tot_uptimes_duration: 53040.01215999527
