comms_cons: 517.5461889149665
finished_reconf: true
global_termination_time: 3452437.105
local_termination_time: 1080145.3142799982
node_cons: 71031.21212446612
tot_aggregated_send: 0
tot_msg_rcv: 39569
tot_msg_sent: 39095
tot_reconf_duration: 7.819999999999999
tot_sleeping_duration: 3399397.080680009
tot_uptimes: 885
tot_uptimes_duration: 53040.02431999077
