comms_cons: 517.5848449143592
finished_reconf: true
global_termination_time: 3453468.972
local_termination_time: 1081135.3363599998
node_cons: 71035.95154446612
tot_aggregated_send: 0
tot_msg_rcv: 39635
tot_msg_sent: 39034
tot_reconf_duration: 11.31
tot_sleeping_duration: 3400428.947680009
tot_uptimes: 885
tot_uptimes_duration: 53040.02431999077
