comms_cons: 340.11237120743715
finished_reconf: true
global_termination_time: 3452876.516
local_termination_time: 1850135.8454799997
node_cons: 71027.95836334911
tot_aggregated_send: 48430
tot_msg_rcv: 990
tot_msg_sent: 2276
tot_reconf_duration: 5.43
tot_sleeping_duration: 3399836.4977600067
tot_uptimes: 885
tot_uptimes_duration: 53040.01823999314
