comms_cons: 50.63415040050788
finished_reconf: true
global_termination_time: 508642.328
local_termination_time: 129729.02727999951
node_cons: 10448.358182242859
tot_aggregated_send: 7018
tot_msg_rcv: 155
tot_msg_sent: 524
tot_reconf_duration: 3.05
tot_sleeping_duration: 500842.31583999784
tot_uptimes: 131
tot_uptimes_duration: 7800.0121600021375
