comms_cons: 93.07124479870005
finished_reconf: true
global_termination_time: 937912.3704799998
local_termination_time: 937912.3293599999
node_cons: 19350.76936095809
tot_aggregated_send: 13488
tot_msg_rcv: 242
tot_msg_sent: 416
tot_reconf_duration: 37.410000000000004
tot_sleeping_duration: 923498.6538400013
tot_uptimes: 241
tot_uptimes_duration: 14413.716639998544
