comms_cons: 93.17822079761672
finished_reconf: true
global_termination_time: 938787.613
local_termination_time: 609574.5251999986
node_cons: 19318.762979915115
tot_aggregated_send: 13398
tot_msg_rcv: 278
tot_msg_sent: 486
tot_reconf_duration: 25.299999999999997
tot_sleeping_duration: 924385.5177200037
tot_uptimes: 241
tot_uptimes_duration: 14402.095279996283
