comms_cons: 91.52325119730368
finished_reconf: true
global_termination_time: 940694.743
local_termination_time: 167251.1522400005
node_cons: 19288.973940000018
tot_aggregated_send: 13224
tot_msg_rcv: 225
tot_msg_sent: 462
tot_reconf_duration: 5.43
tot_sleeping_duration: 926294.743
tot_uptimes: 241
tot_uptimes_duration: 14400.0
