comms_cons: 315.2522621619728
finished_reconf: true
global_termination_time: 1604445.3306
local_termination_time: 2153.9760400000014
node_cons: 32968.42419063357
tot_aggregated_send: 0
tot_msg_rcv: 24125
tot_msg_sent: 23789
tot_reconf_duration: 6.22
tot_sleeping_duration: 1579829.9628400048
tot_uptimes: 411
tot_uptimes_duration: 24615.367759995162
