comms_cons: 208.81690878910248
finished_reconf: true
global_termination_time: 2099713.867
local_termination_time: 1336145.8981999997
node_cons: 43176.93739999967
tot_aggregated_send: 29812
tot_msg_rcv: 671
tot_msg_sent: 1255
tot_reconf_duration: 25.299999999999997
tot_sleeping_duration: 2067493.867
tot_uptimes: 538
tot_uptimes_duration: 32220.0
