comms_cons: 213.09038717123633
finished_reconf: true
global_termination_time: 2100422.364
local_termination_time: 1097893.34836
node_cons: 43149.193391168
tot_aggregated_send: 28130
tot_msg_rcv: 1460
tot_msg_sent: 2800
tot_reconf_duration: 4.8100000000000005
tot_sleeping_duration: 2068202.3032000237
tot_uptimes: 538
tot_uptimes_duration: 32220.060799976345
