comms_cons: 207.89677439118861
finished_reconf: true
global_termination_time: 2100016.803
local_termination_time: 1115795.5916799984
node_cons: 43155.3723599995
tot_aggregated_send: 30044
tot_msg_rcv: 461
tot_msg_sent: 1094
tot_reconf_duration: 9.42
tot_sleeping_duration: 2067796.8029999998
tot_uptimes: 538
tot_uptimes_duration: 32220.0
