comms_cons: 216.30169596957757
finished_reconf: true
global_termination_time: 2101562.556
local_termination_time: 1114585.9120399982
node_cons: 43231.41560670055
tot_aggregated_send: 27550
tot_msg_rcv: 1809
tot_msg_sent: 3516
tot_reconf_duration: 6.22
tot_sleeping_duration: 2069282.519520014
tot_uptimes: 539
tot_uptimes_duration: 32280.036479985807
