comms_cons: 35.2328704004697
finished_reconf: true
global_termination_time: 341473.573
local_termination_time: 42316.74272000021
node_cons: 6998.5721519231765
tot_aggregated_send: 4466
tot_msg_rcv: 307
tot_msg_sent: 583
tot_reconf_duration: 4.390000000000001
tot_sleeping_duration: 336251.30971999763
tot_uptimes: 88
tot_uptimes_duration: 5222.26328000236
