comms_cons: 22.60993920033215
finished_reconf: true
global_termination_time: 221951.568
local_termination_time: 110696.51335999997
node_cons: 4523.777321121443
tot_aggregated_send: 2494
tot_msg_rcv: 354
tot_msg_sent: 590
tot_reconf_duration: 18.21
tot_sleeping_duration: 218591.56191999893
tot_uptimes: 57
tot_uptimes_duration: 3360.0060800010688
