comms_cons: 22.397478400054943
finished_reconf: true
global_termination_time: 217471.868
local_termination_time: 69194.01447999997
node_cons: 4449.458700000016
tot_aggregated_send: 2842
tot_msg_rcv: 234
tot_msg_sent: 328
tot_reconf_duration: 22.65
tot_sleeping_duration: 214171.868
tot_uptimes: 56
tot_uptimes_duration: 3300.0
