comms_cons: 23.201318400491818
finished_reconf: true
global_termination_time: 216212.437
local_termination_time: 147230.26436000006
node_cons: 4427.163042242866
tot_aggregated_send: 2552
tot_msg_rcv: 336
tot_msg_sent: 638
tot_reconf_duration: 6.22
tot_sleeping_duration: 212912.42483999787
tot_uptimes: 56
tot_uptimes_duration: 3300.0121600021375
