comms_cons: 21.685670400067426
finished_reconf: true
global_termination_time: 219862.24
local_termination_time: 122660.32235999998
node_cons: 4514.39898000002
tot_aggregated_send: 3016
tot_msg_rcv: 54
tot_msg_sent: 225
tot_reconf_duration: 11.31
tot_sleeping_duration: 216502.24
tot_uptimes: 57
tot_uptimes_duration: 3360.0
