comms_cons: 74.19322879748155
finished_reconf: true
global_termination_time: 713854.26124
local_termination_time: 21635.81836
node_cons: 14651.974928322312
tot_aggregated_send: 9338
tot_msg_rcv: 754
tot_msg_sent: 1184
tot_reconf_duration: 8.09
tot_sleeping_duration: 702919.9903599983
tot_uptimes: 183
tot_uptimes_duration: 10934.270880001714
