comms_cons: 102.47103999691346
finished_reconf: true
global_termination_time: 1034001.502
local_termination_time: 3936.486
node_cons: 21224.659962238296
tot_aggregated_send: 14837
tot_msg_rcv: 289
tot_msg_sent: 449
tot_reconf_duration: 10.96
tot_sleeping_duration: 1018161.4898400013
tot_uptimes: 265
tot_uptimes_duration: 15840.012159998703
