comms_cons: 51.82561280088307
finished_reconf: true
global_termination_time: 505812.596
local_termination_time: 119344.16539999952
node_cons: 10370.810223364313
tot_aggregated_send: 6670
tot_msg_rcv: 394
tot_msg_sent: 815
tot_reconf_duration: 5.1
tot_sleeping_duration: 498072.5777599968
tot_uptimes: 130
tot_uptimes_duration: 7740.018240003206
