comms_cons: 50.41703680034202
finished_reconf: true
global_termination_time: 505607.762
local_termination_time: 166477.79408000017
node_cons: 10381.75300112146
tot_aggregated_send: 7134
tot_msg_rcv: 192
tot_msg_sent: 337
tot_reconf_duration: 13.17
tot_sleeping_duration: 497867.7559199989
tot_uptimes: 130
tot_uptimes_duration: 7740.006080001069
