comms_cons: 52.64164480087786
finished_reconf: true
global_termination_time: 505588.584
local_termination_time: 229638.14036000005
node_cons: 10379.235262242872
tot_aggregated_send: 6670
tot_msg_rcv: 522
tot_msg_sent: 810
tot_reconf_duration: 11.31
tot_sleeping_duration: 497848.57183999784
tot_uptimes: 130
tot_uptimes_duration: 7740.0121600021375
