comms_cons: 302.727967985105
finished_reconf: true
global_termination_time: 3088321.248
local_termination_time: 1045711.0065599985
node_cons: 63479.25212446613
tot_aggregated_send: 43036
tot_msg_rcv: 1178
tot_msg_sent: 1798
tot_reconf_duration: 7.819999999999999
tot_sleeping_duration: 3040921.2236800096
tot_uptimes: 791
tot_uptimes_duration: 47400.02431999054
