comms_cons: 99.48216319588549
finished_reconf: true
global_termination_time: 974227.542
local_termination_time: 340386.38736000005
node_cons: 20013.22080448571
tot_aggregated_send: 12934
tot_msg_rcv: 678
tot_msg_sent: 1507
tot_reconf_duration: 6.279999999999999
tot_sleeping_duration: 959287.5176799957
tot_uptimes: 250
tot_uptimes_duration: 14940.024320004275
