comms_cons: 101.32628479532207
finished_reconf: true
global_termination_time: 975468.187
local_termination_time: 94366.07863999948
node_cons: 20012.289188964587
tot_aggregated_send: 12586
tot_msg_rcv: 946
tot_msg_sent: 1870
tot_reconf_duration: 5.57
tot_sleeping_duration: 960528.1383599966
tot_uptimes: 250
tot_uptimes_duration: 14940.048640003413
