comms_cons: 102.22517118765337
finished_reconf: true
global_termination_time: 975858.644
local_termination_time: 251721.503
node_cons: 20008.956615656374
tot_aggregated_send: 12003
tot_msg_rcv: 1077
tot_msg_sent: 2460
tot_reconf_duration: 3.08
tot_sleeping_duration: 960918.5588800176
tot_uptimes: 250
tot_uptimes_duration: 14940.085119982352
