comms_cons: 101.04335359274606
finished_reconf: true
global_termination_time: 972688.032
local_termination_time: 348300.4066400009
node_cons: 20015.31212447657
tot_aggregated_send: 12818
tot_msg_rcv: 917
tot_msg_sent: 1623
tot_reconf_duration: 7.819999999999999
tot_sleeping_duration: 957748.0076800026
tot_uptimes: 250
tot_uptimes_duration: 14940.02431999741
