comms_cons: 655.962515315789
finished_reconf: true
global_termination_time: 6612754.14648
local_termination_time: 6612754.105359999
node_cons: 136084.81378429985
tot_aggregated_send: 94978
tot_msg_rcv: 1521
tot_msg_sent: 3202
tot_reconf_duration: 37.410000000000004
tot_sleeping_duration: 6511160.411600011
tot_uptimes: 1694
tot_uptimes_duration: 101593.73487998848
