comms_cons: 666.0387330015483
finished_reconf: true
global_termination_time: 6613550.441
local_termination_time: 1100310.3903599998
node_cons: 136021.66303116595
tot_aggregated_send: 91582
tot_msg_rcv: 3382
tot_msg_sent: 6270
tot_reconf_duration: 4.390000000000001
tot_sleeping_duration: 6511970.380200022
tot_uptimes: 1694
tot_uptimes_duration: 101580.06079997797
