comms_cons: 2.2171903999946982
finished_reconf: true
global_termination_time: 11880.02348
local_termination_time: 11879.98236
node_cons: 292.771659840007
tot_aggregated_send: 0
tot_msg_rcv: 167
tot_msg_sent: 168
tot_reconf_duration: 24.59
tot_sleeping_duration: 11686.312919999995
tot_uptimes: 4
tot_uptimes_duration: 193.710560000005
