comms_cons: 2.5922047999914337
finished_reconf: true
global_termination_time: 14183.448
local_termination_time: 5158.654480000001
node_cons: 248.3939400000004
tot_aggregated_send: 0
tot_msg_rcv: 225
tot_msg_sent: 169
tot_reconf_duration: 5.43
tot_sleeping_duration: 14003.448
tot_uptimes: 4
tot_uptimes_duration: 180.0
