comms_cons: 41.73747200055227
finished_reconf: true
global_termination_time: 415307.33
local_termination_time: 24655.985360000002
node_cons: 8522.571980000012
tot_aggregated_send: 5742
tot_msg_rcv: 199
tot_msg_sent: 402
tot_reconf_duration: 4.8100000000000005
tot_sleeping_duration: 408947.33
tot_uptimes: 107
tot_uptimes_duration: 6360.0
