comms_cons: 40.78508800008712
finished_reconf: true
global_termination_time: 415638.24
local_termination_time: 29051.762
node_cons: 8523.422081121442
tot_aggregated_send: 5968
tot_msg_rcv: 56
tot_msg_sent: 175
tot_reconf_duration: 5.43
tot_sleeping_duration: 409278.2339199989
tot_uptimes: 107
tot_uptimes_duration: 6360.006080001069
