comms_cons: 2.2632447999962686
finished_reconf: true
global_termination_time: 19212.178
local_termination_time: 1759.2422000000008
node_cons: 338.51153999999985
tot_aggregated_send: 0
tot_msg_rcv: 179
tot_msg_sent: 165
tot_reconf_duration: 12.629999999999999
tot_sleeping_duration: 18972.178
tot_uptimes: 5
tot_uptimes_duration: 240.0
