comms_cons: 143.0760704133407
finished_reconf: true
global_termination_time: 294415.6616000001
local_termination_time: 294415.6204800001
node_cons: 17985.94438932712
tot_aggregated_send: 0
tot_msg_rcv: 8801
tot_msg_sent: 12944
tot_reconf_duration: 37.410000000000004
tot_sleeping_duration: 281021.2317199948
tot_uptimes: 222
tot_uptimes_duration: 13394.429880005291
