comms_cons: 29.71887360046925
finished_reconf: true
global_termination_time: 294990.814
local_termination_time: 132001.279
node_cons: 6032.598163200619
tot_aggregated_send: 3883
tot_msg_rcv: 170
tot_msg_sent: 465
tot_reconf_duration: 4.390000000000001
tot_sleeping_duration: 290489.96519999957
tot_uptimes: 76
tot_uptimes_duration: 4500.848800000458
