comms_cons: 29.678771199924725
finished_reconf: true
global_termination_time: 296000.409
local_termination_time: 36643.02772000002
node_cons: 6046.331720000001
tot_aggregated_send: 4060
tot_msg_rcv: 175
tot_msg_sent: 276
tot_reconf_duration: 15.34
tot_sleeping_duration: 291500.409
tot_uptimes: 76
tot_uptimes_duration: 4500.0
