comms_cons: 29.48797440027597
finished_reconf: true
global_termination_time: 296094.706
local_termination_time: 128461.16467999957
node_cons: 6029.6418999999905
tot_aggregated_send: 4002
tot_msg_rcv: 134
tot_msg_sent: 346
tot_reconf_duration: 3.05
tot_sleeping_duration: 291594.706
tot_uptimes: 76
tot_uptimes_duration: 4500.0
