comms_cons: 29.06406400032599
finished_reconf: true
global_termination_time: 292251.283
local_termination_time: 1780.1271200000022
node_cons: 5955.787701121438
tot_aggregated_send: 3944
tot_msg_rcv: 129
tot_msg_sent: 344
tot_reconf_duration: 7.819999999999999
tot_sleeping_duration: 287811.2769199989
tot_uptimes: 75
tot_uptimes_duration: 4440.006080001069
