comms_cons: 1646.0336179527949
finished_reconf: true
global_termination_time: 8346334.604479997
local_termination_time: 3371.4164800000003
node_cons: 171731.88039765134
tot_aggregated_send: 0
tot_msg_rcv: 126233
tot_msg_sent: 123949
tot_reconf_duration: 18.21
tot_sleeping_duration: 8218099.241360014
tot_uptimes: 2138
tot_uptimes_duration: 128235.36311998306
