comms_cons: 831.2908162070826
finished_reconf: true
global_termination_time: 8347491.16
local_termination_time: 2261925.9563599983
node_cons: 171695.90596973454
tot_aggregated_send: 115826
tot_msg_rcv: 3557
tot_msg_sent: 6968
tot_reconf_duration: 5.57
tot_sleeping_duration: 8219269.844160016
tot_uptimes: 2138
tot_uptimes_duration: 128221.31583998515
