comms_cons: 812.4501953380999
finished_reconf: true
global_termination_time: 8348040.223
local_termination_time: 4718785.7
node_cons: 171710.5885054226
tot_aggregated_send: 115067
tot_msg_rcv: 2969
tot_msg_sent: 5449
tot_reconf_duration: 12.629999999999999
tot_sleeping_duration: 8219815.102040009
tot_uptimes: 2138
tot_uptimes_duration: 128225.12095999159
