comms_cons: 46.67942400027667
finished_reconf: true
global_termination_time: 475717.337
local_termination_time: 269738.5790000005
node_cons: 9745.869180000042
tot_aggregated_send: 6902
tot_msg_rcv: 94
tot_msg_sent: 99
tot_reconf_duration: 18.21
tot_sleeping_duration: 468457.337
tot_uptimes: 122
tot_uptimes_duration: 7260.0
