comms_cons: 47.4820864005347
finished_reconf: true
global_termination_time: 479671.628
local_termination_time: 248993.2928000003
node_cons: 9819.36486000003
tot_aggregated_send: 6844
tot_msg_rcv: 153
tot_msg_sent: 220
tot_reconf_duration: 13.17
tot_sleeping_duration: 472351.628
tot_uptimes: 123
tot_uptimes_duration: 7320.0
