comms_cons: 47.41159680024469
finished_reconf: true
global_termination_time: 475418.61
local_termination_time: 27553.664360000002
node_cons: 9733.940501119167
tot_aggregated_send: 6670
tot_msg_rcv: 196
tot_msg_sent: 340
tot_reconf_duration: 9.42
tot_sleeping_duration: 468158.6039200006
tot_uptimes: 122
tot_uptimes_duration: 7260.006079999366
