comms_cons: 0.8421375999972197
finished_reconf: true
global_termination_time: 6633.909
local_termination_time: 2619.8013600000004
node_cons: 90.95956000000021
tot_aggregated_send: 0
tot_msg_rcv: 76
tot_msg_sent: 51
tot_reconf_duration: 7.819999999999999
tot_sleeping_duration: 6573.909
tot_uptimes: 2
tot_uptimes_duration: 60.0
