comms_cons: 26.94840320002999
finished_reconf: true
global_termination_time: 276582.014
local_termination_time: 1171.9523600000002
node_cons: 5658.1655411200145
tot_aggregated_send: 3944
tot_msg_rcv: 59
tot_msg_sent: 93
tot_reconf_duration: 25.299999999999997
tot_sleeping_duration: 272382.00792
tot_uptimes: 71
tot_uptimes_duration: 4200.0060800000065
