comms_cons: 27.56152320039482
finished_reconf: true
global_termination_time: 276621.978
local_termination_time: 94507.43235999996
node_cons: 5640.959681121423
tot_aggregated_send: 3712
tot_msg_rcv: 139
tot_msg_sent: 339
tot_reconf_duration: 12.629999999999999
tot_sleeping_duration: 272421.97191999893
tot_uptimes: 71
tot_uptimes_duration: 4200.006080001069
