comms_cons: 27.96501120028494
finished_reconf: true
global_termination_time: 276526.471
local_termination_time: 112482.679
node_cons: 5649.202741121452
tot_aggregated_send: 3594
tot_msg_rcv: 206
tot_msg_sent: 451
tot_reconf_duration: 18.700000000000003
tot_sleeping_duration: 272326.46491999895
tot_uptimes: 71
tot_uptimes_duration: 4200.006080001069
