comms_cons: 27.639219200044717
finished_reconf: true
global_termination_time: 275382.548
local_termination_time: 76891.894
node_cons: 5630.784133520641
tot_aggregated_send: 3767
tot_msg_rcv: 143
tot_msg_sent: 291
tot_reconf_duration: 4.8100000000000005
tot_sleeping_duration: 271182.2103199995
tot_uptimes: 71
tot_uptimes_duration: 4200.337680000477
