comms_cons: 247.86097918647442
finished_reconf: true
global_termination_time: 2509798.487
local_termination_time: 821944.23336
node_cons: 51588.93212446665
tot_aggregated_send: 34742
tot_msg_rcv: 935
tot_msg_sent: 1996
tot_reconf_duration: 7.819999999999999
tot_sleeping_duration: 2471278.4626800097
tot_uptimes: 643
tot_uptimes_duration: 38520.02431999054
