comms_cons: 247.8259327869062
finished_reconf: true
global_termination_time: 2507858.96
local_termination_time: 948939.8420399994
node_cons: 51586.75118334986
tot_aggregated_send: 34974
tot_msg_rcv: 833
tot_msg_sent: 1862
tot_reconf_duration: 6.22
tot_sleeping_duration: 2469338.9417600073
tot_uptimes: 643
tot_uptimes_duration: 38520.0182399929
