comms_cons: 2.30334719999168
finished_reconf: true
global_termination_time: 15106.026
local_termination_time: 8251.323359999999
node_cons: 247.94579999999803
tot_aggregated_send: 0
tot_msg_rcv: 180
tot_msg_sent: 170
tot_reconf_duration: 5.1
tot_sleeping_duration: 14926.026
tot_uptimes: 4
tot_uptimes_duration: 180.0
