comms_cons: 380.82646368685096
finished_reconf: true
global_termination_time: 2106725.605
local_termination_time: 513139.1353600001
node_cons: 43309.84896782203
tot_aggregated_send: 0
tot_msg_rcv: 29274
tot_msg_sent: 28609
tot_reconf_duration: 4.8100000000000005
tot_sleeping_duration: 2074385.562440013
tot_uptimes: 540
tot_uptimes_duration: 32340.042559986876
