comms_cons: 213.02391678135785
finished_reconf: true
global_termination_time: 2107771.235
local_termination_time: 1034253.430239999
node_cons: 43307.47517005575
tot_aggregated_send: 28536
tot_msg_rcv: 1328
tot_msg_sent: 2512
tot_reconf_duration: 3.05
tot_sleeping_duration: 2075431.180280018
tot_uptimes: 540
tot_uptimes_duration: 32340.054719982145
