comms_cons: 207.95111679088524
finished_reconf: true
global_termination_time: 2106717.245
local_termination_time: 785203.845
node_cons: 43313.02764351336
tot_aggregated_send: 30274
tot_msg_rcv: 419
tot_msg_sent: 913
tot_reconf_duration: 5.43
tot_sleeping_duration: 2074375.4573200047
tot_uptimes: 540
tot_uptimes_duration: 32341.78767999541
