comms_cons: 180.0344831939724
finished_reconf: true
global_termination_time: 1826410.233
local_termination_time: 5527.585
node_cons: 37540.52157999985
tot_aggregated_send: 26026
tot_msg_rcv: 483
tot_msg_sent: 855
tot_reconf_duration: 16.009999999999998
tot_sleeping_duration: 1798390.233
tot_uptimes: 468
tot_uptimes_duration: 28020.0
