comms_cons: 129.83484159031775
finished_reconf: true
global_termination_time: 1291807.661119999
local_termination_time: 1291807.619999999
node_cons: 26594.98882285708
tot_aggregated_send: 17908
tot_msg_rcv: 568
tot_msg_sent: 1258
tot_reconf_duration: 24.59
tot_sleeping_duration: 1271970.7712000161
tot_uptimes: 331
tot_uptimes_duration: 19836.889919982845
