comms_cons: 121.76125439527718
finished_reconf: true
global_termination_time: 1233346.403
local_termination_time: 544830.9534799998
node_cons: 25314.025800000007
tot_aggregated_send: 17806
tot_msg_rcv: 241
tot_msg_sent: 460
tot_reconf_duration: 5.1
tot_sleeping_duration: 1214446.403
tot_uptimes: 316
tot_uptimes_duration: 18900.0
