comms_cons: 123.34039679349792
finished_reconf: true
global_termination_time: 1234533.494
local_termination_time: 348100.7313600005
node_cons: 25407.959380000022
tot_aggregated_send: 17516
tot_msg_rcv: 433
tot_msg_sent: 798
tot_reconf_duration: 15.110000000000001
tot_sleeping_duration: 1215573.494
tot_uptimes: 317
tot_uptimes_duration: 18960.0
