comms_cons: 126.05709438749052
finished_reconf: true
global_termination_time: 1232948.882
local_termination_time: 249598.0846000001
node_cons: 25311.31816942991
tot_aggregated_send: 16414
tot_msg_rcv: 878
tot_msg_sent: 1868
tot_reconf_duration: 3.05
tot_sleeping_duration: 1214048.8250400077
tot_uptimes: 316
tot_uptimes_duration: 18900.05695999245
