comms_cons: 127.9785983856149
finished_reconf: true
global_termination_time: 1231538.844
local_termination_time: 73052.60535999999
node_cons: 25322.532250058463
tot_aggregated_send: 16066
tot_msg_rcv: 1179
tot_msg_sent: 2207
tot_reconf_duration: 11.31
tot_sleeping_duration: 1212638.789280016
tot_uptimes: 316
tot_uptimes_duration: 18900.054719983877
