comms_cons: 284.55040002092795
finished_reconf: true
global_termination_time: 2822805.539
local_termination_time: 636736.4937999994
node_cons: 58026.35242558338
tot_aggregated_send: 38802
tot_msg_rcv: 1492
tot_msg_sent: 2956
tot_reconf_duration: 15.34
tot_sleeping_duration: 2779485.5086000115
tot_uptimes: 723
tot_uptimes_duration: 43320.0303999884
