comms_cons: 1366.3782086939207
finished_reconf: true
global_termination_time: 2822449.3415599987
local_termination_time: 2822449.3004399985
node_cons: 171663.01414169406
tot_aggregated_send: 0
tot_msg_rcv: 83847
tot_msg_sent: 123834
tot_reconf_duration: 24.59
tot_sleeping_duration: 2694271.8800800135
tot_uptimes: 2094
tot_uptimes_duration: 128177.46147998501
