comms_cons: 94.16862079714019
finished_reconf: true
global_termination_time: 958561.475
local_termination_time: 4300.932000000001
node_cons: 19687.118647838568
tot_aggregated_send: 12872
tot_msg_rcv: 478
tot_msg_sent: 963
tot_reconf_duration: 2.77
tot_sleeping_duration: 943861.4324400012
tot_uptimes: 246
tot_uptimes_duration: 14700.04255999891
