comms_cons: 97.47930879373925
finished_reconf: true
global_termination_time: 958776.046
local_termination_time: 6661.436
node_cons: 19697.6920289554
tot_aggregated_send: 12981
tot_msg_rcv: 608
tot_msg_sent: 1228
tot_reconf_duration: 10.55
tot_sleeping_duration: 944075.9973600034
tot_uptimes: 246
tot_uptimes_duration: 14700.048639996545
