comms_cons: 127.33232639392627
finished_reconf: true
global_termination_time: 1269222.853759998
local_termination_time: 1269222.812639998
node_cons: 26240.30174470622
tot_aggregated_send: 17954
tot_msg_rcv: 468
tot_msg_sent: 930
tot_reconf_duration: 37.410000000000004
tot_sleeping_duration: 1249663.8552800082
tot_uptimes: 326
tot_uptimes_duration: 19558.99847998967
