comms_cons: 126.78118399715262
finished_reconf: true
global_termination_time: 1271752.269
local_termination_time: 252783.5022000002
node_cons: 26118.06406000005
tot_aggregated_send: 18154
tot_msg_rcv: 425
tot_msg_sent: 691
tot_reconf_duration: 5.57
tot_sleeping_duration: 1252252.269
tot_uptimes: 326
tot_uptimes_duration: 19500.0
