comms_cons: 129.2554239880861
finished_reconf: true
global_termination_time: 1269729.07
local_termination_time: 441851.147
node_cons: 26120.316490219164
tot_aggregated_send: 17224
tot_msg_rcv: 789
tot_msg_sent: 1633
tot_reconf_duration: 5.43
tot_sleeping_duration: 1250227.2458400156
tot_uptimes: 326
tot_uptimes_duration: 19501.82415998442
