comms_cons: 87.97476479468894
finished_reconf: true
global_termination_time: 870290.364
local_termination_time: 31716.378120000005
node_cons: 17874.712478156558
tot_aggregated_send: 11890
tot_msg_rcv: 494
tot_msg_sent: 988
tot_reconf_duration: 18.21
tot_sleeping_duration: 856959.5325600025
tot_uptimes: 223
tot_uptimes_duration: 13330.831439997413
