comms_cons: 261.23368319023774
finished_reconf: true
global_termination_time: 2625479.206
local_termination_time: 1072551.1533599996
node_cons: 54008.99937999895
tot_aggregated_send: 37816
tot_msg_rcv: 743
tot_msg_sent: 1146
tot_reconf_duration: 15.110000000000001
tot_sleeping_duration: 2585159.206
tot_uptimes: 673
tot_uptimes_duration: 40320.0
