comms_cons: 267.6304383718818
finished_reconf: true
global_termination_time: 2626086.482
local_termination_time: 312047.92080000025
node_cons: 53995.11781452287
tot_aggregated_send: 35090
tot_msg_rcv: 2067
tot_msg_sent: 3521
tot_reconf_duration: 4.8100000000000005
tot_sleeping_duration: 2585766.402960027
tot_uptimes: 673
tot_uptimes_duration: 40320.079039972916
