comms_cons: 258.12833279140233
finished_reconf: true
global_termination_time: 2627696.72
local_termination_time: 2059659.5506
node_cons: 54004.64019999928
tot_aggregated_send: 37642
tot_msg_rcv: 539
tot_msg_sent: 1053
tot_reconf_duration: 11.899999999999999
tot_sleeping_duration: 2587376.72
tot_uptimes: 673
tot_uptimes_duration: 40319.99999999997
