comms_cons: 296.1692672167472
finished_reconf: true
global_termination_time: 2958215.048
local_termination_time: 620206.7285999998
node_cons: 60824.330223349614
tot_aggregated_send: 41470
tot_msg_rcv: 1223
tot_msg_sent: 2323
tot_reconf_duration: 5.1
tot_sleeping_duration: 2912795.029760007
tot_uptimes: 758
tot_uptimes_duration: 45420.01823999314
