comms_cons: 297.044300829329
finished_reconf: true
global_termination_time: 2961820.052
local_termination_time: 934132.0393599999
node_cons: 60932.09368223287
tot_aggregated_send: 41586
tot_msg_rcv: 1205
tot_msg_sent: 2358
tot_reconf_duration: 25.299999999999997
tot_sleeping_duration: 2916340.0398400044
tot_uptimes: 759
tot_uptimes_duration: 45480.0121599955
