comms_cons: 14.84988160012616
finished_reconf: true
global_termination_time: 150500.479
local_termination_time: 11869.429
node_cons: 3097.8451057614357
tot_aggregated_send: 2028
tot_msg_rcv: 63
tot_msg_sent: 167
tot_reconf_duration: 22.65
tot_sleeping_duration: 148209.89915999892
tot_uptimes: 39
tot_uptimes_duration: 2290.5798400010717
