comms_cons: 222.10063358856783
finished_reconf: true
global_termination_time: 2281648.946
local_termination_time: 526719.8773599999
node_cons: 46922.710041116334
tot_aggregated_send: 31436
tot_msg_rcv: 636
tot_msg_sent: 1686
tot_reconf_duration: 3.05
tot_sleeping_duration: 2246608.9399200026
tot_uptimes: 585
tot_uptimes_duration: 35040.006079997635
