comms_cons: 10.261363200178149
finished_reconf: true
global_termination_time: 77158.828
local_termination_time: 6802.123
node_cons: 1560.909723360591
tot_aggregated_send: 162
tot_msg_rcv: 691
tot_msg_sent: 711
tot_reconf_duration: 25.35
tot_sleeping_duration: 76018.80975999955
tot_uptimes: 20
tot_uptimes_duration: 1140.0182400004414
