comms_cons: 17.638835199936466
finished_reconf: true
global_termination_time: 182957.453
local_termination_time: 109834.82647999996
node_cons: 3726.3987000000147
tot_aggregated_send: 2610
tot_msg_rcv: 34
tot_msg_sent: 37
tot_reconf_duration: 22.65
tot_sleeping_duration: 180197.453
tot_uptimes: 47
tot_uptimes_duration: 2760.0
