comms_cons: 776.8030594231085
finished_reconf: true
global_termination_time: 2668596.359
local_termination_time: 1571368.8644799998
node_cons: 108687.9789009968
tot_aggregated_send: 0
tot_msg_rcv: 39656
tot_msg_sent: 78414
tot_reconf_duration: 18.21
tot_sleeping_duration: 2587443.82
tot_uptimes: 1344
tot_uptimes_duration: 81152.539
