comms_cons: 269.7805824035253
finished_reconf: true
global_termination_time: 2670655.574
local_termination_time: 1611865.8542799994
node_cons: 54906.60182334965
tot_aggregated_send: 36598
tot_msg_rcv: 1466
tot_msg_sent: 2941
tot_reconf_duration: 25.299999999999997
tot_sleeping_duration: 2629675.5557600074
tot_uptimes: 684
tot_uptimes_duration: 40980.0182399929
