comms_cons: 68.63484160038286
finished_reconf: true
global_termination_time: 694125.143
local_termination_time: 4371.156
node_cons: 14234.523182240602
tot_aggregated_send: 9907
tot_msg_rcv: 175
tot_msg_sent: 350
tot_reconf_duration: 10.55
tot_sleeping_duration: 683505.1308399995
tot_uptimes: 178
tot_uptimes_duration: 10620.012160000435
