comms_cons: 869.4939142285571
finished_reconf: true
global_termination_time: 2983612.062
local_termination_time: 896527.0454799999
node_cons: 121785.84927099606
tot_aggregated_send: 0
tot_msg_rcv: 44297
tot_msg_sent: 87861
tot_reconf_duration: 18.21
tot_sleeping_duration: 2892677.6930000004
tot_uptimes: 1502
tot_uptimes_duration: 90934.36899999986
