comms_cons: 588.3975940202812
finished_reconf: true
global_termination_time: 2983612.062
local_termination_time: 896530.5165999999
node_cons: 61410.54312334966
tot_aggregated_send: 0
tot_msg_rcv: 45136
tot_msg_sent: 44297
tot_reconf_duration: 22.65
tot_sleeping_duration: 2937772.043760007
tot_uptimes: 765
tot_uptimes_duration: 45840.01823999314
