comms_cons: 303.83342082753535
finished_reconf: true
global_termination_time: 2986674.455
local_termination_time: 858224.2299199983
node_cons: 61385.770466700145
tot_aggregated_send: 40716
tot_msg_rcv: 1864
tot_msg_sent: 3600
tot_reconf_duration: 4.390000000000001
tot_sleeping_duration: 2940834.4185200143
tot_uptimes: 765
tot_uptimes_duration: 45840.03647998604
