comms_cons: 302.77715841448105
finished_reconf: true
global_termination_time: 2983475.495
local_termination_time: 43802.59904000006
node_cons: 61388.27403133865
tot_aggregated_send: 41702
tot_msg_rcv: 1701
tot_msg_sent: 2617
tot_reconf_duration: 6.22
tot_sleeping_duration: 2937635.4447600152
tot_uptimes: 765
tot_uptimes_duration: 45840.05023998494
