comms_cons: 454.97889288580774
finished_reconf: true
global_termination_time: 4520762.16
local_termination_time: 518921.7973600001
node_cons: 92984.20382893308
tot_aggregated_send: 62640
tot_msg_rcv: 2344
tot_msg_sent: 4171
tot_reconf_duration: 22.65
tot_sleeping_duration: 4451342.111360018
tot_uptimes: 1158
tot_uptimes_duration: 69420.04863998177
