comms_cons: 447.4651776529733
finished_reconf: true
global_termination_time: 4521592.676
local_termination_time: 811813.2249199984
node_cons: 92957.57074669912
tot_aggregated_send: 62524
tot_msg_rcv: 1824
tot_msg_sent: 3665
tot_reconf_duration: 3.05
tot_sleeping_duration: 4452172.639520014
tot_uptimes: 1158
tot_uptimes_duration: 69420.03647998627
