comms_cons: 56.09425920085686
finished_reconf: true
global_termination_time: 571463.391
local_termination_time: 215548.99028000032
node_cons: 11740.259559999988
tot_aggregated_send: 7830
tot_msg_rcv: 225
tot_msg_sent: 471
tot_reconf_duration: 7.819999999999999
tot_sleeping_duration: 562703.391
tot_uptimes: 147
tot_uptimes_duration: 8760.0
