comms_cons: 56.16005120058267
finished_reconf: true
global_termination_time: 571589.876
local_termination_time: 317465.73536000005
node_cons: 11745.007121121444
tot_aggregated_send: 7946
tot_msg_rcv: 220
tot_msg_sent: 370
tot_reconf_duration: 11.31
tot_sleeping_duration: 562829.8699199989
tot_uptimes: 147
tot_uptimes_duration: 8760.006080001069
