comms_cons: 76.6082047969773
finished_reconf: true
global_termination_time: 757960.6974799999
local_termination_time: 757960.6563599999
node_cons: 15655.145643196349
tot_aggregated_send: 10414
tot_msg_rcv: 407
tot_msg_sent: 822
tot_reconf_duration: 37.410000000000004
tot_sleeping_duration: 746306.9686800026
tot_uptimes: 195
tot_uptimes_duration: 11653.728799997247
