comms_cons: 119.04180479966018
finished_reconf: true
global_termination_time: 758649.408
local_termination_time: 147655.10199999998
node_cons: 15599.054658489988
tot_aggregated_send: 0
tot_msg_rcv: 9316
tot_msg_sent: 8777
tot_reconf_duration: 6.279999999999999
tot_sleeping_duration: 747005.9976799926
tot_uptimes: 195
tot_uptimes_duration: 11643.410320007446
