comms_cons: 76.38902399865724
finished_reconf: true
global_termination_time: 758618.601
local_termination_time: 482888.3523600001
node_cons: 15603.127822238293
tot_aggregated_send: 10208
tot_msg_rcv: 479
tot_msg_sent: 923
tot_reconf_duration: 12.629999999999999
tot_sleeping_duration: 746978.5888400013
tot_uptimes: 195
tot_uptimes_duration: 11640.012159998703
