comms_cons: 76.77268479677167
finished_reconf: true
global_termination_time: 759402.915
local_termination_time: 143528.0331600003
node_cons: 15601.359685593377
tot_aggregated_send: 9628
tot_msg_rcv: 762
tot_msg_sent: 1279
tot_reconf_duration: 11.31
tot_sleeping_duration: 747762.884600005
tot_uptimes: 195
tot_uptimes_duration: 11640.030399995041
