comms_cons: 73.3659135992244
finished_reconf: true
global_termination_time: 738565.94
local_termination_time: 496151.8232000006
node_cons: 15301.754838800847
tot_aggregated_send: 10788
tot_msg_rcv: 153
tot_msg_sent: 211
tot_reconf_duration: 25.299999999999997
tot_sleeping_duration: 727163.8507999993
tot_uptimes: 190
tot_uptimes_duration: 11402.089200000628
