comms_cons: 76.62353919581362
finished_reconf: true
global_termination_time: 739578.775
local_termination_time: 137455.57400000043
node_cons: 15194.92026559335
tot_aggregated_send: 9686
tot_msg_rcv: 681
tot_msg_sent: 1280
tot_reconf_duration: 7.819999999999999
tot_sleeping_duration: 728238.744600005
tot_uptimes: 190
tot_uptimes_duration: 11340.030399995041
