comms_cons: 73.28570880018373
finished_reconf: true
global_termination_time: 741406.217
local_termination_time: 165698.48868000027
node_cons: 15192.714901121455
tot_aggregated_send: 10150
tot_msg_rcv: 292
tot_msg_sent: 697
tot_reconf_duration: 6.22
tot_sleeping_duration: 730066.2109199989
tot_uptimes: 190
tot_uptimes_duration: 11340.006080001069
