comms_cons: 73.18817919957772
finished_reconf: true
global_termination_time: 740703.95
local_termination_time: 119649.57735999944
node_cons: 15191.80715303928
tot_aggregated_send: 10556
tot_msg_rcv: 166
tot_msg_sent: 403
tot_reconf_duration: 5.43
tot_sleeping_duration: 729363.8206400005
tot_uptimes: 190
tot_uptimes_duration: 11340.129359999439
