comms_cons: 799.866445002609
finished_reconf: true
global_termination_time: 7975157.369
local_termination_time: 2859965.9595599994
node_cons: 164075.16870781415
tot_aggregated_send: 110780
tot_msg_rcv: 3910
tot_msg_sent: 6884
tot_reconf_duration: 15.34
tot_sleeping_duration: 7852637.326440015
tot_uptimes: 2043
tot_uptimes_duration: 122520.04255998507
