comms_cons: 802.2824322225422
finished_reconf: true
global_termination_time: 7980586.85
local_termination_time: 2879770.1426799996
node_cons: 164143.21336893184
tot_aggregated_send: 109272
tot_msg_rcv: 4554
tot_msg_sent: 8115
tot_reconf_duration: 6.279999999999999
tot_sleeping_duration: 7858006.801360017
tot_uptimes: 2044
tot_uptimes_duration: 122580.04863998294
