comms_cons: 784.9469248960975
finished_reconf: true
global_termination_time: 7977199.019
local_termination_time: 3864142.456959998
node_cons: 164065.2987844627
tot_aggregated_send: 110780
tot_msg_rcv: 2838
tot_msg_sent: 5686
tot_reconf_duration: 8.09
tot_sleeping_duration: 7854678.994680009
tot_uptimes: 2043
tot_uptimes_duration: 122520.02431999147
