comms_cons: 779.5129856819108
finished_reconf: true
global_termination_time: 7978599.243
local_termination_time: 3957420.2819999987
node_cons: 164147.01580334562
tot_aggregated_send: 111070
tot_msg_rcv: 2421
tot_msg_sent: 4991
tot_reconf_duration: 9.11
tot_sleeping_duration: 7856019.224760006
tot_uptimes: 2044
tot_uptimes_duration: 122580.0182399936
