comms_cons: 786.175552125389
finished_reconf: true
global_termination_time: 7978872.282
local_termination_time: 4004593.219
node_cons: 164160.05243878093
tot_aggregated_send: 110603
tot_msg_rcv: 3208
tot_msg_sent: 5684
tot_reconf_duration: 15.110000000000001
tot_sleeping_duration: 7856288.6128000105
tot_uptimes: 2044
tot_uptimes_duration: 122583.66919998964
