comms_cons: 773.1065856861629
finished_reconf: true
global_termination_time: 7975036.887
local_termination_time: 5186788.840799999
node_cons: 164069.1500999946
tot_aggregated_send: 110954
tot_msg_rcv: 1960
tot_msg_sent: 4593
tot_reconf_duration: 10.95
tot_sleeping_duration: 7852516.887
tot_uptimes: 2043
tot_uptimes_duration: 122520.0
