comms_cons: 795.7138306102831
finished_reconf: true
global_termination_time: 7974912.858
local_termination_time: 2214241.949
node_cons: 164065.52375708878
tot_aggregated_send: 110314
tot_msg_rcv: 3330
tot_msg_sent: 7300
tot_reconf_duration: 5.43
tot_sleeping_duration: 7852389.967920019
tot_uptimes: 2043
tot_uptimes_duration: 122522.89007998072
