comms_cons: 71.77311999747384
finished_reconf: true
global_termination_time: 716568.699
local_termination_time: 505520.1832800008
node_cons: 14708.76012111685
tot_aggregated_send: 9860
tot_msg_rcv: 297
tot_msg_sent: 753
tot_reconf_duration: 4.8100000000000005
tot_sleeping_duration: 705588.6929200024
tot_uptimes: 184
tot_uptimes_duration: 10980.006079997635
