comms_cons: 105.22906239642636
finished_reconf: true
global_termination_time: 1044649.974
local_termination_time: 5848.282
node_cons: 21457.662288957683
tot_aggregated_send: 13625
tot_msg_rcv: 792
tot_msg_sent: 1577
tot_reconf_duration: 5.02
tot_sleeping_duration: 1028629.9253600019
tot_uptimes: 268
tot_uptimes_duration: 16020.048639998247
