comms_cons: 69.1003647986741
finished_reconf: true
global_termination_time: 674336.649
local_termination_time: 38009.136480000016
node_cons: 13826.076624481144
tot_aggregated_send: 8874
tot_msg_rcv: 526
tot_msg_sent: 1103
tot_reconf_duration: 5.57
tot_sleeping_duration: 664016.6246799992
tot_uptimes: 173
tot_uptimes_duration: 10320.02432000084
