comms_cons: 70.99873919816649
finished_reconf: true
global_termination_time: 674256.975
local_termination_time: 348347.49588000093
node_cons: 13822.727768957691
tot_aggregated_send: 8584
tot_msg_rcv: 808
tot_msg_sent: 1398
tot_reconf_duration: 3.08
tot_sleeping_duration: 663936.9263600018
tot_uptimes: 173
tot_uptimes_duration: 10320.048639998247
