comms_cons: 68.83062399976019
finished_reconf: true
global_termination_time: 673023.085
local_termination_time: 392269.8690400003
node_cons: 13911.62050111683
tot_aggregated_send: 9338
tot_msg_rcv: 432
tot_msg_sent: 691
tot_reconf_duration: 9.42
tot_sleeping_duration: 662643.0789200023
tot_uptimes: 173
tot_uptimes_duration: 10380.006079997635
