comms_cons: 95.59640321375814
finished_reconf: true
global_termination_time: 482925.7716000002
local_termination_time: 170.91603999999998
node_cons: 9927.134751762273
tot_aggregated_send: 0
tot_msg_rcv: 7400
tot_msg_sent: 7130
tot_reconf_duration: 18.21
tot_sleeping_duration: 475530.3977599985
tot_uptimes: 124
tot_uptimes_duration: 7395.373840001688
