comms_cons: 49.377523200425216
finished_reconf: true
global_termination_time: 482962.246
local_termination_time: 153349.82104000077
node_cons: 9890.274901121444
tot_aggregated_send: 6438
tot_msg_rcv: 374
tot_msg_sent: 694
tot_reconf_duration: 6.22
tot_sleeping_duration: 475582.2399199989
tot_uptimes: 124
tot_uptimes_duration: 7380.006080001069
