comms_cons: 196.0831871078992
finished_reconf: true
global_termination_time: 1135953.039
local_termination_time: 318725.30636000005
node_cons: 23307.177086700987
tot_aggregated_send: 0
tot_msg_rcv: 15350
tot_msg_sent: 14452
tot_reconf_duration: 6.279999999999999
tot_sleeping_duration: 1118553.0025200143
tot_uptimes: 291
tot_uptimes_duration: 17400.036479985807
