comms_cons: 114.64327039126209
finished_reconf: true
global_termination_time: 1138517.916
local_termination_time: 345477.57516000036
node_cons: 23409.763828948522
tot_aggregated_send: 15138
tot_msg_rcv: 788
tot_msg_sent: 1499
tot_reconf_duration: 22.65
tot_sleeping_duration: 1121057.8673600086
tot_uptimes: 292
tot_uptimes_duration: 17460.04863999138
