comms_cons: 112.24773119613624
finished_reconf: true
global_termination_time: 1137425.043
local_termination_time: 672852.1763199995
node_cons: 23404.334599999973
tot_aggregated_send: 15428
tot_msg_rcv: 657
tot_msg_sent: 976
tot_reconf_duration: 18.700000000000003
tot_sleeping_duration: 1119965.043
tot_uptimes: 292
tot_uptimes_duration: 17460.0
