comms_cons: 217.24893439355913
finished_reconf: true
global_termination_time: 2252594.393
local_termination_time: 829041.5993599999
node_cons: 46296.69614334992
tot_aggregated_send: 31204
tot_msg_rcv: 548
tot_msg_sent: 1268
tot_reconf_duration: 15.34
tot_sleeping_duration: 2218034.374760007
tot_uptimes: 577
tot_uptimes_duration: 34560.0182399929
