comms_cons: 223.44279038408067
finished_reconf: true
global_termination_time: 2248531.818
local_termination_time: 445316.60248000006
node_cons: 46226.29940558367
tot_aggregated_send: 30740
tot_msg_rcv: 1094
tot_msg_sent: 2128
tot_reconf_duration: 22.65
tot_sleeping_duration: 2214031.7876000116
tot_uptimes: 576
tot_uptimes_duration: 34500.03039998817
