comms_cons: 300.3799549794348
finished_reconf: true
global_termination_time: 2248396.266
local_termination_time: 1489504.6659199984
node_cons: 46206.12770111639
tot_aggregated_send: 0
tot_msg_rcv: 22978
tot_msg_sent: 22678
tot_reconf_duration: 7.819999999999999
tot_sleeping_duration: 2213896.259920002
tot_uptimes: 576
tot_uptimes_duration: 34500.006079997635
