comms_cons: 102.64867840039167
finished_reconf: true
global_termination_time: 1045431.621
local_termination_time: 448348.14600000094
node_cons: 21454.921900000096
tot_aggregated_send: 14848
tot_msg_rcv: 227
tot_msg_sent: 527
tot_reconf_duration: 3.05
tot_sleeping_duration: 1029411.621
tot_uptimes: 268
tot_uptimes_duration: 16020.0
