comms_cons: 424.28711679860106
finished_reconf: true
global_termination_time: 4353016.873
local_termination_time: 2696903.1767199985
node_cons: 89516.6448599975
tot_aggregated_send: 62234
tot_msg_rcv: 710
tot_msg_sent: 1544
tot_reconf_duration: 13.17
tot_sleeping_duration: 4286176.873
tot_uptimes: 1115
tot_uptimes_duration: 66840.0
