comms_cons: 76.55987839846624
finished_reconf: true
global_termination_time: 764055.167
local_termination_time: 366622.23260000005
node_cons: 15674.852663364274
tot_aggregated_send: 10150
tot_msg_rcv: 508
tot_msg_sent: 977
tot_reconf_duration: 6.279999999999999
tot_sleeping_duration: 752355.1487599968
tot_uptimes: 196
tot_uptimes_duration: 11700.018240003206
