comms_cons: 78.54311679575108
finished_reconf: true
global_termination_time: 763255.44
local_termination_time: 317065.853
node_cons: 15698.527422317515
tot_aggregated_send: 9974
tot_msg_rcv: 748
tot_msg_sent: 1217
tot_reconf_duration: 22.65
tot_sleeping_duration: 751554.3431200018
tot_uptimes: 196
tot_uptimes_duration: 11701.096879998106
