comms_cons: 75.42394879769704
finished_reconf: true
global_termination_time: 760489.39
local_termination_time: 466586.31336000003
node_cons: 15592.500121116853
tot_aggregated_send: 10556
tot_msg_rcv: 329
tot_msg_sent: 579
tot_reconf_duration: 4.8100000000000005
tot_sleeping_duration: 748849.3839200024
tot_uptimes: 195
tot_uptimes_duration: 11640.006079997635
