comms_cons: 77.51415039657361
finished_reconf: true
global_termination_time: 761889.889
local_termination_time: 110183.28935999998
node_cons: 15681.699685593396
tot_aggregated_send: 9744
tot_msg_rcv: 653
tot_msg_sent: 1384
tot_reconf_duration: 11.31
tot_sleeping_duration: 750189.8586000049
tot_uptimes: 196
tot_uptimes_duration: 11700.030399995041
