comms_cons: 76.97566719818208
finished_reconf: true
global_termination_time: 760869.192
local_termination_time: 298747.4794000008
node_cons: 15593.399068957662
tot_aggregated_send: 9628
tot_msg_rcv: 727
tot_msg_sent: 1345
tot_reconf_duration: 5.43
tot_sleeping_duration: 749229.1433600018
tot_uptimes: 195
tot_uptimes_duration: 11640.048639998247
