comms_cons: 146.7844608208828
finished_reconf: true
global_termination_time: 500845.76956000034
local_termination_time: 2529.670040000001
node_cons: 20562.80048484047
tot_aggregated_send: 0
tot_msg_rcv: 7484
tot_msg_sent: 14825
tot_reconf_duration: 6.22
tot_sleeping_duration: 485495.244
tot_uptimes: 256
tot_uptimes_duration: 15350.52556000033
