comms_cons: 2.303347199993792
finished_reconf: true
global_termination_time: 18426.226
local_termination_time: 6342.34636
node_cons: 327.32161999999926
tot_aggregated_send: 0
tot_msg_rcv: 178
tot_msg_sent: 172
tot_reconf_duration: 4.390000000000001
tot_sleeping_duration: 18186.226
tot_uptimes: 5
tot_uptimes_duration: 240.0
