comms_cons: 109.79368959286423
finished_reconf: true
global_termination_time: 1081169.244
local_termination_time: 668407.8980799996
node_cons: 22179.826043355144
tot_aggregated_send: 14674
tot_msg_rcv: 679
tot_msg_sent: 1335
tot_reconf_duration: 4.390000000000001
tot_sleeping_duration: 1064609.2257600038
tot_uptimes: 277
tot_uptimes_duration: 16560.018239996338
