comms_cons: 51.46312960050107
finished_reconf: true
global_termination_time: 526816.184
local_termination_time: 151302.68536000006
node_cons: 10771.529761121454
tot_aggregated_send: 7018
tot_msg_rcv: 229
tot_msg_sent: 575
tot_reconf_duration: 4.390000000000001
tot_sleeping_duration: 518776.17791999894
tot_uptimes: 135
tot_uptimes_duration: 8040.0060800010615
