comms_cons: 50.607833600319665
finished_reconf: true
global_termination_time: 526130.328
local_termination_time: 129546.72835999995
node_cons: 10769.701899999998
tot_aggregated_send: 6844
tot_msg_rcv: 321
tot_msg_sent: 528
tot_reconf_duration: 3.05
tot_sleeping_duration: 518090.328
tot_uptimes: 135
tot_uptimes_duration: 8040.0
