comms_cons: 105.41977599614623
finished_reconf: true
global_termination_time: 1049728.129
local_termination_time: 695175.0703599999
node_cons: 21537.66012111694
tot_aggregated_send: 14674
tot_msg_rcv: 479
tot_msg_sent: 871
tot_reconf_duration: 4.8100000000000005
tot_sleeping_duration: 1033648.1229200023
tot_uptimes: 269
tot_uptimes_duration: 16080.006079997635
