comms_cons: 105.99002879635636
finished_reconf: true
global_termination_time: 1049141.301
local_termination_time: 97280.48335999998
node_cons: 21546.511544471974
tot_aggregated_send: 14268
tot_msg_rcv: 568
tot_msg_sent: 1274
tot_reconf_duration: 11.31
tot_sleeping_duration: 1033061.2766800061
tot_uptimes: 269
tot_uptimes_duration: 16080.024319993972
