comms_cons: 97.51690239408313
finished_reconf: true
global_termination_time: 963852.833
local_termination_time: 377939.7120800006
node_cons: 19781.581847822432
tot_aggregated_send: 12934
tot_msg_rcv: 728
tot_msg_sent: 1160
tot_reconf_duration: 13.17
tot_sleeping_duration: 949092.7904400132
tot_uptimes: 247
tot_uptimes_duration: 14760.042559986876
