comms_cons: 97.27708799605199
finished_reconf: true
global_termination_time: 961893.027
local_termination_time: 641073.378
node_cons: 19804.205148621248
tot_aggregated_send: 12642
tot_msg_rcv: 689
tot_msg_sent: 1454
tot_reconf_duration: 18.700000000000003
tot_sleeping_duration: 947121.697240014
tot_uptimes: 247
tot_uptimes_duration: 14771.329759986023
