comms_cons: 96.99902719822867
finished_reconf: true
global_termination_time: 961999.952
local_termination_time: 511705.8817600009
node_cons: 19780.389734641234
tot_aggregated_send: 12876
tot_msg_rcv: 636
tot_msg_sent: 1234
tot_reconf_duration: 10.95
tot_sleeping_duration: 947238.5482399992
tot_uptimes: 247
tot_uptimes_duration: 14761.403760000889
