comms_cons: 99.49653119131324
finished_reconf: true
global_termination_time: 960318.791
local_termination_time: 168082.94412000093
node_cons: 19691.81188895308
tot_aggregated_send: 12586
tot_msg_rcv: 905
tot_msg_sent: 1631
tot_reconf_duration: 6.22
tot_sleeping_duration: 945618.7423600052
tot_uptimes: 246
tot_uptimes_duration: 14700.048639994813
