comms_cons: 112.78567039788045
finished_reconf: true
global_termination_time: 1126157.4404799999
local_termination_time: 1126157.39936
node_cons: 23189.71236543808
tot_aggregated_send: 15762
tot_msg_rcv: 437
tot_msg_sent: 942
tot_reconf_duration: 24.59
tot_sleeping_duration: 1108863.6995200012
tot_uptimes: 289
tot_uptimes_duration: 17293.740959998533
