comms_cons: 115.09187839315389
finished_reconf: true
global_termination_time: 1126204.473
local_termination_time: 686755.6053599998
node_cons: 23158.80056671938
tot_aggregated_send: 14674
tot_msg_rcv: 882
tot_msg_sent: 1936
tot_reconf_duration: 15.34
tot_sleeping_duration: 1108924.4365200005
tot_uptimes: 289
tot_uptimes_duration: 17280.036479999544
