comms_cons: 114.17332479356372
finished_reconf: true
global_termination_time: 1128060.049
local_termination_time: 27035.49248
node_cons: 23143.954890074518
tot_aggregated_send: 14964
tot_msg_rcv: 810
tot_msg_sent: 1579
tot_reconf_duration: 4.390000000000001
tot_sleeping_duration: 1110779.9942800044
tot_uptimes: 289
tot_uptimes_duration: 17280.054719995882
