comms_cons: 129.6880319910754
finished_reconf: true
global_termination_time: 1292236.29812
local_termination_time: 1292236.257
node_cons: 26559.761875273358
tot_aggregated_send: 18024
tot_msg_rcv: 573
tot_msg_sent: 1114
tot_reconf_duration: 24.59
tot_sleeping_duration: 1272425.7166000048
tot_uptimes: 331
tot_uptimes_duration: 19810.581519995
