comms_cons: 127.37857919693377
finished_reconf: true
global_termination_time: 1295928.036
local_termination_time: 565555.4713199986
node_cons: 26598.51790223832
tot_aggregated_send: 17458
tot_msg_rcv: 610
tot_msg_sent: 1292
tot_reconf_duration: 4.390000000000001
tot_sleeping_duration: 1276068.0238400016
tot_uptimes: 332
tot_uptimes_duration: 19860.012159998703
