comms_cons: 175.2435711915912
finished_reconf: true
global_termination_time: 1752717.339
local_termination_time: 33726.76736000002
node_cons: 35998.314184480965
tot_aggregated_send: 24650
tot_msg_rcv: 650
tot_msg_sent: 1336
tot_reconf_duration: 4.390000000000001
tot_sleeping_duration: 1725837.3146799991
tot_uptimes: 449
tot_uptimes_duration: 26880.024320000783
