comms_cons: 604.7131457000258
finished_reconf: true
global_termination_time: 6087112.45
local_termination_time: 1860650.21336
node_cons: 125177.31662446378
tot_aggregated_send: 84854
tot_msg_rcv: 2490
tot_msg_sent: 4568
tot_reconf_duration: 5.57
tot_sleeping_duration: 5993632.42568001
tot_uptimes: 1559
tot_uptimes_duration: 93480.02431999077
