comms_cons: 28.882688000238687
finished_reconf: true
global_termination_time: 286360.004
local_termination_time: 83988.58735999996
node_cons: 5872.400342242858
tot_aggregated_send: 3828
tot_msg_rcv: 159
tot_msg_sent: 403
tot_reconf_duration: 5.57
tot_sleeping_duration: 281979.9918399979
tot_uptimes: 74
tot_uptimes_duration: 4380.0121600021375
