comms_cons: 29.449753600581477
finished_reconf: true
global_termination_time: 284602.487
local_termination_time: 137488.32636000004
node_cons: 5788.703345605717
tot_aggregated_send: 3480
tot_msg_rcv: 298
tot_msg_sent: 698
tot_reconf_duration: 3.08
tot_sleeping_duration: 280282.4565999957
tot_uptimes: 73
tot_uptimes_duration: 4320.03040000428
