comms_cons: 129.11679999731865
finished_reconf: true
global_termination_time: 1336354.169
local_termination_time: 644337.4693599999
node_cons: 27482.241620000063
tot_aggregated_send: 18676
tot_msg_rcv: 331
tot_msg_sent: 618
tot_reconf_duration: 4.390000000000001
tot_sleeping_duration: 1315834.169
tot_uptimes: 343
tot_uptimes_duration: 20520.0
