comms_cons: 242.0619263718231
finished_reconf: true
global_termination_time: 2402860.53
local_termination_time: 738901.2623599999
node_cons: 49413.31907993595
tot_aggregated_send: 32132
tot_msg_rcv: 1444
tot_msg_sent: 3216
tot_reconf_duration: 3.05
tot_sleeping_duration: 2365960.4723600172
tot_uptimes: 616
tot_uptimes_duration: 36900.05763998249
