comms_cons: 237.1960255780725
finished_reconf: true
global_termination_time: 2399343.014
local_termination_time: 893660.2183599999
node_cons: 49339.42840670042
tot_aggregated_send: 32306
tot_msg_rcv: 1302
tot_msg_sent: 2443
tot_reconf_duration: 7.819999999999999
tot_sleeping_duration: 2362502.977520014
tot_uptimes: 615
tot_uptimes_duration: 36840.03647998581
