comms_cons: 544.7241730334107
finished_reconf: true
global_termination_time: 2766770.707
local_termination_time: 1603.7093600000003
node_cons: 56896.119685588084
tot_aggregated_send: 0
tot_msg_rcv: 41731
tot_msg_sent: 41064
tot_reconf_duration: 11.31
tot_sleeping_duration: 2724290.676600008
tot_uptimes: 709
tot_uptimes_duration: 42480.03039999184
