comms_cons: 109.1890303932722
finished_reconf: true
global_termination_time: 1079012.203
local_termination_time: 171865.33356000026
node_cons: 22191.757424467458
tot_aggregated_send: 14906
tot_msg_rcv: 593
tot_msg_sent: 1098
tot_reconf_duration: 13.17
tot_sleeping_duration: 1062452.1786800094
tot_uptimes: 277
tot_uptimes_duration: 16560.024319990596
