comms_cons: 109.21192959396305
finished_reconf: true
global_termination_time: 1079372.657
local_termination_time: 322619.16336000006
node_cons: 22184.842502233732
tot_aggregated_send: 14326
tot_msg_rcv: 784
tot_msg_sent: 1490
tot_reconf_duration: 8.09
tot_sleeping_duration: 1062812.6448400046
tot_uptimes: 277
tot_uptimes_duration: 16560.01215999527
