comms_cons: 108.28209919602071
finished_reconf: true
global_termination_time: 1077260.059
local_termination_time: 685363.5700799996
node_cons: 22108.38638223363
tot_aggregated_send: 14674
tot_msg_rcv: 628
tot_msg_sent: 1156
tot_reconf_duration: 10.95
tot_sleeping_duration: 1060760.0468400046
tot_uptimes: 276
tot_uptimes_duration: 16500.01215999527
