comms_cons: 108.32023039290954
finished_reconf: true
global_termination_time: 1076799.043
local_termination_time: 224801.825
node_cons: 22103.339738485396
tot_aggregated_send: 14381
tot_msg_rcv: 635
tot_msg_sent: 1449
tot_reconf_duration: 4.8100000000000005
tot_sleeping_duration: 1060296.572679996
tot_uptimes: 276
tot_uptimes_duration: 16502.47032000401
