comms_cons: 109.90146559023651
finished_reconf: true
global_termination_time: 1079480.577
local_termination_time: 302762.83968000073
node_cons: 22189.288532308175
tot_aggregated_send: 13804
tot_msg_rcv: 977
tot_msg_sent: 1924
tot_reconf_duration: 11.31
tot_sleeping_duration: 1062920.510120009
tot_uptimes: 277
tot_uptimes_duration: 16560.06687999115
