comms_cons: 425.74626568443347
finished_reconf: true
global_termination_time: 4221588.906
local_termination_time: 2663614.1993599995
node_cons: 86851.72260558256
tot_aggregated_send: 58116
tot_msg_rcv: 2005
tot_msg_sent: 4589
tot_reconf_duration: 3.05
tot_sleeping_duration: 4156728.8756000116
tot_uptimes: 1082
tot_uptimes_duration: 64860.03039998887
