comms_cons: 70.48359680001023
finished_reconf: true
global_termination_time: 713548.079
local_termination_time: 282322.6585600003
node_cons: 14626.021900000085
tot_aggregated_send: 10266
tot_msg_rcv: 159
tot_msg_sent: 288
tot_reconf_duration: 3.05
tot_sleeping_duration: 702628.079
tot_uptimes: 183
tot_uptimes_duration: 10920.0
