comms_cons: 70.94414079791369
finished_reconf: true
global_termination_time: 709638.7061599992
local_termination_time: 709638.6650399993
node_cons: 14611.651706481922
tot_aggregated_send: 10020
tot_msg_rcv: 274
tot_msg_sent: 489
tot_reconf_duration: 24.59
tot_sleeping_duration: 698751.2838399978
tot_uptimes: 182
tot_uptimes_duration: 10887.42232000141
