comms_cons: 262.0252287878787
finished_reconf: true
global_termination_time: 2649043.997
local_termination_time: 227103.17436000006
node_cons: 54501.32754671389
tot_aggregated_send: 36076
tot_msg_rcv: 1452
tot_msg_sent: 2299
tot_reconf_duration: 22.65
tot_sleeping_duration: 2608363.960520004
tot_uptimes: 679
tot_uptimes_duration: 40680.03647999611
