comms_cons: 520.1632513243388
finished_reconf: true
global_termination_time: 2646505.138
local_termination_time: 350.0210399999995
node_cons: 54398.63490111595
tot_aggregated_send: 0
tot_msg_rcv: 39790
tot_msg_sent: 39269
tot_reconf_duration: 6.22
tot_sleeping_duration: 2605885.1319200024
tot_uptimes: 678
tot_uptimes_duration: 40620.006079997635
