comms_cons: 230.93054719881738
finished_reconf: true
global_termination_time: 2323612.688
local_termination_time: 697332.20436
node_cons: 47836.66554111627
tot_aggregated_send: 33234
tot_msg_rcv: 613
tot_msg_sent: 1253
tot_reconf_duration: 25.299999999999997
tot_sleeping_duration: 2287912.681920002
tot_uptimes: 596
tot_uptimes_duration: 35700.00607999762
