comms_cons: 91.96405759582251
finished_reconf: true
global_termination_time: 904618.305
local_termination_time: 525139.2120799996
node_cons: 18564.501620000043
tot_aggregated_send: 12528
tot_msg_rcv: 584
tot_msg_sent: 866
tot_reconf_duration: 4.390000000000001
tot_sleeping_duration: 890758.305
tot_uptimes: 232
tot_uptimes_duration: 13860.0
