comms_cons: 2.9014271999904113
finished_reconf: true
global_termination_time: 16888.545
local_termination_time: 6646.86548
node_cons: 325.5426399999999
tot_aggregated_send: 0
tot_msg_rcv: 265
tot_msg_sent: 176
tot_reconf_duration: 3.08
tot_sleeping_duration: 16648.545
tot_uptimes: 5
tot_uptimes_duration: 240.0
