comms_cons: 3.217855999992841
finished_reconf: true
global_termination_time: 14504.192
local_termination_time: 5767.26248
node_cons: 255.89009999999976
tot_aggregated_send: 0
tot_msg_rcv: 318
tot_msg_sent: 169
tot_reconf_duration: 10.95
tot_sleeping_duration: 14324.192
tot_uptimes: 4
tot_uptimes_duration: 180.0
