comms_cons: 49.05451520056231
finished_reconf: true
global_termination_time: 491594.775
local_termination_time: 48138.16644000013
node_cons: 10049.040121121441
tot_aggregated_send: 6786
tot_msg_rcv: 207
tot_msg_sent: 463
tot_reconf_duration: 4.8100000000000005
tot_sleeping_duration: 484094.76891999895
tot_uptimes: 126
tot_uptimes_duration: 7500.006080001069
