comms_cons: 96.59386881407382
finished_reconf: true
global_termination_time: 493654.595
local_termination_time: 625.5515999999999
node_cons: 10128.809761121443
tot_aggregated_send: 0
tot_msg_rcv: 7370
tot_msg_sent: 7310
tot_reconf_duration: 4.390000000000001
tot_sleeping_duration: 486094.5889199989
tot_uptimes: 127
tot_uptimes_duration: 7560.006080001069
