comms_cons: 49.23936000036911
finished_reconf: true
global_termination_time: 490872.83812000015
local_termination_time: 68083.258
node_cons: 10073.476751918515
tot_aggregated_send: 6608
tot_msg_rcv: 267
tot_msg_sent: 609
tot_reconf_duration: 7.819999999999999
tot_sleeping_duration: 483357.6348400013
tot_uptimes: 126
tot_uptimes_duration: 7515.203279998874
