comms_cons: 229.77354238472438
finished_reconf: true
global_termination_time: 2307397.979
local_termination_time: 809730.1776799985
node_cons: 47425.36988558813
tot_aggregated_send: 31958
tot_msg_rcv: 981
tot_msg_sent: 1985
tot_reconf_duration: 18.21
tot_sleeping_duration: 2271997.948600008
tot_uptimes: 591
tot_uptimes_duration: 35400.03039999161
