comms_cons: 230.3518399976678
finished_reconf: true
global_termination_time: 2304355.543
local_termination_time: 969766.4133599999
node_cons: 47409.12823999945
tot_aggregated_send: 32654
tot_msg_rcv: 797
tot_msg_sent: 1561
tot_reconf_duration: 6.279999999999999
tot_sleeping_duration: 2268955.543
tot_uptimes: 591
tot_uptimes_duration: 35400.0
