comms_cons: 227.62716159315704
finished_reconf: true
global_termination_time: 2306069.32
local_termination_time: 937688.8443599999
node_cons: 47408.17220111619
tot_aggregated_send: 32770
tot_msg_rcv: 512
tot_msg_sent: 1316
tot_reconf_duration: 5.57
tot_sleeping_duration: 2270669.313920002
tot_uptimes: 591
tot_uptimes_duration: 35400.00607999764
