comms_cons: 228.41008639054346
finished_reconf: true
global_termination_time: 2305594.148
local_termination_time: 914993.0025999999
node_cons: 47434.957399999475
tot_aggregated_send: 32886
tot_msg_rcv: 692
tot_msg_sent: 1139
tot_reconf_duration: 25.299999999999997
tot_sleeping_duration: 2270194.148
tot_uptimes: 591
tot_uptimes_duration: 35400.0
