comms_cons: 227.37057279495642
finished_reconf: true
global_termination_time: 2305939.32
local_termination_time: 918327.7902799982
node_cons: 47421.43171999937
tot_aggregated_send: 33350
tot_msg_rcv: 351
tot_msg_sent: 858
tot_reconf_duration: 15.34
tot_sleeping_duration: 2270539.32
tot_uptimes: 591
tot_uptimes_duration: 35400.0
