comms_cons: 48.75892480101768
finished_reconf: true
global_termination_time: 481048.21936000016
local_termination_time: 137039.54360000006
node_cons: 9912.890589040217
tot_aggregated_send: 6670
tot_msg_rcv: 279
tot_msg_sent: 462
tot_reconf_duration: 7.819999999999999
tot_sleeping_duration: 473652.946
tot_uptimes: 124
tot_uptimes_duration: 7395.273360000174
