comms_cons: 10.895155199891025
finished_reconf: true
global_termination_time: 95897.591
local_termination_time: 29895.490080000003
node_cons: 1946.077424477747
tot_aggregated_send: 696
tot_msg_rcv: 365
tot_msg_sent: 595
tot_reconf_duration: 13.17
tot_sleeping_duration: 94457.56668000169
tot_uptimes: 25
tot_uptimes_duration: 1440.024319998316
