comms_cons: 11.638259199878554
finished_reconf: true
global_termination_time: 95306.523
local_termination_time: 33814.82636000001
node_cons: 1943.5271211191475
tot_aggregated_send: 812
tot_msg_rcv: 384
tot_msg_sent: 572
tot_reconf_duration: 11.31
tot_sleeping_duration: 93866.51692000063
tot_uptimes: 25
tot_uptimes_duration: 1440.0060799993662
