comms_cons: 253.70599042447415
finished_reconf: true
global_termination_time: 319187.55900000053
local_termination_time: 13220.332520000002
node_cons: 31786.91789668603
tot_aggregated_send: 0
tot_msg_rcv: 17423
tot_msg_sent: 21139
tot_reconf_duration: 4.390000000000001
tot_sleeping_duration: 295452.7148799961
tot_uptimes: 385
tot_uptimes_duration: 23734.844120004476
