comms_cons: 74.43706879963118
finished_reconf: true
global_termination_time: 760722.979
local_termination_time: 653309.9723599999
node_cons: 15594.488240000052
tot_aggregated_send: 11136
tot_msg_rcv: 67
tot_msg_sent: 111
tot_reconf_duration: 6.279999999999999
tot_sleeping_duration: 749082.979
tot_uptimes: 195
tot_uptimes_duration: 11639.999999999993
