comms_cons: 76.0640127993771
finished_reconf: true
global_termination_time: 756761.6683199985
local_termination_time: 756761.6271999986
node_cons: 15619.835891842402
tot_aggregated_send: 10530
tot_msg_rcv: 351
tot_msg_sent: 681
tot_reconf_duration: 37.410000000000004
tot_sleeping_duration: 745134.3097599968
tot_uptimes: 194
tot_uptimes_duration: 11627.358560001767
