comms_cons: 75.92255999927184
finished_reconf: true
global_termination_time: 757752.46
local_termination_time: 361020.74336
node_cons: 15592.885799999993
tot_aggregated_send: 10788
tot_msg_rcv: 291
tot_msg_sent: 460
tot_reconf_duration: 5.1
tot_sleeping_duration: 746112.46
tot_uptimes: 195
tot_uptimes_duration: 11640.0
