comms_cons: 75.61537280022301
finished_reconf: true
global_termination_time: 757621.07
local_termination_time: 6033.652240000004
node_cons: 15645.689093360032
tot_aggregated_send: 10846
tot_msg_rcv: 246
tot_msg_sent: 402
tot_reconf_duration: 25.299999999999997
tot_sleeping_duration: 745962.1217599999
tot_uptimes: 195
tot_uptimes_duration: 11658.948240000005
