comms_cons: 74.44427519939401
finished_reconf: true
global_termination_time: 756842.719
local_termination_time: 207719.71936000005
node_cons: 15509.810781121438
tot_aggregated_send: 10904
tot_msg_rcv: 123
tot_msg_sent: 288
tot_reconf_duration: 3.08
tot_sleeping_duration: 745262.712919999
tot_uptimes: 194
tot_uptimes_duration: 11580.006080001069
