comms_cons: 74.85674239888601
finished_reconf: true
global_termination_time: 758536.241
local_termination_time: 332606.0853600001
node_cons: 15603.11154000003
tot_aggregated_send: 11020
tot_msg_rcv: 137
tot_msg_sent: 221
tot_reconf_duration: 12.629999999999999
tot_sleeping_duration: 746896.241
tot_uptimes: 195
tot_uptimes_duration: 11640.0
