comms_cons: 73.45676800014553
finished_reconf: true
global_termination_time: 756890.083
local_termination_time: 353132.59099999996
node_cons: 15546.0893833612
tot_aggregated_send: 11018
tot_msg_rcv: 33
tot_msg_sent: 114
tot_reconf_duration: 18.700000000000003
tot_sleeping_duration: 745298.824759999
tot_uptimes: 194
tot_uptimes_duration: 11591.258240000927
