comms_cons: 75.14104319951174
finished_reconf: true
global_termination_time: 759890.256
local_termination_time: 263930.80836
node_cons: 15591.921619999963
tot_aggregated_send: 10904
tot_msg_rcv: 173
tot_msg_sent: 344
tot_reconf_duration: 4.390000000000001
tot_sleeping_duration: 748250.256
tot_uptimes: 195
tot_uptimes_duration: 11640.0
