comms_cons: 74.74629119844059
finished_reconf: true
global_termination_time: 759361.126
local_termination_time: 554983.2901999997
node_cons: 15594.406760000142
tot_aggregated_send: 11078
tot_msg_rcv: 114
tot_msg_sent: 169
tot_reconf_duration: 6.22
tot_sleeping_duration: 747721.126
tot_uptimes: 195
tot_uptimes_duration: 11640.0
