comms_cons: 417.6357120608934
finished_reconf: true
global_termination_time: 4174069.953239997
local_termination_time: 282186.78148000006
node_cons: 85848.31841940622
tot_aggregated_send: 57884
tot_msg_rcv: 1702
tot_msg_sent: 3893
tot_reconf_duration: 18.21
tot_sleeping_duration: 4109974.6662800205
tot_uptimes: 1069
tot_uptimes_duration: 64095.28695997642
