comms_cons: 418.1922496736694
finished_reconf: true
global_termination_time: 4176352.334
local_termination_time: 855995.4443599998
node_cons: 85889.46232558256
tot_aggregated_send: 57478
tot_msg_rcv: 2181
tot_msg_sent: 3901
tot_reconf_duration: 4.390000000000001
tot_sleeping_duration: 4112212.303600011
tot_uptimes: 1070
tot_uptimes_duration: 64140.03039998864
