comms_cons: 230.14762239669705
finished_reconf: true
global_termination_time: 2323597.35748
local_termination_time: 2323597.3163599996
node_cons: 47854.067942073976
tot_aggregated_send: 33626
tot_msg_rcv: 476
tot_msg_sent: 879
tot_reconf_duration: 24.59
tot_sleeping_duration: 2287883.6347600035
tot_uptimes: 596
tot_uptimes_duration: 35713.72271999618
