comms_cons: 234.9109631871192
finished_reconf: true
global_termination_time: 2323597.919239997
local_termination_time: 137604.37448000006
node_cons: 47848.834527182116
tot_aggregated_send: 32364
tot_msg_rcv: 1255
tot_msg_sent: 2085
tot_reconf_duration: 18.21
tot_sleeping_duration: 2287881.63444001
tot_uptimes: 596
tot_uptimes_duration: 35716.2847999871
