comms_cons: 231.36177917644585
finished_reconf: true
global_termination_time: 2305240.591
local_termination_time: 819217.2501999986
node_cons: 47431.46453452748
tot_aggregated_send: 31146
tot_msg_rcv: 1350
tot_msg_sent: 2669
tot_reconf_duration: 22.65
tot_sleeping_duration: 2269840.511960024
tot_uptimes: 591
tot_uptimes_duration: 35400.07903997612
