comms_cons: 233.84312957935208
finished_reconf: true
global_termination_time: 2306329.375
local_termination_time: 1339020.45348
node_cons: 47408.25361228468
tot_aggregated_send: 31436
tot_msg_rcv: 1312
tot_msg_sent: 2795
tot_reconf_duration: 5.57
tot_sleeping_duration: 2270929.3081200263
tot_uptimes: 591
tot_uptimes_duration: 35400.06687997398
