comms_cons: 227.84248319537826
finished_reconf: true
global_termination_time: 2303031.216
local_termination_time: 1434778.9530000002
node_cons: 47343.108933193624
tot_aggregated_send: 33230
tot_msg_rcv: 473
tot_msg_sent: 927
tot_reconf_duration: 10.95
tot_sleeping_duration: 2267685.2572000045
tot_uptimes: 590
tot_uptimes_duration: 35345.95879999548
