comms_cons: 28.824102400189314
finished_reconf: true
global_termination_time: 292265.018
local_termination_time: 20082.538
node_cons: 5966.0161433597395
tot_aggregated_send: 3870
tot_msg_rcv: 102
tot_msg_sent: 409
tot_reconf_duration: 15.34
tot_sleeping_duration: 287824.9997600002
tot_uptimes: 75
tot_uptimes_duration: 4440.018239999801
