comms_cons: 111.31411199347284
finished_reconf: true
global_termination_time: 1096137.2062400004
local_termination_time: 59168.80256000015
node_cons: 22564.85849271559
tot_aggregated_send: 15080
tot_msg_rcv: 690
tot_msg_sent: 1149
tot_reconf_duration: 4.390000000000001
tot_sleeping_duration: 1079289.6357600037
tot_uptimes: 281
tot_uptimes_duration: 16847.570479996677
