comms_cons: 94.96668159750175
finished_reconf: true
global_termination_time: 920033.18724
local_termination_time: 401157.20596000063
node_cons: 18925.122842794284
tot_aggregated_send: 7772
tot_msg_rcv: 2742
tot_msg_sent: 3923
tot_reconf_duration: 18.21
tot_sleeping_duration: 905917.8820400044
tot_uptimes: 236
tot_uptimes_duration: 14115.305199995695
