comms_cons: 89.95082239812899
finished_reconf: true
global_termination_time: 924341.108
local_termination_time: 547665.6833599998
node_cons: 18967.80405999996
tot_aggregated_send: 13340
tot_msg_rcv: 103
tot_msg_sent: 229
tot_reconf_duration: 5.57
tot_sleeping_duration: 910181.108
tot_uptimes: 237
tot_uptimes_duration: 14160.0
