comms_cons: 88.115225599078
finished_reconf: true
global_termination_time: 924671.181
local_termination_time: 511930.8490400003
node_cons: 18994.59740000001
tot_aggregated_send: 12818
tot_msg_rcv: 191
tot_msg_sent: 384
tot_reconf_duration: 25.299999999999997
tot_sleeping_duration: 910511.181
tot_uptimes: 237
tot_uptimes_duration: 14160.0
