comms_cons: 91.27982080052334
finished_reconf: true
global_termination_time: 923317.6
local_termination_time: 408938.5206800007
node_cons: 18970.859560000037
tot_aggregated_send: 13340
tot_msg_rcv: 226
tot_msg_sent: 308
tot_reconf_duration: 7.819999999999999
tot_sleeping_duration: 909157.6
tot_uptimes: 237
tot_uptimes_duration: 14160.0
