comms_cons: 12.22282239984342
finished_reconf: true
global_termination_time: 98120.713
local_termination_time: 84775.23035999997
node_cons: 2026.4011422382996
tot_aggregated_send: 754
tot_msg_rcv: 416
tot_msg_sent: 687
tot_reconf_duration: 13.17
tot_sleeping_duration: 96620.70084000127
tot_uptimes: 26
tot_uptimes_duration: 1500.0121599987324
