comms_cons: 11.702252800016357
finished_reconf: true
global_termination_time: 99067.72
local_termination_time: 8478.669520000001
node_cons: 2014.477902239441
tot_aggregated_send: 870
tot_msg_rcv: 324
tot_msg_sent: 585
tot_reconf_duration: 4.390000000000001
tot_sleeping_duration: 97567.70784000041
tot_uptimes: 26
tot_uptimes_duration: 1500.0121599995837
