comms_cons: 11.62968319998015
finished_reconf: true
global_termination_time: 99034.823
local_termination_time: 32961.24848000002
node_cons: 2015.9065044800248
tot_aggregated_send: 928
tot_msg_rcv: 312
tot_msg_sent: 527
tot_reconf_duration: 5.43
tot_sleeping_duration: 97534.79867999999
tot_uptimes: 26
tot_uptimes_duration: 1500.0243200000186
