comms_cons: 49.278304000435845
finished_reconf: true
global_termination_time: 522549.108
local_termination_time: 270094.20936000004
node_cons: 10719.618105604874
tot_aggregated_send: 6844
tot_msg_rcv: 198
tot_msg_sent: 447
tot_reconf_duration: 25.299999999999997
tot_sleeping_duration: 514569.07759999635
tot_uptimes: 134
tot_uptimes_duration: 7980.030400003641
