comms_cons: 50.692736000654
finished_reconf: true
global_termination_time: 526299.621
local_termination_time: 14392.670520000001
node_cons: 10783.461142240596
tot_aggregated_send: 7076
tot_msg_rcv: 189
tot_msg_sent: 440
tot_reconf_duration: 13.17
tot_sleeping_duration: 518259.6088399996
tot_uptimes: 135
tot_uptimes_duration: 8040.012160000435
