comms_cons: 52.01578240041163
finished_reconf: true
global_termination_time: 526431.637
local_termination_time: 183835.01736000006
node_cons: 10780.935262242881
tot_aggregated_send: 7192
tot_msg_rcv: 197
tot_msg_sent: 517
tot_reconf_duration: 11.31
tot_sleeping_duration: 518391.62483999785
tot_uptimes: 135
tot_uptimes_duration: 8040.012160002145
