comms_cons: 53.15993600060785
finished_reconf: true
global_termination_time: 524034.217
local_termination_time: 173273.6282800008
node_cons: 10772.942081121435
tot_aggregated_send: 6960
tot_msg_rcv: 425
tot_msg_sent: 695
tot_reconf_duration: 5.43
tot_sleeping_duration: 515994.21091999894
tot_uptimes: 135
tot_uptimes_duration: 8040.006080001069
