comms_cons: 378.3078656717987
finished_reconf: true
global_termination_time: 3748357.18148
local_termination_time: 3748357.1403599996
node_cons: 77115.33519548026
tot_aggregated_send: 51942
tot_msg_rcv: 1880
tot_msg_sent: 3677
tot_reconf_duration: 37.410000000000004
tot_sleeping_duration: 3690803.3858000278
tot_uptimes: 960
tot_uptimes_duration: 57553.795679971925
