comms_cons: 371.6200064200381
finished_reconf: true
global_termination_time: 3752086.215
local_termination_time: 2706279.8703599996
node_cons: 77160.79810558299
tot_aggregated_send: 51852
tot_msg_rcv: 1630
tot_msg_sent: 3002
tot_reconf_duration: 25.299999999999997
tot_sleeping_duration: 3694486.184600011
tot_uptimes: 961
tot_uptimes_duration: 57600.03039998887
