comms_cons: 375.9854976536211
finished_reconf: true
global_termination_time: 3751223.25
local_termination_time: 576805.4822799983
node_cons: 77133.02967340114
tot_aggregated_send: 52490
tot_msg_rcv: 1458
tot_msg_sent: 3198
tot_reconf_duration: 4.8100000000000005
tot_sleeping_duration: 3693623.1770400275
tot_uptimes: 961
tot_uptimes_duration: 57600.07295997231
