comms_cons: 378.03057285170627
finished_reconf: true
global_termination_time: 3749859.887
local_termination_time: 803445.2405999989
node_cons: 77130.61517005094
tot_aggregated_send: 51794
tot_msg_rcv: 1820
tot_msg_sent: 3844
tot_reconf_duration: 3.05
tot_sleeping_duration: 3692259.8322800207
tot_uptimes: 961
tot_uptimes_duration: 57600.05471997964
