comms_cons: 235.28535038855227
finished_reconf: true
global_termination_time: 2391549.985
local_termination_time: 1175905.0893599996
node_cons: 49172.24632334958
tot_aggregated_send: 33756
tot_msg_rcv: 625
tot_msg_sent: 1381
tot_reconf_duration: 3.05
tot_sleeping_duration: 2354829.966760007
tot_uptimes: 613
tot_uptimes_duration: 36720.0182399929
