comms_cons: 146.90037759620944
finished_reconf: true
global_termination_time: 1558574.754
local_termination_time: 5531.258
node_cons: 32072.284622233718
tot_aggregated_send: 21563
tot_msg_rcv: 306
tot_msg_sent: 459
tot_reconf_duration: 12.23
tot_sleeping_duration: 1534634.7418400047
tot_uptimes: 400
tot_uptimes_duration: 23940.01215999527
