comms_cons: 806.0003971432451
finished_reconf: true
global_termination_time: 2767491.2665599985
local_termination_time: 2767491.2254399983
node_cons: 112863.4643899511
tot_aggregated_send: 0
tot_msg_rcv: 41110
tot_msg_sent: 81396
tot_reconf_duration: 37.410000000000004
tot_sleeping_duration: 2683239.8389200023
tot_uptimes: 1393
tot_uptimes_duration: 84251.42763999605
