comms_cons: 272.2933504096607
finished_reconf: true
global_termination_time: 2767763.021
local_termination_time: 704453.2393599999
node_cons: 56891.70621999896
tot_aggregated_send: 39962
tot_msg_rcv: 330
tot_msg_sent: 1095
tot_reconf_duration: 8.09
tot_sleeping_duration: 2725283.021
tot_uptimes: 709
tot_uptimes_duration: 42480.0
