comms_cons: 275.67457280382456
finished_reconf: true
global_termination_time: 2771807.437
local_termination_time: 1084401.140399998
node_cons: 56973.8523599989
tot_aggregated_send: 39672
tot_msg_rcv: 786
tot_msg_sent: 1442
tot_reconf_duration: 9.42
tot_sleeping_duration: 2729267.437
tot_uptimes: 710
tot_uptimes_duration: 42540.0
