comms_cons: 277.05731840554796
finished_reconf: true
global_termination_time: 2769297.081
local_termination_time: 1157120.24836
node_cons: 56986.46274111608
tot_aggregated_send: 39266
tot_msg_rcv: 1005
tot_msg_sent: 1840
tot_reconf_duration: 18.700000000000003
tot_sleeping_duration: 2726757.0749200024
tot_uptimes: 710
tot_uptimes_duration: 42540.006079997635
