comms_cons: 268.0695039955796
finished_reconf: true
global_termination_time: 2770780.948
local_termination_time: 1853750.48136
node_cons: 56977.220199999196
tot_aggregated_send: 39846
tot_msg_rcv: 254
tot_msg_sent: 645
tot_reconf_duration: 11.899999999999999
tot_sleeping_duration: 2728240.948
tot_uptimes: 710
tot_uptimes_duration: 42540.0
