comms_cons: 247.00290558896276
finished_reconf: true
global_termination_time: 2457742.114
local_termination_time: 101806.79035999997
node_cons: 50540.81836446663
tot_aggregated_send: 34046
tot_msg_rcv: 1171
tot_msg_sent: 2326
tot_reconf_duration: 5.1
tot_sleeping_duration: 2420002.0896800095
tot_uptimes: 630
tot_uptimes_duration: 37740.02431999054
