comms_cons: 482.865907160052
finished_reconf: true
global_termination_time: 2455484.2305999976
local_termination_time: 3115.7483600000005
node_cons: 50491.99857287255
tot_aggregated_send: 0
tot_msg_rcv: 36965
tot_msg_sent: 36426
tot_reconf_duration: 13.17
tot_sleeping_duration: 2417788.8506800025
tot_uptimes: 629
tot_uptimes_duration: 37695.37991999497
