comms_cons: 241.1923071848716
finished_reconf: true
global_termination_time: 2455675.436
local_termination_time: 308834.2413600001
node_cons: 50457.70260558812
tot_aggregated_send: 34046
tot_msg_rcv: 749
tot_msg_sent: 1864
tot_reconf_duration: 3.05
tot_sleeping_duration: 2417995.4056000086
tot_uptimes: 629
tot_uptimes_duration: 37680.03039999161
