comms_cons: 986.5561923496898
finished_reconf: true
global_termination_time: 9773206.961239995
local_termination_time: 100444.60947999997
node_cons: 201065.3939961105
tot_aggregated_send: 134618
tot_msg_rcv: 4847
tot_msg_sent: 10483
tot_reconf_duration: 18.21
tot_sleeping_duration: 9623064.567800026
tot_uptimes: 2503
tot_uptimes_duration: 150142.39343996847
