comms_cons: 1682.0127285085273
finished_reconf: true
global_termination_time: 9776863.98
local_termination_time: 1953512.0585599996
node_cons: 201099.60522781248
tot_aggregated_send: 0
tot_msg_rcv: 128854
tot_msg_sent: 126799
tot_reconf_duration: 6.279999999999999
tot_sleeping_duration: 9626683.937440015
tot_uptimes: 2504
tot_uptimes_duration: 150180.04255998484
