comms_cons: 959.9832257541572
finished_reconf: true
global_termination_time: 9773760.132
local_termination_time: 5920521.634639998
node_cons: 201030.58580941724
tot_aggregated_send: 136010
tot_msg_rcv: 3514
tot_msg_sent: 6388
tot_reconf_duration: 12.629999999999999
tot_sleeping_duration: 9623638.07504001
tot_uptimes: 2503
tot_uptimes_duration: 150122.05695998855
