comms_cons: 960.0885889854043
finished_reconf: true
global_termination_time: 9773216.229
local_termination_time: 6253769.6113599995
node_cons: 201116.43088222604
tot_aggregated_send: 135952
tot_msg_rcv: 3528
tot_msg_sent: 6446
tot_reconf_duration: 18.700000000000003
tot_sleeping_duration: 9623036.216840005
tot_uptimes: 2503
tot_uptimes_duration: 150180.01215999573
