comms_cons: 976.9312195027626
finished_reconf: true
global_termination_time: 9776771.41
local_termination_time: 1851977.5039999979
node_cons: 201098.4753511638
tot_aggregated_send: 135720
tot_msg_rcv: 4463
tot_msg_sent: 8302
tot_reconf_duration: 5.43
tot_sleeping_duration: 9626591.349200021
tot_uptimes: 2504
tot_uptimes_duration: 150180.06079997844
