comms_cons: 454.84634223218995
finished_reconf: true
global_termination_time: 3572170.392
local_termination_time: 2178643.71336
node_cons: 73437.70208223208
tot_aggregated_send: 0
tot_msg_rcv: 34793
tot_msg_sent: 34341
tot_reconf_duration: 5.1
tot_sleeping_duration: 3517330.3798400047
tot_uptimes: 915
tot_uptimes_duration: 54840.01215999527
