comms_cons: 351.66793601601427
finished_reconf: true
global_termination_time: 3570435.672
local_termination_time: 1265301.1238399989
node_cons: 73441.77064334921
tot_aggregated_send: 49822
tot_msg_rcv: 1192
tot_msg_sent: 2437
tot_reconf_duration: 8.09
tot_sleeping_duration: 3515595.6537600067
tot_uptimes: 915
tot_uptimes_duration: 54840.01823999314
