comms_cons: 355.6552576216147
finished_reconf: true
global_termination_time: 3571715.577
local_termination_time: 1127432.700359999
node_cons: 73443.15992747103
tot_aggregated_send: 49822
tot_msg_rcv: 1460
tot_msg_sent: 2775
tot_reconf_duration: 9.11
tot_sleeping_duration: 3516875.5556800053
tot_uptimes: 915
tot_uptimes_duration: 54840.02131999447
