comms_cons: 354.59659521504994
finished_reconf: true
global_termination_time: 3572656.012
local_termination_time: 1043827.9353599999
node_cons: 73434.95074669998
tot_aggregated_send: 49416
tot_msg_rcv: 1571
tot_msg_sent: 2909
tot_reconf_duration: 3.05
tot_sleeping_duration: 3517815.975520014
tot_uptimes: 915
tot_uptimes_duration: 54840.03647998627
