comms_cons: 349.2427007996912
finished_reconf: true
global_termination_time: 3572323.863
local_termination_time: 1217782.6158399996
node_cons: 73438.1583633487
tot_aggregated_send: 49242
tot_msg_rcv: 1225
tot_msg_sent: 2615
tot_reconf_duration: 5.43
tot_sleeping_duration: 3517483.8447600068
tot_uptimes: 915
tot_uptimes_duration: 54840.0182399929
