comms_cons: 35.21500160038772
finished_reconf: true
global_termination_time: 346949.982
local_termination_time: 129051.01683999991
node_cons: 7104.285541121422
tot_aggregated_send: 4698
tot_msg_rcv: 271
tot_msg_sent: 383
tot_reconf_duration: 25.299999999999997
tot_sleeping_duration: 341669.97591999895
tot_uptimes: 89
tot_uptimes_duration: 5280.006080001069
