comms_cons: 66.50255359944533
finished_reconf: true
global_termination_time: 662544.075
local_termination_time: 308093.3838800004
node_cons: 13583.421619999961
tot_aggregated_send: 9280
tot_msg_rcv: 310
tot_msg_sent: 518
tot_reconf_duration: 4.390000000000001
tot_sleeping_duration: 652404.075
tot_uptimes: 170
tot_uptimes_duration: 10140.0
