comms_cons: 130.57738238335165
finished_reconf: true
global_termination_time: 663282.46
local_termination_time: 257108.34260000006
node_cons: 13588.08770112142
tot_aggregated_send: 0
tot_msg_rcv: 10048
tot_msg_sent: 9799
tot_reconf_duration: 7.819999999999999
tot_sleeping_duration: 653142.453919999
tot_uptimes: 170
tot_uptimes_duration: 10140.006080001069
