comms_cons: 193.09294077539695
finished_reconf: true
global_termination_time: 662185.564
local_termination_time: 257112.80148000008
node_cons: 27109.682535000033
tot_aggregated_send: 0
tot_msg_rcv: 9799
tot_msg_sent: 19550
tot_reconf_duration: 11.31
tot_sleeping_duration: 641950.819
tot_uptimes: 338
tot_uptimes_duration: 20234.744999999995
