comms_cons: 219.13861757606077
finished_reconf: true
global_termination_time: 2164913.001
local_termination_time: 1368260.8509599997
node_cons: 44515.94848335013
tot_aggregated_send: 28884
tot_msg_rcv: 1339
tot_msg_sent: 3086
tot_reconf_duration: 5.57
tot_sleeping_duration: 2131672.9827600075
tot_uptimes: 555
tot_uptimes_duration: 33240.0182399929
