comms_cons: 212.9374399955246
finished_reconf: true
global_termination_time: 2161002.451
local_termination_time: 528533.7963599999
node_cons: 44440.39137999952
tot_aggregated_send: 31262
tot_msg_rcv: 343
tot_msg_sent: 759
tot_reconf_duration: 9.11
tot_sleeping_duration: 2127822.451
tot_uptimes: 554
tot_uptimes_duration: 33180.0
