comms_cons: 213.14920959188882
finished_reconf: true
global_termination_time: 2160801.6029999866
local_termination_time: 1279729.129
node_cons: 44520.60336998178
tot_aggregated_send: 31144
tot_msg_rcv: 446
tot_msg_sent: 809
tot_reconf_duration: 9.42
tot_sleeping_duration: 2127562.013
tot_uptimes: 554
tot_uptimes_duration: 33239.58999998681
