comms_cons: 213.47327999302058
finished_reconf: true
global_termination_time: 2161313.596
local_termination_time: 1541333.2026799996
node_cons: 44445.17153999971
tot_aggregated_send: 31030
tot_msg_rcv: 498
tot_msg_sent: 919
tot_reconf_duration: 12.629999999999999
tot_sleeping_duration: 2128133.596
tot_uptimes: 554
tot_uptimes_duration: 33180.0
