comms_cons: 214.25591679185797
finished_reconf: true
global_termination_time: 2164739.02
local_termination_time: 1141303.3523600001
node_cons: 44533.75459999979
tot_aggregated_send: 30972
tot_msg_rcv: 504
tot_msg_sent: 1089
tot_reconf_duration: 18.700000000000003
tot_sleeping_duration: 2131499.02
tot_uptimes: 555
tot_uptimes_duration: 33240.0
