comms_cons: 220.34499837318782
finished_reconf: true
global_termination_time: 2162098.21
local_termination_time: 259263.48900000047
node_cons: 44434.07931340615
tot_aggregated_send: 28942
tot_msg_rcv: 1689
tot_msg_sent: 2861
tot_reconf_duration: 4.390000000000001
tot_sleeping_duration: 2128918.1370400246
tot_uptimes: 554
tot_uptimes_duration: 33180.07295997505
