comms_cons: 96.08887039675987
finished_reconf: true
global_termination_time: 965151.7824799998
local_termination_time: 965151.7413599999
node_cons: 19895.78050654917
tot_aggregated_send: 13616
tot_msg_rcv: 279
tot_msg_sent: 710
tot_reconf_duration: 24.59
tot_sleeping_duration: 950318.0354400079
tot_uptimes: 248
tot_uptimes_duration: 14833.747039991882
