comms_cons: 73.33909119778144
finished_reconf: true
global_termination_time: 740485.336
local_termination_time: 273367.2226000001
node_cons: 15196.631380000004
tot_aggregated_send: 10440
tot_msg_rcv: 249
tot_msg_sent: 458
tot_reconf_duration: 9.11
tot_sleeping_duration: 729145.336
tot_uptimes: 190
tot_uptimes_duration: 11340.0
