comms_cons: 72.89158400008263
finished_reconf: true
global_termination_time: 740323.068
local_termination_time: 263593.43536000006
node_cons: 15204.779380000004
tot_aggregated_send: 10614
tot_msg_rcv: 131
tot_msg_sent: 334
tot_reconf_duration: 15.110000000000001
tot_sleeping_duration: 728983.068
tot_uptimes: 190
tot_uptimes_duration: 11340.0
