comms_cons: 73.62124799960594
finished_reconf: true
global_termination_time: 744125.901
local_termination_time: 247010.8731600003
node_cons: 15268.741900000006
tot_aggregated_send: 10440
tot_msg_rcv: 286
tot_msg_sent: 464
tot_reconf_duration: 3.05
tot_sleeping_duration: 732725.901
tot_uptimes: 191
tot_uptimes_duration: 11400.0
