comms_cons: 73.70824319923499
finished_reconf: true
global_termination_time: 740686.186
local_termination_time: 149050.9010400003
node_cons: 15194.879559999992
tot_aggregated_send: 10556
tot_msg_rcv: 248
tot_msg_sent: 399
tot_reconf_duration: 7.819999999999999
tot_sleeping_duration: 729346.186
tot_uptimes: 190
tot_uptimes_duration: 11340.0
