comms_cons: 73.6889407982511
finished_reconf: true
global_termination_time: 744144.267
local_termination_time: 149054.61500000046
node_cons: 15279.95898000002
tot_aggregated_send: 10556
tot_msg_rcv: 246
tot_msg_sent: 398
tot_reconf_duration: 11.31
tot_sleeping_duration: 732744.267
tot_uptimes: 191
tot_uptimes_duration: 11400.0
