comms_cons: 65.50279679872283
finished_reconf: true
global_termination_time: 661614.1244799999
local_termination_time: 661614.0833599999
node_cons: 13629.227942077236
tot_aggregated_send: 9208
tot_msg_rcv: 157
tot_msg_sent: 592
tot_reconf_duration: 24.59
tot_sleeping_duration: 651460.4017600019
tot_uptimes: 170
tot_uptimes_duration: 10153.72271999791
