comms_cons: 70.32997119993858
finished_reconf: true
global_termination_time: 684377.154
local_termination_time: 534296.6115999998
node_cons: 14068.060804476623
tot_aggregated_send: 9048
tot_msg_rcv: 583
tot_msg_sent: 1059
tot_reconf_duration: 6.279999999999999
tot_sleeping_duration: 673877.1296800026
tot_uptimes: 176
tot_uptimes_duration: 10500.024319997436
