comms_cons: 69.33827839792656
finished_reconf: true
global_termination_time: 686390.755
local_termination_time: 268059.93748
node_cons: 14065.494184476487
tot_aggregated_send: 8526
tot_msg_rcv: 615
tot_msg_sent: 1397
tot_reconf_duration: 4.390000000000001
tot_sleeping_duration: 675890.7306800026
tot_uptimes: 176
tot_uptimes_duration: 10500.024319997407
