comms_cons: 69.33818879999654
finished_reconf: true
global_termination_time: 688904.288
local_termination_time: 126690.74635999998
node_cons: 14150.483983364322
tot_aggregated_send: 9048
tot_msg_rcv: 446
tot_msg_sent: 1045
tot_reconf_duration: 7.819999999999999
tot_sleeping_duration: 678344.2697599968
tot_uptimes: 177
tot_uptimes_duration: 10560.018240003206
