comms_cons: 58.41477120536241
finished_reconf: true
global_termination_time: 330057.788
local_termination_time: 148741.8566000001
node_cons: 6754.529761121457
tot_aggregated_send: 0
tot_msg_rcv: 4466
tot_msg_sent: 4412
tot_reconf_duration: 4.390000000000001
tot_sleeping_duration: 325017.78191999893
tot_uptimes: 85
tot_uptimes_duration: 5040.006080001069
