comms_cons: 37.93566720020074
finished_reconf: true
global_termination_time: 386628.469
local_termination_time: 17518.760000000002
node_cons: 7975.092942202758
tot_aggregated_send: 5561
tot_msg_rcv: 34
tot_msg_sent: 171
tot_reconf_duration: 13.17
tot_sleeping_duration: 380685.81919999793
tot_uptimes: 100
tot_uptimes_duration: 5942.649800002053
