comms_cons: 237.9176575984119
finished_reconf: true
global_termination_time: 2426736.712
local_termination_time: 1785580.938
node_cons: 49915.013962716585
tot_aggregated_send: 35027
tot_msg_rcv: 382
tot_msg_sent: 754
tot_reconf_duration: 12.629999999999999
tot_sleeping_duration: 2389471.691520002
tot_uptimes: 622
tot_uptimes_duration: 37265.02047999784
