comms_cons: 323.8084864334234
finished_reconf: true
global_termination_time: 3259896.578
local_termination_time: 1577930.727999998
node_cons: 67029.12011511253
tot_aggregated_send: 46574
tot_msg_rcv: 852
tot_msg_sent: 1791
tot_reconf_duration: 13.17
tot_sleeping_duration: 3209850.8459200044
tot_uptimes: 835
tot_uptimes_duration: 50045.73207999556
