comms_cons: 329.52505602579197
finished_reconf: true
global_termination_time: 3256003.819
local_termination_time: 310858.17968000023
node_cons: 66933.88840670053
tot_aggregated_send: 45182
tot_msg_rcv: 1767
tot_msg_sent: 3135
tot_reconf_duration: 7.819999999999999
tot_sleeping_duration: 3206023.7825200134
tot_uptimes: 834
tot_uptimes_duration: 49980.036479986506
