comms_cons: 285.73564800726007
finished_reconf: true
global_termination_time: 2808578.945
local_termination_time: 125198.45291999984
node_cons: 57869.60245006061
tot_aggregated_send: 38628
tot_msg_rcv: 1676
tot_msg_sent: 3126
tot_reconf_duration: 18.21
tot_sleeping_duration: 2765378.8902800134
tot_uptimes: 720
tot_uptimes_duration: 43200.05471998628
