comms_cons: 282.51385600817827
finished_reconf: false
global_termination_time: 2810196.999
local_termination_time: 0
node_cons: 57844.8081411158
tot_aggregated_send: 38976
tot_msg_rcv: 1179
tot_msg_sent: 2785
tot_reconf_duration: 0
tot_sleeping_duration: 2766996.9929200024
tot_uptimes: 720
tot_uptimes_duration: 43200.006079997635
