comms_cons: 284.1424896234301
finished_reconf: false
global_termination_time: 2808846.417
local_termination_time: 0
node_cons: 57844.79999999896
tot_aggregated_send: 39092
tot_msg_rcv: 1428
tot_msg_sent: 2668
tot_reconf_duration: 0
tot_sleeping_duration: 2765646.417
tot_uptimes: 720
tot_uptimes_duration: 43200.0
