comms_cons: 290.32056317837294
finished_reconf: true
global_termination_time: 2998688.292
local_termination_time: 1369015.1909599998
node_cons: 61627.360826699885
tot_aggregated_send: 40020
tot_msg_rcv: 1543
tot_msg_sent: 2563
tot_reconf_duration: 4.8100000000000005
tot_sleeping_duration: 2952668.255520014
tot_uptimes: 768
tot_uptimes_duration: 46020.03647998581
