comms_cons: 279.3008256264207
finished_reconf: true
global_termination_time: 2810170.798
local_termination_time: 4173.069
node_cons: 57850.00107116856
tot_aggregated_send: 38449
tot_msg_rcv: 1321
tot_msg_sent: 2683
tot_reconf_duration: 3.77
tot_sleeping_duration: 2766970.7372000227
tot_uptimes: 720
tot_uptimes_duration: 43200.06079997728
