comms_cons: 280.95306881267044
finished_reconf: true
global_termination_time: 2817418.445
local_termination_time: 647416.6803199986
node_cons: 57933.668239998995
tot_aggregated_send: 40136
tot_msg_rcv: 945
tot_msg_sent: 1621
tot_reconf_duration: 6.279999999999999
tot_sleeping_duration: 2774158.445
tot_uptimes: 722
tot_uptimes_duration: 43260.0
