comms_cons: 280.3675904063002
finished_reconf: true
global_termination_time: 2813537.856759999
local_termination_time: 2813537.8156399988
node_cons: 57923.301344875705
tot_aggregated_send: 40586
tot_msg_rcv: 840
tot_msg_sent: 1187
tot_reconf_duration: 24.59
tot_sleeping_duration: 2770304.1688400013
tot_uptimes: 721
tot_uptimes_duration: 43233.687919997785
