comms_cons: 281.41043838830836
finished_reconf: true
global_termination_time: 2814369.681
local_termination_time: 1608002.6361999987
node_cons: 57851.38082670005
tot_aggregated_send: 38570
tot_msg_rcv: 1467
tot_msg_sent: 2735
tot_reconf_duration: 4.8100000000000005
tot_sleeping_duration: 2771169.644520014
tot_uptimes: 721
tot_uptimes_duration: 43200.03647998581
