comms_cons: 279.31954559003964
finished_reconf: true
global_termination_time: 2814669.869
local_termination_time: 1693276.365
node_cons: 57860.703253989705
tot_aggregated_send: 39030
tot_msg_rcv: 1142
tot_msg_sent: 2282
tot_reconf_duration: 7.819999999999999
tot_sleeping_duration: 2771465.923000007
tot_uptimes: 721
tot_uptimes_duration: 43203.94599999301
