comms_cons: 336.2822400125041
finished_reconf: true
global_termination_time: 3416354.816
local_termination_time: 2047619.1729199984
node_cons: 70261.43157022748
tot_aggregated_send: 47560
tot_msg_rcv: 1123
tot_msg_sent: 2428
tot_reconf_duration: 25.299999999999997
tot_sleeping_duration: 3363907.411840008
tot_uptimes: 875
tot_uptimes_duration: 52447.40415999177
