comms_cons: 344.94481283882504
finished_reconf: true
global_termination_time: 3413282.06
local_termination_time: 1410942.90036
node_cons: 70229.5802267005
tot_aggregated_send: 46980
tot_msg_rcv: 1736
tot_msg_sent: 3714
tot_reconf_duration: 9.11
tot_sleeping_duration: 3360842.023520014
tot_uptimes: 875
tot_uptimes_duration: 52440.036479986506
