comms_cons: 344.16515843190064
finished_reconf: true
global_termination_time: 3415133.487
local_termination_time: 14383.616960000003
node_cons: 70248.01644695943
tot_aggregated_send: 46806
tot_msg_rcv: 1832
tot_msg_sent: 3674
tot_reconf_duration: 22.65
tot_sleeping_duration: 3362693.4140000297
tot_uptimes: 875
tot_uptimes_duration: 52440.07299997087
