comms_cons: 344.09611523871337
finished_reconf: true
global_termination_time: 3415257.788
local_termination_time: 899922.7473599999
node_cons: 70230.03516372823
tot_aggregated_send: 47386
tot_msg_rcv: 1604
tot_msg_sent: 3311
tot_reconf_duration: 9.42
tot_sleeping_duration: 3362817.726160023
tot_uptimes: 875
tot_uptimes_duration: 52440.061839977396
