comms_cons: 341.8441600146342
finished_reconf: true
global_termination_time: 3416053.367
local_termination_time: 877455.5535999998
node_cons: 70234.38481005118
tot_aggregated_send: 47966
tot_msg_rcv: 1264
tot_msg_sent: 2728
tot_reconf_duration: 12.629999999999999
tot_sleeping_duration: 3363613.3122800207
tot_uptimes: 875
tot_uptimes_duration: 52440.05471997964
