comms_cons: 345.1197312377785
finished_reconf: true
global_termination_time: 3414687.607
local_termination_time: 853963.1853599999
node_cons: 70242.63601117254
tot_aggregated_send: 47212
tot_msg_rcv: 1766
tot_msg_sent: 3478
tot_reconf_duration: 18.700000000000003
tot_sleeping_duration: 3362247.546200019
tot_uptimes: 875
tot_uptimes_duration: 52440.06079998071
