comms_cons: 38.32286720031149
finished_reconf: true
global_termination_time: 386636.811
local_termination_time: 18599.373480000002
node_cons: 7984.4268411214425
tot_aggregated_send: 5568
tot_msg_rcv: 103
tot_msg_sent: 153
tot_reconf_duration: 22.65
tot_sleeping_duration: 380696.8049199989
tot_uptimes: 100
tot_uptimes_duration: 5940.006080001069
