comms_cons: 37.843558399939155
finished_reconf: true
global_termination_time: 388466.22
local_termination_time: 118919.4307599995
node_cons: 7964.279560000018
tot_aggregated_send: 5684
tot_msg_rcv: 15
tot_msg_sent: 51
tot_reconf_duration: 7.819999999999999
tot_sleeping_duration: 382526.22
tot_uptimes: 100
tot_uptimes_duration: 5940.0
