comms_cons: 30.863027200252237
finished_reconf: true
global_termination_time: 294065.808
local_termination_time: 28200.270200000003
node_cons: 6032.425800000009
tot_aggregated_send: 3828
tot_msg_rcv: 345
tot_msg_sent: 518
tot_reconf_duration: 5.1
tot_sleeping_duration: 289565.808
tot_uptimes: 76
tot_uptimes_duration: 4500.0
