comms_cons: 30.25116160082441
finished_reconf: true
global_termination_time: 295229.549
local_termination_time: 153680.5254800005
node_cons: 6036.1521244857
tot_aggregated_send: 3828
tot_msg_rcv: 251
tot_msg_sent: 519
tot_reconf_duration: 7.819999999999999
tot_sleeping_duration: 290729.5246799957
tot_uptimes: 76
tot_uptimes_duration: 4500.024320004275
