comms_cons: 268.1418752027745
finished_reconf: true
global_termination_time: 2727639.261
local_termination_time: 1037674.8763599998
node_cons: 56084.69393999895
tot_aggregated_send: 39730
tot_msg_rcv: 333
tot_msg_sent: 693
tot_reconf_duration: 5.43
tot_sleeping_duration: 2685759.261
tot_uptimes: 699
tot_uptimes_duration: 41880.0
