comms_cons: 566.737856122221
finished_reconf: true
global_termination_time: 5727607.945
local_termination_time: 1497813.3413599997
node_cons: 117782.62260558121
tot_aggregated_send: 78764
tot_msg_rcv: 2416
tot_msg_sent: 4960
tot_reconf_duration: 3.05
tot_sleeping_duration: 5639647.914600012
tot_uptimes: 1467
tot_uptimes_duration: 87960.03039998887
