comms_cons: 567.5548673228394
finished_reconf: true
global_termination_time: 5726792.031
local_termination_time: 1513401.1333599999
node_cons: 117789.07584223044
tot_aggregated_send: 79054
tot_msg_rcv: 2567
tot_msg_sent: 4644
tot_reconf_duration: 7.819999999999999
tot_sleeping_duration: 5638832.018840005
tot_uptimes: 1467
tot_uptimes_duration: 87960.0121599955
