comms_cons: 523.2898304445838
finished_reconf: true
global_termination_time: 5328598.197
local_termination_time: 2521413.15936
node_cons: 109591.1827866992
tot_aggregated_send: 74646
tot_msg_rcv: 1637
tot_msg_sent: 3254
tot_reconf_duration: 5.43
tot_sleeping_duration: 5246758.160520013
tot_uptimes: 1365
tot_uptimes_duration: 81840.03647998674
