comms_cons: 87.10863361031647
finished_reconf: true
global_termination_time: 387504.59372000006
local_termination_time: 387504.55260000005
node_cons: 8023.037173773335
tot_aggregated_send: 0
tot_msg_rcv: 7439
tot_msg_sent: 5803
tot_reconf_duration: 37.410000000000004
tot_sleeping_duration: 381550.72187999013
tot_uptimes: 100
tot_uptimes_duration: 5953.871840009946
