comms_cons: 2.2040319999969378
finished_reconf: true
global_termination_time: 16437.629
local_termination_time: 8193.473360000002
node_cons: 346.0891800000013
tot_aggregated_send: 0
tot_msg_rcv: 176
tot_msg_sent: 159
tot_reconf_duration: 18.21
tot_sleeping_duration: 16197.629
tot_uptimes: 5
tot_uptimes_duration: 240.0000000000009
