comms_cons: 767.9341132225676
finished_reconf: true
global_termination_time: 3891321.235
local_termination_time: 2767.6223600000003
node_cons: 80043.43430895027
tot_aggregated_send: 0
tot_msg_rcv: 58952
tot_msg_sent: 57770
tot_reconf_duration: 18.21
tot_sleeping_duration: 3831561.1863600058
tot_uptimes: 997
tot_uptimes_duration: 59760.04863999422
