comms_cons: 385.27738242181744
finished_reconf: true
global_termination_time: 3891787.84
local_termination_time: 2029365.1712799994
node_cons: 80031.04394446642
tot_aggregated_send: 53534
tot_msg_rcv: 1660
tot_msg_sent: 3365
tot_reconf_duration: 9.11
tot_sleeping_duration: 3832027.8156800084
tot_uptimes: 997
tot_uptimes_duration: 59760.02431999124
