comms_cons: 388.0918336627303
finished_reconf: true
global_termination_time: 3891621.812
local_termination_time: 271535.65736
node_cons: 80044.12415228959
tot_aggregated_send: 53766
tot_msg_rcv: 1761
tot_msg_sent: 3460
tot_reconf_duration: 18.700000000000003
tot_sleeping_duration: 3831861.745120021
tot_uptimes: 997
tot_uptimes_duration: 59760.06687997881
