comms_cons: 764.3272076185532
finished_reconf: true
global_termination_time: 3890873.600279997
local_termination_time: 163.02648000000002
node_cons: 80075.11449061595
tot_aggregated_send: 0
tot_msg_rcv: 58380
tot_msg_sent: 57793
tot_reconf_duration: 11.899999999999999
tot_sleeping_duration: 3831083.4925200134
tot_uptimes: 997
tot_uptimes_duration: 59790.10775998351
