comms_cons: 389.65417604715503
finished_reconf: true
global_termination_time: 3892388.702
local_termination_time: 1054814.5374399985
node_cons: 80027.15188893357
tot_aggregated_send: 52954
tot_msg_rcv: 2086
tot_msg_sent: 4184
tot_reconf_duration: 6.22
tot_sleeping_duration: 3832628.6533600185
tot_uptimes: 997
tot_uptimes_duration: 59760.048639981775
