comms_cons: 128.37763841049986
finished_reconf: true
global_termination_time: 265672.16836000053
local_termination_time: 265672.1272400005
node_cons: 16160.500375640704
tot_aggregated_send: 0
tot_msg_rcv: 7888
tot_msg_sent: 11623
tot_reconf_duration: 24.59
tot_sleeping_duration: 253628.02560000005
tot_uptimes: 196
tot_uptimes_duration: 12044.142760000499
