comms_cons: 44.04774400101011
finished_reconf: true
global_termination_time: 428529.349
local_termination_time: 15302.658480000002
node_cons: 8791.449964483454
tot_aggregated_send: 5684
tot_msg_rcv: 393
tot_msg_sent: 618
tot_reconf_duration: 25.299999999999997
tot_sleeping_duration: 421989.3246799974
tot_uptimes: 110
tot_uptimes_duration: 6540.0243200025725
