comms_cons: 42.60122880037638
finished_reconf: true
global_termination_time: 424120.502
local_termination_time: 197241.73736000006
node_cons: 8694.629283364318
tot_aggregated_send: 5684
tot_msg_rcv: 219
tot_msg_sent: 572
tot_reconf_duration: 13.17
tot_sleeping_duration: 417640.4837599968
tot_uptimes: 109
tot_uptimes_duration: 6480.018240003206
