comms_cons: 85.4389696102031
finished_reconf: true
global_termination_time: 422495.14780000085
local_termination_time: 2991.32148
node_cons: 8758.91306168685
tot_aggregated_send: 0
tot_msg_rcv: 6672
tot_msg_sent: 6312
tot_reconf_duration: 8.09
tot_sleeping_duration: 415961.96867999574
tot_uptimes: 109
tot_uptimes_duration: 6533.179120005108
