comms_cons: 130.01259518308646
finished_reconf: true
global_termination_time: 889568.617
local_termination_time: 108789.46535999996
node_cons: 18271.561823364304
tot_aggregated_send: 0
tot_msg_rcv: 9975
tot_msg_sent: 9788
tot_reconf_duration: 25.299999999999997
tot_sleeping_duration: 875948.5987599967
tot_uptimes: 228
tot_uptimes_duration: 13620.018240003206
