comms_cons: 86.45194239861557
finished_reconf: true
global_termination_time: 889093.559
local_termination_time: 214883.97536000004
node_cons: 18267.971264481144
tot_aggregated_send: 11948
tot_msg_rcv: 388
tot_msg_sent: 805
tot_reconf_duration: 22.65
tot_sleeping_duration: 875473.5346799991
tot_uptimes: 228
tot_uptimes_duration: 13620.02432000084
