comms_cons: 90.93731839558305
finished_reconf: true
global_termination_time: 888905.474
local_termination_time: 14153.5576
node_cons: 18243.190466724012
tot_aggregated_send: 11542
tot_msg_rcv: 706
tot_msg_sent: 1573
tot_reconf_duration: 4.390000000000001
tot_sleeping_duration: 875285.437519997
tot_uptimes: 228
tot_uptimes_duration: 13620.036480002978
