comms_cons: 91.01852159848261
finished_reconf: true
global_termination_time: 890829.107
local_termination_time: 91584.40475999974
node_cons: 18321.694464483455
tot_aggregated_send: 11716
tot_msg_rcv: 646
tot_msg_sent: 1472
tot_reconf_duration: 3.05
tot_sleeping_duration: 877149.0826799973
tot_uptimes: 229
tot_uptimes_duration: 13680.024320002572
