comms_cons: 132.09703678406197
finished_reconf: true
global_termination_time: 888536.379
local_termination_time: 111477.51035999997
node_cons: 18247.872830088312
tot_aggregated_send: 0
tot_msg_rcv: 10266
tot_msg_sent: 9812
tot_reconf_duration: 7.819999999999999
tot_sleeping_duration: 874916.3242799938
tot_uptimes: 228
tot_uptimes_duration: 13620.054720006185
