comms_cons: 90.58725759638563
finished_reconf: true
global_termination_time: 888432.369
local_termination_time: 169651.87156000023
node_cons: 18252.571544481147
tot_aggregated_send: 11542
tot_msg_rcv: 718
tot_msg_sent: 1508
tot_reconf_duration: 11.31
tot_sleeping_duration: 874812.3446799992
tot_uptimes: 228
tot_uptimes_duration: 13620.02432000084
