comms_cons: 90.46947199745014
finished_reconf: true
global_termination_time: 885998.837
local_termination_time: 95154.49647999997
node_cons: 18181.60988560259
tot_aggregated_send: 11832
tot_msg_rcv: 650
tot_msg_sent: 1268
tot_reconf_duration: 18.21
tot_sleeping_duration: 872438.8065999981
tot_uptimes: 227
tot_uptimes_duration: 13560.03040000191
