comms_cons: 87.52967679695834
finished_reconf: true
global_termination_time: 884731.663
local_termination_time: 368756.08336000005
node_cons: 18164.43662448116
tot_aggregated_send: 12354
tot_msg_rcv: 198
tot_msg_sent: 752
tot_reconf_duration: 5.57
tot_sleeping_duration: 871171.6386799992
tot_uptimes: 227
tot_uptimes_duration: 13560.02432000084
