comms_cons: 88.45076479531788
finished_reconf: true
global_termination_time: 886015.074
local_termination_time: 639411.03736
node_cons: 18163.388262233762
tot_aggregated_send: 12354
tot_msg_rcv: 391
tot_msg_sent: 699
tot_reconf_duration: 4.8100000000000005
tot_sleeping_duration: 872455.0618400048
tot_uptimes: 227
tot_uptimes_duration: 13560.012159995265
