comms_cons: 195.43934079615997
finished_reconf: true
global_termination_time: 1981073.835
local_termination_time: 661834.7123599999
node_cons: 40740.90823999974
tot_aggregated_send: 28768
tot_msg_rcv: 304
tot_msg_sent: 633
tot_reconf_duration: 6.279999999999999
tot_sleeping_duration: 1950653.835
tot_uptimes: 508
tot_uptimes_duration: 30420.0
