comms_cons: 122.38543998637427
finished_reconf: true
global_termination_time: 1208572.694
local_termination_time: 6351.636
node_cons: 24833.112871177556
tot_aggregated_send: 16118
tot_msg_rcv: 927
tot_msg_sent: 1556
tot_reconf_duration: 5.87
tot_sleeping_duration: 1190032.6332000168
tot_uptimes: 310
tot_uptimes_duration: 18540.060799983214
