comms_cons: 37.672499199992544
finished_reconf: true
global_termination_time: 385223.2047200007
local_termination_time: 125082.065
node_cons: 7966.892046960315
tot_aggregated_send: 5624
tot_msg_rcv: 30
tot_msg_sent: 72
tot_reconf_duration: 22.65
tot_sleeping_duration: 379296.2940800005
tot_uptimes: 99
tot_uptimes_duration: 5926.91064000022
