comms_cons: 38.0738304002308
finished_reconf: true
global_termination_time: 389945.13
local_termination_time: 189842.63724000048
node_cons: 7964.279559999979
tot_aggregated_send: 5626
tot_msg_rcv: 52
tot_msg_sent: 109
tot_reconf_duration: 7.819999999999999
tot_sleeping_duration: 384005.13
tot_uptimes: 100
tot_uptimes_duration: 5940.0
