comms_cons: 455.9249536666822
finished_reconf: true
global_termination_time: 524026.690480001
local_termination_time: 524026.690480001
node_cons: 52870.73346303546
tot_aggregated_send: 0
tot_msg_rcv: 31160
tot_msg_sent: 38139
tot_reconf_duration: 37.410000000000004
tot_sleeping_duration: 484579.39347997395
tot_uptimes: 638
tot_uptimes_duration: 39447.297000027014
