comms_cons: 53.93723520137878
finished_reconf: true
global_termination_time: 526042.974
local_termination_time: 4897.386600000001
node_cons: 10790.995305604889
tot_aggregated_send: 6786
tot_msg_rcv: 431
tot_msg_sent: 980
tot_reconf_duration: 18.700000000000003
tot_sleeping_duration: 518002.94359999645
tot_uptimes: 135
tot_uptimes_duration: 8040.030400003641
