comms_cons: 53.13296640109096
finished_reconf: true
global_termination_time: 528913.839
local_termination_time: 184616.94704000076
node_cons: 10860.77009999999
tot_aggregated_send: 7134
tot_msg_rcv: 308
tot_msg_sent: 633
tot_reconf_duration: 10.95
tot_sleeping_duration: 520813.83900000004
tot_uptimes: 136
tot_uptimes_duration: 8100.0
