comms_cons: 54.10264320071143
finished_reconf: true
global_termination_time: 526454.197
local_termination_time: 182330.71436000004
node_cons: 10774.031183364306
tot_aggregated_send: 6844
tot_msg_rcv: 450
tot_msg_sent: 930
tot_reconf_duration: 6.22
tot_sleeping_duration: 518414.17875999684
tot_uptimes: 135
tot_uptimes_duration: 8040.018240003206
