comms_cons: 442.8433149702837
finished_reconf: true
global_termination_time: 2243707.713
local_termination_time: 1677.4520400000015
node_cons: 46133.077424476
tot_aggregated_send: 0
tot_msg_rcv: 34015
tot_msg_sent: 33293
tot_reconf_duration: 13.17
tot_sleeping_duration: 2209267.6886800025
tot_uptimes: 575
tot_uptimes_duration: 34440.02431999741
