comms_cons: 216.4293631924092
finished_reconf: true
global_termination_time: 2243699.52
local_termination_time: 1515528.1414799998
node_cons: 46123.61490111626
tot_aggregated_send: 30972
tot_msg_rcv: 580
tot_msg_sent: 1344
tot_reconf_duration: 6.22
tot_sleeping_duration: 2209259.5139200026
tot_uptimes: 575
tot_uptimes_duration: 34440.006079997635
