comms_cons: 83.60064000018014
finished_reconf: true
global_termination_time: 848397.262
local_termination_time: 166840.66036000007
node_cons: 17440.705800000032
tot_aggregated_send: 12238
tot_msg_rcv: 165
tot_msg_sent: 303
tot_reconf_duration: 5.1
tot_sleeping_duration: 835377.262
tot_uptimes: 218
tot_uptimes_duration: 13020.0
