comms_cons: 83.64262399907525
finished_reconf: true
global_termination_time: 848969.847
local_termination_time: 439654.8368400002
node_cons: 17444.7662200001
tot_aggregated_send: 12238
tot_msg_rcv: 184
tot_msg_sent: 291
tot_reconf_duration: 8.09
tot_sleeping_duration: 835949.847
tot_uptimes: 218
tot_uptimes_duration: 13020.00000000003
