comms_cons: 82.98344959942996
finished_reconf: true
global_termination_time: 846753.134
local_termination_time: 486689.07636000006
node_cons: 17373.959380000008
tot_aggregated_send: 12296
tot_msg_rcv: 155
tot_msg_sent: 162
tot_reconf_duration: 15.110000000000001
tot_sleeping_duration: 833793.134
tot_uptimes: 217
tot_uptimes_duration: 12960.0
