comms_cons: 84.14201599892009
finished_reconf: true
global_termination_time: 850658.357
local_termination_time: 258273.28388000044
node_cons: 17449.94020000002
tot_aggregated_send: 12180
tot_msg_rcv: 214
tot_msg_sent: 395
tot_reconf_duration: 11.899999999999999
tot_sleeping_duration: 837638.357
tot_uptimes: 218
tot_uptimes_duration: 13020.0
