comms_cons: 83.30645759960669
finished_reconf: true
global_termination_time: 846365.266
local_termination_time: 243909.67836000005
node_cons: 17361.886760000027
tot_aggregated_send: 12180
tot_msg_rcv: 139
tot_msg_sent: 343
tot_reconf_duration: 6.22
tot_sleeping_duration: 833405.266
tot_uptimes: 217
tot_uptimes_duration: 12960.0
