comms_cons: 103.90593279317912
finished_reconf: true
global_termination_time: 1040983.056
local_termination_time: 480620.31799999997
node_cons: 21397.128862081423
tot_aggregated_send: 14727
tot_msg_rcv: 371
tot_msg_sent: 696
tot_reconf_duration: 12.629999999999999
tot_sleeping_duration: 1025015.933279999
tot_uptimes: 267
tot_uptimes_duration: 15967.122720001033
