comms_cons: 110.13939198919115
finished_reconf: true
global_termination_time: 1046094.484
local_termination_time: 85532.49499999973
node_cons: 21457.368967838647
tot_aggregated_send: 13514
tot_msg_rcv: 1243
tot_msg_sent: 1984
tot_reconf_duration: 4.8100000000000005
tot_sleeping_duration: 1030074.4414400011
tot_uptimes: 268
tot_uptimes_duration: 16020.042559998968
