comms_cons: 105.57767679428919
finished_reconf: true
global_termination_time: 1039973.1693599999
local_termination_time: 279220.06208000064
node_cons: 21401.535280189917
tot_aggregated_send: 14326
tot_msg_rcv: 615
tot_msg_sent: 1106
tot_reconf_duration: 7.819999999999999
tot_sleeping_duration: 1023997.8775600075
tot_uptimes: 267
tot_uptimes_duration: 15975.29179999244
