comms_cons: 52.79275520134034
finished_reconf: true
global_termination_time: 507760.969
local_termination_time: 59188.21736000001
node_cons: 10452.760804485733
tot_aggregated_send: 6612
tot_msg_rcv: 484
tot_msg_sent: 929
tot_reconf_duration: 6.279999999999999
tot_sleeping_duration: 499960.9446799957
tot_uptimes: 131
tot_uptimes_duration: 7800.024320004275
