comms_cons: 51.44276480139716
finished_reconf: true
global_termination_time: 508391.189
local_termination_time: 56543.73636000001
node_cons: 10450.788967847746
tot_aggregated_send: 6322
tot_msg_rcv: 553
tot_msg_sent: 944
tot_reconf_duration: 4.8100000000000005
tot_sleeping_duration: 500591.1464399942
tot_uptimes: 131
tot_uptimes_duration: 7800.042560005779
