comms_cons: 51.627609600914404
finished_reconf: true
global_termination_time: 507204.866
local_termination_time: 68534.33947999997
node_cons: 10384.69986112146
tot_aggregated_send: 6844
tot_msg_rcv: 375
tot_msg_sent: 629
tot_reconf_duration: 15.34
tot_sleeping_duration: 499464.8599199989
tot_uptimes: 130
tot_uptimes_duration: 7740.006080001069
