comms_cons: 107.12911359885412
finished_reconf: true
global_termination_time: 1088819.899
local_termination_time: 827247.6653599999
node_cons: 22349.87897999995
tot_aggregated_send: 15718
tot_msg_rcv: 169
tot_msg_sent: 396
tot_reconf_duration: 11.31
tot_sleeping_duration: 1072139.899
tot_uptimes: 279
tot_uptimes_duration: 16680.0
