comms_cons: 208.21914882791958
finished_reconf: true
global_termination_time: 447702.5160000001
local_termination_time: 94873.34859999995
node_cons: 26926.75010760515
tot_aggregated_send: 0
tot_msg_rcv: 12855
tot_msg_sent: 18793
tot_reconf_duration: 18.21
tot_sleeping_duration: 427611.3875999963
tot_uptimes: 328
tot_uptimes_duration: 20091.128400003814
