comms_cons: 45.811596801008605
finished_reconf: true
global_termination_time: 452455.756
local_termination_time: 288083.56836000003
node_cons: 9254.467121121439
tot_aggregated_send: 6090
tot_msg_rcv: 302
tot_msg_sent: 571
tot_reconf_duration: 11.31
tot_sleeping_duration: 445555.7499199989
tot_uptimes: 116
tot_uptimes_duration: 6900.006080001069
