comms_cons: 110.33937919263084
finished_reconf: true
global_termination_time: 1079626.684
local_termination_time: 344230.3316400004
node_cons: 22182.41708671478
tot_aggregated_send: 14558
tot_msg_rcv: 757
tot_msg_sent: 1455
tot_reconf_duration: 6.279999999999999
tot_sleeping_duration: 1063066.6475200038
tot_uptimes: 277
tot_uptimes_duration: 16560.03647999611
