comms_cons: 105.47178239866015
finished_reconf: true
global_termination_time: 1074822.125
local_termination_time: 785387.806
node_cons: 22105.879521116847
tot_aggregated_send: 15652
tot_msg_rcv: 89
tot_msg_sent: 290
tot_reconf_duration: 9.11
tot_sleeping_duration: 1058322.1189200024
tot_uptimes: 276
tot_uptimes_duration: 16500.006079997635
