comms_cons: 213.49036148753072
finished_reconf: true
global_termination_time: 1076901.495
local_termination_time: 2137.2644800000003
node_cons: 22124.299405593392
tot_aggregated_send: 0
tot_msg_rcv: 16500
tot_msg_sent: 15946
tot_reconf_duration: 22.65
tot_sleeping_duration: 1060401.464600005
tot_uptimes: 276
tot_uptimes_duration: 16500.03039999504
