comms_cons: 502.35146884810314
finished_reconf: true
global_termination_time: 2554738.831
local_termination_time: 1252067.9664399985
node_cons: 52573.12684111621
tot_aggregated_send: 0
tot_msg_rcv: 38438
tot_msg_sent: 37918
tot_reconf_duration: 22.65
tot_sleeping_duration: 2515498.824920002
tot_uptimes: 655
tot_uptimes_duration: 39240.00607999787
