comms_cons: 57.83123840482023
finished_reconf: true
global_termination_time: 266790.6047200001
local_termination_time: 266790.5636000001
node_cons: 5515.055049288464
tot_aggregated_send: 0
tot_msg_rcv: 4808
tot_msg_sent: 3978
tot_reconf_duration: 24.59
tot_sleeping_duration: 262696.7571999938
tot_uptimes: 69
tot_uptimes_duration: 4093.8475200063094
