comms_cons: 28.38266880062988
finished_reconf: true
global_termination_time: 268685.272
local_termination_time: 89084.08779999956
node_cons: 5467.278182238292
tot_aggregated_send: 3190
tot_msg_rcv: 370
tot_msg_sent: 754
tot_reconf_duration: 3.05
tot_sleeping_duration: 264605.25984000124
tot_uptimes: 69
tot_uptimes_duration: 4080.0121599987324
