comms_cons: 301.6854144136012
finished_reconf: true
global_termination_time: 3008185.929
local_termination_time: 386757.42836
node_cons: 61867.87559563439
tot_aggregated_send: 40716
tot_msg_rcv: 1841
tot_msg_sent: 3295
tot_reconf_duration: 4.390000000000001
tot_sleeping_duration: 2961985.843880033
tot_uptimes: 771
tot_uptimes_duration: 46200.08511996688
