comms_cons: 691.8978824964024
finished_reconf: true
global_termination_time: 3514934.1549199973
local_termination_time: 3146.36448
node_cons: 72366.78855711276
tot_aggregated_send: 0
tot_msg_rcv: 52954
tot_msg_sent: 52207
tot_reconf_duration: 18.21
tot_sleeping_duration: 3460907.224840001
tot_uptimes: 901
tot_uptimes_duration: 54026.93007999583
