comms_cons: 351.80755203030225
finished_reconf: true
global_termination_time: 3515023.813
local_termination_time: 205287.01508000016
node_cons: 72312.56454446567
tot_aggregated_send: 49358
tot_msg_rcv: 1328
tot_msg_sent: 2786
tot_reconf_duration: 4.8100000000000005
tot_sleeping_duration: 3461023.7886800095
tot_uptimes: 901
tot_uptimes_duration: 54000.02431999054
