comms_cons: 48.49591040103446
finished_reconf: true
global_termination_time: 469777.727
local_termination_time: 189031.9946800007
node_cons: 9649.33638112144
tot_aggregated_send: 6322
tot_msg_rcv: 415
tot_msg_sent: 634
tot_reconf_duration: 6.279999999999999
tot_sleeping_duration: 462577.72091999894
tot_uptimes: 121
tot_uptimes_duration: 7200.006080001069
