comms_cons: 47.772198400713904
finished_reconf: true
global_termination_time: 472186.193
local_termination_time: 302749.47280000075
node_cons: 9661.335662242855
tot_aggregated_send: 6380
tot_msg_rcv: 311
tot_msg_sent: 571
tot_reconf_duration: 15.110000000000001
tot_sleeping_duration: 464986.1808399979
tot_uptimes: 121
tot_uptimes_duration: 7200.0121600021375
