comms_cons: 47.864307200673714
finished_reconf: true
global_termination_time: 470530.762
local_termination_time: 351748.1797600009
node_cons: 9662.08883576263
tot_aggregated_send: 6380
tot_msg_rcv: 323
tot_msg_sent: 573
tot_reconf_duration: 12.629999999999999
tot_sleeping_duration: 463327.67215999804
tot_uptimes: 121
tot_uptimes_duration: 7203.0898400019505
