comms_cons: 47.43791360003449
finished_reconf: true
global_termination_time: 469815.735
local_termination_time: 188067.58248000097
node_cons: 9666.210882242889
tot_aggregated_send: 6496
tot_msg_rcv: 264
tot_msg_sent: 450
tot_reconf_duration: 18.700000000000003
tot_sleeping_duration: 462615.72283999785
tot_uptimes: 121
tot_uptimes_duration: 7200.0121600021375
