comms_cons: 46.72015360029612
finished_reconf: true
global_termination_time: 469508.443
local_termination_time: 177102.86
node_cons: 9662.233342401329
tot_aggregated_send: 6260
tot_msg_rcv: 203
tot_msg_sent: 639
tot_reconf_duration: 10.95
tot_sleeping_duration: 462303.541399999
tot_uptimes: 121
tot_uptimes_duration: 7204.9016000010015
