comms_cons: 39.95394560032703
finished_reconf: true
global_termination_time: 403748.252
local_termination_time: 130678.37131999989
node_cons: 8290.378980000027
tot_aggregated_send: 5742
tot_msg_rcv: 108
tot_msg_sent: 222
tot_reconf_duration: 11.31
tot_sleeping_duration: 397568.252
tot_uptimes: 104
tot_uptimes_duration: 6180.0
