comms_cons: 193.6199039891816
finished_reconf: true
global_termination_time: 1937513.2289599977
local_termination_time: 1937513.2289599977
node_cons: 39976.45093038051
tot_aggregated_send: 27362
tot_msg_rcv: 603
tot_msg_sent: 1464
tot_reconf_duration: 24.59
tot_sleeping_duration: 1907682.7153600121
tot_uptimes: 497
tot_uptimes_duration: 29830.51359998563
