comms_cons: 75.9969663989146
finished_reconf: true
global_termination_time: 768150.215
local_termination_time: 282372.20736000006
node_cons: 15777.406841121487
tot_aggregated_send: 10962
tot_msg_rcv: 204
tot_msg_sent: 385
tot_reconf_duration: 22.65
tot_sleeping_duration: 756390.208919999
tot_uptimes: 197
tot_uptimes_duration: 11760.006080001069
