comms_cons: 75.89890560007967
finished_reconf: true
global_termination_time: 766384.977
local_termination_time: 115290.628
node_cons: 15833.972274640668
tot_aggregated_send: 11075
tot_msg_rcv: 114
tot_msg_sent: 347
tot_reconf_duration: 4.8100000000000005
tot_sleeping_duration: 754564.6332399994
tot_uptimes: 197
tot_uptimes_duration: 11820.343760000484
