comms_cons: 40.47575040143059
finished_reconf: true
global_termination_time: 375250.77036000096
local_termination_time: 375250.77036000096
node_cons: 7830.700760891307
tot_aggregated_send: 4452
tot_msg_rcv: 520
tot_msg_sent: 1179
tot_reconf_duration: 24.59
tot_sleeping_duration: 369427.5384399925
tot_uptimes: 97
tot_uptimes_duration: 5823.231920008431
