comms_cons: 284.4342080126098
finished_reconf: false
global_termination_time: 2809538.532
local_termination_time: 0
node_cons: 57844.79999999896
tot_aggregated_send: 38976
tot_msg_rcv: 1471
tot_msg_sent: 2784
tot_reconf_duration: 0
tot_sleeping_duration: 2766338.532
tot_uptimes: 720
tot_uptimes_duration: 43200.0
