comms_cons: 284.37934082104016
finished_reconf: true
global_termination_time: 2810849.164
local_termination_time: 423994.2315600002
node_cons: 57851.39710894377
tot_aggregated_send: 38744
tot_msg_rcv: 1458
tot_msg_sent: 3022
tot_reconf_duration: 4.8100000000000005
tot_sleeping_duration: 2767649.115360011
tot_uptimes: 720
tot_uptimes_duration: 43200.04863998864
