comms_cons: 282.148838411609
finished_reconf: true
global_termination_time: 2811068.34
local_termination_time: 1293095.3283599997
node_cons: 57848.98260558351
tot_aggregated_send: 39092
tot_msg_rcv: 1120
tot_msg_sent: 2673
tot_reconf_duration: 3.05
tot_sleeping_duration: 2767868.3096000114
tot_uptimes: 720
tot_uptimes_duration: 43200.03039998864
