comms_cons: 247.44073599232212
finished_reconf: true
global_termination_time: 2497073.428
local_termination_time: 1213827.6867199987
node_cons: 51345.78823999936
tot_aggregated_send: 35786
tot_msg_rcv: 645
tot_msg_sent: 1178
tot_reconf_duration: 6.279999999999999
tot_sleeping_duration: 2458733.428
tot_uptimes: 640
tot_uptimes_duration: 38340.00000000006
