comms_cons: 248.08189438901272
finished_reconf: true
global_termination_time: 2494621.596
local_termination_time: 1962202.1593999981
node_cons: 51308.149335596965
tot_aggregated_send: 35380
tot_msg_rcv: 801
tot_msg_sent: 1526
tot_reconf_duration: 25.299999999999997
tot_sleeping_duration: 2456328.995600002
tot_uptimes: 639
tot_uptimes_duration: 38292.60039999825
