comms_cons: 57.44299520074891
finished_reconf: true
global_termination_time: 588508.357
local_termination_time: 96339.83535999998
node_cons: 12081.783123364321
tot_aggregated_send: 7772
tot_msg_rcv: 315
tot_msg_sent: 644
tot_reconf_duration: 22.65
tot_sleeping_duration: 579508.3387599968
tot_uptimes: 151
tot_uptimes_duration: 9000.018240003206
