comms_cons: 59.78629119899775
finished_reconf: true
global_termination_time: 588175.964
local_termination_time: 115716.1022399997
node_cons: 12058.58034223827
tot_aggregated_send: 7946
tot_msg_rcv: 391
tot_msg_sent: 750
tot_reconf_duration: 5.57
tot_sleeping_duration: 579175.9518400013
tot_uptimes: 151
tot_uptimes_duration: 9000.012159998703
