comms_cons: 19.343475199995968
finished_reconf: true
global_termination_time: 178266.656
local_termination_time: 75714.04135999996
node_cons: 3621.84012112143
tot_aggregated_send: 2088
tot_msg_rcv: 331
tot_msg_sent: 522
tot_reconf_duration: 4.8100000000000005
tot_sleeping_duration: 175566.64991999892
tot_uptimes: 46
tot_uptimes_duration: 2700.0060800010688
