comms_cons: 19.329817600203494
finished_reconf: true
global_termination_time: 177442.473
local_termination_time: 94112.17047999994
node_cons: 3619.441899999986
tot_aggregated_send: 2030
tot_msg_rcv: 329
tot_msg_sent: 579
tot_reconf_duration: 3.05
tot_sleeping_duration: 174742.473
tot_uptimes: 46
tot_uptimes_duration: 2700.0
