comms_cons: 17.192076799881466
finished_reconf: true
global_termination_time: 174968.16624000054
local_termination_time: 74979.86847999996
node_cons: 3621.9554993607508
tot_aggregated_send: 2146
tot_msg_rcv: 174
tot_msg_sent: 293
tot_reconf_duration: 6.22
tot_sleeping_duration: 172269.504
tot_uptimes: 45
tot_uptimes_duration: 2698.662240000558
