comms_cons: 19.052390400039258
finished_reconf: true
global_termination_time: 178727.11
local_termination_time: 100933.45700000001
node_cons: 3630.6722628806365
tot_aggregated_send: 2137
tot_msg_rcv: 294
tot_msg_sent: 464
tot_reconf_duration: 11.31
tot_sleeping_duration: 176027.10007999954
tot_uptimes: 46
tot_uptimes_duration: 2700.0099200004624
