comms_cons: 195.60619519491425
finished_reconf: true
global_termination_time: 1978423.344
local_termination_time: 805268.2335999998
node_cons: 40686.39739999977
tot_aggregated_send: 28536
tot_msg_rcv: 443
tot_msg_sent: 752
tot_reconf_duration: 25.299999999999997
tot_sleeping_duration: 1948063.344
tot_uptimes: 507
tot_uptimes_duration: 30360.0
