comms_cons: 194.71142399430227
finished_reconf: true
global_termination_time: 1978554.303
local_termination_time: 863954.2845599994
node_cons: 40659.41393999962
tot_aggregated_send: 28710
tot_msg_rcv: 252
tot_msg_sent: 633
tot_reconf_duration: 5.43
tot_sleeping_duration: 1948194.303
tot_uptimes: 507
tot_uptimes_duration: 30360.0
