comms_cons: 196.69176319020744
finished_reconf: true
global_termination_time: 1974736.893
local_termination_time: 752323.8629199984
node_cons: 40592.53171999967
tot_aggregated_send: 28072
tot_msg_rcv: 620
tot_msg_sent: 1204
tot_reconf_duration: 15.34
tot_sleeping_duration: 1944436.893
tot_uptimes: 506
tot_uptimes_duration: 30300.0
