comms_cons: 37.77055360053353
finished_reconf: true
global_termination_time: 378415.445
local_termination_time: 16109.727360000003
node_cons: 7737.369180000011
tot_aggregated_send: 5046
tot_msg_rcv: 189
tot_msg_sent: 505
tot_reconf_duration: 18.21
tot_sleeping_duration: 372655.445
tot_uptimes: 97
tot_uptimes_duration: 5760.0
