comms_cons: 37.57381120036625
finished_reconf: true
global_termination_time: 375795.2114800002
local_termination_time: 117665.05247999997
node_cons: 7752.633559841677
tot_aggregated_send: 5220
tot_msg_rcv: 149
tot_msg_sent: 341
tot_reconf_duration: 15.34
tot_sleeping_duration: 370020.90091999894
tot_uptimes: 97
tot_uptimes_duration: 5774.310560001235
