comms_cons: 304.49881577381325
finished_reconf: true
global_termination_time: 1553331.461
local_termination_time: 3130.374040000001
node_cons: 31912.889283355147
tot_aggregated_send: 0
tot_msg_rcv: 23261
tot_msg_sent: 23020
tot_reconf_duration: 13.17
tot_sleeping_duration: 1529511.4427600035
tot_uptimes: 398
tot_uptimes_duration: 23820.018239996338
