comms_cons: 155.82835198792765
finished_reconf: true
global_termination_time: 1552694.127
local_termination_time: 843093.3945199993
node_cons: 31903.443042233837
tot_aggregated_send: 21634
tot_msg_rcv: 747
tot_msg_sent: 1304
tot_reconf_duration: 6.22
tot_sleeping_duration: 1528874.1148400048
tot_uptimes: 398
tot_uptimes_duration: 23820.01215999527
