comms_cons: 154.04441599042735
finished_reconf: true
global_termination_time: 1552787.672
local_termination_time: 912067.2984799998
node_cons: 31902.38650446729
tot_aggregated_send: 21634
tot_msg_rcv: 499
tot_msg_sent: 1280
tot_reconf_duration: 5.43
tot_sleeping_duration: 1528967.6476800095
tot_uptimes: 398
tot_uptimes_duration: 23820.024319990538
