comms_cons: 257.7862144000137
finished_reconf: true
global_termination_time: 2810510.654
local_termination_time: 4410.5740000000005
node_cons: 57870.58841999896
tot_aggregated_send: 39131
tot_msg_rcv: 3
tot_msg_sent: 48
tot_reconf_duration: 18.990000000000002
tot_sleeping_duration: 2767310.654
tot_uptimes: 720
tot_uptimes_duration: 43200.0
