comms_cons: 11.218163199977294
finished_reconf: true
global_termination_time: 8363.602240000002
local_termination_time: 1779.7270400000014
node_cons: 1332.907167480011
tot_aggregated_send: 0
tot_msg_rcv: 822
tot_msg_sent: 883
tot_reconf_duration: 18.21
tot_sleeping_duration: 7386.620919999994
tot_uptimes: 14
tot_uptimes_duration: 976.981320000008
