comms_cons: 1.4283135999979566
finished_reconf: true
global_termination_time: 8363.08448
local_termination_time: 8363.04336
node_cons: 212.4316598400069
tot_aggregated_send: 0
tot_msg_rcv: 105
tot_msg_sent: 111
tot_reconf_duration: 24.59
tot_sleeping_duration: 8229.373919999995
tot_uptimes: 3
tot_uptimes_duration: 133.710560000005
