comms_cons: 1.5329535999991566
finished_reconf: true
global_termination_time: 8526.825
local_termination_time: 1800.6634800000006
node_cons: 164.82190000000026
tot_aggregated_send: 0
tot_msg_rcv: 118
tot_msg_sent: 114
tot_reconf_duration: 3.05
tot_sleeping_duration: 8406.825
tot_uptimes: 3
tot_uptimes_duration: 120.0
