comms_cons: 0.5526528000000878
finished_reconf: true
global_termination_time: 7469.689
local_termination_time: 179.64903999999996
node_cons: 114.69739999999999
tot_aggregated_send: 0
tot_msg_rcv: 48
tot_msg_sent: 35
tot_reconf_duration: 25.299999999999997
tot_sleeping_duration: 7409.689
tot_uptimes: 2
tot_uptimes_duration: 60.0
