comms_cons: 0.7500287999995991
finished_reconf: true
global_termination_time: 5296.255
local_termination_time: 930.0983599999998
node_cons: 86.30161999999999
tot_aggregated_send: 0
tot_msg_rcv: 59
tot_msg_sent: 54
tot_reconf_duration: 4.390000000000001
tot_sleeping_duration: 5236.255
tot_uptimes: 2
tot_uptimes_duration: 60.0
