comms_cons: 307.61641598752726
finished_reconf: true
global_termination_time: 3106876.123
local_termination_time: 2011519.34836
node_cons: 63891.156143349624
tot_aggregated_send: 42862
tot_msg_rcv: 1288
tot_msg_sent: 2604
tot_reconf_duration: 15.34
tot_sleeping_duration: 3059176.104760007
tot_uptimes: 796
tot_uptimes_duration: 47700.01823999314
