comms_cons: 313.8804736161194
finished_reconf: true
global_termination_time: 3106418.662
local_termination_time: 427182.2587600008
node_cons: 63876.34303116824
tot_aggregated_send: 43210
tot_msg_rcv: 1587
tot_msg_sent: 2910
tot_reconf_duration: 4.390000000000001
tot_sleeping_duration: 3058718.6012000227
tot_uptimes: 796
tot_uptimes_duration: 47700.06079997728
