comms_cons: 18.671769599684723
finished_reconf: true
global_termination_time: 191003.062
local_termination_time: 543.6621199999998
node_cons: 3865.9672044766075
tot_aggregated_send: 2204
tot_msg_rcv: 221
tot_msg_sent: 413
tot_reconf_duration: 7.08
tot_sleeping_duration: 188123.03768000254
tot_uptimes: 49
tot_uptimes_duration: 2880.0243199974648
