comms_cons: 166.94302074199084
finished_reconf: true
global_termination_time: 833839.0563199987
local_termination_time: 2936.3363600000002
node_cons: 17201.36569183332
tot_aggregated_send: 0
tot_msg_rcv: 12981
tot_msg_sent: 12391
tot_reconf_duration: 18.21
tot_sleeping_duration: 821011.0977600036
tot_uptimes: 214
tot_uptimes_duration: 12827.958559994993
