comms_cons: 85.74138879945103
finished_reconf: true
global_termination_time: 833839.17636
local_termination_time: 87605.53859999994
node_cons: 17140.80424576401
tot_aggregated_send: 11368
tot_msg_rcv: 668
tot_msg_sent: 997
tot_reconf_duration: 4.8100000000000005
tot_sleeping_duration: 821042.856519997
tot_uptimes: 214
tot_uptimes_duration: 12796.31984000298
