comms_cons: 86.60263679615446
finished_reconf: true
global_termination_time: 835990.291
local_termination_time: 85338.37103999981
node_cons: 17198.778607827047
tot_aggregated_send: 11136
tot_msg_rcv: 744
tot_msg_sent: 1283
tot_reconf_duration: 4.390000000000001
tot_sleeping_duration: 823150.2484400097
tot_uptimes: 215
tot_uptimes_duration: 12840.04255999031
