comms_cons: 125.28085759037177
finished_reconf: true
global_termination_time: 1238607.4574799999
local_termination_time: 1238607.41636
node_cons: 25519.556083196367
tot_aggregated_send: 17096
tot_msg_rcv: 656
tot_msg_sent: 1289
tot_reconf_duration: 24.59
tot_sleeping_duration: 1219573.7286800025
tot_uptimes: 318
tot_uptimes_duration: 19033.728799997247
