comms_cons: 468.0997760420355
finished_reconf: true
global_termination_time: 4765156.987
local_termination_time: 2285350.6465199986
node_cons: 98022.38034223192
tot_aggregated_send: 66178
tot_msg_rcv: 1546
tot_msg_sent: 3424
tot_reconf_duration: 5.57
tot_sleeping_duration: 4691956.974840004
tot_uptimes: 1221
tot_uptimes_duration: 73200.01215999573
