comms_cons: 465.6208576189003
finished_reconf: true
global_termination_time: 4765990.533
local_termination_time: 2289499.053839999
node_cons: 98021.74208223165
tot_aggregated_send: 66352
tot_msg_rcv: 1373
tot_msg_sent: 3047
tot_reconf_duration: 5.1
tot_sleeping_duration: 4692790.520840004
tot_uptimes: 1221
tot_uptimes_duration: 73200.01215999573
