comms_cons: 478.4808128986329
finished_reconf: true
global_termination_time: 4764684.017119996
local_termination_time: 248531.63460000008
node_cons: 98068.69394196307
tot_aggregated_send: 66236
tot_msg_rcv: 2174
tot_msg_sent: 4313
tot_reconf_duration: 22.65
tot_sleeping_duration: 4691466.739120021
tot_uptimes: 1221
tot_uptimes_duration: 73217.2779999745
