comms_cons: 479.8936192764556
finished_reconf: true
global_termination_time: 4765385.998
local_termination_time: 1250043.2293599998
node_cons: 98018.9907466989
tot_aggregated_send: 66004
tot_msg_rcv: 2345
tot_msg_sent: 4591
tot_reconf_duration: 3.05
tot_sleeping_duration: 4692185.961520013
tot_uptimes: 1221
tot_uptimes_duration: 73200.0364799865
