comms_cons: 22.494912000883204
finished_reconf: true
global_termination_time: 203488.16048000008
local_termination_time: 203488.11936000007
node_cons: 4229.447942082126
tot_aggregated_send: 2306
tot_msg_rcv: 399
tot_msg_sent: 714
tot_reconf_duration: 24.59
tot_sleeping_duration: 200354.4377599985
tot_uptimes: 53
tot_uptimes_duration: 3133.722720001577
