comms_cons: 24.96176639980677
finished_reconf: true
global_termination_time: 205170.59
local_termination_time: 32586.339040000003
node_cons: 4195.622115644054
tot_aggregated_send: 1856
tot_msg_rcv: 786
tot_msg_sent: 1151
tot_reconf_duration: 13.17
tot_sleeping_duration: 202050.547239997
tot_uptimes: 53
tot_uptimes_duration: 3120.0427600030234
