comms_cons: 21.988940799937534
finished_reconf: true
global_termination_time: 204366.779
local_termination_time: 167331.59036000006
node_cons: 4208.454982240577
tot_aggregated_send: 2030
tot_msg_rcv: 515
tot_msg_sent: 797
tot_reconf_duration: 22.65
tot_sleeping_duration: 201246.7668399996
tot_uptimes: 53
tot_uptimes_duration: 3120.012160000435
