comms_cons: 9.855641599782622
finished_reconf: true
global_termination_time: 83678.944
local_termination_time: 49258.20396000012
node_cons: 1695.6030422383037
tot_aggregated_send: 638
tot_msg_rcv: 276
tot_msg_sent: 584
tot_reconf_duration: 6.22
tot_sleeping_duration: 82418.93184000127
tot_uptimes: 22
tot_uptimes_duration: 1260.0121599987324
