comms_cons: 5.408102399997621
finished_reconf: true
global_termination_time: 3586.9519200000036
local_termination_time: 3586.9108000000037
node_cons: 690.5662788800051
tot_aggregated_send: 0
tot_msg_rcv: 348
tot_msg_sent: 471
tot_reconf_duration: 24.59
tot_sleeping_duration: 3096.158
tot_uptimes: 8
tot_uptimes_duration: 490.7939200000037
