comms_cons: 2.3006079999916116
finished_reconf: true
global_termination_time: 14376.39
local_termination_time: 10271.145360000002
node_cons: 247.55198000000178
tot_aggregated_send: 0
tot_msg_rcv: 179
tot_msg_sent: 170
tot_reconf_duration: 4.8100000000000005
tot_sleeping_duration: 14196.39
tot_uptimes: 4
tot_uptimes_duration: 180.0
