comms_cons: 2.1974527999965954
finished_reconf: true
global_termination_time: 12852.519
local_termination_time: 5958.776
node_cons: 258.1954833600057
tot_aggregated_send: 0
tot_msg_rcv: 171
tot_msg_sent: 163
tot_reconf_duration: 11.899999999999999
tot_sleeping_duration: 12671.760759999996
tot_uptimes: 4
tot_uptimes_duration: 180.7582400000042
