comms_cons: 2.3158783999944585
finished_reconf: true
global_termination_time: 17609.495
local_termination_time: 5884.46936
node_cons: 327.32161999999926
tot_aggregated_send: 0
tot_msg_rcv: 179
tot_msg_sent: 173
tot_reconf_duration: 4.390000000000001
tot_sleeping_duration: 17369.495
tot_uptimes: 5
tot_uptimes_duration: 240.0
