comms_cons: 14.763724799873955
finished_reconf: true
global_termination_time: 140231.275
local_termination_time: 40587.156360000015
node_cons: 2816.0500411191556
tot_aggregated_send: 1740
tot_msg_rcv: 213
tot_msg_sent: 291
tot_reconf_duration: 3.05
tot_sleeping_duration: 138131.26892000064
tot_uptimes: 36
tot_uptimes_duration: 2100.006079999366
