comms_cons: 66.27788799969389
finished_reconf: true
global_termination_time: 657865.964
local_termination_time: 178905.39176000044
node_cons: 13503.081620000039
tot_aggregated_send: 9106
tot_msg_rcv: 333
tot_msg_sent: 634
tot_reconf_duration: 4.390000000000001
tot_sleeping_duration: 647785.964
tot_uptimes: 169
tot_uptimes_duration: 10080.0
