comms_cons: 69.6414079960054
finished_reconf: true
global_termination_time: 661649.246
local_termination_time: 32739.04848
node_cons: 13588.128406709075
tot_aggregated_send: 8294
tot_msg_rcv: 780
tot_msg_sent: 1511
tot_reconf_duration: 7.819999999999999
tot_sleeping_duration: 651509.2095200082
tot_uptimes: 170
tot_uptimes_duration: 10140.036479991828
