comms_cons: 66.87391359825197
finished_reconf: true
global_termination_time: 658949.917
local_termination_time: 109620.68763999977
node_cons: 13512.487121121467
tot_aggregated_send: 8816
tot_msg_rcv: 426
tot_msg_sent: 921
tot_reconf_duration: 11.31
tot_sleeping_duration: 648869.9109199989
tot_uptimes: 169
tot_uptimes_duration: 10080.006080001069
