comms_cons: 131.64729598307807
finished_reconf: true
global_termination_time: 661679.868
local_termination_time: 1719.53436
node_cons: 13598.324284481143
tot_aggregated_send: 0
tot_msg_rcv: 10213
tot_msg_sent: 9796
tot_reconf_duration: 15.34
tot_sleeping_duration: 651539.8436799992
tot_uptimes: 170
tot_uptimes_duration: 10140.02432000084
