comms_cons: 139.2421887921415
finished_reconf: true
global_termination_time: 1416567.236
local_termination_time: 6461.168000000001
node_cons: 29093.129199999967
tot_aggregated_send: 19886
tot_msg_rcv: 477
tot_msg_sent: 801
tot_reconf_duration: 7.3999999999999995
tot_sleeping_duration: 1394847.236
tot_uptimes: 363
tot_uptimes_duration: 21719.99999999994
