comms_cons: 139.96494719339992
finished_reconf: true
global_termination_time: 1416096.117
local_termination_time: 7354.628
node_cons: 29101.869281121475
tot_aggregated_send: 20228
tot_msg_rcv: 314
tot_msg_sent: 731
tot_reconf_duration: 13.83
tot_sleeping_duration: 1394376.1109199992
tot_uptimes: 363
tot_uptimes_duration: 21720.00608000107
