comms_cons: 139.41387519636643
finished_reconf: true
global_termination_time: 1415057.694
local_termination_time: 6092.456
node_cons: 29090.97812112148
tot_aggregated_send: 20410
tot_msg_rcv: 281
tot_msg_sent: 499
tot_reconf_duration: 5.8100000000000005
tot_sleeping_duration: 1393337.6879199988
tot_uptimes: 363
tot_uptimes_duration: 21720.00608000107
