comms_cons: 139.36124159709453
finished_reconf: true
global_termination_time: 1421076.813
local_termination_time: 4129.968
node_cons: 29172.654400000047
tot_aggregated_send: 20292
tot_msg_rcv: 291
tot_msg_sent: 599
tot_reconf_duration: 6.8
tot_sleeping_duration: 1399296.813
tot_uptimes: 364
tot_uptimes_duration: 21780.0
