comms_cons: 139.80988159579599
finished_reconf: true
global_termination_time: 1416750.391
local_termination_time: 7453.832000000001
node_cons: 29089.13938223831
tot_aggregated_send: 20469
tot_msg_rcv: 257
tot_msg_sent: 524
tot_reconf_duration: 4.45
tot_sleeping_duration: 1395030.3788400013
tot_uptimes: 363
tot_uptimes_duration: 21720.012159998703
