comms_cons: 139.45992959879072
finished_reconf: true
global_termination_time: 1415249.141
local_termination_time: 6196.364
node_cons: 29099.69648112148
tot_aggregated_send: 20519
tot_msg_rcv: 272
tot_msg_sent: 406
tot_reconf_duration: 12.23
tot_sleeping_duration: 1393529.134919999
tot_uptimes: 363
tot_uptimes_duration: 21720.00608000107
