comms_cons: 10.251020800061688
finished_reconf: true
global_termination_time: 82870.628
local_termination_time: 35415.05404000006
node_cons: 1697.7758422405818
tot_aggregated_send: 696
tot_msg_rcv: 341
tot_msg_sent: 521
tot_reconf_duration: 7.819999999999999
tot_sleeping_duration: 81610.61583999956
tot_uptimes: 22
tot_uptimes_duration: 1260.012160000435
