comms_cons: 9.342464000004504
finished_reconf: true
global_termination_time: 81575.648
local_termination_time: 16998.340360000002
node_cons: 1614.182081120291
tot_aggregated_send: 812
tot_msg_rcv: 262
tot_msg_sent: 346
tot_reconf_duration: 5.43
tot_sleeping_duration: 80375.64191999978
tot_uptimes: 21
tot_uptimes_duration: 1200.0060800002175
