comms_cons: 92.88577279967389
finished_reconf: true
global_termination_time: 947196.078
local_termination_time: 400766.197
node_cons: 19463.1198611215
tot_aggregated_send: 13675
tot_msg_rcv: 153
tot_msg_sent: 290
tot_reconf_duration: 15.34
tot_sleeping_duration: 932676.0719199989
tot_uptimes: 243
tot_uptimes_duration: 14520.006080001072
