comms_cons: 92.90551040022369
finished_reconf: true
global_termination_time: 950367.288
local_termination_time: 444310.6525200004
node_cons: 19530.18406000004
tot_aggregated_send: 13746
tot_msg_rcv: 146
tot_msg_sent: 229
tot_reconf_duration: 5.57
tot_sleeping_duration: 935787.288
tot_uptimes: 244
tot_uptimes_duration: 14580.0
