comms_cons: 91.96405759883575
finished_reconf: true
global_termination_time: 945793.781
local_termination_time: 364412.02236
node_cons: 19449.2058
tot_aggregated_send: 13572
tot_msg_rcv: 118
tot_msg_sent: 288
tot_reconf_duration: 5.1
tot_sleeping_duration: 931273.781
tot_uptimes: 243
tot_uptimes_duration: 14520.0
