comms_cons: 92.80619519944135
finished_reconf: true
global_termination_time: 947947.436
local_termination_time: 392099.69540000084
node_cons: 19449.65394000002
tot_aggregated_send: 13630
tot_msg_rcv: 189
tot_msg_sent: 287
tot_reconf_duration: 5.43
tot_sleeping_duration: 933427.436
tot_uptimes: 243
tot_uptimes_duration: 14520.0
