comms_cons: 26.36943360042432
finished_reconf: true
global_termination_time: 268809.021
local_termination_time: 163429.24016000077
node_cons: 5492.428988483897
tot_aggregated_send: 3712
tot_msg_rcv: 77
tot_msg_sent: 219
tot_reconf_duration: 18.21
tot_sleeping_duration: 264725.6006799971
tot_uptimes: 69
tot_uptimes_duration: 4083.420320002915
