comms_cons: 27.626060800035038
finished_reconf: true
global_termination_time: 268324.826
local_termination_time: 33870.715840000026
node_cons: 5471.6563811191545
tot_aggregated_send: 3480
tot_msg_rcv: 257
tot_msg_sent: 462
tot_reconf_duration: 6.279999999999999
tot_sleeping_duration: 264244.8199200006
tot_uptimes: 69
tot_uptimes_duration: 4080.006079999366
