comms_cons: 27.37009920065113
finished_reconf: true
global_termination_time: 271119.535
local_termination_time: 12344.90136
node_cons: 5547.675204483166
tot_aggregated_send: 3364
tot_msg_rcv: 157
tot_msg_sent: 639
tot_reconf_duration: 3.08
tot_sleeping_duration: 266979.5106799976
tot_uptimes: 70
tot_uptimes_duration: 4140.0243200023615
