comms_cons: 26.95953920036743
finished_reconf: true
global_termination_time: 267951.723
local_termination_time: 163432.75636000006
node_cons: 5480.279681121441
tot_aggregated_send: 3654
tot_msg_rcv: 164
tot_msg_sent: 280
tot_reconf_duration: 12.629999999999999
tot_sleeping_duration: 263871.71691999893
tot_uptimes: 69
tot_uptimes_duration: 4080.0060800010688
