comms_cons: 38.489574401063635
finished_reconf: true
global_termination_time: 374307.373
local_termination_time: 60802.28436000001
node_cons: 7666.673682242875
tot_aggregated_send: 4930
tot_msg_rcv: 362
tot_msg_sent: 558
tot_reconf_duration: 25.299999999999997
tot_sleeping_duration: 368607.3608399979
tot_uptimes: 96
tot_uptimes_duration: 5700.0121600021375
