comms_cons: 39.31197440031474
finished_reconf: true
global_termination_time: 377407.54
local_termination_time: 12662.103120000003
node_cons: 7721.111183362022
tot_aggregated_send: 4930
tot_msg_rcv: 407
tot_msg_sent: 638
tot_reconf_duration: 6.22
tot_sleeping_duration: 371647.5217599985
tot_uptimes: 97
tot_uptimes_duration: 5760.018240001504
