comms_cons: 73.37443840020796
finished_reconf: true
global_termination_time: 738634.037
local_termination_time: 477551.92636000004
node_cons: 15192.820804481105
tot_aggregated_send: 9976
tot_msg_rcv: 359
tot_msg_sent: 818
tot_reconf_duration: 6.279999999999999
tot_sleeping_duration: 727294.0126799991
tot_uptimes: 190
tot_uptimes_duration: 11340.02432000084
