comms_cons: 54.37113600068145
finished_reconf: true
global_termination_time: 539096.3451200002
local_termination_time: 63869.644
node_cons: 11130.612176244022
tot_aggregated_send: 7189
tot_msg_rcv: 369
tot_msg_sent: 706
tot_reconf_duration: 4.390000000000001
tot_sleeping_duration: 530788.1669599972
tot_uptimes: 139
tot_uptimes_duration: 8308.178160002986
