comms_cons: 30.040627199308307
finished_reconf: true
global_termination_time: 263473.774
local_termination_time: 9580.37736
node_cons: 5386.921900000004
tot_aggregated_send: 0
tot_msg_rcv: 2300
tot_msg_sent: 2266
tot_reconf_duration: 3.05
tot_sleeping_duration: 259453.77399999998
tot_uptimes: 68
tot_uptimes_duration: 4020.0
