comms_cons: 46.216697599896555
finished_reconf: true
global_termination_time: 15208.356240000003
local_termination_time: 2645.040480000002
node_cons: 6492.152207440062
tot_aggregated_send: 0
tot_msg_rcv: 3645
tot_msg_sent: 3377
tot_reconf_duration: 5.57
tot_sleeping_duration: 10365.49727999996
tot_uptimes: 66
tot_uptimes_duration: 4842.858960000044
