comms_cons: 1.5724287999969164
finished_reconf: true
global_termination_time: 12145.602
local_termination_time: 6546.447360000001
node_cons: 247.5519800000006
tot_aggregated_send: 0
tot_msg_rcv: 125
tot_msg_sent: 114
tot_reconf_duration: 4.8100000000000005
tot_sleeping_duration: 11965.602
tot_uptimes: 4
tot_uptimes_duration: 180.00000000000006
