comms_cons: 73.60151039970769
finished_reconf: true
global_termination_time: 731675.355
local_termination_time: 367481.9280400003
node_cons: 15048.30918000005
tot_aggregated_send: 10150
tot_msg_rcv: 357
tot_msg_sent: 680
tot_reconf_duration: 18.21
tot_sleeping_duration: 720455.355
tot_uptimes: 188
tot_uptimes_duration: 11220.0
