comms_cons: 145.56600316556853
finished_reconf: true
global_termination_time: 731111.182
local_termination_time: 2662.01236
node_cons: 15034.590643357436
tot_aggregated_send: 0
tot_msg_rcv: 11274
tot_msg_sent: 10848
tot_reconf_duration: 8.09
tot_sleeping_duration: 719891.163760002
tot_uptimes: 188
tot_uptimes_duration: 11220.01823999807
