comms_cons: 73.31985919894464
finished_reconf: true
global_termination_time: 731194.493
local_termination_time: 364789.709
node_cons: 15043.399003522763
tot_aggregated_send: 9974
tot_msg_rcv: 301
tot_msg_sent: 870
tot_reconf_duration: 9.42
tot_sleeping_duration: 719969.245319998
tot_uptimes: 188
tot_uptimes_duration: 11225.247680002067
