comms_cons: 256.9485695821853
finished_reconf: true
global_termination_time: 2542831.266
local_termination_time: 1509783.6511599983
node_cons: 52309.86003005129
tot_aggregated_send: 34220
tot_msg_rcv: 1517
tot_msg_sent: 3317
tot_reconf_duration: 6.22
tot_sleeping_duration: 2503771.211280021
tot_uptimes: 652
tot_uptimes_duration: 39060.054719979176
