comms_cons: 251.0293760052299
finished_reconf: true
global_termination_time: 2541039.876
local_termination_time: 997106.0043599998
node_cons: 52228.37393999912
tot_aggregated_send: 36540
tot_msg_rcv: 516
tot_msg_sent: 1099
tot_reconf_duration: 5.43
tot_sleeping_duration: 2502039.876
tot_uptimes: 651
tot_uptimes_duration: 39000.0
