comms_cons: 0.9605631999968282
finished_reconf: true
global_termination_time: 6374.595
local_termination_time: 2276.26836
node_cons: 88.86823999999964
tot_aggregated_send: 0
tot_msg_rcv: 90
tot_msg_sent: 54
tot_reconf_duration: 6.279999999999999
tot_sleeping_duration: 6314.595
tot_uptimes: 2
tot_uptimes_duration: 60.0
