comms_cons: 35.976556800256255
finished_reconf: true
global_termination_time: 357586.213
local_termination_time: 88337.17847999994
node_cons: 7315.098182240575
tot_aggregated_send: 4930
tot_msg_rcv: 190
tot_msg_sent: 348
tot_reconf_duration: 3.05
tot_sleeping_duration: 352126.20083999954
tot_uptimes: 92
tot_uptimes_duration: 5460.012160000435
