comms_cons: 31.909120000716758
finished_reconf: true
global_termination_time: 318413.735
local_termination_time: 168103.21272000013
node_cons: 6515.104060000016
tot_aggregated_send: 4350
tot_msg_rcv: 157
tot_msg_sent: 343
tot_reconf_duration: 5.57
tot_sleeping_duration: 313553.735
tot_uptimes: 82
tot_uptimes_duration: 4860.0
