comms_cons: 30.974873600097474
finished_reconf: true
global_termination_time: 318361.128
local_termination_time: 237246.5987200006
node_cons: 6541.897400000028
tot_aggregated_send: 4640
tot_msg_rcv: 32
tot_msg_sent: 34
tot_reconf_duration: 25.299999999999997
tot_sleeping_duration: 313501.128
tot_uptimes: 82
tot_uptimes_duration: 4859.999999999998
