comms_cons: 402.79183363500493
finished_reconf: true
global_termination_time: 4058340.5554799996
local_termination_time: 4058340.5143599994
node_cons: 83525.01980095102
tot_aggregated_send: 58276
tot_msg_rcv: 963
tot_msg_sent: 1982
tot_reconf_duration: 24.59
tot_sleeping_duration: 3995986.8388400045
tot_uptimes: 1040
tot_uptimes_duration: 62353.71663999511
