comms_cons: 403.41187205089324
finished_reconf: true
global_termination_time: 4060382.926
local_termination_time: 2103324.1373599996
node_cons: 83494.13242558339
tot_aggregated_send: 56144
tot_msg_rcv: 1754
tot_msg_sent: 3418
tot_reconf_duration: 15.34
tot_sleeping_duration: 3998042.8956000106
tot_uptimes: 1040
tot_uptimes_duration: 62340.03039998934
