comms_cons: 406.5868352493938
finished_reconf: true
global_termination_time: 4059511.562
local_termination_time: 868188.54236
node_cons: 83479.84082669955
tot_aggregated_send: 56376
tot_msg_rcv: 1703
tot_msg_sent: 3721
tot_reconf_duration: 4.8100000000000005
tot_sleeping_duration: 3997171.5255200136
tot_uptimes: 1040
tot_uptimes_duration: 62340.03647998627
