comms_cons: 64.15377919924636
finished_reconf: true
global_termination_time: 646995.402
local_termination_time: 358778.79288000043
node_cons: 13266.72770111686
tot_aggregated_send: 9048
tot_msg_rcv: 241
tot_msg_sent: 462
tot_reconf_duration: 7.819999999999999
tot_sleeping_duration: 637095.3959200024
tot_uptimes: 166
tot_uptimes_duration: 9900.006079997635
