comms_cons: 906.4163841236652
finished_reconf: true
global_termination_time: 9146090.32748
local_termination_time: 9146090.28636
node_cons: 188225.47378430187
tot_aggregated_send: 131776
tot_msg_rcv: 1947
tot_msg_sent: 4046
tot_reconf_duration: 37.410000000000004
tot_sleeping_duration: 9005556.592600008
tot_uptimes: 2343
tot_uptimes_duration: 140533.73487999168
