comms_cons: 918.0937346534947
finished_reconf: true
global_termination_time: 9146091.01423999
local_termination_time: 1076.028560000001
node_cons: 188252.91808609752
tot_aggregated_send: 127368
tot_msg_rcv: 3903
tot_msg_sent: 8273
tot_reconf_duration: 18.21
tot_sleeping_duration: 9005517.31080003
tot_uptimes: 2343
tot_uptimes_duration: 140573.70343995834
