comms_cons: 910.2562562212435
finished_reconf: true
global_termination_time: 9147809.115
local_termination_time: 2820690.4044799996
node_cons: 188177.19313116453
tot_aggregated_send: 127368
tot_msg_rcv: 3538
tot_msg_sent: 7448
tot_reconf_duration: 15.34
tot_sleeping_duration: 9007289.054200022
tot_uptimes: 2343
tot_uptimes_duration: 140520.06079997867
