comms_cons: 904.3457473931755
finished_reconf: true
global_termination_time: 9147454.769
local_termination_time: 3441082.1753999987
node_cons: 188163.90104781374
tot_aggregated_send: 126904
tot_msg_rcv: 3407
tot_msg_sent: 7143
tot_reconf_duration: 5.57
tot_sleeping_duration: 9006934.726440014
tot_uptimes: 2343
tot_uptimes_duration: 140520.04255998507
