comms_cons: 902.8022849796101
finished_reconf: true
global_termination_time: 9149000.316
local_termination_time: 3842070.59436
node_cons: 188160.53591004768
tot_aggregated_send: 127890
tot_msg_rcv: 3306
tot_msg_sent: 6023
tot_reconf_duration: 3.08
tot_sleeping_duration: 9008480.261280019
tot_uptimes: 2343
tot_uptimes_duration: 140520.0547199808
