comms_cons: 890.8666305633592
finished_reconf: true
global_termination_time: 9149095.301
local_termination_time: 4494967.846359998
node_cons: 188176.86450892963
tot_aggregated_send: 126846
tot_msg_rcv: 2935
tot_msg_sent: 5626
tot_reconf_duration: 15.110000000000001
tot_sleeping_duration: 9008575.252360018
tot_uptimes: 2343
tot_uptimes_duration: 140520.04863998294
