comms_cons: 893.1721089649199
finished_reconf: true
global_termination_time: 9147188.301
local_termination_time: 5052763.097
node_cons: 188171.92550117002
tot_aggregated_send: 126496
tot_msg_rcv: 2899
tot_msg_sent: 6361
tot_reconf_duration: 9.42
tot_sleeping_duration: 9006666.170200018
tot_uptimes: 2343
tot_uptimes_duration: 140522.1307999827
