comms_cons: 894.2749761857212
finished_reconf: true
global_termination_time: 9148413.302
local_termination_time: 5807842.703359999
node_cons: 188181.69902334374
tot_aggregated_send: 126092
tot_msg_rcv: 3343
tot_msg_sent: 6489
tot_reconf_duration: 18.700000000000003
tot_sleeping_duration: 9007893.283760006
tot_uptimes: 2343
tot_uptimes_duration: 140520.0182399936
