comms_cons: 919.1149890773229
finished_reconf: true
global_termination_time: 9148994.046
local_termination_time: 1177757.2153599998
node_cons: 188162.33931339826
tot_aggregated_send: 126498
tot_msg_rcv: 4429
tot_msg_sent: 8771
tot_reconf_duration: 4.390000000000001
tot_sleeping_duration: 9008473.973040026
tot_uptimes: 2343
tot_uptimes_duration: 140520.07295997394
