comms_cons: 908.5460674211411
finished_reconf: true
global_termination_time: 9147230.717
local_termination_time: 1277444.399
node_cons: 188168.0341749985
tot_aggregated_send: 126958
tot_msg_rcv: 3660
tot_msg_sent: 7473
tot_reconf_duration: 7.819999999999999
tot_sleeping_duration: 9006709.869640026
tot_uptimes: 2343
tot_uptimes_duration: 140520.84735997394
