comms_cons: 909.7456642260802
finished_reconf: true
global_termination_time: 9146116.228
local_termination_time: 1353018.9565999997
node_cons: 188245.1665957941
tot_aggregated_send: 127310
tot_msg_rcv: 3759
tot_msg_sent: 7206
tot_reconf_duration: 6.22
tot_sleeping_duration: 9005536.153440028
tot_uptimes: 2343
tot_uptimes_duration: 140580.07455997076
