comms_cons: 390.72320005363963
finished_reconf: true
global_termination_time: 3876821.6052399916
local_termination_time: 70344.42547999996
node_cons: 79774.976859907
tot_aggregated_send: 53824
tot_msg_rcv: 1905
tot_msg_sent: 3657
tot_reconf_duration: 18.21
tot_sleeping_duration: 3817262.0476000295
tot_uptimes: 993
tot_uptimes_duration: 59559.55763996189
