comms_cons: 387.3102784440105
finished_reconf: true
global_termination_time: 3881135.417
local_termination_time: 558933.3455999999
node_cons: 79784.23339116768
tot_aggregated_send: 54694
tot_msg_rcv: 1461
tot_msg_sent: 2713
tot_reconf_duration: 4.8100000000000005
tot_sleeping_duration: 3821555.3562000226
tot_uptimes: 994
tot_uptimes_duration: 59580.06079997728
