comms_cons: 65.83015680708496
finished_reconf: true
global_termination_time: 334190.32124000014
local_termination_time: 851.8660399999994
node_cons: 6850.733089360194
tot_aggregated_send: 0
tot_msg_rcv: 5069
tot_msg_sent: 4934
tot_reconf_duration: 3.05
tot_sleeping_duration: 329077.109
tot_uptimes: 86
tot_uptimes_duration: 5113.212240000139
