comms_cons: 65.0156544073996
finished_reconf: true
global_termination_time: 334261.784
local_termination_time: 3063.2843600000006
node_cons: 6837.354901121439
tot_aggregated_send: 0
tot_msg_rcv: 4956
tot_msg_sent: 4926
tot_reconf_duration: 6.22
tot_sleeping_duration: 329161.7779199989
tot_uptimes: 86
tot_uptimes_duration: 5100.006080001069
