comms_cons: 238.48646398984266
finished_reconf: true
global_termination_time: 2352077.9454799998
local_termination_time: 2352077.9043599996
node_cons: 48416.504929900984
tot_aggregated_send: 32466
tot_msg_rcv: 1326
tot_msg_sent: 2457
tot_reconf_duration: 24.59
tot_sleeping_duration: 2315944.1802000133
tot_uptimes: 603
tot_uptimes_duration: 36133.76527998649
