comms_cons: 235.68198398483216
finished_reconf: true
global_termination_time: 2352078.287239997
local_termination_time: 32332.36536
node_cons: 48409.87841941607
tot_aggregated_send: 32886
tot_msg_rcv: 966
tot_msg_sent: 1970
tot_reconf_duration: 18.21
tot_sleeping_duration: 2315943.0002800147
tot_uptimes: 603
tot_uptimes_duration: 36135.28695998259
