comms_cons: 230.56148478639187
finished_reconf: true
global_termination_time: 2354158.482
local_termination_time: 856684.1756799984
node_cons: 48385.528002233
tot_aggregated_send: 32480
tot_msg_rcv: 888
tot_msg_sent: 1676
tot_reconf_duration: 15.34
tot_sleeping_duration: 2318038.4698400046
tot_uptimes: 603
tot_uptimes_duration: 36120.01215999527
