comms_cons: 237.35534718874075
finished_reconf: true
global_termination_time: 2352299.768
local_termination_time: 16228.45048
node_cons: 48382.605565583544
tot_aggregated_send: 32712
tot_msg_rcv: 1164
tot_msg_sent: 2201
tot_reconf_duration: 13.17
tot_sleeping_duration: 2316179.7376000118
tot_uptimes: 603
tot_uptimes_duration: 36120.03039998817
