comms_cons: 235.8452095837991
finished_reconf: true
global_termination_time: 2352704.064
local_termination_time: 438668.8563600001
node_cons: 48395.487546700395
tot_aggregated_send: 33002
tot_msg_rcv: 1012
tot_msg_sent: 1833
tot_reconf_duration: 22.65
tot_sleeping_duration: 2316584.027520014
tot_uptimes: 603
tot_uptimes_duration: 36120.03647998581
