comms_cons: 233.83621758277744
finished_reconf: true
global_termination_time: 2352927.086
local_termination_time: 1197648.4687599991
node_cons: 48373.159324466666
tot_aggregated_send: 32306
tot_msg_rcv: 1084
tot_msg_sent: 2150
tot_reconf_duration: 6.22
tot_sleeping_duration: 2316807.0616800096
tot_uptimes: 603
tot_uptimes_duration: 36120.02431999054
