comms_cons: 1.6513791999987286
finished_reconf: true
global_termination_time: 15161.675
local_termination_time: 9310.62136
node_cons: 245.16189999999898
tot_aggregated_send: 0
tot_msg_rcv: 128
tot_msg_sent: 123
tot_reconf_duration: 3.05
tot_sleeping_duration: 14981.675
tot_uptimes: 4
tot_uptimes_duration: 180.0
