comms_cons: 276.783967809094
finished_reconf: true
global_termination_time: 1397505.114
local_termination_time: 2275.8883600000004
node_cons: 28706.16616781787
tot_aggregated_send: 0
tot_msg_rcv: 21358
tot_msg_sent: 20712
tot_reconf_duration: 18.21
tot_sleeping_duration: 1376085.0714400166
tot_uptimes: 358
tot_uptimes_duration: 21420.04255998344
