comms_cons: 143.3416575828464
finished_reconf: true
global_termination_time: 1393204.376
local_termination_time: 73050.02371999995
node_cons: 28621.96127229441
tot_aggregated_send: 18560
tot_msg_rcv: 1138
tot_msg_sent: 2090
tot_reconf_duration: 15.34
tot_sleeping_duration: 1371844.309120019
tot_uptimes: 357
tot_uptimes_duration: 21360.066879980848
