comms_cons: 141.67293438625578
finished_reconf: true
global_termination_time: 1394303.24
local_termination_time: 300114.618
node_cons: 28693.036572462
tot_aggregated_send: 18558
tot_msg_rcv: 817
tot_msg_sent: 2160
tot_reconf_duration: 6.279999999999999
tot_sleeping_duration: 1372880.9036800135
tot_uptimes: 358
tot_uptimes_duration: 21422.336319986556
