comms_cons: 140.40670719088487
finished_reconf: true
global_termination_time: 1395951.673
local_termination_time: 542276.2223599999
node_cons: 28688.30580000001
tot_aggregated_send: 19720
tot_msg_rcv: 639
tot_msg_sent: 982
tot_reconf_duration: 5.1
tot_sleeping_duration: 1374531.673
tot_uptimes: 358
tot_uptimes_duration: 21419.999999999996
