comms_cons: 137.59143679774346
finished_reconf: true
global_termination_time: 1392926.213
local_termination_time: 750335.111
node_cons: 28625.252731757
tot_aggregated_send: 20004
tot_msg_rcv: 271
tot_msg_sent: 639
tot_reconf_duration: 11.899999999999999
tot_sleeping_duration: 1371560.1991600024
tot_uptimes: 357
tot_uptimes_duration: 21366.0138399977
