comms_cons: 28.03957760034097
finished_reconf: true
global_termination_time: 300283.5348400002
local_termination_time: 1941.56724
node_cons: 6133.002131122315
tot_aggregated_send: 3596
tot_msg_rcv: 153
tot_msg_sent: 512
tot_reconf_duration: 2.77
tot_sleeping_duration: 295706.0587599985
tot_uptimes: 77
tot_uptimes_duration: 4577.476080001725
