comms_cons: 36.90993920035902
finished_reconf: true
global_termination_time: 359506.981
local_termination_time: 68424.891
node_cons: 7409.335511759206
tot_aggregated_send: 4698
tot_msg_rcv: 312
tot_msg_sent: 600
tot_reconf_duration: 11.31
tot_sleeping_duration: 353984.96716000064
tot_uptimes: 93
tot_uptimes_duration: 5522.013839999388
