comms_cons: 239.5148031890542
finished_reconf: true
global_termination_time: 2393188.425
local_termination_time: 1880916.4333599997
node_cons: 49198.84684111605
tot_aggregated_send: 33408
tot_msg_rcv: 981
tot_msg_sent: 2015
tot_reconf_duration: 22.65
tot_sleeping_duration: 2356468.418920002
tot_uptimes: 613
tot_uptimes_duration: 36720.006079997635
