comms_cons: 237.84897279175667
finished_reconf: true
global_termination_time: 2389957.6921199965
local_termination_time: 215343.31260000006
node_cons: 49200.43356526353
tot_aggregated_send: 33408
tot_msg_rcv: 826
tot_msg_sent: 1917
tot_reconf_duration: 7.819999999999999
tot_sleeping_duration: 2353221.4606000083
tot_uptimes: 613
tot_uptimes_duration: 36736.231519988214
