comms_cons: 13.383974399184623
finished_reconf: true
global_termination_time: 116730.229
local_termination_time: 3601.7292399999997
node_cons: 2336.0877467191845
tot_aggregated_send: 0
tot_msg_rcv: 746
tot_msg_sent: 1289
tot_reconf_duration: 4.55
tot_sleeping_duration: 114990.19252000061
tot_uptimes: 30
tot_uptimes_duration: 1740.0364799993913
