comms_cons: 5.44945919987667
finished_reconf: true
global_termination_time: 115534.917
local_termination_time: 1715.10912
node_cons: 2340.1373233597346
tot_aggregated_send: 0
tot_msg_rcv: 235
tot_msg_sent: 594
tot_reconf_duration: 7.55
tot_sleeping_duration: 113794.8987600002
tot_uptimes: 30
tot_uptimes_duration: 1740.018239999802
