comms_cons: 67.59505920060042
finished_reconf: true
global_termination_time: 678598.409
local_termination_time: 407016.76136000006
node_cons: 13919.668002242915
tot_aggregated_send: 8758
tot_msg_rcv: 446
tot_msg_sent: 1070
tot_reconf_duration: 15.34
tot_sleeping_duration: 668218.3968399978
tot_uptimes: 174
tot_uptimes_duration: 10380.012160002138
