comms_cons: 69.09929600013979
finished_reconf: true
global_termination_time: 679670.226
local_termination_time: 389035.26236000005
node_cons: 13987.623042242845
tot_aggregated_send: 8990
tot_msg_rcv: 477
tot_msg_sent: 1034
tot_reconf_duration: 6.22
tot_sleeping_duration: 669230.2138399979
tot_uptimes: 175
tot_uptimes_duration: 10440.012160002138
