comms_cons: 112.7294591948674
finished_reconf: true
global_termination_time: 1124134.035
local_termination_time: 360189.8133600001
node_cons: 23088.354982233734
tot_aggregated_send: 15486
tot_msg_rcv: 618
tot_msg_sent: 1030
tot_reconf_duration: 22.65
tot_sleeping_duration: 1106914.0228400046
tot_uptimes: 288
tot_uptimes_duration: 17220.01215999527
