comms_cons: 112.15438719521904
finished_reconf: true
global_termination_time: 1122205.616
local_termination_time: 534405.3413199986
node_cons: 23063.549761116883
tot_aggregated_send: 15602
tot_msg_rcv: 514
tot_msg_sent: 930
tot_reconf_duration: 4.390000000000001
tot_sleeping_duration: 1104985.6099200023
tot_uptimes: 288
tot_uptimes_duration: 17220.006079997635
