comms_cons: 37.086950400486614
finished_reconf: true
global_termination_time: 366234.07
local_termination_time: 31930.21548
node_cons: 7492.45986111916
tot_aggregated_send: 4872
tot_msg_rcv: 256
tot_msg_sent: 509
tot_reconf_duration: 15.34
tot_sleeping_duration: 360654.0639200006
tot_uptimes: 94
tot_uptimes_duration: 5580.006079999366
