comms_cons: 36.146124800129094
finished_reconf: true
global_termination_time: 366291.839
local_termination_time: 189220.50372000012
node_cons: 7483.9913800000295
tot_aggregated_send: 5220
tot_msg_rcv: 108
tot_msg_sent: 166
tot_reconf_duration: 9.11
tot_sleeping_duration: 360711.839
tot_uptimes: 94
tot_uptimes_duration: 5580.0
