comms_cons: 72.05539840849424
finished_reconf: true
global_termination_time: 366256.569
local_termination_time: 1547.7364800000025
node_cons: 7502.386841121441
tot_aggregated_send: 0
tot_msg_rcv: 5577
tot_msg_sent: 5375
tot_reconf_duration: 22.65
tot_sleeping_duration: 360676.56291999895
tot_uptimes: 94
tot_uptimes_duration: 5580.006080001069
