comms_cons: 38.43568640029689
finished_reconf: true
global_termination_time: 383140.529
local_termination_time: 105820.795
node_cons: 7880.320415758947
tot_aggregated_send: 5159
tot_msg_rcv: 161
tot_msg_sent: 522
tot_reconf_duration: 4.8100000000000005
tot_sleeping_duration: 377260.1791600008
tot_uptimes: 99
tot_uptimes_duration: 5880.3498399992095
