comms_cons: 29.212275200125788
finished_reconf: true
global_termination_time: 299609.313
local_termination_time: 206113.15736000004
node_cons: 6136.60684112143
tot_aggregated_send: 4234
tot_msg_rcv: 53
tot_msg_sent: 153
tot_reconf_duration: 22.65
tot_sleeping_duration: 295049.30691999895
tot_uptimes: 77
tot_uptimes_duration: 4560.006080001069
