comms_cons: 30.034048000042677
finished_reconf: true
global_termination_time: 302584.374
local_termination_time: 3447.0663600000007
node_cons: 6194.634901119158
tot_aggregated_send: 4292
tot_msg_rcv: 103
tot_msg_sent: 170
tot_reconf_duration: 6.22
tot_sleeping_duration: 297964.36792000063
tot_uptimes: 78
tot_uptimes_duration: 4620.006079999366
