comms_cons: 442.15513606409183
finished_reconf: true
global_termination_time: 4454865.347
local_termination_time: 881487.1823599999
node_cons: 91593.61046670405
tot_aggregated_send: 62408
tot_msg_rcv: 1658
tot_msg_sent: 3139
tot_reconf_duration: 4.390000000000001
tot_sleeping_duration: 4386465.31052001
tot_uptimes: 1141
tot_uptimes_duration: 68400.03647998994
