comms_cons: 495.4661628144574
finished_reconf: true
global_termination_time: 1692172.194999999
local_termination_time: 1692172.153879999
node_cons: 69561.25074899713
tot_aggregated_send: 0
tot_msg_rcv: 25135
tot_msg_sent: 50171
tot_reconf_duration: 24.59
tot_sleeping_duration: 1640246.984
tot_uptimes: 862
tot_uptimes_duration: 51925.21099999899
