comms_cons: 171.869286387926
finished_reconf: true
global_termination_time: 1692323.22
local_termination_time: 620533.8283599999
node_cons: 34793.77640335054
tot_aggregated_send: 23258
tot_msg_rcv: 1002
tot_msg_sent: 1865
tot_reconf_duration: 4.8100000000000005
tot_sleeping_duration: 1666343.201760007
tot_uptimes: 434
tot_uptimes_duration: 25980.018239992904
