comms_cons: 172.84339198529068
finished_reconf: true
global_termination_time: 1692910.435
local_termination_time: 807290.1029599988
node_cons: 34795.699324467416
tot_aggregated_send: 22678
tot_msg_rcv: 1154
tot_msg_sent: 2439
tot_reconf_duration: 6.22
tot_sleeping_duration: 1666930.4106800095
tot_uptimes: 434
tot_uptimes_duration: 25980.024319990538
