comms_cons: 166.6057087959523
finished_reconf: true
global_termination_time: 1697096.402
local_termination_time: 639519.4248399987
node_cons: 34874.93393999987
tot_aggregated_send: 24650
tot_msg_rcv: 212
tot_msg_sent: 461
tot_reconf_duration: 5.43
tot_sleeping_duration: 1671056.402
tot_uptimes: 435
tot_uptimes_duration: 26040.0
