comms_cons: 2.111923199994423
finished_reconf: true
global_termination_time: 12607.07648
local_termination_time: 12607.03536
node_cons: 310.181219840007
tot_aggregated_send: 0
tot_msg_rcv: 164
tot_msg_sent: 156
tot_reconf_duration: 37.410000000000004
tot_sleeping_duration: 12413.365919999995
tot_uptimes: 4
tot_uptimes_duration: 193.710560000005
