comms_cons: 2.2698239999924996
finished_reconf: true
global_termination_time: 19013.317
local_termination_time: 8490.12936
node_cons: 333.7313800000008
tot_aggregated_send: 0
tot_msg_rcv: 177
tot_msg_sent: 168
tot_reconf_duration: 9.11
tot_sleeping_duration: 18773.317
tot_uptimes: 5
tot_uptimes_duration: 240.0
