comms_cons: 147.0023551635061
finished_reconf: true
global_termination_time: 751797.494
local_termination_time: 552853.8205999999
node_cons: 15429.430041121515
tot_aggregated_send: 0
tot_msg_rcv: 11206
tot_msg_sent: 11137
tot_reconf_duration: 3.05
tot_sleeping_duration: 740277.4879199989
tot_uptimes: 193
tot_uptimes_duration: 11520.006080001069
