comms_cons: 76.3647743948225
finished_reconf: true
global_termination_time: 752483.319
local_termination_time: 88030.1384399996
node_cons: 15435.940265597988
tot_aggregated_send: 9976
tot_msg_rcv: 473
tot_msg_sent: 1158
tot_reconf_duration: 7.819999999999999
tot_sleeping_duration: 740963.2886000016
tot_uptimes: 193
tot_uptimes_duration: 11520.030399998475
