comms_cons: 99.33276159955606
finished_reconf: true
global_termination_time: 1008788.455
local_termination_time: 427702.49736000004
node_cons: 20735.28406000004
tot_aggregated_send: 14732
tot_msg_rcv: 139
tot_msg_sent: 227
tot_reconf_duration: 5.57
tot_sleeping_duration: 993308.455
tot_uptimes: 259
tot_uptimes_duration: 15480.0
