comms_cons: 100.50259199484002
finished_reconf: true
global_termination_time: 1006798.53
local_termination_time: 260187.6437600004
node_cons: 20654.30580000004
tot_aggregated_send: 14268
tot_msg_rcv: 373
tot_msg_sent: 634
tot_reconf_duration: 5.1
tot_sleeping_duration: 991378.53
tot_uptimes: 258
tot_uptimes_duration: 15420.0
