comms_cons: 105.50999678909102
finished_reconf: true
global_termination_time: 1005441.7961999987
local_termination_time: 74654.33711999972
node_cons: 20718.920591101858
tot_aggregated_send: 12876
tot_msg_rcv: 1085
tot_msg_sent: 2076
tot_reconf_duration: 4.390000000000001
tot_sleeping_duration: 989972.8201200123
tot_uptimes: 258
tot_uptimes_duration: 15468.97607998643
