comms_cons: 102.89868799126242
finished_reconf: true
global_termination_time: 1006908.563
local_termination_time: 183874.06760000007
node_cons: 20658.023983355095
tot_aggregated_send: 13630
tot_msg_rcv: 734
tot_msg_sent: 1276
tot_reconf_duration: 7.819999999999999
tot_sleeping_duration: 991488.5447600036
tot_uptimes: 258
tot_uptimes_duration: 15420.018239996338
