comms_cons: 108.78049279762335
finished_reconf: true
global_termination_time: 1103619.289
local_termination_time: 230901.1955600007
node_cons: 22680.609180000025
tot_aggregated_send: 15892
tot_msg_rcv: 194
tot_msg_sent: 447
tot_reconf_duration: 18.21
tot_sleeping_duration: 1086699.289
tot_uptimes: 283
tot_uptimes_duration: 16920.0
