comms_cons: 108.93223679894069
finished_reconf: true
global_termination_time: 1100884.27748
local_termination_time: 1100884.23636
node_cons: 22622.728779836663
tot_aggregated_send: 15765
tot_msg_rcv: 259
tot_msg_sent: 532
tot_reconf_duration: 21.23
tot_sleeping_duration: 1084010.5669200025
tot_uptimes: 282
tot_uptimes_duration: 16873.710559997475
