comms_cons: 59.44175360539885
finished_reconf: true
global_termination_time: 282179.6176000002
local_termination_time: 354.2820399999995
node_cons: 5829.82731624457
tot_aggregated_send: 0
tot_msg_rcv: 4830
tot_msg_sent: 4198
tot_reconf_duration: 18.21
tot_sleeping_duration: 277844.21943999676
tot_uptimes: 73
tot_uptimes_duration: 4335.398160003409
