comms_cons: 29.232012800209475
finished_reconf: true
global_termination_time: 284098.887
local_termination_time: 40360.592280000164
node_cons: 5792.076624480031
tot_aggregated_send: 3654
tot_msg_rcv: 267
tot_msg_sent: 523
tot_reconf_duration: 5.57
tot_sleeping_duration: 279778.86267999996
tot_uptimes: 73
tot_uptimes_duration: 4320.024320000019
