comms_cons: 18.13227520005272
finished_reconf: true
global_termination_time: 180895.982
local_termination_time: 82590.96835999997
node_cons: 3701.6016200000017
tot_aggregated_send: 2436
tot_msg_rcv: 90
tot_msg_sent: 230
tot_reconf_duration: 4.390000000000001
tot_sleeping_duration: 178135.982
tot_uptimes: 47
tot_uptimes_duration: 2760.0
