comms_cons: 93.52482559569692
finished_reconf: true
global_termination_time: 927029.634
local_termination_time: 591267.4244799999
node_cons: 19044.730041116924
tot_aggregated_send: 12702
tot_msg_rcv: 524
tot_msg_sent: 989
tot_reconf_duration: 3.05
tot_sleeping_duration: 912809.6279200023
tot_uptimes: 238
tot_uptimes_duration: 14220.006079997635
