comms_cons: 91.52983039672198
finished_reconf: true
global_termination_time: 927574.607
local_termination_time: 844615.7475599985
node_cons: 19049.02676000015
tot_aggregated_send: 12934
tot_msg_rcv: 355
tot_msg_sent: 623
tot_reconf_duration: 6.22
tot_sleeping_duration: 913354.607
tot_uptimes: 238
tot_uptimes_duration: 14220.0
