comms_cons: 104.49868799733508
finished_reconf: true
global_termination_time: 1043983.089
local_termination_time: 74245.07647999996
node_cons: 21457.31198000003
tot_aggregated_send: 14558
tot_msg_rcv: 457
tot_msg_sent: 868
tot_reconf_duration: 4.8100000000000005
tot_sleeping_duration: 1027963.089
tot_uptimes: 268
tot_uptimes_duration: 16020.0
