comms_cons: 103.40494079840889
finished_reconf: true
global_termination_time: 1044737.723
local_termination_time: 389771.9988800009
node_cons: 21468.937184321243
tot_aggregated_send: 15022
tot_msg_rcv: 238
tot_msg_sent: 457
tot_reconf_duration: 10.95
tot_sleeping_duration: 1028715.2681199991
tot_uptimes: 268
tot_uptimes_duration: 16022.454880000892
