comms_cons: 857.9055995850279
finished_reconf: true
global_termination_time: 987652.7435999998
local_termination_time: 987652.7024799999
node_cons: 99449.05152774317
tot_aggregated_send: 0
tot_msg_rcv: 58659
tot_msg_sent: 71734
tot_reconf_duration: 37.410000000000004
tot_sleeping_duration: 913419.5481199805
tot_uptimes: 1204
tot_uptimes_duration: 74233.19548001926
