comms_cons: 100.70186239718814
finished_reconf: true
global_termination_time: 989847.911
local_termination_time: 112820.95835999998
node_cons: 20346.596367845446
tot_aggregated_send: 13050
tot_msg_rcv: 753
tot_msg_sent: 1503
tot_reconf_duration: 15.110000000000001
tot_sleeping_duration: 974667.8684399959
tot_uptimes: 254
tot_uptimes_duration: 15180.042560004047
