comms_cons: 100.36535039431567
finished_reconf: true
global_termination_time: 988472.279
local_termination_time: 108966.55659999997
node_cons: 20351.43088224291
tot_aggregated_send: 13688
tot_msg_rcv: 590
tot_msg_sent: 977
tot_reconf_duration: 18.700000000000003
tot_sleeping_duration: 973292.2668399978
tot_uptimes: 254
tot_uptimes_duration: 15180.012160002138
