comms_cons: 102.71572479032956
finished_reconf: true
global_termination_time: 990225.927
local_termination_time: 255835.94636000003
node_cons: 20336.655842242864
tot_aggregated_send: 12934
tot_msg_rcv: 942
tot_msg_sent: 1737
tot_reconf_duration: 7.819999999999999
tot_sleeping_duration: 975045.9148399979
tot_uptimes: 254
tot_uptimes_duration: 15180.012160002138
