comms_cons: 97.03787519921234
finished_reconf: true
global_termination_time: 990958.63
local_termination_time: 180295.50636000006
node_cons: 20346.868002242885
tot_aggregated_send: 13804
tot_msg_rcv: 285
tot_msg_sent: 660
tot_reconf_duration: 15.34
tot_sleeping_duration: 975778.6178399979
tot_uptimes: 254
tot_uptimes_duration: 15180.012160002138
