comms_cons: 330.8877055882911
finished_reconf: true
global_termination_time: 3371633.125
local_termination_time: 2375038.380599999
node_cons: 69351.32114223235
tot_aggregated_send: 47444
tot_msg_rcv: 999
tot_msg_sent: 1850
tot_reconf_duration: 13.17
tot_sleeping_duration: 3319853.1128400043
tot_uptimes: 864
tot_uptimes_duration: 51780.0121599955
