comms_cons: 334.018009610731
finished_reconf: true
global_termination_time: 3370747.084
local_termination_time: 627797.5723599999
node_cons: 69430.95224558326
tot_aggregated_send: 47386
tot_msg_rcv: 1063
tot_msg_sent: 2321
tot_reconf_duration: 12.629999999999999
tot_sleeping_duration: 3318907.053600011
tot_uptimes: 864
tot_uptimes_duration: 51840.03039998864
