comms_cons: 334.52663041150015
finished_reconf: true
global_termination_time: 3371308.043
local_termination_time: 91074.31347999997
node_cons: 69358.86344670043
tot_aggregated_send: 47502
tot_msg_rcv: 1261
tot_msg_sent: 2083
tot_reconf_duration: 18.700000000000003
tot_sleeping_duration: 3319528.006520014
tot_uptimes: 864
tot_uptimes_duration: 51780.036479986506
