comms_cons: 72.3389312000199
finished_reconf: true
global_termination_time: 712644.8394799998
local_termination_time: 712644.7983599999
node_cons: 14673.647942084113
tot_aggregated_send: 9730
tot_msg_rcv: 440
tot_msg_sent: 825
tot_reconf_duration: 24.59
tot_sleeping_duration: 701711.1167599967
tot_uptimes: 183
tot_uptimes_duration: 10933.722720003047
