comms_cons: 133.8998783781301
finished_reconf: true
global_termination_time: 713661.102
local_termination_time: 397771.06836000003
node_cons: 14630.448945597936
tot_aggregated_send: 0
tot_msg_rcv: 10256
tot_msg_sent: 10096
tot_reconf_duration: 6.279999999999999
tot_sleeping_duration: 702741.0716000014
tot_uptimes: 183
tot_uptimes_duration: 10920.030399998475
