comms_cons: 125.68371199285167
finished_reconf: true
global_termination_time: 1271722.041
local_termination_time: 719566.63036
node_cons: 26121.143983350627
tot_aggregated_send: 16820
tot_msg_rcv: 656
tot_msg_sent: 1629
tot_reconf_duration: 7.819999999999999
tot_sleeping_duration: 1252222.022760007
tot_uptimes: 326
tot_uptimes_duration: 19500.018239992904
