comms_cons: 128.90751999221112
finished_reconf: true
global_termination_time: 1270758.934
local_termination_time: 872445.9518399978
node_cons: 26118.987465584323
tot_aggregated_send: 16530
tot_msg_rcv: 915
tot_msg_sent: 2150
tot_reconf_duration: 6.22
tot_sleeping_duration: 1251258.9036000117
tot_uptimes: 326
tot_uptimes_duration: 19500.030399988173
