comms_cons: 127.99116799479835
finished_reconf: true
global_termination_time: 1269375.329
local_termination_time: 196989.29236000005
node_cons: 26198.21394000003
tot_aggregated_send: 17864
tot_msg_rcv: 553
tot_msg_sent: 1036
tot_reconf_duration: 5.43
tot_sleeping_duration: 1249815.329
tot_uptimes: 326
tot_uptimes_duration: 19560.0
