comms_cons: 268.84466559701855
finished_reconf: true
global_termination_time: 2717347.982
local_termination_time: 901617.7283599998
node_cons: 55861.06174446664
tot_aggregated_send: 37816
tot_msg_rcv: 907
tot_msg_sent: 2139
tot_reconf_duration: 18.21
tot_sleeping_duration: 2675647.957680009
tot_uptimes: 696
tot_uptimes_duration: 41700.02431999077
