comms_cons: 276.2865792010484
finished_reconf: true
global_termination_time: 2715695.857
local_termination_time: 377965.7053600001
node_cons: 55867.17267563997
tot_aggregated_send: 35902
tot_msg_rcv: 2186
tot_msg_sent: 3906
tot_reconf_duration: 22.65
tot_sleeping_duration: 2673995.7718800292
tot_uptimes: 696
tot_uptimes_duration: 41700.08511997078
