comms_cons: 269.60736000928034
finished_reconf: true
global_termination_time: 2714346.399
local_termination_time: 1016828.6553599999
node_cons: 55844.828239999086
tot_aggregated_send: 39092
tot_msg_rcv: 673
tot_msg_sent: 1214
tot_reconf_duration: 6.279999999999999
tot_sleeping_duration: 2672646.399
tot_uptimes: 696
tot_uptimes_duration: 41700.0
