comms_cons: 0.6381824000001008
finished_reconf: true
global_termination_time: 6524.724
local_termination_time: 200.05235999999996
node_cons: 114.69739999999999
tot_aggregated_send: 0
tot_msg_rcv: 61
tot_msg_sent: 35
tot_reconf_duration: 25.299999999999997
tot_sleeping_duration: 6464.724
tot_uptimes: 2
tot_uptimes_duration: 60.0
