comms_cons: 0.6052863999999913
finished_reconf: true
global_termination_time: 7147.936
local_termination_time: 33.478480000000005
node_cons: 84.52264000000001
tot_aggregated_send: 0
tot_msg_rcv: 35
tot_msg_sent: 57
tot_reconf_duration: 3.08
tot_sleeping_duration: 7087.936
tot_uptimes: 2
tot_uptimes_duration: 60.0
