comms_cons: 170.4868095940079
finished_reconf: true
global_termination_time: 1718520.355
local_termination_time: 997530.2736799984
node_cons: 35374.329179999884
tot_aggregated_send: 24824
tot_msg_rcv: 410
tot_msg_sent: 679
tot_reconf_duration: 18.21
tot_sleeping_duration: 1692120.355
tot_uptimes: 441
tot_uptimes_duration: 26400.0
