comms_cons: 175.25077758416808
finished_reconf: true
global_termination_time: 1718751.302
local_termination_time: 819075.5994399996
node_cons: 35356.5502233504
tot_aggregated_send: 23258
tot_msg_rcv: 1116
tot_msg_sent: 2263
tot_reconf_duration: 5.1
tot_sleeping_duration: 1692351.283760007
tot_uptimes: 441
tot_uptimes_duration: 26400.018239992904
