comms_cons: 359.4041216092808
finished_reconf: true
global_termination_time: 3628966.02
local_termination_time: 1360562.51648
node_cons: 74646.8950667
tot_aggregated_send: 50634
tot_msg_rcv: 1375
tot_msg_sent: 2619
tot_reconf_duration: 8.09
tot_sleeping_duration: 3573225.9835200137
tot_uptimes: 930
tot_uptimes_duration: 55740.03647998629
