comms_cons: 365.139801657876
finished_reconf: true
global_termination_time: 3631177.569
local_termination_time: 813566.3557199998
node_cons: 74653.08481005068
tot_aggregated_send: 50112
tot_msg_rcv: 1832
tot_msg_sent: 3555
tot_reconf_duration: 12.629999999999999
tot_sleeping_duration: 3575437.5142800207
tot_uptimes: 930
tot_uptimes_duration: 55740.05471997941
