comms_cons: 366.9355456538683
finished_reconf: true
global_termination_time: 3629443.43
local_termination_time: 413379.8236000005
node_cons: 74661.33601117173
tot_aggregated_send: 49648
tot_msg_rcv: 1959
tot_msg_sent: 4164
tot_reconf_duration: 18.700000000000003
tot_sleeping_duration: 3573703.36920002
tot_uptimes: 930
tot_uptimes_duration: 55740.060799980245
