comms_cons: 368.9220608459277
finished_reconf: true
global_termination_time: 3628474.402
local_termination_time: 261674.60736000002
node_cons: 74650.8196522886
tot_aggregated_send: 49590
tot_msg_rcv: 2189
tot_msg_sent: 4295
tot_reconf_duration: 10.95
tot_sleeping_duration: 3572734.3351200223
tot_uptimes: 930
tot_uptimes_duration: 55740.06687997788
