comms_cons: 359.74594559694356
finished_reconf: true
global_termination_time: 3630355.184
local_termination_time: 992687.33436
node_cons: 74644.33118334886
tot_aggregated_send: 51272
tot_msg_rcv: 1137
tot_msg_sent: 2270
tot_reconf_duration: 6.22
tot_sleeping_duration: 3574615.165760007
tot_uptimes: 930
tot_uptimes_duration: 55740.0182399929
