comms_cons: 259.53628159660724
finished_reconf: true
global_termination_time: 2614746.432
local_termination_time: 398836.0793600001
node_cons: 53758.07955999915
tot_aggregated_send: 37410
tot_msg_rcv: 653
tot_msg_sent: 1385
tot_reconf_duration: 7.819999999999999
tot_sleeping_duration: 2574606.432
tot_uptimes: 670
tot_uptimes_duration: 40140.0
