comms_cons: 259.54944000023386
finished_reconf: true
global_termination_time: 2611914.28948
local_termination_time: 2611914.2483599996
node_cons: 53718.88794207831
tot_aggregated_send: 37338
tot_msg_rcv: 710
tot_msg_sent: 1401
tot_reconf_duration: 24.59
tot_sleeping_duration: 2571820.56676
tot_uptimes: 669
tot_uptimes_duration: 40093.72271999961
