comms_cons: 235.8352127842857
finished_reconf: true
global_termination_time: 2419219.43
local_termination_time: 710986.55536
node_cons: 49738.95560670043
tot_aggregated_send: 32364
tot_msg_rcv: 1210
tot_msg_sent: 2272
tot_reconf_duration: 6.22
tot_sleeping_duration: 2382079.3935200144
tot_uptimes: 620
tot_uptimes_duration: 37140.03647998581
