comms_cons: 1.6974335999981236
finished_reconf: true
global_termination_time: 10648.673
local_termination_time: 7379.6943599999995
node_cons: 164.82189999999903
tot_aggregated_send: 0
tot_msg_rcv: 144
tot_msg_sent: 114
tot_reconf_duration: 3.05
tot_sleeping_duration: 10528.673
tot_uptimes: 3
tot_uptimes_duration: 120.0
