comms_cons: 95.78657279642452
finished_reconf: true
global_termination_time: 962399.694
local_termination_time: 385117.3853600001
node_cons: 19770.188262233693
tot_aggregated_send: 13514
tot_msg_rcv: 291
tot_msg_sent: 754
tot_reconf_duration: 4.8100000000000005
tot_sleeping_duration: 947639.6818400047
tot_uptimes: 247
tot_uptimes_duration: 14760.012159995269
