comms_cons: 98.0767615969157
finished_reconf: true
global_termination_time: 961292.3561200001
local_termination_time: 14998.7346
node_cons: 19805.967851923135
tot_aggregated_send: 13282
tot_msg_rcv: 640
tot_msg_sent: 985
tot_reconf_duration: 6.22
tot_sleeping_duration: 946507.0528399978
tot_uptimes: 247
tot_uptimes_duration: 14785.303280002321
