comms_cons: 226.66963203235397
finished_reconf: true
global_termination_time: 467826.499
local_termination_time: 8486.889480000002
node_cons: 28505.724348601238
tot_aggregated_send: 0
tot_msg_rcv: 13907
tot_msg_sent: 20545
tot_reconf_duration: 18.21
tot_sleeping_duration: 446556.1515999991
tot_uptimes: 351
tot_uptimes_duration: 21270.347400000886
