comms_cons: 45.90307840042604
finished_reconf: true
global_termination_time: 467762.333
local_termination_time: 199846.5227200001
node_cons: 9571.079559999984
tot_aggregated_send: 6554
tot_msg_rcv: 137
tot_msg_sent: 286
tot_reconf_duration: 7.819999999999999
tot_sleeping_duration: 460622.333
tot_uptimes: 120
tot_uptimes_duration: 7140.0
