comms_cons: 211.74462719711
finished_reconf: true
global_termination_time: 2141279.668
local_termination_time: 1075949.89836
node_cons: 44037.306219999715
tot_aggregated_send: 30740
tot_msg_rcv: 406
tot_msg_sent: 1037
tot_reconf_duration: 8.09
tot_sleeping_duration: 2108399.668
tot_uptimes: 549
tot_uptimes_duration: 32880.00000000003
