comms_cons: 97.68796159872605
finished_reconf: true
global_termination_time: 1001782.034
local_termination_time: 590719.1313599999
node_cons: 20597.79870000006
tot_aggregated_send: 14616
tot_msg_rcv: 77
tot_msg_sent: 155
tot_reconf_duration: 22.65
tot_sleeping_duration: 986422.034
tot_uptimes: 257
tot_uptimes_duration: 15360.0
