comms_cons: 98.79389439793243
finished_reconf: true
global_termination_time: 1000708.049
local_termination_time: 578096.92736
node_cons: 20584.93300111692
tot_aggregated_send: 14326
tot_msg_rcv: 222
tot_msg_sent: 468
tot_reconf_duration: 13.17
tot_sleeping_duration: 985348.0429200024
tot_uptimes: 257
tot_uptimes_duration: 15360.006079997635
