comms_cons: 98.47746559913078
finished_reconf: true
global_termination_time: 1005791.877
local_termination_time: 510591.79036000004
node_cons: 20662.738980000027
tot_aggregated_send: 14210
tot_msg_rcv: 210
tot_msg_sent: 548
tot_reconf_duration: 11.31
tot_sleeping_duration: 990371.877
tot_uptimes: 258
tot_uptimes_duration: 15420.0
