comms_cons: 161.81605119032116
finished_reconf: true
global_termination_time: 1595558.84
local_termination_time: 265970.73564000084
node_cons: 32785.29268558881
tot_aggregated_send: 22214
tot_msg_rcv: 925
tot_msg_sent: 1457
tot_reconf_duration: 4.8100000000000005
tot_sleeping_duration: 1571078.8096000084
tot_uptimes: 409
tot_uptimes_duration: 24480.030399991607
