comms_cons: 0.7500287999995991
finished_reconf: true
global_termination_time: 6241.769
local_termination_time: 920.7463599999999
node_cons: 86.87197999999992
tot_aggregated_send: 0
tot_msg_rcv: 60
tot_msg_sent: 54
tot_reconf_duration: 4.8100000000000005
tot_sleeping_duration: 6181.769
tot_uptimes: 2
tot_uptimes_duration: 60.0
