comms_cons: 90.49094400030356
finished_reconf: true
global_termination_time: 920873.711
local_termination_time: 22725.625360000005
node_cons: 18915.526813040033
tot_aggregated_send: 13398
tot_msg_rcv: 128
tot_msg_sent: 229
tot_reconf_duration: 15.34
tot_sleeping_duration: 906762.66164
tot_uptimes: 236
tot_uptimes_duration: 14111.049360000005
