comms_cons: 92.12756479630858
finished_reconf: true
global_termination_time: 920386.009
local_termination_time: 848.1364799999998
node_cons: 18888.34676000003
tot_aggregated_send: 12818
tot_msg_rcv: 377
tot_msg_sent: 807
tot_reconf_duration: 6.22
tot_sleeping_duration: 906286.009
tot_uptimes: 236
tot_uptimes_duration: 14100.0
