comms_cons: 50.32737280049522
finished_reconf: true
global_termination_time: 506027.868
local_termination_time: 193565.24099999998
node_cons: 10398.86975720099
tot_aggregated_send: 7074
tot_msg_rcv: 186
tot_msg_sent: 390
tot_reconf_duration: 22.65
tot_sleeping_duration: 498284.6931999993
tot_uptimes: 130
tot_uptimes_duration: 7743.174800000736
