comms_cons: 49.2772351999236
finished_reconf: true
global_termination_time: 508171.189
local_termination_time: 269954.7566000001
node_cons: 10454.819560000024
tot_aggregated_send: 7424
tot_msg_rcv: 10
tot_msg_sent: 55
tot_reconf_duration: 7.819999999999999
tot_sleeping_duration: 500371.189
tot_uptimes: 131
tot_uptimes_duration: 7800.0
