comms_cons: 46.343884800367135
finished_reconf: true
global_termination_time: 471710.046
local_termination_time: 15314.44448
node_cons: 9656.968341121443
tot_aggregated_send: 6728
tot_msg_rcv: 94
tot_msg_sent: 222
tot_reconf_duration: 11.899999999999999
tot_sleeping_duration: 464510.0399199989
tot_uptimes: 121
tot_uptimes_duration: 7200.006080001069
