comms_cons: 46.495206400236526
finished_reconf: true
global_termination_time: 475883.135
local_termination_time: 205580.44116000034
node_cons: 9741.971720000009
tot_aggregated_send: 6902
tot_msg_rcv: 63
tot_msg_sent: 102
tot_reconf_duration: 15.34
tot_sleeping_duration: 468623.135
tot_uptimes: 122
tot_uptimes_duration: 7260.0
