comms_cons: 46.91370880236252
finished_reconf: true
global_termination_time: 407184.76904000074
local_termination_time: 407184.72792000073
node_cons: 8456.65155337877
tot_aggregated_send: 4046
tot_msg_rcv: 1022
tot_msg_sent: 2063
tot_reconf_duration: 24.59
tot_sleeping_duration: 400894.0607999867
tot_uptimes: 105
tot_uptimes_duration: 6290.708240014006
