comms_cons: 305.2482944141864
finished_reconf: true
global_termination_time: 2966237.429
local_termination_time: 426383.6934800001
node_cons: 61008.91639340118
tot_aggregated_send: 39034
tot_msg_rcv: 2556
tot_msg_sent: 4804
tot_reconf_duration: 22.65
tot_sleeping_duration: 2920697.3560400284
tot_uptimes: 760
tot_uptimes_duration: 45540.07295997185
