comms_cons: 292.182272000944
finished_reconf: true
global_termination_time: 2963486.464
local_termination_time: 2428253.854399999
node_cons: 60932.07739999858
tot_aggregated_send: 42108
tot_msg_rcv: 828
tot_msg_sent: 1474
tot_reconf_duration: 25.299999999999997
tot_sleeping_duration: 2918006.464
tot_uptimes: 759
tot_uptimes_duration: 45480.0
