comms_cons: 295.74161921058914
finished_reconf: true
global_termination_time: 2966718.717
local_termination_time: 1282709.4534399987
node_cons: 60984.64082670053
tot_aggregated_send: 41006
tot_msg_rcv: 1324
tot_msg_sent: 2621
tot_reconf_duration: 4.8100000000000005
tot_sleeping_duration: 2921178.680520014
tot_uptimes: 760
tot_uptimes_duration: 45540.03647998627
