comms_cons: 305.71801601666857
finished_reconf: true
global_termination_time: 2964749.077
local_termination_time: 274110.13836
node_cons: 60984.12745452782
tot_aggregated_send: 39150
tot_msg_rcv: 2628
tot_msg_sent: 4689
tot_reconf_duration: 4.390000000000001
tot_sleeping_duration: 2919208.9979600236
tot_uptimes: 760
tot_uptimes_duration: 45540.079039976874
