comms_cons: 302.54034561502147
finished_reconf: true
global_termination_time: 2965251.532
local_termination_time: 799632.827
node_cons: 60984.40171627597
tot_aggregated_send: 39786
tot_msg_rcv: 1946
tot_msg_sent: 4253
tot_reconf_duration: 3.05
tot_sleeping_duration: 2919709.889120032
tot_uptimes: 760
tot_uptimes_duration: 45541.64287996793
