comms_cons: 294.0507648031543
finished_reconf: true
global_termination_time: 2965493.073
local_termination_time: 838511.4974799998
node_cons: 60998.89986111561
tot_aggregated_send: 42630
tot_msg_rcv: 685
tot_msg_sent: 1379
tot_reconf_duration: 15.34
tot_sleeping_duration: 2919953.0669200025
tot_uptimes: 760
tot_uptimes_duration: 45540.006079997635
