comms_cons: 595.5276801394411
finished_reconf: true
global_termination_time: 5909615.559
local_termination_time: 1993175.5246
node_cons: 121579.86344669807
tot_aggregated_send: 82418
tot_msg_rcv: 2770
tot_msg_sent: 5327
tot_reconf_duration: 18.700000000000003
tot_sleeping_duration: 5818835.522520014
tot_uptimes: 1514
tot_uptimes_duration: 90780.03647998627
