comms_cons: 71.24678399911434
finished_reconf: true
global_termination_time: 720632.087
local_termination_time: 4165.393
node_cons: 14812.017722242883
tot_aggregated_send: 10419
tot_msg_rcv: 176
tot_msg_sent: 234
tot_reconf_duration: 21.68
tot_sleeping_duration: 709592.0748399979
tot_uptimes: 185
tot_uptimes_duration: 11040.012160002138
