comms_cons: 71.59548160037974
finished_reconf: true
global_termination_time: 725034.419
local_termination_time: 6628.483
node_cons: 14877.79996224146
tot_aggregated_send: 10429
tot_msg_rcv: 161
tot_msg_sent: 292
tot_reconf_duration: 10.96
tot_sleeping_duration: 713934.4068399989
tot_uptimes: 186
tot_uptimes_duration: 11100.012160001075
