comms_cons: 71.16720639965781
finished_reconf: true
global_termination_time: 723665.308
local_termination_time: 5046.152999999999
node_cons: 14872.522781120313
tot_aggregated_send: 10432
tot_msg_rcv: 97
tot_msg_sent: 288
tot_reconf_duration: 7.08
tot_sleeping_duration: 712565.3019199998
tot_uptimes: 186
tot_uptimes_duration: 11100.006080000217
