comms_cons: 71.7533823983649
finished_reconf: true
global_termination_time: 722119.431
local_termination_time: 4917.504
node_cons: 14791.348962241462
tot_aggregated_send: 10201
tot_msg_rcv: 239
tot_msg_sent: 466
tot_reconf_duration: 6.46
tot_sleeping_duration: 711079.4188399989
tot_uptimes: 185
tot_uptimes_duration: 11040.012160001075
