comms_cons: 462.4256512119438
finished_reconf: true
global_termination_time: 4739922.653
local_termination_time: 3449015.832479999
node_cons: 97470.30485999714
tot_aggregated_send: 68266
tot_msg_rcv: 653
tot_msg_sent: 1367
tot_reconf_duration: 13.17
tot_sleeping_duration: 4667142.653
tot_uptimes: 1214
tot_uptimes_duration: 72780.0
