comms_cons: 2028.4378660419525
finished_reconf: true
global_termination_time: 4735393.542
local_termination_time: 926315.3027199998
node_cons: 287072.7508969806
tot_aggregated_send: 0
tot_msg_rcv: 124587
tot_msg_sent: 183725
tot_reconf_duration: 6.22
tot_sleeping_duration: 4521006.459000013
tot_uptimes: 3516
tot_uptimes_duration: 214387.08299998683
