comms_cons: 24.546995200110377
finished_reconf: true
global_termination_time: 251825.031
local_termination_time: 165618.01236000005
node_cons: 5162.591719999999
tot_aggregated_send: 3654
tot_msg_rcv: 33
tot_msg_sent: 44
tot_reconf_duration: 15.34
tot_sleeping_duration: 247985.031
tot_uptimes: 65
tot_uptimes_duration: 3840.0
