comms_cons: 72.0862720003345
finished_reconf: true
global_termination_time: 740247.665
local_termination_time: 287695.0373600001
node_cons: 15201.41968112146
tot_aggregated_send: 10324
tot_msg_rcv: 177
tot_msg_sent: 456
tot_reconf_duration: 12.629999999999999
tot_sleeping_duration: 728907.658919999
tot_uptimes: 190
tot_uptimes_duration: 11340.006080001069
