comms_cons: 74.15452800090766
finished_reconf: true
global_termination_time: 737399.484
local_termination_time: 173532.58736000006
node_cons: 15109.906043364332
tot_aggregated_send: 9860
tot_msg_rcv: 530
tot_msg_sent: 881
tot_reconf_duration: 4.390000000000001
tot_sleeping_duration: 726119.4657599968
tot_uptimes: 189
tot_uptimes_duration: 11280.018240003206
