comms_cons: 72.63179520010854
finished_reconf: true
global_termination_time: 746751.227
local_termination_time: 329285.91036000004
node_cons: 15355.559560000032
tot_aggregated_send: 10498
tot_msg_rcv: 138
tot_msg_sent: 403
tot_reconf_duration: 7.819999999999999
tot_sleeping_duration: 735291.227
tot_uptimes: 192
tot_uptimes_duration: 11460.0
