comms_cons: 47.243539200512
finished_reconf: true
global_termination_time: 474972.019
local_termination_time: 164627.4936000001
node_cons: 9728.712201121452
tot_aggregated_send: 6148
tot_msg_rcv: 338
tot_msg_sent: 694
tot_reconf_duration: 5.57
tot_sleeping_duration: 467712.0129199989
tot_uptimes: 122
tot_uptimes_duration: 7260.006080001069
