comms_cons: 45.993536000269046
finished_reconf: true
global_termination_time: 471409.007
local_termination_time: 107061.82355999958
node_cons: 9644.958182240578
tot_aggregated_send: 6322
tot_msg_rcv: 202
tot_msg_sent: 466
tot_reconf_duration: 3.05
tot_sleeping_duration: 464208.9948399996
tot_uptimes: 121
tot_uptimes_duration: 7200.012160000435
