comms_cons: 64.98275839945734
finished_reconf: true
global_termination_time: 661743.9605999998
local_termination_time: 661743.9194799998
node_cons: 13630.619109521196
tot_aggregated_send: 9614
tot_msg_rcv: 80
tot_msg_sent: 182
tot_reconf_duration: 24.59
tot_sleeping_duration: 651589.198919999
tot_uptimes: 170
tot_uptimes_duration: 10154.76168000087
