comms_cons: 65.99575039712471
finished_reconf: true
global_termination_time: 662756.386
local_termination_time: 270257.93836000003
node_cons: 13585.90675999998
tot_aggregated_send: 9280
tot_msg_rcv: 289
tot_msg_sent: 461
tot_reconf_duration: 6.22
tot_sleeping_duration: 652616.386
tot_uptimes: 170
tot_uptimes_duration: 10140.0
