comms_cons: 460.3521086390298
finished_reconf: true
global_termination_time: 2707613.457
local_termination_time: 463087.971
node_cons: 55717.805833092454
tot_aggregated_send: 0
tot_msg_rcv: 35564
tot_msg_sent: 34410
tot_reconf_duration: 22.65
tot_sleeping_duration: 2666024.92292002
tot_uptimes: 694
tot_uptimes_duration: 41588.534079980105
