comms_cons: 459.7378430363671
finished_reconf: true
global_termination_time: 2704445.153
local_termination_time: 460184.56760000007
node_cons: 55601.90967340136
tot_aggregated_send: 0
tot_msg_rcv: 35436
tot_msg_sent: 34438
tot_reconf_duration: 4.8100000000000005
tot_sleeping_duration: 2662925.0800400283
tot_uptimes: 693
tot_uptimes_duration: 41520.07295997185
