comms_cons: 273.8676607846947
finished_reconf: true
global_termination_time: 2704665.246
local_termination_time: 566835.09136
node_cons: 55599.52773451795
tot_aggregated_send: 35728
tot_msg_rcv: 1936
tot_msg_sent: 3963
tot_reconf_duration: 3.05
tot_sleeping_duration: 2663145.1669600303
tot_uptimes: 693
tot_uptimes_duration: 41520.07903996925
