comms_cons: 275.4684159934639
finished_reconf: true
global_termination_time: 2702867.5322399917
local_termination_time: 55859.745200000034
node_cons: 55662.27831834812
tot_aggregated_send: 35786
tot_msg_rcv: 2078
tot_msg_sent: 4004
tot_reconf_duration: 11.31
tot_sleeping_duration: 2661308.96664003
tot_uptimes: 693
tot_uptimes_duration: 41558.56559996196
