comms_cons: 275.29884160514956
finished_reconf: true
global_termination_time: 2709227.624
local_termination_time: 856046.3135199981
node_cons: 55701.45979421118
tot_aggregated_send: 36424
tot_msg_rcv: 1688
tot_msg_sent: 3734
tot_reconf_duration: 15.34
tot_sleeping_duration: 2667643.8838400207
tot_uptimes: 694
tot_uptimes_duration: 41583.74015997921
