comms_cons: 2.289561599998697
finished_reconf: true
global_termination_time: 9213.369
local_termination_time: 5592.637360000001
node_cons: 181.51172000000005
tot_aggregated_send: 0
tot_msg_rcv: 246
tot_msg_sent: 102
tot_reconf_duration: 15.34
tot_sleeping_duration: 9093.369
tot_uptimes: 3
tot_uptimes_duration: 119.99999999999989
