comms_cons: 2.00665599999861
finished_reconf: true
global_termination_time: 15150.164
local_termination_time: 5496.138360000001
node_cons: 256.3789800000005
tot_aggregated_send: 0
tot_msg_rcv: 197
tot_msg_sent: 108
tot_reconf_duration: 11.31
tot_sleeping_duration: 14970.164
tot_uptimes: 4
tot_uptimes_duration: 180.0
