comms_cons: 55.84203520207089
finished_reconf: true
global_termination_time: 531409.906
local_termination_time: 28381.68548
node_cons: 10932.828967847752
tot_aggregated_send: 6728
tot_msg_rcv: 595
tot_msg_sent: 1165
tot_reconf_duration: 4.8100000000000005
tot_sleeping_duration: 523249.86343999417
tot_uptimes: 137
tot_uptimes_duration: 8160.042560005779
