comms_cons: 305.14411520512255
finished_reconf: true
global_termination_time: 3036894.347
local_termination_time: 26711.32136
node_cons: 62455.08524011361
tot_aggregated_send: 40368
tot_msg_rcv: 2027
tot_msg_sent: 3983
tot_reconf_duration: 22.65
tot_sleeping_duration: 2990274.237560034
tot_uptimes: 778
tot_uptimes_duration: 46620.109439966254
