comms_cons: 298.2515264087533
finished_reconf: true
global_termination_time: 3034299.542
local_termination_time: 1898063.4504799997
node_cons: 62442.06485999867
tot_aggregated_send: 43848
tot_msg_rcv: 460
tot_msg_sent: 1024
tot_reconf_duration: 13.17
tot_sleeping_duration: 2987679.542
tot_uptimes: 778
tot_uptimes_duration: 46620.0
