comms_cons: 307.6050176239068
finished_reconf: true
global_termination_time: 3037013.373
local_termination_time: 26679.686240000003
node_cons: 62430.2637367614
tot_aggregated_send: 41180
tot_msg_rcv: 1776
tot_msg_sent: 3795
tot_reconf_duration: 4.390000000000001
tot_sleeping_duration: 2990393.281800028
tot_uptimes: 778
tot_uptimes_duration: 46620.091199972085
