comms_cons: 50.54284800326222
finished_reconf: true
global_termination_time: 432412.9879600001
local_termination_time: 432412.9468400001
node_cons: 8890.83826426022
tot_aggregated_send: 4220
tot_msg_rcv: 1255
tot_msg_sent: 2211
tot_reconf_duration: 24.59
tot_sleeping_duration: 425798.017799985
tot_uptimes: 111
tot_uptimes_duration: 6614.9701600150875
