comms_cons: 70.3589312038252
finished_reconf: true
global_termination_time: 649686.96224
local_termination_time: 53126.99648000001
node_cons: 13381.695407302963
tot_aggregated_send: 4756
tot_msg_rcv: 2325
tot_msg_sent: 3619
tot_reconf_duration: 18.21
tot_sleeping_duration: 639711.6327199829
tot_uptimes: 167
tot_uptimes_duration: 9975.329520017141
