comms_cons: 81.16963841044473
finished_reconf: true
global_termination_time: 411930.2387200002
local_termination_time: 37499.32636000002
node_cons: 8462.277828080278
tot_aggregated_send: 0
tot_msg_rcv: 6240
tot_msg_sent: 6096
tot_reconf_duration: 4.390000000000001
tot_sleeping_duration: 405614.842
tot_uptimes: 106
tot_uptimes_duration: 6315.396720000193
