comms_cons: 41.443699200582294
finished_reconf: true
global_termination_time: 411929.84996000014
local_termination_time: 411929.8088400001
node_cons: 8493.097740804511
tot_aggregated_send: 5496
tot_msg_rcv: 204
tot_msg_sent: 598
tot_reconf_duration: 24.59
tot_sleeping_duration: 405611.9227599968
tot_uptimes: 106
tot_uptimes_duration: 6317.9272000033525
