comms_cons: 42.135411200765965
finished_reconf: true
global_termination_time: 416348.642
local_termination_time: 216869.52736000004
node_cons: 8520.198182242855
tot_aggregated_send: 5626
tot_msg_rcv: 256
tot_msg_sent: 522
tot_reconf_duration: 3.05
tot_sleeping_duration: 409988.62983999786
tot_uptimes: 107
tot_uptimes_duration: 6360.0121600021375
