comms_cons: 29.869568000379772
finished_reconf: true
global_termination_time: 302536.538
local_termination_time: 166126.53836000004
node_cons: 6201.066382242844
tot_aggregated_send: 4176
tot_msg_rcv: 82
tot_msg_sent: 282
tot_reconf_duration: 10.95
tot_sleeping_duration: 297916.52583999786
tot_uptimes: 78
tot_uptimes_duration: 4620.0121600021375
