comms_cons: 17.073651200359258
finished_reconf: true
global_termination_time: 165125.455
local_termination_time: 97783.65835999997
node_cons: 3399.0173211214415
tot_aggregated_send: 2030
tot_msg_rcv: 176
tot_msg_sent: 389
tot_reconf_duration: 18.21
tot_sleeping_duration: 162605.44891999892
tot_uptimes: 43
tot_uptimes_duration: 2520.0060800010688
