comms_cons: 18.928358400344862
finished_reconf: true
global_termination_time: 169923.657
local_termination_time: 91717.50235999997
node_cons: 3461.1926856014547
tot_aggregated_send: 1856
tot_msg_rcv: 382
tot_msg_sent: 639
tot_reconf_duration: 4.8100000000000005
tot_sleeping_duration: 167343.62659999894
tot_uptimes: 44
tot_uptimes_duration: 2580.0304000010874
