comms_cons: 17.88884479993353
finished_reconf: true
global_termination_time: 167376.424
local_termination_time: 4979.442400000001
node_cons: 3378.430041119152
tot_aggregated_send: 2030
tot_msg_rcv: 283
tot_msg_sent: 406
tot_reconf_duration: 3.05
tot_sleeping_duration: 164856.41792000062
tot_uptimes: 43
tot_uptimes_duration: 2520.006079999366
