comms_cons: 47.02874880038514
finished_reconf: true
global_termination_time: 473661.56048000016
local_termination_time: 328286.5533600001
node_cons: 9766.391550963135
tot_aggregated_send: 6554
tot_msg_rcv: 140
tot_msg_sent: 454
tot_reconf_duration: 18.21
tot_sleeping_duration: 466386.23383999785
tot_uptimes: 122
tot_uptimes_duration: 7275.326640002313
