comms_cons: 178.73054718944098
finished_reconf: true
global_termination_time: 1786966.186
local_termination_time: 580064.8458399997
node_cons: 36735.89937999986
tot_aggregated_send: 25404
tot_msg_rcv: 674
tot_msg_sent: 1088
tot_reconf_duration: 15.110000000000001
tot_sleeping_duration: 1759546.186
tot_uptimes: 458
tot_uptimes_duration: 27420.0
