comms_cons: 177.73771519205897
finished_reconf: true
global_termination_time: 1786978.905
local_termination_time: 1048339.7498399987
node_cons: 36730.250099999816
tot_aggregated_send: 25346
tot_msg_rcv: 519
tot_msg_sent: 1150
tot_reconf_duration: 10.95
tot_sleeping_duration: 1759558.905
tot_uptimes: 458
tot_uptimes_duration: 27420.0
