comms_cons: 182.71212798599996
finished_reconf: true
global_termination_time: 1786003.048
local_termination_time: 786043.3862399989
node_cons: 36730.78782670079
tot_aggregated_send: 24360
tot_msg_rcv: 1265
tot_msg_sent: 2146
tot_reconf_duration: 11.31
tot_sleeping_duration: 1758583.0115200141
tot_uptimes: 458
tot_uptimes_duration: 27420.036479985807
