comms_cons: 262.71403518869073
finished_reconf: true
global_termination_time: 2673428.011
local_termination_time: 1493257.5365999998
node_cons: 54970.45300111583
tot_aggregated_send: 37468
tot_msg_rcv: 818
tot_msg_sent: 1645
tot_reconf_duration: 13.17
tot_sleeping_duration: 2632388.004920002
tot_uptimes: 685
tot_uptimes_duration: 41040.006079997635
