comms_cons: 269.03340161982084
finished_reconf: true
global_termination_time: 2673276.949
local_termination_time: 579645.897
node_cons: 54970.91621149452
tot_aggregated_send: 36941
tot_msg_rcv: 1222
tot_msg_sent: 2729
tot_reconf_duration: 12.629999999999999
tot_sleeping_duration: 2632236.0493200184
tot_uptimes: 685
tot_uptimes_duration: 41040.89967998164
