comms_cons: 525.9737409545436
finished_reconf: true
global_termination_time: 2676838.704
local_termination_time: 236.49236
node_cons: 55049.06834111592
tot_aggregated_send: 0
tot_msg_rcv: 40214
tot_msg_sent: 39730
tot_reconf_duration: 11.899999999999999
tot_sleeping_duration: 2635738.6979200025
tot_uptimes: 686
tot_uptimes_duration: 41100.006079997635
