comms_cons: 265.72058239596805
finished_reconf: true
global_termination_time: 2673229.585
local_termination_time: 1309601.3817199988
node_cons: 54967.95154446682
tot_aggregated_send: 36424
tot_msg_rcv: 1295
tot_msg_sent: 2668
tot_reconf_duration: 11.31
tot_sleeping_duration: 2632189.5606800094
tot_uptimes: 685
tot_uptimes_duration: 41040.02431999077
