comms_cons: 481.4918268306403
finished_reconf: true
global_termination_time: 1647587.761879998
local_termination_time: 1647587.761879998
node_cons: 67569.95416743562
tot_aggregated_send: 0
tot_msg_rcv: 24456
tot_msg_sent: 48727
tot_reconf_duration: 24.59
tot_sleeping_duration: 1597149.7029200003
tot_uptimes: 834
tot_uptimes_duration: 50438.05895999778
