comms_cons: 165.55705598628128
finished_reconf: true
global_termination_time: 1647588.3207599982
local_termination_time: 122880.71135999997
node_cons: 33875.700512224175
tot_aggregated_send: 22562
tot_msg_rcv: 871
tot_msg_sent: 1730
tot_reconf_duration: 22.65
tot_sleeping_duration: 1622312.0386000099
tot_uptimes: 422
tot_uptimes_duration: 25276.28215998817
