comms_cons: 180.68130560930774
finished_reconf: true
global_termination_time: 211249.9666000001
local_termination_time: 211249.9254800001
node_cons: 20764.697937237943
tot_aggregated_send: 0
tot_msg_rcv: 12510
tot_msg_sent: 14951
tot_reconf_duration: 24.59
tot_sleeping_duration: 195767.28944000168
tot_uptimes: 248
tot_uptimes_duration: 15482.677159998435
