comms_cons: 41.74405120199134
finished_reconf: true
global_termination_time: 213498.756
local_termination_time: 3410.6703600000005
node_cons: 4342.510041121434
tot_aggregated_send: 0
tot_msg_rcv: 3211
tot_msg_sent: 3133
tot_reconf_duration: 3.05
tot_sleeping_duration: 210258.74991999893
tot_uptimes: 55
tot_uptimes_duration: 3240.0060800010688
