comms_cons: 161.4015615933902
finished_reconf: true
global_termination_time: 1666866.327
local_termination_time: 834398.5249199984
node_cons: 34270.48024246208
tot_aggregated_send: 22736
tot_msg_rcv: 614
tot_msg_sent: 1182
tot_reconf_duration: 25.299999999999997
tot_sleeping_duration: 1641297.9006800135
tot_uptimes: 427
tot_uptimes_duration: 25568.42631998658
