comms_cons: 164.99058558585656
finished_reconf: true
global_termination_time: 1666389.404
local_termination_time: 455828.29348000005
node_cons: 34229.08776893467
tot_aggregated_send: 21518
tot_msg_rcv: 1166
tot_msg_sent: 2392
tot_reconf_duration: 3.08
tot_sleeping_duration: 1640829.355360019
tot_uptimes: 427
tot_uptimes_duration: 25560.048639981076
