comms_cons: 161.87919359054905
finished_reconf: true
global_termination_time: 1663786.783
local_termination_time: 497225.19220000017
node_cons: 34242.05666893925
tot_aggregated_send: 22098
tot_msg_rcv: 823
tot_msg_sent: 1684
tot_reconf_duration: 12.629999999999999
tot_sleeping_duration: 1638226.7343600155
tot_uptimes: 427
tot_uptimes_duration: 25560.04863998451
