comms_cons: 265.91094382355107
finished_reconf: true
global_termination_time: 1349341.9736
local_termination_time: 797.2934799999999
node_cons: 27762.614751754998
tot_aggregated_send: 0
tot_msg_rcv: 20403
tot_msg_sent: 20012
tot_reconf_duration: 18.21
tot_sleeping_duration: 1328626.5997600039
tot_uptimes: 346
tot_uptimes_duration: 20715.37383999623
