comms_cons: 133.0314239965211
finished_reconf: true
global_termination_time: 1352524.796
local_termination_time: 526654.0953599999
node_cons: 27815.5248600001
tot_aggregated_send: 19720
tot_msg_rcv: 164
tot_msg_sent: 336
tot_reconf_duration: 13.17
tot_sleeping_duration: 1331764.796
tot_uptimes: 347
tot_uptimes_duration: 20760.0
