comms_cons: 136.85393919386337
finished_reconf: true
global_termination_time: 1349342.1672799992
local_termination_time: 150930.30020000017
node_cons: 27766.826627278864
tot_aggregated_send: 18618
tot_msg_rcv: 768
tot_msg_sent: 1415
tot_reconf_duration: 4.8100000000000005
tot_sleeping_duration: 1328610.0577600002
tot_uptimes: 346
tot_uptimes_duration: 20732.109519999125
