comms_cons: 134.25515519427628
finished_reconf: true
global_termination_time: 1349988.893
local_termination_time: 307983.46560000005
node_cons: 27725.754901116838
tot_aggregated_send: 19198
tot_msg_rcv: 398
tot_msg_sent: 810
tot_reconf_duration: 6.22
tot_sleeping_duration: 1329288.8869200023
tot_uptimes: 346
tot_uptimes_duration: 20700.006079997635
