comms_cons: 62.41812480014334
finished_reconf: true
global_termination_time: 613974.801
local_termination_time: 96013.81135999996
node_cons: 12621.958211484773
tot_aggregated_send: 8352
tot_msg_rcv: 379
tot_msg_sent: 758
tot_reconf_duration: 6.279999999999999
tot_sleeping_duration: 604554.7636799964
tot_uptimes: 158
tot_uptimes_duration: 9420.037320003554
