comms_cons: 64.89654400045654
finished_reconf: true
global_termination_time: 612560.189
local_termination_time: 39113.66056000014
node_cons: 12545.470938726383
tot_aggregated_send: 7656
tot_msg_rcv: 811
tot_msg_sent: 1396
tot_reconf_duration: 9.11
tot_sleeping_duration: 603200.1445199952
tot_uptimes: 157
tot_uptimes_duration: 9360.044480004755
