comms_cons: 64.0485120004317
finished_reconf: true
global_termination_time: 615706.219
local_termination_time: 213325.82536000008
node_cons: 12633.948226724024
tot_aggregated_send: 7888
tot_msg_rcv: 637
tot_msg_sent: 1210
tot_reconf_duration: 15.110000000000001
tot_sleeping_duration: 606286.1825199971
tot_uptimes: 158
tot_uptimes_duration: 9420.036480002978
