comms_cons: 61.312819200419504
finished_reconf: true
global_termination_time: 614349.117
local_termination_time: 276623.65036
node_cons: 12619.341619999957
tot_aggregated_send: 8410
tot_msg_rcv: 327
tot_msg_sent: 583
tot_reconf_duration: 4.390000000000001
tot_sleeping_duration: 604929.117
tot_uptimes: 158
tot_uptimes_duration: 9420.0
