comms_cons: 79.71170559783653
finished_reconf: true
global_termination_time: 811626.397
local_termination_time: 218263.7738400006
node_cons: 16638.908240000022
tot_aggregated_send: 11542
tot_msg_rcv: 170
tot_msg_sent: 403
tot_reconf_duration: 6.279999999999999
tot_sleeping_duration: 799206.397
tot_uptimes: 208
tot_uptimes_duration: 12420.0
