comms_cons: 79.38462719828476
finished_reconf: true
global_termination_time: 809171.781
local_termination_time: 224912.19772000058
node_cons: 16636.911980000023
tot_aggregated_send: 11484
tot_msg_rcv: 178
tot_msg_sent: 404
tot_reconf_duration: 4.8100000000000005
tot_sleeping_duration: 796751.781
tot_uptimes: 208
tot_uptimes_duration: 12420.0
