comms_cons: 80.06049279976233
finished_reconf: true
global_termination_time: 809432.956
local_termination_time: 204521.76960000055
node_cons: 16655.77460000004
tot_aggregated_send: 11658
tot_msg_rcv: 178
tot_msg_sent: 331
tot_reconf_duration: 18.700000000000003
tot_sleeping_duration: 797012.956
tot_uptimes: 208
tot_uptimes_duration: 12420.0
