comms_cons: 78.80565760025517
finished_reconf: true
global_termination_time: 814510.804
local_termination_time: 375729.1653200002
node_cons: 16721.339560000033
tot_aggregated_send: 11774
tot_msg_rcv: 93
tot_msg_sent: 111
tot_reconf_duration: 7.819999999999999
tot_sleeping_duration: 802030.804
tot_uptimes: 209
tot_uptimes_duration: 12480.0
