comms_cons: 70.90655999985675
finished_reconf: true
global_termination_time: 667010.7018399998
local_termination_time: 44110.54240000008
node_cons: 13714.235153364647
tot_aggregated_send: 8526
tot_msg_rcv: 921
tot_msg_sent: 1330
tot_reconf_duration: 25.299999999999997
tot_sleeping_duration: 656794.2135999963
tot_uptimes: 171
tot_uptimes_duration: 10216.488240003455
