comms_cons: 67.12002559785608
finished_reconf: true
global_termination_time: 670712.59
local_termination_time: 438663.12036
node_cons: 13744.10161999996
tot_aggregated_send: 9280
tot_msg_rcv: 287
tot_msg_sent: 634
tot_reconf_duration: 4.390000000000001
tot_sleeping_duration: 660452.59
tot_uptimes: 172
tot_uptimes_duration: 10260.0
