comms_cons: 67.45653760127803
finished_reconf: true
global_termination_time: 669566.074
local_termination_time: 301072.22600000096
node_cons: 13768.240920729804
tot_aggregated_send: 9048
tot_msg_rcv: 369
tot_msg_sent: 836
tot_reconf_duration: 15.34
tot_sleeping_duration: 659299.1515199927
tot_uptimes: 172
tot_uptimes_duration: 10266.922480007284
