comms_cons: 42.942438400111776
finished_reconf: true
global_termination_time: 439057.834
local_termination_time: 19709.504680000002
node_cons: 9032.43740000001
tot_aggregated_send: 6380
tot_msg_rcv: 55
tot_msg_sent: 92
tot_reconf_duration: 25.299999999999997
tot_sleeping_duration: 432337.834
tot_uptimes: 113
tot_uptimes_duration: 6720.0
