comms_cons: 75.14229759930782
finished_reconf: true
global_termination_time: 737099.983
local_termination_time: 321463.4021200005
node_cons: 15114.9957723174
tot_aggregated_send: 9512
tot_msg_rcv: 549
tot_msg_sent: 1361
tot_reconf_duration: 8.09
tot_sleeping_duration: 725819.916120002
tot_uptimes: 189
tot_uptimes_duration: 11280.06687999802
