comms_cons: 145.9021567653379
finished_reconf: true
global_termination_time: 736388.475
local_termination_time: 3541.5543600000005
node_cons: 15108.070041116855
tot_aggregated_send: 0
tot_msg_rcv: 11263
tot_msg_sent: 10915
tot_reconf_duration: 3.05
tot_sleeping_duration: 725108.4689200023
tot_uptimes: 189
tot_uptimes_duration: 11280.006079997635
