comms_cons: 74.60875519757563
finished_reconf: true
global_termination_time: 737231.018
local_termination_time: 534065.8274799997
node_cons: 15111.302081116764
tot_aggregated_send: 9918
tot_msg_rcv: 438
tot_msg_sent: 984
tot_reconf_duration: 5.43
tot_sleeping_duration: 725951.0119200024
tot_uptimes: 189
tot_uptimes_duration: 11280.006079997635
