comms_cons: 120.37261438534297
finished_reconf: true
global_termination_time: 1157417.595
local_termination_time: 485082.28436000005
node_cons: 23789.241510051485
tot_aggregated_send: 15022
tot_msg_rcv: 1228
tot_msg_sent: 2045
tot_reconf_duration: 6.279999999999999
tot_sleeping_duration: 1139657.5402800213
tot_uptimes: 297
tot_uptimes_duration: 17760.05471997871
