comms_cons: 118.80776958876062
finished_reconf: true
global_termination_time: 1155367.754
local_termination_time: 596427.4471599993
node_cons: 23704.490781116812
tot_aggregated_send: 15080
tot_msg_rcv: 1058
tot_msg_sent: 1920
tot_reconf_duration: 3.08
tot_sleeping_duration: 1137667.7479200023
tot_uptimes: 296
tot_uptimes_duration: 17700.006079997635
