comms_cons: 117.84788479184976
finished_reconf: true
global_termination_time: 1156039.302
local_termination_time: 570355.7864799998
node_cons: 23801.183803350512
tot_aggregated_send: 15022
tot_msg_rcv: 930
tot_msg_sent: 1962
tot_reconf_duration: 15.110000000000001
tot_sleeping_duration: 1138279.283760007
tot_uptimes: 297
tot_uptimes_duration: 17760.018239992904
