comms_cons: 117.12479999461583
finished_reconf: true
global_termination_time: 1154487.878
local_termination_time: 414323.16836
node_cons: 23706.27790223824
tot_aggregated_send: 15950
tot_msg_rcv: 807
tot_msg_sent: 1046
tot_reconf_duration: 4.390000000000001
tot_sleeping_duration: 1136787.8658400013
tot_uptimes: 296
tot_uptimes_duration: 17700.012159998703
