comms_cons: 112.17205119394391
finished_reconf: true
global_termination_time: 1114168.62124
local_termination_time: 80852.12447999997
node_cons: 22942.12118242997
tot_aggregated_send: 14848
tot_msg_rcv: 717
tot_msg_sent: 1483
tot_reconf_duration: 18.21
tot_sleeping_duration: 1097053.3172800075
tot_uptimes: 286
tot_uptimes_duration: 17115.30395999248
