comms_cons: 114.87718399503845
finished_reconf: true
global_termination_time: 1120279.055
local_termination_time: 629717.8933599999
node_cons: 23011.61368223376
tot_aggregated_send: 14558
tot_msg_rcv: 1003
tot_msg_sent: 1899
tot_reconf_duration: 25.299999999999997
tot_sleeping_duration: 1103119.0428400047
tot_uptimes: 287
tot_uptimes_duration: 17160.01215999527
