comms_cons: 109.9324799969503
finished_reconf: true
global_termination_time: 1119501.398
local_termination_time: 230068.3996400004
node_cons: 23008.03940558419
tot_aggregated_send: 14848
tot_msg_rcv: 650
tot_msg_sent: 1211
tot_reconf_duration: 22.65
tot_sleeping_duration: 1102341.3676000119
tot_uptimes: 287
tot_uptimes_duration: 17160.030399988173
