comms_cons: 114.33401599400128
finished_reconf: true
global_termination_time: 1120172.167
local_termination_time: 645621.4683599999
node_cons: 22994.399681116873
tot_aggregated_send: 14848
tot_msg_rcv: 796
tot_msg_sent: 1733
tot_reconf_duration: 12.629999999999999
tot_sleeping_duration: 1103012.1609200023
tot_uptimes: 287
tot_uptimes_duration: 17160.006079997635
