comms_cons: 541.4918716940265
finished_reconf: true
global_termination_time: 1117393.6040399983
local_termination_time: 1117393.5629199983
node_cons: 68090.35366787884
tot_aggregated_send: 0
tot_msg_rcv: 33218
tot_msg_sent: 49085
tot_reconf_duration: 37.410000000000004
tot_sleeping_duration: 1066579.899119998
tot_uptimes: 832
tot_uptimes_duration: 50813.70492000015
