comms_cons: 116.25455999078406
finished_reconf: true
global_termination_time: 1117937.622
local_termination_time: 313810.0103600001
node_cons: 22988.299490083748
tot_aggregated_send: 14500
tot_msg_rcv: 1079
tot_msg_sent: 2090
tot_reconf_duration: 8.09
tot_sleeping_duration: 1100777.567279997
tot_uptimes: 287
tot_uptimes_duration: 17160.05472000275
