comms_cons: 115.52417278968367
finished_reconf: true
global_termination_time: 1118260.641
local_termination_time: 422371.83756000025
node_cons: 22997.77566223828
tot_aggregated_send: 14848
tot_msg_rcv: 981
tot_msg_sent: 1730
tot_reconf_duration: 15.110000000000001
tot_sleeping_duration: 1101100.6288400013
tot_uptimes: 287
tot_uptimes_duration: 17160.012159998703
