comms_cons: 115.05634559071214
finished_reconf: true
global_termination_time: 1119082.001
local_termination_time: 131823.52136000004
node_cons: 22985.80073568859
tot_aggregated_send: 13978
tot_msg_rcv: 1052
tot_msg_sent: 2458
tot_reconf_duration: 6.22
tot_sleeping_duration: 1101921.9158799935
tot_uptimes: 287
tot_uptimes_duration: 17160.08512000639
