comms_cons: 110.15308799799317
finished_reconf: true
global_termination_time: 1119384.15
local_termination_time: 297023.78936000005
node_cons: 22984.65464559798
tot_aggregated_send: 15486
tot_msg_rcv: 429
tot_msg_sent: 827
tot_reconf_duration: 5.43
tot_sleeping_duration: 1102224.1196000013
tot_uptimes: 287
tot_uptimes_duration: 17160.030399998475
