comms_cons: 248.5405887090714
finished_reconf: true
global_termination_time: 852843.9723999992
local_termination_time: 852843.9312799992
node_cons: 34737.306734963386
tot_aggregated_send: 0
tot_msg_rcv: 12754
tot_msg_sent: 25022
tot_reconf_duration: 37.410000000000004
tot_sleeping_duration: 826939.1897599966
tot_uptimes: 429
tot_uptimes_duration: 25904.782640002544
