comms_cons: 84.46439679911798
finished_reconf: true
global_termination_time: 853599.53
local_termination_time: 253109.35748000006
node_cons: 17520.651980000024
tot_aggregated_send: 12354
tot_msg_rcv: 198
tot_msg_sent: 286
tot_reconf_duration: 4.8100000000000005
tot_sleeping_duration: 840519.53
tot_uptimes: 219
tot_uptimes_duration: 13080.0
