comms_cons: 83.37820159977147
finished_reconf: true
global_termination_time: 852844.6420799998
local_termination_time: 852828.3175999998
node_cons: 17568.42146711981
tot_aggregated_send: 12644
tot_msg_rcv: 20
tot_msg_sent: 9
tot_reconf_duration: 9.42
tot_sleeping_duration: 839733.642
tot_uptimes: 219
tot_uptimes_duration: 13111.000079999794
