comms_cons: 85.52302079564025
finished_reconf: true
global_termination_time: 855415.074
local_termination_time: 98657.25211999971
node_cons: 17600.421620000026
tot_aggregated_send: 12238
tot_msg_rcv: 301
tot_msg_sent: 460
tot_reconf_duration: 4.390000000000001
tot_sleeping_duration: 842275.074
tot_uptimes: 220
tot_uptimes_duration: 13140.0
