comms_cons: 108.826547199941
finished_reconf: true
global_termination_time: 1120942.202
local_termination_time: 583694.3667599981
node_cons: 23063.54162000005
tot_aggregated_send: 15834
tot_msg_rcv: 243
tot_msg_sent: 464
tot_reconf_duration: 4.390000000000001
tot_sleeping_duration: 1103722.202
tot_uptimes: 288
tot_uptimes_duration: 17220.0
