comms_cons: 110.50424319826988
finished_reconf: true
global_termination_time: 1123833.189
local_termination_time: 656301.6861999996
node_cons: 23061.7219000001
tot_aggregated_send: 15428
tot_msg_rcv: 501
tot_msg_sent: 867
tot_reconf_duration: 3.05
tot_sleeping_duration: 1106613.189
tot_uptimes: 288
tot_uptimes_duration: 17220.0
