comms_cons: 110.41971839713239
finished_reconf: true
global_termination_time: 1121020.588
local_termination_time: 487213.18636000005
node_cons: 23068.207701116877
tot_aggregated_send: 15428
tot_msg_rcv: 486
tot_msg_sent: 869
tot_reconf_duration: 7.819999999999999
tot_sleeping_duration: 1103800.5819200024
tot_uptimes: 288
tot_uptimes_duration: 17220.006079997635
