comms_cons: 219.53799667551692
finished_reconf: true
global_termination_time: 1120319.6574399986
local_termination_time: 28.55004
node_cons: 23058.19851815818
tot_aggregated_send: 0
tot_msg_rcv: 16747
tot_msg_sent: 16620
tot_reconf_duration: 11.31
tot_sleeping_duration: 1103110.666
tot_uptimes: 287
tot_uptimes_duration: 17208.991439998616
