comms_cons: 1.5329535999949357
finished_reconf: true
global_termination_time: 11116.913
local_termination_time: 2876.9454800000003
node_cons: 164.82190000000026
tot_aggregated_send: 0
tot_msg_rcv: 118
tot_msg_sent: 114
tot_reconf_duration: 3.05
tot_sleeping_duration: 10996.913
tot_uptimes: 3
tot_uptimes_duration: 120.0
