comms_cons: 81.4636543991679
finished_reconf: true
global_termination_time: 826247.342
local_termination_time: 472737.8743600001
node_cons: 16967.10712112145
tot_aggregated_send: 11832
tot_msg_rcv: 152
tot_msg_sent: 398
tot_reconf_duration: 11.31
tot_sleeping_duration: 813587.3359199989
tot_uptimes: 212
tot_uptimes_duration: 12660.006080001069
