comms_cons: 203.27196799054934
finished_reconf: true
global_termination_time: 2050217.151
local_termination_time: 1283546.5734799998
node_cons: 42187.05266335017
tot_aggregated_send: 28652
tot_msg_rcv: 907
tot_msg_sent: 1337
tot_reconf_duration: 6.279999999999999
tot_sleeping_duration: 2018717.1327600072
tot_uptimes: 526
tot_uptimes_duration: 31500.0182399929
