comms_cons: 36.53555200044133
finished_reconf: true
global_termination_time: 353525.189
local_termination_time: 4568.7054800000005
node_cons: 7239.071183362021
tot_aggregated_send: 4698
tot_msg_rcv: 335
tot_msg_sent: 520
tot_reconf_duration: 6.22
tot_sleeping_duration: 348125.17075999855
tot_uptimes: 91
tot_uptimes_duration: 5400.018240001504
