comms_cons: 14.65187840072326
finished_reconf: true
global_termination_time: 175237.001
local_termination_time: 444.16512
node_cons: 3549.876244478886
tot_aggregated_send: 0
tot_msg_rcv: 200
tot_msg_sent: 2027
tot_reconf_duration: 10.96
tot_sleeping_duration: 172596.97668000084
tot_uptimes: 45
tot_uptimes_duration: 2640.0243199991673
