comms_cons: 15.710233600544244
finished_reconf: true
global_termination_time: 174036.416
local_termination_time: 1966.1991200000002
node_cons: 3550.940888965751
tot_aggregated_send: 0
tot_msg_rcv: 497
tot_msg_sent: 1890
tot_reconf_duration: 11.719999999999999
tot_sleeping_duration: 171396.36735999573
tot_uptimes: 45
tot_uptimes_duration: 2640.0486400042937
