comms_cons: 179.75095038768293
finished_reconf: true
global_termination_time: 1801631.777
local_termination_time: 978302.6253599998
node_cons: 37061.47732111665
tot_aggregated_send: 25462
tot_msg_rcv: 599
tot_msg_sent: 1260
tot_reconf_duration: 18.21
tot_sleeping_duration: 1773971.7709200024
tot_uptimes: 462
tot_uptimes_duration: 27660.006079997635
