comms_cons: 182.3628927848346
finished_reconf: true
global_termination_time: 1796862.364
local_termination_time: 69728.86575999948
node_cons: 36960.57446447178
tot_aggregated_send: 24940
tot_msg_rcv: 1032
tot_msg_sent: 1747
tot_reconf_duration: 3.05
tot_sleeping_duration: 1769262.339680006
tot_uptimes: 461
tot_uptimes_duration: 27600.024319993972
