comms_cons: 30.560384000048806
finished_reconf: true
global_termination_time: 304111.017
local_termination_time: 86166.15147999996
node_cons: 6192.711980000004
tot_aggregated_send: 4118
tot_msg_rcv: 181
tot_msg_sent: 346
tot_reconf_duration: 4.8100000000000005
tot_sleeping_duration: 299491.017
tot_uptimes: 78
tot_uptimes_duration: 4620.0
