comms_cons: 281.5360320069784
finished_reconf: true
global_termination_time: 2809336.959
local_termination_time: 981.2442399999999
node_cons: 57848.58608334978
tot_aggregated_send: 39440
tot_msg_rcv: 1199
tot_msg_sent: 2151
tot_reconf_duration: 2.77
tot_sleeping_duration: 2766136.9407600067
tot_uptimes: 720
tot_uptimes_duration: 43200.01823999314
