comms_cons: 35.24710400052322
finished_reconf: true
global_termination_time: 334267.814
local_termination_time: 65597.85935999997
node_cons: 6849.443803362002
tot_aggregated_send: 4350
tot_msg_rcv: 438
tot_msg_sent: 569
tot_reconf_duration: 15.110000000000001
tot_sleeping_duration: 329167.7957599985
tot_uptimes: 86
tot_uptimes_duration: 5100.018240001489
