comms_cons: 34.38352640069984
finished_reconf: true
global_termination_time: 334889.828
local_termination_time: 194049.55636000005
node_cons: 6859.658699999999
tot_aggregated_send: 4408
tot_msg_rcv: 317
tot_msg_sent: 501
tot_reconf_duration: 22.65
tot_sleeping_duration: 329789.828
tot_uptimes: 86
tot_uptimes_duration: 5100.0
