comms_cons: 38.84422400213167
finished_reconf: true
global_termination_time: 360765.215
local_termination_time: 173180.38960000098
node_cons: 7437.494666887055
tot_aggregated_send: 3828
tot_msg_rcv: 767
tot_msg_sent: 1310
tot_reconf_duration: 18.21
tot_sleeping_duration: 355229.1690799947
tot_uptimes: 93
tot_uptimes_duration: 5536.045920005272
