comms_cons: 297.43905278817266
finished_reconf: true
global_termination_time: 3075673.075
local_termination_time: 1916643.8753599979
node_cons: 63263.22309526978
tot_aggregated_send: 43268
tot_msg_rcv: 637
tot_msg_sent: 1304
tot_reconf_duration: 15.34
tot_sleeping_duration: 3028442.0134800067
tot_uptimes: 788
tot_uptimes_duration: 47231.061519993236
