comms_cons: 310.44398079727404
finished_reconf: true
global_termination_time: 3075093.964
local_termination_time: 1107467.574
node_cons: 63234.16082670503
tot_aggregated_send: 42392
tot_msg_rcv: 1600
tot_msg_sent: 3191
tot_reconf_duration: 4.8100000000000005
tot_sleeping_duration: 3027873.92752001
tot_uptimes: 788
tot_uptimes_duration: 47220.03647998971
