comms_cons: 170.78287359493967
finished_reconf: true
global_termination_time: 1738324.217
local_termination_time: 841147.2473599998
node_cons: 35758.864059999854
tot_aggregated_send: 25114
tot_msg_rcv: 325
tot_msg_sent: 519
tot_reconf_duration: 5.57
tot_sleeping_duration: 1711624.217
tot_uptimes: 446
tot_uptimes_duration: 26700.0
