comms_cons: 171.76056319433098
finished_reconf: true
global_termination_time: 1739071.38
local_termination_time: 905081.711
node_cons: 35759.744011756804
tot_aggregated_send: 24820
tot_msg_rcv: 387
tot_msg_sent: 900
tot_reconf_duration: 5.1
tot_sleeping_duration: 1712370.2461600022
tot_uptimes: 446
tot_uptimes_duration: 26701.133839997696
