comms_cons: 178.2640511802823
finished_reconf: true
global_termination_time: 1739843.067
local_termination_time: 728310.4841599984
node_cons: 35755.49888781781
tot_aggregated_send: 23142
tot_msg_rcv: 1322
tot_msg_sent: 2632
tot_reconf_duration: 3.05
tot_sleeping_duration: 1713143.0244400166
tot_uptimes: 446
tot_uptimes_duration: 26700.04255998344
