comms_cons: 169.94437118983353
finished_reconf: true
global_termination_time: 1736962.199
local_termination_time: 780332.0743599989
node_cons: 35679.43118335054
tot_aggregated_send: 23374
tot_msg_rcv: 652
tot_msg_sent: 1805
tot_reconf_duration: 6.22
tot_sleeping_duration: 1710322.1807600071
tot_uptimes: 445
tot_uptimes_duration: 26640.018239992904
