comms_cons: 50.82229759987157
finished_reconf: true
global_termination_time: 13073.793240000003
local_termination_time: 458.892839999999
node_cons: 5906.274789680078
tot_aggregated_send: 0
tot_msg_rcv: 3922
tot_msg_sent: 3801
tot_reconf_duration: 18.21
tot_sleeping_duration: 8681.302119999948
tot_uptimes: 61
tot_uptimes_duration: 4392.491120000056
