comms_cons: 207.31121918794474
finished_reconf: true
global_termination_time: 2046872.793
local_termination_time: 322443.5084800001
node_cons: 42105.74848335477
tot_aggregated_send: 28014
tot_msg_rcv: 1230
tot_msg_sent: 2266
tot_reconf_duration: 5.57
tot_sleeping_duration: 2015432.7747600037
tot_uptimes: 525
tot_uptimes_duration: 31440.018239996352
