comms_cons: 206.15918718396244
finished_reconf: true
global_termination_time: 2048424.099
local_termination_time: 330550.31304000074
node_cons: 42104.15418446692
tot_aggregated_send: 28362
tot_msg_rcv: 940
tot_msg_sent: 2033
tot_reconf_duration: 4.390000000000001
tot_sleeping_duration: 2016984.0746800094
tot_uptimes: 525
tot_uptimes_duration: 31440.024319990538
