comms_cons: 201.58972158894386
finished_reconf: true
global_termination_time: 2046405.227
local_termination_time: 1205029.839999999
node_cons: 42106.623042233194
tot_aggregated_send: 28478
tot_msg_rcv: 811
tot_msg_sent: 1351
tot_reconf_duration: 6.22
tot_sleeping_duration: 2014965.2148400047
tot_uptimes: 525
tot_uptimes_duration: 31440.01215999521
