comms_cons: 1.4013695999953708
finished_reconf: true
global_termination_time: 10836.509
local_termination_time: 4051.8083600000004
node_cons: 191.43870000000013
tot_aggregated_send: 0
tot_msg_rcv: 118
tot_msg_sent: 95
tot_reconf_duration: 22.65
tot_sleeping_duration: 10716.509
tot_uptimes: 3
tot_uptimes_duration: 120.0
