comms_cons: 115.95244799648574
finished_reconf: true
global_termination_time: 1157647.6203199995
local_termination_time: 1157647.5791999996
node_cons: 23842.308936560577
tot_aggregated_send: 16052
tot_msg_rcv: 447
tot_msg_sent: 1124
tot_reconf_duration: 24.59
tot_sleeping_duration: 1139866.5032799991
tot_uptimes: 297
tot_uptimes_duration: 17781.117040000398
