comms_cons: 114.69519359631451
finished_reconf: true
global_termination_time: 1158659.374
local_termination_time: 474705.26436000003
node_cons: 23795.998980000033
tot_aggregated_send: 16762
tot_msg_rcv: 275
tot_msg_sent: 396
tot_reconf_duration: 11.31
tot_sleeping_duration: 1140899.374
tot_uptimes: 297
tot_uptimes_duration: 17760.0
