comms_cons: 207.96851199314062
finished_reconf: true
global_termination_time: 2126194.294
local_termination_time: 896423.7993599998
node_cons: 43712.52405999951
tot_aggregated_send: 30508
tot_msg_rcv: 351
tot_msg_sent: 751
tot_reconf_duration: 5.57
tot_sleeping_duration: 2093554.2940000002
tot_uptimes: 545
tot_uptimes_duration: 32640.0
