comms_cons: 259.4261374312683
finished_reconf: true
global_termination_time: 2127336.902
local_termination_time: 623224.5985999998
node_cons: 43711.500121116485
tot_aggregated_send: 0
tot_msg_rcv: 20047
tot_msg_sent: 19384
tot_reconf_duration: 4.8100000000000005
tot_sleeping_duration: 2094696.8959200021
tot_uptimes: 545
tot_uptimes_duration: 32640.006079997635
