comms_cons: 208.76823678835063
finished_reconf: true
global_termination_time: 2130984.047
local_termination_time: 638344.94236
node_cons: 43793.78746558385
tot_aggregated_send: 28072
tot_msg_rcv: 1213
tot_msg_sent: 2445
tot_reconf_duration: 6.22
tot_sleeping_duration: 2098284.016600012
tot_uptimes: 546
tot_uptimes_duration: 32700.030399988173
