comms_cons: 270.87137279663546
finished_reconf: true
global_termination_time: 2693215.975
local_termination_time: 822262.0473999991
node_cons: 55361.85662446633
tot_aggregated_send: 37410
tot_msg_rcv: 1207
tot_msg_sent: 2553
tot_reconf_duration: 5.57
tot_sleeping_duration: 2651875.9506800096
tot_uptimes: 690
tot_uptimes_duration: 41340.02431999054
