comms_cons: 268.10800640646534
finished_reconf: true
global_termination_time: 2810301.366
local_termination_time: 4849.630999999999
node_cons: 57879.249723349625
tot_aggregated_send: 39183
tot_msg_rcv: 511
tot_msg_sent: 1056
tot_reconf_duration: 25.35
tot_sleeping_duration: 2767101.347760007
tot_uptimes: 720
tot_uptimes_duration: 43200.01823999302
