comms_cons: 52.416486401458
finished_reconf: true
global_termination_time: 511146.858
local_termination_time: 118370.37735999997
node_cons: 10450.780826728595
tot_aggregated_send: 6612
tot_msg_rcv: 425
tot_msg_sent: 930
tot_reconf_duration: 4.8100000000000005
tot_sleeping_duration: 503346.8215199936
tot_uptimes: 131
tot_uptimes_duration: 7800.036480006413
