comms_cons: 52.054630401014784
finished_reconf: true
global_termination_time: 508134.79
local_termination_time: 213683.4305200004
node_cons: 10450.177902242893
tot_aggregated_send: 6902
tot_msg_rcv: 374
tot_msg_sent: 636
tot_reconf_duration: 4.390000000000001
tot_sleeping_duration: 500334.77783999784
tot_uptimes: 131
tot_uptimes_duration: 7800.0121600021375
