comms_cons: 103.6872191985811
finished_reconf: true
global_termination_time: 1049326.5180000002
local_termination_time: 154140.09936000002
node_cons: 21574.213202238563
tot_aggregated_send: 14558
tot_msg_rcv: 388
tot_msg_sent: 814
tot_reconf_duration: 7.819999999999999
tot_sleeping_duration: 1033222.2658400012
tot_uptimes: 269
tot_uptimes_duration: 16104.252159998927
