comms_cons: 34.2459904007511
finished_reconf: true
global_termination_time: 335457.512
local_termination_time: 44424.63036000001
node_cons: 6835.448262240586
tot_aggregated_send: 4408
tot_msg_rcv: 278
tot_msg_sent: 519
tot_reconf_duration: 4.8100000000000005
tot_sleeping_duration: 330357.49983999954
tot_uptimes: 86
tot_uptimes_duration: 5100.012160000435
