comms_cons: 71.02967039754039
finished_reconf: true
global_termination_time: 677102.752
local_termination_time: 288518.9952800003
node_cons: 13933.218105607157
tot_aggregated_send: 8874
tot_msg_rcv: 778
tot_msg_sent: 1144
tot_reconf_duration: 25.299999999999997
tot_sleeping_duration: 666722.7215999946
tot_uptimes: 174
tot_uptimes_duration: 10380.030400005344
