comms_cons: 132.45918721204407
finished_reconf: true
global_termination_time: 275458.3864400003
local_termination_time: 1784.2634800000023
node_cons: 16628.568164721055
tot_aggregated_send: 0
tot_msg_rcv: 8155
tot_msg_sent: 11975
tot_reconf_duration: 18.21
tot_sleeping_duration: 263058.20795999956
tot_uptimes: 204
tot_uptimes_duration: 12400.178480000772
