comms_cons: 27.40424960005439
finished_reconf: true
global_termination_time: 279985.692
local_termination_time: 54299.55436000002
node_cons: 5738.505541119161
tot_aggregated_send: 3886
tot_msg_rcv: 70
tot_msg_sent: 209
tot_reconf_duration: 25.299999999999997
tot_sleeping_duration: 275725.68592000066
tot_uptimes: 72
tot_uptimes_duration: 4260.006079999366
