comms_cons: 28.159603200379784
finished_reconf: true
global_termination_time: 275518.483
local_termination_time: 147046.0134000008
node_cons: 5634.795271642363
tot_aggregated_send: 3654
tot_msg_rcv: 226
tot_msg_sent: 400
tot_reconf_duration: 8.09
tot_sleeping_duration: 271318.47623999824
tot_uptimes: 71
tot_uptimes_duration: 4200.006760001765
