comms_cons: 27.981337600388727
finished_reconf: true
global_termination_time: 278469.524
local_termination_time: 185052.70344000024
node_cons: 5724.6593800000255
tot_aggregated_send: 3886
tot_msg_rcv: 148
tot_msg_sent: 218
tot_reconf_duration: 15.110000000000001
tot_sleeping_duration: 274209.524
tot_uptimes: 72
tot_uptimes_duration: 4260.0
