comms_cons: 107.69918719118212
finished_reconf: true
global_termination_time: 1056487.112
local_termination_time: 578771.5533599999
node_cons: 21700.385388512994
tot_aggregated_send: 14094
tot_msg_rcv: 705
tot_msg_sent: 1570
tot_reconf_duration: 6.279999999999999
tot_sleeping_duration: 1040287.0693200052
tot_uptimes: 271
tot_uptimes_duration: 16200.042679994716
