comms_cons: 108.39294718791403
finished_reconf: true
global_termination_time: 1054565.813
local_termination_time: 264246.19248000096
node_cons: 21702.917797193193
tot_aggregated_send: 13804
tot_msg_rcv: 811
tot_msg_sent: 1860
tot_reconf_duration: 6.22
tot_sleeping_duration: 1038363.8182000051
tot_uptimes: 271
tot_uptimes_duration: 16201.994799994922
