comms_cons: 83.33012480940377
finished_reconf: true
global_termination_time: 373824.9692400001
local_termination_time: 1448.8954800000024
node_cons: 7676.20301729626
tot_aggregated_send: 0
tot_msg_rcv: 7102
tot_msg_sent: 5560
tot_reconf_duration: 18.21
tot_sleeping_duration: 368110.649719988
tot_uptimes: 96
tot_uptimes_duration: 5714.319520012141
