comms_cons: 29.74519040016481
finished_reconf: true
global_termination_time: 300121.387
local_termination_time: 21885.904480000005
node_cons: 6116.524572720012
tot_aggregated_send: 4118
tot_msg_rcv: 116
tot_msg_sent: 288
tot_reconf_duration: 5.57
tot_sleeping_duration: 295559.05652
tot_uptimes: 77
tot_uptimes_duration: 4562.330480000004
