comms_cons: 103.98391039463327
finished_reconf: true
global_termination_time: 1057204.147
local_termination_time: 263790.3473600001
node_cons: 21699.380342238306
tot_aggregated_send: 14326
tot_msg_rcv: 374
tot_msg_sent: 1105
tot_reconf_duration: 5.57
tot_sleeping_duration: 1041004.1348400014
tot_uptimes: 271
tot_uptimes_duration: 16200.012159998703
