comms_cons: 107.53297279305603
finished_reconf: true
global_termination_time: 1053902.41824
local_termination_time: 130949.01035999997
node_cons: 21636.51404607946
tot_aggregated_send: 13978
tot_msg_rcv: 845
tot_msg_sent: 1520
tot_reconf_duration: 4.390000000000001
tot_sleeping_duration: 1037748.1595200005
tot_uptimes: 270
tot_uptimes_duration: 16154.258719999576
