comms_cons: 68.76579839793521
finished_reconf: true
global_termination_time: 669223.067
local_termination_time: 224456.48456000068
node_cons: 13744.720826719404
tot_aggregated_send: 8932
tot_msg_rcv: 530
tot_msg_sent: 990
tot_reconf_duration: 4.8100000000000005
tot_sleeping_duration: 658963.0305200005
tot_uptimes: 172
tot_uptimes_duration: 10260.036479999544
