comms_cons: 69.33840639979945
finished_reconf: true
global_termination_time: 668186.206
local_termination_time: 366310.13448000007
node_cons: 13755.299681121456
tot_aggregated_send: 8932
tot_msg_rcv: 657
tot_msg_sent: 950
tot_reconf_duration: 12.629999999999999
tot_sleeping_duration: 657926.1999199989
tot_uptimes: 172
tot_uptimes_duration: 10260.006080001069
