comms_cons: 67.52282880004057
finished_reconf: true
global_termination_time: 669789.962
local_termination_time: 428492.8393600001
node_cons: 13742.290041116916
tot_aggregated_send: 9106
tot_msg_rcv: 346
tot_msg_sent: 811
tot_reconf_duration: 3.05
tot_sleeping_duration: 659529.9559200024
tot_uptimes: 172
tot_uptimes_duration: 10260.006079997635
