comms_cons: 132.8530047817876
finished_reconf: true
global_termination_time: 670711.075
local_termination_time: 276893.01236000005
node_cons: 13748.76770112146
tot_aggregated_send: 0
tot_msg_rcv: 10275
tot_msg_sent: 9918
tot_reconf_duration: 7.819999999999999
tot_sleeping_duration: 660451.068919999
tot_uptimes: 172
tot_uptimes_duration: 10260.006080001069
