comms_cons: 68.3268735996147
finished_reconf: true
global_termination_time: 669161.75
local_termination_time: 145710.59340000083
node_cons: 13753.53968560257
tot_aggregated_send: 8990
tot_msg_rcv: 483
tot_msg_sent: 913
tot_reconf_duration: 11.31
tot_sleeping_duration: 658901.7195999981
tot_uptimes: 172
tot_uptimes_duration: 10260.03040000191
