comms_cons: 114.55359359726357
finished_reconf: true
global_termination_time: 1155071.125
local_termination_time: 105128.67483999993
node_cons: 23708.828240000035
tot_aggregated_send: 16414
tot_msg_rcv: 305
tot_msg_sent: 691
tot_reconf_duration: 6.279999999999999
tot_sleeping_duration: 1137371.125
tot_uptimes: 296
tot_uptimes_duration: 17700.0
