comms_cons: 112.78064640021216
finished_reconf: true
global_termination_time: 1154177.908
local_termination_time: 200321.1185600007
node_cons: 23706.831980000035
tot_aggregated_send: 16994
tot_msg_rcv: 36
tot_msg_sent: 112
tot_reconf_duration: 4.8100000000000005
tot_sleeping_duration: 1136477.908
tot_uptimes: 296
tot_uptimes_duration: 17700.0
