comms_cons: 113.99779839537891
finished_reconf: true
global_termination_time: 1152722.635
local_termination_time: 519055.6506000001
node_cons: 23721.13172000007
tot_aggregated_send: 16646
tot_msg_rcv: 231
tot_msg_sent: 450
tot_reconf_duration: 15.34
tot_sleeping_duration: 1135022.635
tot_uptimes: 296
tot_uptimes_duration: 17700.0
