comms_cons: 622.8680830649784
finished_reconf: true
global_termination_time: 722866.1222799992
local_termination_time: 722866.0811599992
node_cons: 71626.66878944557
tot_aggregated_send: 0
tot_msg_rcv: 43027
tot_msg_sent: 51640
tot_reconf_duration: 37.410000000000004
tot_sleeping_duration: 669411.4053199941
tot_uptimes: 860
tot_uptimes_duration: 53454.716960005215
