comms_cons: 72.88500479803663
finished_reconf: true
global_termination_time: 722940.207
local_termination_time: 135558.0031200009
node_cons: 14885.098125919503
tot_aggregated_send: 10092
tot_msg_rcv: 352
tot_msg_sent: 635
tot_reconf_duration: 11.899999999999999
tot_sleeping_duration: 711835.6977200004
tot_uptimes: 186
tot_uptimes_duration: 11104.50927999962
