comms_cons: 72.31627520093613
finished_reconf: true
global_termination_time: 725484.265
local_termination_time: 8671.91084
node_cons: 14883.748002242883
tot_aggregated_send: 9686
tot_msg_rcv: 466
tot_msg_sent: 840
tot_reconf_duration: 15.34
tot_sleeping_duration: 714384.2528399979
tot_uptimes: 186
tot_uptimes_duration: 11100.012160002138
