comms_cons: 180.51351038761163
finished_reconf: true
global_termination_time: 1804805.202
local_termination_time: 94816.52735999998
node_cons: 37147.87940558863
tot_aggregated_send: 24998
tot_msg_rcv: 768
tot_msg_sent: 1671
tot_reconf_duration: 22.65
tot_sleeping_duration: 1777085.1716000084
tot_uptimes: 463
tot_uptimes_duration: 27720.030399991607
