comms_cons: 177.2370687954758
finished_reconf: true
global_termination_time: 1802965.814
local_termination_time: 934023.3878799981
node_cons: 37047.36770111678
tot_aggregated_send: 25346
tot_msg_rcv: 584
tot_msg_sent: 1009
tot_reconf_duration: 7.819999999999999
tot_sleeping_duration: 1775305.8079200024
tot_uptimes: 462
tot_uptimes_duration: 27660.006079997627
