comms_cons: 163.66480639171957
finished_reconf: true
global_termination_time: 1637529.945
local_termination_time: 204700.523
node_cons: 33668.695881761385
tot_aggregated_send: 23256
tot_msg_rcv: 632
tot_msg_sent: 989
tot_reconf_duration: 3.05
tot_sleeping_duration: 1612388.381159999
tot_uptimes: 420
tot_uptimes_duration: 25141.563840001036
