comms_cons: 109.69671680990609
finished_reconf: true
global_termination_time: 554171.116
local_termination_time: 1668.4593600000003
node_cons: 11335.520342242877
tot_aggregated_send: 0
tot_msg_rcv: 8485
tot_msg_sent: 8185
tot_reconf_duration: 5.57
tot_sleeping_duration: 545711.1038399979
tot_uptimes: 142
tot_uptimes_duration: 8460.012160002138
