comms_cons: 110.26607361017822
finished_reconf: true
global_termination_time: 553617.033
local_termination_time: 1212.6583600000001
node_cons: 11338.958784483459
tot_aggregated_send: 0
tot_msg_rcv: 8578
tot_msg_sent: 8181
tot_reconf_duration: 8.09
tot_sleeping_duration: 545157.0086799974
tot_uptimes: 142
tot_uptimes_duration: 8460.024320002572
