comms_cons: 55.71266560057359
finished_reconf: true
global_termination_time: 553146.439
local_termination_time: 295450.62136000005
node_cons: 11344.108341121399
tot_aggregated_send: 7540
tot_msg_rcv: 298
tot_msg_sent: 630
tot_reconf_duration: 11.899999999999999
tot_sleeping_duration: 544686.432919999
tot_uptimes: 142
tot_uptimes_duration: 8460.006080001069
