comms_cons: 254.5492479864796
finished_reconf: true
global_termination_time: 2513628.337
local_termination_time: 1119756.703119999
node_cons: 51666.21662446666
tot_aggregated_send: 34510
tot_msg_rcv: 1395
tot_msg_sent: 2785
tot_reconf_duration: 5.57
tot_sleeping_duration: 2475048.3126800093
tot_uptimes: 644
tot_uptimes_duration: 38580.02431999054
