comms_cons: 251.2207999872117
finished_reconf: true
global_termination_time: 2513521.114
local_termination_time: 1121427.6768399996
node_cons: 51662.77818223264
tot_aggregated_send: 35148
tot_msg_rcv: 1117
tot_msg_sent: 1920
tot_reconf_duration: 3.05
tot_sleeping_duration: 2474941.101840005
tot_uptimes: 644
tot_uptimes_duration: 38580.01215999527
