comms_cons: 174.73559039603947
finished_reconf: true
global_termination_time: 600578.98948
local_termination_time: 1797.8804800000023
node_cons: 24424.40511171992
tot_aggregated_send: 0
tot_msg_rcv: 8944
tot_msg_sent: 17610
tot_reconf_duration: 5.57
tot_sleeping_duration: 582343.8580000001
tot_uptimes: 303
tot_uptimes_duration: 18235.13147999991
