comms_cons: 59.59439360030377
finished_reconf: true
global_termination_time: 603169.793
local_termination_time: 1799.6123600000005
node_cons: 12376.501900000017
tot_aggregated_send: 8758
tot_msg_rcv: 128
tot_msg_sent: 172
tot_reconf_duration: 3.05
tot_sleeping_duration: 593929.793
tot_uptimes: 155
tot_uptimes_duration: 9240.0
