comms_cons: 167.48669439280093
finished_reconf: true
global_termination_time: 1713456.402
local_termination_time: 1110265.1460399982
node_cons: 35194.88161999981
tot_aggregated_send: 23548
tot_msg_rcv: 637
tot_msg_sent: 1272
tot_reconf_duration: 4.390000000000001
tot_sleeping_duration: 1687176.402
tot_uptimes: 439
tot_uptimes_duration: 26280.0
