comms_cons: 166.43402239597324
finished_reconf: true
global_termination_time: 1713147.776
local_termination_time: 1195194.48636
node_cons: 35204.278980000025
tot_aggregated_send: 24592
tot_msg_rcv: 234
tot_msg_sent: 471
tot_reconf_duration: 11.31
tot_sleeping_duration: 1686867.776
tot_uptimes: 439
tot_uptimes_duration: 26280.0
