comms_cons: 103.81157760056631
finished_reconf: true
global_termination_time: 1067757.065
local_termination_time: 866134.1933599999
node_cons: 21941.266760000155
tot_aggregated_send: 15138
tot_msg_rcv: 226
tot_msg_sent: 414
tot_reconf_duration: 6.22
tot_sleeping_duration: 1051377.065
tot_uptimes: 274
tot_uptimes_duration: 16380.0
