comms_cons: 151.35850878445532
finished_reconf: true
global_termination_time: 1461432.974
local_termination_time: 443429.4153600001
node_cons: 30077.95126447201
tot_aggregated_send: 19720
tot_msg_rcv: 1328
tot_msg_sent: 1957
tot_reconf_duration: 22.65
tot_sleeping_duration: 1438992.949680006
tot_uptimes: 375
tot_uptimes_duration: 22440.024319993972
