comms_cons: 428.6004220865458
finished_reconf: true
global_termination_time: 2760132.422
local_termination_time: 1349336.6046799994
node_cons: 56726.60454446643
tot_aggregated_send: 0
tot_msg_rcv: 33231
tot_msg_sent: 31915
tot_reconf_duration: 4.8100000000000005
tot_sleeping_duration: 2717772.3976800092
tot_uptimes: 707
tot_uptimes_duration: 42360.02431999054
