comms_cons: 241.00234879036324
finished_reconf: true
global_termination_time: 2458827.216
local_termination_time: 219359.78652000037
node_cons: 50564.634982232936
tot_aggregated_send: 34626
tot_msg_rcv: 678
tot_msg_sent: 1326
tot_reconf_duration: 22.65
tot_sleeping_duration: 2421087.2038400047
tot_uptimes: 630
tot_uptimes_duration: 37740.01215999527
