comms_cons: 238.98286079417474
finished_reconf: true
global_termination_time: 2456648.997
local_termination_time: 1514677.0863599998
node_cons: 50549.21897999936
tot_aggregated_send: 35090
tot_msg_rcv: 415
tot_msg_sent: 819
tot_reconf_duration: 11.31
tot_sleeping_duration: 2418908.997
tot_uptimes: 630
tot_uptimes_duration: 37740.0
