comms_cons: 93.66960639089187
finished_reconf: true
global_termination_time: 894851.277
local_termination_time: 302284.8143600001
node_cons: 18405.472906710227
tot_aggregated_send: 11484
tot_msg_rcv: 950
tot_msg_sent: 1804
tot_reconf_duration: 5.57
tot_sleeping_duration: 881111.2405200073
tot_uptimes: 230
tot_uptimes_duration: 13740.036479992676
