comms_cons: 88.91033599668455
finished_reconf: true
global_termination_time: 895113.494
local_termination_time: 362514.7002400005
node_cons: 18415.774157313866
tot_aggregated_send: 11832
tot_msg_rcv: 644
tot_msg_sent: 1037
tot_reconf_duration: 13.17
tot_sleeping_duration: 881373.4721200046
tot_uptimes: 230
tot_uptimes_duration: 13740.021879995416
