comms_cons: 92.10257279307721
finished_reconf: true
global_termination_time: 895009.7
local_termination_time: 313690.5402000002
node_cons: 18408.88692559804
tot_aggregated_send: 11658
tot_msg_rcv: 835
tot_msg_sent: 1506
tot_reconf_duration: 8.09
tot_sleeping_duration: 881269.6696000015
tot_uptimes: 230
tot_uptimes_duration: 13740.03039999849
