comms_cons: 93.40013439095668
finished_reconf: true
global_termination_time: 896460.898
local_termination_time: 374310.31336000003
node_cons: 18410.30465007449
tot_aggregated_send: 11484
tot_msg_rcv: 911
tot_msg_sent: 1801
tot_reconf_duration: 9.11
tot_sleeping_duration: 882720.8432800041
tot_uptimes: 230
tot_uptimes_duration: 13740.054719995882
