comms_cons: 90.65259519856887
finished_reconf: true
global_termination_time: 895369.075
local_termination_time: 449370.4239600001
node_cons: 18414.036482238243
tot_aggregated_send: 12470
tot_msg_rcv: 505
tot_msg_sent: 803
tot_reconf_duration: 11.899999999999999
tot_sleeping_duration: 881629.0628400012
tot_uptimes: 230
tot_uptimes_duration: 13740.012159998703
