comms_cons: 178.035494329047
finished_reconf: true
global_termination_time: 893536.7659999991
local_termination_time: 3151.7743600000003
node_cons: 18370.40460647994
tot_aggregated_send: 0
tot_msg_rcv: 13796
tot_msg_sent: 13262
tot_reconf_duration: 3.05
tot_sleeping_duration: 879820.3636799991
tot_uptimes: 229
tot_uptimes_duration: 13716.402319999936
