comms_cons: 92.07493119381147
finished_reconf: true
global_termination_time: 897824.977
local_termination_time: 394973.1864000008
node_cons: 18405.27464559337
tot_aggregated_send: 11832
tot_msg_rcv: 709
tot_msg_sent: 1453
tot_reconf_duration: 5.43
tot_sleeping_duration: 884084.9466000049
tot_uptimes: 230
tot_uptimes_duration: 13740.03039999504
