comms_cons: 212.62658559289497
finished_reconf: true
global_termination_time: 2193843.172
local_termination_time: 1297916.5694799998
node_cons: 45076.70976111621
tot_aggregated_send: 30914
tot_msg_rcv: 473
tot_msg_sent: 931
tot_reconf_duration: 4.390000000000001
tot_sleeping_duration: 2160183.165920002
tot_uptimes: 562
tot_uptimes_duration: 33660.006079997635
