comms_cons: 214.87009278872156
finished_reconf: true
global_termination_time: 2193124.365
local_termination_time: 1123895.259999999
node_cons: 45081.37584223327
tot_aggregated_send: 30508
tot_msg_rcv: 701
tot_msg_sent: 1450
tot_reconf_duration: 7.819999999999999
tot_sleeping_duration: 2159464.352840005
tot_uptimes: 562
tot_uptimes_duration: 33660.01215999527
