comms_cons: 262.1706431865226
finished_reconf: true
global_termination_time: 2685863.613
local_termination_time: 448478.8222000006
node_cons: 55199.57418446635
tot_aggregated_send: 37468
tot_msg_rcv: 693
tot_msg_sent: 1687
tot_reconf_duration: 4.390000000000001
tot_sleeping_duration: 2644643.5886800094
tot_uptimes: 688
tot_uptimes_duration: 41220.02431999054
