comms_cons: 77.82661120947144
finished_reconf: true
global_termination_time: 567270.831
local_termination_time: 97174.22411999946
node_cons: 11656.70650448575
tot_aggregated_send: 0
tot_msg_rcv: 6135
tot_msg_sent: 5696
tot_reconf_duration: 5.43
tot_sleeping_duration: 558570.8066799957
tot_uptimes: 146
tot_uptimes_duration: 8700.024320004275
