comms_cons: 231.33845759750074
finished_reconf: true
global_termination_time: 2345576.866
local_termination_time: 911451.977
node_cons: 48211.38208111612
tot_aggregated_send: 33870
tot_msg_rcv: 423
tot_msg_sent: 869
tot_reconf_duration: 5.43
tot_sleeping_duration: 2309576.8599200025
tot_uptimes: 601
tot_uptimes_duration: 36000.006079997635
