comms_cons: 194.4705856227539
finished_reconf: true
global_termination_time: 405304.5546000001
local_termination_time: 405304.5134800001
node_cons: 24317.484301167213
tot_aggregated_send: 0
tot_msg_rcv: 12047
tot_msg_sent: 17510
tot_reconf_duration: 37.410000000000004
tot_sleeping_duration: 387181.56615999475
tot_uptimes: 292
tot_uptimes_duration: 18122.988440005356
