comms_cons: 40.93578240046017
finished_reconf: true
global_termination_time: 406849.192
local_termination_time: 29389.789
node_cons: 8371.528341120298
tot_aggregated_send: 5620
tot_msg_rcv: 201
tot_msg_sent: 401
tot_reconf_duration: 11.899999999999999
tot_sleeping_duration: 400609.1859199998
tot_uptimes: 105
tot_uptimes_duration: 6240.0060800002175
