comms_cons: 43.33051520071059
finished_reconf: true
global_termination_time: 406401.239
local_termination_time: 50884.07360000011
node_cons: 8361.91640336202
tot_aggregated_send: 5162
tot_msg_rcv: 553
tot_msg_sent: 870
tot_reconf_duration: 4.8100000000000005
tot_sleeping_duration: 400161.2207599985
tot_uptimes: 105
tot_uptimes_duration: 6240.018240001504
