comms_cons: 41.38316800079299
finished_reconf: true
global_termination_time: 407438.053
local_termination_time: 20746.344280000005
node_cons: 8359.518182242875
tot_aggregated_send: 5452
tot_msg_rcv: 258
tot_msg_sent: 580
tot_reconf_duration: 3.05
tot_sleeping_duration: 401198.0408399979
tot_uptimes: 105
tot_uptimes_duration: 6240.0121600021375
