comms_cons: 41.514752000899335
finished_reconf: true
global_termination_time: 406641.618
local_termination_time: 38254.06660000002
node_cons: 8365.98770111916
tot_aggregated_send: 5452
tot_msg_rcv: 284
tot_msg_sent: 574
tot_reconf_duration: 7.819999999999999
tot_sleeping_duration: 400401.61192000064
tot_uptimes: 105
tot_uptimes_duration: 6240.006079999366
