comms_cons: 283.33337600968315
finished_reconf: false
global_termination_time: 2809642.091
local_termination_time: 0
node_cons: 57952.32186198385
tot_aggregated_send: 38969
tot_msg_rcv: 1372
tot_msg_sent: 2723
tot_reconf_duration: 79.08
tot_sleeping_duration: 2766441.9930000114
tot_uptimes: 720
tot_uptimes_duration: 43200.09799998875
