comms_cons: 268.0410496333391
finished_reconf: true
global_termination_time: 2808708.883
local_termination_time: 4369.624
node_cons: 57879.26605914386
tot_aggregated_send: 38835
tot_msg_rcv: 702
tot_msg_sent: 1203
tot_reconf_duration: 25.35
tot_sleeping_duration: 2765508.852560011
tot_uptimes: 720
tot_uptimes_duration: 43200.03043998871
