comms_cons: 269.84119043143335
finished_reconf: true
global_termination_time: 2808596.115
local_termination_time: 137.49711999999997
node_cons: 57854.891298147246
tot_aggregated_send: 38918
tot_msg_rcv: 716
tot_msg_sent: 1380
tot_reconf_duration: 7.3999999999999995
tot_sleeping_duration: 2765396.083560009
tot_uptimes: 720
tot_uptimes_duration: 43200.03143999124
