comms_cons: 282.3362432424018
finished_reconf: true
global_termination_time: 2808929.096
local_termination_time: 5511.717
node_cons: 57861.48975116824
tot_aggregated_send: 38325
tot_msg_rcv: 1549
tot_msg_sent: 3039
tot_reconf_duration: 12.23
tot_sleeping_duration: 2765729.0352000226
tot_uptimes: 720
tot_uptimes_duration: 43200.060799977044
