comms_cons: 196.30359038618195
finished_reconf: true
global_termination_time: 1950702.406
local_termination_time: 904876.1543599999
node_cons: 40098.1963811166
tot_aggregated_send: 26564
tot_msg_rcv: 1184
tot_msg_sent: 2089
tot_reconf_duration: 6.279999999999999
tot_sleeping_duration: 1920762.3999200023
tot_uptimes: 500
tot_uptimes_duration: 29940.006079997635
