comms_cons: 193.6982271898652
finished_reconf: true
global_termination_time: 1950039.769
local_termination_time: 545227.57136
node_cons: 40124.04996446713
tot_aggregated_send: 27492
tot_msg_rcv: 517
tot_msg_sent: 1432
tot_reconf_duration: 25.299999999999997
tot_sleeping_duration: 1920099.7446800095
tot_uptimes: 500
tot_uptimes_duration: 29940.024319990538
