comms_cons: 293.73496298791264
finished_reconf: true
global_termination_time: 1948263.276
local_termination_time: 1199280.6326
node_cons: 40019.94770111665
tot_aggregated_send: 0
tot_msg_rcv: 22459
tot_msg_sent: 22187
tot_reconf_duration: 7.819999999999999
tot_sleeping_duration: 1918383.2699200024
tot_uptimes: 499
tot_uptimes_duration: 29880.006079997627
