comms_cons: 1049.8251650007044
finished_reconf: true
global_termination_time: 10592257.538
local_termination_time: 2940795.0313600004
node_cons: 217889.7010478124
tot_aggregated_send: 147262
tot_msg_rcv: 4075
tot_msg_sent: 8231
tot_reconf_duration: 5.57
tot_sleeping_duration: 10429537.495440016
tot_uptimes: 2713
tot_uptimes_duration: 162720.04255998507
