comms_cons: 1051.5806146218788
finished_reconf: true
global_termination_time: 10593243.693
local_termination_time: 2950364.294479998
node_cons: 217891.5783938805
tot_aggregated_send: 147668
tot_msg_rcv: 3975
tot_msg_sent: 8189
tot_reconf_duration: 5.1
tot_sleeping_duration: 10430521.771720024
tot_uptimes: 2713
tot_uptimes_duration: 162721.92127997638
