comms_cons: 1066.6155907293687
finished_reconf: true
global_termination_time: 10589528.088
local_termination_time: 357567.4021600003
node_cons: 217807.78303116676
tot_aggregated_send: 146566
tot_msg_rcv: 5217
tot_msg_sent: 10337
tot_reconf_duration: 4.390000000000001
tot_sleeping_duration: 10426868.027200019
tot_uptimes: 2712
tot_uptimes_duration: 162660.06079998118
