comms_cons: 55.27843840046103
finished_reconf: true
global_termination_time: 556002.756
local_termination_time: 146995.05936000004
node_cons: 11414.828262242874
tot_aggregated_send: 7598
tot_msg_rcv: 216
tot_msg_sent: 588
tot_reconf_duration: 4.8100000000000005
tot_sleeping_duration: 547482.7438399979
tot_uptimes: 143
tot_uptimes_duration: 8520.012160002138
