comms_cons: 56.0422527999865
finished_reconf: true
global_termination_time: 554705.525
local_termination_time: 310706.23444000067
node_cons: 11415.678363359699
tot_aggregated_send: 7714
tot_msg_rcv: 284
tot_msg_sent: 520
tot_reconf_duration: 5.43
tot_sleeping_duration: 546185.5067600003
tot_uptimes: 143
tot_uptimes_duration: 8520.018239999772
