comms_cons: 578.5616897473984
finished_reconf: true
global_termination_time: 5717730.275
local_termination_time: 402522.22212000046
node_cons: 117622.01591005342
tot_aggregated_send: 78764
tot_msg_rcv: 3016
tot_msg_sent: 6158
tot_reconf_duration: 3.08
tot_sleeping_duration: 5629890.220280018
tot_uptimes: 1465
tot_uptimes_duration: 87840.05471998284
