comms_cons: 573.7267905120731
finished_reconf: true
global_termination_time: 5716438.48
local_termination_time: 2008188.3520000002
node_cons: 117561.70894733911
tot_aggregated_send: 79456
tot_msg_rcv: 2346
tot_msg_sent: 5400
tot_reconf_duration: 10.95
tot_sleeping_duration: 5628651.445760014
tot_uptimes: 1464
tot_uptimes_duration: 87787.03423998691
