comms_cons: 574.1929089335284
finished_reconf: true
global_termination_time: 5715904.052
local_termination_time: 421414.3381200009
node_cons: 117558.06760150097
tot_aggregated_send: 79228
tot_msg_rcv: 2934
tot_msg_sent: 5114
tot_reconf_duration: 11.31
tot_sleeping_duration: 5628120.102320012
tot_uptimes: 1464
tot_uptimes_duration: 87783.9496799885
