comms_cons: 63.5497471992719
finished_reconf: true
global_termination_time: 622485.527
local_termination_time: 165187.87936000002
node_cons: 12784.728406723973
tot_aggregated_send: 8468
tot_msg_rcv: 437
tot_msg_sent: 755
tot_reconf_duration: 7.819999999999999
tot_sleeping_duration: 612945.490519997
tot_uptimes: 160
tot_uptimes_duration: 9540.036480002978
