comms_cons: 2.2698239999924996
finished_reconf: true
global_termination_time: 14017.697
local_termination_time: 9694.511359999999
node_cons: 249.5482399999984
tot_aggregated_send: 0
tot_msg_rcv: 176
tot_msg_sent: 169
tot_reconf_duration: 6.279999999999999
tot_sleeping_duration: 13837.697
tot_uptimes: 4
tot_uptimes_duration: 180.0
