comms_cons: 2.250086399992565
finished_reconf: true
global_termination_time: 13447.228
local_termination_time: 5529.79536
node_cons: 258.9048600000001
tot_aggregated_send: 0
tot_msg_rcv: 179
tot_msg_sent: 162
tot_reconf_duration: 13.17
tot_sleeping_duration: 13267.228
tot_uptimes: 4
tot_uptimes_duration: 180.0
