comms_cons: 81.94960639583529
finished_reconf: true
global_termination_time: 805646.8264799998
local_termination_time: 805646.7853599999
node_cons: 16619.233784326974
tot_aggregated_send: 10936
tot_msg_rcv: 517
tot_msg_sent: 1002
tot_reconf_duration: 37.410000000000004
tot_sleeping_duration: 793273.0915999946
tot_uptimes: 207
tot_uptimes_duration: 12373.734880005184
