comms_cons: 81.9307775970724
finished_reconf: true
global_termination_time: 806404.968
local_termination_time: 483736.12532000017
node_cons: 16567.941142242864
tot_aggregated_send: 10556
tot_msg_rcv: 568
tot_msg_sent: 1329
tot_reconf_duration: 13.17
tot_sleeping_duration: 794044.9558399979
tot_uptimes: 207
tot_uptimes_duration: 12360.012160002138
