comms_cons: 204.32363519068366
finished_reconf: true
global_termination_time: 2060845.9144799998
local_termination_time: 2060845.8733599999
node_cons: 42390.9398009577
tot_aggregated_send: 29624
tot_msg_rcv: 495
tot_msg_sent: 936
tot_reconf_duration: 24.59
tot_sleeping_duration: 2029212.1978400012
tot_uptimes: 528
tot_uptimes_duration: 31633.716639998544
