comms_cons: 10.658931199973969
finished_reconf: true
global_termination_time: 103189.471
local_termination_time: 37098.79112000019
node_cons: 2101.3867559194127
tot_aggregated_send: 1218
tot_msg_rcv: 116
tot_msg_sent: 287
tot_reconf_duration: 7.819999999999999
tot_sleeping_duration: 101628.03172000045
tot_uptimes: 27
tot_uptimes_duration: 1561.4392799995621
