comms_cons: 10.631987199994747
finished_reconf: true
global_termination_time: 102970.32239999973
local_termination_time: 17085.847360000003
node_cons: 2141.5430666396383
tot_aggregated_send: 1334
tot_msg_rcv: 93
tot_msg_sent: 189
tot_reconf_duration: 6.22
tot_sleeping_duration: 101377.27064
tot_uptimes: 27
tot_uptimes_duration: 1593.051759999733
