comms_cons: 36.63298560024943
finished_reconf: true
global_termination_time: 374494.572
local_termination_time: 204133.34616000077
node_cons: 7636.482639999992
tot_aggregated_send: 5394
tot_msg_rcv: 60
tot_msg_sent: 114
tot_reconf_duration: 3.08
tot_sleeping_duration: 368794.572
tot_uptimes: 96
tot_uptimes_duration: 5700.0
