comms_cons: 36.2783360000942
finished_reconf: true
global_termination_time: 370646.714
local_termination_time: 44154.172
node_cons: 7574.800792080279
tot_aggregated_send: 5274
tot_msg_rcv: 67
tot_msg_sent: 174
tot_reconf_duration: 10.95
tot_sleeping_duration: 365000.76127999974
tot_uptimes: 95
tot_uptimes_duration: 5645.952720000205
