comms_cons: 36.76519680017041
finished_reconf: true
global_termination_time: 370209.404
local_termination_time: 97275.65447999997
node_cons: 7559.333940000018
tot_aggregated_send: 5104
tot_msg_rcv: 141
tot_msg_sent: 343
tot_reconf_duration: 5.43
tot_sleeping_duration: 364569.404
tot_uptimes: 95
tot_uptimes_duration: 5640.0
