comms_cons: 81.39128319734971
finished_reconf: true
global_termination_time: 842632.115
local_termination_time: 4760.981000000001
node_cons: 17276.902365588783
tot_aggregated_send: 11712
tot_msg_rcv: 244
tot_msg_sent: 415
tot_reconf_duration: 2.77
tot_sleeping_duration: 829732.0846000083
tot_uptimes: 216
tot_uptimes_duration: 12900.030399991607
