comms_cons: 24.486252800365
finished_reconf: true
global_termination_time: 239984.444
local_termination_time: 156260.6841200005
node_cons: 4909.186760000005
tot_aggregated_send: 3190
tot_msg_rcv: 188
tot_msg_sent: 343
tot_reconf_duration: 6.22
tot_sleeping_duration: 236324.444
tot_uptimes: 62
tot_uptimes_duration: 3660.0
