comms_cons: 272.84600321975904
finished_reconf: true
global_termination_time: 2811020.768
local_termination_time: 5620.061000000001
node_cons: 57851.64972446661
tot_aggregated_send: 38797
tot_msg_rcv: 845
tot_msg_sent: 1829
tot_reconf_duration: 5.02
tot_sleeping_duration: 2767820.743680009
tot_uptimes: 720
tot_uptimes_duration: 43200.02431999077
