comms_cons: 264.93780480000595
finished_reconf: true
global_termination_time: 2811278.746
local_termination_time: 5698.713
node_cons: 57850.68013999896
tot_aggregated_send: 40247
tot_msg_rcv: 3
tot_msg_sent: 19
tot_reconf_duration: 4.33
tot_sleeping_duration: 2768078.746
tot_uptimes: 720
tot_uptimes_duration: 43200.0
