comms_cons: 2762.9780379054678
finished_reconf: true
global_termination_time: 9472959.578879997
local_termination_time: 9472959.578879997
node_cons: 386999.1257438255
tot_aggregated_send: 0
tot_msg_rcv: 140695
tot_msg_sent: 279263
tot_reconf_duration: 37.410000000000004
tot_sleeping_duration: 9183976.51468
tot_uptimes: 4783
tot_uptimes_duration: 288983.06419999734
