comms_cons: 935.268749000709
finished_reconf: true
global_termination_time: 9476670.419
local_termination_time: 5427618.801759998
node_cons: 194915.87506669565
tot_aggregated_send: 131486
tot_msg_rcv: 3644
tot_msg_sent: 7025
tot_reconf_duration: 8.09
tot_sleeping_duration: 9331110.382520013
tot_uptimes: 2427
tot_uptimes_duration: 145560.0364799872
