comms_cons: 953.766176315241
finished_reconf: true
global_termination_time: 9472960.384119997
local_termination_time: 428726.37560000055
node_cons: 194877.06597531092
tot_aggregated_send: 131602
tot_msg_rcv: 4490
tot_msg_sent: 8873
tot_reconf_duration: 22.65
tot_sleeping_duration: 9327444.097880028
tot_uptimes: 2426
tot_uptimes_duration: 145516.28623996855
