comms_cons: 937.5818370306157
finished_reconf: true
global_termination_time: 9473080.8
local_termination_time: 5776912.81236
node_cons: 194837.33306557863
tot_aggregated_send: 131602
tot_msg_rcv: 3776
tot_msg_sent: 7127
tot_reconf_duration: 9.42
tot_sleeping_duration: 9327580.769600011
tot_uptimes: 2426
tot_uptimes_duration: 145500.03039998934
