comms_cons: 928.4589569914957
finished_reconf: true
global_termination_time: 9474325.397
local_termination_time: 5997202.8319999995
node_cons: 194931.26445165745
tot_aggregated_send: 130674
tot_msg_rcv: 3247
tot_msg_sent: 7195
tot_reconf_duration: 18.700000000000003
tot_sleeping_duration: 9328764.62788001
tot_uptimes: 2427
tot_uptimes_duration: 145560.76911998913
