comms_cons: 948.8088834723748
finished_reconf: true
global_termination_time: 9473027.428
local_termination_time: 1536345.0393599998
node_cons: 194839.94039116392
tot_aggregated_send: 131776
tot_msg_rcv: 4252
tot_msg_sent: 8184
tot_reconf_duration: 11.31
tot_sleeping_duration: 9327527.36720002
tot_uptimes: 2426
tot_uptimes_duration: 145500.0607999782
