comms_cons: 75.31210239945173
finished_reconf: true
global_termination_time: 742505.2348799991
local_termination_time: 742505.1937599991
node_cons: 15344.508794561614
tot_aggregated_send: 10310
tot_msg_rcv: 410
tot_msg_sent: 726
tot_reconf_duration: 24.59
tot_sleeping_duration: 731070.4958399979
tot_uptimes: 191
tot_uptimes_duration: 11434.73904000118
