comms_cons: 74.11896959876952
finished_reconf: true
global_termination_time: 743130.516
local_termination_time: 275158.3681600008
node_cons: 15268.750041121517
tot_aggregated_send: 10150
tot_msg_rcv: 382
tot_msg_sent: 733
tot_reconf_duration: 3.05
tot_sleeping_duration: 731730.5099199989
tot_uptimes: 191
tot_uptimes_duration: 11400.006080001069
