comms_cons: 2.276403199995003
finished_reconf: true
global_termination_time: 13083.818
local_termination_time: 4753.88836
node_cons: 248.58405999999962
tot_aggregated_send: 0
tot_msg_rcv: 176
tot_msg_sent: 169
tot_reconf_duration: 5.57
tot_sleeping_duration: 12903.818
tot_uptimes: 4
tot_uptimes_duration: 180.0
