comms_cons: 2.539225599994373
finished_reconf: true
global_termination_time: 14550.716
local_termination_time: 7331.77436
node_cons: 248.3939400000004
tot_aggregated_send: 0
tot_msg_rcv: 216
tot_msg_sent: 169
tot_reconf_duration: 5.43
tot_sleeping_duration: 14370.716
tot_uptimes: 4
tot_uptimes_duration: 180.0
