comms_cons: 197.3915008257598
finished_reconf: true
global_termination_time: 408539.4986000001
local_termination_time: 408539.4574800001
node_cons: 24905.306169001087
tot_aggregated_send: 0
tot_msg_rcv: 12061
tot_msg_sent: 17942
tot_reconf_duration: 24.59
tot_sleeping_duration: 389964.5075999993
tot_uptimes: 306
tot_uptimes_duration: 18574.991000000773
