comms_cons: 80.35045121012857
finished_reconf: true
global_termination_time: 409539.0
local_termination_time: 3049.57036
node_cons: 8361.908262241732
tot_aggregated_send: 0
tot_msg_rcv: 6177
tot_msg_sent: 6034
tot_reconf_duration: 4.8100000000000005
tot_sleeping_duration: 403298.9878399987
tot_uptimes: 105
tot_uptimes_duration: 6240.012160001286
