comms_cons: 149.23086079009065
finished_reconf: true
global_termination_time: 1472188.477
local_termination_time: 438999.4924800001
node_cons: 30294.736403350544
tot_aggregated_send: 20358
tot_msg_rcv: 814
tot_msg_sent: 1510
tot_reconf_duration: 4.8100000000000005
tot_sleeping_duration: 1449568.458760007
tot_uptimes: 378
tot_uptimes_duration: 22620.018239992904
