comms_cons: 2.191500799995397
finished_reconf: true
global_termination_time: 13320.02248
local_termination_time: 13319.98136
node_cons: 292.77165984000686
tot_aggregated_send: 0
tot_msg_rcv: 164
tot_msg_sent: 168
tot_reconf_duration: 24.59
tot_sleeping_duration: 13126.311919999995
tot_uptimes: 4
tot_uptimes_duration: 193.710560000005
