comms_cons: 36.17902079991226
finished_reconf: true
global_termination_time: 9971.243360000006
local_termination_time: 3480.2794800000024
node_cons: 4810.9169801600165
tot_aggregated_send: 0
tot_msg_rcv: 2776
tot_msg_sent: 2722
tot_reconf_duration: 18.21
tot_sleeping_duration: 6396.793919999995
tot_uptimes: 48
tot_uptimes_duration: 3574.449440000011
