comms_cons: 2425.105509425127
finished_reconf: true
global_termination_time: 5017513.4706
local_termination_time: 5017513.4294799995
node_cons: 304377.59250329516
tot_aggregated_send: 0
tot_msg_rcv: 149020
tot_msg_sent: 219584
tot_reconf_duration: 37.410000000000004
tot_sleeping_duration: 4790234.314720021
tot_uptimes: 3723
tot_uptimes_duration: 227279.15587997896
