comms_cons: 503.57196807239626
finished_reconf: true
global_termination_time: 5020591.097
local_termination_time: 1299449.6653599998
node_cons: 103242.91046669909
tot_aggregated_send: 70644
tot_msg_rcv: 2006
tot_msg_sent: 3890
tot_reconf_duration: 4.390000000000001
tot_sleeping_duration: 4943491.060520013
tot_uptimes: 1286
tot_uptimes_duration: 77100.03647998674
