comms_cons: 505.88547211214575
finished_reconf: true
global_termination_time: 5020516.339
local_termination_time: 715221.6871999997
node_cons: 103245.40374781589
tot_aggregated_send: 69310
tot_msg_rcv: 2619
tot_msg_sent: 4962
tot_reconf_duration: 6.22
tot_sleeping_duration: 4943416.296440016
tot_uptimes: 1286
tot_uptimes_duration: 77100.04255998414
