comms_cons: 626.4673989982546
finished_reconf: true
global_termination_time: 3227039.308
local_termination_time: 1814885.9963199985
node_cons: 66369.40080446629
tot_aggregated_send: 0
tot_msg_rcv: 48002
tot_msg_sent: 47218
tot_reconf_duration: 6.279999999999999
tot_sleeping_duration: 3177479.2836800097
tot_uptimes: 827
tot_uptimes_duration: 49560.02431999077
