comms_cons: 323.9670144135267
finished_reconf: true
global_termination_time: 3229031.12
local_termination_time: 1622096.78
node_cons: 66373.0421390978
tot_aggregated_send: 44193
tot_msg_rcv: 1588
tot_msg_sent: 3461
tot_reconf_duration: 8.09
tot_sleeping_duration: 3179470.2119200155
tot_uptimes: 827
tot_uptimes_duration: 49560.908079984365
