comms_cons: 318.7096064015311
finished_reconf: true
global_termination_time: 3227016.165
local_termination_time: 1351728.8693599997
node_cons: 66381.40822669973
tot_aggregated_send: 44602
tot_msg_rcv: 1234
tot_msg_sent: 2606
tot_reconf_duration: 15.110000000000001
tot_sleeping_duration: 3177456.128520014
tot_uptimes: 827
tot_uptimes_duration: 49560.03647998604
