comms_cons: 559.6960128629794
finished_reconf: true
global_termination_time: 5683646.146
local_termination_time: 3044365.9879199984
node_cons: 116901.6420822305
tot_aggregated_send: 78880
tot_msg_rcv: 2085
tot_msg_sent: 4105
tot_reconf_duration: 5.1
tot_sleeping_duration: 5596346.133840004
tot_uptimes: 1456
tot_uptimes_duration: 87300.0121599955
