comms_cons: 553.7900480128634
finished_reconf: true
global_termination_time: 5685054.226
local_termination_time: 3984723.344799999
node_cons: 116912.58485999628
tot_aggregated_send: 82128
tot_msg_rcv: 633
tot_msg_sent: 1411
tot_reconf_duration: 13.17
tot_sleeping_duration: 5597754.226
tot_uptimes: 1456
tot_uptimes_duration: 87300.0
