comms_cons: 571.5955905338858
finished_reconf: true
global_termination_time: 5682656.029
local_termination_time: 934663.1593599999
node_cons: 116898.87446446474
tot_aggregated_send: 78706
tot_msg_rcv: 2903
tot_msg_sent: 5271
tot_reconf_duration: 3.05
tot_sleeping_duration: 5595356.00468001
tot_uptimes: 1456
tot_uptimes_duration: 87300.02431999124
