comms_cons: 241.92871677445876
finished_reconf: true
global_termination_time: 2363619.86
local_termination_time: 221912.50736000005
node_cons: 48636.58895787328
tot_aggregated_send: 31320
tot_msg_rcv: 2115
tot_msg_sent: 3336
tot_reconf_duration: 22.65
tot_sleeping_duration: 2327319.762720034
tot_uptimes: 606
tot_uptimes_duration: 36300.09727996559
