comms_cons: 242.83295359542194
finished_reconf: true
global_termination_time: 2361425.354
local_termination_time: 1182096.84336
node_cons: 48532.9810478176
tot_aggregated_send: 30914
tot_msg_rcv: 2041
tot_msg_sent: 3954
tot_reconf_duration: 5.57
tot_sleeping_duration: 2325185.311440016
tot_uptimes: 605
tot_uptimes_duration: 36240.042559983674
