comms_cons: 689.4151934194911
finished_reconf: true
global_termination_time: 2360771.6131599983
local_termination_time: 2360771.572039998
node_cons: 96655.24988017669
tot_aggregated_send: 0
tot_msg_rcv: 35082
tot_msg_sent: 69704
tot_reconf_duration: 37.410000000000004
tot_sleeping_duration: 2288624.9013600135
tot_uptimes: 1195
tot_uptimes_duration: 72146.7117999848
