comms_cons: 235.1539135916657
finished_reconf: true
global_termination_time: 2365510.835
local_termination_time: 84067.77799999999
node_cons: 48611.032573197714
tot_aggregated_send: 33871
tot_msg_rcv: 653
tot_msg_sent: 1217
tot_reconf_duration: 3.08
tot_sleeping_duration: 2329209.9762000013
tot_uptimes: 606
tot_uptimes_duration: 36300.858799998765
