comms_cons: 234.9629695950977
finished_reconf: true
global_termination_time: 2361872.833
local_termination_time: 393314.8522000002
node_cons: 48545.87937999935
tot_aggregated_send: 33640
tot_msg_rcv: 769
tot_msg_sent: 1304
tot_reconf_duration: 15.110000000000001
tot_sleeping_duration: 2325632.833
tot_uptimes: 605
tot_uptimes_duration: 36240.0
