comms_cons: 485.196236748369
finished_reconf: true
global_termination_time: 2797298.418
local_termination_time: 631108.3415999998
node_cons: 57554.21498223267
tot_aggregated_send: 0
tot_msg_rcv: 37469
tot_msg_sent: 36281
tot_reconf_duration: 22.65
tot_sleeping_duration: 2754338.405840005
tot_uptimes: 717
tot_uptimes_duration: 42960.01215999527
