comms_cons: 264.56277758058263
finished_reconf: true
global_termination_time: 2799512.385
local_termination_time: 1276491.46936
node_cons: 57532.00894558317
tot_aggregated_send: 37004
tot_msg_rcv: 1153
tot_msg_sent: 2054
tot_reconf_duration: 6.279999999999999
tot_sleeping_duration: 2756552.354600012
tot_uptimes: 717
tot_uptimes_duration: 42960.03039998817
