comms_cons: 275.8658560021414
finished_reconf: true
global_termination_time: 2796187.989
local_termination_time: 719729.9213599999
node_cons: 57541.32485999903
tot_aggregated_send: 39962
tot_msg_rcv: 702
tot_msg_sent: 1266
tot_reconf_duration: 13.17
tot_sleeping_duration: 2753227.989
tot_uptimes: 717
tot_uptimes_duration: 42960.0
