comms_cons: 272.5762559937453
finished_reconf: true
global_termination_time: 2794954.442
local_termination_time: 1103141.9473599999
node_cons: 57455.89235999888
tot_aggregated_send: 40020
tot_msg_rcv: 453
tot_msg_sent: 957
tot_reconf_duration: 9.42
tot_sleeping_duration: 2752054.442
tot_uptimes: 716
tot_uptimes_duration: 42900.0
