comms_cons: 285.48869762493774
finished_reconf: true
global_termination_time: 2797721.927
local_termination_time: 647730.4256799995
node_cons: 57534.14911228421
tot_aggregated_send: 37294
tot_msg_rcv: 1935
tot_msg_sent: 4162
tot_reconf_duration: 7.819999999999999
tot_sleeping_duration: 2754761.860120026
tot_uptimes: 717
tot_uptimes_duration: 42960.06687997398
