comms_cons: 285.0199936168533
finished_reconf: true
global_termination_time: 2793995.3392399973
local_termination_time: 22513.657
node_cons: 57478.968817889625
tot_aggregated_send: 37575
tot_msg_rcv: 1899
tot_msg_sent: 3846
tot_reconf_duration: 11.31
tot_sleeping_duration: 2751080.021960019
tot_uptimes: 716
tot_uptimes_duration: 42915.31727997808
