comms_cons: 288.9975104250045
finished_reconf: true
global_termination_time: 2794598.678
local_termination_time: 650695.3835999997
node_cons: 57450.54721005038
tot_aggregated_send: 36830
tot_msg_rcv: 2447
tot_msg_sent: 4648
tot_reconf_duration: 5.43
tot_sleeping_duration: 2751698.623280021
tot_uptimes: 716
tot_uptimes_duration: 42900.05471997871
