comms_cons: 1.0263551999966107
finished_reconf: true
global_termination_time: 5475.714
local_termination_time: 2582.66336
node_cons: 100.85937999999956
tot_aggregated_send: 0
tot_msg_rcv: 111
tot_msg_sent: 44
tot_reconf_duration: 15.110000000000001
tot_sleeping_duration: 5415.714
tot_uptimes: 2
tot_uptimes_duration: 60.0
