comms_cons: 0.7237120000016137
finished_reconf: true
global_termination_time: 6639.018
local_termination_time: 1702.0703600000004
node_cons: 93.13236000000009
tot_aggregated_send: 0
tot_msg_rcv: 60
tot_msg_sent: 50
tot_reconf_duration: 9.42
tot_sleeping_duration: 6579.018
tot_uptimes: 2
tot_uptimes_duration: 60.0
