comms_cons: 0.5855487999996878
finished_reconf: true
global_termination_time: 7318.353
local_termination_time: 470.76247999999913
node_cons: 88.78676000000003
tot_aggregated_send: 0
tot_msg_rcv: 35
tot_msg_sent: 54
tot_reconf_duration: 6.22
tot_sleeping_duration: 7258.353
tot_uptimes: 2
tot_uptimes_duration: 60.0
