comms_cons: 132.1766912117304
finished_reconf: true
global_termination_time: 270779.9364400008
local_termination_time: 2729.5754800000022
node_cons: 16618.83631272172
tot_aggregated_send: 0
tot_msg_rcv: 8121
tot_msg_sent: 11968
tot_reconf_duration: 18.21
tot_sleeping_duration: 258387.0259599995
tot_uptimes: 204
tot_uptimes_duration: 12392.91048000127
