comms_cons: 27.099724800274746
finished_reconf: true
global_termination_time: 271415.543
local_termination_time: 110193.11347999942
node_cons: 5547.642640000007
tot_aggregated_send: 3596
tot_msg_rcv: 170
tot_msg_sent: 353
tot_reconf_duration: 3.08
tot_sleeping_duration: 267275.543
tot_uptimes: 70
tot_uptimes_duration: 4140.0
