comms_cons: 27.211571200524666
finished_reconf: true
global_termination_time: 271099.2
local_termination_time: 148643.67320000016
node_cons: 5558.3382411214125
tot_aggregated_send: 3770
tot_msg_rcv: 143
tot_msg_sent: 223
tot_reconf_duration: 10.95
tot_sleeping_duration: 266959.19391999894
tot_uptimes: 70
tot_uptimes_duration: 4140.006080001069
