comms_cons: 54.64401920755709
finished_reconf: true
global_termination_time: 530007.6753599988
local_termination_time: 530007.6342399989
node_cons: 10960.19079032773
tot_aggregated_send: 0
tot_msg_rcv: 460
tot_msg_sent: 7846
tot_reconf_duration: 39.92
tot_sleeping_duration: 521862.8064799931
tot_uptimes: 136
tot_uptimes_duration: 8144.8688800057425
