comms_cons: 163.9213951922626
finished_reconf: true
global_termination_time: 1652657.914
local_termination_time: 6965.192999999999
node_cons: 33993.467204476525
tot_aggregated_send: 23018
tot_msg_rcv: 686
tot_msg_sent: 1212
tot_reconf_duration: 7.08
tot_sleeping_duration: 1627277.8896800028
tot_uptimes: 424
tot_uptimes_duration: 25380.024319997407
