comms_cons: 416.23308806131104
finished_reconf: true
global_termination_time: 4117719.6346
local_termination_time: 4117719.59348
node_cons: 84747.71467852281
tot_aggregated_send: 56988
tot_msg_rcv: 2131
tot_msg_sent: 4145
tot_reconf_duration: 37.410000000000004
tot_sleeping_duration: 4054465.779560026
tot_uptimes: 1055
tot_uptimes_duration: 63253.85503997408
