comms_cons: 402.7391488100398
finished_reconf: true
global_termination_time: 4118174.496
local_termination_time: 1766583.23736
node_cons: 84699.2080022319
tot_aggregated_send: 57768
tot_msg_rcv: 1200
tot_msg_sent: 2246
tot_reconf_duration: 15.34
tot_sleeping_duration: 4054934.483840004
tot_uptimes: 1055
tot_uptimes_duration: 63240.0121599955
