comms_cons: 405.08753280727507
finished_reconf: true
global_termination_time: 4120714.547
local_termination_time: 2431750.33296
node_cons: 84818.41163278813
tot_aggregated_send: 57536
tot_msg_rcv: 1317
tot_msg_sent: 2719
tot_reconf_duration: 25.299999999999997
tot_sleeping_duration: 4057395.6118000066
tot_uptimes: 1056
tot_uptimes_duration: 63318.935199992964
