comms_cons: 405.8332544184753
finished_reconf: true
global_termination_time: 4118560.221
local_termination_time: 1920311.504
node_cons: 84701.22861797972
tot_aggregated_send: 57072
tot_msg_rcv: 1653
tot_msg_sent: 2960
tot_reconf_duration: 13.17
tot_sleeping_duration: 4055316.4990000133
tot_uptimes: 1055
tot_uptimes_duration: 63243.72199998656
