comms_cons: 404.2392768249334
finished_reconf: true
global_termination_time: 4118649.614
local_termination_time: 887506.8613599999
node_cons: 84690.78836781657
tot_aggregated_send: 57536
tot_msg_rcv: 1240
tot_msg_sent: 2666
tot_reconf_duration: 9.11
tot_sleeping_duration: 4055409.571440016
tot_uptimes: 1055
tot_uptimes_duration: 63240.04255998414
