comms_cons: 410.1932800455389
finished_reconf: true
global_termination_time: 4120744.73
local_termination_time: 634393.4553599999
node_cons: 84775.94923340138
tot_aggregated_send: 57014
tot_msg_rcv: 1789
tot_msg_sent: 3543
tot_reconf_duration: 12.629999999999999
tot_sleeping_duration: 4057444.6570400274
tot_uptimes: 1056
tot_uptimes_duration: 63300.07295997278
