comms_cons: 412.4697856455061
finished_reconf: true
global_termination_time: 4120757.299
local_termination_time: 89941.24435999998
node_cons: 84774.97417564852
tot_aggregated_send: 57072
tot_msg_rcv: 1725
tot_msg_sent: 3894
tot_reconf_duration: 11.899999999999999
tot_sleeping_duration: 4057457.2138800216
tot_uptimes: 1056
tot_uptimes_duration: 63300.08511997812
