comms_cons: 407.20180482327385
finished_reconf: true
global_termination_time: 4122300.491
local_termination_time: 1207211.3103599998
node_cons: 84767.19560669939
tot_aggregated_send: 57536
tot_msg_rcv: 1501
tot_msg_sent: 2856
tot_reconf_duration: 6.22
tot_sleeping_duration: 4059000.4545200136
tot_uptimes: 1056
tot_uptimes_duration: 63300.03647998627
