comms_cons: 491.9727873106848
finished_reconf: true
global_termination_time: 4890183.382
local_termination_time: 576348.0333599999
node_cons: 100616.50382893243
tot_aggregated_send: 67686
tot_msg_rcv: 2401
tot_msg_sent: 4689
tot_reconf_duration: 22.65
tot_sleeping_duration: 4815063.333360018
tot_uptimes: 1253
tot_uptimes_duration: 75120.04863998154
