comms_cons: 822.4131598728928
finished_reconf: true
global_termination_time: 4890032.553
local_termination_time: 1154576.94636
node_cons: 100601.07154446546
tot_aggregated_send: 0
tot_msg_rcv: 62939
tot_msg_sent: 62063
tot_reconf_duration: 11.31
tot_sleeping_duration: 4814912.52868001
tot_uptimes: 1253
tot_uptimes_duration: 75120.02431999124
