comms_cons: 487.4469760624404
finished_reconf: true
global_termination_time: 4889800.702
local_termination_time: 1173462.2770399982
node_cons: 100593.09464558245
tot_aggregated_send: 67860
tot_msg_rcv: 2044
tot_msg_sent: 4186
tot_reconf_duration: 5.43
tot_sleeping_duration: 4814680.671600011
tot_uptimes: 1253
tot_uptimes_duration: 75120.0303999891
