comms_cons: 151.1107199615986
finished_reconf: true
global_termination_time: 754689.849
local_termination_time: 2102.5533600000003
node_cons: 15521.019685602578
tot_aggregated_send: 0
tot_msg_rcv: 11771
tot_msg_sent: 11197
tot_reconf_duration: 11.31
tot_sleeping_duration: 743109.8185999981
tot_uptimes: 194
tot_uptimes_duration: 11580.03040000191
