comms_cons: 77.14111999857877
finished_reconf: true
global_termination_time: 754644.631
local_termination_time: 251991.80136000004
node_cons: 15526.49242560717
tot_aggregated_send: 10208
tot_msg_rcv: 538
tot_msg_sent: 979
tot_reconf_duration: 15.34
tot_sleeping_duration: 743064.6005999947
tot_uptimes: 194
tot_uptimes_duration: 11580.030400005344
