comms_cons: 27.290521599921252
finished_reconf: true
global_termination_time: 278506.7
local_termination_time: 74812.03335999997
node_cons: 5714.759560000015
tot_aggregated_send: 4060
tot_msg_rcv: 37
tot_msg_sent: 51
tot_reconf_duration: 7.819999999999999
tot_sleeping_duration: 274246.7
tot_uptimes: 72
tot_uptimes_duration: 4260.0
