comms_cons: 80.83863039891686
finished_reconf: true
global_termination_time: 826357.442
local_termination_time: 502014.5909600001
node_cons: 16957.701619999963
tot_aggregated_send: 11542
tot_msg_rcv: 265
tot_msg_sent: 480
tot_reconf_duration: 4.390000000000001
tot_sleeping_duration: 813697.442
tot_uptimes: 212
tot_uptimes_duration: 12660.0
