comms_cons: 105.26187520577199
finished_reconf: true
global_termination_time: 218998.53520000027
local_termination_time: 1666.8290400000014
node_cons: 13184.278121243533
tot_aggregated_send: 0
tot_msg_rcv: 6517
tot_msg_sent: 9481
tot_reconf_duration: 18.21
tot_sleeping_duration: 209170.64203999765
tot_uptimes: 161
tot_uptimes_duration: 9827.893160002626
