comms_cons: 105.99167361578174
finished_reconf: true
global_termination_time: 512425.6245600002
local_termination_time: 512425.5834400002
node_cons: 10584.958524806054
tot_aggregated_send: 0
tot_msg_rcv: 8485
tot_msg_sent: 7622
tot_reconf_duration: 24.59
tot_sleeping_duration: 504545.4413599957
tot_uptimes: 132
tot_uptimes_duration: 7880.183200004503
