comms_cons: 51.13479680052511
finished_reconf: true
global_termination_time: 512542.461
local_termination_time: 23997.02636
node_cons: 10549.277321120304
tot_aggregated_send: 7250
tot_msg_rcv: 190
tot_msg_sent: 332
tot_reconf_duration: 18.21
tot_sleeping_duration: 504682.4549199998
tot_uptimes: 132
tot_uptimes_duration: 7860.0060800002175
