comms_cons: 70.10795520017773
finished_reconf: true
global_termination_time: 712485.663
local_termination_time: 356019.75036
node_cons: 14627.841619999961
tot_aggregated_send: 9860
tot_msg_rcv: 274
tot_msg_sent: 522
tot_reconf_duration: 4.390000000000001
tot_sleeping_duration: 701565.663
tot_uptimes: 183
tot_uptimes_duration: 10920.0
