comms_cons: 247.53351683646824
finished_reconf: true
global_termination_time: 509856.5913600005
local_termination_time: 509856.5502400005
node_cons: 31166.144684884715
tot_aggregated_send: 0
tot_msg_rcv: 15159
tot_msg_sent: 22464
tot_reconf_duration: 24.59
tot_sleeping_duration: 486605.84343999706
tot_uptimes: 384
tot_uptimes_duration: 23250.74792000348
