comms_cons: 49.69269760020535
finished_reconf: true
global_termination_time: 510021.938
local_termination_time: 332378.088
node_cons: 10465.620462721317
tot_aggregated_send: 7011
tot_msg_rcv: 187
tot_msg_sent: 355
tot_reconf_duration: 13.17
tot_sleeping_duration: 502219.29751999903
tot_uptimes: 131
tot_uptimes_duration: 7802.640480000991
