comms_cons: 51.4361856005428
finished_reconf: true
global_termination_time: 513825.741
local_termination_time: 86029.49147999969
node_cons: 10531.071980000012
tot_aggregated_send: 7134
tot_msg_rcv: 222
tot_msg_sent: 462
tot_reconf_duration: 4.8100000000000005
tot_sleeping_duration: 505965.741
tot_uptimes: 132
tot_uptimes_duration: 7860.0
