comms_cons: 371.64627845719144
finished_reconf: true
global_termination_time: 3695597.323
local_termination_time: 93818.77747999998
node_cons: 76026.46687341064
tot_aggregated_send: 51156
tot_msg_rcv: 1902
tot_msg_sent: 3431
tot_reconf_duration: 18.21
tot_sleeping_duration: 3638837.2500400203
tot_uptimes: 947
tot_uptimes_duration: 56760.072959979414
