comms_cons: 364.32504962147334
finished_reconf: true
global_termination_time: 3695382.091
local_termination_time: 1790285.12136
node_cons: 76012.67506669994
tot_aggregated_send: 51794
tot_msg_rcv: 1255
tot_msg_sent: 2324
tot_reconf_duration: 8.09
tot_sleeping_duration: 3638622.0545200137
tot_uptimes: 947
tot_uptimes_duration: 56760.03647998627
