comms_cons: 367.1696512245204
finished_reconf: true
global_termination_time: 3697325.981
local_termination_time: 1217245.696639999
node_cons: 76022.20008558311
tot_aggregated_send: 51446
tot_msg_rcv: 1440
tot_msg_sent: 2921
tot_reconf_duration: 15.110000000000001
tot_sleeping_duration: 3640565.9506000113
tot_uptimes: 947
tot_uptimes_duration: 56760.03039998887
