comms_cons: 368.01806082982836
finished_reconf: true
global_termination_time: 3697238.416
local_termination_time: 416087.15848000004
node_cons: 76014.51377117205
tot_aggregated_send: 51852
tot_msg_rcv: 1328
tot_msg_sent: 2756
tot_reconf_duration: 9.42
tot_sleeping_duration: 3640478.35520002
tot_uptimes: 947
tot_uptimes_duration: 56760.06079998048
