comms_cons: 240.3723263981032
finished_reconf: true
global_termination_time: 2373155.7854799978
local_termination_time: 97770.82835999997
node_cons: 48810.32800766002
tot_aggregated_send: 32654
tot_msg_rcv: 1330
tot_msg_sent: 2551
tot_reconf_duration: 18.21
tot_sleeping_duration: 2336721.432360012
tot_uptimes: 608
tot_uptimes_duration: 36434.35311998555
