comms_cons: 238.67254399399462
finished_reconf: true
global_termination_time: 2373155.804119988
local_termination_time: 155613.62000000046
node_cons: 48871.62405636873
tot_aggregated_send: 33060
tot_msg_rcv: 1093
tot_msg_sent: 2124
tot_reconf_duration: 22.65
tot_sleeping_duration: 2336680.1765200105
tot_uptimes: 608
tot_uptimes_duration: 36475.62759997713
