comms_cons: 235.33763198771229
finished_reconf: true
global_termination_time: 2375846.164
local_termination_time: 1533246.3974799998
node_cons: 48855.18304223297
tot_aggregated_send: 33176
tot_msg_rcv: 926
tot_msg_sent: 1666
tot_reconf_duration: 6.22
tot_sleeping_duration: 2339366.1518400046
tot_uptimes: 609
tot_uptimes_duration: 36480.01215999527
