comms_cons: 232.77209598447678
finished_reconf: true
global_termination_time: 2377310.854
local_termination_time: 1657908.1744799998
node_cons: 48862.095262233095
tot_aggregated_send: 32886
tot_msg_rcv: 801
tot_msg_sent: 1693
tot_reconf_duration: 11.31
tot_sleeping_duration: 2340830.8418400045
tot_uptimes: 609
tot_uptimes_duration: 36480.01215999527
