comms_cons: 96.53030399280507
finished_reconf: true
global_termination_time: 920269.659
local_termination_time: 12594.951400000004
node_cons: 18910.728485676835
tot_aggregated_send: 12006
tot_msg_rcv: 1041
tot_msg_sent: 1626
tot_reconf_duration: 18.21
tot_sleeping_duration: 906165.1038800023
tot_uptimes: 236
tot_uptimes_duration: 14104.555119997618
