comms_cons: 93.9039487956681
finished_reconf: true
global_termination_time: 921028.976
local_termination_time: 625138.29736
node_cons: 18888.36304223381
tot_aggregated_send: 12586
tot_msg_rcv: 645
tot_msg_sent: 1042
tot_reconf_duration: 6.22
tot_sleeping_duration: 906928.9638400048
tot_uptimes: 236
tot_uptimes_duration: 14100.012159995269
