comms_cons: 94.89838079532875
finished_reconf: true
global_termination_time: 920411.45
local_termination_time: 272104.92136000004
node_cons: 18887.330927836236
tot_aggregated_send: 11890
tot_msg_rcv: 903
tot_msg_sent: 1631
tot_reconf_duration: 5.43
tot_sleeping_duration: 906311.4074400028
tot_uptimes: 236
tot_uptimes_duration: 14100.042559997179
