comms_cons: 105.20203519439318
finished_reconf: true
global_termination_time: 1030481.823
local_termination_time: 336248.1673600001
node_cons: 21150.300566714854
tot_aggregated_send: 13630
tot_msg_rcv: 800
tot_msg_sent: 1561
tot_reconf_duration: 15.34
tot_sleeping_duration: 1014701.7865200039
tot_uptimes: 264
tot_uptimes_duration: 15780.03647999611
