comms_cons: 106.83430399199887
finished_reconf: true
global_termination_time: 1029461.114
local_termination_time: 534111.8757199998
node_cons: 21136.378364476528
tot_aggregated_send: 12992
tot_msg_rcv: 1210
tot_msg_sent: 2038
tot_reconf_duration: 5.1
tot_sleeping_duration: 1013681.0896800025
tot_uptimes: 264
tot_uptimes_duration: 15780.024319997407
