comms_cons: 102.91842559667877
finished_reconf: true
global_termination_time: 1032941.418
local_termination_time: 698069.2545999999
node_cons: 21225.920200000062
tot_aggregated_send: 14152
tot_msg_rcv: 554
tot_msg_sent: 937
tot_reconf_duration: 11.899999999999999
tot_sleeping_duration: 1017101.418
tot_uptimes: 265
tot_uptimes_duration: 15840.0
