comms_cons: 21.079756800154737
finished_reconf: true
global_termination_time: 213555.761
local_termination_time: 91464.45119999962
node_cons: 4344.89198
tot_aggregated_send: 2958
tot_msg_rcv: 76
tot_msg_sent: 170
tot_reconf_duration: 4.8100000000000005
tot_sleeping_duration: 210315.761
tot_uptimes: 55
tot_uptimes_duration: 3240.0
