comms_cons: 41.30387200232582
finished_reconf: true
global_termination_time: 213449.683
local_termination_time: 899.8723599999998
node_cons: 4344.321620000003
tot_aggregated_send: 0
tot_msg_rcv: 3147
tot_msg_sent: 3130
tot_reconf_duration: 4.390000000000001
tot_sleeping_duration: 210209.683
tot_uptimes: 55
tot_uptimes_duration: 3240.0
