comms_cons: 181.3329920090842
finished_reconf: true
global_termination_time: 212509.42116000078
local_termination_time: 212509.38004000077
node_cons: 20858.26286531857
tot_aggregated_send: 0
tot_msg_rcv: 12544
tot_msg_sent: 15017
tot_reconf_duration: 24.59
tot_sleeping_duration: 196956.86728000187
tot_uptimes: 249
tot_uptimes_duration: 15552.553879998904
