comms_cons: 41.678259202097614
finished_reconf: true
global_termination_time: 213646.264
local_termination_time: 257.18236
node_cons: 4342.501900000003
tot_aggregated_send: 0
tot_msg_rcv: 3202
tot_msg_sent: 3132
tot_reconf_duration: 3.05
tot_sleeping_duration: 210406.264
tot_uptimes: 55
tot_uptimes_duration: 3240.0
