comms_cons: 20.803430400043002
finished_reconf: true
global_termination_time: 212509.83408000026
local_termination_time: 212494.5196000001
node_cons: 4396.406407120355
tot_aggregated_send: 3132
tot_msg_rcv: 21
tot_msg_sent: 9
tot_reconf_duration: 11.31
tot_sleeping_duration: 209237.954
tot_uptimes: 55
tot_uptimes_duration: 3271.8800800002646
