comms_cons: 94.2275839936615
finished_reconf: true
global_termination_time: 923860.37
local_termination_time: 83794.31859999996
node_cons: 18981.136848955415
tot_aggregated_send: 12528
tot_msg_rcv: 634
tot_msg_sent: 1160
tot_reconf_duration: 15.34
tot_sleeping_duration: 909700.3213600034
tot_uptimes: 237
tot_uptimes_duration: 14160.048639996545
