comms_cons: 93.02251519904195
finished_reconf: true
global_termination_time: 920142.13
local_termination_time: 505336.25124000094
node_cons: 18886.858364481122
tot_aggregated_send: 11774
tot_msg_rcv: 837
tot_msg_sent: 1528
tot_reconf_duration: 5.1
tot_sleeping_duration: 906042.1056799992
tot_uptimes: 236
tot_uptimes_duration: 14100.02432000084
