comms_cons: 182.62990712235816
finished_reconf: true
global_termination_time: 922603.733
local_termination_time: 213.41647999999995
node_cons: 18964.406323355124
tot_aggregated_send: 0
tot_msg_rcv: 14058
tot_msg_sent: 13701
tot_reconf_duration: 3.05
tot_sleeping_duration: 908443.7147600036
tot_uptimes: 237
tot_uptimes_duration: 14160.018239996338
