comms_cons: 236.89619198226717
finished_reconf: true
global_termination_time: 2394049.782
local_termination_time: 1470896.41336
node_cons: 49259.43064334995
tot_aggregated_send: 32712
tot_msg_rcv: 1205
tot_msg_sent: 2089
tot_reconf_duration: 8.09
tot_sleeping_duration: 2357269.7637600075
tot_uptimes: 614
tot_uptimes_duration: 36780.0182399929
