comms_cons: 240.6129599860052
finished_reconf: true
global_termination_time: 2395698.104
local_termination_time: 473667.9503600001
node_cons: 49255.01710893891
tot_aggregated_send: 33176
tot_msg_rcv: 1067
tot_msg_sent: 2328
tot_reconf_duration: 4.8100000000000005
tot_sleeping_duration: 2358918.055360015
tot_uptimes: 614
tot_uptimes_duration: 36780.04863998474
