comms_cons: 55.42808320051503
finished_reconf: true
global_termination_time: 544969.607
local_termination_time: 126456.21535999997
node_cons: 11185.169283364305
tot_aggregated_send: 7366
tot_msg_rcv: 369
tot_msg_sent: 689
tot_reconf_duration: 13.17
tot_sleeping_duration: 536629.5887599968
tot_uptimes: 140
tot_uptimes_duration: 8340.018240003206
