comms_cons: 55.20732160100858
finished_reconf: true
global_termination_time: 542961.806
local_termination_time: 123546.68035999997
node_cons: 11187.811944485738
tot_aggregated_send: 7308
tot_msg_rcv: 335
tot_msg_sent: 748
tot_reconf_duration: 15.110000000000001
tot_sleeping_duration: 534621.7816799957
tot_uptimes: 140
tot_uptimes_duration: 8340.024320004275
