comms_cons: 54.43034880033545
finished_reconf: true
global_termination_time: 543677.836
local_termination_time: 273675.1234000008
node_cons: 11180.068642242855
tot_aggregated_send: 7656
tot_msg_rcv: 217
tot_msg_sent: 400
tot_reconf_duration: 9.42
tot_sleeping_duration: 535337.8238399979
tot_uptimes: 140
tot_uptimes_duration: 8340.012160002138
