comms_cons: 54.93694720115793
finished_reconf: true
global_termination_time: 543064.965
local_termination_time: 200375.33764000086
node_cons: 11187.15766832547
tot_aggregated_send: 7424
tot_msg_rcv: 293
tot_msg_sent: 634
tot_reconf_duration: 12.629999999999999
tot_sleeping_duration: 534722.9141199959
tot_uptimes: 140
tot_uptimes_duration: 8342.05088000407
