comms_cons: 253.57552640837747
finished_reconf: true
global_termination_time: 2553081.087
local_termination_time: 1370069.7667199997
node_cons: 52486.74917999914
tot_aggregated_send: 36656
tot_msg_rcv: 683
tot_msg_sent: 1203
tot_reconf_duration: 18.21
tot_sleeping_duration: 2513901.087
tot_uptimes: 654
tot_uptimes_duration: 39180.0
