comms_cons: 235.31013759099798
finished_reconf: true
global_termination_time: 2369486.445
local_termination_time: 362790.9701600003
node_cons: 48696.65955999937
tot_aggregated_send: 34046
tot_msg_rcv: 624
tot_msg_sent: 1095
tot_reconf_duration: 7.819999999999999
tot_sleeping_duration: 2333126.445
tot_uptimes: 607
tot_uptimes_duration: 36360.0
