comms_cons: 220.03879034103608
finished_reconf: true
global_termination_time: 758143.7089199994
local_termination_time: 2557.9000400000014
node_cons: 30690.758624879152
tot_aggregated_send: 0
tot_msg_rcv: 11317
tot_msg_sent: 22126
tot_reconf_duration: 6.22
tot_sleeping_duration: 735229.361
tot_uptimes: 376
tot_uptimes_duration: 22914.34791999933
