comms_cons: 280.8460863914366
finished_reconf: true
global_termination_time: 2808229.264
local_termination_time: 2085413.840119998
node_cons: 57852.3722011162
tot_aggregated_send: 38802
tot_msg_rcv: 1272
tot_msg_sent: 2612
tot_reconf_duration: 5.57
tot_sleeping_duration: 2765029.257920002
tot_uptimes: 720
tot_uptimes_duration: 43200.00607999787
