comms_cons: 283.2355904262581
finished_reconf: true
global_termination_time: 2811315.35
local_termination_time: 1767379.8013999993
node_cons: 57855.44398334986
tot_aggregated_send: 39266
tot_msg_rcv: 1292
tot_msg_sent: 2492
tot_reconf_duration: 7.819999999999999
tot_sleeping_duration: 2768115.331760007
tot_uptimes: 720
tot_uptimes_duration: 43200.01823999314
