comms_cons: 73.79230719945141
finished_reconf: true
global_termination_time: 752920.145
local_termination_time: 372014.36448000005
node_cons: 15433.808239999982
tot_aggregated_send: 10962
tot_msg_rcv: 85
tot_msg_sent: 169
tot_reconf_duration: 6.279999999999999
tot_sleeping_duration: 741400.145
tot_uptimes: 193
tot_uptimes_duration: 11520.0
