comms_cons: 74.35153919750735
finished_reconf: true
global_termination_time: 752654.7252399999
local_termination_time: 103348.32959999995
node_cons: 15452.92060936002
tot_aggregated_send: 10904
tot_msg_rcv: 173
tot_msg_sent: 224
tot_reconf_duration: 11.31
tot_sleeping_duration: 741125.553
tot_uptimes: 193
tot_uptimes_duration: 11529.172239999985
