comms_cons: 234.31162878141046
finished_reconf: true
global_termination_time: 2358185.852
local_termination_time: 779173.7384799998
node_cons: 48465.89242558349
tot_aggregated_send: 32538
tot_msg_rcv: 934
tot_msg_sent: 2142
tot_reconf_duration: 15.34
tot_sleeping_duration: 2322005.821600012
tot_uptimes: 604
tot_uptimes_duration: 36180.03039998817
