comms_cons: 237.85781757793882
finished_reconf: true
global_termination_time: 2356510.3
local_termination_time: 787485.2640799986
node_cons: 48453.58894558358
tot_aggregated_send: 32306
tot_msg_rcv: 1293
tot_msg_sent: 2554
tot_reconf_duration: 6.279999999999999
tot_sleeping_duration: 2320330.269600012
tot_uptimes: 604
tot_uptimes_duration: 36180.03039998817
