comms_cons: 237.85781760392345
finished_reconf: true
global_termination_time: 2355968.549
local_termination_time: 1055281.7833599998
node_cons: 48451.006043349735
tot_aggregated_send: 32422
tot_msg_rcv: 1178
tot_msg_sent: 2553
tot_reconf_duration: 4.390000000000001
tot_sleeping_duration: 2319788.5307600074
tot_uptimes: 604
tot_uptimes_duration: 36180.0182399929
