comms_cons: 61.64017919992263
finished_reconf: true
global_termination_time: 613433.698
local_termination_time: 235942.11048000053
node_cons: 12617.521900000002
tot_aggregated_send: 8526
tot_msg_rcv: 264
tot_msg_sent: 579
tot_reconf_duration: 3.05
tot_sleeping_duration: 604013.698
tot_uptimes: 158
tot_uptimes_duration: 9420.0
