comms_cons: 63.46296319945419
finished_reconf: true
global_termination_time: 611945.428
local_termination_time: 25500.1898
node_cons: 12540.470927846614
tot_aggregated_send: 7888
tot_msg_rcv: 592
tot_msg_sent: 1166
tot_reconf_duration: 5.43
tot_sleeping_duration: 602585.385439995
tot_uptimes: 157
tot_uptimes_duration: 9360.042560004928
