comms_cons: 409.1321472080779
finished_reconf: true
global_termination_time: 4243350.738
local_termination_time: 2238900.6573599977
node_cons: 87311.74521526865
tot_aggregated_send: 58754
tot_msg_rcv: 1198
tot_msg_sent: 2233
tot_reconf_duration: 25.299999999999997
tot_sleeping_duration: 4178169.7164800065
tot_uptimes: 1087
tot_uptimes_duration: 65181.02151999343
