comms_cons: 67.04546560087219
finished_reconf: true
global_termination_time: 666847.431
local_termination_time: 364069.87404000026
node_cons: 13666.254901121412
tot_aggregated_send: 8584
tot_msg_rcv: 505
tot_msg_sent: 1100
tot_reconf_duration: 6.22
tot_sleeping_duration: 656647.424919999
tot_uptimes: 171
tot_uptimes_duration: 10200.006080001069
