comms_cons: 112.67386880546296
finished_reconf: true
global_termination_time: 665394.295
local_termination_time: 354824.83336000005
node_cons: 13665.18208112147
tot_aggregated_send: 0
tot_msg_rcv: 8716
tot_msg_sent: 8410
tot_reconf_duration: 5.43
tot_sleeping_duration: 655194.288919999
tot_uptimes: 171
tot_uptimes_duration: 10200.00608000109
