comms_cons: 107.75395199437165
finished_reconf: true
global_termination_time: 1083159.893
local_termination_time: 373749.04136000003
node_cons: 22260.73640335053
tot_aggregated_send: 15080
tot_msg_rcv: 367
tot_msg_sent: 931
tot_reconf_duration: 4.8100000000000005
tot_sleeping_duration: 1066539.874760007
tot_uptimes: 278
tot_uptimes_duration: 16620.018239992904
