comms_cons: 109.40892159591941
finished_reconf: true
global_termination_time: 1083072.5451599983
local_termination_time: 160637.69848000008
node_cons: 22280.57540272371
tot_aggregated_send: 14558
tot_msg_rcv: 644
tot_msg_sent: 1426
tot_reconf_duration: 4.390000000000001
tot_sleeping_duration: 1066437.2846799956
tot_uptimes: 278
tot_uptimes_duration: 16635.260480002733
