comms_cons: 109.41209599238987
finished_reconf: true
global_termination_time: 1085613.614
local_termination_time: 267795.6602400009
node_cons: 22342.085363421975
tot_aggregated_send: 14152
tot_msg_rcv: 783
tot_msg_sent: 1695
tot_reconf_duration: 5.43
tot_sleeping_duration: 1068933.4710400137
tot_uptimes: 279
tot_uptimes_duration: 16680.142959986522
