comms_cons: 1453.6925578748908
finished_reconf: true
global_termination_time: 2999958.5355999996
local_termination_time: 2999958.4944799994
node_cons: 182768.01621193672
tot_aggregated_send: 0
tot_msg_rcv: 89081
tot_msg_sent: 131872
tot_reconf_duration: 24.59
tot_sleeping_duration: 2863487.569960012
tot_uptimes: 2247
tot_uptimes_duration: 136470.9656399875
