comms_cons: 298.7554623910566
finished_reconf: true
global_termination_time: 3005440.121
local_termination_time: 584565.7293599999
node_cons: 61790.02894558822
tot_aggregated_send: 41354
tot_msg_rcv: 1323
tot_msg_sent: 2731
tot_reconf_duration: 6.279999999999999
tot_sleeping_duration: 2959300.0906000077
tot_uptimes: 770
tot_uptimes_duration: 46140.03039999207
