comms_cons: 590.960346033386
finished_reconf: true
global_termination_time: 2999959.1355999974
local_termination_time: 38.80304
node_cons: 61739.606713984926
tot_aggregated_send: 0
tot_msg_rcv: 45272
tot_msg_sent: 44547
tot_reconf_duration: 13.17
tot_sleeping_duration: 2953863.7496000077
tot_uptimes: 769
tot_uptimes_duration: 46095.38599998964
