comms_cons: 299.6365056104821
finished_reconf: true
global_termination_time: 3000036.216
local_termination_time: 383161.12760000053
node_cons: 61707.70082670042
tot_aggregated_send: 42514
tot_msg_rcv: 995
tot_msg_sent: 2034
tot_reconf_duration: 4.8100000000000005
tot_sleeping_duration: 2953956.1795200137
tot_uptimes: 769
tot_uptimes_duration: 46080.03647998627
