comms_cons: 299.46049920338675
finished_reconf: true
global_termination_time: 3002959.479
local_termination_time: 1741674.868
node_cons: 61795.97396114288
tot_aggregated_send: 42046
tot_msg_rcv: 1199
tot_msg_sent: 2272
tot_reconf_duration: 7.819999999999999
tot_sleeping_duration: 2956816.570560012
tot_uptimes: 770
tot_uptimes_duration: 46142.90843998804
