comms_cons: 298.09336321442424
finished_reconf: true
global_termination_time: 3001860.305
local_termination_time: 1751125.0425999998
node_cons: 61709.60146686335
tot_aggregated_send: 42224
tot_msg_rcv: 1008
tot_msg_sent: 2076
tot_reconf_duration: 6.22
tot_sleeping_duration: 2955780.2790800114
tot_uptimes: 769
tot_uptimes_duration: 46080.02591998849
