comms_cons: 295.2810752009359
finished_reconf: true
global_termination_time: 3000834.364
local_termination_time: 2512540.1847999985
node_cons: 61708.51836334984
tot_aggregated_send: 42166
tot_msg_rcv: 869
tot_msg_sent: 1846
tot_reconf_duration: 5.43
tot_sleeping_duration: 2954754.345760007
tot_uptimes: 769
tot_uptimes_duration: 46080.01823999314
