comms_cons: 1.532953599997047
finished_reconf: true
global_termination_time: 10317.644240000001
local_termination_time: 6856.778360000001
node_cons: 182.84225936000345
tot_aggregated_send: 0
tot_msg_rcv: 119
tot_msg_sent: 113
tot_reconf_duration: 6.279999999999999
tot_sleeping_duration: 10187.462
tot_uptimes: 3
tot_uptimes_duration: 130.1822400000019
