comms_cons: 36.92103679990795
finished_reconf: true
global_termination_time: 10317.662360000002
local_termination_time: 1490.883200000005
node_cons: 4209.4072255200335
tot_aggregated_send: 0
tot_msg_rcv: 2908
tot_msg_sent: 2700
tot_reconf_duration: 5.57
tot_sleeping_duration: 7179.616679999979
tot_uptimes: 45
tot_uptimes_duration: 3138.0456800000234
