comms_cons: 1.815270399998253
finished_reconf: true
global_termination_time: 10567.876
local_termination_time: 7084.579999999999
node_cons: 199.3422314400076
tot_aggregated_send: 0
tot_msg_rcv: 178
tot_msg_sent: 97
tot_reconf_duration: 25.299999999999997
tot_sleeping_duration: 10444.661039999995
tot_uptimes: 3
tot_uptimes_duration: 123.2149600000048
