comms_cons: 1.546111999999113
finished_reconf: true
global_termination_time: 11789.093
local_termination_time: 5065.276360000001
node_cons: 252.0062200000002
tot_aggregated_send: 0
tot_msg_rcv: 123
tot_msg_sent: 112
tot_reconf_duration: 8.09
tot_sleeping_duration: 11609.093
tot_uptimes: 4
tot_uptimes_duration: 180.0
