comms_cons: 2.197452799992739
finished_reconf: true
global_termination_time: 14664.073
local_termination_time: 8008.558360000001
node_cons: 266.414600000001
tot_aggregated_send: 0
tot_msg_rcv: 177
tot_msg_sent: 157
tot_reconf_duration: 18.700000000000003
tot_sleeping_duration: 14484.073
tot_uptimes: 4
tot_uptimes_duration: 180.0
