comms_cons: 2.0672127999925456
finished_reconf: true
global_termination_time: 11017.068
local_termination_time: 7388.162359999999
node_cons: 164.82189999999903
tot_aggregated_send: 0
tot_msg_rcv: 199
tot_msg_sent: 114
tot_reconf_duration: 3.05
tot_sleeping_duration: 10897.068
tot_uptimes: 3
tot_uptimes_duration: 120.0
