comms_cons: 305.5784320342975
finished_reconf: true
global_termination_time: 3025321.31948
local_termination_time: 3025321.27836
node_cons: 62252.41077213039
tot_aggregated_send: 41502
tot_msg_rcv: 1556
tot_msg_sent: 3388
tot_reconf_duration: 37.410000000000004
tot_sleeping_duration: 2978867.542040021
tot_uptimes: 775
tot_uptimes_duration: 46453.77743997902
