comms_cons: 300.9137727990791
finished_reconf: true
global_termination_time: 3027396.571
local_termination_time: 2089396.3862799993
node_cons: 62267.70706334968
tot_aggregated_send: 42340
tot_msg_rcv: 1072
tot_msg_sent: 2326
tot_reconf_duration: 3.08
tot_sleeping_duration: 2980896.552760007
tot_uptimes: 776
tot_uptimes_duration: 46500.01823999314
