comms_cons: 303.2124096085605
finished_reconf: true
global_termination_time: 3026846.03
local_termination_time: 2045616.7749199984
node_cons: 62275.92022670117
tot_aggregated_send: 42166
tot_msg_rcv: 1364
tot_msg_sent: 2556
tot_reconf_duration: 9.11
tot_sleeping_duration: 2980345.993520013
tot_uptimes: 776
tot_uptimes_duration: 46500.03647998674
