comms_cons: 304.73565442645776
finished_reconf: true
global_termination_time: 3025325.953
local_termination_time: 608732.4709199993
node_cons: 62208.6522934026
tot_aggregated_send: 42224
tot_msg_rcv: 1428
tot_msg_sent: 2665
tot_reconf_duration: 18.700000000000003
tot_sleeping_duration: 2978885.880040027
tot_uptimes: 775
tot_uptimes_duration: 46440.07295997301
