comms_cons: 294.14945279430697
finished_reconf: true
global_termination_time: 3029714.365
local_termination_time: 1924414.098
node_cons: 62281.61871255269
tot_aggregated_send: 42688
tot_msg_rcv: 689
tot_msg_sent: 1332
tot_reconf_duration: 11.31
tot_sleeping_duration: 2983212.303960005
tot_uptimes: 776
tot_uptimes_duration: 46502.0610399954
