comms_cons: 80.11554559973733
finished_reconf: true
global_termination_time: 818724.191
local_termination_time: 329007.20536000095
node_cons: 16815.817903041316
tot_aggregated_send: 11948
tot_msg_rcv: 58
tot_msg_sent: 171
tot_reconf_duration: 11.31
tot_sleeping_duration: 806177.171639999
tot_uptimes: 210
tot_uptimes_duration: 12547.019360000966
