comms_cons: 203.97493759171346
finished_reconf: true
global_termination_time: 2045775.079
local_termination_time: 403220.4188400001
node_cons: 42028.43955999966
tot_aggregated_send: 29116
tot_msg_rcv: 725
tot_msg_sent: 1162
tot_reconf_duration: 7.819999999999999
tot_sleeping_duration: 2014395.079
tot_uptimes: 524
tot_uptimes_duration: 31380.0
