comms_cons: 102.22905598340756
finished_reconf: true
global_termination_time: 927846.0192400002
local_termination_time: 155254.15676000086
node_cons: 19119.09884528562
tot_aggregated_send: 8352
tot_msg_rcv: 2715
tot_msg_sent: 4474
tot_reconf_duration: 18.21
tot_sleeping_duration: 913585.8477199959
tot_uptimes: 238
tot_uptimes_duration: 14260.171520004194
