comms_cons: 92.56997119633598
finished_reconf: true
global_termination_time: 929433.393
local_termination_time: 273415.5245600007
node_cons: 19129.448239999987
tot_aggregated_send: 13282
tot_msg_rcv: 275
tot_msg_sent: 513
tot_reconf_duration: 6.279999999999999
tot_sleeping_duration: 915153.393
tot_uptimes: 239
tot_uptimes_duration: 14280.0
