comms_cons: 91.15481599879313
finished_reconf: true
global_termination_time: 929988.38
local_termination_time: 517571.93836000003
node_cons: 19126.881619999967
tot_aggregated_send: 13456
tot_msg_rcv: 151
tot_msg_sent: 248
tot_reconf_duration: 4.390000000000001
tot_sleeping_duration: 915708.38
tot_uptimes: 239
tot_uptimes_duration: 14280.0
