comms_cons: 331.3231296078045
finished_reconf: true
global_termination_time: 3395850.981
local_termination_time: 2495766.2114799987
node_cons: 69833.35300111519
tot_aggregated_send: 47618
tot_msg_rcv: 892
tot_msg_sent: 1849
tot_reconf_duration: 13.17
tot_sleeping_duration: 3343710.9749200023
tot_uptimes: 870
tot_uptimes_duration: 52140.006079997635
