comms_cons: 335.07484802293163
finished_reconf: true
global_termination_time: 3396302.825
local_termination_time: 1892341.4059599987
node_cons: 69828.29306558346
tot_aggregated_send: 47328
tot_msg_rcv: 1046
tot_msg_sent: 2554
tot_reconf_duration: 9.42
tot_sleeping_duration: 3344162.7946000113
tot_uptimes: 870
tot_uptimes_duration: 52140.03039998887
