comms_cons: 81.40219519688854
finished_reconf: true
global_termination_time: 792004.924
local_termination_time: 263983.83736
node_cons: 16235.66278784541
tot_aggregated_send: 10208
tot_msg_rcv: 651
tot_msg_sent: 1513
tot_reconf_duration: 5.1
tot_sleeping_duration: 779884.881439996
tot_uptimes: 203
tot_uptimes_duration: 12120.042560004047
