comms_cons: 82.16104959726783
finished_reconf: true
global_termination_time: 789737.54124
local_termination_time: 275701.78336
node_cons: 16256.219186079416
tot_aggregated_send: 9976
tot_msg_rcv: 833
tot_msg_sent: 1679
tot_reconf_duration: 6.22
tot_sleeping_duration: 777603.2825200005
tot_uptimes: 203
tot_uptimes_duration: 12134.258719999576
