comms_cons: 82.18799359390901
finished_reconf: true
global_termination_time: 791458.772
local_termination_time: 344052.2414000009
node_cons: 16253.104203442012
tot_aggregated_send: 9976
tot_msg_rcv: 779
tot_msg_sent: 1738
tot_reconf_duration: 15.34
tot_sleeping_duration: 779336.0890399986
tot_uptimes: 203
tot_uptimes_duration: 12122.68296000146
