comms_cons: 183.40177919822204
finished_reconf: true
global_termination_time: 1884511.984
local_termination_time: 1072574.6241199991
node_cons: 38731.444059999885
tot_aggregated_send: 27086
tot_msg_rcv: 224
tot_msg_sent: 566
tot_reconf_duration: 5.57
tot_sleeping_duration: 1855591.984
tot_uptimes: 483
tot_uptimes_duration: 28920.0
