comms_cons: 183.84979199948606
finished_reconf: true
global_termination_time: 1886629.806
local_termination_time: 1025967.3033599999
node_cons: 38838.57739999985
tot_aggregated_send: 27550
tot_msg_rcv: 123
tot_msg_sent: 271
tot_reconf_duration: 25.299999999999997
tot_sleeping_duration: 1857649.806
tot_uptimes: 484
tot_uptimes_duration: 28980.0
