comms_cons: 191.21786877830783
finished_reconf: true
global_termination_time: 1884345.5381200002
local_termination_time: 4303.317360000002
node_cons: 38750.28022310029
tot_aggregated_send: 24592
tot_msg_rcv: 1497
tot_msg_sent: 2975
tot_reconf_duration: 4.390000000000001
tot_sleeping_duration: 1855410.2740400147
tot_uptimes: 483
tot_uptimes_duration: 28935.26407998544
