comms_cons: 189.7723263837235
finished_reconf: true
global_termination_time: 1885077.688
local_termination_time: 373509.57636000053
node_cons: 38728.087028943715
tot_aggregated_send: 24534
tot_msg_rcv: 1493
tot_msg_sent: 2819
tot_reconf_duration: 3.05
tot_sleeping_duration: 1856157.6393600123
tot_uptimes: 483
tot_uptimes_duration: 28920.048639987945
