comms_cons: 48.73276160005842
finished_reconf: true
global_termination_time: 497257.671
local_termination_time: 189042.764
node_cons: 10253.671703681259
tot_aggregated_send: 7248
tot_msg_rcv: 48
tot_msg_sent: 111
tot_reconf_duration: 22.65
tot_sleeping_duration: 489622.93387999904
tot_uptimes: 128
tot_uptimes_duration: 7634.737120000937
