comms_cons: 49.2716288005089
finished_reconf: true
global_termination_time: 497599.674
local_termination_time: 269941.45672000054
node_cons: 10209.71198000001
tot_aggregated_send: 7134
tot_msg_rcv: 127
tot_msg_sent: 228
tot_reconf_duration: 4.8100000000000005
tot_sleeping_duration: 489979.674
tot_uptimes: 128
tot_uptimes_duration: 7620.0
