comms_cons: 89.77381119891591
finished_reconf: true
global_termination_time: 912181.966
local_termination_time: 584184.6018399977
node_cons: 18734.098241116797
tot_aggregated_send: 13224
tot_msg_rcv: 140
tot_msg_sent: 281
tot_reconf_duration: 10.95
tot_sleeping_duration: 898201.9599200024
tot_uptimes: 234
tot_uptimes_duration: 13980.006079997635
