comms_cons: 2.335615999992282
finished_reconf: true
global_termination_time: 13423.832
local_termination_time: 10803.79536
node_cons: 252.00622000000018
tot_aggregated_send: 0
tot_msg_rcv: 188
tot_msg_sent: 167
tot_reconf_duration: 8.09
tot_sleeping_duration: 13243.832
tot_uptimes: 4
tot_uptimes_duration: 180.0
