comms_cons: 2.973798399990172
finished_reconf: true
global_termination_time: 14463.538
local_termination_time: 5884.68036
node_cons: 255.898241120006
tot_aggregated_send: 0
tot_msg_rcv: 287
tot_msg_sent: 165
tot_reconf_duration: 10.95
tot_sleeping_duration: 14283.531919999996
tot_uptimes: 4
tot_uptimes_duration: 180.00608000000466
