comms_cons: 166.96072959266962
finished_reconf: true
global_termination_time: 1686011.947
local_termination_time: 681267.1913599999
node_cons: 34639.33236000003
tot_aggregated_send: 24070
tot_msg_rcv: 387
tot_msg_sent: 920
tot_reconf_duration: 9.42
tot_sleeping_duration: 1660151.947
tot_uptimes: 432
tot_uptimes_duration: 25860.0
