comms_cons: 167.15534719418778
finished_reconf: true
global_termination_time: 1690347.797
local_termination_time: 516117.33336000005
node_cons: 34721.75009999998
tot_aggregated_send: 24302
tot_msg_rcv: 359
tot_msg_sent: 744
tot_reconf_duration: 10.95
tot_sleeping_duration: 1664427.797
tot_uptimes: 433
tot_uptimes_duration: 25920.0
