comms_cons: 30.086681599904253
finished_reconf: true
global_termination_time: 305341.635
local_termination_time: 129003.41735999996
node_cons: 6270.661899999991
tot_aggregated_send: 4466
tot_msg_rcv: 51
tot_msg_sent: 56
tot_reconf_duration: 3.05
tot_sleeping_duration: 300661.635
tot_uptimes: 79
tot_uptimes_duration: 4680.0
