comms_cons: 30.645913600690953
finished_reconf: true
global_termination_time: 303177.715
local_termination_time: 145440.89136000004
node_cons: 6193.553939999996
tot_aggregated_send: 4176
tot_msg_rcv: 197
tot_msg_sent: 285
tot_reconf_duration: 5.43
tot_sleeping_duration: 298557.715
tot_uptimes: 78
tot_uptimes_duration: 4620.0
