comms_cons: 395.9402112240974
finished_reconf: true
global_termination_time: 3998059.688
local_termination_time: 2275167.9998399992
node_cons: 82195.41662446628
tot_aggregated_send: 55390
tot_msg_rcv: 1572
tot_msg_sent: 3218
tot_reconf_duration: 5.57
tot_sleeping_duration: 3936679.663680009
tot_uptimes: 1024
tot_uptimes_duration: 61380.024319991004
