comms_cons: 304.3874303759039
finished_reconf: true
global_termination_time: 630288.0795999998
local_termination_time: 630288.0384799999
node_cons: 38281.81070936512
tot_aggregated_send: 0
tot_msg_rcv: 18671
tot_msg_sent: 27592
tot_reconf_duration: 24.59
tot_sleeping_duration: 601723.1673599959
tot_uptimes: 469
tot_uptimes_duration: 28564.912240003956
