comms_cons: 124.4892671901845
finished_reconf: true
global_termination_time: 630288.6795999999
local_termination_time: 2238.66148
node_cons: 12961.833128399876
tot_aggregated_send: 0
tot_msg_rcv: 9576
tot_msg_sent: 9343
tot_reconf_duration: 4.8100000000000005
tot_sleeping_duration: 620613.324
tot_uptimes: 162
tot_uptimes_duration: 9675.355599999893
