comms_cons: 49.77788160078463
finished_reconf: true
global_termination_time: 485310.276
local_termination_time: 168564.98236000005
node_cons: 9983.02428448573
tot_aggregated_send: 6438
tot_msg_rcv: 383
tot_msg_sent: 745
tot_reconf_duration: 15.34
tot_sleeping_duration: 477870.25167999574
tot_uptimes: 125
tot_uptimes_duration: 7440.024320004275
