comms_cons: 49.12814080055845
finished_reconf: true
global_termination_time: 484921.174
local_termination_time: 319808.57136000006
node_cons: 9996.525541121428
tot_aggregated_send: 6496
tot_msg_rcv: 353
tot_msg_sent: 618
tot_reconf_duration: 25.299999999999997
tot_sleeping_duration: 477481.16791999893
tot_uptimes: 125
tot_uptimes_duration: 7440.006080001069
