comms_cons: 49.59400960044695
finished_reconf: true
global_termination_time: 485080.273
local_termination_time: 54890.00736
node_cons: 9992.967546721751
tot_aggregated_send: 6380
tot_msg_rcv: 360
tot_msg_sent: 798
tot_reconf_duration: 22.65
tot_sleeping_duration: 477640.2365199987
tot_uptimes: 125
tot_uptimes_duration: 7440.036480001305
