comms_cons: 49.91701760087898
finished_reconf: true
global_termination_time: 486139.913
local_termination_time: 79514.68147999997
node_cons: 9987.57088224061
tot_aggregated_send: 6322
tot_msg_rcv: 409
tot_msg_sent: 857
tot_reconf_duration: 18.700000000000003
tot_sleeping_duration: 478699.9008399996
tot_uptimes: 125
tot_uptimes_duration: 7440.012160000435
