comms_cons: 50.81116160165516
finished_reconf: true
global_termination_time: 486954.107
local_termination_time: 182868.79460000005
node_cons: 9977.062664485711
tot_aggregated_send: 6206
tot_msg_rcv: 535
tot_msg_sent: 982
tot_reconf_duration: 10.95
tot_sleeping_duration: 479514.08267999574
tot_uptimes: 125
tot_uptimes_duration: 7440.024320004275
