comms_cons: 50.19479040118552
finished_reconf: true
global_termination_time: 486489.401
local_termination_time: 165354.544
node_cons: 9978.328341121436
tot_aggregated_send: 6426
tot_msg_rcv: 446
tot_msg_sent: 757
tot_reconf_duration: 11.899999999999999
tot_sleeping_duration: 479049.39491999894
tot_uptimes: 125
tot_uptimes_duration: 7440.006080001069
