comms_cons: 49.81352960091553
finished_reconf: true
global_termination_time: 487303.483
local_termination_time: 180348.7636400004
node_cons: 9966.310041121427
tot_aggregated_send: 6438
tot_msg_rcv: 376
tot_msg_sent: 758
tot_reconf_duration: 3.05
tot_sleeping_duration: 479863.47691999894
tot_uptimes: 125
tot_uptimes_duration: 7440.006080001069
