comms_cons: 2.809318399993701
finished_reconf: true
global_termination_time: 17363.108
local_termination_time: 6477.919360000001
node_cons: 328.2939411200067
tot_aggregated_send: 0
tot_msg_rcv: 253
tot_msg_sent: 174
tot_reconf_duration: 5.1
tot_sleeping_duration: 17123.101919999994
tot_uptimes: 5
tot_uptimes_duration: 240.00608000000466
