comms_cons: 105.10223999863138
finished_reconf: true
global_termination_time: 1073456.572
local_termination_time: 238546.63636000006
node_cons: 22043.918700000027
tot_aggregated_send: 15022
tot_msg_rcv: 343
tot_msg_sent: 609
tot_reconf_duration: 22.65
tot_sleeping_duration: 1057016.572
tot_uptimes: 275
tot_uptimes_duration: 16440.0
