comms_cons: 210.43960308858712
finished_reconf: true
global_termination_time: 1068225.8967199998
local_termination_time: 3245.7536
node_cons: 21960.7665003181
tot_aggregated_send: 0
tot_msg_rcv: 16137
tot_msg_sent: 15843
tot_reconf_duration: 4.390000000000001
tot_sleeping_duration: 1051829.4778400012
tot_uptimes: 274
tot_uptimes_duration: 16396.418879998557
