comms_cons: 517.4678845249357
finished_reconf: true
global_termination_time: 1068225.2967199998
local_termination_time: 1068225.2555999998
node_cons: 65060.118159802034
tot_aggregated_send: 0
tot_msg_rcv: 31736
tot_msg_sent: 46916
tot_reconf_duration: 24.59
tot_sleeping_duration: 1019661.6485199973
tot_uptimes: 799
tot_uptimes_duration: 48563.64820000248
