comms_cons: 467.83139804497785
finished_reconf: true
global_termination_time: 1709684.452
local_termination_time: 681313.5740399983
node_cons: 69499.63986915388
tot_aggregated_send: 0
tot_msg_rcv: 23902
tot_msg_sent: 47205
tot_reconf_duration: 13.17
tot_sleeping_duration: 1657793.6715600037
tot_uptimes: 859
tot_uptimes_duration: 51890.78043999651
