comms_cons: 176.7633663729464
finished_reconf: true
global_termination_time: 1707769.471
local_termination_time: 664840.062879998
node_cons: 35116.002786700854
tot_aggregated_send: 22446
tot_msg_rcv: 1514
tot_msg_sent: 2907
tot_reconf_duration: 5.43
tot_sleeping_duration: 1681549.434520014
tot_uptimes: 438
tot_uptimes_duration: 26220.036479985807
