comms_cons: 25.758195199905412
finished_reconf: true
global_termination_time: 246882.962
local_termination_time: 932.2816799999996
node_cons: 5067.406043359738
tot_aggregated_send: 3074
tot_msg_rcv: 260
tot_msg_sent: 581
tot_reconf_duration: 4.390000000000001
tot_sleeping_duration: 243102.9437600002
tot_uptimes: 64
tot_uptimes_duration: 3780.018239999801
