comms_cons: 25.007539200315126
finished_reconf: true
global_termination_time: 248767.667
local_termination_time: 168590.47060000055
node_cons: 5069.874901121436
tot_aggregated_send: 3422
tot_msg_rcv: 151
tot_msg_sent: 228
tot_reconf_duration: 6.22
tot_sleeping_duration: 244987.66091999892
tot_uptimes: 64
tot_uptimes_duration: 3780.0060800010688
