comms_cons: 230.69964798360266
finished_reconf: true
global_termination_time: 2326969.273
local_termination_time: 1471115.5477599981
node_cons: 47857.76796687062
tot_aggregated_send: 31726
tot_msg_rcv: 1137
tot_msg_sent: 2202
tot_reconf_duration: 25.299999999999997
tot_sleeping_duration: 2291253.507080007
tot_uptimes: 596
tot_uptimes_duration: 35715.7659199934
