comms_cons: 234.73322878641102
finished_reconf: true
global_termination_time: 2324622.347
local_termination_time: 787732.9500000001
node_cons: 47892.44717399011
tot_aggregated_send: 32245
tot_msg_rcv: 1109
tot_msg_sent: 2324
tot_reconf_duration: 4.8100000000000005
tot_sleeping_duration: 2288859.901000007
tot_uptimes: 596
tot_uptimes_duration: 35762.44599999301
