comms_cons: 333.6396480150328
finished_reconf: true
global_termination_time: 3386356.14
local_termination_time: 2194257.493759998
node_cons: 69665.79064334907
tot_aggregated_send: 47502
tot_msg_rcv: 993
tot_msg_sent: 2214
tot_reconf_duration: 8.09
tot_sleeping_duration: 3334336.121760007
tot_uptimes: 868
tot_uptimes_duration: 52020.01823999314
