comms_cons: 341.3683712260966
finished_reconf: true
global_termination_time: 3386048.313
local_termination_time: 1116017.7458399998
node_cons: 69670.18782670016
tot_aggregated_send: 46052
tot_msg_rcv: 2006
tot_msg_sent: 3828
tot_reconf_duration: 11.31
tot_sleeping_duration: 3334028.276520014
tot_uptimes: 868
tot_uptimes_duration: 52020.03647998627
