comms_cons: 778.1917698057038
finished_reconf: true
global_termination_time: 7845189.894
local_termination_time: 3344250.45036
node_cons: 161410.67290669744
tot_aggregated_send: 108286
tot_msg_rcv: 3354
tot_msg_sent: 6639
tot_reconf_duration: 5.57
tot_sleeping_duration: 7724649.857520013
tot_uptimes: 2010
tot_uptimes_duration: 120540.03647998697
