comms_cons: 773.3144769464325
finished_reconf: true
global_termination_time: 7844291.311
local_termination_time: 4996637.591999998
node_cons: 161338.19078846017
tot_aggregated_send: 108866
tot_msg_rcv: 2929
tot_msg_sent: 5744
tot_reconf_duration: 9.42
tot_sleeping_duration: 7723809.31068001
tot_uptimes: 2009
tot_uptimes_duration: 120482.0003199894
