comms_cons: 783.3100417967688
finished_reconf: true
global_termination_time: 7844500.65
local_termination_time: 579071.7713599999
node_cons: 161326.94331116474
tot_aggregated_send: 108866
tot_msg_rcv: 3564
tot_msg_sent: 6625
tot_reconf_duration: 3.05
tot_sleeping_duration: 7724020.589200023
tot_uptimes: 2009
tot_uptimes_duration: 120480.06079997774
