comms_cons: 144.74581114244586
finished_reconf: true
global_termination_time: 1235138.5893599999
local_termination_time: 4011.609
node_cons: 25436.59066297721
tot_aggregated_send: 6301
tot_msg_rcv: 7091
tot_msg_sent: 8625
tot_reconf_duration: 21.68
tot_sleeping_duration: 1216163.8700000467
tot_uptimes: 317
tot_uptimes_duration: 18974.719359953102
