comms_cons: 120.20261119779637
finished_reconf: true
global_termination_time: 1235182.265
local_termination_time: 4630.658
node_cons: 25419.93150111919
tot_aggregated_send: 17493
tot_msg_rcv: 291
tot_msg_sent: 486
tot_reconf_duration: 23.919999999999998
tot_sleeping_duration: 1216222.2589200006
tot_uptimes: 317
tot_uptimes_duration: 18960.006079999366
