comms_cons: 118.89930239776733
finished_reconf: true
global_termination_time: 1235517.651
local_termination_time: 3936.5660000000003
node_cons: 25403.35576000004
tot_aggregated_send: 17678
tot_msg_rcv: 168
tot_msg_sent: 226
tot_reconf_duration: 11.719999999999999
tot_sleeping_duration: 1216557.651
tot_uptimes: 317
tot_uptimes_duration: 18960.0
