comms_cons: 218.25180159466083
finished_reconf: true
global_termination_time: 2201694.061
local_termination_time: 963855.7833599999
node_cons: 45249.30485999957
tot_aggregated_send: 31726
tot_msg_rcv: 531
tot_msg_sent: 916
tot_reconf_duration: 13.17
tot_sleeping_duration: 2167914.061
tot_uptimes: 564
tot_uptimes_duration: 33780.0
