comms_cons: 220.5808383842206
finished_reconf: true
global_termination_time: 2198923.376
local_termination_time: 309884.5760400007
node_cons: 45237.42232558361
tot_aggregated_send: 30624
tot_msg_rcv: 1044
tot_msg_sent: 1859
tot_reconf_duration: 4.390000000000001
tot_sleeping_duration: 2165143.3456000118
tot_uptimes: 564
tot_uptimes_duration: 33780.03039998817
