comms_cons: 432.4695165354593
finished_reconf: true
global_termination_time: 2199600.113
local_termination_time: 3452.2053600000004
node_cons: 45246.787121116344
tot_aggregated_send: 0
tot_msg_rcv: 33079
tot_msg_sent: 32655
tot_reconf_duration: 11.31
tot_sleeping_duration: 2165820.1069200025
tot_uptimes: 564
tot_uptimes_duration: 33780.006079997635
