comms_cons: 209.09973759422948
finished_reconf: true
global_termination_time: 2127713.718
local_termination_time: 1226351.77436
node_cons: 43712.52405999966
tot_aggregated_send: 30276
tot_msg_rcv: 521
tot_msg_sent: 985
tot_reconf_duration: 5.57
tot_sleeping_duration: 2095073.7179999999
tot_uptimes: 545
tot_uptimes_duration: 32640.0
