comms_cons: 213.8180479746497
finished_reconf: true
global_termination_time: 2128372.65
local_termination_time: 541059.84136
node_cons: 43791.9215322848
tot_aggregated_send: 28362
tot_msg_rcv: 1402
tot_msg_sent: 2735
tot_reconf_duration: 4.8100000000000005
tot_sleeping_duration: 2095672.583120026
tot_uptimes: 546
tot_uptimes_duration: 32700.06687997398
