comms_cons: 214.3988991814951
finished_reconf: true
global_termination_time: 2128602.861
local_termination_time: 326509.6543600001
node_cons: 43789.531452293995
tot_aggregated_send: 28362
tot_msg_rcv: 1539
tot_msg_sent: 2689
tot_reconf_duration: 3.05
tot_sleeping_duration: 2095902.794120019
tot_uptimes: 546
tot_uptimes_duration: 32700.066879980848
