comms_cons: 176.0466815870873
finished_reconf: true
global_termination_time: 1739002.333
local_termination_time: 379041.552
node_cons: 35772.196848948406
tot_aggregated_send: 23764
tot_msg_rcv: 952
tot_msg_sent: 2042
tot_reconf_duration: 15.34
tot_sleeping_duration: 1712302.2843600088
tot_uptimes: 446
tot_uptimes_duration: 26700.04863999138
