comms_cons: 173.65798399438128
finished_reconf: true
global_termination_time: 1735287.532
local_termination_time: 1427593.147239999
node_cons: 35762.28622000003
tot_aggregated_send: 24708
tot_msg_rcv: 591
tot_msg_sent: 1095
tot_reconf_duration: 8.09
tot_sleeping_duration: 1708587.532
tot_uptimes: 445
tot_uptimes_duration: 26700.0
