comms_cons: 174.684339183171
finished_reconf: true
global_termination_time: 1737243.571
local_termination_time: 702027.9318399987
node_cons: 35678.3502222335
tot_aggregated_send: 23432
tot_msg_rcv: 969
tot_msg_sent: 2150
tot_reconf_duration: 5.43
tot_sleeping_duration: 1710603.5588400047
tot_uptimes: 445
tot_uptimes_duration: 26640.01215999527
