comms_cons: 404.0767040351481
finished_reconf: true
global_termination_time: 4079468.264
local_termination_time: 2159072.067199999
node_cons: 83882.59733005131
tot_aggregated_send: 54636
tot_msg_rcv: 2535
tot_msg_sent: 4246
tot_reconf_duration: 5.57
tot_sleeping_duration: 4016828.20928002
tot_uptimes: 1045
tot_uptimes_duration: 62640.054719979875
