comms_cons: 403.1592704304873
finished_reconf: true
global_termination_time: 4080025.62
local_termination_time: 13835.032200000001
node_cons: 83881.062375634
tot_aggregated_send: 56086
tot_msg_rcv: 1742
tot_msg_sent: 3448
tot_reconf_duration: 4.390000000000001
tot_sleeping_duration: 4017385.5148800327
tot_uptimes: 1045
tot_uptimes_duration: 62640.10511996725
