comms_cons: 414.26416646726256
finished_reconf: true
global_termination_time: 4078203.4562399974
local_termination_time: 13841.514840000002
node_cons: 83909.50095835821
tot_aggregated_send: 55448
tot_msg_rcv: 2509
tot_msg_sent: 5007
tot_reconf_duration: 11.31
tot_sleeping_duration: 4015549.130640027
tot_uptimes: 1045
tot_uptimes_duration: 62654.3255999704
