comms_cons: 2.6802879999906697
finished_reconf: true
global_termination_time: 16693.041
local_termination_time: 10138.26136
node_cons: 339.24486000000013
tot_aggregated_send: 0
tot_msg_rcv: 241
tot_msg_sent: 166
tot_reconf_duration: 13.17
tot_sleeping_duration: 16453.041
tot_uptimes: 5
tot_uptimes_duration: 240.0
