comms_cons: 283.0106752038934
finished_reconf: true
global_termination_time: 585035.4737999995
local_termination_time: 585035.4326799995
node_cons: 35622.6107514037
tot_aggregated_send: 0
tot_msg_rcv: 17336
tot_msg_sent: 25679
tot_reconf_duration: 24.59
tot_sleeping_duration: 558456.5211999967
tot_uptimes: 437
tot_uptimes_duration: 26578.95260000281
