comms_cons: 57.949593600122135
finished_reconf: true
global_termination_time: 585191.878
local_termination_time: 356003.7643600001
node_cons: 11978.224060000026
tot_aggregated_send: 8294
tot_msg_rcv: 171
tot_msg_sent: 343
tot_reconf_duration: 5.57
tot_sleeping_duration: 576251.878
tot_uptimes: 150
tot_uptimes_duration: 8940.0
