comms_cons: 59.607552001220235
finished_reconf: true
global_termination_time: 585036.16736
local_termination_time: 9125.620040000002
node_cons: 11998.441321282879
tot_aggregated_send: 7888
tot_msg_rcv: 413
tot_msg_sent: 759
tot_reconf_duration: 4.390000000000001
tot_sleeping_duration: 576079.8718399978
tot_uptimes: 150
tot_uptimes_duration: 8956.295520002139
