comms_cons: 79.39180160863705
finished_reconf: true
global_termination_time: 345471.8806000006
local_termination_time: 3485.1743600000004
node_cons: 7150.502404975764
tot_aggregated_send: 0
tot_msg_rcv: 6873
tot_msg_sent: 5185
tot_reconf_duration: 18.21
tot_sleeping_duration: 340150.1679599888
tot_uptimes: 89
tot_uptimes_duration: 5321.71264001177
