comms_cons: 167.94983681866307
finished_reconf: true
global_termination_time: 345471.2806000005
local_termination_time: 345471.2394800005
node_cons: 21121.499649567064
tot_aggregated_send: 0
tot_msg_rcv: 10325
tot_msg_sent: 15203
tot_reconf_duration: 37.410000000000004
tot_sleeping_duration: 329735.13655999524
tot_uptimes: 257
tot_uptimes_duration: 15736.144040005245
