comms_cons: 35.06776320064043
finished_reconf: true
global_termination_time: 346621.142
local_termination_time: 10079.04848
node_cons: 7074.1270633643
tot_aggregated_send: 4524
tot_msg_rcv: 225
tot_msg_sent: 581
tot_reconf_duration: 3.08
tot_sleeping_duration: 341341.1237599968
tot_uptimes: 89
tot_uptimes_duration: 5280.018240003206
