comms_cons: 35.02828800034718
finished_reconf: true
global_termination_time: 350118.214
local_termination_time: 58775.609880000186
node_cons: 7163.479127679988
tot_aggregated_send: 4698
tot_msg_rcv: 167
tot_msg_sent: 460
tot_reconf_duration: 9.11
tot_sleeping_duration: 344777.58087999996
tot_uptimes: 90
tot_uptimes_duration: 5340.633119999984
