comms_cons: 34.5276416001751
finished_reconf: true
global_termination_time: 347225.136
local_termination_time: 290275.15048000106
node_cons: 7074.0619000000725
tot_aggregated_send: 4814
tot_msg_rcv: 146
tot_msg_sent: 288
tot_reconf_duration: 3.05
tot_sleeping_duration: 341945.136
tot_uptimes: 89
tot_uptimes_duration: 5280.0
