comms_cons: 0.6644992000014818
finished_reconf: true
global_termination_time: 4002.61
local_termination_time: 1764.2713600000002
node_cons: 105.06918000000005
tot_aggregated_send: 0
tot_msg_rcv: 60
tot_msg_sent: 41
tot_reconf_duration: 18.21
tot_sleeping_duration: 3942.61
tot_uptimes: 2
tot_uptimes_duration: 60.0
