comms_cons: 132.45308158690807
finished_reconf: true
global_termination_time: 1313517.097
local_termination_time: 687416.2775999998
node_cons: 27012.17370670109
tot_aggregated_send: 17400
tot_msg_rcv: 992
tot_msg_sent: 1741
tot_reconf_duration: 13.17
tot_sleeping_duration: 1293357.0605200143
tot_uptimes: 337
tot_uptimes_duration: 20160.036479985807
