comms_cons: 134.56339198590192
finished_reconf: true
global_termination_time: 1315615.945
local_termination_time: 676456.850879999
node_cons: 26998.47148670098
tot_aggregated_send: 17226
tot_msg_rcv: 1071
tot_msg_sent: 2155
tot_reconf_duration: 3.08
tot_sleeping_duration: 1295455.9085200143
tot_uptimes: 337
tot_uptimes_duration: 20160.036479985807
