comms_cons: 133.17021439185035
finished_reconf: true
global_termination_time: 1313692.632
local_termination_time: 574455.0253599999
node_cons: 27014.828204572113
tot_aggregated_send: 17806
tot_msg_rcv: 776
tot_msg_sent: 1659
tot_reconf_duration: 15.110000000000001
tot_sleeping_duration: 1293532.5806000207
tot_uptimes: 337
tot_uptimes_duration: 20160.05139997916
