comms_cons: 132.52482559084325
finished_reconf: true
global_termination_time: 1314266.0
local_termination_time: 641538.9483599998
node_cons: 27001.662786700945
tot_aggregated_send: 18270
tot_msg_rcv: 768
tot_msg_sent: 1105
tot_reconf_duration: 5.43
tot_sleeping_duration: 1294105.9635200142
tot_uptimes: 337
tot_uptimes_duration: 20160.036479985807
