comms_cons: 116.4057855984456
finished_reconf: true
global_termination_time: 1205411.632
local_termination_time: 643352.4845199992
node_cons: 24753.248240000077
tot_aggregated_send: 17400
tot_msg_rcv: 122
tot_msg_sent: 171
tot_reconf_duration: 6.279999999999999
tot_sleeping_duration: 1186931.632
tot_uptimes: 309
tot_uptimes_duration: 18480.0
