comms_cons: 116.63010559853493
finished_reconf: true
global_termination_time: 1209792.66
local_termination_time: 319712.86992000026
node_cons: 24831.98580000001
tot_aggregated_send: 17052
tot_msg_rcv: 224
tot_msg_sent: 451
tot_reconf_duration: 5.1
tot_sleeping_duration: 1191252.66
tot_uptimes: 310
tot_uptimes_duration: 18540.0
