comms_cons: 0.9866431999958839
finished_reconf: true
global_termination_time: 5991.113
local_termination_time: 3181.3473599999998
node_cons: 93.13235999999948
tot_aggregated_send: 0
tot_msg_rcv: 98
tot_msg_sent: 51
tot_reconf_duration: 9.42
tot_sleeping_duration: 5931.113
tot_uptimes: 2
tot_uptimes_duration: 60.0
