comms_cons: 190.83390078742858
finished_reconf: true
global_termination_time: 1886268.68124
local_termination_time: 20954.18996
node_cons: 38865.630817190475
tot_aggregated_send: 26216
tot_msg_rcv: 1034
tot_msg_sent: 1755
tot_reconf_duration: 18.21
tot_sleeping_duration: 1857261.286440007
tot_uptimes: 484
tot_uptimes_duration: 29007.394799993046
