comms_cons: 187.48648959135627
finished_reconf: true
global_termination_time: 1889024.307
local_termination_time: 1005177.1974399985
node_cons: 38825.07614335024
tot_aggregated_send: 26448
tot_msg_rcv: 662
tot_msg_sent: 1386
tot_reconf_duration: 15.34
tot_sleeping_duration: 1860044.2887600071
tot_uptimes: 484
tot_uptimes_duration: 28980.018239992904
