comms_cons: 190.39321598346666
finished_reconf: true
global_termination_time: 1886391.898
local_termination_time: 434622.3108800009
node_cons: 38811.210928934415
tot_aggregated_send: 25868
tot_msg_rcv: 920
tot_msg_sent: 2150
tot_reconf_duration: 5.1
tot_sleeping_duration: 1857411.849360019
tot_uptimes: 484
tot_uptimes_duration: 28980.048639981076
