comms_cons: 190.27510398812416
finished_reconf: true
global_termination_time: 1888227.692
local_termination_time: 175264.0564800001
node_cons: 38822.17813006969
tot_aggregated_send: 26100
tot_msg_rcv: 908
tot_msg_sent: 1913
tot_reconf_duration: 13.17
tot_sleeping_duration: 1859247.6372800076
tot_uptimes: 484
tot_uptimes_duration: 28980.054719992448
