comms_cons: 185.672345582788
finished_reconf: true
global_termination_time: 1814816.03
local_termination_time: 646217.5062799982
node_cons: 37286.32894558406
tot_aggregated_send: 24302
tot_msg_rcv: 1303
tot_msg_sent: 2616
tot_reconf_duration: 6.279999999999999
tot_sleeping_duration: 1786975.9996000119
tot_uptimes: 465
tot_uptimes_duration: 27840.030399988173
