comms_cons: 178.80089599315005
finished_reconf: true
global_termination_time: 1813125.922
local_termination_time: 1172711.1226799986
node_cons: 37294.91154000002
tot_aggregated_send: 26100
tot_msg_rcv: 332
tot_msg_sent: 745
tot_reconf_duration: 12.629999999999999
tot_sleeping_duration: 1785285.922
tot_uptimes: 465
tot_uptimes_duration: 27840.0
