comms_cons: 185.44035837990506
finished_reconf: true
global_termination_time: 1814978.585
local_termination_time: 98350.97875999949
node_cons: 37288.42840670086
tot_aggregated_send: 24650
tot_msg_rcv: 1270
tot_msg_sent: 2266
tot_reconf_duration: 7.819999999999999
tot_sleeping_duration: 1787138.5485200142
tot_uptimes: 465
tot_uptimes_duration: 27840.036479985807
