comms_cons: 5.006771200003282
finished_reconf: true
global_termination_time: 2788.411680000004
local_termination_time: 2788.370560000004
node_cons: 610.1161595200056
tot_aggregated_send: 0
tot_msg_rcv: 346
tot_msg_sent: 411
tot_reconf_duration: 24.59
tot_sleeping_duration: 2357.7
tot_uptimes: 7
tot_uptimes_duration: 430.711680000004
