comms_cons: 122.83366399200641
finished_reconf: true
global_termination_time: 1221093.49048
local_termination_time: 1221093.44936
node_cons: 25117.847942074928
tot_aggregated_send: 16994
tot_msg_rcv: 575
tot_msg_sent: 1100
tot_reconf_duration: 24.59
tot_sleeping_duration: 1202359.7677600037
tot_uptimes: 313
tot_uptimes_duration: 18733.722719996178
