comms_cons: 120.93283839440015
finished_reconf: true
global_termination_time: 1224190.833
local_termination_time: 767203.9007999995
node_cons: 25157.04770111696
tot_aggregated_send: 17110
tot_msg_rcv: 401
tot_msg_sent: 870
tot_reconf_duration: 7.819999999999999
tot_sleeping_duration: 1205410.8269200025
tot_uptimes: 314
tot_uptimes_duration: 18780.006079997635
