comms_cons: 48.04131840036502
finished_reconf: true
global_termination_time: 481733.087
local_termination_time: 209665.00584000014
node_cons: 9887.781620000032
tot_aggregated_send: 6902
tot_msg_rcv: 172
tot_msg_sent: 228
tot_reconf_duration: 4.390000000000001
tot_sleeping_duration: 474353.087
tot_uptimes: 124
tot_uptimes_duration: 7380.0
