comms_cons: 2.710630399991042
finished_reconf: true
global_termination_time: 16377.351
local_termination_time: 5985.30072
node_cons: 355.7255411200065
tot_aggregated_send: 0
tot_msg_rcv: 257
tot_msg_sent: 155
tot_reconf_duration: 25.299999999999997
tot_sleeping_duration: 16137.344919999996
tot_uptimes: 5
tot_uptimes_duration: 240.00608000000466
