comms_cons: 2.5724671999945934
finished_reconf: true
global_termination_time: 14707.094
local_termination_time: 6083.7883600000005
node_cons: 261.5393800000008
tot_aggregated_send: 0
tot_msg_rcv: 230
tot_msg_sent: 160
tot_reconf_duration: 15.110000000000001
tot_sleeping_duration: 14527.094
tot_uptimes: 4
tot_uptimes_duration: 180.0
