comms_cons: 3.09880319999187
finished_reconf: true
global_termination_time: 16158.517
local_termination_time: 4463.360360000001
node_cons: 338.51968112000645
tot_aggregated_send: 0
tot_msg_rcv: 303
tot_msg_sent: 168
tot_reconf_duration: 12.629999999999999
tot_sleeping_duration: 15918.510919999995
tot_uptimes: 5
tot_uptimes_duration: 240.00608000000466
