comms_cons: 2.526412799997365
finished_reconf: true
global_termination_time: 14040.768
local_termination_time: 10879.07636
node_cons: 249.4667599999991
tot_aggregated_send: 0
tot_msg_rcv: 258
tot_msg_sent: 126
tot_reconf_duration: 6.22
tot_sleeping_duration: 13860.768
tot_uptimes: 4
tot_uptimes_duration: 180.0
