comms_cons: 2.6777343999974836
finished_reconf: true
global_termination_time: 15695.877
local_termination_time: 8172.7973600000005
node_cons: 328.7339400000004
tot_aggregated_send: 0
tot_msg_rcv: 236
tot_msg_sent: 171
tot_reconf_duration: 5.43
tot_sleeping_duration: 15455.877
tot_uptimes: 5
tot_uptimes_duration: 240.0
