comms_cons: 140.00593916963513
finished_reconf: true
global_termination_time: 717313.532
local_termination_time: 2359.12636
node_cons: 14726.949180000021
tot_aggregated_send: 0
tot_msg_rcv: 10681
tot_msg_sent: 10600
tot_reconf_duration: 18.21
tot_sleeping_duration: 706333.532
tot_uptimes: 184
tot_uptimes_duration: 10980.0
