comms_cons: 71.59015680095727
finished_reconf: true
global_termination_time: 711095.6421200001
local_termination_time: 156311.541
node_cons: 14684.292338645535
tot_aggregated_send: 9800
tot_msg_rcv: 390
tot_msg_sent: 691
tot_reconf_duration: 22.65
tot_sleeping_duration: 700152.002359996
tot_uptimes: 183
tot_uptimes_duration: 10943.639760004124
