comms_cons: 511.17335047936865
finished_reconf: true
global_termination_time: 2592462.379
local_termination_time: 887.3704799999999
node_cons: 53290.16546223283
tot_aggregated_send: 0
tot_msg_rcv: 39246
tot_msg_sent: 38448
tot_reconf_duration: 18.21
tot_sleeping_duration: 2552682.366840005
tot_uptimes: 664
tot_uptimes_duration: 39780.01215999527
