comms_cons: 260.2900223935428
finished_reconf: true
global_termination_time: 2590203.1701199915
local_termination_time: 76052.9513999995
node_cons: 53368.16848532803
tot_aggregated_send: 35728
tot_msg_rcv: 1335
tot_msg_sent: 2499
tot_reconf_duration: 25.299999999999997
tot_sleeping_duration: 2550372.0938800145
tot_uptimes: 664
tot_uptimes_duration: 39831.07623997677
