comms_cons: 254.14908798953925
finished_reconf: true
global_termination_time: 2593388.524
local_termination_time: 1127180.684519998
node_cons: 53354.21490111599
tot_aggregated_send: 36076
tot_msg_rcv: 870
tot_msg_sent: 1683
tot_reconf_duration: 6.22
tot_sleeping_duration: 2553548.5179200023
tot_uptimes: 665
tot_uptimes_duration: 39840.00607999766
