comms_cons: 22.764032000208545
finished_reconf: true
global_termination_time: 229851.966
local_termination_time: 165183.10936000003
node_cons: 4663.861899999988
tot_aggregated_send: 3132
tot_msg_rcv: 103
tot_msg_sent: 225
tot_reconf_duration: 3.05
tot_sleeping_duration: 226371.966
tot_uptimes: 59
tot_uptimes_duration: 3480.0
