comms_cons: 11.455014400090523
finished_reconf: true
global_termination_time: 107734.508
local_termination_time: 56281.90536000001
node_cons: 2193.9173211202897
tot_aggregated_send: 1160
tot_msg_rcv: 232
tot_msg_sent: 349
tot_reconf_duration: 18.21
tot_sleeping_duration: 106114.50191999979
tot_uptimes: 28
tot_uptimes_duration: 1620.0060800002175
