comms_cons: 11.655769599975535
finished_reconf: true
global_termination_time: 107611.602
local_termination_time: 50348.94284000013
node_cons: 2175.14976111916
tot_aggregated_send: 1102
tot_msg_rcv: 262
tot_msg_sent: 407
tot_reconf_duration: 4.390000000000001
tot_sleeping_duration: 105991.59592000063
tot_uptimes: 28
tot_uptimes_duration: 1620.0060799993662
