comms_cons: 11.316223999915275
finished_reconf: true
global_termination_time: 109586.253
local_termination_time: 9384.053280000002
node_cons: 2257.9749011200074
tot_aggregated_send: 1276
tot_msg_rcv: 192
tot_msg_sent: 251
tot_reconf_duration: 6.22
tot_sleeping_duration: 107906.24691999999
tot_uptimes: 29
tot_uptimes_duration: 1680.0060800000065
