comms_cons: 11.171481600061464
finished_reconf: true
global_termination_time: 110653.411
local_termination_time: 31562.3754
node_cons: 2264.8871211202877
tot_aggregated_send: 1392
tot_msg_rcv: 83
tot_msg_sent: 223
tot_reconf_duration: 11.31
tot_sleeping_duration: 108973.40491999977
tot_uptimes: 29
tot_uptimes_duration: 1680.0060800002175
