comms_cons: 35.82374399982709
finished_reconf: true
global_termination_time: 361319.726
local_termination_time: 8708.0106
node_cons: 7409.164860000009
tot_aggregated_send: 5162
tot_msg_rcv: 120
tot_msg_sent: 162
tot_reconf_duration: 13.17
tot_sleeping_duration: 355799.726
tot_uptimes: 93
tot_uptimes_duration: 5520.0
