comms_cons: 35.15924480034405
finished_reconf: true
global_termination_time: 358782.5809600002
local_termination_time: 176380.4697200001
node_cons: 7347.038697440301
tot_aggregated_send: 5104
tot_msg_rcv: 66
tot_msg_sent: 174
tot_reconf_duration: 11.31
tot_sleeping_duration: 353307.092
tot_uptimes: 92
tot_uptimes_duration: 5475.488960000221
