comms_cons: 36.9478144005927
finished_reconf: true
global_termination_time: 362156.033
local_termination_time: 652.1633999999995
node_cons: 7398.662081121439
tot_aggregated_send: 4872
tot_msg_rcv: 281
tot_msg_sent: 462
tot_reconf_duration: 5.43
tot_sleeping_duration: 356636.0269199989
tot_uptimes: 93
tot_uptimes_duration: 5520.006080001069
