comms_cons: 72.94725120843009
finished_reconf: true
global_termination_time: 362220.238
local_termination_time: 641.6810399999995
node_cons: 7412.136143364301
tot_aggregated_send: 0
tot_msg_rcv: 5748
tot_msg_sent: 5338
tot_reconf_duration: 15.34
tot_sleeping_duration: 356700.2197599968
tot_uptimes: 93
tot_uptimes_duration: 5520.018240003206
