comms_cons: 190.06650878961898
finished_reconf: true
global_termination_time: 1899616.169
local_termination_time: 1258297.9443599998
node_cons: 39052.804059999864
tot_aggregated_send: 26912
tot_msg_rcv: 706
tot_msg_sent: 1271
tot_reconf_duration: 5.57
tot_sleeping_duration: 1870456.169
tot_uptimes: 487
tot_uptimes_duration: 29160.0
