comms_cons: 191.16523519041476
finished_reconf: true
global_termination_time: 1902441.527
local_termination_time: 1340816.6407199996
node_cons: 39132.505799999584
tot_aggregated_send: 26970
tot_msg_rcv: 814
tot_msg_sent: 1272
tot_reconf_duration: 5.1
tot_sleeping_duration: 1873221.527
tot_uptimes: 488
tot_uptimes_duration: 29220.0
