comms_cons: 189.84360958694694
finished_reconf: true
global_termination_time: 1900367.872
local_termination_time: 776678.3573599999
node_cons: 39051.82896781768
tot_aggregated_send: 25636
tot_msg_rcv: 1062
tot_msg_sent: 2157
tot_reconf_duration: 4.8100000000000005
tot_sleeping_duration: 1871207.8294400165
tot_uptimes: 487
tot_uptimes_duration: 29160.04255998344
