comms_cons: 190.44935678429718
finished_reconf: true
global_termination_time: 1902216.377
local_termination_time: 947260.7586399982
node_cons: 39129.77074670083
tot_aggregated_send: 26100
tot_msg_rcv: 753
tot_msg_sent: 2095
tot_reconf_duration: 3.05
tot_sleeping_duration: 1872996.3405200143
tot_uptimes: 488
tot_uptimes_duration: 29220.036479985807
