comms_cons: 132.07452159494477
finished_reconf: true
global_termination_time: 1318633.647
local_termination_time: 600703.4273599999
node_cons: 27105.36312335057
tot_aggregated_send: 17690
tot_msg_rcv: 748
tot_msg_sent: 1635
tot_reconf_duration: 22.65
tot_sleeping_duration: 1298413.6287600072
tot_uptimes: 338
tot_uptimes_duration: 20220.018239992904
