comms_cons: 132.19586559375384
finished_reconf: true
global_termination_time: 1318077.471239999
local_termination_time: 693031.8385999977
node_cons: 27140.162084872325
tot_aggregated_send: 18618
tot_msg_rcv: 522
tot_msg_sent: 953
tot_reconf_duration: 11.31
tot_sleeping_duration: 1297819.9633200045
tot_uptimes: 338
tot_uptimes_duration: 20257.5079199943
