comms_cons: 383.1997629463672
finished_reconf: true
global_termination_time: 1318077.4309199983
local_termination_time: 1318077.3897999984
node_cons: 53614.404807993444
tot_aggregated_send: 0
tot_msg_rcv: 19587
tot_msg_sent: 38656
tot_reconf_duration: 24.59
tot_sleeping_duration: 1278061.7389200027
tot_uptimes: 663
tot_uptimes_duration: 40015.69199999571
