comms_cons: 413.9467328684568
finished_reconf: true
global_termination_time: 4121330.674
local_termination_time: 301485.90612
node_cons: 84776.66627117229
tot_aggregated_send: 57594
tot_msg_rcv: 1726
tot_msg_sent: 3597
tot_reconf_duration: 13.17
tot_sleeping_duration: 4058030.613200019
tot_uptimes: 1056
tot_uptimes_duration: 63300.06079998094
