comms_cons: 415.9301248686606
finished_reconf: true
global_termination_time: 4123985.044
local_termination_time: 2192529.34236
node_cons: 84864.46716446632
tot_aggregated_send: 57130
tot_msg_rcv: 1982
tot_msg_sent: 4107
tot_reconf_duration: 18.700000000000003
tot_sleeping_duration: 4060625.019680009
tot_uptimes: 1057
tot_uptimes_duration: 63360.02431999124
