comms_cons: 89.70476161206
finished_reconf: true
global_termination_time: 445826.8366000002
local_termination_time: 465.6163599999999
node_cons: 9200.201715125424
tot_aggregated_send: 0
tot_msg_rcv: 7012
tot_msg_sent: 6620
tot_reconf_duration: 15.34
tot_sleeping_duration: 438971.4445199962
tot_uptimes: 115
tot_uptimes_duration: 6855.392080004043
