comms_cons: 269.1097855807828
finished_reconf: true
global_termination_time: 2701123.037
local_termination_time: 1841023.2840399994
node_cons: 55522.54476558332
tot_aggregated_send: 36192
tot_msg_rcv: 1640
tot_msg_sent: 3072
tot_reconf_duration: 5.57
tot_sleeping_duration: 2659663.006600012
tot_uptimes: 692
tot_uptimes_duration: 41460.03039998817
