comms_cons: 266.27338240008953
finished_reconf: true
global_termination_time: 2699802.876
local_termination_time: 1100582.2196
node_cons: 55525.92621999918
tot_aggregated_send: 38860
tot_msg_rcv: 528
tot_msg_sent: 1084
tot_reconf_duration: 8.09
tot_sleeping_duration: 2658342.876
tot_uptimes: 692
tot_uptimes_duration: 41460.0
