comms_cons: 265.02396159530554
finished_reconf: true
global_termination_time: 2695663.099
local_termination_time: 1247745.0713599997
node_cons: 55455.12752111572
tot_aggregated_send: 38570
tot_msg_rcv: 520
tot_msg_sent: 1192
tot_reconf_duration: 15.110000000000001
tot_sleeping_duration: 2654263.092920002
tot_uptimes: 691
tot_uptimes_duration: 41400.006079997635
