comms_cons: 445.35687018030006
finished_reconf: true
global_termination_time: 2696584.163
local_termination_time: 530724.4403599999
node_cons: 55441.21339116747
tot_aggregated_send: 0
tot_msg_rcv: 34278
tot_msg_sent: 33414
tot_reconf_duration: 4.8100000000000005
tot_sleeping_duration: 2655184.102200024
tot_uptimes: 691
tot_uptimes_duration: 41400.060799976345
