comms_cons: 282.2789056035013
finished_reconf: false
global_termination_time: 2811007.984
local_termination_time: 0
node_cons: 57844.81628223295
tot_aggregated_send: 39324
tot_msg_rcv: 1142
tot_msg_sent: 2438
tot_reconf_duration: 0
tot_sleeping_duration: 2767807.9718400044
tot_uptimes: 720
tot_uptimes_duration: 43200.0121599955
