comms_cons: 281.90585602404934
finished_reconf: true
global_termination_time: 2809512.878
local_termination_time: 1614107.985399999
node_cons: 57848.9988878175
tot_aggregated_send: 39498
tot_msg_rcv: 1081
tot_msg_sent: 2269
tot_reconf_duration: 3.05
tot_sleeping_duration: 2766312.835440016
tot_uptimes: 720
tot_uptimes_duration: 43200.04255998414
