comms_cons: 15.329951999785681
finished_reconf: true
global_termination_time: 141294.699
local_termination_time: 68316.88719999963
node_cons: 2898.780121119149
tot_aggregated_send: 1682
tot_msg_rcv: 242
tot_msg_sent: 406
tot_reconf_duration: 4.8100000000000005
tot_sleeping_duration: 139134.6929200006
tot_uptimes: 37
tot_uptimes_duration: 2160.006079999366
