comms_cons: 93.93123841352002
finished_reconf: true
global_termination_time: 478521.477
local_termination_time: 51354.29160000002
node_cons: 9807.457902240603
tot_aggregated_send: 0
tot_msg_rcv: 7197
tot_msg_sent: 7080
tot_reconf_duration: 4.390000000000001
tot_sleeping_duration: 471201.4648399996
tot_uptimes: 123
tot_uptimes_duration: 7320.012160000435
