comms_cons: 9.724057600200707
finished_reconf: true
global_termination_time: 75905.48247999996
local_termination_time: 75905.44135999997
node_cons: 1595.6375020805226
tot_aggregated_send: 580
tot_msg_rcv: 385
tot_msg_sent: 512
tot_reconf_duration: 37.410000000000004
tot_sleeping_duration: 74751.75975999956
tot_uptimes: 20
tot_uptimes_duration: 1153.7227200003963
