comms_cons: 9.927667200097995
finished_reconf: true
global_termination_time: 77499.928
local_termination_time: 33529.50036000001
node_cons: 1551.1973211191498
tot_aggregated_send: 580
tot_msg_rcv: 415
tot_msg_sent: 514
tot_reconf_duration: 18.21
tot_sleeping_duration: 76359.92192000063
tot_uptimes: 20
tot_uptimes_duration: 1140.0060799993662
