comms_cons: 9.91800960012348
finished_reconf: true
global_termination_time: 79158.817
local_termination_time: 32416.28836
node_cons: 1641.1573999999987
tot_aggregated_send: 696
tot_msg_rcv: 362
tot_msg_sent: 449
tot_reconf_duration: 25.299999999999997
tot_sleeping_duration: 77958.817
tot_uptimes: 21
tot_uptimes_duration: 1200.0
