comms_cons: 9.78984960013582
finished_reconf: true
global_termination_time: 81201.107
local_termination_time: 22261.410800000005
node_cons: 1624.709283359736
tot_aggregated_send: 522
tot_msg_rcv: 440
tot_msg_sent: 526
tot_reconf_duration: 13.17
tot_sleeping_duration: 80001.0887600002
tot_uptimes: 21
tot_uptimes_duration: 1200.0182399998012
