comms_cons: 79.92412159755838
finished_reconf: true
global_termination_time: 801523.112
local_termination_time: 257386.64736000006
node_cons: 16500.47498223828
tot_aggregated_send: 11194
tot_msg_rcv: 273
tot_msg_sent: 681
tot_reconf_duration: 22.65
tot_sleeping_duration: 789223.0998400013
tot_uptimes: 206
tot_uptimes_duration: 12300.012159998703
