comms_cons: 79.02935039976359
finished_reconf: true
global_termination_time: 803606.32
local_termination_time: 577275.7104799999
node_cons: 16473.858182242948
tot_aggregated_send: 10962
tot_msg_rcv: 333
tot_msg_sent: 717
tot_reconf_duration: 3.05
tot_sleeping_duration: 791306.3078399978
tot_uptimes: 206
tot_uptimes_duration: 12300.012160002138
