comms_cons: 247.3834175845639
finished_reconf: true
global_termination_time: 2474406.9329999983
local_termination_time: 152943.848
node_cons: 50908.173749750225
tot_aggregated_send: 34218
tot_msg_rcv: 1101
tot_msg_sent: 2282
tot_reconf_duration: 22.65
tot_sleeping_duration: 2436410.3571600053
tot_uptimes: 634
tot_uptimes_duration: 37996.57583999325
