comms_cons: 244.4107007860126
finished_reconf: true
global_termination_time: 2475095.041
local_termination_time: 579518.4704799999
node_cons: 50859.38632334983
tot_aggregated_send: 34568
tot_msg_rcv: 777
tot_msg_sent: 1804
tot_reconf_duration: 3.05
tot_sleeping_duration: 2437115.022760007
tot_uptimes: 634
tot_uptimes_duration: 37980.0182399929
