comms_cons: 244.80170879254356
finished_reconf: true
global_termination_time: 2475190.742
local_termination_time: 702991.798479999
node_cons: 50865.84770111618
tot_aggregated_send: 34800
tot_msg_rcv: 901
tot_msg_sent: 1507
tot_reconf_duration: 7.819999999999999
tot_sleeping_duration: 2437210.735920002
tot_uptimes: 634
tot_uptimes_duration: 37980.006079997635
