comms_cons: 56.759315204416296
finished_reconf: true
global_termination_time: 276329.5010400004
local_termination_time: 2134.5740400000013
node_cons: 5686.00414792142
tot_aggregated_send: 0
tot_msg_rcv: 4542
tot_msg_sent: 4082
tot_reconf_duration: 18.21
tot_sleeping_duration: 272101.51375999936
tot_uptimes: 71
tot_uptimes_duration: 4227.987280001056
