comms_cons: 27.645798399939103
finished_reconf: true
global_termination_time: 280283.417
local_termination_time: 14177.7016
node_cons: 5734.898700000005
tot_aggregated_send: 3944
tot_msg_rcv: 105
tot_msg_sent: 153
tot_reconf_duration: 22.65
tot_sleeping_duration: 276023.417
tot_uptimes: 72
tot_uptimes_duration: 4260.0
