comms_cons: 80.23665920648585
finished_reconf: true
global_termination_time: 276328.9010400003
local_termination_time: 276328.8599200003
node_cons: 11295.97679068184
tot_aggregated_send: 0
tot_msg_rcv: 4079
tot_msg_sent: 8115
tot_reconf_duration: 24.59
tot_sleeping_duration: 267917.710919999
tot_uptimes: 140
tot_uptimes_duration: 8411.190120001354
