comms_cons: 28.027392000391394
finished_reconf: true
global_termination_time: 277916.77
local_termination_time: 14152.013720000003
node_cons: 5719.498980000005
tot_aggregated_send: 3828
tot_msg_rcv: 152
tot_msg_sent: 280
tot_reconf_duration: 11.31
tot_sleeping_duration: 273656.77
tot_uptimes: 72
tot_uptimes_duration: 4260.0
