comms_cons: 69.76583680039315
finished_reconf: true
global_termination_time: 711676.141
local_termination_time: 440907.7892400005
node_cons: 14628.411980000019
tot_aggregated_send: 9918
tot_msg_rcv: 281
tot_msg_sent: 405
tot_reconf_duration: 4.8100000000000005
tot_sleeping_duration: 700756.141
tot_uptimes: 183
tot_uptimes_duration: 10920.0
