comms_cons: 71.22641920101273
finished_reconf: true
global_termination_time: 712800.827
local_termination_time: 427649.2587600004
node_cons: 14630.326759999982
tot_aggregated_send: 9802
tot_msg_rcv: 444
tot_msg_sent: 580
tot_reconf_duration: 6.22
tot_sleeping_duration: 701880.827
tot_uptimes: 183
tot_uptimes_duration: 10920.0
