comms_cons: 377.68665606904034
finished_reconf: true
global_termination_time: 3730956.03
local_termination_time: 2216467.02648
node_cons: 76741.87596334882
tot_aggregated_send: 51794
tot_msg_rcv: 2022
tot_msg_sent: 3590
tot_reconf_duration: 12.629999999999999
tot_sleeping_duration: 3673656.0117600067
tot_uptimes: 956
tot_uptimes_duration: 57300.01823999314
