comms_cons: 133.78865919399306
finished_reconf: true
global_termination_time: 1351335.074
local_termination_time: 582981.759
node_cons: 27811.090622717056
tot_aggregated_send: 19372
tot_msg_rcv: 273
tot_msg_sent: 690
tot_reconf_duration: 8.09
tot_sleeping_duration: 1330573.2335200023
tot_uptimes: 347
tot_uptimes_duration: 20761.8404799978
