comms_cons: 132.96563199734499
finished_reconf: true
global_termination_time: 1353317.611
local_termination_time: 345346.02536
node_cons: 27818.16752111686
tot_aggregated_send: 19720
tot_msg_rcv: 156
tot_msg_sent: 334
tot_reconf_duration: 15.110000000000001
tot_sleeping_duration: 1332557.6049200024
tot_uptimes: 347
tot_uptimes_duration: 20760.006079997635
