comms_cons: 135.9131135917678
finished_reconf: true
global_termination_time: 1350591.7623999983
local_termination_time: 140773.058480001
node_cons: 27804.4321213473
tot_aggregated_send: 18850
tot_msg_rcv: 594
tot_msg_sent: 1214
tot_reconf_duration: 4.390000000000001
tot_sleeping_duration: 1329831.142160008
tot_uptimes: 346
tot_uptimes_duration: 20760.620239990472
