comms_cons: 141.94063998699266
finished_reconf: true
global_termination_time: 1353533.16
local_termination_time: 62936.07688000009
node_cons: 27806.15188894622
tot_aggregated_send: 17516
tot_msg_rcv: 1498
tot_msg_sent: 2559
tot_reconf_duration: 6.22
tot_sleeping_duration: 1332773.1113600102
tot_uptimes: 347
tot_uptimes_duration: 20760.048639989676
