comms_cons: 148.71301759123057
finished_reconf: true
global_termination_time: 1483078.329
local_termination_time: 500397.27036
node_cons: 30466.801847817853
tot_aggregated_send: 20358
tot_msg_rcv: 736
tot_msg_sent: 1509
tot_reconf_duration: 13.17
tot_sleeping_duration: 1460338.2864400165
tot_uptimes: 380
tot_uptimes_duration: 22740.04255998344
