comms_cons: 146.75563519331538
finished_reconf: true
global_termination_time: 1479540.724
local_termination_time: 1058401.8911599992
node_cons: 30372.67818223346
tot_aggregated_send: 20880
tot_msg_rcv: 551
tot_msg_sent: 875
tot_reconf_duration: 3.05
tot_sleeping_duration: 1456860.7118400047
tot_uptimes: 379
tot_uptimes_duration: 22680.01215999527
