comms_cons: 0.9013503999995176
finished_reconf: true
global_termination_time: 6679.279
local_termination_time: 660.1833599999999
node_cons: 86.87197999999992
tot_aggregated_send: 0
tot_msg_rcv: 83
tot_msg_sent: 54
tot_reconf_duration: 4.8100000000000005
tot_sleeping_duration: 6619.279
tot_uptimes: 2
tot_uptimes_duration: 60.0
