comms_cons: 270.44522238189455
finished_reconf: true
global_termination_time: 2734015.743
local_termination_time: 832197.5839199984
node_cons: 56248.63584223279
tot_aggregated_send: 38222
tot_msg_rcv: 974
tot_msg_sent: 1910
tot_reconf_duration: 7.819999999999999
tot_sleeping_duration: 2692015.7308400045
tot_uptimes: 701
tot_uptimes_duration: 42000.01215999527
