comms_cons: 52.9362432020337
finished_reconf: true
global_termination_time: 536579.408
local_termination_time: 159607.72048000008
node_cons: 11031.36616785002
tot_aggregated_send: 5684
tot_msg_rcv: 922
tot_msg_sent: 1440
tot_reconf_duration: 18.21
tot_sleeping_duration: 528359.3654399926
tot_uptimes: 138
tot_uptimes_duration: 8220.042560007481
