comms_cons: 49.2387328009422
finished_reconf: true
global_termination_time: 532115.233
local_termination_time: 250685.68036000003
node_cons: 10936.867701121417
tot_aggregated_send: 6670
tot_msg_rcv: 292
tot_msg_sent: 523
tot_reconf_duration: 7.819999999999999
tot_sleeping_duration: 523955.22691999894
tot_uptimes: 137
tot_uptimes_duration: 8160.006080001069
