comms_cons: 51.2914432000902
finished_reconf: true
global_termination_time: 531834.197
local_termination_time: 281361.44936
node_cons: 10934.686759999977
tot_aggregated_send: 7366
tot_msg_rcv: 158
tot_msg_sent: 272
tot_reconf_duration: 6.22
tot_sleeping_duration: 523674.19700000004
tot_uptimes: 137
tot_uptimes_duration: 8160.0
