comms_cons: 1.5987455999947182
finished_reconf: true
global_termination_time: 16409.399
local_termination_time: 6639.51536
node_cons: 328.2858000000005
tot_aggregated_send: 0
tot_msg_rcv: 129
tot_msg_sent: 114
tot_reconf_duration: 5.1
tot_sleeping_duration: 16169.399000000001
tot_uptimes: 5
tot_uptimes_duration: 240.0
