comms_cons: 2.276403199992478
finished_reconf: true
global_termination_time: 14884.816
local_termination_time: 5311.6993600000005
node_cons: 258.9048600000001
tot_aggregated_send: 0
tot_msg_rcv: 181
tot_msg_sent: 164
tot_reconf_duration: 13.17
tot_sleeping_duration: 14704.816
tot_uptimes: 4
tot_uptimes_duration: 180.0
