comms_cons: 2.598783999992503
finished_reconf: true
global_termination_time: 15132.564
local_termination_time: 6530.53636
node_cons: 252.01436112000644
tot_aggregated_send: 0
tot_msg_rcv: 227
tot_msg_sent: 168
tot_reconf_duration: 8.09
tot_sleeping_duration: 14952.557919999996
tot_uptimes: 4
tot_uptimes_duration: 180.00608000000466
