comms_cons: 2.5856255999914555
finished_reconf: true
global_termination_time: 14028.809
local_termination_time: 5952.41636
node_cons: 253.39137999999954
tot_aggregated_send: 0
tot_msg_rcv: 227
tot_msg_sent: 166
tot_reconf_duration: 9.11
tot_sleeping_duration: 13848.809
tot_uptimes: 4
tot_uptimes_duration: 180.0
