comms_cons: 2.276403199992478
finished_reconf: true
global_termination_time: 17315.279
local_termination_time: 6416.26836
node_cons: 336.23009999999977
tot_aggregated_send: 0
tot_msg_rcv: 180
tot_msg_sent: 166
tot_reconf_duration: 10.95
tot_sleeping_duration: 17075.279
tot_uptimes: 5
tot_uptimes_duration: 240.0
