comms_cons: 2.3092991999944803
finished_reconf: true
global_termination_time: 19209.562
local_termination_time: 5271.900360000001
node_cons: 337.5202000000007
tot_aggregated_send: 0
tot_msg_rcv: 184
tot_msg_sent: 166
tot_reconf_duration: 11.899999999999999
tot_sleeping_duration: 18969.562
tot_uptimes: 5
tot_uptimes_duration: 240.0
