comms_cons: 2.309299199992369
finished_reconf: true
global_termination_time: 17371.161
local_termination_time: 6965.611360000002
node_cons: 327.89197999999936
tot_aggregated_send: 0
tot_msg_rcv: 179
tot_msg_sent: 172
tot_reconf_duration: 4.8100000000000005
tot_sleeping_duration: 17131.161
tot_uptimes: 5
tot_uptimes_duration: 240.0
