comms_cons: 517.7985405185087
finished_reconf: true
global_termination_time: 1071095.0645999997
local_termination_time: 1071095.0234799997
node_cons: 65083.025396872
tot_aggregated_send: 0
tot_msg_rcv: 31772
tot_msg_sent: 46929
tot_reconf_duration: 24.59
tot_sleeping_duration: 1022514.3086800047
tot_uptimes: 796
tot_uptimes_duration: 48580.75591999498
