comms_cons: 74.63444479814497
finished_reconf: true
global_termination_time: 758133.754
local_termination_time: 628863.4750000001
node_cons: 15596.587701116945
tot_aggregated_send: 10958
tot_msg_rcv: 99
tot_msg_sent: 287
tot_reconf_duration: 7.819999999999999
tot_sleeping_duration: 746493.7479200023
tot_uptimes: 195
tot_uptimes_duration: 11640.006079997635
