comms_cons: 163.96087041856538
finished_reconf: true
global_termination_time: 349954.8090000002
local_termination_time: 45005.62820000013
node_cons: 21222.60330548486
tot_aggregated_send: 0
tot_msg_rcv: 10069
tot_msg_sent: 14852
tot_reconf_duration: 18.21
tot_sleeping_duration: 334123.6856799966
tot_uptimes: 261
tot_uptimes_duration: 15831.123320003608
