comms_cons: 35.16582400036839
finished_reconf: true
global_termination_time: 354186.839
local_termination_time: 286235.69136000006
node_cons: 7237.131980000006
tot_aggregated_send: 4872
tot_msg_rcv: 129
tot_msg_sent: 344
tot_reconf_duration: 4.8100000000000005
tot_sleeping_duration: 348786.839
tot_uptimes: 91
tot_uptimes_duration: 5400.0
