comms_cons: 36.04197760071034
finished_reconf: true
global_termination_time: 353689.917
local_termination_time: 53187.24284000012
node_cons: 7234.766323362025
tot_aggregated_send: 4698
tot_msg_rcv: 257
tot_msg_sent: 523
tot_reconf_duration: 3.05
tot_sleeping_duration: 348289.8987599985
tot_uptimes: 91
tot_uptimes_duration: 5400.018240001504
