comms_cons: 35.771417600612224
finished_reconf: true
global_termination_time: 353852.138
local_termination_time: 117886.40187999974
node_cons: 7239.063042242871
tot_aggregated_send: 4756
tot_msg_rcv: 218
tot_msg_sent: 463
tot_reconf_duration: 6.22
tot_sleeping_duration: 348452.12583999784
tot_uptimes: 91
tot_uptimes_duration: 5400.0121600021375
