comms_cons: 200.58786550124543
finished_reconf: true
global_termination_time: 1009487.64824
local_termination_time: 2780.82936
node_cons: 20771.54160606798
tot_aggregated_send: 0
tot_msg_rcv: 15513
tot_msg_sent: 14976
tot_reconf_duration: 18.21
tot_sleeping_duration: 993993.389520009
tot_uptimes: 259
tot_uptimes_duration: 15494.258719991005
