comms_cons: 102.54138879475204
finished_reconf: true
global_termination_time: 1012139.548
local_termination_time: 242753.79336000004
node_cons: 20828.924284467357
tot_aggregated_send: 13862
tot_msg_rcv: 569
tot_msg_sent: 1154
tot_reconf_duration: 15.34
tot_sleeping_duration: 996599.5236800094
tot_uptimes: 260
tot_uptimes_duration: 15540.024319990538
