comms_cons: 100.68870399584065
finished_reconf: true
global_termination_time: 1011556.029
local_termination_time: 377000.7243600001
node_cons: 20819.054361121496
tot_aggregated_send: 14384
tot_msg_rcv: 289
tot_msg_sent: 631
tot_reconf_duration: 8.09
tot_sleeping_duration: 996016.022919999
tot_uptimes: 260
tot_uptimes_duration: 15540.006080001069
