comms_cons: 101.76048639445995
finished_reconf: true
global_termination_time: 1010282.935
local_termination_time: 458371.36436000094
node_cons: 20746.55264416272
tot_aggregated_send: 14036
tot_msg_rcv: 507
tot_msg_sent: 924
tot_reconf_duration: 9.11
tot_sleeping_duration: 994798.109559998
tot_uptimes: 259
tot_uptimes_duration: 15484.825440002023
