comms_cons: 99.32618239794346
finished_reconf: true
global_termination_time: 1010156.189
local_termination_time: 565680.5739599987
node_cons: 20753.114599999968
tot_aggregated_send: 14732
tot_msg_rcv: 150
tot_msg_sent: 215
tot_reconf_duration: 18.700000000000003
tot_sleeping_duration: 994676.189
tot_uptimes: 259
tot_uptimes_duration: 15480.0
