comms_cons: 100.24097279916666
finished_reconf: true
global_termination_time: 1009634.528
local_termination_time: 837850.549
node_cons: 20742.5982411168
tot_aggregated_send: 14206
tot_msg_rcv: 280
tot_msg_sent: 750
tot_reconf_duration: 10.95
tot_sleeping_duration: 994154.5219200024
tot_uptimes: 259
tot_uptimes_duration: 15480.006079997635
