comms_cons: 2.1651839999963216
finished_reconf: true
global_termination_time: 14809.426
local_termination_time: 8745.73636
node_cons: 275.3774000000015
tot_aggregated_send: 0
tot_msg_rcv: 177
tot_msg_sent: 151
tot_reconf_duration: 25.299999999999997
tot_sleeping_duration: 14629.426
tot_uptimes: 4
tot_uptimes_duration: 180.0
