comms_cons: 2.23034879999263
finished_reconf: true
global_termination_time: 12195.444
local_termination_time: 8502.291360000001
node_cons: 255.89010000000098
tot_aggregated_send: 0
tot_msg_rcv: 174
tot_msg_sent: 164
tot_reconf_duration: 10.95
tot_sleeping_duration: 12015.444
tot_uptimes: 4
tot_uptimes_duration: 180.0
