comms_cons: 100.49322879782716
finished_reconf: true
global_termination_time: 1018342.227
local_termination_time: 822821.2203599979
node_cons: 20892.541900000095
tot_aggregated_send: 14036
tot_msg_rcv: 420
tot_msg_sent: 818
tot_reconf_duration: 3.05
tot_sleeping_duration: 1002742.227
tot_uptimes: 261
tot_uptimes_duration: 15600.0
