comms_cons: 374.02094049185035
finished_reconf: true
global_termination_time: 2912228.561
local_termination_time: 439001.0581600003
node_cons: 59859.85640335393
tot_aggregated_send: 0
tot_msg_rcv: 28655
tot_msg_sent: 28194
tot_reconf_duration: 4.8100000000000005
tot_sleeping_duration: 2867528.542760004
tot_uptimes: 746
tot_uptimes_duration: 44700.01823999631
