comms_cons: 278.66990719027575
finished_reconf: true
global_termination_time: 2913352.245
local_termination_time: 618112.53136
node_cons: 59942.09490111582
tot_aggregated_send: 40484
tot_msg_rcv: 625
tot_msg_sent: 1247
tot_reconf_duration: 6.22
tot_sleeping_duration: 2868592.2389200022
tot_uptimes: 747
tot_uptimes_duration: 44760.006079997635
