comms_cons: 34.356582400505395
finished_reconf: true
global_termination_time: 355038.559
local_termination_time: 308817.6045200008
node_cons: 7237.990222242861
tot_aggregated_send: 4756
tot_msg_rcv: 97
tot_msg_sent: 369
tot_reconf_duration: 5.43
tot_sleeping_duration: 349638.54683999787
tot_uptimes: 91
tot_uptimes_duration: 5400.0121600021375
