comms_cons: 128.33387518976272
finished_reconf: true
global_termination_time: 1246401.07312
local_termination_time: 11278.259600000001
node_cons: 25656.717844150677
tot_aggregated_send: 16646
tot_msg_rcv: 1073
tot_msg_sent: 1787
tot_reconf_duration: 4.8100000000000005
tot_sleeping_duration: 1227244.847680007
tot_uptimes: 320
tot_uptimes_duration: 19156.22543999301
