comms_cons: 123.54127999721571
finished_reconf: true
global_termination_time: 1248153.196
local_termination_time: 625334.6943599998
node_cons: 25643.818979999956
tot_aggregated_send: 17980
tot_msg_rcv: 306
tot_msg_sent: 491
tot_reconf_duration: 11.31
tot_sleeping_duration: 1229013.196
tot_uptimes: 320
tot_uptimes_duration: 19140.0
