comms_cons: 703.9477377774882
finished_reconf: true
global_termination_time: 6986126.807
local_termination_time: 490962.280480001
node_cons: 143736.99254612075
tot_aggregated_send: 97382
tot_msg_rcv: 3310
tot_msg_sent: 6305
tot_reconf_duration: 4.8100000000000005
tot_sleeping_duration: 6878785.163560025
tot_uptimes: 1790
tot_uptimes_duration: 107341.64343997423
