comms_cons: 229.82234238735833
finished_reconf: true
global_termination_time: 2359629.149
local_termination_time: 556094.4043599998
node_cons: 48550.14616781714
tot_aggregated_send: 32654
tot_msg_rcv: 723
tot_msg_sent: 1555
tot_reconf_duration: 18.21
tot_sleeping_duration: 2323389.1064400165
tot_uptimes: 605
tot_uptimes_duration: 36240.04255998344
