comms_cons: 228.74155519614519
finished_reconf: true
global_termination_time: 2361964.575
local_termination_time: 1204688.735239998
node_cons: 48535.1526844735
tot_aggregated_send: 33988
tot_msg_rcv: 169
tot_msg_sent: 610
tot_reconf_duration: 6.279999999999999
tot_sleeping_duration: 2325723.6306800046
tot_uptimes: 605
tot_uptimes_duration: 36240.944319995586
