comms_cons: 237.38009599086917
finished_reconf: true
global_termination_time: 2357809.3834799975
local_termination_time: 14201.834640000003
node_cons: 48511.94526254302
tot_aggregated_send: 32770
tot_msg_rcv: 1158
tot_msg_sent: 2151
tot_reconf_duration: 11.31
tot_sleeping_duration: 2321590.8724400094
tot_uptimes: 604
tot_uptimes_duration: 36218.51103998779
