comms_cons: 473.28597737567895
finished_reconf: true
global_termination_time: 977709.4376799985
local_termination_time: 977709.3965599985
node_cons: 59525.05342199554
tot_aggregated_send: 0
tot_msg_rcv: 29017
tot_msg_sent: 42920
tot_reconf_duration: 24.59
tot_sleeping_duration: 933279.519680001
tot_uptimes: 730
tot_uptimes_duration: 44429.91799999744
