comms_cons: 96.58164479930252
finished_reconf: true
global_termination_time: 978494.808
local_termination_time: 173581.67448000007
node_cons: 20091.54826224289
tot_aggregated_send: 13630
tot_msg_rcv: 349
tot_msg_sent: 700
tot_reconf_duration: 4.8100000000000005
tot_sleeping_duration: 963494.7958399978
tot_uptimes: 251
tot_uptimes_duration: 15000.012160002138
