comms_cons: 70.05640959986839
finished_reconf: true
global_termination_time: 81248.98423999971
local_termination_time: 81248.94311999972
node_cons: 8203.500748960214
tot_aggregated_send: 0
tot_msg_rcv: 4761
tot_msg_sent: 5885
tot_reconf_duration: 24.59
tot_sleeping_duration: 75147.33559999955
tot_uptimes: 97
tot_uptimes_duration: 6101.6486400001595
