comms_cons: 372.4577280589287
finished_reconf: true
global_termination_time: 3683055.67448
local_termination_time: 3683055.63336
node_cons: 75829.9114777238
tot_aggregated_send: 50782
tot_msg_rcv: 1916
tot_msg_sent: 3914
tot_reconf_duration: 37.410000000000004
tot_sleeping_duration: 3626461.8666400253
tot_uptimes: 944
tot_uptimes_duration: 56593.80783997453
