comms_cons: 361.19870721521715
finished_reconf: true
global_termination_time: 3684263.135
local_termination_time: 2333046.2763599996
node_cons: 75781.4924255834
tot_aggregated_send: 51562
tot_msg_rcv: 1128
tot_msg_sent: 2210
tot_reconf_duration: 15.34
tot_sleeping_duration: 3627683.1046000104
tot_uptimes: 944
tot_uptimes_duration: 56580.030399989104
