comms_cons: 539.8590082111175
finished_reconf: true
global_termination_time: 3684711.304
local_termination_time: 2336742.0068400004
node_cons: 75767.57836446629
tot_aggregated_send: 0
tot_msg_rcv: 41335
tot_msg_sent: 40720
tot_reconf_duration: 5.1
tot_sleeping_duration: 3628131.279680009
tot_uptimes: 944
tot_uptimes_duration: 56580.024319991004
