comms_cons: 360.2970368100805
finished_reconf: true
global_termination_time: 3687252.412
local_termination_time: 2640514.4533599997
node_cons: 75858.86928334922
tot_aggregated_send: 51504
tot_msg_rcv: 1100
tot_msg_sent: 2157
tot_reconf_duration: 13.17
tot_sleeping_duration: 3630612.393760007
tot_uptimes: 945
tot_uptimes_duration: 56640.01823999337
