comms_cons: 368.14408962977006
finished_reconf: true
global_termination_time: 3683982.733
local_termination_time: 911009.8993599999
node_cons: 75773.47748893418
tot_aggregated_send: 51156
tot_msg_rcv: 1631
tot_msg_sent: 3168
tot_reconf_duration: 9.42
tot_sleeping_duration: 3627402.684360018
tot_uptimes: 944
tot_uptimes_duration: 56580.04863998201
