comms_cons: 370.49676165948404
finished_reconf: true
global_termination_time: 3684605.533
local_termination_time: 1129707.8385199981
node_cons: 75766.66303116827
tot_aggregated_send: 50692
tot_msg_rcv: 1897
tot_msg_sent: 3723
tot_reconf_duration: 4.390000000000001
tot_sleeping_duration: 3628025.472200022
tot_uptimes: 944
tot_uptimes_duration: 56580.06079997774
