comms_cons: 365.24769922952
finished_reconf: true
global_termination_time: 3683592.882
local_termination_time: 1737158.6333599999
node_cons: 75769.10746558326
tot_aggregated_send: 51272
tot_msg_rcv: 1397
tot_msg_sent: 2847
tot_reconf_duration: 6.22
tot_sleeping_duration: 3627012.8516000113
tot_uptimes: 944
tot_uptimes_duration: 56580.03039998887
