comms_cons: 365.8974592358412
finished_reconf: true
global_termination_time: 3683552.578
local_termination_time: 1857428.67236
node_cons: 75775.99526223225
tot_aggregated_send: 51272
tot_msg_rcv: 1502
tot_msg_sent: 2840
tot_reconf_duration: 11.31
tot_sleeping_duration: 3626972.5658400045
tot_uptimes: 944
tot_uptimes_duration: 56580.0121599955
