comms_cons: 827.5975694961915
finished_reconf: true
global_termination_time: 4203567.179
local_termination_time: 3133441.0103599993
node_cons: 86476.5986999976
tot_aggregated_send: 0
tot_msg_rcv: 63400
tot_msg_sent: 62390
tot_reconf_duration: 22.65
tot_sleeping_duration: 4139007.1789999995
tot_uptimes: 1077
tot_uptimes_duration: 64560.0
