comms_cons: 426.8519168831617
finished_reconf: true
global_termination_time: 4206072.075
local_termination_time: 51931.23040000016
node_cons: 86533.20349340327
tot_aggregated_send: 58000
tot_msg_rcv: 2402
tot_msg_sent: 4477
tot_reconf_duration: 5.1
tot_sleeping_duration: 4141452.0020400262
tot_uptimes: 1078
tot_uptimes_duration: 64620.07295997428
