comms_cons: 420.9838976509479
finished_reconf: true
global_termination_time: 4204780.764
local_termination_time: 1915829.63836
node_cons: 86460.73452334943
tot_aggregated_send: 58986
tot_msg_rcv: 1585
tot_msg_sent: 3417
tot_reconf_duration: 10.95
tot_sleeping_duration: 4140220.745760007
tot_uptimes: 1077
tot_uptimes_duration: 64560.0182399936
