comms_cons: 426.3563264914422
finished_reconf: true
global_termination_time: 4203981.202
local_termination_time: 1528469.0491999986
node_cons: 86461.24782670004
tot_aggregated_send: 57536
tot_msg_rcv: 2399
tot_msg_sent: 4868
tot_reconf_duration: 11.31
tot_sleeping_duration: 4139421.165520013
tot_uptimes: 1077
tot_uptimes_duration: 64560.03647998674
