comms_cons: 117.33407999285507
finished_reconf: true
global_termination_time: 1181484.941
local_termination_time: 92939.65815999954
node_cons: 24290.644739594532
tot_aggregated_send: 16588
tot_msg_rcv: 440
tot_msg_sent: 806
tot_reconf_duration: 18.21
tot_sleeping_duration: 1163362.524600004
tot_uptimes: 303
tot_uptimes_duration: 18122.416399995884
