comms_cons: 117.1294975955003
finished_reconf: true
global_termination_time: 1176812.177
local_termination_time: 719238.080999999
node_cons: 24213.106841116904
tot_aggregated_send: 16240
tot_msg_rcv: 532
tot_msg_sent: 1031
tot_reconf_duration: 22.65
tot_sleeping_duration: 1158752.1709200023
tot_uptimes: 302
tot_uptimes_duration: 18060.006079997635
