comms_cons: 184.02680311935993
finished_reconf: true
global_termination_time: 1176317.481
local_termination_time: 895209.8083599999
node_cons: 24186.498182238516
tot_aggregated_send: 0
tot_msg_rcv: 14066
tot_msg_sent: 13905
tot_reconf_duration: 3.05
tot_sleeping_duration: 1158257.468840001
tot_uptimes: 302
tot_uptimes_duration: 18060.01215999882
