comms_cons: 505.5142016537628
finished_reconf: true
global_termination_time: 5136968.425
local_termination_time: 2897837.37552
node_cons: 105654.68034223159
tot_aggregated_send: 70992
tot_msg_rcv: 1837
tot_msg_sent: 4005
tot_reconf_duration: 5.57
tot_sleeping_duration: 5058068.412840004
tot_uptimes: 1316
tot_uptimes_duration: 78900.01215999573
