comms_cons: 501.34663043390884
finished_reconf: true
global_termination_time: 5134206.083
local_termination_time: 3052557.31872
node_cons: 105573.69394111416
tot_aggregated_send: 71166
tot_msg_rcv: 1664
tot_msg_sent: 3371
tot_reconf_duration: 5.1
tot_sleeping_duration: 5055366.076920002
tot_uptimes: 1315
tot_uptimes_duration: 78840.00607999787
