comms_cons: 517.5505665330081
finished_reconf: true
global_termination_time: 5133870.201
local_termination_time: 438912.28948000004
node_cons: 105572.79489004989
tot_aggregated_send: 70354
tot_msg_rcv: 2905
tot_msg_sent: 5405
tot_reconf_duration: 4.390000000000001
tot_sleeping_duration: 5055030.1462800205
tot_uptimes: 1315
tot_uptimes_duration: 78840.05471997987
