comms_cons: 434.4027648337184
finished_reconf: true
global_termination_time: 4410413.139
local_termination_time: 1072358.4253199988
node_cons: 90716.28022669992
tot_aggregated_send: 61712
tot_msg_rcv: 1614
tot_msg_sent: 2700
tot_reconf_duration: 9.11
tot_sleeping_duration: 4342673.102520013
tot_uptimes: 1130
tot_uptimes_duration: 67740.03647998674
