comms_cons: 446.85534086713324
finished_reconf: true
global_termination_time: 4411709.23
local_termination_time: 238547.62696000014
node_cons: 90734.73267563967
tot_aggregated_send: 60784
tot_msg_rcv: 2523
tot_msg_sent: 4612
tot_reconf_duration: 22.65
tot_sleeping_duration: 4343969.144880028
tot_uptimes: 1130
tot_uptimes_duration: 67740.08511997171
