comms_cons: 444.75953286992194
finished_reconf: true
global_termination_time: 4407190.05
local_termination_time: 335073.80728000036
node_cons: 90638.50407563969
tot_aggregated_send: 60958
tot_msg_rcv: 2340
tot_msg_sent: 4302
tot_reconf_duration: 10.95
tot_sleeping_duration: 4339509.964880028
tot_uptimes: 1129
tot_uptimes_duration: 67680.08511997171
