comms_cons: 17.22622719979686
finished_reconf: true
global_termination_time: 146064.527
local_termination_time: 64637.63760000001
node_cons: 2993.43614335859
tot_aggregated_send: 1218
tot_msg_rcv: 548
tot_msg_sent: 853
tot_reconf_duration: 15.34
tot_sleeping_duration: 143844.50876000107
tot_uptimes: 38
tot_uptimes_duration: 2220.01823999895
