comms_cons: 16.852217599777326
finished_reconf: true
global_termination_time: 146957.029
local_termination_time: 48691.68036000001
node_cons: 2976.7544644786076
tot_aggregated_send: 1392
tot_msg_rcv: 412
tot_msg_sent: 756
tot_reconf_duration: 3.05
tot_sleeping_duration: 144737.00468000103
tot_uptimes: 38
tot_uptimes_duration: 2220.0243199989563
