comms_cons: 17.447609599980968
finished_reconf: true
global_termination_time: 146607.55
local_termination_time: 7068.598120000002
node_cons: 2979.9783633605925
tot_aggregated_send: 1450
tot_msg_rcv: 506
tot_msg_sent: 695
tot_reconf_duration: 5.43
tot_sleeping_duration: 144387.53175999955
tot_uptimes: 38
tot_uptimes_duration: 2220.0182400004414
