comms_cons: 473.92672005402153
finished_reconf: true
global_termination_time: 4769503.44312
local_termination_time: 4769503.402
node_cons: 98142.68559303197
tot_aggregated_send: 68368
tot_msg_rcv: 1224
tot_msg_sent: 2442
tot_reconf_duration: 24.59
tot_sleeping_duration: 4696232.873760004
tot_uptimes: 1222
tot_uptimes_duration: 73270.5693599963
