comms_cons: 473.33901444885873
finished_reconf: true
global_termination_time: 4771407.92
local_termination_time: 1502025.264999998
node_cons: 98126.56888734589
tot_aggregated_send: 66526
tot_msg_rcv: 1905
tot_msg_sent: 3512
tot_reconf_duration: 15.34
tot_sleeping_duration: 4698140.0057600085
tot_uptimes: 1222
tot_uptimes_duration: 73267.91423999146
