comms_cons: 479.3450240650308
finished_reconf: true
global_termination_time: 4774129.049
local_termination_time: 153955.31236000004
node_cons: 98206.31197005883
tot_aggregated_send: 66352
tot_msg_rcv: 2191
tot_msg_sent: 4314
tot_reconf_duration: 22.65
tot_sleeping_duration: 4700808.994280013
tot_uptimes: 1223
tot_uptimes_duration: 73320.05471998628
