comms_cons: 150.98642559757337
finished_reconf: true
global_termination_time: 1550536.989
local_termination_time: 748767.8117999985
node_cons: 31905.60770112157
tot_aggregated_send: 21576
tot_msg_rcv: 446
tot_msg_sent: 927
tot_reconf_duration: 7.819999999999999
tot_sleeping_duration: 1526716.982919999
tot_uptimes: 398
tot_uptimes_duration: 23820.00608000107
