comms_cons: 0.3684351999987849
finished_reconf: true
global_termination_time: 3295.6489200000033
local_termination_time: 3273.9043600000005
node_cons: 94.42536488000435
tot_aggregated_send: 0
tot_msg_rcv: 39
tot_msg_sent: 16
tot_reconf_duration: 22.65
tot_sleeping_duration: 3248.101
tot_uptimes: 1
tot_uptimes_duration: 47.54792000000316
