comms_cons: 204.47495678476204
finished_reconf: true
global_termination_time: 2041357.17
local_termination_time: 51536.804200000035
node_cons: 41962.24988558382
tot_aggregated_send: 28710
tot_msg_rcv: 810
tot_msg_sent: 1559
tot_reconf_duration: 18.21
tot_sleeping_duration: 2010037.1396000118
tot_uptimes: 523
tot_uptimes_duration: 31320.030399988173
