comms_cons: 202.44261118857378
finished_reconf: true
global_termination_time: 2038658.47024
local_termination_time: 339206.36936
node_cons: 41974.44914494384
tot_aggregated_send: 28768
tot_msg_rcv: 609
tot_msg_sent: 1393
tot_reconf_duration: 13.17
tot_sleeping_duration: 2007324.2176000117
tot_uptimes: 523
tot_uptimes_duration: 31334.25263998821
