comms_cons: 229.48691838536348
finished_reconf: true
global_termination_time: 2261635.9764799997
local_termination_time: 2261635.9353599995
node_cons: 46568.652365424525
tot_aggregated_send: 31190
tot_msg_rcv: 1296
tot_msg_sent: 2394
tot_reconf_duration: 24.59
tot_sleeping_duration: 2226882.235520011
tot_uptimes: 580
tot_uptimes_duration: 34753.74095998908
