comms_cons: 276.8066814081969
finished_reconf: true
global_termination_time: 2264153.948
local_termination_time: 1255049.3193599998
node_cons: 46527.495842233206
tot_aggregated_send: 0
tot_msg_rcv: 21136
tot_msg_sent: 20937
tot_reconf_duration: 7.819999999999999
tot_sleeping_duration: 2229413.9358400046
tot_uptimes: 580
tot_uptimes_duration: 34740.01215999527
