comms_cons: 36.30465280084262
finished_reconf: true
global_termination_time: 349789.262
local_termination_time: 185019.32336000004
node_cons: 7154.426323364284
tot_aggregated_send: 4466
tot_msg_rcv: 355
tot_msg_sent: 697
tot_reconf_duration: 3.05
tot_sleeping_duration: 344449.2437599968
tot_uptimes: 90
tot_uptimes_duration: 5340.018240003206
