comms_cons: 119.67564798848048
finished_reconf: true
global_termination_time: 1169386.0273600002
local_termination_time: 606020.70636
node_cons: 24116.16249127412
tot_aggregated_send: 15950
tot_msg_rcv: 862
tot_msg_sent: 1378
tot_reconf_duration: 22.65
tot_sleeping_duration: 1151398.4218400046
tot_uptimes: 300
tot_uptimes_duration: 17987.60551999556
