comms_cons: 118.13079039548848
finished_reconf: true
global_termination_time: 1169641.299
local_termination_time: 113673.87187999976
node_cons: 24037.059685593413
tot_aggregated_send: 16008
tot_msg_rcv: 615
tot_msg_sent: 1335
tot_reconf_duration: 11.31
tot_sleeping_duration: 1151701.2686000052
tot_uptimes: 300
tot_uptimes_duration: 17940.03039999504
