comms_cons: 457.33247368960286
finished_reconf: true
global_termination_time: 4558303.096
local_termination_time: 949226.4703199986
node_cons: 93762.7986078165
tot_aggregated_send: 63568
tot_msg_rcv: 1895
tot_msg_sent: 4049
tot_reconf_duration: 4.390000000000001
tot_sleeping_duration: 4488283.053440016
tot_uptimes: 1168
tot_uptimes_duration: 70020.04255998437
