comms_cons: 459.4686080965923
finished_reconf: true
global_termination_time: 4558636.785
local_termination_time: 1129350.8393199984
node_cons: 93760.98702893306
tot_aggregated_send: 63046
tot_msg_rcv: 2251
tot_msg_sent: 4539
tot_reconf_duration: 3.05
tot_sleeping_duration: 4488616.736360018
tot_uptimes: 1168
tot_uptimes_duration: 70020.04863998201
