comms_cons: 77.98340480451232
finished_reconf: true
global_termination_time: 596693.7132400001
local_termination_time: 74535.94983999967
node_cons: 12257.016818505841
tot_aggregated_send: 3770
tot_msg_rcv: 3184
tot_msg_sent: 4902
tot_reconf_duration: 18.21
tot_sleeping_duration: 587558.3229199807
tot_uptimes: 153
tot_uptimes_duration: 9135.390320019287
