comms_cons: 58.706828800150156
finished_reconf: true
global_termination_time: 599599.088
local_termination_time: 344660.3293600001
node_cons: 12299.592201121457
tot_aggregated_send: 8700
tot_msg_rcv: 53
tot_msg_sent: 170
tot_reconf_duration: 5.57
tot_sleeping_duration: 590419.0819199989
tot_uptimes: 154
tot_uptimes_duration: 9180.006080001069
