comms_cons: 58.436454399706776
finished_reconf: true
global_termination_time: 596693.0781599983
local_termination_time: 596693.0370399983
node_cons: 12335.731757359163
tot_aggregated_send: 8674
tot_msg_rcv: 45
tot_msg_sent: 162
tot_reconf_duration: 37.410000000000004
tot_sleeping_duration: 587518.3739199989
tot_uptimes: 153
tot_uptimes_duration: 9174.704239999352
