comms_cons: 58.96936960029386
finished_reconf: true
global_termination_time: 600374.641
local_termination_time: 492432.08988000045
node_cons: 12296.20264000004
tot_aggregated_send: 8758
tot_msg_rcv: 91
tot_msg_sent: 114
tot_reconf_duration: 3.08
tot_sleeping_duration: 591194.641
tot_uptimes: 154
tot_uptimes_duration: 9180.0
