comms_cons: 58.4936704002379
finished_reconf: true
global_termination_time: 599565.659
local_termination_time: 267662.9982000006
node_cons: 12308.18019999997
tot_aggregated_send: 8584
tot_msg_rcv: 83
tot_msg_sent: 223
tot_reconf_duration: 11.899999999999999
tot_sleeping_duration: 590385.659
tot_uptimes: 154
tot_uptimes_duration: 9180.0
