comms_cons: 56.04225280101876
finished_reconf: true
global_termination_time: 545774.597
local_termination_time: 103515.55947999997
node_cons: 11177.903983364316
tot_aggregated_send: 7192
tot_msg_rcv: 460
tot_msg_sent: 866
tot_reconf_duration: 7.819999999999999
tot_sleeping_duration: 537434.5787599967
tot_uptimes: 140
tot_uptimes_duration: 8340.018240003206
