comms_cons: 35.54522880109054
finished_reconf: true
global_termination_time: 243503.69336000006
local_termination_time: 243503.65224000005
node_cons: 5048.955886966745
tot_aggregated_send: 1392
tot_msg_rcv: 1755
tot_msg_sent: 2261
tot_reconf_duration: 37.410000000000004
tot_sleeping_duration: 239770.94271999504
tot_uptimes: 63
tot_uptimes_duration: 3732.750640005026
