comms_cons: 2.23034879999263
finished_reconf: true
global_termination_time: 16763.549
local_termination_time: 7516.026360000001
node_cons: 341.87938000000076
tot_aggregated_send: 0
tot_msg_rcv: 177
tot_msg_sent: 162
tot_reconf_duration: 15.110000000000001
tot_sleeping_duration: 16523.549
tot_uptimes: 5
tot_uptimes_duration: 240.0
