comms_cons: 2.2217471999943212
finished_reconf: true
global_termination_time: 14684.58
local_termination_time: 5409.78936
node_cons: 258.1715400000014
tot_aggregated_send: 0
tot_msg_rcv: 175
tot_msg_sent: 163
tot_reconf_duration: 12.629999999999999
tot_sleeping_duration: 14504.58
tot_uptimes: 4
tot_uptimes_duration: 180.0
