comms_cons: 87.78094079618593
finished_reconf: true
global_termination_time: 879254.465
local_termination_time: 378169.424
node_cons: 18125.616818477814
tot_aggregated_send: 11830
tot_msg_rcv: 478
tot_msg_sent: 1035
tot_reconf_duration: 22.65
tot_sleeping_duration: 865740.7546800016
tot_uptimes: 226
tot_uptimes_duration: 13513.710319998325
