comms_cons: 89.08299519524037
finished_reconf: true
global_termination_time: 880467.843
local_termination_time: 746780.9064799999
node_cons: 18084.971183350644
tot_aggregated_send: 12122
tot_msg_rcv: 491
tot_msg_sent: 927
tot_reconf_duration: 6.22
tot_sleeping_duration: 866967.8247600071
tot_uptimes: 226
tot_uptimes_duration: 13500.018239992904
