comms_cons: 90.17451519232456
finished_reconf: true
global_termination_time: 880265.468
local_termination_time: 286326.11636000004
node_cons: 18091.89968558878
tot_aggregated_send: 11716
tot_msg_rcv: 659
tot_msg_sent: 1331
tot_reconf_duration: 11.31
tot_sleeping_duration: 866765.4376000083
tot_uptimes: 226
tot_uptimes_duration: 13500.030399991607
