comms_cons: 17.91516160024513
finished_reconf: true
global_termination_time: 182149.109
local_termination_time: 133471.77948000006
node_cons: 3720.3773211214234
tot_aggregated_send: 2552
tot_msg_rcv: 71
tot_msg_sent: 100
tot_reconf_duration: 18.21
tot_sleeping_duration: 179389.10291999893
tot_uptimes: 47
tot_uptimes_duration: 2760.0060800010688
