comms_cons: 34.69177600037276
finished_reconf: true
global_termination_time: 178790.387
local_termination_time: 1849.2193600000003
node_cons: 3623.7549011214332
tot_aggregated_send: 0
tot_msg_rcv: 2666
tot_msg_sent: 2606
tot_reconf_duration: 6.22
tot_sleeping_duration: 176090.38091999892
tot_uptimes: 46
tot_uptimes_duration: 2700.0060800010688
