comms_cons: 381.3212416642909
finished_reconf: true
global_termination_time: 3783560.414
local_termination_time: 38625.72660000002
node_cons: 77803.58323452018
tot_aggregated_send: 51910
tot_msg_rcv: 1995
tot_msg_sent: 4056
tot_reconf_duration: 25.299999999999997
tot_sleeping_duration: 3725480.334960028
tot_uptimes: 969
tot_uptimes_duration: 58080.07903997168
