comms_cons: 382.36244487603875
finished_reconf: true
global_termination_time: 3781092.382
local_termination_time: 1553118.9476399992
node_cons: 77786.312245584
tot_aggregated_send: 52606
tot_msg_rcv: 1977
tot_msg_sent: 3534
tot_reconf_duration: 12.629999999999999
tot_sleeping_duration: 3723012.351600011
tot_uptimes: 969
tot_uptimes_duration: 58080.03039998934
