comms_cons: 380.6094336413388
finished_reconf: true
global_termination_time: 3779731.104
local_termination_time: 1234202.1613999982
node_cons: 77699.45654781729
tot_aggregated_send: 52664
tot_msg_rcv: 1762
tot_msg_sent: 3424
tot_reconf_duration: 7.819999999999999
tot_sleeping_duration: 3721711.0614400157
tot_uptimes: 968
tot_uptimes_duration: 58020.04255998437
