comms_cons: 137.63028479525235
finished_reconf: true
global_termination_time: 1393700.119
local_termination_time: 428820.4644800001
node_cons: 28608.604060000056
tot_aggregated_send: 20068
tot_msg_rcv: 276
tot_msg_sent: 575
tot_reconf_duration: 5.57
tot_sleeping_duration: 1372340.119
tot_uptimes: 357
tot_uptimes_duration: 21360.0
