comms_cons: 139.03165439373223
finished_reconf: true
global_termination_time: 1394625.473
local_termination_time: 319614.41636000003
node_cons: 28688.305800000016
tot_aggregated_send: 19836
tot_msg_rcv: 430
tot_msg_sent: 866
tot_reconf_duration: 5.1
tot_sleeping_duration: 1373205.473
tot_uptimes: 358
tot_uptimes_duration: 21420.0
