comms_cons: 142.98638078734558
finished_reconf: true
global_termination_time: 1395511.13
local_termination_time: 4101.776599999999
node_cons: 28685.54632335054
tot_aggregated_send: 18850
tot_msg_rcv: 1021
tot_msg_sent: 1863
tot_reconf_duration: 3.05
tot_sleeping_duration: 1374091.111760007
tot_uptimes: 358
tot_uptimes_duration: 21420.018239992904
