comms_cons: 137.36116479444294
finished_reconf: true
global_termination_time: 1392637.836
local_termination_time: 305666.6733600001
node_cons: 28616.39898000004
tot_aggregated_send: 19952
tot_msg_rcv: 296
tot_msg_sent: 630
tot_reconf_duration: 11.31
tot_sleeping_duration: 1371277.836
tot_uptimes: 357
tot_uptimes_duration: 21360.0
