comms_cons: 194.21798399092893
finished_reconf: true
global_termination_time: 1958539.995
local_termination_time: 857698.7528399996
node_cons: 40275.0854622333
tot_aggregated_send: 26622
tot_msg_rcv: 1036
tot_msg_sent: 1862
tot_reconf_duration: 18.21
tot_sleeping_duration: 1928479.9828400048
tot_uptimes: 502
tot_uptimes_duration: 30060.01215999524
