comms_cons: 192.4350207958411
finished_reconf: true
global_termination_time: 1958758.411
local_termination_time: 1416067.9203599999
node_cons: 40268.224859999624
tot_aggregated_send: 28304
tot_msg_rcv: 317
tot_msg_sent: 628
tot_reconf_duration: 13.17
tot_sleeping_duration: 1928698.411
tot_uptimes: 502
tot_uptimes_duration: 30060.0
