comms_cons: 189.4941183962293
finished_reconf: true
global_termination_time: 1959614.02
local_termination_time: 700228.5123599998
node_cons: 40257.71393999964
tot_aggregated_send: 28188
tot_msg_rcv: 211
tot_msg_sent: 403
tot_reconf_duration: 5.43
tot_sleeping_duration: 1929554.02
tot_uptimes: 502
tot_uptimes_duration: 30060.0
