comms_cons: 192.23827199610426
finished_reconf: true
global_termination_time: 1958763.601
local_termination_time: 1172440.54836
node_cons: 40271.17986111667
tot_aggregated_send: 28362
tot_msg_rcv: 288
tot_msg_sent: 569
tot_reconf_duration: 15.34
tot_sleeping_duration: 1928703.5949200024
tot_uptimes: 502
tot_uptimes_duration: 30060.006079997635
