comms_cons: 99.52401280951247
finished_reconf: true
global_termination_time: 340555.52960000007
local_termination_time: 340555.48848000006
node_cons: 13937.938237520188
tot_aggregated_send: 0
tot_msg_rcv: 5119
tot_msg_sent: 10009
tot_reconf_duration: 37.410000000000004
tot_sleeping_duration: 330184.2559199999
tot_uptimes: 172
tot_uptimes_duration: 10371.273680000115
