comms_cons: 33.64602880026377
finished_reconf: true
global_termination_time: 342522.912
local_termination_time: 182655.6860400003
node_cons: 6993.76263999999
tot_aggregated_send: 4930
tot_msg_rcv: 69
tot_msg_sent: 114
tot_reconf_duration: 3.08
tot_sleeping_duration: 337302.912
tot_uptimes: 88
tot_uptimes_duration: 5220.0
