comms_cons: 33.678924800108625
finished_reconf: true
global_termination_time: 345358.536
local_termination_time: 25681.70088
node_cons: 7092.608144320007
tot_aggregated_send: 4988
tot_msg_rcv: 24
tot_msg_sent: 107
tot_reconf_duration: 12.629999999999999
tot_sleeping_duration: 340074.40112000005
tot_uptimes: 89
tot_uptimes_duration: 5284.134880000001
