comms_cons: 34.060518400215834
finished_reconf: true
global_termination_time: 344497.543
local_termination_time: 8998.0296
node_cons: 7085.278980000006
tot_aggregated_send: 4930
tot_msg_rcv: 83
tot_msg_sent: 164
tot_reconf_duration: 11.31
tot_sleeping_duration: 339217.543
tot_uptimes: 89
tot_uptimes_duration: 5280.0
