comms_cons: 10.526719999913933
finished_reconf: true
global_termination_time: 93344.203
local_termination_time: 46488.43232000013
node_cons: 1872.573603360877
tot_aggregated_send: 812
tot_msg_rcv: 280
tot_msg_sent: 508
tot_reconf_duration: 18.21
tot_sleeping_duration: 91964.18475999933
tot_uptimes: 24
tot_uptimes_duration: 1380.018240000656
