comms_cons: 12.087244799866667
finished_reconf: true
global_termination_time: 96991.796
local_termination_time: 33462.486
node_cons: 1941.1797815999248
tot_aggregated_send: 694
tot_msg_rcv: 442
tot_msg_sent: 702
tot_reconf_duration: 6.279999999999999
tot_sleeping_duration: 95548.44160000006
tot_uptimes: 25
tot_uptimes_duration: 1443.3543999999456
