comms_cons: 10.708326399945772
finished_reconf: true
global_termination_time: 93764.356
local_termination_time: 18986.27836
node_cons: 1962.541823360872
tot_aggregated_send: 812
tot_msg_rcv: 311
tot_msg_sent: 507
tot_reconf_duration: 25.299999999999997
tot_sleeping_duration: 92324.33775999934
tot_uptimes: 25
tot_uptimes_duration: 1440.0182400006524
