comms_cons: 113.86026238586687
finished_reconf: true
global_termination_time: 1108147.894
local_termination_time: 248855.24932000067
node_cons: 22744.748171182153
tot_aggregated_send: 14442
tot_msg_rcv: 880
tot_msg_sent: 1986
tot_reconf_duration: 6.22
tot_sleeping_duration: 1091167.8332000133
tot_uptimes: 284
tot_uptimes_duration: 16980.060799986648
