comms_cons: 64.44959359641611
finished_reconf: true
global_termination_time: 623216.972
local_termination_time: 213933.43360000008
node_cons: 12789.435262238278
tot_aggregated_send: 8120
tot_msg_rcv: 581
tot_msg_sent: 1094
tot_reconf_duration: 11.31
tot_sleeping_duration: 613676.9598400012
tot_uptimes: 160
tot_uptimes_duration: 9540.012159998703
