comms_cons: 346.90305921476676
finished_reconf: true
global_termination_time: 3518729.571
local_termination_time: 2350275.885119999
node_cons: 72393.29836446642
tot_aggregated_send: 48546
tot_msg_rcv: 1248
tot_msg_sent: 2934
tot_reconf_duration: 5.1
tot_sleeping_duration: 3464669.546680009
tot_uptimes: 902
tot_uptimes_duration: 54060.024319991004
