comms_cons: 35.98164480012743
finished_reconf: true
global_termination_time: 356883.718
local_termination_time: 9712.274600000004
node_cons: 7317.47198000001
tot_aggregated_send: 4930
tot_msg_rcv: 195
tot_msg_sent: 344
tot_reconf_duration: 4.8100000000000005
tot_sleeping_duration: 351423.718
tot_uptimes: 92
tot_uptimes_duration: 5460.0
