comms_cons: 193.8378815921596
finished_reconf: true
global_termination_time: 1949468.436
local_termination_time: 441595.0803600001
node_cons: 40110.491719999765
tot_aggregated_send: 27956
tot_msg_rcv: 533
tot_msg_sent: 972
tot_reconf_duration: 15.34
tot_sleeping_duration: 1919528.436
tot_uptimes: 500
tot_uptimes_duration: 29940.0
