comms_cons: 193.17909759228087
finished_reconf: true
global_termination_time: 1952124.132
local_termination_time: 464000.59036000003
node_cons: 40098.196381116526
tot_aggregated_send: 28130
tot_msg_rcv: 424
tot_msg_sent: 808
tot_reconf_duration: 6.279999999999999
tot_sleeping_duration: 1922184.1259200023
tot_uptimes: 500
tot_uptimes_duration: 29940.006079997635
