comms_cons: 194.3765119894304
finished_reconf: true
global_termination_time: 1951395.554
local_termination_time: 663236.9837599981
node_cons: 40145.11168463729
tot_aggregated_send: 27840
tot_msg_rcv: 611
tot_msg_sent: 1094
tot_reconf_duration: 25.299999999999997
tot_sleeping_duration: 1921439.8002400019
tot_uptimes: 500
tot_uptimes_duration: 29955.75375999813
