comms_cons: 193.35610879029093
finished_reconf: true
global_termination_time: 1950618.015
local_termination_time: 256872.93636000005
node_cons: 40105.01897999973
tot_aggregated_send: 27898
tot_msg_rcv: 479
tot_msg_sent: 1012
tot_reconf_duration: 11.31
tot_sleeping_duration: 1920678.015
tot_uptimes: 500
tot_uptimes_duration: 29940.0
