comms_cons: 1052.242079300523
finished_reconf: true
global_termination_time: 2367825.658
local_termination_time: 478338.92824000097
node_cons: 143654.6210982087
tot_aggregated_send: 0
tot_msg_rcv: 64624
tot_msg_sent: 95310
tot_reconf_duration: 18.21
tot_sleeping_duration: 2260559.12184002
tot_uptimes: 1761
tot_uptimes_duration: 107266.53615997997
