comms_cons: 233.70039039256838
finished_reconf: true
global_termination_time: 2368196.833
local_termination_time: 1223450.9713599999
node_cons: 48706.56752111601
tot_aggregated_send: 34220
tot_msg_rcv: 415
tot_msg_sent: 886
tot_reconf_duration: 15.110000000000001
tot_sleeping_duration: 2331836.8269200027
tot_uptimes: 607
tot_uptimes_duration: 36360.006079997635
