comms_cons: 239.13049598630295
finished_reconf: true
global_termination_time: 2369164.413
local_termination_time: 696355.0461999987
node_cons: 48690.23074670042
tot_aggregated_send: 32364
tot_msg_rcv: 1359
tot_msg_sent: 2623
tot_reconf_duration: 3.05
tot_sleeping_duration: 2332804.3765200144
tot_uptimes: 607
tot_uptimes_duration: 36360.03647998581
