comms_cons: 240.52427519009657
finished_reconf: true
global_termination_time: 2369436.882
local_termination_time: 448077.46236000006
node_cons: 48693.49535117228
tot_aggregated_send: 31262
tot_msg_rcv: 1676
tot_msg_sent: 3622
tot_reconf_duration: 5.43
tot_sleeping_duration: 2333076.82120002
tot_uptimes: 607
tot_uptimes_duration: 36360.06079997978
