comms_cons: 339.6051456150596
finished_reconf: true
global_termination_time: 3377054.389
local_termination_time: 18021.8784
node_cons: 69429.98532893376
tot_aggregated_send: 47212
tot_msg_rcv: 1506
tot_msg_sent: 2900
tot_reconf_duration: 11.899999999999999
tot_sleeping_duration: 3325214.3403600184
tot_uptimes: 865
tot_uptimes_duration: 51840.04863998154
