comms_cons: 335.216940805958
finished_reconf: true
global_termination_time: 3375007.835
local_termination_time: 388683.0230000005
node_cons: 69417.95888782159
tot_aggregated_send: 47154
tot_msg_rcv: 1177
tot_msg_sent: 2620
tot_reconf_duration: 3.05
tot_sleeping_duration: 3323167.7924400126
tot_uptimes: 865
tot_uptimes_duration: 51840.04255998734
