comms_cons: 330.2304127968357
finished_reconf: true
global_termination_time: 3375037.748
local_termination_time: 2385316.125479998
node_cons: 69422.75530830113
tot_aggregated_send: 47618
tot_msg_rcv: 828
tot_msg_sent: 1747
tot_reconf_duration: 5.43
tot_sleeping_duration: 3323196.537120013
tot_uptimes: 865
tot_uptimes_duration: 51841.21087998687
