comms_cons: 745.6733697380793
finished_reconf: true
global_termination_time: 7577873.57
local_termination_time: 4416032.6776
node_cons: 155870.63506669734
tot_aggregated_send: 105038
tot_msg_rcv: 2668
tot_msg_sent: 5632
tot_reconf_duration: 8.09
tot_sleeping_duration: 7461473.533520013
tot_uptimes: 1941
tot_uptimes_duration: 116400.0364799872
