comms_cons: 742.2956097375348
finished_reconf: true
global_termination_time: 7576676.734
local_termination_time: 4923803.2976
node_cons: 155874.48638222925
tot_aggregated_send: 103994
tot_msg_rcv: 2753
tot_msg_sent: 6077
tot_reconf_duration: 10.95
tot_sleeping_duration: 7460276.721840004
tot_uptimes: 1941
tot_uptimes_duration: 116400.01215999573
