comms_cons: 63.6800768001494
finished_reconf: true
global_termination_time: 630271.005
local_termination_time: 271951.3320400003
node_cons: 12952.657424485718
tot_aggregated_send: 8584
tot_msg_rcv: 348
tot_msg_sent: 747
tot_reconf_duration: 13.17
tot_sleeping_duration: 620610.9806799957
tot_uptimes: 162
tot_uptimes_duration: 9660.024320004275
