comms_cons: 63.83202560024802
finished_reconf: true
global_termination_time: 629882.638
local_termination_time: 138095.73636000007
node_cons: 12943.211183359712
tot_aggregated_send: 8584
tot_msg_rcv: 366
tot_msg_sent: 752
tot_reconf_duration: 6.22
tot_sleeping_duration: 620222.6197600003
tot_uptimes: 162
tot_uptimes_duration: 9660.018239999772
