comms_cons: 81.37812479973606
finished_reconf: true
global_termination_time: 814505.745
local_termination_time: 295646.07992000075
node_cons: 16719.174901121416
tot_aggregated_send: 11136
tot_msg_rcv: 415
tot_msg_sent: 818
tot_reconf_duration: 6.22
tot_sleeping_duration: 802025.7389199989
tot_uptimes: 209
tot_uptimes_duration: 12480.006080001069
