comms_cons: 858.4992448749932
finished_reconf: true
global_termination_time: 8666456.58448
local_termination_time: 8666456.54336
node_cons: 178343.6782076643
tot_aggregated_send: 125396
tot_msg_rcv: 1794
tot_msg_sent: 3294
tot_reconf_duration: 37.410000000000004
tot_sleeping_duration: 8533302.831360007
tot_uptimes: 2220
tot_uptimes_duration: 133153.7531199932
