comms_cons: 859.8860098338857
finished_reconf: true
global_termination_time: 8669290.004
local_termination_time: 3747198.45608
node_cons: 178359.0559100481
tot_aggregated_send: 118958
tot_msg_rcv: 3865
tot_msg_sent: 7873
tot_reconf_duration: 3.08
tot_sleeping_duration: 8536089.94928002
tot_uptimes: 2221
tot_uptimes_duration: 133200.0547199808
