comms_cons: 868.8240002682976
finished_reconf: true
global_termination_time: 8668745.337
local_termination_time: 82051.801
node_cons: 178325.0901026675
tot_aggregated_send: 120986
tot_msg_rcv: 3619
tot_msg_sent: 7450
tot_reconf_duration: 22.65
tot_sleeping_duration: 8535590.496520035
tot_uptimes: 2220
tot_uptimes_duration: 133154.84047996547
