comms_cons: 850.9719105537398
finished_reconf: true
global_termination_time: 8668135.233
local_termination_time: 4790702.958559999
node_cons: 178287.3012066965
tot_aggregated_send: 120988
tot_msg_rcv: 2898
tot_msg_sent: 5455
tot_reconf_duration: 9.42
tot_sleeping_duration: 8534995.196520012
tot_uptimes: 2220
tot_uptimes_duration: 133140.0364799872
