comms_cons: 868.051801794633
finished_reconf: true
global_termination_time: 8667509.341
local_termination_time: 470469.89088000037
node_cons: 178280.51931339846
tot_aggregated_send: 120698
tot_msg_rcv: 3799
tot_msg_sent: 7441
tot_reconf_duration: 4.390000000000001
tot_sleeping_duration: 8534369.268040027
tot_uptimes: 2220
tot_uptimes_duration: 133140.0729599737
