comms_cons: 867.244409818528
finished_reconf: true
global_termination_time: 8672309.109
local_termination_time: 2275706.05236
node_cons: 178362.27163339936
tot_aggregated_send: 121568
tot_msg_rcv: 3507
tot_msg_sent: 6740
tot_reconf_duration: 5.43
tot_sleeping_duration: 8539109.036040025
tot_uptimes: 2221
tot_uptimes_duration: 133200.07295997418
