comms_cons: 1253.6772162046814
finished_reconf: true
global_termination_time: 3259428.413
local_termination_time: 2396622.9176000003
node_cons: 197296.14193855764
tot_aggregated_send: 0
tot_msg_rcv: 77149
tot_msg_sent: 113404
tot_reconf_duration: 5.57
tot_sleeping_duration: 3112088.1756000267
tot_uptimes: 2414
tot_uptimes_duration: 147340.23739997303
