comms_cons: 326.85143040558154
finished_reconf: true
global_termination_time: 3259608.138
local_termination_time: 1783235.1413599998
node_cons: 67024.11194446604
tot_aggregated_send: 45530
tot_msg_rcv: 1397
tot_msg_sent: 2752
tot_reconf_duration: 15.110000000000001
tot_sleeping_duration: 3209568.1136800093
tot_uptimes: 835
tot_uptimes_duration: 50040.02431999077
