comms_cons: 328.99352322904656
finished_reconf: true
global_termination_time: 3259789.743
local_termination_time: 441326.53600000043
node_cons: 67029.0522934073
tot_aggregated_send: 44950
tot_msg_rcv: 1751
tot_msg_sent: 3305
tot_reconf_duration: 18.700000000000003
tot_sleeping_duration: 3209749.670040023
tot_uptimes: 835
tot_uptimes_duration: 50040.07295997668
