comms_cons: 327.34864640634567
finished_reconf: true
global_termination_time: 3260986.63
local_termination_time: 643765.8678799991
node_cons: 67089.93489005072
tot_aggregated_send: 45414
tot_msg_rcv: 1493
tot_msg_sent: 2849
tot_reconf_duration: 4.390000000000001
tot_sleeping_duration: 3210886.575280021
tot_uptimes: 836
tot_uptimes_duration: 50100.054719979176
