comms_cons: 9.892121600136388
finished_reconf: true
global_termination_time: 81495.987
local_termination_time: 47410.88836000001
node_cons: 1615.3363811202896
tot_aggregated_send: 580
tot_msg_rcv: 346
tot_msg_sent: 578
tot_reconf_duration: 6.279999999999999
tot_sleeping_duration: 80295.98091999978
tot_uptimes: 21
tot_uptimes_duration: 1200.0060800002175
