comms_cons: 12.468838400012846
finished_reconf: true
global_termination_time: 81154.349
local_termination_time: 55492.32944000004
node_cons: 1613.7339411191467
tot_aggregated_send: 406
tot_msg_rcv: 733
tot_msg_sent: 757
tot_reconf_duration: 5.1
tot_sleeping_duration: 79954.34292000064
tot_uptimes: 21
tot_uptimes_duration: 1200.0060799993644
