comms_cons: 12.39209600001016
finished_reconf: true
global_termination_time: 80106.65107999985
local_termination_time: 57648.71936000001
node_cons: 1644.4390582400954
tot_aggregated_send: 348
tot_msg_rcv: 709
tot_msg_sent: 825
tot_reconf_duration: 9.42
tot_sleeping_duration: 78888.09491999977
tot_uptimes: 21
tot_uptimes_duration: 1218.556160000073
