comms_cons: 12.099775999837409
finished_reconf: true
global_termination_time: 81416.051
local_termination_time: 60855.24636000001
node_cons: 1615.2549011191525
tot_aggregated_send: 406
tot_msg_rcv: 676
tot_msg_sent: 754
tot_reconf_duration: 6.22
tot_sleeping_duration: 80216.04492000064
tot_uptimes: 21
tot_uptimes_duration: 1200.0060799993662
