comms_cons: 2.1645567999928477
finished_reconf: true
global_termination_time: 14699.944
local_termination_time: 5387.67036
node_cons: 248.58405999999962
tot_aggregated_send: 0
tot_msg_rcv: 169
tot_msg_sent: 160
tot_reconf_duration: 5.57
tot_sleeping_duration: 14519.944
tot_uptimes: 4
tot_uptimes_duration: 180.0
