comms_cons: 2.0000767999933915
finished_reconf: true
global_termination_time: 16794.586
local_termination_time: 10634.65436
node_cons: 333.7313800000008
tot_aggregated_send: 0
tot_msg_rcv: 181
tot_msg_sent: 123
tot_reconf_duration: 9.11
tot_sleeping_duration: 16554.586
tot_uptimes: 5
tot_uptimes_duration: 240.0
