comms_cons: 165.65767679583158
finished_reconf: true
global_termination_time: 1689115.396
local_termination_time: 544408.5314799998
node_cons: 34711.06263999991
tot_aggregated_send: 24650
tot_msg_rcv: 125
tot_msg_sent: 404
tot_reconf_duration: 3.08
tot_sleeping_duration: 1663195.396
tot_uptimes: 433
tot_uptimes_duration: 25920.0
