comms_cons: 167.14776959386182
finished_reconf: true
global_termination_time: 1689513.359
local_termination_time: 1102677.5599199985
node_cons: 34721.75010000022
tot_aggregated_send: 24360
tot_msg_rcv: 358
tot_msg_sent: 687
tot_reconf_duration: 10.95
tot_sleeping_duration: 1663593.359
tot_uptimes: 433
tot_uptimes_duration: 25920.0
