comms_cons: 374.7999102946578
finished_reconf: true
global_termination_time: 770455.9815199992
local_termination_time: 770455.9403999993
node_cons: 47227.63703775652
tot_aggregated_send: 0
tot_msg_rcv: 22912
tot_msg_sent: 34054
tot_reconf_duration: 24.59
tot_sleeping_duration: 735210.0936800014
tot_uptimes: 582
tot_uptimes_duration: 35245.8878399978
