comms_cons: 151.87133435671902
finished_reconf: true
global_termination_time: 774970.369
local_termination_time: 2188.37048
node_cons: 15932.049180000024
tot_aggregated_send: 0
tot_msg_rcv: 11610
tot_msg_sent: 11472
tot_reconf_duration: 18.21
tot_sleeping_duration: 763090.369
tot_uptimes: 199
tot_uptimes_duration: 11880.0
