comms_cons: 78.37800959931229
finished_reconf: true
global_termination_time: 772502.831
local_termination_time: 185412.96436000004
node_cons: 15833.536403364313
tot_aggregated_send: 10498
tot_msg_rcv: 486
tot_msg_sent: 929
tot_reconf_duration: 4.8100000000000005
tot_sleeping_duration: 760682.8127599969
tot_uptimes: 198
tot_uptimes_duration: 11820.018240003206
