comms_cons: 171.8421247937718
finished_reconf: true
global_termination_time: 1731496.302
local_termination_time: 835004.5274399995
node_cons: 35599.148239999966
tot_aggregated_send: 24766
tot_msg_rcv: 430
tot_msg_sent: 923
tot_reconf_duration: 6.279999999999999
tot_sleeping_duration: 1704916.302
tot_uptimes: 444
tot_uptimes_duration: 26580.0
