comms_cons: 169.98597119584164
finished_reconf: true
global_termination_time: 1732681.264
local_termination_time: 655291.1543599999
node_cons: 35624.97739999999
tot_aggregated_send: 25114
tot_msg_rcv: 166
tot_msg_sent: 556
tot_reconf_duration: 25.299999999999997
tot_sleeping_duration: 1706101.264
tot_uptimes: 444
tot_uptimes_duration: 26580.0
