comms_cons: 505.4733564010188
finished_reconf: true
global_termination_time: 1732815.151
local_termination_time: 1518562.399519999
node_cons: 71034.62737099832
tot_aggregated_send: 0
tot_msg_rcv: 25663
tot_msg_sent: 51166
tot_reconf_duration: 13.17
tot_sleeping_duration: 1679778.002
tot_uptimes: 881
tot_uptimes_duration: 53037.14900000001
