comms_cons: 176.3458367815352
finished_reconf: true
global_termination_time: 1731915.436
local_termination_time: 100389.15311999973
node_cons: 35601.3046889392
tot_aggregated_send: 23374
tot_msg_rcv: 1102
tot_msg_sent: 2327
tot_reconf_duration: 7.819999999999999
tot_sleeping_duration: 1705335.3873600154
tot_uptimes: 444
tot_uptimes_duration: 26580.04863998451
