comms_cons: 171.0657791966504
finished_reconf: true
global_termination_time: 1732402.311
local_termination_time: 1325365.7673199985
node_cons: 35597.99393999984
tot_aggregated_send: 25172
tot_msg_rcv: 312
tot_msg_sent: 517
tot_reconf_duration: 5.43
tot_sleeping_duration: 1705822.311
tot_uptimes: 444
tot_uptimes_duration: 26580.0
