comms_cons: 70.5816576007793
finished_reconf: true
global_termination_time: 704375.243
local_termination_time: 395590.8763600001
node_cons: 14465.341900000085
tot_aggregated_send: 9918
tot_msg_rcv: 290
tot_msg_sent: 520
tot_reconf_duration: 3.05
tot_sleeping_duration: 693575.243
tot_uptimes: 181
tot_uptimes_duration: 10800.0
