comms_cons: 73.08895999891313
finished_reconf: true
global_termination_time: 704085.299
local_termination_time: 358335.5723600001
node_cons: 14482.056143364347
tot_aggregated_send: 9454
tot_msg_rcv: 681
tot_msg_sent: 974
tot_reconf_duration: 15.34
tot_sleeping_duration: 693285.2807599969
tot_uptimes: 181
tot_uptimes_duration: 10800.018240003206
