comms_cons: 67.37884160030752
finished_reconf: true
global_termination_time: 673096.575
local_termination_time: 283219.93700000003
node_cons: 13860.55142896545
tot_aggregated_send: 9336
tot_msg_rcv: 276
tot_msg_sent: 630
tot_reconf_duration: 22.65
tot_sleeping_duration: 662768.1263599959
tot_uptimes: 173
tot_uptimes_duration: 10328.448640004033
