comms_cons: 581.6846399142904
finished_reconf: true
global_termination_time: 671845.0975999997
local_termination_time: 671845.0564799998
node_cons: 67196.56008097863
tot_aggregated_send: 0
tot_msg_rcv: 39941
tot_msg_sent: 48470
tot_reconf_duration: 37.410000000000004
tot_sleeping_duration: 621698.9009599849
tot_uptimes: 810
tot_uptimes_duration: 50146.19664001487
