comms_cons: 69.83420799961682
finished_reconf: true
global_termination_time: 671845.1101200003
local_termination_time: 14610.70484
node_cons: 13883.632237525972
tot_aggregated_send: 8700
tot_msg_rcv: 678
tot_msg_sent: 1237
tot_reconf_duration: 3.08
tot_sleeping_duration: 661479.5764399958
tot_uptimes: 173
tot_uptimes_duration: 10365.533680004446
