comms_cons: 67.3117951989772
finished_reconf: true
global_termination_time: 672447.663
local_termination_time: 18488.546479999997
node_cons: 13843.907164483458
tot_aggregated_send: 9222
tot_msg_rcv: 350
tot_msg_sent: 659
tot_reconf_duration: 18.700000000000003
tot_sleeping_duration: 662127.6386799974
tot_uptimes: 173
tot_uptimes_duration: 10320.024320002572
