comms_cons: 183.76527358450338
finished_reconf: true
global_termination_time: 1811989.421999999
local_termination_time: 1811989.3808799991
node_cons: 37359.157655425865
tot_aggregated_send: 24984
tot_msg_rcv: 994
tot_msg_sent: 1953
tot_reconf_duration: 24.59
tot_sleeping_duration: 1784113.5710400094
tot_uptimes: 465
tot_uptimes_duration: 27875.850959989548
