comms_cons: 180.16481278801058
finished_reconf: true
global_termination_time: 1814141.572
local_termination_time: 486023.4275200004
node_cons: 37285.34848335036
tot_aggregated_send: 25056
tot_msg_rcv: 758
tot_msg_sent: 1570
tot_reconf_duration: 5.57
tot_sleeping_duration: 1786301.553760007
tot_uptimes: 465
tot_uptimes_duration: 27840.018239992904
