comms_cons: 181.68460798640774
finished_reconf: true
global_termination_time: 1814526.41
local_termination_time: 250566.90784000015
node_cons: 37284.71836446719
tot_aggregated_send: 25114
tot_msg_rcv: 883
tot_msg_sent: 1618
tot_reconf_duration: 5.1
tot_sleeping_duration: 1786686.3856800094
tot_uptimes: 465
tot_uptimes_duration: 27840.024319990538
