comms_cons: 336.9537277365851
finished_reconf: true
global_termination_time: 1813084.403
local_termination_time: 1201491.510999998
node_cons: 37288.39584223361
tot_aggregated_send: 0
tot_msg_rcv: 25752
tot_msg_sent: 25463
tot_reconf_duration: 7.819999999999999
tot_sleeping_duration: 1785244.3908400047
tot_uptimes: 465
tot_uptimes_duration: 27840.01215999527
