comms_cons: 42.29830400004636
finished_reconf: true
global_termination_time: 427123.189
local_termination_time: 43918.49036000001
node_cons: 8772.427121119159
tot_aggregated_send: 6090
tot_msg_rcv: 113
tot_msg_sent: 225
tot_reconf_duration: 11.31
tot_sleeping_duration: 420583.18292000063
tot_uptimes: 110
tot_uptimes_duration: 6540.006079999366
