comms_cons: 605.3231232861242
finished_reconf: true
global_termination_time: 6090269.829
local_termination_time: 3594722.11136
node_cons: 125262.45580334729
tot_aggregated_send: 85550
tot_msg_rcv: 2276
tot_msg_sent: 4178
tot_reconf_duration: 9.11
tot_sleeping_duration: 5996729.810760006
tot_uptimes: 1560
tot_uptimes_duration: 93540.0182399936
