comms_cons: 602.452051292639
finished_reconf: true
global_termination_time: 6085084.863
local_termination_time: 3618340.0349999997
node_cons: 125190.28008558221
tot_aggregated_send: 84042
tot_msg_rcv: 2657
tot_msg_sent: 4869
tot_reconf_duration: 15.110000000000001
tot_sleeping_duration: 5991604.832600011
tot_uptimes: 1559
tot_uptimes_duration: 93480.03039998934
