comms_cons: 605.6566529190486
finished_reconf: true
global_termination_time: 6085441.314
local_termination_time: 2317362.0048399987
node_cons: 125177.16721005025
tot_aggregated_send: 84970
tot_msg_rcv: 2238
tot_msg_sent: 4848
tot_reconf_duration: 5.43
tot_sleeping_duration: 5991961.25928002
tot_uptimes: 1559
tot_uptimes_duration: 93480.05471998057
