comms_cons: 402.7153408638247
finished_reconf: true
global_termination_time: 4007846.763
local_termination_time: 126647.033
node_cons: 82450.3333295814
tot_aggregated_send: 55154
tot_msg_rcv: 2011
tot_msg_sent: 4047
tot_reconf_duration: 10.95
tot_sleeping_duration: 3946281.816600012
tot_uptimes: 1027
tot_uptimes_duration: 61564.946399987675
