comms_cons: 403.5238912711826
finished_reconf: true
global_termination_time: 4008437.447
local_termination_time: 630250.5385999999
node_cons: 82434.86674893415
tot_aggregated_send: 55738
tot_msg_rcv: 1818
tot_msg_sent: 3777
tot_reconf_duration: 4.390000000000001
tot_sleeping_duration: 3946877.3983600177
tot_uptimes: 1027
tot_uptimes_duration: 61560.04863998224
