comms_cons: 400.5680128350782
finished_reconf: true
global_termination_time: 4009838.907
local_termination_time: 1723401.19636
node_cons: 82437.35188893377
tot_aggregated_send: 56028
tot_msg_rcv: 1704
tot_msg_sent: 3152
tot_reconf_duration: 6.22
tot_sleeping_duration: 3948278.858360018
tot_uptimes: 1027
tot_uptimes_duration: 61560.04863998201
