comms_cons: 278.78620798315467
finished_reconf: true
global_termination_time: 2809170.236
local_termination_time: 5229.635
node_cons: 57855.069182232626
tot_aggregated_send: 38968
tot_msg_rcv: 1108
tot_msg_sent: 2297
tot_reconf_duration: 7.55
tot_sleeping_duration: 2765970.2238400048
tot_uptimes: 720
tot_uptimes_duration: 43200.01215999527
