comms_cons: 265.431244788752
finished_reconf: true
global_termination_time: 2810748.152
local_termination_time: 7060.717
node_cons: 57849.94408334946
tot_aggregated_send: 38913
tot_msg_rcv: 474
tot_msg_sent: 957
tot_reconf_duration: 3.77
tot_sleeping_duration: 2767548.1337600066
tot_uptimes: 720
tot_uptimes_duration: 43200.0182399929
