comms_cons: 91.4668543951217
finished_reconf: true
global_termination_time: 903518.654
local_termination_time: 154285.56832000066
node_cons: 18565.09640335512
tot_aggregated_send: 12180
tot_msg_rcv: 658
tot_msg_sent: 1064
tot_reconf_duration: 4.8100000000000005
tot_sleeping_duration: 889658.6357600037
tot_uptimes: 232
tot_uptimes_duration: 13860.018239996338
