comms_cons: 365.13450850435186
finished_reconf: true
global_termination_time: 2047834.955
local_termination_time: 709474.2073599999
node_cons: 42104.74896781755
tot_aggregated_send: 0
tot_msg_rcv: 28086
tot_msg_sent: 27413
tot_reconf_duration: 4.8100000000000005
tot_sleeping_duration: 2016394.9124400166
tot_uptimes: 525
tot_uptimes_duration: 31440.04255998344
