comms_cons: 203.67887359019895
finished_reconf: true
global_termination_time: 2048748.263
local_termination_time: 822762.2664399985
node_cons: 42118.9917199996
tot_aggregated_send: 29174
tot_msg_rcv: 580
tot_msg_sent: 1204
tot_reconf_duration: 15.34
tot_sleeping_duration: 2017308.263
tot_uptimes: 525
tot_uptimes_duration: 31440.0
