comms_cons: 22.277171200031535
finished_reconf: true
global_termination_time: 227199.13896000021
local_termination_time: 227184.79336000004
node_cons: 4696.123677440306
tot_aggregated_send: 3364
tot_msg_rcv: 13
tot_msg_sent: 8
tot_reconf_duration: 4.8100000000000005
tot_sleeping_duration: 223696.83
tot_uptimes: 59
tot_uptimes_duration: 3502.3089600002277
