comms_cons: 33.92893440006095
finished_reconf: true
global_termination_time: 342837.423
local_termination_time: 71074.48447999996
node_cons: 7004.450100000004
tot_aggregated_send: 4814
tot_msg_rcv: 121
tot_msg_sent: 222
tot_reconf_duration: 10.95
tot_sleeping_duration: 337617.423
tot_uptimes: 88
tot_uptimes_duration: 5220.0
