comms_cons: 32.96179200003154
finished_reconf: true
global_termination_time: 338504.43296000024
local_termination_time: 338490.08736000006
node_cons: 6945.6436774403
tot_aggregated_send: 4988
tot_msg_rcv: 13
tot_msg_sent: 8
tot_reconf_duration: 4.8100000000000005
tot_sleeping_duration: 333322.124
tot_uptimes: 87
tot_uptimes_duration: 5182.30896000022
