comms_cons: 1.0013311999975083
finished_reconf: true
global_termination_time: 5353.426
local_termination_time: 2047.9364800000003
node_cons: 105.06918000000036
tot_aggregated_send: 0
tot_msg_rcv: 110
tot_msg_sent: 42
tot_reconf_duration: 18.21
tot_sleeping_duration: 5293.426
tot_uptimes: 2
tot_uptimes_duration: 60.00000000000023
