comms_cons: 0.19737599999934904
finished_reconf: true
global_termination_time: 3504.9730800000025
local_termination_time: 3491.5963600000005
node_cons: 56.19688712000334
tot_aggregated_send: 0
tot_msg_rcv: 20
tot_msg_sent: 9
tot_reconf_duration: 12.629999999999999
tot_sleeping_duration: 3475.813
tot_uptimes: 1
tot_uptimes_duration: 29.16008000000238
