comms_cons: 9.730636800079363
finished_reconf: true
global_termination_time: 79276.996
local_termination_time: 46041.08092000006
node_cons: 1615.263042240584
tot_aggregated_send: 580
tot_msg_rcv: 322
tot_msg_sent: 577
tot_reconf_duration: 6.22
tot_sleeping_duration: 78076.98383999956
tot_uptimes: 21
tot_uptimes_duration: 1200.012160000435
