comms_cons: 112.21546239834997
finished_reconf: true
global_termination_time: 1143364.996
local_termination_time: 514461.91936000006
node_cons: 23470.26622000007
tot_aggregated_send: 16588
tot_msg_rcv: 127
tot_msg_sent: 341
tot_reconf_duration: 8.09
tot_sleeping_duration: 1125844.996
tot_uptimes: 293
tot_uptimes_duration: 17520.0
