comms_cons: 113.65035519661059
finished_reconf: true
global_termination_time: 1142278.786
local_termination_time: 47594.385840000024
node_cons: 23468.47366000011
tot_aggregated_send: 16298
tot_msg_rcv: 344
tot_msg_sent: 632
tot_reconf_duration: 6.77
tot_sleeping_duration: 1124758.786
tot_uptimes: 293
tot_uptimes_duration: 17520.00000000006
