comms_cons: 113.80023679463031
finished_reconf: true
global_termination_time: 1141331.929
local_termination_time: 534098.7765999998
node_cons: 23470.320540000044
tot_aggregated_send: 16240
tot_msg_rcv: 382
tot_msg_sent: 674
tot_reconf_duration: 8.129999999999999
tot_sleeping_duration: 1123811.929
tot_uptimes: 293
tot_uptimes_duration: 17520.0
