comms_cons: 113.30103039771085
finished_reconf: true
global_termination_time: 1142401.358
local_termination_time: 480915.6226800002
node_cons: 23465.241619999975
tot_aggregated_send: 16472
tot_msg_rcv: 289
tot_msg_sent: 460
tot_reconf_duration: 4.390000000000001
tot_sleeping_duration: 1124881.358
tot_uptimes: 293
tot_uptimes_duration: 17520.0
