comms_cons: 113.97210879805081
finished_reconf: true
global_termination_time: 1145840.714
local_termination_time: 438965.64884000015
node_cons: 23550.239560000045
tot_aggregated_send: 16414
tot_msg_rcv: 336
tot_msg_sent: 573
tot_reconf_duration: 7.819999999999999
tot_sleeping_duration: 1128260.714
tot_uptimes: 294
tot_uptimes_duration: 17580.0
