comms_cons: 35.86979840054904
finished_reconf: true
global_termination_time: 357274.762
local_termination_time: 103821.93435999998
node_cons: 7331.779861121454
tot_aggregated_send: 4814
tot_msg_rcv: 187
tot_msg_sent: 451
tot_reconf_duration: 15.34
tot_sleeping_duration: 351814.7559199989
tot_uptimes: 92
tot_uptimes_duration: 5460.006080001069
