comms_cons: 1346.7650822115972
finished_reconf: true
global_termination_time: 3644899.628
local_termination_time: 2449371.5647200006
node_cons: 220919.64070134403
tot_aggregated_send: 0
tot_msg_rcv: 82772
tot_msg_sent: 121928
tot_reconf_duration: 5.57
tot_sleeping_duration: 3479916.7477600067
tot_uptimes: 2710
tot_uptimes_duration: 164982.88023999354
