comms_cons: 356.60172802524227
finished_reconf: true
global_termination_time: 3646959.043
local_termination_time: 1688548.5990399981
node_cons: 74975.11300111527
tot_aggregated_send: 51272
tot_msg_rcv: 1018
tot_msg_sent: 1913
tot_reconf_duration: 13.17
tot_sleeping_duration: 3590979.036920002
tot_uptimes: 934
tot_uptimes_duration: 55980.00607999787
