comms_cons: 362.2267328396656
finished_reconf: true
global_termination_time: 3644650.237
local_termination_time: 681611.6953599999
node_cons: 74974.44481005067
tot_aggregated_send: 50750
tot_msg_rcv: 1402
tot_msg_sent: 2905
tot_reconf_duration: 12.629999999999999
tot_sleeping_duration: 3588670.182280021
tot_uptimes: 934
tot_uptimes_duration: 55980.05471997941
