comms_cons: 366.8494784414409
finished_reconf: true
global_termination_time: 3650529.407
local_termination_time: 629856.263879999
node_cons: 75052.52345504235
tot_aggregated_send: 50866
tot_msg_rcv: 1710
tot_msg_sent: 3182
tot_reconf_duration: 10.95
tot_sleeping_duration: 3594489.337280027
tot_uptimes: 935
tot_uptimes_duration: 56040.06971997325
