comms_cons: 366.32938244272015
finished_reconf: true
global_termination_time: 3644821.327
local_termination_time: 514451.758
node_cons: 74965.66042989776
tot_aggregated_send: 49877
tot_msg_rcv: 1849
tot_msg_sent: 3954
tot_reconf_duration: 4.8100000000000005
tot_sleeping_duration: 3588839.9017200153
tot_uptimes: 934
tot_uptimes_duration: 55981.425279984716
