comms_cons: 361.79289603295007
finished_reconf: true
global_termination_time: 3644431.343
local_termination_time: 548152.0233599999
node_cons: 74963.24674893386
tot_aggregated_send: 50460
tot_msg_rcv: 1410
tot_msg_sent: 3121
tot_reconf_duration: 4.390000000000001
tot_sleeping_duration: 3588451.294360018
tot_uptimes: 934
tot_uptimes_duration: 55980.048639981775
