comms_cons: 263.92171520987716
finished_reconf: true
global_termination_time: 2664607.260239995
local_termination_time: 569415.4473599999
node_cons: 54828.63011935235
tot_aggregated_send: 38512
tot_msg_rcv: 558
tot_msg_sent: 1044
tot_reconf_duration: 3.08
tot_sleeping_duration: 2623662.938
tot_uptimes: 683
tot_uptimes_duration: 40944.322239995
