comms_cons: 273.8622976018029
finished_reconf: true
global_termination_time: 2666507.649
local_termination_time: 861148.3771599993
node_cons: 54800.41631228565
tot_aggregated_send: 35554
tot_msg_rcv: 2059
tot_msg_sent: 4012
tot_reconf_duration: 6.22
tot_sleeping_duration: 2625587.5821200255
tot_uptimes: 683
tot_uptimes_duration: 40920.06687997491
