comms_cons: 56.16049280359775
finished_reconf: true
global_termination_time: 464048.8986400004
local_termination_time: 464048.85752000037
node_cons: 9532.155206507166
tot_aggregated_send: 4162
tot_msg_rcv: 1642
tot_msg_sent: 2732
tot_reconf_duration: 24.59
tot_sleeping_duration: 456954.9763199801
tot_uptimes: 119
tot_uptimes_duration: 7093.922320020276
