comms_cons: 45.8313344002548
finished_reconf: true
global_termination_time: 468136.352
local_termination_time: 206447.08736000003
node_cons: 9585.197321121432
tot_aggregated_send: 6670
tot_msg_rcv: 80
tot_msg_sent: 216
tot_reconf_duration: 18.21
tot_sleeping_duration: 460996.34591999894
tot_uptimes: 120
tot_uptimes_duration: 7140.006080001069
