comms_cons: 53.93690880058286
finished_reconf: true
global_termination_time: 541958.8091200001
local_termination_time: 52793.617999999995
node_cons: 11115.547240801578
tot_aggregated_send: 7596
tot_msg_rcv: 223
tot_msg_sent: 379
tot_reconf_duration: 5.1
tot_sleeping_duration: 533662.601919999
tot_uptimes: 139
tot_uptimes_duration: 8296.207200001169
