comms_cons: 55.58766080110004
finished_reconf: true
global_termination_time: 543020.322
local_termination_time: 5425.240040000004
node_cons: 11173.808262240598
tot_aggregated_send: 7250
tot_msg_rcv: 387
tot_msg_sent: 812
tot_reconf_duration: 4.8100000000000005
tot_sleeping_duration: 534680.3098399997
tot_uptimes: 140
tot_uptimes_duration: 8340.012160000435
