comms_cons: 56.055923200941166
finished_reconf: true
global_termination_time: 542995.293
local_termination_time: 73741.13779999956
node_cons: 11171.434464481163
tot_aggregated_send: 7192
tot_msg_rcv: 510
tot_msg_sent: 818
tot_reconf_duration: 3.05
tot_sleeping_duration: 534655.268679999
tot_uptimes: 140
tot_uptimes_duration: 8340.02432000087
