comms_cons: 818.3781953360536
finished_reconf: true
global_termination_time: 8405577.214
local_termination_time: 5212512.463639998
node_cons: 172907.03856718625
tot_aggregated_send: 116522
tot_msg_rcv: 2557
tot_msg_sent: 5307
tot_reconf_duration: 10.95
tot_sleeping_duration: 8276456.849200006
tot_uptimes: 2153
tot_uptimes_duration: 129120.36479999404
