comms_cons: 848.0646530436927
finished_reconf: true
global_termination_time: 8402517.813
local_termination_time: 165024.67952000085
node_cons: 172817.94525004702
tot_aggregated_send: 116754
tot_msg_rcv: 4205
tot_msg_sent: 7942
tot_reconf_duration: 4.8100000000000005
tot_sleeping_duration: 8273457.758280019
tot_uptimes: 2152
tot_uptimes_duration: 129060.05471997987
