comms_cons: 837.0001538160741
finished_reconf: true
global_termination_time: 8405989.551
local_termination_time: 1307228.97236
node_cons: 172907.07968557914
tot_aggregated_send: 115362
tot_msg_rcv: 3807
tot_msg_sent: 8049
tot_reconf_duration: 11.31
tot_sleeping_duration: 8276869.5206000125
tot_uptimes: 2153
tot_uptimes_duration: 129120.03039998887
