comms_cons: 2.2369279999926084
finished_reconf: true
global_termination_time: 15154.67
local_termination_time: 7320.50036
node_cons: 255.89009999999976
tot_aggregated_send: 0
tot_msg_rcv: 176
tot_msg_sent: 164
tot_reconf_duration: 10.95
tot_sleeping_duration: 14974.67
tot_uptimes: 4
tot_uptimes_duration: 180.0
