comms_cons: 2.6125695999943326
finished_reconf: true
global_termination_time: 14592.69148
local_termination_time: 14592.65036
node_cons: 292.77165984000686
tot_aggregated_send: 0
tot_msg_rcv: 227
tot_msg_sent: 170
tot_reconf_duration: 24.59
tot_sleeping_duration: 14398.980919999995
tot_uptimes: 4
tot_uptimes_duration: 193.710560000005
