comms_cons: 277.49555200359094
finished_reconf: true
global_termination_time: 2808973.313
local_termination_time: 5389.184
node_cons: 57859.21645228469
tot_aggregated_send: 38791
tot_msg_rcv: 1197
tot_msg_sent: 2189
tot_reconf_duration: 10.55
tot_sleeping_duration: 2765773.2461200254
tot_uptimes: 720
tot_uptimes_duration: 43200.06687997439
