comms_cons: 151.43407358803452
finished_reconf: true
global_termination_time: 1496476.187
local_termination_time: 363721.3962400005
node_cons: 30776.768262233712
tot_aggregated_send: 20822
tot_msg_rcv: 803
tot_msg_sent: 1392
tot_reconf_duration: 4.8100000000000005
tot_sleeping_duration: 1473496.1748400046
tot_uptimes: 384
tot_uptimes_duration: 22980.01215999527
