comms_cons: 150.8127103933745
finished_reconf: true
global_termination_time: 1498901.621
local_termination_time: 228746.19936000003
node_cons: 30780.872124481146
tot_aggregated_send: 20648
tot_msg_rcv: 709
tot_msg_sent: 1565
tot_reconf_duration: 7.819999999999999
tot_sleeping_duration: 1475921.596679999
tot_uptimes: 384
tot_uptimes_duration: 22980.02432000084
