comms_cons: 128.32071679432661
finished_reconf: true
global_termination_time: 1322836.839
local_termination_time: 994477.6633599999
node_cons: 27160.881620000062
tot_aggregated_send: 18212
tot_msg_rcv: 356
tot_msg_sent: 936
tot_reconf_duration: 4.390000000000001
tot_sleeping_duration: 1302556.839
tot_uptimes: 339
tot_uptimes_duration: 20280.0
