comms_cons: 216.2081663838083
finished_reconf: true
global_termination_time: 2182929.279
local_termination_time: 318391.0193600001
node_cons: 44940.94081676124
tot_aggregated_send: 29174
tot_msg_rcv: 1282
tot_msg_sent: 2405
tot_reconf_duration: 22.65
tot_sleeping_duration: 2149389.187800029
tot_uptimes: 560
tot_uptimes_duration: 33540.091199971386
