comms_cons: 214.4808959938022
finished_reconf: true
global_termination_time: 2181700.159
local_termination_time: 1226351.77436
node_cons: 44837.28405999961
tot_aggregated_send: 31088
tot_msg_rcv: 528
tot_msg_sent: 983
tot_reconf_duration: 5.57
tot_sleeping_duration: 2148220.159
tot_uptimes: 559
tot_uptimes_duration: 33480.0
