comms_cons: 214.79377919570217
finished_reconf: true
global_termination_time: 2181405.856
local_termination_time: 1362386.8013599997
node_cons: 44847.604859999425
tot_aggregated_send: 31668
tot_msg_rcv: 409
tot_msg_sent: 570
tot_reconf_duration: 13.17
tot_sleeping_duration: 2147925.856
tot_uptimes: 559
tot_uptimes_duration: 33480.0
