comms_cons: 219.29256958090707
finished_reconf: true
global_termination_time: 2185344.937
local_termination_time: 588283.36336
node_cons: 44914.27731245867
tot_aggregated_send: 29116
tot_msg_rcv: 1530
tot_msg_sent: 2687
tot_reconf_duration: 3.05
tot_sleeping_duration: 2151804.8806800153
tot_uptimes: 560
tot_uptimes_duration: 33540.056319984375
