comms_cons: 218.95703038295824
finished_reconf: true
global_termination_time: 2180441.968239997
local_termination_time: 14935.62748
node_cons: 44865.55636053305
tot_aggregated_send: 30160
tot_msg_rcv: 1024
tot_msg_sent: 2095
tot_reconf_duration: 11.31
tot_sleeping_duration: 2146946.6752000167
tot_uptimes: 559
tot_uptimes_duration: 33495.29303998023
