comms_cons: 35.119769600087665
finished_reconf: true
global_termination_time: 359503.283
local_termination_time: 12994.649360000001
node_cons: 7397.820121121441
tot_aggregated_send: 5220
tot_msg_rcv: 6
tot_msg_sent: 112
tot_reconf_duration: 4.8100000000000005
tot_sleeping_duration: 353983.2769199989
tot_uptimes: 93
tot_uptimes_duration: 5520.006080001069
