comms_cons: 199.36194559002462
finished_reconf: true
global_termination_time: 2025710.881
local_termination_time: 825170.72736
node_cons: 41624.583042233455
tot_aggregated_send: 28246
tot_msg_rcv: 715
tot_msg_sent: 1341
tot_reconf_duration: 6.22
tot_sleeping_duration: 1994630.8688400048
tot_uptimes: 519
tot_uptimes_duration: 31080.01215999527
