comms_cons: 281.15553281963645
finished_reconf: true
global_termination_time: 2811265.661
local_termination_time: 5194.775
node_cons: 57877.35663005141
tot_aggregated_send: 38895
tot_msg_rcv: 1252
tot_msg_sent: 2587
tot_reconf_duration: 23.919999999999998
tot_sleeping_duration: 2768065.6062800204
tot_uptimes: 720
tot_uptimes_duration: 43200.05471997941
