comms_cons: 95.19535359274653
finished_reconf: true
global_termination_time: 910751.647
local_termination_time: 123292.45035999996
node_cons: 18726.841047836235
tot_aggregated_send: 11600
tot_msg_rcv: 1160
tot_msg_sent: 1710
tot_reconf_duration: 5.57
tot_sleeping_duration: 896771.6044400028
tot_uptimes: 234
tot_uptimes_duration: 13980.042559997179
