comms_cons: 92.12853759698538
finished_reconf: true
global_termination_time: 913080.343
local_termination_time: 130817.82147999996
node_cons: 18730.246925602576
tot_aggregated_send: 11890
tot_msg_rcv: 735
tot_msg_sent: 1378
tot_reconf_duration: 8.09
tot_sleeping_duration: 899100.3125999981
tot_uptimes: 234
tot_uptimes_duration: 13980.03040000191
