comms_cons: 110.67592960885878
finished_reconf: true
global_termination_time: 722097.876
local_termination_time: 212130.5452000006
node_cons: 14793.228406723976
tot_aggregated_send: 0
tot_msg_rcv: 8636
tot_msg_sent: 8187
tot_reconf_duration: 7.819999999999999
tot_sleeping_duration: 711057.839519997
tot_uptimes: 185
tot_uptimes_duration: 11040.036480002978
