comms_cons: 72.9435903997244
finished_reconf: true
global_termination_time: 720615.655
local_termination_time: 217033.31836000006
node_cons: 14797.951544481142
tot_aggregated_send: 9686
tot_msg_rcv: 419
tot_msg_sent: 982
tot_reconf_duration: 11.31
tot_sleeping_duration: 709575.6306799991
tot_uptimes: 185
tot_uptimes_duration: 11040.02432000084
