comms_cons: 497.20412774876115
finished_reconf: true
global_termination_time: 1026060.3125999998
local_termination_time: 1026060.2714799999
node_cons: 62569.868069199205
tot_aggregated_send: 0
tot_msg_rcv: 30462
tot_msg_sent: 45110
tot_reconf_duration: 37.410000000000004
tot_sleeping_duration: 979369.4497999995
tot_uptimes: 771
tot_uptimes_duration: 46690.86280000028
