comms_cons: 103.07037439353394
finished_reconf: true
global_termination_time: 1026559.493
local_termination_time: 160669.62940000035
node_cons: 21057.583747836252
tot_aggregated_send: 13398
tot_msg_rcv: 753
tot_msg_sent: 1515
tot_reconf_duration: 6.22
tot_sleeping_duration: 1010839.4504400028
tot_uptimes: 263
tot_uptimes_duration: 15720.042559997179
