comms_cons: 154.4204031942142
finished_reconf: true
global_termination_time: 1559872.2794799998
local_termination_time: 1559872.2383599998
node_cons: 32124.837502074944
tot_aggregated_send: 22420
tot_msg_rcv: 345
tot_msg_sent: 705
tot_reconf_duration: 37.410000000000004
tot_sleeping_duration: 1535918.5567600036
tot_uptimes: 400
tot_uptimes_duration: 23953.722719996178
