comms_cons: 154.73087999555318
finished_reconf: true
global_termination_time: 1561380.294
local_termination_time: 1064448.83348
node_cons: 32081.062741117137
tot_aggregated_send: 22272
tot_msg_rcv: 392
tot_msg_sent: 854
tot_reconf_duration: 18.700000000000003
tot_sleeping_duration: 1537440.2879200024
tot_uptimes: 400
tot_uptimes_duration: 23940.006079997635
