comms_cons: 160.2442495838584
finished_reconf: true
global_termination_time: 1560664.864
local_termination_time: 748016.1217199988
node_cons: 32066.336547817962
tot_aggregated_send: 20996
tot_msg_rcv: 1209
tot_msg_sent: 2152
tot_reconf_duration: 7.819999999999999
tot_sleeping_duration: 1536724.8214400166
tot_uptimes: 400
tot_uptimes_duration: 23940.04255998344
