comms_cons: 226.5694015904793
finished_reconf: true
global_termination_time: 2275502.111
local_termination_time: 602828.9823599999
node_cons: 46766.40823999948
tot_aggregated_send: 32480
tot_msg_rcv: 685
tot_msg_sent: 1271
tot_reconf_duration: 6.279999999999999
tot_sleeping_duration: 2240582.111
tot_uptimes: 583
tot_uptimes_duration: 34920.0
