comms_cons: 225.3777279813819
finished_reconf: true
global_termination_time: 2271716.754
local_termination_time: 340845.98192000075
node_cons: 46684.16153230299
tot_aggregated_send: 30276
tot_msg_rcv: 1355
tot_msg_sent: 2627
tot_reconf_duration: 4.8100000000000005
tot_sleeping_duration: 2236856.6871200125
tot_uptimes: 582
tot_uptimes_duration: 34860.06687998772
