comms_cons: 11.784684799723784
finished_reconf: true
global_termination_time: 87347.648
local_termination_time: 4227.428360000001
node_cons: 1776.065227837197
tot_aggregated_send: 580
tot_msg_rcv: 512
tot_msg_sent: 699
tot_reconf_duration: 6.279999999999999
tot_sleeping_duration: 86027.6054400021
tot_uptimes: 23
tot_uptimes_duration: 1320.0425599979062
