comms_cons: 12.212876799877371
finished_reconf: true
global_termination_time: 87425.575
local_termination_time: 32866.062000000005
node_cons: 1782.3624957586082
tot_aggregated_send: 406
tot_msg_rcv: 572
tot_msg_sent: 880
tot_reconf_duration: 8.09
tot_sleeping_duration: 86102.66516000104
tot_uptimes: 23
tot_uptimes_duration: 1322.9098399989562
