comms_cons: 11.099110400018798
finished_reconf: true
global_termination_time: 89279.653
local_termination_time: 36850.08436000001
node_cons: 1780.314458159129
tot_aggregated_send: 464
tot_msg_rcv: 414
tot_msg_sent: 809
tot_reconf_duration: 9.42
tot_sleeping_duration: 87959.62156000065
tot_uptimes: 23
tot_uptimes_duration: 1320.0314399993513
