comms_cons: 66.63855359788248
finished_reconf: true
global_termination_time: 647475.428
local_termination_time: 419913.5853200002
node_cons: 13262.664544471943
tot_aggregated_send: 8526
tot_msg_rcv: 558
tot_msg_sent: 1044
tot_reconf_duration: 4.8100000000000005
tot_sleeping_duration: 637575.403680006
tot_uptimes: 166
tot_uptimes_duration: 9900.024319993972
