comms_cons: 67.04765439827773
finished_reconf: true
global_termination_time: 651514.786
local_termination_time: 263852.3292800008
node_cons: 13351.855967840833
tot_aggregated_send: 8584
tot_msg_rcv: 592
tot_msg_sent: 1014
tot_reconf_duration: 11.31
tot_sleeping_duration: 641554.7434399994
tot_uptimes: 167
tot_uptimes_duration: 9960.042560000613
