comms_cons: 835.5252162135786
finished_reconf: true
global_termination_time: 8308161.914
local_termination_time: 1224484.4793599998
node_cons: 170887.41145228175
tot_aggregated_send: 115188
tot_msg_rcv: 3847
tot_msg_sent: 7959
tot_reconf_duration: 3.05
tot_sleeping_duration: 8180541.847120024
tot_uptimes: 2128
tot_uptimes_duration: 127620.06687997608
