comms_cons: 829.7154434290615
finished_reconf: true
global_termination_time: 8307374.881
local_termination_time: 2753527.4160399986
node_cons: 170890.61906893112
tot_aggregated_send: 114724
tot_msg_rcv: 3779
tot_msg_sent: 7609
tot_reconf_duration: 5.43
tot_sleeping_duration: 8179754.832360018
tot_uptimes: 2128
tot_uptimes_duration: 127620.0486399827
