comms_cons: 40.534451200268066
finished_reconf: true
global_termination_time: 412604.009
local_termination_time: 328503.9354400002
node_cons: 8446.31956000002
tot_aggregated_send: 5974
tot_msg_rcv: 78
tot_msg_sent: 109
tot_reconf_duration: 7.819999999999999
tot_sleeping_duration: 406304.009
tot_uptimes: 106
tot_uptimes_duration: 6300.0
