comms_cons: 246.04390384737758
finished_reconf: true
global_termination_time: 1231038.1856
local_termination_time: 2650.9573600000003
node_cons: 25352.43917511009
tot_aggregated_send: 0
tot_msg_rcv: 19113
tot_msg_sent: 18281
tot_reconf_duration: 18.21
tot_sleeping_duration: 1212122.7935200075
tot_uptimes: 316
tot_uptimes_duration: 18915.39207999257
