comms_cons: 122.3928575968433
finished_reconf: true
global_termination_time: 1233254.62
local_termination_time: 184372.46636000008
node_cons: 25341.457400000065
tot_aggregated_send: 17516
tot_msg_rcv: 357
tot_msg_sent: 730
tot_reconf_duration: 25.299999999999997
tot_sleeping_duration: 1214354.62
tot_uptimes: 316
tot_uptimes_duration: 18900.0
