comms_cons: 124.80084479152008
finished_reconf: true
global_termination_time: 1233021.1
local_termination_time: 165179.4720400003
node_cons: 25315.57932446737
tot_aggregated_send: 16936
tot_msg_rcv: 696
tot_msg_sent: 1337
tot_reconf_duration: 6.22
tot_sleeping_duration: 1214121.0756800096
tot_uptimes: 316
tot_uptimes_duration: 18900.024319990538
