comms_cons: 257.4704127944193
finished_reconf: true
global_termination_time: 2633515.112
local_termination_time: 1748575.481239998
node_cons: 54171.15806335652
tot_aggregated_send: 37526
tot_msg_rcv: 573
tot_msg_sent: 1035
tot_reconf_duration: 11.31
tot_sleeping_duration: 2593070.153760002
tot_uptimes: 675
tot_uptimes_duration: 40444.958239998
