comms_cons: 302.23528961688993
finished_reconf: true
global_termination_time: 3044967.404
local_termination_time: 1372375.44236
node_cons: 62592.44848334966
tot_aggregated_send: 42804
tot_msg_rcv: 1101
tot_msg_sent: 2033
tot_reconf_duration: 5.57
tot_sleeping_duration: 2998227.385760007
tot_uptimes: 780
tot_uptimes_duration: 46740.01823999314
