comms_cons: 307.054796825957
finished_reconf: true
global_termination_time: 3048090.515
local_termination_time: 1164405.6643599998
node_cons: 62671.18604334943
tot_aggregated_send: 42224
tot_msg_rcv: 1427
tot_msg_sent: 3018
tot_reconf_duration: 4.390000000000001
tot_sleeping_duration: 3001290.496760007
tot_uptimes: 781
tot_uptimes_duration: 46800.01823999314
