comms_cons: 307.24864002396873
finished_reconf: true
global_termination_time: 3047597.334
local_termination_time: 9486.76548
node_cons: 62673.70374781721
tot_aggregated_send: 42166
tot_msg_rcv: 1455
tot_msg_sent: 3079
tot_reconf_duration: 6.22
tot_sleeping_duration: 3000797.291440016
tot_uptimes: 781
tot_uptimes_duration: 46800.04255998391
