comms_cons: 771.6473164528951
finished_reconf: true
global_termination_time: 3928717.3835999975
local_termination_time: 2507.14448
node_cons: 80867.38731621379
tot_aggregated_send: 0
tot_msg_rcv: 58932
tot_msg_sent: 58348
tot_reconf_duration: 18.21
tot_sleeping_duration: 3868341.9854400153
tot_uptimes: 1007
tot_uptimes_duration: 60375.39815998194
