comms_cons: 392.7935296491811
finished_reconf: true
global_termination_time: 3929252.851
local_termination_time: 1697718.0346
node_cons: 80842.8961433489
tot_aggregated_send: 54404
tot_msg_rcv: 1764
tot_msg_sent: 3532
tot_reconf_duration: 15.34
tot_sleeping_duration: 3868892.8327600067
tot_uptimes: 1007
tot_uptimes_duration: 60360.01823999314
