comms_cons: 391.610304049916
finished_reconf: true
global_termination_time: 3931319.497
local_termination_time: 1814885.9140799986
node_cons: 80830.59266334883
tot_aggregated_send: 54636
tot_msg_rcv: 1516
tot_msg_sent: 3371
tot_reconf_duration: 6.279999999999999
tot_sleeping_duration: 3870959.478760007
tot_uptimes: 1007
tot_uptimes_duration: 60360.01823999314
