comms_cons: 347.40149758712164
finished_reconf: true
global_termination_time: 3553189.456
local_termination_time: 1925463.6634799978
node_cons: 73038.49326494872
tot_aggregated_send: 49126
tot_msg_rcv: 1380
tot_msg_sent: 2297
tot_reconf_duration: 5.1
tot_sleeping_duration: 3498647.5833600066
tot_uptimes: 910
tot_uptimes_duration: 54541.87263999297
