comms_cons: 352.6018880198996
finished_reconf: true
global_termination_time: 3552403.319
local_termination_time: 1059491.5203599997
node_cons: 73049.60380334927
tot_aggregated_send: 49242
tot_msg_rcv: 1514
tot_msg_sent: 2837
tot_reconf_duration: 15.110000000000001
tot_sleeping_duration: 3497863.300760007
tot_uptimes: 910
tot_uptimes_duration: 54540.01823999337
