comms_cons: 352.94650883552504
finished_reconf: true
global_termination_time: 3550736.579
local_termination_time: 643925.0330399993
node_cons: 73046.28481005071
tot_aggregated_send: 49300
tot_msg_rcv: 1488
tot_msg_sent: 2857
tot_reconf_duration: 12.629999999999999
tot_sleeping_duration: 3496196.5242800205
tot_uptimes: 910
tot_uptimes_duration: 54540.05471997938
