comms_cons: 347.1211199894643
finished_reconf: true
global_termination_time: 3549007.345
local_termination_time: 1832920.5632799983
node_cons: 72959.34770111555
tot_aggregated_send: 49706
tot_msg_rcv: 967
tot_msg_sent: 2087
tot_reconf_duration: 7.819999999999999
tot_sleeping_duration: 3494527.3389200023
tot_uptimes: 909
tot_uptimes_duration: 54480.00607999787
