comms_cons: 115.10498559286879
finished_reconf: true
global_termination_time: 1142510.3718399988
local_termination_time: 1142510.3307199988
node_cons: 23550.480956471987
tot_aggregated_send: 15704
tot_msg_rcv: 532
tot_msg_sent: 1260
tot_reconf_duration: 24.59
tot_sleeping_duration: 1124947.1995200047
tot_uptimes: 293
tot_uptimes_duration: 17563.17231999398
