comms_cons: 66.3314943998331
finished_reconf: true
global_termination_time: 662686.732
local_termination_time: 48176.01636000001
node_cons: 13597.987521121451
tot_aggregated_send: 8990
tot_msg_rcv: 407
tot_msg_sent: 685
tot_reconf_duration: 15.110000000000001
tot_sleeping_duration: 652546.7259199988
tot_uptimes: 170
tot_uptimes_duration: 10140.006080001069
