comms_cons: 406.4211392484044
finished_reconf: true
global_termination_time: 4054558.275
local_termination_time: 14376.51972
node_cons: 83417.71430893346
tot_aggregated_send: 56492
tot_msg_rcv: 1743
tot_msg_sent: 3538
tot_reconf_duration: 18.21
tot_sleeping_duration: 3992278.2263600184
tot_uptimes: 1039
tot_uptimes_duration: 62280.048639981775
