comms_cons: 400.8631040184422
finished_reconf: true
global_termination_time: 4052444.918
local_termination_time: 1801621.62836
node_cons: 83333.44428446562
tot_aggregated_send: 56144
tot_msg_rcv: 1657
tot_msg_sent: 3127
tot_reconf_duration: 15.34
tot_sleeping_duration: 3990224.893680009
tot_uptimes: 1038
tot_uptimes_duration: 62220.02431999077
