comms_cons: 395.61882241009965
finished_reconf: true
global_termination_time: 4055444.854
local_termination_time: 1994559.5519599984
node_cons: 83399.8702233488
tot_aggregated_send: 55854
tot_msg_rcv: 1430
tot_msg_sent: 2848
tot_reconf_duration: 5.1
tot_sleeping_duration: 3993164.8357600067
tot_uptimes: 1039
tot_uptimes_duration: 62280.01823999337
