comms_cons: 392.69000960860467
finished_reconf: true
global_termination_time: 4052285.79
local_termination_time: 2453463.9013599996
node_cons: 83346.9536822316
tot_aggregated_send: 56260
tot_msg_rcv: 1082
tot_msg_sent: 2343
tot_reconf_duration: 25.299999999999997
tot_sleeping_duration: 3990065.7778400043
tot_uptimes: 1038
tot_uptimes_duration: 62220.0121599955
