comms_cons: 10.71696000012033
finished_reconf: true
global_termination_time: 85244.00523999991
local_termination_time: 48258.66416000006
node_cons: 1728.4165360793424
tot_aggregated_send: 464
tot_msg_rcv: 439
tot_msg_sent: 724
tot_reconf_duration: 15.34
tot_sleeping_duration: 83968.7365200004
tot_uptimes: 22
tot_uptimes_duration: 1275.2687199995125
