comms_cons: 10.126015999995332
finished_reconf: true
global_termination_time: 86722.371
local_termination_time: 45355.44460000001
node_cons: 1785.3811422382998
tot_aggregated_send: 406
tot_msg_rcv: 382
tot_msg_sent: 752
tot_reconf_duration: 13.17
tot_sleeping_duration: 85402.35884000127
tot_uptimes: 23
tot_uptimes_duration: 1320.0121599987324
