comms_cons: 12.232531200093415
finished_reconf: true
global_termination_time: 89323.327
local_termination_time: 52410.275360000014
node_cons: 1771.6463233597376
tot_aggregated_send: 580
tot_msg_rcv: 579
tot_msg_sent: 701
tot_reconf_duration: 3.05
tot_sleeping_duration: 88003.3087600002
tot_uptimes: 23
tot_uptimes_duration: 1320.0182399998012
