comms_cons: 99.06950399550247
finished_reconf: true
global_termination_time: 963561.051
local_termination_time: 696023.3403599999
node_cons: 19798.03810559345
tot_aggregated_send: 12644
tot_msg_rcv: 862
tot_msg_sent: 1552
tot_reconf_duration: 25.299999999999997
tot_sleeping_duration: 948801.0206000049
tot_uptimes: 247
tot_uptimes_duration: 14760.030399995041
