comms_cons: 101.00311039398383
finished_reconf: true
global_termination_time: 961641.732
local_termination_time: 287118.5035600002
node_cons: 19776.481206714794
tot_aggregated_send: 12586
tot_msg_rcv: 1080
tot_msg_sent: 1686
tot_reconf_duration: 9.42
tot_sleeping_duration: 946881.6955200038
tot_uptimes: 247
tot_uptimes_duration: 14760.03647999611
