comms_cons: 98.07676159616308
finished_reconf: true
global_termination_time: 960814.302
local_termination_time: 417313.6634800005
node_cons: 19780.799681116867
tot_aggregated_send: 13340
tot_msg_rcv: 649
tot_msg_sent: 918
tot_reconf_duration: 12.629999999999999
tot_sleeping_duration: 946054.2959200024
tot_uptimes: 247
tot_uptimes_duration: 14760.006079997635
