comms_cons: 98.5128575954154
finished_reconf: true
global_termination_time: 960885.058
local_termination_time: 390571.41936
node_cons: 19769.634184476494
tot_aggregated_send: 12644
tot_msg_rcv: 834
tot_msg_sent: 1495
tot_reconf_duration: 4.390000000000001
tot_sleeping_duration: 946125.0336800026
tot_uptimes: 247
tot_uptimes_duration: 14760.024319997407
