comms_cons: 23.929081600152195
finished_reconf: true
global_termination_time: 237194.163
local_termination_time: 30056.821680000005
node_cons: 4827.333941121438
tot_aggregated_send: 3074
tot_msg_rcv: 158
tot_msg_sent: 404
tot_reconf_duration: 5.1
tot_sleeping_duration: 233594.15691999893
tot_uptimes: 61
tot_uptimes_duration: 3600.0060800010688
