comms_cons: 41.67923200103005
finished_reconf: true
global_termination_time: 398554.97
local_termination_time: 2638.9181200000016
node_cons: 8202.06208111916
tot_aggregated_send: 5104
tot_msg_rcv: 422
tot_msg_sent: 809
tot_reconf_duration: 5.43
tot_sleeping_duration: 392434.9639200006
tot_uptimes: 103
tot_uptimes_duration: 6120.006079999366
