comms_cons: 10.072755199990809
finished_reconf: true
global_termination_time: 3190.358720000002
local_termination_time: 3190.317600000002
node_cons: 1150.9302790800034
tot_aggregated_send: 0
tot_msg_rcv: 708
tot_msg_sent: 821
tot_reconf_duration: 24.59
tot_sleeping_duration: 2355.753
tot_uptimes: 13
tot_uptimes_duration: 834.6057200000018
