comms_cons: 202.56761598717162
finished_reconf: true
global_termination_time: 2024253.1581200003
local_termination_time: 72161.46347999996
node_cons: 41679.602958621675
tot_aggregated_send: 28246
tot_msg_rcv: 912
tot_msg_sent: 1632
tot_reconf_duration: 7.819999999999999
tot_sleeping_duration: 1993133.6783600138
tot_uptimes: 519
tot_uptimes_duration: 31119.479759986556
