comms_cons: 241.1521279873012
finished_reconf: true
global_termination_time: 2394054.664
local_termination_time: 326914.9190000009
node_cons: 49287.62184182304
tot_aggregated_send: 33408
tot_msg_rcv: 1150
tot_msg_sent: 2096
tot_reconf_duration: 18.21
tot_sleeping_duration: 2357263.8554400117
tot_uptimes: 614
tot_uptimes_duration: 36790.80855998781
