comms_cons: 241.02773757891387
finished_reconf: true
global_termination_time: 2396327.503
local_termination_time: 310853.78672000015
node_cons: 49279.300816756455
tot_aggregated_send: 32364
tot_msg_rcv: 1480
tot_msg_sent: 2791
tot_reconf_duration: 22.65
tot_sleeping_duration: 2359547.411800032
tot_uptimes: 614
tot_uptimes_duration: 36780.09119996795
