comms_cons: 237.17323519764727
finished_reconf: true
global_termination_time: 2394406.535
local_termination_time: 1411404.49036
node_cons: 49282.777399999395
tot_aggregated_send: 34568
tot_msg_rcv: 518
tot_msg_sent: 962
tot_reconf_duration: 25.299999999999997
tot_sleeping_duration: 2357626.535
tot_uptimes: 614
tot_uptimes_duration: 36780.0
