comms_cons: 207.50796795667
finished_reconf: true
global_termination_time: 884842.347
local_termination_time: 502914.1298000003
node_cons: 35924.668891999914
tot_aggregated_send: 0
tot_msg_rcv: 10593
tot_msg_sent: 20947
tot_reconf_duration: 18.21
tot_sleeping_duration: 858031.3389999999
tot_uptimes: 445
tot_uptimes_duration: 26811.00799999998
