comms_cons: 33.24549759993038
finished_reconf: true
global_termination_time: 9911.063240000003
local_termination_time: 3621.0884800000017
node_cons: 4704.90851388001
tot_aggregated_send: 0
tot_msg_rcv: 2525
tot_msg_sent: 2525
tot_reconf_duration: 5.57
tot_sleeping_duration: 6402.964319999997
tot_uptimes: 48
tot_uptimes_duration: 3508.098920000006
