comms_cons: 220.2274431779391
finished_reconf: true
global_termination_time: 2172044.9236399992
local_termination_time: 2172044.882519999
node_cons: 44746.2071652616
tot_aggregated_send: 29798
tot_msg_rcv: 1202
tot_msg_sent: 2475
tot_reconf_duration: 24.59
tot_sleeping_duration: 2138652.2321200124
tot_uptimes: 557
tot_uptimes_duration: 33392.69151998684
