comms_cons: 211.31732479253444
finished_reconf: true
global_termination_time: 2174340.061
local_termination_time: 923474.5995999979
node_cons: 44674.35186463038
tot_aggregated_send: 30102
tot_msg_rcv: 687
tot_msg_sent: 1330
tot_reconf_duration: 3.05
tot_sleeping_duration: 2140979.187240007
tot_uptimes: 557
tot_uptimes_duration: 33360.87375999312
