comms_cons: 287.15576299674035
finished_reconf: true
global_termination_time: 2174682.64
local_termination_time: 957670.8585999998
node_cons: 44679.66770111646
tot_aggregated_send: 0
tot_msg_rcv: 22012
tot_msg_sent: 21634
tot_reconf_duration: 7.819999999999999
tot_sleeping_duration: 2141322.6339200023
tot_uptimes: 557
tot_uptimes_duration: 33360.006079997635
