comms_cons: 702.334879499436
finished_reconf: true
global_termination_time: 2172308.852
local_termination_time: 957670.2685999998
node_cons: 131807.30504562648
tot_aggregated_send: 0
tot_msg_rcv: 43206
tot_msg_sent: 63546
tot_reconf_duration: 6.22
tot_sleeping_duration: 2073878.0392400073
tot_uptimes: 1618
tot_uptimes_duration: 98430.81275999284
