comms_cons: 10.612876799959784
finished_reconf: true
global_termination_time: 90057.794
local_termination_time: 26703.497520000004
node_cons: 1858.8306433605908
tot_aggregated_send: 812
tot_msg_rcv: 279
tot_msg_sent: 522
tot_reconf_duration: 8.09
tot_sleeping_duration: 88677.77575999955
tot_uptimes: 24
tot_uptimes_duration: 1380.0182400004414
