comms_cons: 11.093235200172186
finished_reconf: true
global_termination_time: 88780.947
local_termination_time: 48988.48936000001
node_cons: 1792.882741119147
tot_aggregated_send: 580
tot_msg_rcv: 479
tot_msg_sent: 627
tot_reconf_duration: 18.700000000000003
tot_sleeping_duration: 87460.94092000063
tot_uptimes: 23
tot_uptimes_duration: 1320.0060799993664
