comms_cons: 12.263910399990698
finished_reconf: true
global_termination_time: 91196.594
local_termination_time: 15718.65444
node_cons: 1853.8223256000324
tot_aggregated_send: 522
tot_msg_rcv: 635
tot_msg_sent: 706
tot_reconf_duration: 4.390000000000001
tot_sleeping_duration: 89816.56359999996
tot_uptimes: 24
tot_uptimes_duration: 1380.030400000025
