comms_cons: 289.3894336041565
finished_reconf: true
global_termination_time: 2877148.369
local_termination_time: 463087.971
node_cons: 59172.41726347
tot_aggregated_send: 38744
tot_msg_rcv: 1635
tot_msg_sent: 3607
tot_reconf_duration: 22.65
tot_sleeping_duration: 2832979.8413200364
tot_uptimes: 737
tot_uptimes_duration: 44168.527679963445
