comms_cons: 285.75462399359424
finished_reconf: true
global_termination_time: 2876219.586
local_termination_time: 1517199.2653599998
node_cons: 59137.84476558316
tot_aggregated_send: 38976
tot_msg_rcv: 1432
tot_msg_sent: 3026
tot_reconf_duration: 5.57
tot_sleeping_duration: 2832059.5556000117
tot_uptimes: 737
tot_uptimes_duration: 44160.03039998817
