comms_cons: 284.2681216034606
finished_reconf: true
global_termination_time: 2874620.41
local_termination_time: 941572.4253599999
node_cons: 59150.76752111572
tot_aggregated_send: 41412
tot_msg_rcv: 532
tot_msg_sent: 1263
tot_reconf_duration: 15.110000000000001
tot_sleeping_duration: 2830460.4039200027
tot_uptimes: 737
tot_uptimes_duration: 44160.006079997635
