comms_cons: 284.1209087834372
finished_reconf: true
global_termination_time: 2873681.784
local_termination_time: 813950.460999998
node_cons: 59056.505250050795
tot_aggregated_send: 38628
tot_msg_rcv: 1503
tot_msg_sent: 3053
tot_reconf_duration: 4.8100000000000005
tot_sleeping_duration: 2829581.729280021
tot_uptimes: 736
tot_uptimes_duration: 44100.05471997894
