comms_cons: 85.74076159628704
finished_reconf: true
global_termination_time: 853337.8470799987
local_termination_time: 853337.8059599987
node_cons: 17608.103291358806
tot_aggregated_send: 11934
tot_msg_rcv: 360
tot_msg_sent: 738
tot_reconf_duration: 24.59
tot_sleeping_duration: 840212.5968399995
tot_uptimes: 219
tot_uptimes_duration: 13125.250239999077
