comms_cons: 84.41113600035638
finished_reconf: true
global_termination_time: 856496.733
local_termination_time: 827402.6603599999
node_cons: 17625.218700000056
tot_aggregated_send: 12354
tot_msg_rcv: 179
tot_msg_sent: 297
tot_reconf_duration: 22.65
tot_sleeping_duration: 843356.733
tot_uptimes: 220
tot_uptimes_duration: 13140.0
