comms_cons: 85.76112639510295
finished_reconf: true
global_termination_time: 853421.137
local_termination_time: 359706.7966800007
node_cons: 17529.47898000002
tot_aggregated_send: 11774
tot_msg_rcv: 400
tot_msg_sent: 862
tot_reconf_duration: 11.31
tot_sleeping_duration: 840341.137
tot_uptimes: 219
tot_uptimes_duration: 13080.0
