comms_cons: 1069.9552089874587
finished_reconf: true
global_termination_time: 6265278.43
local_termination_time: 2879460.1043599998
node_cons: 128872.32650558172
tot_aggregated_send: 0
tot_msg_rcv: 81854
tot_msg_sent: 80771
tot_reconf_duration: 5.1
tot_sleeping_duration: 6169038.39960001
tot_uptimes: 1605
tot_uptimes_duration: 96240.03039998934
