comms_cons: 616.3001280994407
finished_reconf: true
global_termination_time: 6270276.889
local_termination_time: 4602156.021279998
node_cons: 128962.86782223002
tot_aggregated_send: 86710
tot_msg_rcv: 2148
tot_msg_sent: 4816
tot_reconf_duration: 12.629999999999999
tot_sleeping_duration: 6173976.876840005
tot_uptimes: 1606
tot_uptimes_duration: 96300.01215999573
