comms_cons: 612.8327424437045
finished_reconf: true
global_termination_time: 6268216.054
local_termination_time: 4740188.637359999
node_cons: 128961.86019999512
tot_aggregated_send: 90712
tot_msg_rcv: 804
tot_msg_sent: 1631
tot_reconf_duration: 11.899999999999999
tot_sleeping_duration: 6171916.054
tot_uptimes: 1606
tot_uptimes_duration: 96300.0
