comms_cons: 622.9379329157682
finished_reconf: true
global_termination_time: 6267155.923
local_termination_time: 1614901.402119998
node_cons: 128872.79269529524
tot_aggregated_send: 87406
tot_msg_rcv: 2570
tot_msg_sent: 4706
tot_reconf_duration: 5.43
tot_sleeping_duration: 6170915.879120016
tot_uptimes: 1605
tot_uptimes_duration: 96240.04387998465
