comms_cons: 236.21978239570365
finished_reconf: true
global_termination_time: 2342520.526
local_termination_time: 454520.39344000025
node_cons: 48144.53242558391
tot_aggregated_send: 32422
tot_msg_rcv: 1169
tot_msg_sent: 2313
tot_reconf_duration: 15.34
tot_sleeping_duration: 2306580.4956000117
tot_uptimes: 600
tot_uptimes_duration: 35940.030399988405
