comms_cons: 238.03822079593476
finished_reconf: true
global_termination_time: 2346147.88
local_termination_time: 727418.2674799999
node_cons: 48210.58896781728
tot_aggregated_send: 32074
tot_msg_rcv: 1374
tot_msg_sent: 2730
tot_reconf_duration: 4.8100000000000005
tot_sleeping_duration: 2310147.837440016
tot_uptimes: 601
tot_uptimes_duration: 36000.04255998344
