comms_cons: 236.7203007994462
finished_reconf: true
global_termination_time: 2341024.573
local_termination_time: 654190.4234799999
node_cons: 48129.67860781755
tot_aggregated_send: 32016
tot_msg_rcv: 1232
tot_msg_sent: 2733
tot_reconf_duration: 4.390000000000001
tot_sleeping_duration: 2305084.530440016
tot_uptimes: 600
tot_uptimes_duration: 35940.042559983674
