comms_cons: 77.80561919274129
finished_reconf: true
global_termination_time: 753766.618
local_termination_time: 465560.85992000025
node_cons: 15526.180085584165
tot_aggregated_send: 9918
tot_msg_rcv: 694
tot_msg_sent: 1214
tot_reconf_duration: 15.110000000000001
tot_sleeping_duration: 742186.5876000118
tot_uptimes: 194
tot_uptimes_duration: 11580.030399988173
