comms_cons: 76.90257919558589
finished_reconf: true
global_termination_time: 751656.9530399984
local_termination_time: 98188.981
node_cons: 15542.748055201555
tot_aggregated_send: 10090
tot_msg_rcv: 519
tot_msg_sent: 1079
tot_reconf_duration: 22.65
tot_sleeping_duration: 740072.1962399973
tot_uptimes: 193
tot_uptimes_duration: 11584.756800001138
