comms_cons: 75.4239487984171
finished_reconf: true
global_termination_time: 752958.971
local_termination_time: 473227.7433600001
node_cons: 15440.174523359732
tot_aggregated_send: 10382
tot_msg_rcv: 335
tot_msg_sent: 747
tot_reconf_duration: 10.95
tot_sleeping_duration: 741438.9527600002
tot_uptimes: 193
tot_uptimes_duration: 11520.018239999772
