comms_cons: 149.27062396149583
finished_reconf: true
global_termination_time: 752483.319
local_termination_time: 1322.3333600000005
node_cons: 15429.454464476548
tot_aggregated_send: 0
tot_msg_rcv: 11540
tot_msg_sent: 11145
tot_reconf_duration: 3.05
tot_sleeping_duration: 740963.2946800026
tot_uptimes: 193
tot_uptimes_duration: 11520.024319997407
