comms_cons: 732.8814208650276
finished_reconf: true
global_termination_time: 7535487.06
local_termination_time: 3998227.44836
node_cons: 154993.02782222888
tot_aggregated_send: 104574
tot_msg_rcv: 2170
tot_msg_sent: 4650
tot_reconf_duration: 12.629999999999999
tot_sleeping_duration: 7419747.047840004
tot_uptimes: 1930
tot_uptimes_duration: 115740.01215999573
