comms_cons: 728.5000449006307
finished_reconf: true
global_termination_time: 7534479.732
local_termination_time: 4310442.14936
node_cons: 154990.75018498584
tot_aggregated_send: 103878
tot_msg_rcv: 2215
tot_msg_sent: 4633
tot_reconf_duration: 10.95
tot_sleeping_duration: 7418739.717000007
tot_uptimes: 1930
tot_uptimes_duration: 115740.01499999315
