comms_cons: 752.3981313670695
finished_reconf: true
global_termination_time: 7535651.389
local_termination_time: 486194.65232000063
node_cons: 154982.47339116465
tot_aggregated_send: 105270
tot_msg_rcv: 3101
tot_msg_sent: 5988
tot_reconf_duration: 4.8100000000000005
tot_sleeping_duration: 7419911.328200023
tot_uptimes: 1930
tot_uptimes_duration: 115740.06079997751
