comms_cons: 745.2190209748147
finished_reconf: true
global_termination_time: 7533740.254
local_termination_time: 1430833.0459999999
node_cons: 154987.1002221256
tot_aggregated_send: 104108
tot_msg_rcv: 3114
tot_msg_sent: 6046
tot_reconf_duration: 5.43
tot_sleeping_duration: 7417997.366560021
tot_uptimes: 1930
tot_uptimes_duration: 115742.88743997831
