comms_cons: 102.90196479288895
finished_reconf: true
global_termination_time: 1012541.674239998
local_termination_time: 1012541.674239998
node_cons: 20946.155617833803
tot_aggregated_send: 13952
tot_msg_rcv: 583
tot_msg_sent: 1104
tot_reconf_duration: 37.410000000000004
tot_sleeping_duration: 996936.4816800026
tot_uptimes: 260
tot_uptimes_duration: 15605.19255999534
