comms_cons: 101.91243519807912
finished_reconf: true
global_termination_time: 1015483.77
local_termination_time: 570895.1202799983
node_cons: 20906.30114223375
tot_aggregated_send: 14152
tot_msg_rcv: 420
tot_msg_sent: 918
tot_reconf_duration: 13.17
tot_sleeping_duration: 999883.7578400047
tot_uptimes: 261
tot_uptimes_duration: 15600.012159995269
