comms_cons: 102.16181759718836
finished_reconf: true
global_termination_time: 1012891.54
local_termination_time: 661317.6124799999
node_cons: 20820.878175911057
tot_aggregated_send: 13978
tot_msg_rcv: 511
tot_msg_sent: 1039
tot_reconf_duration: 9.42
tot_sleeping_duration: 997351.5207200068
tot_uptimes: 260
tot_uptimes_duration: 15540.019279993256
