comms_cons: 43.97493760037376
finished_reconf: true
global_termination_time: 441854.147
local_termination_time: 4120.642
node_cons: 9088.03464000001
tot_aggregated_send: 6314
tot_msg_rcv: 153
tot_msg_sent: 216
tot_reconf_duration: 7.08
tot_sleeping_duration: 435074.147
tot_uptimes: 114
tot_uptimes_duration: 6780.0
