comms_cons: 180.71191678538054
finished_reconf: true
global_termination_time: 1791039.52
local_termination_time: 361300.129
node_cons: 36836.375838154665
tot_aggregated_send: 24996
tot_msg_rcv: 914
tot_msg_sent: 1558
tot_reconf_duration: 22.65
tot_sleeping_duration: 1763552.1285600038
tot_uptimes: 459
tot_uptimes_duration: 27487.391439996085
