comms_cons: 157.32481275373223
finished_reconf: true
global_termination_time: 791562.672
local_termination_time: 2097.83336
node_cons: 16253.433603359717
tot_aggregated_send: 0
tot_msg_rcv: 12205
tot_msg_sent: 11706
tot_reconf_duration: 18.21
tot_sleeping_duration: 779442.6537600002
tot_uptimes: 203
tot_uptimes_duration: 12120.018239999772
