comms_cons: 11.091558399934863
finished_reconf: true
global_termination_time: 89426.99
local_termination_time: 34501.076360000014
node_cons: 1792.2254622394407
tot_aggregated_send: 638
tot_msg_rcv: 422
tot_msg_sent: 625
tot_reconf_duration: 18.21
tot_sleeping_duration: 88106.97784000043
tot_uptimes: 23
tot_uptimes_duration: 1320.0121599995837
