comms_cons: 11.120102399993943
finished_reconf: true
global_termination_time: 87646.771
local_termination_time: 22197.60868000001
node_cons: 1776.032663360594
tot_aggregated_send: 580
tot_msg_rcv: 465
tot_msg_sent: 646
tot_reconf_duration: 6.279999999999999
tot_sleeping_duration: 86326.75275999955
tot_uptimes: 23
tot_uptimes_duration: 1320.0182400004414
