comms_cons: 10.319321600349365
finished_reconf: true
global_termination_time: 89264.436
local_termination_time: 29505.120840000003
node_cons: 1774.422082240585
tot_aggregated_send: 522
tot_msg_rcv: 401
tot_msg_sent: 647
tot_reconf_duration: 5.1
tot_sleeping_duration: 87944.42383999957
tot_uptimes: 23
tot_uptimes_duration: 1320.012160000435
