comms_cons: 11.51610880021634
finished_reconf: true
global_termination_time: 87604.766
local_termination_time: 52770.89736
node_cons: 1798.2631233608654
tot_aggregated_send: 696
tot_msg_rcv: 489
tot_msg_sent: 566
tot_reconf_duration: 22.65
tot_sleeping_duration: 86284.74775999936
tot_uptimes: 23
tot_uptimes_duration: 1320.0182400006524
