comms_cons: 13.039231999918133
finished_reconf: true
global_termination_time: 87912.76
local_termination_time: 22197.589800000005
node_cons: 1775.96746560003
tot_aggregated_send: 406
tot_msg_rcv: 694
tot_msg_sent: 882
tot_reconf_duration: 6.22
tot_sleeping_duration: 86592.72959999996
tot_uptimes: 23
tot_uptimes_duration: 1320.030400000025
