comms_cons: 147.75224959167707
finished_reconf: true
global_termination_time: 1471661.466
local_termination_time: 994924.233
node_cons: 30265.393375427582
tot_aggregated_send: 20414
tot_msg_rcv: 648
tot_msg_sent: 1395
tot_reconf_duration: 22.65
tot_sleeping_duration: 1449081.4550400092
tot_uptimes: 377
tot_uptimes_duration: 22580.010959990672
