comms_cons: 145.8081983952798
finished_reconf: true
global_termination_time: 1470385.373
local_termination_time: 632019.9313599999
node_cons: 30225.733001116936
tot_aggregated_send: 20996
tot_msg_rcv: 365
tot_msg_sent: 800
tot_reconf_duration: 13.17
tot_sleeping_duration: 1447825.3669200023
tot_uptimes: 377
tot_uptimes_duration: 22560.006079997635
