comms_cons: 289.24172779351494
finished_reconf: true
global_termination_time: 1474571.297
local_termination_time: 3483.9383600000006
node_cons: 30296.63490112148
tot_aggregated_send: 0
tot_msg_rcv: 22096
tot_msg_sent: 21866
tot_reconf_duration: 6.22
tot_sleeping_duration: 1451951.290919999
tot_uptimes: 378
tot_uptimes_duration: 22620.00608000107
