comms_cons: 213.67518718398264
finished_reconf: true
global_termination_time: 2121859.315
local_termination_time: 355433.26448000007
node_cons: 43655.46011117254
tot_aggregated_send: 29406
tot_msg_rcv: 992
tot_msg_sent: 2081
tot_reconf_duration: 22.65
tot_sleeping_duration: 2089279.25420002
tot_uptimes: 544
tot_uptimes_duration: 32580.06079997978
