comms_cons: 212.68642558485323
finished_reconf: true
global_termination_time: 2123408.01
local_termination_time: 933390.421
node_cons: 43651.181993734936
tot_aggregated_send: 28940
tot_msg_rcv: 1123
tot_msg_sent: 2264
tot_reconf_duration: 18.700000000000003
tot_sleeping_duration: 2090827.1381600183
tot_uptimes: 544
tot_uptimes_duration: 32580.871839981643
