comms_cons: 212.04599038245738
finished_reconf: true
global_termination_time: 2120035.508
local_termination_time: 1275311.706
node_cons: 43562.36052427328
tot_aggregated_send: 29223
tot_msg_rcv: 909
tot_msg_sent: 2096
tot_reconf_duration: 11.31
tot_sleeping_duration: 2087513.4754800047
tot_uptimes: 543
tot_uptimes_duration: 32522.032519995235
