comms_cons: 739.7894465885915
finished_reconf: true
global_termination_time: 7399987.483
local_termination_time: 3250843.081399998
node_cons: 152251.3072111661
tot_aggregated_send: 101500
tot_msg_rcv: 3511
tot_msg_sent: 7432
tot_reconf_duration: 5.1
tot_sleeping_duration: 7286287.422200021
tot_uptimes: 1896
tot_uptimes_duration: 113700.06079997844
