comms_cons: 744.5512770170797
finished_reconf: true
global_termination_time: 7398075.069119994
local_termination_time: 16186.366
node_cons: 152251.08835043325
tot_aggregated_send: 102310
tot_msg_rcv: 3458
tot_msg_sent: 7398
tot_reconf_duration: 22.65
tot_sleeping_duration: 7284392.970800024
tot_uptimes: 1895
tot_uptimes_duration: 113682.0983199689
