comms_cons: 56.96680320120385
finished_reconf: true
global_termination_time: 561843.741
local_termination_time: 5008.18772
node_cons: 11492.794464483173
tot_aggregated_send: 7134
tot_msg_rcv: 532
tot_msg_sent: 994
tot_reconf_duration: 3.05
tot_sleeping_duration: 553263.7166799976
tot_uptimes: 144
tot_uptimes_duration: 8580.02432000236
