comms_cons: 326.592742410787
finished_reconf: true
global_termination_time: 3302294.327
local_termination_time: 844081.7880799997
node_cons: 67893.96223786888
tot_aggregated_send: 44254
tot_msg_rcv: 1712
tot_msg_sent: 3676
tot_reconf_duration: 4.8100000000000005
tot_sleeping_duration: 3251594.2297200374
tot_uptimes: 846
tot_uptimes_duration: 50700.09727996285
