comms_cons: 327.9910848131859
finished_reconf: true
global_termination_time: 3302994.371
local_termination_time: 903047.41536
node_cons: 67895.83631228445
tot_aggregated_send: 44370
tot_msg_rcv: 1698
tot_msg_sent: 3785
tot_reconf_duration: 6.22
tot_sleeping_duration: 3252294.3041200256
tot_uptimes: 846
tot_uptimes_duration: 50700.066879974445
