comms_cons: 341.90693123908346
finished_reconf: true
global_termination_time: 3302695.223
local_termination_time: 516310.9314800001
node_cons: 67894.77977451829
tot_aggregated_send: 43674
tot_msg_rcv: 3036
tot_msg_sent: 5258
tot_reconf_duration: 5.43
tot_sleeping_duration: 3251995.1439600303
tot_uptimes: 846
tot_uptimes_duration: 50700.07903996995
