comms_cons: 59.8180864010387
finished_reconf: true
global_termination_time: 590506.821
local_termination_time: 284335.94236000004
node_cons: 12146.698980000014
tot_aggregated_send: 8178
tot_msg_rcv: 343
tot_msg_sent: 571
tot_reconf_duration: 11.31
tot_sleeping_duration: 581446.821
tot_uptimes: 152
tot_uptimes_duration: 9060.0
