comms_cons: 424.44392963358405
finished_reconf: true
global_termination_time: 4323849.09
local_termination_time: 2258949.296279999
node_cons: 88957.24428446568
tot_aggregated_send: 59624
tot_msg_rcv: 1646
tot_msg_sent: 3243
tot_reconf_duration: 15.34
tot_sleeping_duration: 4257429.065680008
tot_uptimes: 1108
tot_uptimes_duration: 66420.02431999124
