comms_cons: 424.10881283007353
finished_reconf: true
global_termination_time: 4322255.437
local_termination_time: 2430977.8033600003
node_cons: 88864.5926633491
tot_aggregated_send: 59334
tot_msg_rcv: 1761
tot_msg_sent: 3369
tot_reconf_duration: 6.279999999999999
tot_sleeping_duration: 4255895.418760006
tot_uptimes: 1107
tot_uptimes_duration: 66360.01823999337
