comms_cons: 421.44363520587206
finished_reconf: true
global_termination_time: 4323833.385
local_termination_time: 2743928.0473599997
node_cons: 88954.26485999752
tot_aggregated_send: 61770
tot_msg_rcv: 718
tot_msg_sent: 1568
tot_reconf_duration: 13.17
tot_sleeping_duration: 4257413.385
tot_uptimes: 1108
tot_uptimes_duration: 66420.0
