comms_cons: 0.8618751999995389
finished_reconf: true
global_termination_time: 3932.774
local_termination_time: 474.39315999999945
node_cons: 87.71394000000001
tot_aggregated_send: 0
tot_msg_rcv: 73
tot_msg_sent: 56
tot_reconf_duration: 5.43
tot_sleeping_duration: 3872.774
tot_uptimes: 2
tot_uptimes_duration: 60.0
