comms_cons: 160.9569919476695
finished_reconf: true
global_termination_time: 811633.0555999998
local_termination_time: 1528.0754800000004
node_cons: 16656.935332881007
tot_aggregated_send: 0
tot_msg_rcv: 12444
tot_msg_sent: 12018
tot_reconf_duration: 4.390000000000001
tot_sleeping_duration: 799197.675679999
tot_uptimes: 208
tot_uptimes_duration: 12435.379920000734
