comms_cons: 80.64826239966602
finished_reconf: true
global_termination_time: 813901.231
local_termination_time: 299755.7742000006
node_cons: 16719.19932447651
tot_aggregated_send: 10788
tot_msg_rcv: 536
tot_msg_sent: 934
tot_reconf_duration: 6.22
tot_sleeping_duration: 801421.2066800026
tot_uptimes: 209
tot_uptimes_duration: 12480.024319997407
