comms_cons: 16.494054399546883
finished_reconf: true
global_termination_time: 130582.284
local_termination_time: 68924.36147999998
node_cons: 2672.0761433586094
tot_aggregated_send: 1102
tot_msg_rcv: 603
tot_msg_sent: 802
tot_reconf_duration: 15.34
tot_sleeping_duration: 128602.26576000106
tot_uptimes: 34
tot_uptimes_duration: 1980.0182399989499
