comms_cons: 15.493356799568172
finished_reconf: true
global_termination_time: 135423.792
local_termination_time: 75311.64423999943
node_cons: 2792.6659067166693
tot_aggregated_send: 1276
tot_msg_rcv: 382
tot_msg_sent: 696
tot_reconf_duration: 25.299999999999997
tot_sleeping_duration: 133363.81552000245
tot_uptimes: 35
tot_uptimes_duration: 2059.9764799975237
