comms_cons: 186.6364543152471
finished_reconf: true
global_termination_time: 951628.3211999997
local_termination_time: 1946.2014800000004
node_cons: 19558.67329791645
tot_aggregated_send: 0
tot_msg_rcv: 14260
tot_msg_sent: 14106
tot_reconf_duration: 6.22
tot_sleeping_duration: 937027.7039200023
tot_uptimes: 244
tot_uptimes_duration: 14600.617279997328
