comms_cons: 93.67464959803166
finished_reconf: true
global_termination_time: 951758.602
local_termination_time: 840418.9720399983
node_cons: 19537.978979999945
tot_aggregated_send: 13688
tot_msg_rcv: 214
tot_msg_sent: 336
tot_reconf_duration: 11.31
tot_sleeping_duration: 937178.602
tot_uptimes: 244
tot_uptimes_duration: 14580.0
