comms_cons: 66.70725120714769
finished_reconf: true
global_termination_time: 321443.48852000094
local_termination_time: 208.47503999999998
node_cons: 6689.6100353672955
tot_aggregated_send: 0
tot_msg_rcv: 5326
tot_msg_sent: 4807
tot_reconf_duration: 18.21
tot_sleeping_duration: 316465.9822799955
tot_uptimes: 83
tot_uptimes_duration: 4977.506240005445
