comms_cons: 281.4783296051685
finished_reconf: true
global_termination_time: 582694.455
local_termination_time: 358922.674
node_cons: 35389.45281008635
tot_aggregated_send: 0
tot_msg_rcv: 17272
tot_msg_sent: 25512
tot_reconf_duration: 18.21
tot_sleeping_duration: 556283.1602799952
tot_uptimes: 434
tot_uptimes_duration: 26411.294720004757
