comms_cons: 115.59717120124542
finished_reconf: true
global_termination_time: 583033.349
local_termination_time: 358947.63640000037
node_cons: 12001.44312335974
tot_aggregated_send: 0
tot_msg_rcv: 8943
tot_msg_sent: 8628
tot_reconf_duration: 22.65
tot_sleeping_duration: 574093.3307600003
tot_uptimes: 150
tot_uptimes_duration: 8940.018239999772
