comms_cons: 115.33194240146607
finished_reconf: true
global_termination_time: 582694.455
local_termination_time: 362786.63300000003
node_cons: 11974.826323364363
tot_aggregated_send: 0
tot_msg_rcv: 8882
tot_msg_sent: 8646
tot_reconf_duration: 3.05
tot_sleeping_duration: 573754.4367599967
tot_uptimes: 150
tot_uptimes_duration: 8940.018240003199
