comms_cons: 422.82804450100735
finished_reconf: true
global_termination_time: 1989592.886
local_termination_time: 769601.1268399998
node_cons: 80721.79292399781
tot_aggregated_send: 0
tot_msg_rcv: 21634
tot_msg_sent: 42633
tot_reconf_duration: 13.17
tot_sleeping_duration: 1929321.11
tot_uptimes: 996
tot_uptimes_duration: 60271.77599999981
