comms_cons: 203.31043837583843
finished_reconf: true
global_termination_time: 1994499.82
local_termination_time: 701877.6890399982
node_cons: 40980.83092781743
tot_aggregated_send: 26448
tot_msg_rcv: 1542
tot_msg_sent: 2912
tot_reconf_duration: 5.43
tot_sleeping_duration: 1963899.7774400166
tot_uptimes: 511
tot_uptimes_duration: 30600.04255998344
