comms_cons: 190.672876712345
finished_reconf: true
global_termination_time: 959991.984
local_termination_time: 2179.86236
node_cons: 19708.07470599692
tot_aggregated_send: 0
tot_msg_rcv: 14767
tot_msg_sent: 14217
tot_reconf_duration: 18.21
tot_sleeping_duration: 945291.9500000024
tot_uptimes: 246
tot_uptimes_duration: 14700.033999997679
