comms_cons: 98.38567679659005
finished_reconf: true
global_termination_time: 962043.117
local_termination_time: 209269.7195200004
node_cons: 19784.512425597983
tot_aggregated_send: 13050
tot_msg_rcv: 690
tot_msg_sent: 1214
tot_reconf_duration: 15.34
tot_sleeping_duration: 947283.0866000016
tot_uptimes: 247
tot_uptimes_duration: 14760.030399998475
