comms_cons: 95.49144959835029
finished_reconf: true
global_termination_time: 958782.627
local_termination_time: 169747.59036000003
node_cons: 19687.482640000013
tot_aggregated_send: 13688
tot_msg_rcv: 306
tot_msg_sent: 520
tot_reconf_duration: 3.08
tot_sleeping_duration: 944082.627
tot_uptimes: 246
tot_uptimes_duration: 14700.0
