comms_cons: 189.0237311133908
finished_reconf: true
global_termination_time: 957815.7505999999
local_termination_time: 1319.5884800000024
node_cons: 19734.636130633553
tot_aggregated_send: 0
tot_msg_rcv: 14522
tot_msg_sent: 14206
tot_reconf_duration: 22.65
tot_sleeping_duration: 943100.3828400047
tot_uptimes: 246
tot_uptimes_duration: 14715.367759995162
