comms_cons: 95.24707839839823
finished_reconf: true
global_termination_time: 959917.149
local_termination_time: 244422.07672000013
node_cons: 19708.694600000046
tot_aggregated_send: 13746
tot_msg_rcv: 284
tot_msg_sent: 447
tot_reconf_duration: 18.700000000000003
tot_sleeping_duration: 945217.149
tot_uptimes: 246
tot_uptimes_duration: 14700.0
