comms_cons: 95.36170239632185
finished_reconf: true
global_termination_time: 964031.94
local_termination_time: 211047.04648000005
node_cons: 19778.510100000007
tot_aggregated_send: 13746
tot_msg_rcv: 234
tot_msg_sent: 513
tot_reconf_duration: 10.95
tot_sleeping_duration: 949271.94
tot_uptimes: 247
tot_uptimes_duration: 14760.0
