comms_cons: 94.85890559832896
finished_reconf: true
global_termination_time: 963100.277
local_termination_time: 742477.7953599989
node_cons: 19779.80020000006
tot_aggregated_send: 13862
tot_msg_rcv: 161
tot_msg_sent: 395
tot_reconf_duration: 11.899999999999999
tot_sleeping_duration: 948340.277
tot_uptimes: 247
tot_uptimes_duration: 14760.0
