comms_cons: 97.74522879775516
finished_reconf: true
global_termination_time: 957815.6931599994
local_termination_time: 42227.35260000002
node_cons: 19729.06166207544
tot_aggregated_send: 12876
tot_msg_rcv: 620
tot_msg_sent: 1360
tot_reconf_duration: 3.05
tot_sleeping_duration: 943084.6104400029
tot_uptimes: 246
tot_uptimes_duration: 14731.082719996572
