comms_cons: 13.856422399965737
finished_reconf: true
global_termination_time: 10663.81348000001
local_termination_time: 2656.271040000001
node_cons: 1714.1206528400185
tot_aggregated_send: 0
tot_msg_rcv: 1009
tot_msg_sent: 1096
tot_reconf_duration: 4.390000000000001
tot_sleeping_duration: 9388.115919999997
tot_uptimes: 20
tot_uptimes_duration: 1275.6975600000142
