comms_cons: 152.5650687937507
finished_reconf: true
global_termination_time: 1540870.75
local_termination_time: 1090160.7532399981
node_cons: 31671.38519447438
tot_aggregated_send: 22156
tot_msg_rcv: 342
tot_msg_sent: 691
tot_reconf_duration: 9.11
tot_sleeping_duration: 1517226.9756800043
tot_uptimes: 395
tot_uptimes_duration: 23643.77431999566
