comms_cons: 152.74270719425505
finished_reconf: true
global_termination_time: 1545782.199
local_termination_time: 803872.7179199983
node_cons: 31762.107477994563
tot_aggregated_send: 22156
tot_msg_rcv: 322
tot_msg_sent: 738
tot_reconf_duration: 18.700000000000003
tot_sleeping_duration: 1522080.397000004
tot_uptimes: 396
tot_uptimes_duration: 23701.80199999595
