comms_cons: 155.703347187764
finished_reconf: true
global_termination_time: 1540245.094
local_termination_time: 554923.816999999
node_cons: 31670.12020000008
tot_aggregated_send: 21402
tot_msg_rcv: 823
tot_msg_sent: 1441
tot_reconf_duration: 11.899999999999999
tot_sleeping_duration: 1516605.094
tot_uptimes: 395
tot_uptimes_duration: 23640.0
