comms_cons: 51.56181760069698
finished_reconf: true
global_termination_time: 509050.96504000033
local_termination_time: 509050.9239200003
node_cons: 10514.256646802163
tot_aggregated_send: 7062
tot_msg_rcv: 286
tot_msg_sent: 489
tot_reconf_duration: 24.59
tot_sleeping_duration: 501223.58383999876
tot_uptimes: 131
tot_uptimes_duration: 7827.381200001597
