comms_cons: 51.68024320062551
finished_reconf: true
global_termination_time: 512308.35
local_termination_time: 158311.22436000005
node_cons: 10528.698182242859
tot_aggregated_send: 6844
tot_msg_rcv: 257
tot_msg_sent: 754
tot_reconf_duration: 3.05
tot_sleeping_duration: 504448.33783999784
tot_uptimes: 132
tot_uptimes_duration: 7860.0121600021375
