comms_cons: 112.53063679915351
finished_reconf: true
global_termination_time: 1163326.328
local_termination_time: 6590.588000000001
node_cons: 23864.749801121467
tot_aggregated_send: 16642
tot_msg_rcv: 168
tot_msg_sent: 294
tot_reconf_duration: 2.77
tot_sleeping_duration: 1145506.3219199989
tot_uptimes: 298
tot_uptimes_duration: 17820.00608000107
