comms_cons: 108.79490558905124
finished_reconf: true
global_termination_time: 1040728.754
local_termination_time: 40915.13164000008
node_cons: 21377.887210079116
tot_aggregated_send: 13340
tot_msg_rcv: 1103
tot_msg_sent: 2094
tot_reconf_duration: 5.43
tot_sleeping_duration: 1024768.6992800006
tot_uptimes: 267
tot_uptimes_duration: 15960.054719999316
