comms_cons: 168.12308479355875
finished_reconf: true
global_termination_time: 1683493.372
local_termination_time: 21489.33944
node_cons: 34651.30174447189
tot_aggregated_send: 23664
tot_msg_rcv: 565
tot_msg_sent: 1324
tot_reconf_duration: 18.21
tot_sleeping_duration: 1657633.3476800062
tot_uptimes: 432
tot_uptimes_duration: 25860.024319993972
