comms_cons: 198.65299198471993
finished_reconf: true
global_termination_time: 1959333.616
local_termination_time: 665488.52736
node_cons: 40258.90894558393
tot_aggregated_send: 26970
tot_msg_rcv: 1135
tot_msg_sent: 2090
tot_reconf_duration: 6.279999999999999
tot_sleeping_duration: 1929273.5856000117
tot_uptimes: 502
tot_uptimes_duration: 30060.030399988173
