comms_cons: 196.8817151865941
finished_reconf: true
global_termination_time: 1959820.567
local_termination_time: 1172671.1369999999
node_cons: 40265.723403350305
tot_aggregated_send: 27481
tot_msg_rcv: 872
tot_msg_sent: 1571
tot_reconf_duration: 11.31
tot_sleeping_duration: 1929760.5487600071
tot_uptimes: 502
tot_uptimes_duration: 30060.018239992904
