comms_cons: 293.5062016089808
finished_reconf: true
global_termination_time: 2928095.674
local_termination_time: 1656815.041519999
node_cons: 60195.18752111551
tot_aggregated_send: 41238
tot_msg_rcv: 1181
tot_msg_sent: 2191
tot_reconf_duration: 15.110000000000001
tot_sleeping_duration: 2883155.6679200027
tot_uptimes: 750
tot_uptimes_duration: 44940.006079997635
