comms_cons: 289.1959424020091
finished_reconf: true
global_termination_time: 2926429.658
local_termination_time: 1489508.076879998
node_cons: 60188.69077431604
tot_aggregated_send: 42514
tot_msg_rcv: 522
tot_msg_sent: 921
tot_reconf_duration: 9.42
tot_sleeping_duration: 2881488.733120002
tot_uptimes: 750
tot_uptimes_duration: 44940.92487999797
