comms_cons: 288.09462400254085
finished_reconf: true
global_termination_time: 2926667.023
local_termination_time: 2175411.6373599996
node_cons: 60190.820199998736
tot_aggregated_send: 41702
tot_msg_rcv: 702
tot_msg_sent: 1383
tot_reconf_duration: 11.899999999999999
tot_sleeping_duration: 2881727.023
tot_uptimes: 750
tot_uptimes_duration: 44940.0
