comms_cons: 475.69686392382164
finished_reconf: true
global_termination_time: 2415719.9923199965
local_termination_time: 2070.7165999999997
node_cons: 49729.68735070807
tot_aggregated_send: 0
tot_msg_rcv: 36419
tot_msg_sent: 35879
tot_reconf_duration: 11.31
tot_sleeping_duration: 2378592.039840005
tot_uptimes: 619
tot_uptimes_duration: 37127.952479991596
