comms_cons: 293.53163520791827
finished_reconf: true
global_termination_time: 2925249.067
local_termination_time: 876231.8743599999
node_cons: 60199.446167816954
tot_aggregated_send: 39672
tot_msg_rcv: 1605
tot_msg_sent: 3338
tot_reconf_duration: 18.21
tot_sleeping_duration: 2880309.024440016
tot_uptimes: 750
tot_uptimes_duration: 44940.042559983674
