comms_cons: 296.2302912222748
finished_reconf: true
global_termination_time: 2928420.869
local_termination_time: 672981.0613599999
node_cons: 60205.5326756355
tot_aggregated_send: 38686
tot_msg_rcv: 2045
tot_msg_sent: 4294
tot_reconf_duration: 22.65
tot_sleeping_duration: 2883480.7838800326
tot_uptimes: 750
tot_uptimes_duration: 44940.08511996758
