comms_cons: 285.85370879230703
finished_reconf: true
global_termination_time: 2927503.109
local_termination_time: 2239499.651
node_cons: 60181.585799999
tot_aggregated_send: 41524
tot_msg_rcv: 633
tot_msg_sent: 1291
tot_reconf_duration: 5.1
tot_sleeping_duration: 2882563.109
tot_uptimes: 750
tot_uptimes_duration: 44940.0
