comms_cons: 290.8974144139109
finished_reconf: true
global_termination_time: 2925000.5045999996
local_termination_time: 2925000.4634799995
node_cons: 60227.819109515134
tot_aggregated_send: 41920
tot_msg_rcv: 775
tot_msg_sent: 1518
tot_reconf_duration: 24.59
tot_sleeping_duration: 2880045.7429200024
tot_uptimes: 750
tot_uptimes_duration: 44954.761679997435
