comms_cons: 2.3619327999964157
finished_reconf: true
global_termination_time: 17714.14
local_termination_time: 6972.385360000001
node_cons: 346.754600000001
tot_aggregated_send: 0
tot_msg_rcv: 197
tot_msg_sent: 162
tot_reconf_duration: 18.700000000000003
tot_sleeping_duration: 17474.14
tot_uptimes: 5
tot_uptimes_duration: 240.0
