comms_cons: 2.592812799994556
finished_reconf: true
global_termination_time: 13661.59
local_termination_time: 6209.108360000001
node_cons: 257.18020000000075
tot_aggregated_send: 0
tot_msg_rcv: 228
tot_msg_sent: 164
tot_reconf_duration: 11.899999999999999
tot_sleeping_duration: 13481.59
tot_uptimes: 4
tot_uptimes_duration: 180.0
