comms_cons: 81.2070655960506
finished_reconf: true
global_termination_time: 812979.478
local_termination_time: 226664.57720000064
node_cons: 16731.576143359714
tot_aggregated_send: 10846
tot_msg_rcv: 459
tot_msg_sent: 1038
tot_reconf_duration: 15.34
tot_sleeping_duration: 800499.4597600002
tot_uptimes: 209
tot_uptimes_duration: 12480.018239999772
