comms_cons: 83.26756479524313
finished_reconf: true
global_termination_time: 813188.597
local_termination_time: 634254.3377999985
node_cons: 16719.264522233723
tot_aggregated_send: 10846
tot_msg_rcv: 594
tot_msg_sent: 1216
tot_reconf_duration: 6.279999999999999
tot_sleeping_duration: 800708.5848400047
tot_uptimes: 209
tot_uptimes_duration: 12480.012159995269
