comms_cons: 81.45610239841565
finished_reconf: true
global_termination_time: 810797.885
local_termination_time: 195868.24436000007
node_cons: 16648.27300112147
tot_aggregated_send: 11020
tot_msg_rcv: 385
tot_msg_sent: 975
tot_reconf_duration: 13.17
tot_sleeping_duration: 798377.8789199989
tot_uptimes: 208
tot_uptimes_duration: 12420.006080001069
