comms_cons: 81.86498559840322
finished_reconf: true
global_termination_time: 811410.476
local_termination_time: 200925.55216000078
node_cons: 16634.53818223827
tot_aggregated_send: 11078
tot_msg_rcv: 437
tot_msg_sent: 928
tot_reconf_duration: 3.05
tot_sleeping_duration: 798990.4638400013
tot_uptimes: 208
tot_uptimes_duration: 12420.012159998703
