comms_cons: 241.35857919195996
finished_reconf: true
global_termination_time: 2401883.229
local_termination_time: 678124.5543599998
node_cons: 49429.964284466616
tot_aggregated_send: 33698
tot_msg_rcv: 1023
tot_msg_sent: 1964
tot_reconf_duration: 15.34
tot_sleeping_duration: 2364983.2046800093
tot_uptimes: 616
tot_uptimes_duration: 36900.02431999054
