comms_cons: 241.09020799376265
finished_reconf: true
global_termination_time: 2401621.2491199966
local_termination_time: 13349.3392
node_cons: 49461.60898749954
tot_aggregated_send: 33466
tot_msg_rcv: 1098
tot_msg_sent: 2079
tot_reconf_duration: 22.65
tot_sleeping_duration: 2364705.005440011
tot_uptimes: 616
tot_uptimes_duration: 36916.243679985215
