comms_cons: 237.76570879555388
finished_reconf: true
global_termination_time: 2402539.968
local_termination_time: 102645.35535999997
node_cons: 49415.65640335443
tot_aggregated_send: 33756
tot_msg_rcv: 755
tot_msg_sent: 1628
tot_reconf_duration: 4.8100000000000005
tot_sleeping_duration: 2365639.9497600035
tot_uptimes: 616
tot_uptimes_duration: 36900.01823999634
