comms_cons: 239.29208318237943
finished_reconf: true
global_termination_time: 2401721.686
local_termination_time: 1754409.865519998
node_cons: 49413.25818223275
tot_aggregated_send: 33466
tot_msg_rcv: 1090
tot_msg_sent: 1815
tot_reconf_duration: 3.05
tot_sleeping_duration: 2364821.673840005
tot_uptimes: 616
tot_uptimes_duration: 36900.01215999527
