comms_cons: 240.7107327940797
finished_reconf: true
global_termination_time: 2403664.899
local_termination_time: 896904.0305599985
node_cons: 49416.490222232904
tot_aggregated_send: 33872
tot_msg_rcv: 917
tot_msg_sent: 1797
tot_reconf_duration: 5.43
tot_sleeping_duration: 2366764.886840005
tot_uptimes: 616
tot_uptimes_duration: 36900.01215999527
