comms_cons: 54.235481600284665
finished_reconf: true
global_termination_time: 537545.3554799998
local_termination_time: 537545.3143599998
node_cons: 11058.331659841244
tot_aggregated_send: 7294
tot_msg_rcv: 292
tot_msg_sent: 661
tot_reconf_duration: 24.59
tot_sleeping_duration: 529311.644919999
tot_uptimes: 138
tot_uptimes_duration: 8233.710560000909
