comms_cons: 54.96844800091491
finished_reconf: true
global_termination_time: 540643.69
local_termination_time: 294406.0997200006
node_cons: 11093.484544485735
tot_aggregated_send: 7308
tot_msg_rcv: 350
tot_msg_sent: 697
tot_reconf_duration: 4.8100000000000005
tot_sleeping_duration: 532363.6656799957
tot_uptimes: 139
tot_uptimes_duration: 8280.024320004275
