comms_cons: 55.04409600024812
finished_reconf: true
global_termination_time: 541763.969
local_termination_time: 80765.73547999997
node_cons: 11107.800566726335
tot_aggregated_send: 6902
tot_msg_rcv: 475
tot_msg_sent: 990
tot_reconf_duration: 15.34
tot_sleeping_duration: 533483.9325199953
tot_uptimes: 139
tot_uptimes_duration: 8280.03648000471
