comms_cons: 284.95893760787135
finished_reconf: true
global_termination_time: 2808280.521
local_termination_time: 4988.6140000000005
node_cons: 57850.38404782402
tot_aggregated_send: 38798
tot_msg_rcv: 1547
tot_msg_sent: 2968
tot_reconf_duration: 4.07
tot_sleeping_duration: 2765080.4784400114
tot_uptimes: 720
tot_uptimes_duration: 43200.04255998884
