comms_cons: 282.6166719977016
finished_reconf: true
global_termination_time: 2810927.048
local_termination_time: 6085.151
node_cons: 57854.90618782139
tot_aggregated_send: 39084
tot_msg_rcv: 1278
tot_msg_sent: 2593
tot_reconf_duration: 7.3999999999999995
tot_sleeping_duration: 2767727.005440013
tot_uptimes: 720
tot_uptimes_duration: 43200.042559986876
