comms_cons: 279.0184832220779
finished_reconf: true
global_termination_time: 2810238.057
local_termination_time: 4030.715
node_cons: 57879.28228781743
tot_aggregated_send: 39299
tot_msg_rcv: 1016
tot_msg_sent: 2094
tot_reconf_duration: 25.35
tot_sleeping_duration: 2767038.014440016
tot_uptimes: 720
tot_uptimes_duration: 43200.04255998391
