comms_cons: 1110.104329163527
finished_reconf: true
global_termination_time: 5641917.243599998
local_termination_time: 3130.89048
node_cons: 116056.25846951031
tot_aggregated_send: 0
tot_msg_rcv: 84976
tot_msg_sent: 83751
tot_reconf_duration: 18.21
tot_sleeping_duration: 5555261.881920002
tot_uptimes: 1445
tot_uptimes_duration: 86655.36167999543
