comms_cons: 560.6873472926694
finished_reconf: true
global_termination_time: 5644947.778
local_termination_time: 2476647.0253600003
node_cons: 116099.85266334792
tot_aggregated_send: 78010
tot_msg_rcv: 2523
tot_msg_sent: 4687
tot_reconf_duration: 6.279999999999999
tot_sleeping_duration: 5558247.759760007
tot_uptimes: 1446
tot_uptimes_duration: 86700.01823999337
