comms_cons: 556.5700288890498
finished_reconf: true
global_termination_time: 5646102.602
local_termination_time: 3243934.8116399995
node_cons: 116098.88848334797
tot_aggregated_send: 77894
tot_msg_rcv: 2232
tot_msg_sent: 4469
tot_reconf_duration: 5.57
tot_sleeping_duration: 5559402.583760006
tot_uptimes: 1446
tot_uptimes_duration: 86700.01823999337
