comms_cons: 567.1799809095015
finished_reconf: true
global_termination_time: 5645228.885
local_termination_time: 194372.18576000043
node_cons: 116097.89710893203
tot_aggregated_send: 78648
tot_msg_rcv: 2504
tot_msg_sent: 5055
tot_reconf_duration: 4.8100000000000005
tot_sleeping_duration: 5558528.836360018
tot_uptimes: 1446
tot_uptimes_duration: 86700.04863998177
