comms_cons: 340.45448959942235
finished_reconf: true
global_termination_time: 3525653.014
local_termination_time: 2314764.999519998
node_cons: 72475.22452223235
tot_aggregated_send: 49300
tot_msg_rcv: 705
tot_msg_sent: 1743
tot_reconf_duration: 6.279999999999999
tot_sleeping_duration: 3471533.0018400047
tot_uptimes: 903
tot_uptimes_duration: 54120.01215999527
