comms_cons: 354.47034242793296
finished_reconf: true
global_termination_time: 3528137.54
local_termination_time: 937689.9303599999
node_cons: 72559.86934782176
tot_aggregated_send: 48546
tot_msg_rcv: 1788
tot_msg_sent: 3544
tot_reconf_duration: 9.42
tot_sleeping_duration: 3473957.497440012
tot_uptimes: 904
tot_uptimes_duration: 54180.042559987574
