comms_cons: 356.7840640371104
finished_reconf: true
global_termination_time: 3527475.266
local_termination_time: 390567.3
node_cons: 72568.16861565065
tot_aggregated_send: 48425
tot_msg_rcv: 1908
tot_msg_sent: 3897
tot_reconf_duration: 12.629999999999999
tot_sleeping_duration: 3473292.2808800205
tot_uptimes: 904
tot_uptimes_duration: 54182.985119979305
