comms_cons: 352.894387235355
finished_reconf: true
global_termination_time: 3525590.969
local_termination_time: 961667.9019199985
node_cons: 72477.35654781689
tot_aggregated_send: 48430
tot_msg_rcv: 1486
tot_msg_sent: 3718
tot_reconf_duration: 7.819999999999999
tot_sleeping_duration: 3471470.926440016
tot_uptimes: 903
tot_uptimes_duration: 54120.04255998391
