comms_cons: 93.95755519937323
finished_reconf: true
global_termination_time: 966564.822
local_termination_time: 607094.5363199987
node_cons: 19854.615842238418
tot_aggregated_send: 13630
tot_msg_rcv: 189
tot_msg_sent: 462
tot_reconf_duration: 7.819999999999999
tot_sleeping_duration: 951744.8098400013
tot_uptimes: 248
tot_uptimes_duration: 14820.012159998732
