comms_cons: 93.13515520017837
finished_reconf: true
global_termination_time: 965788.483
local_termination_time: 566977.5954799978
node_cons: 19867.448713838385
tot_aggregated_send: 13282
tot_msg_rcv: 292
tot_msg_sent: 582
tot_reconf_duration: 11.31
tot_sleeping_duration: 950962.4264400011
tot_uptimes: 248
tot_uptimes_duration: 14826.056559998833
