comms_cons: 2.2895615999924344
finished_reconf: true
global_termination_time: 14099.346
local_termination_time: 7010.794360000001
node_cons: 247.9458000000005
tot_aggregated_send: 0
tot_msg_rcv: 177
tot_msg_sent: 170
tot_reconf_duration: 5.1
tot_sleeping_duration: 13919.346
tot_uptimes: 4
tot_uptimes_duration: 180.0
