comms_cons: 1.5855871999989826
finished_reconf: true
global_termination_time: 11373.044240000005
local_termination_time: 6106.8063600000005
node_cons: 194.38328936000633
tot_aggregated_send: 0
tot_msg_rcv: 127
tot_msg_sent: 114
tot_reconf_duration: 4.8100000000000005
tot_sleeping_duration: 11232.752
tot_uptimes: 3
tot_uptimes_duration: 140.2922400000043
