comms_cons: 874.7815377037575
finished_reconf: true
global_termination_time: 4433708.890599998
local_termination_time: 68.31247999999995
node_cons: 91214.05777286252
tot_aggregated_send: 0
tot_msg_rcv: 67117
tot_msg_sent: 65844
tot_reconf_duration: 5.57
tot_sleeping_duration: 4365593.510680009
tot_uptimes: 1136
tot_uptimes_duration: 68115.3799199888
