comms_cons: 445.99880967961946
finished_reconf: true
global_termination_time: 4437746.288
local_termination_time: 839943.8633999992
node_cons: 91284.19813005063
tot_aggregated_send: 61944
tot_msg_rcv: 1901
tot_msg_sent: 3944
tot_reconf_duration: 13.17
tot_sleeping_duration: 4369586.23328002
tot_uptimes: 1137
tot_uptimes_duration: 68160.05471997987
