comms_cons: 446.58495369175
finished_reconf: true
global_termination_time: 4438246.43
local_termination_time: 994231.7742399978
node_cons: 91280.97938340864
tot_aggregated_send: 62002
tot_msg_rcv: 1984
tot_msg_sent: 3893
tot_reconf_duration: 8.09
tot_sleeping_duration: 4370083.627040021
tot_uptimes: 1137
tot_uptimes_duration: 68162.80295997846
