comms_cons: 444.31752325961725
finished_reconf: true
global_termination_time: 4435607.037
local_termination_time: 2329582.08036
node_cons: 91192.45640334873
tot_aggregated_send: 61306
tot_msg_rcv: 2131
tot_msg_sent: 4096
tot_reconf_duration: 4.8100000000000005
tot_sleeping_duration: 4367507.018760006
tot_uptimes: 1136
tot_uptimes_duration: 68100.01823999337
