comms_cons: 443.4515200675453
finished_reconf: true
global_termination_time: 4434075.159
local_termination_time: 293370.90956000023
node_cons: 91206.79684893346
tot_aggregated_send: 61422
tot_msg_rcv: 1875
tot_msg_sent: 4106
tot_reconf_duration: 15.34
tot_sleeping_duration: 4365975.110360018
tot_uptimes: 1136
tot_uptimes_duration: 68100.04863998201
