comms_cons: 2.5922047999914337
finished_reconf: true
global_termination_time: 16191.583
local_termination_time: 9946.027359999998
node_cons: 328.28579999999806
tot_aggregated_send: 0
tot_msg_rcv: 222
tot_msg_sent: 172
tot_reconf_duration: 5.1
tot_sleeping_duration: 15951.583
tot_uptimes: 5
tot_uptimes_duration: 240.0
