comms_cons: 2.065868799993174
finished_reconf: true
global_termination_time: 14648.551
local_termination_time: 11016.93836
node_cons: 253.81236000000007
tot_aggregated_send: 0
tot_msg_rcv: 190
tot_msg_sent: 124
tot_reconf_duration: 9.42
tot_sleeping_duration: 14468.551
tot_uptimes: 4
tot_uptimes_duration: 180.0
