comms_cons: 2.296140799994988
finished_reconf: true
global_termination_time: 16345.64
local_termination_time: 6463.512360000001
node_cons: 329.8067600000004
tot_aggregated_send: 0
tot_msg_rcv: 178
tot_msg_sent: 171
tot_reconf_duration: 6.22
tot_sleeping_duration: 16105.64
tot_uptimes: 5
tot_uptimes_duration: 240.00000000000003
