comms_cons: 15.429862399756159
finished_reconf: true
global_termination_time: 146995.474
local_termination_time: 89375.18559999995
node_cons: 2997.3254622383124
tot_aggregated_send: 1624
tot_msg_rcv: 214
tot_msg_sent: 507
tot_reconf_duration: 18.21
tot_sleeping_duration: 144775.46184000126
tot_uptimes: 38
tot_uptimes_duration: 2220.0121599987324
