comms_cons: 60.910860800232705
finished_reconf: true
global_termination_time: 613426.3974799998
local_termination_time: 613426.3563599999
node_cons: 12665.1398009604
tot_aggregated_send: 8802
tot_msg_rcv: 157
tot_msg_sent: 298
tot_reconf_duration: 24.59
tot_sleeping_duration: 603992.6808399996
tot_uptimes: 158
tot_uptimes_duration: 9433.716640000275
