comms_cons: 762.0006412060328
finished_reconf: true
global_termination_time: 3875756.709
local_termination_time: 2576743.329439999
node_cons: 79728.05498223218
tot_aggregated_send: 0
tot_msg_rcv: 58298
tot_msg_sent: 57520
tot_reconf_duration: 22.65
tot_sleeping_duration: 3816236.696840004
tot_uptimes: 993
tot_uptimes_duration: 59520.012159995735
