comms_cons: 393.005676841547
finished_reconf: true
global_termination_time: 3875819.821
local_termination_time: 300122.4120000004
node_cons: 79705.91407452726
tot_aggregated_send: 53360
tot_msg_rcv: 2186
tot_msg_sent: 4186
tot_reconf_duration: 6.279999999999999
tot_sleeping_duration: 3816299.741960023
tot_uptimes: 993
tot_uptimes_duration: 59520.07903997705
