comms_cons: 134.2178047889859
finished_reconf: true
global_termination_time: 1297270.637
local_termination_time: 59643.104
node_cons: 26715.079758705237
tot_aggregated_send: 17340
tot_msg_rcv: 1137
tot_msg_sent: 1923
tot_reconf_duration: 22.65
tot_sleeping_duration: 1277342.0925200111
tot_uptimes: 333
tot_uptimes_duration: 19928.544479988952
