comms_cons: 68.5684991998196
finished_reconf: true
global_termination_time: 711332.307
local_termination_time: 166097.64336000007
node_cons: 14656.245541121456
tot_aggregated_send: 9628
tot_msg_rcv: 275
tot_msg_sent: 519
tot_reconf_duration: 25.299999999999997
tot_sleeping_duration: 700412.3009199989
tot_uptimes: 183
tot_uptimes_duration: 10920.006080001054
