comms_cons: 68.11445760020905
finished_reconf: true
global_termination_time: 709947.229
local_termination_time: 217432.69136000006
node_cons: 14559.424860000041
tot_aggregated_send: 9860
tot_msg_rcv: 212
tot_msg_sent: 281
tot_reconf_duration: 13.17
tot_sleeping_duration: 699087.229
tot_uptimes: 182
tot_uptimes_duration: 10860.0
