comms_cons: 66.03091200042155
finished_reconf: true
global_termination_time: 711962.008
local_termination_time: 172329.7188400006
node_cons: 14627.84162000004
tot_aggregated_send: 9570
tot_msg_rcv: 115
tot_msg_sent: 351
tot_reconf_duration: 4.390000000000001
tot_sleeping_duration: 701042.008
tot_uptimes: 183
tot_uptimes_duration: 10920.0
