comms_cons: 420.45137903818096
finished_reconf: true
global_termination_time: 871239.8795999998
local_termination_time: 871239.8384799998
node_cons: 52773.98921331867
tot_aggregated_send: 0
tot_msg_rcv: 25877
tot_msg_sent: 38027
tot_reconf_duration: 37.410000000000004
tot_sleeping_duration: 831864.8337200001
tot_uptimes: 641
tot_uptimes_duration: 39375.04587999957
