comms_cons: 88.98333439911002
finished_reconf: true
global_termination_time: 874047.899
local_termination_time: 87018.25747999942
node_cons: 17946.619405598034
tot_aggregated_send: 11948
tot_msg_rcv: 603
tot_msg_sent: 973
tot_reconf_duration: 22.65
tot_sleeping_duration: 860667.8686000014
tot_uptimes: 224
tot_uptimes_duration: 13380.030399998504
