comms_cons: 89.79747839767853
finished_reconf: true
global_termination_time: 873658.847
local_termination_time: 629187.3263599998
node_cons: 17932.979681116867
tot_aggregated_send: 11774
tot_msg_rcv: 725
tot_msg_sent: 1150
tot_reconf_duration: 12.629999999999999
tot_sleeping_duration: 860278.8409200023
tot_uptimes: 224
tot_uptimes_duration: 13380.006079997635
