comms_cons: 88.5237631989418
finished_reconf: true
global_termination_time: 872112.746
local_termination_time: 264093.3234800001
node_cons: 17922.384544485747
tot_aggregated_send: 11832
tot_msg_rcv: 518
tot_msg_sent: 1106
tot_reconf_duration: 4.8100000000000005
tot_sleeping_duration: 858732.7216799958
tot_uptimes: 224
tot_uptimes_duration: 13380.024320004275
