comms_cons: 311.7549824065435
finished_reconf: true
global_termination_time: 3124679.768
local_termination_time: 1100482.323
node_cons: 64284.82492446623
tot_aggregated_send: 44013
tot_msg_rcv: 1014
tot_msg_sent: 2358
tot_reconf_duration: 9.42
tot_sleeping_duration: 3076679.7436800096
tot_uptimes: 801
tot_uptimes_duration: 48000.02431999077
