comms_cons: 310.70675202075915
finished_reconf: true
global_termination_time: 3125571.755
local_termination_time: 1032856.86336
node_cons: 64278.580826700236
tot_aggregated_send: 44022
tot_msg_rcv: 1058
tot_msg_sent: 2145
tot_reconf_duration: 4.8100000000000005
tot_sleeping_duration: 3077571.7185200136
tot_uptimes: 801
tot_uptimes_duration: 48000.036479986156
