comms_cons: 317.19765122272736
finished_reconf: true
global_termination_time: 3127461.211
local_termination_time: 1344406.5713599997
node_cons: 64276.18260558323
tot_aggregated_send: 43036
tot_msg_rcv: 1967
tot_msg_sent: 3209
tot_reconf_duration: 3.05
tot_sleeping_duration: 3079461.1806000117
tot_uptimes: 801
tot_uptimes_duration: 48000.03039998864
