comms_cons: 310.3803391894151
finished_reconf: true
global_termination_time: 3124549.258
local_termination_time: 1704278.9373599999
node_cons: 64287.375262232425
tot_aggregated_send: 44312
tot_msg_rcv: 1011
tot_msg_sent: 1853
tot_reconf_duration: 11.31
tot_sleeping_duration: 3076549.2458400046
tot_uptimes: 801
tot_uptimes_duration: 48000.01215999527
