comms_cons: 307.9129407849793
finished_reconf: true
global_termination_time: 3130425.487
local_termination_time: 1767825.0423599998
node_cons: 64359.73022223227
tot_aggregated_send: 44254
tot_msg_rcv: 856
tot_msg_sent: 1690
tot_reconf_duration: 5.43
tot_sleeping_duration: 3082365.474840005
tot_uptimes: 802
tot_uptimes_duration: 48060.01215999527
