comms_cons: 2.572467199995683
finished_reconf: true
global_termination_time: 17155.573
local_termination_time: 6576.460360000001
node_cons: 341.87938000000076
tot_aggregated_send: 0
tot_msg_rcv: 229
tot_msg_sent: 162
tot_reconf_duration: 15.110000000000001
tot_sleeping_duration: 16915.573
tot_uptimes: 5
tot_uptimes_duration: 240.0
