comms_cons: 2.1870591999906766
finished_reconf: true
global_termination_time: 16413.477
local_termination_time: 8125.4893600000005
node_cons: 352.1187000000008
tot_aggregated_send: 0
tot_msg_rcv: 177
tot_msg_sent: 155
tot_reconf_duration: 22.65
tot_sleeping_duration: 16173.476999999999
tot_uptimes: 5
tot_uptimes_duration: 240.0
