comms_cons: 2.269823999994611
finished_reconf: true
global_termination_time: 18149.235
local_termination_time: 6075.299360000001
node_cons: 337.5202000000007
tot_aggregated_send: 0
tot_msg_rcv: 180
tot_msg_sent: 165
tot_reconf_duration: 11.899999999999999
tot_sleeping_duration: 17909.235
tot_uptimes: 5
tot_uptimes_duration: 240.0
