comms_cons: 114.21456639513909
finished_reconf: true
global_termination_time: 1146374.399
local_termination_time: 731678.2423599999
node_cons: 23548.09118335065
tot_aggregated_send: 16240
tot_msg_rcv: 365
tot_msg_sent: 754
tot_reconf_duration: 6.22
tot_sleeping_duration: 1128794.380760007
tot_uptimes: 294
tot_uptimes_duration: 17580.018239992904
