comms_cons: 311.97250543144105
finished_reconf: true
global_termination_time: 1072839.082
local_termination_time: 403952.35728000035
node_cons: 43750.59230899957
tot_aggregated_send: 0
tot_msg_rcv: 15875
tot_msg_sent: 31543
tot_reconf_duration: 18.21
tot_sleeping_duration: 1040183.4709999999
tot_uptimes: 541
tot_uptimes_duration: 32655.610999999968
