comms_cons: 125.17314559012435
finished_reconf: true
global_termination_time: 628196.216
local_termination_time: 69791.77035999997
node_cons: 12860.369761121448
tot_aggregated_send: 0
tot_msg_rcv: 9744
tot_msg_sent: 9283
tot_reconf_duration: 4.390000000000001
tot_sleeping_duration: 618596.2099199989
tot_uptimes: 161
tot_uptimes_duration: 9600.006080001069
