comms_cons: 341.7680061308708
finished_reconf: true
global_termination_time: 1740238.69
local_termination_time: 1115329.247999999
node_cons: 35782.05869999979
tot_aggregated_send: 0
tot_msg_rcv: 26154
tot_msg_sent: 25792
tot_reconf_duration: 22.65
tot_sleeping_duration: 1713538.69
tot_uptimes: 446
tot_uptimes_duration: 26700.0
