comms_cons: 176.688556783246
finished_reconf: true
global_termination_time: 1738852.92
local_termination_time: 914912.6473599998
node_cons: 35758.250223350384
tot_aggregated_send: 23838
tot_msg_rcv: 1044
tot_msg_sent: 1973
tot_reconf_duration: 5.1
tot_sleeping_duration: 1712152.901760007
tot_uptimes: 446
tot_uptimes_duration: 26700.018239992904
