comms_cons: 276.3335422090995
finished_reconf: true
global_termination_time: 1393318.675
local_termination_time: 2612.6313600000003
node_cons: 28625.7936033586
tot_aggregated_send: 0
tot_msg_rcv: 21360
tot_msg_sent: 20642
tot_reconf_duration: 18.21
tot_sleeping_duration: 1371958.656760001
tot_uptimes: 357
tot_uptimes_duration: 21360.01823999892
