comms_cons: 137.0727871916736
finished_reconf: true
global_termination_time: 1389620.926
local_termination_time: 370298.22636000003
node_cons: 28555.081823350527
tot_aggregated_send: 18676
tot_msg_rcv: 738
tot_msg_sent: 1419
tot_reconf_duration: 25.299999999999997
tot_sleeping_duration: 1368320.907760007
tot_uptimes: 356
tot_uptimes_duration: 21300.018239992904
