comms_cons: 142.61857278411424
finished_reconf: true
global_termination_time: 1389048.18
local_termination_time: 353478.50884000014
node_cons: 28524.93962782709
tot_aggregated_send: 18270
tot_msg_rcv: 1193
tot_msg_sent: 2216
tot_reconf_duration: 3.08
tot_sleeping_duration: 1367748.1374400095
tot_uptimes: 356
tot_uptimes_duration: 21300.04255999031
