comms_cons: 140.70055678786747
finished_reconf: true
global_termination_time: 1392811.487
local_termination_time: 284148.2813600001
node_cons: 28612.099490069962
tot_aggregated_send: 18386
tot_msg_rcv: 1017
tot_msg_sent: 1982
tot_reconf_duration: 8.09
tot_sleeping_duration: 1371451.4322800075
tot_uptimes: 357
tot_uptimes_duration: 21360.054719992448
