comms_cons: 133.49143679630717
finished_reconf: true
global_termination_time: 1386886.079
local_termination_time: 314515.33196000056
node_cons: 28533.103944471954
tot_aggregated_send: 18328
tot_msg_rcv: 670
tot_msg_sent: 1291
tot_reconf_duration: 9.11
tot_sleeping_duration: 1365586.054680006
tot_uptimes: 356
tot_uptimes_duration: 21300.024319993972
