comms_cons: 139.94679038467905
finished_reconf: true
global_termination_time: 1388185.669
local_termination_time: 413472.083
node_cons: 28537.900386705645
tot_aggregated_send: 18207
tot_msg_rcv: 974
tot_msg_sent: 2090
tot_reconf_duration: 12.629999999999999
tot_sleeping_duration: 1366885.6325200107
tot_uptimes: 356
tot_uptimes_duration: 21300.03647998924
