comms_cons: 139.08842238947017
finished_reconf: true
global_termination_time: 1387828.407
local_termination_time: 511002.59676000045
node_cons: 28535.594523355157
tot_aggregated_send: 18444
tot_msg_rcv: 980
tot_msg_sent: 1716
tot_reconf_duration: 10.95
tot_sleeping_duration: 1366528.3887600035
tot_uptimes: 356
tot_uptimes_duration: 21300.018239996338
