comms_cons: 248.46348799361488
finished_reconf: true
global_termination_time: 2535138.172
local_termination_time: 920481.4664799988
node_cons: 52147.58579999918
tot_aggregated_send: 36424
tot_msg_rcv: 427
tot_msg_sent: 914
tot_reconf_duration: 5.1
tot_sleeping_duration: 2496198.172
tot_uptimes: 650
tot_uptimes_duration: 38940.0
