comms_cons: 249.3632831960185
finished_reconf: true
global_termination_time: 2533515.409
local_termination_time: 1467375.18936
node_cons: 52075.1982411163
tot_aggregated_send: 36656
tot_msg_rcv: 477
tot_msg_sent: 768
tot_reconf_duration: 10.95
tot_sleeping_duration: 2494635.402920002
tot_uptimes: 649
tot_uptimes_duration: 38880.006079997635
