comms_cons: 129.90630399324348
finished_reconf: true
global_termination_time: 1304776.508
local_termination_time: 740046.5553599998
node_cons: 26848.91897999996
tot_aggregated_send: 18676
tot_msg_rcv: 383
tot_msg_sent: 686
tot_reconf_duration: 11.31
tot_sleeping_duration: 1284736.508
tot_uptimes: 335
tot_uptimes_duration: 20040.0
