comms_cons: 12.73486079997578
finished_reconf: true
global_termination_time: 91262.485
local_termination_time: 16949.611360000003
node_cons: 1854.8027878391965
tot_aggregated_send: 464
tot_msg_rcv: 594
tot_msg_sent: 878
tot_reconf_duration: 5.1
tot_sleeping_duration: 89882.44244000061
tot_uptimes: 24
tot_uptimes_duration: 1380.0425599993978
