comms_cons: 11.325830399895644
finished_reconf: true
global_termination_time: 91129.809
local_termination_time: 24687.659480000002
node_cons: 1864.9959633597298
tot_aggregated_send: 638
tot_msg_rcv: 409
tot_msg_sent: 675
tot_reconf_duration: 12.629999999999999
tot_sleeping_duration: 89749.79076000019
tot_uptimes: 24
tot_uptimes_duration: 1380.0182399998012
