comms_cons: 283.2616448111949
finished_reconf: false
global_termination_time: 2810822.832
local_termination_time: 0
node_cons: 57844.80814111611
tot_aggregated_send: 39208
tot_msg_rcv: 1293
tot_msg_sent: 2553
tot_reconf_duration: 0
tot_sleeping_duration: 2767622.825920002
tot_uptimes: 720
tot_uptimes_duration: 43200.00607999787
