comms_cons: 283.91194242319716
finished_reconf: false
global_termination_time: 2809188.639
local_termination_time: 0
node_cons: 57844.79999999896
tot_aggregated_send: 39208
tot_msg_rcv: 1392
tot_msg_sent: 2552
tot_reconf_duration: 0
tot_sleeping_duration: 2765988.639
tot_uptimes: 720
tot_uptimes_duration: 43200.0
