comms_cons: 283.6885248095457
finished_reconf: false
global_termination_time: 2808879.18
local_termination_time: 0
node_cons: 57844.79999999896
tot_aggregated_send: 39382
tot_msg_rcv: 1359
tot_msg_sent: 2378
tot_reconf_duration: 0
tot_sleeping_duration: 2765679.18
tot_uptimes: 720
tot_uptimes_duration: 43200.0
