comms_cons: 286.41829760910184
finished_reconf: false
global_termination_time: 2809154.412
local_termination_time: 0
node_cons: 57844.79999999896
tot_aggregated_send: 38512
tot_msg_rcv: 1773
tot_msg_sent: 3248
tot_reconf_duration: 0
tot_sleeping_duration: 2765954.412
tot_uptimes: 720
tot_uptimes_duration: 43200.0
