comms_cons: 285.61240320047045
finished_reconf: false
global_termination_time: 2810454.137
local_termination_time: 0
node_cons: 57844.79999999896
tot_aggregated_send: 38686
tot_msg_rcv: 1650
tot_msg_sent: 3074
tot_reconf_duration: 0
tot_sleeping_duration: 2767254.137
tot_uptimes: 720
tot_uptimes_duration: 43200.0
