comms_cons: 238.60371840176728
finished_reconf: true
global_termination_time: 2374331.114
local_termination_time: 326345.73036000005
node_cons: 48853.30082670954
tot_aggregated_send: 33060
tot_msg_rcv: 997
tot_msg_sent: 2208
tot_reconf_duration: 4.8100000000000005
tot_sleeping_duration: 2337851.0775200073
tot_uptimes: 609
tot_uptimes_duration: 36480.036479992676
