comms_cons: 234.60769278983685
finished_reconf: true
global_termination_time: 2372738.96
local_termination_time: 1010299.647
node_cons: 48773.786504466596
tot_aggregated_send: 33634
tot_msg_rcv: 682
tot_msg_sent: 1343
tot_reconf_duration: 5.43
tot_sleeping_duration: 2336318.9356800094
tot_uptimes: 608
tot_uptimes_duration: 36420.02431999054
