comms_cons: 393.4691967999885
finished_reconf: true
global_termination_time: 4005181.423
local_termination_time: 2455017.2331999997
node_cons: 82366.38485999781
tot_aggregated_send: 56956
tot_msg_rcv: 977
tot_msg_sent: 1870
tot_reconf_duration: 13.17
tot_sleeping_duration: 3943681.423
tot_uptimes: 1026
tot_uptimes_duration: 61500.0
