comms_cons: 400.8398016308475
finished_reconf: true
global_termination_time: 4003157.9451199877
local_termination_time: 98188.981
node_cons: 82466.45609388093
tot_aggregated_send: 56490
tot_msg_rcv: 1529
tot_msg_sent: 2904
tot_reconf_duration: 22.65
tot_sleeping_duration: 3941592.823840015
tot_uptimes: 1026
tot_uptimes_duration: 61565.12127997237
