comms_cons: 400.2144512432899
finished_reconf: true
global_termination_time: 4004460.157
local_termination_time: 1565542.008359999
node_cons: 82363.88340334911
tot_aggregated_send: 55332
tot_msg_rcv: 1904
tot_msg_sent: 3594
tot_reconf_duration: 11.31
tot_sleeping_duration: 3942960.1387600065
tot_uptimes: 1026
tot_uptimes_duration: 61500.01823999337
