comms_cons: 78.43031679921644
finished_reconf: true
global_termination_time: 799802.063
local_termination_time: 94075.35435999998
node_cons: 16410.19172000004
tot_aggregated_send: 11658
tot_msg_rcv: 102
tot_msg_sent: 161
tot_reconf_duration: 15.34
tot_sleeping_duration: 787562.063
tot_uptimes: 205
tot_uptimes_duration: 12240.0
