comms_cons: 180.3358719930451
finished_reconf: true
global_termination_time: 1814469.741
local_termination_time: 783457.72636
node_cons: 37295.64485999991
tot_aggregated_send: 26100
tot_msg_rcv: 510
tot_msg_sent: 800
tot_reconf_duration: 13.17
tot_sleeping_duration: 1786629.741
tot_uptimes: 465
tot_uptimes_duration: 27840.0
