comms_cons: 180.06675199262557
finished_reconf: true
global_termination_time: 1815497.711
local_termination_time: 450022.98736
node_cons: 37290.13137999984
tot_aggregated_send: 26158
tot_msg_rcv: 465
tot_msg_sent: 746
tot_reconf_duration: 9.11
tot_sleeping_duration: 1787657.711
tot_uptimes: 465
tot_uptimes_duration: 27840.0
