comms_cons: 265.1214655844091
finished_reconf: true
global_termination_time: 2684798.529
local_termination_time: 1152085.0103599997
node_cons: 55199.54976111577
tot_aggregated_send: 37526
tot_msg_rcv: 969
tot_msg_sent: 1802
tot_reconf_duration: 4.390000000000001
tot_sleeping_duration: 2643578.522920002
tot_uptimes: 688
tot_uptimes_duration: 41220.006079997635
