comms_cons: 681.0983105005
finished_reconf: true
global_termination_time: 6853725.5704
local_termination_time: 6853725.529279999
node_cons: 141088.3966969448
tot_aggregated_send: 98342
tot_msg_rcv: 1732
tot_msg_sent: 3448
tot_reconf_duration: 37.410000000000004
tot_sleeping_duration: 6748395.029760007
tot_uptimes: 1756
tot_uptimes_duration: 105330.54063999234
