comms_cons: 690.7696001693857
finished_reconf: true
global_termination_time: 6853725.867239997
local_termination_time: 229185.45748000007
node_cons: 141040.5704527644
tot_aggregated_send: 95120
tot_msg_rcv: 3258
tot_msg_sent: 6615
tot_reconf_duration: 18.21
tot_sleeping_duration: 6748411.5720400205
tot_uptimes: 1756
tot_uptimes_duration: 105314.29519997688
