comms_cons: 2602.885043055091
finished_reconf: true
global_termination_time: 6853767.636
local_termination_time: 3210119.5314800004
node_cons: 415938.41663985886
tot_aggregated_send: 0
tot_msg_rcv: 159863
tot_msg_sent: 235765
tot_reconf_duration: 5.57
tot_sleeping_duration: 6543139.665440014
tot_uptimes: 5078
tot_uptimes_duration: 310627.9705599862
