comms_cons: 678.6280705443384
finished_reconf: true
global_termination_time: 6854105.655
local_termination_time: 3225645.631759998
node_cons: 141052.20867245196
tot_aggregated_send: 94424
tot_msg_rcv: 2957
tot_msg_sent: 5766
tot_reconf_duration: 25.299999999999997
tot_sleeping_duration: 6748789.858680017
tot_uptimes: 1756
tot_uptimes_duration: 105315.79631998274
