comms_cons: 670.2463296755382
finished_reconf: true
global_termination_time: 6854484.088
local_termination_time: 4379714.42736
node_cons: 141011.5863822299
tot_aggregated_send: 94888
tot_msg_rcv: 2266
tot_msg_sent: 4719
tot_reconf_duration: 10.95
tot_sleeping_duration: 6749184.075840005
tot_uptimes: 1756
tot_uptimes_duration: 105300.01215999573
