comms_cons: 294.0400000006323
finished_reconf: true
global_termination_time: 2961048.59
local_termination_time: 1882600.149879998
node_cons: 60901.90263999892
tot_aggregated_send: 41934
tot_msg_rcv: 897
tot_msg_sent: 1861
tot_reconf_duration: 3.08
tot_sleeping_duration: 2915568.59
tot_uptimes: 759
tot_uptimes_duration: 45480.0
