comms_cons: 296.7922176054011
finished_reconf: true
global_termination_time: 2961084.079
local_termination_time: 1072358.4253199988
node_cons: 60910.123944466926
tot_aggregated_send: 41760
tot_msg_rcv: 1202
tot_msg_sent: 2148
tot_reconf_duration: 9.11
tot_sleeping_duration: 2915604.054680009
tot_uptimes: 759
tot_uptimes_duration: 45480.024319991004
