comms_cons: 299.33017603047256
finished_reconf: true
global_termination_time: 2959236.422
local_termination_time: 985302.1741999997
node_cons: 60834.59666893413
tot_aggregated_send: 40310
tot_msg_rcv: 1696
tot_msg_sent: 3491
tot_reconf_duration: 12.629999999999999
tot_sleeping_duration: 2913816.3733600182
tot_uptimes: 758
tot_uptimes_duration: 45420.04863998154
