comms_cons: 300.069126421601
finished_reconf: true
global_termination_time: 2960857.001
local_termination_time: 335073.80728000036
node_cons: 60912.6715111724
tot_aggregated_send: 40600
tot_msg_rcv: 1753
tot_msg_sent: 3255
tot_reconf_duration: 10.95
tot_sleeping_duration: 2915376.9402000196
tot_uptimes: 759
tot_uptimes_duration: 45480.060799980245
