comms_cons: 294.7751040166843
finished_reconf: true
global_termination_time: 2959443.128
local_termination_time: 1419174.54036
node_cons: 60832.77154446688
tot_aggregated_send: 41122
tot_msg_rcv: 1132
tot_msg_sent: 2551
tot_reconf_duration: 11.31
tot_sleeping_duration: 2914023.103680009
tot_uptimes: 758
tot_uptimes_duration: 45420.024319991004
