comms_cons: 276.188236801787
finished_reconf: true
global_termination_time: 2794774.179
local_termination_time: 354337.1241200005
node_cons: 57447.282639999
tot_aggregated_send: 40310
tot_msg_rcv: 511
tot_msg_sent: 1158
tot_reconf_duration: 3.08
tot_sleeping_duration: 2751874.179
tot_uptimes: 716
tot_uptimes_duration: 42900.0
