comms_cons: 277.66260479977865
finished_reconf: true
global_termination_time: 2797409.926
local_termination_time: 1247865.46036
node_cons: 57540.59968111597
tot_aggregated_send: 40368
tot_msg_rcv: 686
tot_msg_sent: 1149
tot_reconf_duration: 12.629999999999999
tot_sleeping_duration: 2754449.9199200026
tot_uptimes: 717
tot_uptimes_duration: 42960.006079997635
