comms_cons: 334.4919232247154
finished_reconf: true
global_termination_time: 3325493.835
local_termination_time: 382026.58136000007
node_cons: 68400.14754669953
tot_aggregated_send: 45994
tot_msg_rcv: 1686
tot_msg_sent: 3159
tot_reconf_duration: 22.65
tot_sleeping_duration: 3274433.798520014
tot_uptimes: 852
tot_uptimes_duration: 51060.03647998581
