comms_cons: 321.63221119588786
finished_reconf: true
global_termination_time: 3326456.554
local_termination_time: 2122026.96
node_cons: 68380.85960430873
tot_aggregated_send: 46339
tot_msg_rcv: 749
tot_msg_sent: 1798
tot_reconf_duration: 6.22
tot_sleeping_duration: 3275394.259120007
tot_uptimes: 852
tot_uptimes_duration: 51062.29487999296
