comms_cons: 78.77276159991878
finished_reconf: true
global_termination_time: 162948.3468000008
local_termination_time: 324.53503999999947
node_cons: 9933.131061561671
tot_aggregated_send: 0
tot_msg_rcv: 4840
tot_msg_sent: 7132
tot_reconf_duration: 18.21
tot_sleeping_duration: 155548.49475999956
tot_uptimes: 122
tot_uptimes_duration: 7399.85204000124
