comms_cons: 150.88142078523742
finished_reconf: true
global_termination_time: 1468542.872
local_termination_time: 690161.8673599999
node_cons: 30216.408945584248
tot_aggregated_send: 19836
tot_msg_rcv: 1122
tot_msg_sent: 1976
tot_reconf_duration: 6.279999999999999
tot_sleeping_duration: 1445982.8416000118
tot_uptimes: 377
tot_uptimes_duration: 22560.030399988173
