comms_cons: 145.61085439312998
finished_reconf: true
global_termination_time: 1469769.487
local_termination_time: 405734.69336000003
node_cons: 30215.404060000055
tot_aggregated_send: 20996
tot_msg_rcv: 329
tot_msg_sent: 807
tot_reconf_duration: 5.57
tot_sleeping_duration: 1447209.487
tot_uptimes: 377
tot_uptimes_duration: 22560.0
