comms_cons: 145.196364797743
finished_reconf: true
global_termination_time: 1470261.924
local_termination_time: 452043.71736
node_cons: 30214.76580000002
tot_aggregated_send: 21402
tot_msg_rcv: 265
tot_msg_sent: 402
tot_reconf_duration: 5.1
tot_sleeping_duration: 1447701.924
tot_uptimes: 377
tot_uptimes_duration: 22560.0
