comms_cons: 145.28862079583806
finished_reconf: true
global_termination_time: 1471516.828
local_termination_time: 564585.0403599999
node_cons: 30224.991540000054
tot_aggregated_send: 21170
tot_msg_rcv: 286
tot_msg_sent: 627
tot_reconf_duration: 12.629999999999999
tot_sleeping_duration: 1448956.828
tot_uptimes: 377
tot_uptimes_duration: 22560.0
