comms_cons: 23.973632000147234
finished_reconf: true
global_termination_time: 244015.284
local_termination_time: 209468.31056000068
node_cons: 5005.809179999994
tot_aggregated_send: 3422
tot_msg_rcv: 63
tot_msg_sent: 158
tot_reconf_duration: 18.21
tot_sleeping_duration: 240295.284
tot_uptimes: 63
tot_uptimes_duration: 3720.0
