comms_cons: 88.7997439961886
finished_reconf: true
global_termination_time: 875224.41
local_termination_time: 197241.73736000006
node_cons: 18014.11813008372
tot_aggregated_send: 11484
tot_msg_rcv: 605
tot_msg_sent: 1407
tot_reconf_duration: 13.17
tot_sleeping_duration: 861784.3552799973
tot_uptimes: 225
tot_uptimes_duration: 13440.05472000275
