comms_cons: 89.02440959530404
finished_reconf: true
global_termination_time: 874185.363
local_termination_time: 565369.4751999986
node_cons: 17936.35566223827
tot_aggregated_send: 11948
tot_msg_rcv: 608
tot_msg_sent: 976
tot_reconf_duration: 15.110000000000001
tot_sleeping_duration: 860805.3508400014
tot_uptimes: 224
tot_uptimes_duration: 13380.012159998703
