comms_cons: 88.00400639615178
finished_reconf: true
global_termination_time: 873847.0155599986
local_termination_time: 252018.151600001
node_cons: 18010.41607247772
tot_aggregated_send: 12006
tot_msg_rcv: 401
tot_msg_sent: 969
tot_reconf_duration: 11.31
tot_sleeping_duration: 860407.8392400002
tot_uptimes: 224
tot_uptimes_duration: 13439.176319998282
