comms_cons: 105.65664641252305
finished_reconf: true
global_termination_time: 459259.1351600003
local_termination_time: 459259.0940400003
node_cons: 9484.74302665394
tot_aggregated_send: 0
tot_msg_rcv: 9190
tot_msg_sent: 6877
tot_reconf_duration: 37.410000000000004
tot_sleeping_duration: 452213.6233999899
tot_uptimes: 118
tot_uptimes_duration: 7045.511760010397
