comms_cons: 46.060979200406116
finished_reconf: true
global_termination_time: 462782.915
local_termination_time: 44204.58536000001
node_cons: 9487.045800000009
tot_aggregated_send: 6496
tot_msg_rcv: 161
tot_msg_sent: 344
tot_reconf_duration: 5.1
tot_sleeping_duration: 455702.915
tot_uptimes: 119
tot_uptimes_duration: 7080.0
