comms_cons: 45.75959040015554
finished_reconf: true
global_termination_time: 464243.292
local_termination_time: 192152.077
node_cons: 9486.355881761383
tot_aggregated_send: 6610
tot_msg_rcv: 113
tot_msg_sent: 233
tot_reconf_duration: 3.05
tot_sleeping_duration: 457161.72815999895
tot_uptimes: 119
tot_uptimes_duration: 7081.563840001036
