comms_cons: 2.2698239999924996
finished_reconf: true
global_termination_time: 13893.673
local_termination_time: 7949.14736
node_cons: 253.39137999999957
tot_aggregated_send: 0
tot_msg_rcv: 179
tot_msg_sent: 166
tot_reconf_duration: 9.11
tot_sleeping_duration: 13713.673
tot_uptimes: 4
tot_uptimes_duration: 180.0
