comms_cons: 444.8690174120586
finished_reconf: true
global_termination_time: 918376.0865999998
local_termination_time: 918376.0454799999
node_cons: 55896.69151967914
tot_aggregated_send: 0
tot_msg_rcv: 27324
tot_msg_sent: 40291
tot_reconf_duration: 37.410000000000004
tot_sleeping_duration: 876668.9254799999
tot_uptimes: 685
tot_uptimes_duration: 41707.16112000002
