comms_cons: 91.8061567960704
finished_reconf: true
global_termination_time: 918769.104
local_termination_time: 422354.3396400004
node_cons: 18887.472201121465
tot_aggregated_send: 12992
tot_msg_rcv: 329
tot_msg_sent: 633
tot_reconf_duration: 5.57
tot_sleeping_duration: 904669.097919999
tot_uptimes: 236
tot_uptimes_duration: 14100.006080001069
