comms_cons: 90.72514559829266
finished_reconf: true
global_termination_time: 918399.59
local_termination_time: 496564.7643600001
node_cons: 18897.051540000037
tot_aggregated_send: 13282
tot_msg_rcv: 171
tot_msg_sent: 337
tot_reconf_duration: 12.629999999999999
tot_sleeping_duration: 904299.59
tot_uptimes: 236
tot_uptimes_duration: 14100.0
