comms_cons: 98.01720319038691
finished_reconf: true
global_termination_time: 919133.645
local_termination_time: 41182.39724000011
node_cons: 18885.983736783568
tot_aggregated_send: 11484
tot_msg_rcv: 1249
tot_msg_sent: 2166
tot_reconf_duration: 4.390000000000001
tot_sleeping_duration: 905033.5538000123
tot_uptimes: 236
tot_uptimes_duration: 14100.091199987706
