comms_cons: 229.8778751888391
finished_reconf: true
global_termination_time: 2292294.936
local_termination_time: 355502.9411200005
node_cons: 47170.25654782186
tot_aggregated_send: 32248
tot_msg_rcv: 905
tot_msg_sent: 1788
tot_reconf_duration: 7.819999999999999
tot_sleeping_duration: 2257074.8934400133
tot_uptimes: 588
tot_uptimes_duration: 35220.042559986876
