comms_cons: 153.97301759310582
finished_reconf: true
global_termination_time: 1553538.108
local_termination_time: 294688.1993600005
node_cons: 31901.905800000022
tot_aggregated_send: 22214
tot_msg_rcv: 381
tot_msg_sent: 808
tot_reconf_duration: 5.1
tot_sleeping_duration: 1529718.108
tot_uptimes: 398
tot_uptimes_duration: 23820.0
