comms_cons: 157.0473727876417
finished_reconf: true
global_termination_time: 1552026.754
local_termination_time: 119233.79759999969
node_cons: 31905.656547827082
tot_aggregated_send: 21054
tot_msg_rcv: 838
tot_msg_sent: 1978
tot_reconf_duration: 7.819999999999999
tot_sleeping_duration: 1528206.7114400098
tot_uptimes: 398
tot_uptimes_duration: 23820.04255999031
