comms_cons: 45.664083202341985
finished_reconf: true
global_termination_time: 415002.3024800001
local_termination_time: 415002.26136000006
node_cons: 8567.905635539302
tot_aggregated_send: 4336
tot_msg_rcv: 765
tot_msg_sent: 1843
tot_reconf_duration: 24.59
tot_sleeping_duration: 408628.50679998565
tot_uptimes: 107
tot_uptimes_duration: 6373.795680014402
