comms_cons: 37.79092480066183
finished_reconf: true
global_termination_time: 368425.122
local_termination_time: 182809.64036000005
node_cons: 7558.500121121437
tot_aggregated_send: 5046
tot_msg_rcv: 295
tot_msg_sent: 403
tot_reconf_duration: 4.8100000000000005
tot_sleeping_duration: 362785.1159199989
tot_uptimes: 95
tot_uptimes_duration: 5640.006080001069
