comms_cons: 37.04089600045999
finished_reconf: true
global_termination_time: 370242.396
local_termination_time: 276042.7886000005
node_cons: 7560.414901121402
tot_aggregated_send: 5046
tot_msg_rcv: 182
tot_msg_sent: 402
tot_reconf_duration: 6.22
tot_sleeping_duration: 364602.38991999894
tot_uptimes: 95
tot_uptimes_duration: 5640.006080001069
