comms_cons: 228.8508927314507
finished_reconf: true
global_termination_time: 782717.707
local_termination_time: 147732.90248000008
node_cons: 32111.290622000128
tot_aggregated_send: 0
tot_msg_rcv: 11643
tot_msg_sent: 23141
tot_reconf_duration: 18.21
tot_sleeping_duration: 758754.629
tot_uptimes: 396
tot_uptimes_duration: 23963.078000000067
