comms_cons: 77.21349120052157
finished_reconf: true
global_termination_time: 782795.544
local_termination_time: 463855.90536000003
node_cons: 16083.35898000002
tot_aggregated_send: 11310
tot_msg_rcv: 146
tot_msg_sent: 280
tot_reconf_duration: 11.31
tot_sleeping_duration: 770795.544
tot_uptimes: 201
tot_uptimes_duration: 12000.0
