comms_cons: 214.3371775767645
finished_reconf: true
global_termination_time: 2135588.893
local_termination_time: 619169.6388399997
node_cons: 43951.97418446692
tot_aggregated_send: 28942
tot_msg_rcv: 1195
tot_msg_sent: 2441
tot_reconf_duration: 4.390000000000001
tot_sleeping_duration: 2102768.8686800096
tot_uptimes: 547
tot_uptimes_duration: 32820.02431999054
