comms_cons: 75.55553279712004
finished_reconf: true
global_termination_time: 744202.654
local_termination_time: 425909.41436000005
node_cons: 15273.144522233648
tot_aggregated_send: 10092
tot_msg_rcv: 467
tot_msg_sent: 925
tot_reconf_duration: 6.279999999999999
tot_sleeping_duration: 732802.6418400047
tot_uptimes: 191
tot_uptimes_duration: 11400.012159995269
