comms_cons: 75.87258879490227
finished_reconf: true
global_termination_time: 745237.326
local_termination_time: 509960.659
node_cons: 15287.233821662167
tot_aggregated_send: 9915
tot_msg_rcv: 520
tot_msg_sent: 1097
tot_reconf_duration: 15.110000000000001
tot_sleeping_duration: 733835.7468800134
tot_uptimes: 191
tot_uptimes_duration: 11401.57911998668
