comms_cons: 75.30949119829813
finished_reconf: true
global_termination_time: 746171.53
local_termination_time: 500218.4198000002
node_cons: 15361.108341116807
tot_aggregated_send: 10440
tot_msg_rcv: 375
tot_msg_sent: 632
tot_reconf_duration: 11.899999999999999
tot_sleeping_duration: 734711.5239200024
tot_uptimes: 192
tot_uptimes_duration: 11460.006079997635
