comms_cons: 76.89431679567693
finished_reconf: true
global_termination_time: 746228.758
local_termination_time: 455716.74328000034
node_cons: 15355.592124471958
tot_aggregated_send: 9860
tot_msg_rcv: 610
tot_msg_sent: 1217
tot_reconf_duration: 7.819999999999999
tot_sleeping_duration: 734768.7336800061
tot_uptimes: 192
tot_uptimes_duration: 11460.024319993972
