comms_cons: 152.99511677924457
finished_reconf: true
global_termination_time: 1506706.622
local_termination_time: 227916.70420000065
node_cons: 30937.48896782247
tot_aggregated_send: 20184
tot_msg_rcv: 1021
tot_msg_sent: 2048
tot_reconf_duration: 4.8100000000000005
tot_sleeping_duration: 1483606.5794400133
tot_uptimes: 386
tot_uptimes_duration: 23100.042559986876
