comms_cons: 148.52370559464654
finished_reconf: true
global_termination_time: 1502459.606
local_termination_time: 711336.07636
node_cons: 30854.701900000113
tot_aggregated_send: 21402
tot_msg_rcv: 418
tot_msg_sent: 754
tot_reconf_duration: 3.05
tot_sleeping_duration: 1479419.606
tot_uptimes: 385
tot_uptimes_duration: 23040.0
