comms_cons: 437.435628483466
finished_reconf: true
global_termination_time: 1501750.3515999997
local_termination_time: 1501750.3104799998
node_cons: 61306.453130398506
tot_aggregated_send: 0
tot_msg_rcv: 22278
tot_msg_sent: 44209
tot_reconf_duration: 24.59
tot_sleeping_duration: 1455990.038
tot_uptimes: 759
tot_uptimes_duration: 45760.31359999975
