comms_cons: 270.9446144141521
finished_reconf: true
global_termination_time: 2808686.508
local_termination_time: 4361.630999999999
node_cons: 57879.24158223295
tot_aggregated_send: 39415
tot_msg_rcv: 574
tot_msg_sent: 1193
tot_reconf_duration: 25.35
tot_sleeping_duration: 2765486.4958400046
tot_uptimes: 720
tot_uptimes_duration: 43200.0121599955
