comms_cons: 128.80162559307834
finished_reconf: true
global_termination_time: 1312780.679
local_termination_time: 169823.32299999997
node_cons: 27004.9084067148
tot_aggregated_send: 17914
tot_msg_rcv: 494
tot_msg_sent: 1169
tot_reconf_duration: 7.819999999999999
tot_sleeping_duration: 1292620.642520004
tot_uptimes: 337
tot_uptimes_duration: 20160.03647999611
