comms_cons: 463.887142457241
finished_reconf: true
global_termination_time: 4605899.876119996
local_termination_time: 145377.22740000038
node_cons: 94777.02467532785
tot_aggregated_send: 64264
tot_msg_rcv: 2196
tot_msg_sent: 4048
tot_reconf_duration: 25.299999999999997
tot_sleeping_duration: 4535143.5898800185
tot_uptimes: 1180
tot_uptimes_duration: 70756.28623997793
