comms_cons: 457.95304963859303
finished_reconf: true
global_termination_time: 4609083.507
local_termination_time: 1549466.6133599998
node_cons: 94814.04934781602
tot_aggregated_send: 65192
tot_msg_rcv: 1597
tot_msg_sent: 2818
tot_reconf_duration: 9.42
tot_sleeping_duration: 4538283.464440016
tot_uptimes: 1181
tot_uptimes_duration: 70800.04255998414
