comms_cons: 463.56448009945154
finished_reconf: true
global_termination_time: 4607383.178
local_termination_time: 399258.12188000046
node_cons: 94741.78127228872
tot_aggregated_send: 64264
tot_msg_rcv: 2079
tot_msg_sent: 4117
tot_reconf_duration: 15.34
tot_sleeping_duration: 4536643.111120022
tot_uptimes: 1180
tot_uptimes_duration: 70740.06687997858
