comms_cons: 46.211148801015455
finished_reconf: true
global_termination_time: 454735.498
local_termination_time: 96757.70371999995
node_cons: 9330.059560000022
tot_aggregated_send: 6206
tot_msg_rcv: 299
tot_msg_sent: 518
tot_reconf_duration: 7.819999999999999
tot_sleeping_duration: 447775.498
tot_uptimes: 117
tot_uptimes_duration: 6960.0
