comms_cons: 534.9083521198845
finished_reconf: true
global_termination_time: 5320086.992
local_termination_time: 61978.259640000084
node_cons: 109430.74175340457
tot_aggregated_send: 74530
tot_msg_rcv: 2299
tot_msg_sent: 4473
tot_reconf_duration: 5.57
tot_sleeping_duration: 5238366.919040023
tot_uptimes: 1363
tot_uptimes_duration: 81720.07295997598
