comms_cons: 526.732531282579
finished_reconf: true
global_termination_time: 5319941.21
local_termination_time: 3160643.401279999
node_cons: 109437.96638223024
tot_aggregated_send: 73080
tot_msg_rcv: 2341
tot_msg_sent: 4638
tot_reconf_duration: 10.95
tot_sleeping_duration: 5238221.197840004
tot_uptimes: 1363
tot_uptimes_duration: 81720.01215999544
