comms_cons: 9.250982400106036
finished_reconf: true
global_termination_time: 93029.288
local_termination_time: 29706.22936
node_cons: 1865.7292833608758
tot_aggregated_send: 696
tot_msg_rcv: 304
tot_msg_sent: 406
tot_reconf_duration: 13.17
tot_sleeping_duration: 91649.26975999934
tot_uptimes: 24
tot_uptimes_duration: 1380.0182400006524
