comms_cons: 638.5212731780381
finished_reconf: true
global_termination_time: 1318423.02712
local_termination_time: 1318422.986
node_cons: 80289.8446010569
tot_aggregated_send: 0
tot_msg_rcv: 39136
tot_msg_sent: 57916
tot_reconf_duration: 24.59
tot_sleeping_duration: 1258485.4234000158
tot_uptimes: 986
tot_uptimes_duration: 59937.603719984145
