comms_cons: 134.12357119248838
finished_reconf: true
global_termination_time: 1322238.563
local_termination_time: 635535.2133599999
node_cons: 27163.383042233825
tot_aggregated_send: 18212
tot_msg_rcv: 783
tot_msg_sent: 1391
tot_reconf_duration: 6.22
tot_sleeping_duration: 1301958.5508400048
tot_uptimes: 339
tot_uptimes_duration: 20280.01215999527
