comms_cons: 36.283315200697515
finished_reconf: true
global_termination_time: 187074.582
local_termination_time: 3169.3163600000003
node_cons: 3781.9497611191537
tot_aggregated_send: 0
tot_msg_rcv: 2789
tot_msg_sent: 2725
tot_reconf_duration: 4.390000000000001
tot_sleeping_duration: 184254.5759200006
tot_uptimes: 48
tot_uptimes_duration: 2820.006079999366
