comms_cons: 158.87720960396058
finished_reconf: true
global_termination_time: 183658.33376000088
local_termination_time: 183658.29264000087
node_cons: 18295.82215383981
tot_aggregated_send: 0
tot_msg_rcv: 10972
tot_msg_sent: 13175
tot_reconf_duration: 24.59
tot_sleeping_duration: 170019.47720000104
tot_uptimes: 221
tot_uptimes_duration: 13638.856559999833
