comms_cons: 18.16517119986488
finished_reconf: true
global_termination_time: 185016.731
local_termination_time: 116548.80959999995
node_cons: 3786.5995600000115
tot_aggregated_send: 2610
tot_msg_rcv: 42
tot_msg_sent: 109
tot_reconf_duration: 7.819999999999999
tot_sleeping_duration: 182196.731
tot_uptimes: 48
tot_uptimes_duration: 2820.0
