comms_cons: 673.3401984806462
finished_reconf: true
global_termination_time: 6796029.08348
local_termination_time: 6796029.042359999
node_cons: 139860.78564319175
tot_aggregated_send: 98052
tot_msg_rcv: 1438
tot_msg_sent: 2852
tot_reconf_duration: 37.410000000000004
tot_sleeping_duration: 6691615.354680003
tot_uptimes: 1741
tot_uptimes_duration: 104413.72879999748
