comms_cons: 678.7763137778239
finished_reconf: true
global_termination_time: 6797618.69
local_termination_time: 2440713.7933599995
node_cons: 139812.50499004946
tot_aggregated_send: 93786
tot_msg_rcv: 3157
tot_msg_sent: 6225
tot_reconf_duration: 15.34
tot_sleeping_duration: 6693218.63528002
tot_uptimes: 1741
tot_uptimes_duration: 104400.05471998078
