comms_cons: 1175.8233182494844
finished_reconf: true
global_termination_time: 6797121.016
local_termination_time: 2554398.5753599987
node_cons: 139800.19336893293
tot_aggregated_send: 0
tot_msg_rcv: 90144
tot_msg_sent: 88574
tot_reconf_duration: 6.279999999999999
tot_sleeping_duration: 6692720.967360017
tot_uptimes: 1741
tot_uptimes_duration: 104400.04863998294
