comms_cons: 2889.897261917689
finished_reconf: true
global_termination_time: 6797047.783
local_termination_time: 2554398.8342399984
node_cons: 413783.16138286685
tot_aggregated_send: 0
tot_msg_rcv: 177200
tot_msg_sent: 262049
tot_reconf_duration: 5.57
tot_sleeping_duration: 6488029.413080038
tot_uptimes: 5071
tot_uptimes_duration: 309018.36991996225
