comms_cons: 670.7362817013167
finished_reconf: true
global_termination_time: 6797594.823
local_termination_time: 4589826.936359999
node_cons: 139817.00274111156
tot_aggregated_send: 94018
tot_msg_rcv: 2720
tot_msg_sent: 5210
tot_reconf_duration: 18.700000000000003
tot_sleeping_duration: 6693194.816920002
tot_uptimes: 1741
tot_uptimes_duration: 104400.00607999787
