comms_cons: 682.1562625657183
finished_reconf: true
global_termination_time: 6797380.188
local_termination_time: 533258.132119998
node_cons: 139797.66745452103
tot_aggregated_send: 94830
tot_msg_rcv: 2963
tot_msg_sent: 5890
tot_reconf_duration: 4.390000000000001
tot_sleeping_duration: 6692980.108960026
tot_uptimes: 1741
tot_uptimes_duration: 104400.07903997431
