comms_cons: 679.036960165818
finished_reconf: true
global_termination_time: 6797316.773
local_termination_time: 2288634.28
node_cons: 139801.4327724473
tot_aggregated_send: 94016
tot_msg_rcv: 3036
tot_msg_sent: 6158
tot_reconf_duration: 5.43
tot_sleeping_duration: 6692914.936680021
tot_uptimes: 1741
tot_uptimes_duration: 104401.83631997881
