comms_cons: 188.6121920112733
finished_reconf: true
global_termination_time: 257195.887
local_termination_time: 31811.0796
node_cons: 25821.924200204063
tot_aggregated_send: 0
tot_msg_rcv: 12956
tot_msg_sent: 15712
tot_reconf_duration: 4.390000000000001
tot_sleeping_duration: 237915.85519999696
tot_uptimes: 313
tot_uptimes_duration: 19280.03180000301
