comms_cons: 25.783884800277438
finished_reconf: true
global_termination_time: 258147.234
local_termination_time: 156324.1279600006
node_cons: 5317.798980000001
tot_aggregated_send: 3654
tot_msg_rcv: 100
tot_msg_sent: 165
tot_reconf_duration: 11.31
tot_sleeping_duration: 254187.234
tot_uptimes: 67
tot_uptimes_duration: 3960.0
