comms_cons: 241.6668287942379
finished_reconf: true
global_termination_time: 2457966.063
local_termination_time: 1282349.9653599998
node_cons: 50551.75300111601
tot_aggregated_send: 35438
tot_msg_rcv: 374
tot_msg_sent: 920
tot_reconf_duration: 13.17
tot_sleeping_duration: 2420226.0569200027
tot_uptimes: 630
tot_uptimes_duration: 37740.006079997635
