comms_cons: 365.2556029075188
finished_reconf: true
global_termination_time: 2457012.059
local_termination_time: 768167.3053599999
node_cons: 50540.40012111619
tot_aggregated_send: 0
tot_msg_rcv: 28069
tot_msg_sent: 27451
tot_reconf_duration: 4.8100000000000005
tot_sleeping_duration: 2419272.0529200025
tot_uptimes: 630
tot_uptimes_duration: 37740.006079997635
