comms_cons: 239.11291517865018
finished_reconf: true
global_termination_time: 2458350.742
local_termination_time: 978877.5839999999
node_cons: 50556.60016989409
tot_aggregated_send: 32235
tot_msg_rcv: 1203
tot_msg_sent: 2905
tot_reconf_duration: 15.34
tot_sleeping_duration: 2420609.3167200186
tot_uptimes: 630
tot_uptimes_duration: 37741.425279981224
