comms_cons: 76.94136319504258
finished_reconf: true
global_termination_time: 739100.1542400001
local_termination_time: 92142.37519999963
node_cons: 15211.67946279886
tot_aggregated_send: 9280
tot_msg_rcv: 730
tot_msg_sent: 1683
tot_reconf_duration: 5.1
tot_sleeping_duration: 727744.8490400009
tot_uptimes: 190
tot_uptimes_duration: 11355.30519999913
