comms_cons: 77.51676159680834
finished_reconf: true
global_termination_time: 742887.219
local_termination_time: 197716.94556000025
node_cons: 15277.012085597999
tot_aggregated_send: 9744
tot_msg_rcv: 762
tot_msg_sent: 1277
tot_reconf_duration: 9.11
tot_sleeping_duration: 731487.1886000015
tot_uptimes: 191
tot_uptimes_duration: 11400.030399998475
