comms_cons: 74.58366719865619
finished_reconf: true
global_termination_time: 739939.011
local_termination_time: 451679.70936000004
node_cons: 15197.060501116834
tot_aggregated_send: 10208
tot_msg_rcv: 379
tot_msg_sent: 749
tot_reconf_duration: 9.42
tot_sleeping_duration: 728599.0049200024
tot_uptimes: 190
tot_uptimes_duration: 11340.006079997635
