comms_cons: 75.36111359731655
finished_reconf: true
global_termination_time: 740098.773
local_termination_time: 434702.93340000085
node_cons: 15201.452245584189
tot_aggregated_send: 9976
tot_msg_rcv: 496
tot_msg_sent: 983
tot_reconf_duration: 12.629999999999999
tot_sleeping_duration: 728758.7426000119
tot_uptimes: 190
tot_uptimes_duration: 11340.030399988173
