comms_cons: 76.46809599723758
finished_reconf: true
global_termination_time: 740792.501
local_termination_time: 345795.19548000005
node_cons: 15191.690927840827
tot_aggregated_send: 9454
tot_msg_rcv: 764
tot_msg_sent: 1405
tot_reconf_duration: 5.43
tot_sleeping_duration: 729452.4584399995
tot_uptimes: 190
tot_uptimes_duration: 11340.042560000613
