comms_cons: 73.63343359687681
finished_reconf: true
global_termination_time: 740174.154
local_termination_time: 29145.629480000003
node_cons: 15190.800121119175
tot_aggregated_send: 10556
tot_msg_rcv: 233
tot_msg_sent: 402
tot_reconf_duration: 4.8100000000000005
tot_sleeping_duration: 728834.1479200006
tot_uptimes: 190
tot_uptimes_duration: 11340.006079999366
