comms_cons: 75.98318080955022
finished_reconf: true
global_termination_time: 410878.76624000055
local_termination_time: 44568.16548000002
node_cons: 8518.882392725047
tot_aggregated_send: 0
tot_msg_rcv: 5864
tot_msg_sent: 5684
tot_reconf_duration: 4.390000000000001
tot_sleeping_duration: 404521.0957599968
tot_uptimes: 106
tot_uptimes_duration: 6357.670480003755
