comms_cons: 41.50828160038738
finished_reconf: true
global_termination_time: 411440.859
local_termination_time: 11358.575880000004
node_cons: 8444.15490112144
tot_aggregated_send: 5684
tot_msg_rcv: 222
tot_msg_sent: 403
tot_reconf_duration: 6.22
tot_sleeping_duration: 405140.8529199989
tot_uptimes: 106
tot_uptimes_duration: 6300.006080001069
