comms_cons: 213.24784639345677
finished_reconf: true
global_termination_time: 2162737.204
local_termination_time: 1581117.2843599997
node_cons: 44445.91300111628
tot_aggregated_send: 30682
tot_msg_rcv: 579
tot_msg_sent: 1151
tot_reconf_duration: 13.17
tot_sleeping_duration: 2129557.1979200025
tot_uptimes: 554
tot_uptimes_duration: 33180.006079997635
