comms_cons: 12.69127679993289
finished_reconf: true
global_termination_time: 130892.14235999991
local_termination_time: 104144.956
node_cons: 2709.550745279274
tot_aggregated_send: 1854
tot_msg_rcv: 29
tot_msg_sent: 46
tot_reconf_duration: 22.65
tot_sleeping_duration: 128891.55084000046
tot_uptimes: 34
tot_uptimes_duration: 2000.5915199994488
