comms_cons: 152.38902398703755
finished_reconf: true
global_termination_time: 1543193.379
local_termination_time: 5951.001
node_cons: 31741.239276784723
tot_aggregated_send: 19947
tot_msg_rcv: 1179
tot_msg_sent: 2035
tot_reconf_duration: 5.02
tot_sleeping_duration: 1519493.2878000115
tot_uptimes: 396
tot_uptimes_duration: 23700.091199988557
