comms_cons: 150.9203647932999
finished_reconf: true
global_termination_time: 1545587.856
local_termination_time: 6205.594
node_cons: 31766.872912308274
tot_aggregated_send: 20915
tot_msg_rcv: 721
tot_msg_sent: 1303
tot_reconf_duration: 23.919999999999998
tot_sleeping_duration: 1521887.7891200087
tot_uptimes: 396
tot_uptimes_duration: 23700.06687999121
