comms_cons: 149.36451199005705
finished_reconf: true
global_termination_time: 1542645.775
local_termination_time: 6316.8460000000005
node_cons: 31739.501071191364
tot_aggregated_send: 20587
tot_msg_rcv: 678
tot_msg_sent: 1438
tot_reconf_duration: 3.77
tot_sleeping_duration: 1518945.7142000063
tot_uptimes: 396
tot_uptimes_duration: 23700.060799993516
