comms_cons: 91.09560319800003
finished_reconf: true
global_termination_time: 907603.931
local_termination_time: 240023.72296000013
node_cons: 18647.33490111686
tot_aggregated_send: 12644
tot_msg_rcv: 422
tot_msg_sent: 780
tot_reconf_duration: 6.22
tot_sleeping_duration: 893683.9249200023
tot_uptimes: 233
tot_uptimes_duration: 13920.006079997635
