comms_cons: 129.3937535926418
finished_reconf: true
global_termination_time: 1279480.343
local_termination_time: 607688.8233599999
node_cons: 26301.963123350568
tot_aggregated_send: 16994
tot_msg_rcv: 996
tot_msg_sent: 1678
tot_reconf_duration: 22.65
tot_sleeping_duration: 1259860.3247600072
tot_uptimes: 328
tot_uptimes_duration: 19620.018239992904
