comms_cons: 127.12932479663431
finished_reconf: true
global_termination_time: 1279104.78
local_termination_time: 761023.8025999989
node_cons: 26275.321900000105
tot_aggregated_send: 18096
tot_msg_rcv: 445
tot_msg_sent: 781
tot_reconf_duration: 3.05
tot_sleeping_duration: 1259484.78
tot_uptimes: 328
tot_uptimes_duration: 19620.0
