comms_cons: 249.9424894398322
finished_reconf: true
global_termination_time: 1276427.1186
local_termination_time: 2924.1616000000004
node_cons: 26219.858191916737
tot_aggregated_send: 0
tot_msg_rcv: 19072
tot_msg_sent: 18916
tot_reconf_duration: 6.22
tot_sleeping_duration: 1256851.7553200023
tot_uptimes: 327
tot_uptimes_duration: 19575.36327999753
