comms_cons: 382.7869184153883
finished_reconf: true
global_termination_time: 3865537.788
local_termination_time: 1102458.2853599999
node_cons: 79477.11614334896
tot_aggregated_send: 53998
tot_msg_rcv: 1321
tot_msg_sent: 2861
tot_reconf_duration: 15.34
tot_sleeping_duration: 3806197.769760007
tot_uptimes: 990
tot_uptimes_duration: 59340.01823999314
