comms_cons: 275.03029760031194
finished_reconf: true
global_termination_time: 2769556.182
local_termination_time: 351728.1383600001
node_cons: 56972.046219999
tot_aggregated_send: 39324
tot_msg_rcv: 744
tot_msg_sent: 1735
tot_reconf_duration: 8.09
tot_sleeping_duration: 2727016.182
tot_uptimes: 710
tot_uptimes_duration: 42539.99999999997
