comms_cons: 283.88632323026263
finished_reconf: true
global_termination_time: 2766928.697
local_termination_time: 611372.7493599999
node_cons: 56884.95145228486
tot_aggregated_send: 37062
tot_msg_rcv: 2240
tot_msg_sent: 3848
tot_reconf_duration: 3.05
tot_sleeping_duration: 2724448.6301200255
tot_uptimes: 709
tot_uptimes_duration: 42480.066879974445
