comms_cons: 271.50510078114513
finished_reconf: true
global_termination_time: 2767420.397
local_termination_time: 983302.3548399988
node_cons: 56889.20746558329
tot_aggregated_send: 37410
tot_msg_rcv: 1164
tot_msg_sent: 2694
tot_reconf_duration: 6.22
tot_sleeping_duration: 2724940.3666000115
tot_uptimes: 709
tot_uptimes_duration: 42480.03039998817
