comms_cons: 56.61962240523808
finished_reconf: true
global_termination_time: 329764.832
local_termination_time: 24939.72036
node_cons: 6773.297321121437
tot_aggregated_send: 0
tot_msg_rcv: 4339
tot_msg_sent: 4266
tot_reconf_duration: 18.21
tot_sleeping_duration: 324724.8259199989
tot_uptimes: 85
tot_uptimes_duration: 5040.006080001069
