comms_cons: 247.996396822164
finished_reconf: true
global_termination_time: 326905.3200000003
local_termination_time: 20131.923320000005
node_cons: 32687.265406569288
tot_aggregated_send: 0
tot_msg_rcv: 17035
tot_msg_sent: 20659
tot_reconf_duration: 4.390000000000001
tot_sleeping_duration: 302498.0729599934
tot_uptimes: 397
tot_uptimes_duration: 24407.2470400069
