comms_cons: 56.61962240511766
finished_reconf: true
global_termination_time: 330798.165
local_termination_time: 20601.015360000005
node_cons: 6752.701900000011
tot_aggregated_send: 0
tot_msg_rcv: 4370
tot_msg_sent: 4235
tot_reconf_duration: 3.05
tot_sleeping_duration: 325758.165
tot_uptimes: 85
tot_uptimes_duration: 5040.0
