comms_cons: 84.93531520849469
finished_reconf: true
global_termination_time: 370405.2226000002
local_termination_time: 1795.1656000000025
node_cons: 7597.4538564200675
tot_aggregated_send: 0
tot_msg_rcv: 7376
tot_msg_sent: 5529
tot_reconf_duration: 18.21
tot_sleeping_duration: 364749.71499998524
tot_uptimes: 95
tot_uptimes_duration: 5655.507600014986
