comms_cons: 37.45664000036244
finished_reconf: true
global_termination_time: 372916.999
local_termination_time: 32852.26
node_cons: 7643.706882879173
tot_aggregated_send: 5159
tot_msg_rcv: 186
tot_msg_sent: 348
tot_reconf_duration: 5.57
tot_sleeping_duration: 367214.1290800007
tot_uptimes: 96
tot_uptimes_duration: 5702.869919999372
