comms_cons: 108.06791681184497
finished_reconf: true
global_termination_time: 370404.6226000001
local_termination_time: 370404.5814800001
node_cons: 15178.363628400157
tot_aggregated_send: 0
tot_msg_rcv: 5518
tot_msg_sent: 10906
tot_reconf_duration: 37.410000000000004
tot_sleeping_duration: 359106.967
tot_uptimes: 189
tot_uptimes_duration: 11297.655600000091
