comms_cons: 36.96194560040711
finished_reconf: true
global_termination_time: 374543.663
local_termination_time: 143211.38700000002
node_cons: 7668.5551754426615
tot_aggregated_send: 5334
tot_msg_rcv: 118
tot_msg_sent: 166
tot_reconf_duration: 18.700000000000003
tot_sleeping_duration: 368835.55203999806
tot_uptimes: 96
tot_uptimes_duration: 5708.11096000197
