comms_cons: 36.91589120015682
finished_reconf: true
global_termination_time: 373236.553
local_termination_time: 10310.416480000002
node_cons: 7647.17010000001
tot_aggregated_send: 5394
tot_msg_rcv: 111
tot_msg_sent: 106
tot_reconf_duration: 10.95
tot_sleeping_duration: 367536.553
tot_uptimes: 96
tot_uptimes_duration: 5700.0
