comms_cons: 109.0381376138512
finished_reconf: true
global_termination_time: 474053.95452000096
local_termination_time: 941.6324799999992
node_cons: 9824.416259036156
tot_aggregated_send: 0
tot_msg_rcv: 9414
tot_msg_sent: 7150
tot_reconf_duration: 18.21
tot_sleeping_duration: 466735.293519974
tot_uptimes: 122
tot_uptimes_duration: 7318.661000027001
