comms_cons: 47.01559040022547
finished_reconf: true
global_termination_time: 475898.269
local_termination_time: 19805.022600000004
node_cons: 9725.322640000015
tot_aggregated_send: 6786
tot_msg_rcv: 130
tot_msg_sent: 230
tot_reconf_duration: 3.08
tot_sleeping_duration: 468638.269
tot_uptimes: 122
tot_uptimes_duration: 7260.0
