comms_cons: 46.85048320029678
finished_reconf: true
global_termination_time: 474651.12
local_termination_time: 34001.28012000009
node_cons: 9746.534600000008
tot_aggregated_send: 6728
tot_msg_rcv: 120
tot_msg_sent: 273
tot_reconf_duration: 18.700000000000003
tot_sleeping_duration: 467391.12
tot_uptimes: 122
tot_uptimes_duration: 7260.0
