comms_cons: 1.2566272000028014
finished_reconf: true
global_termination_time: 4784.672
local_termination_time: 1045.4033600000002
node_cons: 92.71137999999986
tot_aggregated_send: 0
tot_msg_rcv: 136
tot_msg_sent: 54
tot_reconf_duration: 9.11
tot_sleeping_duration: 4724.672
tot_uptimes: 2
tot_uptimes_duration: 60.0
