comms_cons: 102.79999999522556
finished_reconf: true
global_termination_time: 1066170.549
local_termination_time: 4716.656
node_cons: 21942.450922236018
tot_aggregated_send: 14666
tot_msg_rcv: 298
tot_msg_sent: 661
tot_reconf_duration: 7.08
tot_sleeping_duration: 1049790.536840003
tot_uptimes: 274
tot_uptimes_duration: 16380.012159997
