comms_cons: 26.67865599998344
finished_reconf: true
global_termination_time: 264754.4462800009
local_termination_time: 110096.67935999998
node_cons: 5481.616617040354
tot_aggregated_send: 3654
tot_msg_rcv: 141
tot_msg_sent: 259
tot_reconf_duration: 18.21
tot_sleeping_duration: 260679.10092000064
tot_uptimes: 68
tot_uptimes_duration: 4075.345360000254
