comms_cons: 26.54049279992209
finished_reconf: true
global_termination_time: 268740.741
local_termination_time: 107207.93035999997
node_cons: 5469.0816200000045
tot_aggregated_send: 3770
tot_msg_rcv: 94
tot_msg_sent: 170
tot_reconf_duration: 4.390000000000001
tot_sleeping_duration: 264660.741
tot_uptimes: 69
tot_uptimes_duration: 4080.0
