comms_cons: 207.35664629361017
finished_reconf: true
global_termination_time: 1165911.106
local_termination_time: 353136.2286000001
node_cons: 23972.103123355162
tot_aggregated_send: 0
tot_msg_rcv: 16151
tot_msg_sent: 15366
tot_reconf_duration: 22.65
tot_sleeping_duration: 1148031.0877600035
tot_uptimes: 299
tot_uptimes_duration: 17880.018239996338
