comms_cons: 205.79118069383847
finished_reconf: true
global_termination_time: 1163361.761
local_termination_time: 355496.567
node_cons: 23870.89729335974
tot_aggregated_send: 0
tot_msg_rcv: 15899
tot_msg_sent: 15380
tot_reconf_duration: 4.8100000000000005
tot_sleeping_duration: 1145539.2327600003
tot_uptimes: 298
tot_uptimes_duration: 17822.52823999978
