comms_cons: 123.65537279347969
finished_reconf: true
global_termination_time: 621700.808
local_termination_time: 2583.78836
node_cons: 12781.018364483461
tot_aggregated_send: 0
tot_msg_rcv: 9558
tot_msg_sent: 9236
tot_reconf_duration: 5.1
tot_sleeping_duration: 612160.7836799974
tot_uptimes: 160
tot_uptimes_duration: 9540.024320002572
