comms_cons: 125.47391999259887
finished_reconf: true
global_termination_time: 623756.53
local_termination_time: 3426.7953600000005
node_cons: 12785.103207847753
tot_aggregated_send: 0
tot_msg_rcv: 9840
tot_msg_sent: 9229
tot_reconf_duration: 8.09
tot_sleeping_duration: 614216.4874399942
tot_uptimes: 160
tot_uptimes_duration: 9540.042560005779
