comms_cons: 63.69386239889855
finished_reconf: true
global_termination_time: 621673.778
local_termination_time: 246892.45776000043
node_cons: 12790.244623364302
tot_aggregated_send: 8236
tot_msg_rcv: 466
tot_msg_sent: 980
tot_reconf_duration: 11.899999999999999
tot_sleeping_duration: 612133.7597599969
tot_uptimes: 160
tot_uptimes_duration: 9540.018240003206
