comms_cons: 64.20625279745045
finished_reconf: true
global_termination_time: 621399.665
local_termination_time: 258740.29436000052
node_cons: 12780.070466719424
tot_aggregated_send: 8120
tot_msg_rcv: 534
tot_msg_sent: 1104
tot_reconf_duration: 4.390000000000001
tot_sleeping_duration: 611859.6285200005
tot_uptimes: 160
tot_uptimes_duration: 9540.036479999544
