comms_cons: 63.903609597306
finished_reconf: true
global_termination_time: 623315.623
local_termination_time: 217146.35336000004
node_cons: 12778.226323359695
tot_aggregated_send: 8294
tot_msg_rcv: 489
tot_msg_sent: 930
tot_reconf_duration: 3.05
tot_sleeping_duration: 613775.6047600002
tot_uptimes: 160
tot_uptimes_duration: 9540.018239999772
