comms_cons: 63.601062398886356
finished_reconf: true
global_termination_time: 621936.367
local_termination_time: 26754.870479999998
node_cons: 12782.571888955425
tot_aggregated_send: 8120
tot_msg_rcv: 439
tot_msg_sent: 1107
tot_reconf_duration: 6.22
tot_sleeping_duration: 612396.3183600033
tot_uptimes: 160
tot_uptimes_duration: 9540.048639996574
