comms_cons: 326.31484164076113
finished_reconf: true
global_termination_time: 3209354.981
local_termination_time: 1469897.2943599997
node_cons: 65989.92312334914
tot_aggregated_send: 43906
tot_msg_rcv: 1995
tot_msg_sent: 3696
tot_reconf_duration: 22.65
tot_sleeping_duration: 3160094.962760007
tot_uptimes: 822
tot_uptimes_duration: 49260.01823999302
