comms_cons: 140.69378557103497
finished_reconf: true
global_termination_time: 716634.336
local_termination_time: 3090.36936
node_cons: 14726.949180000021
tot_aggregated_send: 0
tot_msg_rcv: 10780
tot_msg_sent: 10604
tot_reconf_duration: 18.21
tot_sleeping_duration: 705654.336
tot_uptimes: 184
tot_uptimes_duration: 10980.0
