comms_cons: 72.16787199944834
finished_reconf: true
global_termination_time: 717241.278
local_termination_time: 44992.18072000002
node_cons: 14733.01126447654
tot_aggregated_send: 9976
tot_msg_rcv: 370
tot_msg_sent: 623
tot_reconf_duration: 22.65
tot_sleeping_duration: 706261.2536800026
tot_uptimes: 184
tot_uptimes_duration: 10980.024319997407
