comms_cons: 65.40382719997025
finished_reconf: true
global_termination_time: 654676.8364799998
local_termination_time: 654676.7953599999
node_cons: 13468.547942084111
tot_aggregated_send: 9048
tot_msg_rcv: 254
tot_msg_sent: 638
tot_reconf_duration: 24.59
tot_sleeping_duration: 644643.1137599967
tot_uptimes: 168
tot_uptimes_duration: 10033.722720003047
