comms_cons: 65.83210240053556
finished_reconf: true
global_termination_time: 657435.087
local_termination_time: 109829.33535999997
node_cons: 13521.86546224289
tot_aggregated_send: 9048
tot_msg_rcv: 274
tot_msg_sent: 685
tot_reconf_duration: 18.21
tot_sleeping_duration: 647355.0748399979
tot_uptimes: 169
tot_uptimes_duration: 10080.012160002138
