comms_cons: 98.58273281435307
finished_reconf: true
global_termination_time: 656479.825
local_termination_time: 266988.08284000016
node_cons: 13501.270041121514
tot_aggregated_send: 0
tot_msg_rcv: 7555
tot_msg_sent: 7429
tot_reconf_duration: 3.05
tot_sleeping_duration: 646399.818919999
tot_uptimes: 169
tot_uptimes_duration: 10080.006080001069
