comms_cons: 177.59780477948686
finished_reconf: true
global_termination_time: 1725182.34
local_termination_time: 369221.0735600002
node_cons: 35438.54151005596
tot_aggregated_send: 22968
tot_msg_rcv: 1406
tot_msg_sent: 2619
tot_reconf_duration: 6.279999999999999
tot_sleeping_duration: 1698722.2852800179
tot_uptimes: 442
tot_uptimes_duration: 26460.05471998213
