comms_cons: 171.65678719029603
finished_reconf: true
global_termination_time: 1721453.19
local_termination_time: 734403.1693999983
node_cons: 35368.122866714475
tot_aggregated_send: 24186
tot_msg_rcv: 582
tot_msg_sent: 1322
tot_reconf_duration: 13.17
tot_sleeping_duration: 1695052.7135200042
tot_uptimes: 441
tot_uptimes_duration: 26400.47647999588
