comms_cons: 170.77629439515204
finished_reconf: true
global_termination_time: 1724170.233
local_termination_time: 758179.2113599998
node_cons: 35434.12263999988
tot_aggregated_send: 24882
tot_msg_rcv: 381
tot_msg_sent: 694
tot_reconf_duration: 3.08
tot_sleeping_duration: 1697710.233
tot_uptimes: 442
tot_uptimes_duration: 26460.0
