comms_cons: 148.95764478092994
finished_reconf: true
global_termination_time: 1452864.074
local_termination_time: 396310.23980000074
node_cons: 29907.393131173005
tot_aggregated_send: 19430
tot_msg_rcv: 1064
tot_msg_sent: 2146
tot_reconf_duration: 15.34
tot_sleeping_duration: 1430544.0132000204
tot_uptimes: 373
tot_uptimes_duration: 22320.06079997978
