comms_cons: 147.60040959184198
finished_reconf: true
global_termination_time: 1454059.711
local_termination_time: 450578.46036
node_cons: 29895.048945584167
tot_aggregated_send: 20010
tot_msg_rcv: 853
tot_msg_sent: 1571
tot_reconf_duration: 6.279999999999999
tot_sleeping_duration: 1431739.6806000117
tot_uptimes: 373
tot_uptimes_duration: 22320.030399988173
