comms_cons: 144.42001919269018
finished_reconf: true
global_termination_time: 1454771.141
local_termination_time: 72102.0743999998
node_cons: 29893.405800000055
tot_aggregated_send: 20706
tot_msg_rcv: 379
tot_msg_sent: 866
tot_reconf_duration: 5.1
tot_sleeping_duration: 1432451.141
tot_uptimes: 373
tot_uptimes_duration: 22320.0
