comms_cons: 42.462156800167214
finished_reconf: true
global_termination_time: 426153.225
local_termination_time: 72582.62735999998
node_cons: 8777.891720000025
tot_aggregated_send: 6032
tot_msg_rcv: 146
tot_msg_sent: 276
tot_reconf_duration: 15.34
tot_sleeping_duration: 419613.225
tot_uptimes: 110
tot_uptimes_duration: 6540.0
