comms_cons: 41.34488320062204
finished_reconf: true
global_termination_time: 409574.016
local_termination_time: 21504.722480000004
node_cons: 8368.168642242874
tot_aggregated_send: 5568
tot_msg_rcv: 257
tot_msg_sent: 460
tot_reconf_duration: 9.42
tot_sleeping_duration: 403334.00383999787
tot_uptimes: 105
tot_uptimes_duration: 6240.0121600021375
