comms_cons: 252.86323199101625
finished_reconf: true
global_termination_time: 2525761.394
local_termination_time: 911122.3851199991
node_cons: 51906.188262232965
tot_aggregated_send: 35322
tot_msg_rcv: 1001
tot_msg_sent: 2110
tot_reconf_duration: 4.8100000000000005
tot_sleeping_duration: 2487001.3818400046
tot_uptimes: 647
tot_uptimes_duration: 38760.01215999527
