comms_cons: 113.170073593102
finished_reconf: true
global_termination_time: 1096059.1875999998
local_termination_time: 1096059.1464799999
node_cons: 22547.055566234565
tot_aggregated_send: 14660
tot_msg_rcv: 957
tot_msg_sent: 1585
tot_reconf_duration: 24.59
tot_sleeping_duration: 1079245.399440004
tot_uptimes: 281
tot_uptimes_duration: 16813.788159995907
