comms_cons: 108.66206719714121
finished_reconf: true
global_termination_time: 1099609.417
local_termination_time: 775953.7091599983
node_cons: 22584.068240000077
tot_aggregated_send: 15892
tot_msg_rcv: 223
tot_msg_sent: 401
tot_reconf_duration: 6.279999999999999
tot_sleeping_duration: 1082749.417
tot_uptimes: 282
tot_uptimes_duration: 16860.000000000004
