comms_cons: 320.8228734227457
finished_reconf: true
global_termination_time: 1096059.180999998
local_termination_time: 319135.1168400001
node_cons: 45022.9107569968
tot_aggregated_send: 0
tot_msg_rcv: 16286
tot_msg_sent: 32476
tot_reconf_duration: 13.17
tot_sleeping_duration: 1062448.2580000001
tot_uptimes: 559
tot_uptimes_duration: 33610.92299999797
