comms_cons: 107.71466239841698
finished_reconf: true
global_termination_time: 1099682.143
local_termination_time: 375494.62136000005
node_cons: 22582.922081116856
tot_aggregated_send: 16008
tot_msg_rcv: 79
tot_msg_sent: 285
tot_reconf_duration: 5.43
tot_sleeping_duration: 1082822.1369200023
tot_uptimes: 282
tot_uptimes_duration: 16860.006079997635
