comms_cons: 280.7537856126803
finished_reconf: true
global_termination_time: 2808160.251
local_termination_time: 7403.461
node_cons: 57850.212946700594
tot_aggregated_send: 39261
tot_msg_rcv: 1112
tot_msg_sent: 2300
tot_reconf_duration: 3.95
tot_sleeping_duration: 2764960.214520014
tot_uptimes: 720
tot_uptimes_duration: 43200.03647998627
