comms_cons: 284.3446016041725
finished_reconf: true
global_termination_time: 2808845.304
local_termination_time: 2535.61724
node_cons: 57860.81463173251
tot_aggregated_send: 38396
tot_msg_rcv: 1558
tot_msg_sent: 3264
tot_reconf_duration: 11.719999999999999
tot_sleeping_duration: 2765645.23016002
tot_uptimes: 720
tot_uptimes_duration: 43200.073839980236
