comms_cons: 170.79526393470826
finished_reconf: true
global_termination_time: 869430.6567199988
local_termination_time: 2222.0803600000004
node_cons: 17917.380302312158
tot_aggregated_send: 0
tot_msg_rcv: 13062
tot_msg_sent: 12895
tot_reconf_duration: 18.21
tot_sleeping_duration: 856067.9598400047
tot_uptimes: 223
tot_uptimes_duration: 13362.696879994124
