comms_cons: 171.9677567929201
finished_reconf: true
global_termination_time: 1738275.5694799998
local_termination_time: 1738275.5283599999
node_cons: 35803.05165983655
tot_aggregated_send: 25100
tot_msg_rcv: 333
tot_msg_sent: 705
tot_reconf_duration: 24.59
tot_sleeping_duration: 1711561.8589200024
tot_uptimes: 446
tot_uptimes_duration: 26713.710559997475
