comms_cons: 168.54594559782532
finished_reconf: true
global_termination_time: 1738327.756
local_termination_time: 1403309.4750399983
node_cons: 35846.99898
tot_aggregated_send: 25056
tot_msg_rcv: 168
tot_msg_sent: 394
tot_reconf_duration: 11.31
tot_sleeping_duration: 1711567.756
tot_uptimes: 446
tot_uptimes_duration: 26760.0
