comms_cons: 12.062502399921694
finished_reconf: true
global_termination_time: 84849.578
local_termination_time: 39766.66748000001
node_cons: 1695.7128019193012
tot_aggregated_send: 406
tot_msg_rcv: 606
tot_msg_sent: 821
tot_reconf_duration: 6.279999999999999
tot_sleeping_duration: 83589.54472000051
tot_uptimes: 22
tot_uptimes_duration: 1260.0332799994794
