comms_cons: 12.219686399934991
finished_reconf: true
global_termination_time: 84526.2
local_termination_time: 39766.557360000006
node_cons: 1694.098364478883
tot_aggregated_send: 464
tot_msg_rcv: 633
tot_msg_sent: 761
tot_reconf_duration: 5.1
tot_sleeping_duration: 83266.17568000083
tot_uptimes: 22
tot_uptimes_duration: 1260.0243199991673
