comms_cons: 128.32792319867312
finished_reconf: true
global_termination_time: 1318186.23
local_termination_time: 5728.283
node_cons: 27081.40530112148
tot_aggregated_send: 18961
tot_msg_rcv: 183
tot_msg_sent: 361
tot_reconf_duration: 5.02
tot_sleeping_duration: 1297966.2239199989
tot_uptimes: 338
tot_uptimes_duration: 20220.006080001072
