comms_cons: 128.24239360016782
finished_reconf: true
global_termination_time: 1323400.091
local_termination_time: 5566.016999999999
node_cons: 27167.706921119196
tot_aggregated_send: 19130
tot_msg_rcv: 123
tot_msg_sent: 239
tot_reconf_duration: 9.41
tot_sleeping_duration: 1303120.0849200008
tot_uptimes: 339
tot_uptimes_duration: 20280.006079999366
