comms_cons: 129.01811199900447
finished_reconf: true
global_termination_time: 1320336.164
local_termination_time: 6196.814
node_cons: 27169.255041121472
tot_aggregated_send: 19187
tot_msg_rcv: 127
tot_msg_sent: 296
tot_reconf_duration: 10.55
tot_sleeping_duration: 1300056.1579199992
tot_uptimes: 339
tot_uptimes_duration: 20280.00608000107
