comms_cons: 54.42519680367465
finished_reconf: true
global_termination_time: 242411.36980000025
local_termination_time: 242411.32868000024
node_cons: 5044.297141924371
tot_aggregated_send: 0
tot_msg_rcv: 4631
tot_msg_sent: 3639
tot_reconf_duration: 24.59
tot_sleeping_duration: 238669.096519997
tot_uptimes: 63
tot_uptimes_duration: 3742.2732800032536
