comms_cons: 9.91036159992202
finished_reconf: true
global_termination_time: 88959.313
local_termination_time: 36708.64696000013
node_cons: 1801.8455411202947
tot_aggregated_send: 812
tot_msg_rcv: 296
tot_msg_sent: 399
tot_reconf_duration: 25.299999999999997
tot_sleeping_duration: 87639.30691999978
tot_uptimes: 23
tot_uptimes_duration: 1320.0060800002175
