comms_cons: 12.187923199963516
finished_reconf: true
global_termination_time: 90423.747
local_termination_time: 2602.9389200000032
node_cons: 1852.0189222402992
tot_aggregated_send: 464
tot_msg_rcv: 565
tot_msg_sent: 825
tot_reconf_duration: 3.08
tot_sleeping_duration: 89043.73483999979
tot_uptimes: 24
tot_uptimes_duration: 1380.012160000224
