comms_cons: 11.429324800032354
finished_reconf: true
global_termination_time: 87212.867
local_termination_time: 50173.139680000146
node_cons: 1779.8758033608742
tot_aggregated_send: 580
tot_msg_rcv: 466
tot_msg_sent: 691
tot_reconf_duration: 9.11
tot_sleeping_duration: 85892.84875999934
tot_uptimes: 23
tot_uptimes_duration: 1320.0182400006524
