comms_cons: 10.915353599779552
finished_reconf: true
global_termination_time: 89146.101
local_termination_time: 24986.742520000003
node_cons: 1782.3826644797427
tot_aggregated_send: 522
tot_msg_rcv: 443
tot_msg_sent: 694
tot_reconf_duration: 10.95
tot_sleeping_duration: 87826.07668000019
tot_uptimes: 23
tot_uptimes_duration: 1320.0243199998076
