comms_cons: 11.184640000153024
finished_reconf: true
global_termination_time: 88696.954
local_termination_time: 29958.471360000003
node_cons: 1774.044544481157
tot_aggregated_send: 290
tot_msg_rcv: 540
tot_msg_sent: 870
tot_reconf_duration: 4.8100000000000005
tot_sleeping_duration: 87376.92967999914
tot_uptimes: 23
tot_uptimes_duration: 1320.0243200008626
