comms_cons: 393.97983364437073
finished_reconf: true
global_termination_time: 3926650.504
local_termination_time: 241290.6080400003
node_cons: 80766.51873229326
tot_aggregated_send: 55274
tot_msg_rcv: 1596
tot_msg_sent: 3014
tot_reconf_duration: 18.21
tot_sleeping_duration: 3866350.4371200185
tot_uptimes: 1006
tot_uptimes_duration: 60300.06687998155
