comms_cons: 393.53547523941904
finished_reconf: true
global_termination_time: 3925968.590239997
local_termination_time: 138646.54548000006
node_cons: 80778.34572164957
tot_aggregated_send: 54578
tot_msg_rcv: 1676
tot_msg_sent: 3561
tot_reconf_duration: 11.899999999999999
tot_sleeping_duration: 3865653.291120018
tot_uptimes: 1006
tot_uptimes_duration: 60315.299119978794
