comms_cons: 391.56766723452597
finished_reconf: true
global_termination_time: 3929163.175
local_termination_time: 2359800.32648
node_cons: 80830.51118334905
tot_aggregated_send: 54868
tot_msg_rcv: 1454
tot_msg_sent: 3194
tot_reconf_duration: 6.22
tot_sleeping_duration: 3868803.156760006
tot_uptimes: 1007
tot_uptimes_duration: 60360.0182399936
