comms_cons: 386.34853121394445
finished_reconf: true
global_termination_time: 3927062.781
local_termination_time: 2519699.91836
node_cons: 80749.08208111503
tot_aggregated_send: 55332
tot_msg_rcv: 1150
tot_msg_sent: 2241
tot_reconf_duration: 5.43
tot_sleeping_duration: 3866762.7749200026
tot_uptimes: 1006
tot_uptimes_duration: 60300.006079997635
