comms_cons: 80.45982720899445
finished_reconf: true
global_termination_time: 372222.32428000035
local_termination_time: 372222.28316000034
node_cons: 7702.5644596145075
tot_aggregated_send: 0
tot_msg_rcv: 6665
tot_msg_sent: 5565
tot_reconf_duration: 24.59
tot_sleeping_duration: 366494.78787998954
tot_uptimes: 96
tot_uptimes_duration: 5727.536400010822
