comms_cons: 38.66595840064517
finished_reconf: true
global_termination_time: 375058.877
local_termination_time: 10036.091360000002
node_cons: 7720.212201119162
tot_aggregated_send: 4988
tot_msg_rcv: 312
tot_msg_sent: 577
tot_reconf_duration: 5.57
tot_sleeping_duration: 369298.8709200006
tot_uptimes: 97
tot_uptimes_duration: 5760.006079999366
