comms_cons: 11.67052799997715
finished_reconf: true
global_termination_time: 9905.972240000003
local_termination_time: 426.60103999999944
node_cons: 1729.5402843600052
tot_aggregated_send: 0
tot_msg_rcv: 826
tot_msg_sent: 946
tot_reconf_duration: 18.21
tot_sleeping_duration: 8632.775
tot_uptimes: 20
tot_uptimes_duration: 1273.197240000004
