comms_cons: 268.0300288184784
finished_reconf: true
global_termination_time: 2811129.481
local_termination_time: 7086.621
node_cons: 57856.92964223326
tot_aggregated_send: 39373
tot_msg_rcv: 490
tot_msg_sent: 876
tot_reconf_duration: 8.92
tot_sleeping_duration: 2767929.4688400044
tot_uptimes: 720
tot_uptimes_duration: 43200.012159995735
