comms_cons: 271.71438081401055
finished_reconf: true
global_termination_time: 2808943.354
local_termination_time: 7180.155000000001
node_cons: 57853.30918670059
tot_aggregated_send: 39781
tot_msg_rcv: 578
tot_msg_sent: 940
tot_reconf_duration: 6.23
tot_sleeping_duration: 2765743.3175200135
tot_uptimes: 720
tot_uptimes_duration: 43200.03647998627
