comms_cons: 281.1476352058017
finished_reconf: true
global_termination_time: 2810132.992
local_termination_time: 6422.629
node_cons: 57850.74526893854
tot_aggregated_send: 39551
tot_msg_rcv: 1083
tot_msg_sent: 2098
tot_reconf_duration: 4.33
tot_sleeping_duration: 2766932.9433600153
tot_uptimes: 720
tot_uptimes_duration: 43200.04863998474
