comms_cons: 276.74088962783674
finished_reconf: true
global_termination_time: 2810637.434
local_termination_time: 5164.525
node_cons: 57854.48791005141
tot_aggregated_send: 38736
tot_msg_rcv: 1111
tot_msg_sent: 2216
tot_reconf_duration: 7.08
tot_sleeping_duration: 2767437.3792800205
tot_uptimes: 720
tot_uptimes_duration: 43200.05471997941
