comms_cons: 279.4580992259633
finished_reconf: true
global_termination_time: 2810139.419
local_termination_time: 6796.356999999999
node_cons: 57853.64595005173
tot_aggregated_send: 38737
tot_msg_rcv: 1235
tot_msg_sent: 2504
tot_reconf_duration: 6.46
tot_sleeping_duration: 2766939.364280021
tot_uptimes: 720
tot_uptimes_duration: 43200.05471997964
