comms_cons: 22.746176000091925
finished_reconf: true
global_termination_time: 219740.412
local_termination_time: 18082.10236
node_cons: 4516.949283363159
tot_aggregated_send: 2842
tot_msg_rcv: 217
tot_msg_sent: 399
tot_reconf_duration: 13.17
tot_sleeping_duration: 216380.39375999765
tot_uptimes: 57
tot_uptimes_duration: 3360.018240002355
