comms_cons: 43.95832320206839
finished_reconf: true
global_termination_time: 221790.034
local_termination_time: 9304.28036
node_cons: 4529.814982240585
tot_aggregated_send: 0
tot_msg_rcv: 3449
tot_msg_sent: 3231
tot_reconf_duration: 22.65
tot_sleeping_duration: 218430.02183999956
tot_uptimes: 57
tot_uptimes_duration: 3360.012160000435
