comms_cons: 2.296767999995923
finished_reconf: true
global_termination_time: 12805.959
local_termination_time: 6836.98036
node_cons: 245.16189999999904
tot_aggregated_send: 0
tot_msg_rcv: 177
tot_msg_sent: 172
tot_reconf_duration: 3.05
tot_sleeping_duration: 12625.959
tot_uptimes: 4
tot_uptimes_duration: 180.0
