comms_cons: 69.08285439957811
finished_reconf: true
global_termination_time: 682897.296
local_termination_time: 414212.7575600003
node_cons: 14009.926841116881
tot_aggregated_send: 9222
tot_msg_rcv: 427
tot_msg_sent: 852
tot_reconf_duration: 22.65
tot_sleeping_duration: 672457.2899200023
tot_uptimes: 175
tot_uptimes_duration: 10440.006079997635
