comms_cons: 69.48293119983751
finished_reconf: true
global_termination_time: 681705.221
local_termination_time: 155234.96536000006
node_cons: 13986.74034223829
tot_aggregated_send: 9280
tot_msg_rcv: 526
tot_msg_sent: 755
tot_reconf_duration: 5.57
tot_sleeping_duration: 671265.2088400013
tot_uptimes: 175
tot_uptimes_duration: 10440.012159998701
