comms_cons: 69.3108992004843
finished_reconf: true
global_termination_time: 681749.411
local_termination_time: 286214.4914800001
node_cons: 13994.543403364309
tot_aggregated_send: 9280
tot_msg_rcv: 448
tot_msg_sent: 806
tot_reconf_duration: 11.31
tot_sleeping_duration: 671309.3927599967
tot_uptimes: 175
tot_uptimes_duration: 10440.018240003206
