comms_cons: 55.60739840055907
finished_reconf: true
global_termination_time: 561999.497
local_termination_time: 145759.3816000001
node_cons: 11496.184060000025
tot_aggregated_send: 8062
tot_msg_rcv: 163
tot_msg_sent: 227
tot_reconf_duration: 5.57
tot_sleeping_duration: 553419.497
tot_uptimes: 144
tot_uptimes_duration: 8580.0
