comms_cons: 55.726451200525034
finished_reconf: true
global_termination_time: 562001.31
local_termination_time: 1467.4326400000016
node_cons: 11514.014600000015
tot_aggregated_send: 7946
tot_msg_rcv: 192
tot_msg_sent: 332
tot_reconf_duration: 18.700000000000003
tot_sleeping_duration: 553421.31
tot_uptimes: 144
tot_uptimes_duration: 8580.0
