comms_cons: 55.99557120043847
finished_reconf: true
global_termination_time: 564607.143
local_termination_time: 15108.32972
node_cons: 11576.333940000013
tot_aggregated_send: 8062
tot_msg_rcv: 164
tot_msg_sent: 285
tot_reconf_duration: 5.43
tot_sleeping_duration: 555967.143
tot_uptimes: 145
tot_uptimes_duration: 8640.0
