comms_cons: 78.83197439756685
finished_reconf: true
global_termination_time: 782133.984
local_termination_time: 451613.4476800002
node_cons: 16073.961619999962
tot_aggregated_send: 10962
tot_msg_rcv: 386
tot_msg_sent: 634
tot_reconf_duration: 4.390000000000001
tot_sleeping_duration: 770133.984
tot_uptimes: 201
tot_uptimes_duration: 12000.0
