comms_cons: 934.3601080199404
finished_reconf: true
global_termination_time: 2510289.758
local_termination_time: 1801064.0296799985
node_cons: 152535.19121111048
tot_aggregated_send: 0
tot_msg_rcv: 57247
tot_msg_sent: 84771
tot_reconf_duration: 5.57
tot_sleeping_duration: 2396378.161920003
tot_uptimes: 1873
tot_uptimes_duration: 113911.59607999647
