comms_cons: 252.66821119669783
finished_reconf: true
global_termination_time: 2512103.622
local_termination_time: 668861.2523599999
node_cons: 51664.63046670088
tot_aggregated_send: 35148
tot_msg_rcv: 1105
tot_msg_sent: 2150
tot_reconf_duration: 4.390000000000001
tot_sleeping_duration: 2473523.5855200137
tot_uptimes: 644
tot_uptimes_duration: 38580.03647998627
