comms_cons: 252.2577280028575
finished_reconf: true
global_termination_time: 2511015.316
local_termination_time: 1340072.8354799997
node_cons: 51662.786323349785
tot_aggregated_send: 35322
tot_msg_rcv: 1042
tot_msg_sent: 1979
tot_reconf_duration: 3.05
tot_sleeping_duration: 2472435.297760007
tot_uptimes: 644
tot_uptimes_duration: 38580.01823999314
