comms_cons: 375.78382085406815
finished_reconf: true
global_termination_time: 3731490.2542399974
local_termination_time: 112785.71335999998
node_cons: 76768.5708276784
tot_aggregated_send: 51910
tot_msg_rcv: 1898
tot_msg_sent: 3310
tot_reconf_duration: 18.21
tot_sleeping_duration: 3674175.9587600273
tot_uptimes: 956
tot_uptimes_duration: 57314.295479970286
