comms_cons: 375.1949120599058
finished_reconf: true
global_termination_time: 3733427.45
local_termination_time: 1126015.8303599998
node_cons: 76817.89748893396
tot_aggregated_send: 52026
tot_msg_rcv: 1667
tot_msg_sent: 3333
tot_reconf_duration: 9.42
tot_sleeping_duration: 3676067.401360018
tot_uptimes: 957
tot_uptimes_duration: 57360.04863998201
