comms_cons: 369.7974656220866
finished_reconf: true
global_termination_time: 3733208.398
local_termination_time: 939037.0260799997
node_cons: 76811.63710893478
tot_aggregated_send: 51736
tot_msg_rcv: 1501
tot_msg_sent: 2970
tot_reconf_duration: 4.8100000000000005
tot_sleeping_duration: 3675848.3493600176
tot_uptimes: 957
tot_uptimes_duration: 57360.04863998247
