comms_cons: 373.3963136357875
finished_reconf: true
global_termination_time: 3731722.627
local_termination_time: 1084080.4589999989
node_cons: 76728.9070289335
tot_aggregated_send: 51678
tot_msg_rcv: 1849
tot_msg_sent: 3227
tot_reconf_duration: 3.05
tot_sleeping_duration: 3674422.5783600183
tot_uptimes: 956
tot_uptimes_duration: 57300.048639981775
