comms_cons: 371.01262723515174
finished_reconf: true
global_termination_time: 3732646.224
local_termination_time: 1562784.9693599998
node_cons: 76733.18746558353
tot_aggregated_send: 51678
tot_msg_rcv: 1576
tot_msg_sent: 3137
tot_reconf_duration: 6.22
tot_sleeping_duration: 3675346.1936000106
tot_uptimes: 956
tot_uptimes_duration: 57300.030399989104
