comms_cons: 366.8232960119508
finished_reconf: true
global_termination_time: 3736107.551
local_termination_time: 2299211.038439999
node_cons: 76812.43022223236
tot_aggregated_send: 52548
tot_msg_rcv: 1058
tot_msg_sent: 2149
tot_reconf_duration: 5.43
tot_sleeping_duration: 3678747.5388400047
tot_uptimes: 957
tot_uptimes_duration: 57360.0121599955
