comms_cons: 265.4976639843082
finished_reconf: true
global_termination_time: 2658115.337
local_termination_time: 347784.01664000086
node_cons: 54658.43910278736
tot_aggregated_send: 36772
tot_msg_rcv: 1152
tot_msg_sent: 2430
tot_reconf_duration: 15.34
tot_sleeping_duration: 2617310.551800009
tot_uptimes: 681
tot_uptimes_duration: 40804.785199991195
