comms_cons: 270.1746047963783
finished_reconf: true
global_termination_time: 2660356.86
local_termination_time: 98342.20335999997
node_cons: 54722.2246889502
tot_aggregated_send: 36308
tot_msg_rcv: 1564
tot_msg_sent: 3193
tot_reconf_duration: 7.819999999999999
tot_sleeping_duration: 2619496.8113600067
tot_uptimes: 682
tot_uptimes_duration: 40860.04863999334
