comms_cons: 9.928012799843405
finished_reconf: true
global_termination_time: 100301.083
local_termination_time: 68601.5992799998
node_cons: 2019.1195600000187
tot_aggregated_send: 1334
tot_msg_rcv: 66
tot_msg_sent: 109
tot_reconf_duration: 7.819999999999999
tot_sleeping_duration: 98801.08299999998
tot_uptimes: 26
tot_uptimes_duration: 1500.0000000000073
