comms_cons: 54.87773440038858
finished_reconf: true
global_termination_time: 541674.4878399987
local_termination_time: 541674.4467199987
node_cons: 11178.112815363193
tot_aggregated_send: 7410
tot_msg_rcv: 300
tot_msg_sent: 624
tot_reconf_duration: 24.59
tot_sleeping_duration: 533351.3215999963
tot_uptimes: 139
tot_uptimes_duration: 8323.166240002363
