comms_cons: 56.12945920159341
finished_reconf: true
global_termination_time: 545759.227
local_termination_time: 33090.27200000019
node_cons: 11171.442605607093
tot_aggregated_send: 7192
tot_msg_rcv: 458
tot_msg_sent: 880
tot_reconf_duration: 3.05
tot_sleeping_duration: 537419.1965999947
tot_uptimes: 140
tot_uptimes_duration: 8340.030400005286
