comms_cons: 98.76037119545973
finished_reconf: true
global_termination_time: 973619.385
local_termination_time: 769960.0483599999
node_cons: 20020.828341116892
tot_aggregated_send: 13456
tot_msg_rcv: 577
tot_msg_sent: 978
tot_reconf_duration: 11.899999999999999
tot_sleeping_duration: 958679.3789200024
tot_uptimes: 250
tot_uptimes_duration: 14940.006079997635
