comms_cons: 113.28849920567707
finished_reconf: true
global_termination_time: 672317.768
local_termination_time: 208139.03036000006
node_cons: 13827.040804481143
tot_aggregated_send: 0
tot_msg_rcv: 8805
tot_msg_sent: 8415
tot_reconf_duration: 6.279999999999999
tot_sleeping_duration: 661997.7436799993
tot_uptimes: 173
tot_uptimes_duration: 10320.02432000084
