comms_cons: 66.37096959998546
finished_reconf: true
global_termination_time: 669963.341
local_termination_time: 411345.75636000006
node_cons: 13756.024859999998
tot_aggregated_send: 9338
tot_msg_rcv: 254
tot_msg_sent: 496
tot_reconf_duration: 13.17
tot_sleeping_duration: 659703.341
tot_uptimes: 172
tot_uptimes_duration: 10260.0
