comms_cons: 69.23257599649328
finished_reconf: true
global_termination_time: 674937.015
local_termination_time: 167366.64636000004
node_cons: 13849.271264476536
tot_aggregated_send: 8816
tot_msg_rcv: 610
tot_msg_sent: 1096
tot_reconf_duration: 22.65
tot_sleeping_duration: 664616.9906800026
tot_uptimes: 173
tot_uptimes_duration: 10320.024319997407
