comms_cons: 31.995276799926035
finished_reconf: true
global_termination_time: 319794.38512
local_termination_time: 152637.465
node_cons: 6562.262193842757
tot_aggregated_send: 4406
tot_msg_rcv: 169
tot_msg_sent: 287
tot_reconf_duration: 22.65
tot_sleeping_duration: 314916.48855999793
tot_uptimes: 82
tot_uptimes_duration: 4877.89656000206
