comms_cons: 64.08604160734706
finished_reconf: true
global_termination_time: 322497.647
local_termination_time: 1045.8093600000002
node_cons: 6608.7361433643
tot_aggregated_send: 0
tot_msg_rcv: 4985
tot_msg_sent: 4754
tot_reconf_duration: 15.34
tot_sleeping_duration: 317577.6287599968
tot_uptimes: 83
tot_uptimes_duration: 4920.018240003206
