comms_cons: 187.0006015909962
finished_reconf: true
global_termination_time: 1892577.338
local_termination_time: 1318294.1383599997
node_cons: 38891.485799999595
tot_aggregated_send: 27144
tot_msg_rcv: 407
tot_msg_sent: 872
tot_reconf_duration: 5.1
tot_sleeping_duration: 1863537.338
tot_uptimes: 485
tot_uptimes_duration: 29040.0
