comms_cons: 38.310681600337716
finished_reconf: true
global_termination_time: 381231.346
local_termination_time: 18224.61836
node_cons: 7813.49938000001
tot_aggregated_send: 5278
tot_msg_rcv: 211
tot_msg_sent: 334
tot_reconf_duration: 15.110000000000001
tot_sleeping_duration: 375411.346
tot_uptimes: 98
tot_uptimes_duration: 5820.0
