comms_cons: 109.71536639787156
finished_reconf: true
global_termination_time: 1091029.79924
local_termination_time: 23672.63148
node_cons: 22462.7224938447
tot_aggregated_send: 14964
tot_msg_rcv: 687
tot_msg_sent: 1025
tot_reconf_duration: 18.21
tot_sleeping_duration: 1074272.5226799967
tot_uptimes: 280
tot_uptimes_duration: 16757.276560003484
