comms_cons: 482.91328002985637
finished_reconf: true
global_termination_time: 4939179.415
local_termination_time: 2375038.380599999
node_cons: 101567.67742446525
tot_aggregated_send: 69136
tot_msg_rcv: 1414
tot_msg_sent: 2850
tot_reconf_duration: 13.17
tot_sleeping_duration: 4863339.390680009
tot_uptimes: 1265
tot_uptimes_duration: 75840.02431999124
