comms_cons: 486.5719424438689
finished_reconf: true
global_termination_time: 4942414.168
local_termination_time: 2253282.18736
node_cons: 101641.12692558228
tot_aggregated_send: 68556
tot_msg_rcv: 1802
tot_msg_sent: 3599
tot_reconf_duration: 8.09
tot_sleeping_duration: 4866514.13760001
tot_uptimes: 1266
tot_uptimes_duration: 75900.0303999891
