comms_cons: 493.12419849746766
finished_reconf: true
global_termination_time: 4941775.801
local_termination_time: 763981.6373599998
node_cons: 101650.70079116788
tot_aggregated_send: 68324
tot_msg_rcv: 2258
tot_msg_sent: 4370
tot_reconf_duration: 15.110000000000001
tot_sleeping_duration: 4865875.740200022
tot_uptimes: 1266
tot_uptimes_duration: 75900.06079997821
