comms_cons: 1551.1140132634562
finished_reconf: true
global_termination_time: 5314037.399479997
local_termination_time: 5314037.399479997
node_cons: 217343.99134070807
tot_aggregated_send: 0
tot_msg_rcv: 78926
tot_msg_sent: 156835
tot_reconf_duration: 24.59
tot_sleeping_duration: 5151744.197
tot_uptimes: 2687
tot_uptimes_duration: 162293.20247999713
