comms_cons: 528.5031104849043
finished_reconf: true
global_termination_time: 5316745.825
local_termination_time: 2261622.6773599996
node_cons: 109363.60428446479
tot_aggregated_send: 73776
tot_msg_rcv: 2223
tot_msg_sent: 4331
tot_reconf_duration: 15.34
tot_sleeping_duration: 5235085.800680009
tot_uptimes: 1362
tot_uptimes_duration: 81660.02431999124
