comms_cons: 32.3762432004101
finished_reconf: true
global_termination_time: 323009.843
local_termination_time: 196258.4548400001
node_cons: 6612.617321121426
tot_aggregated_send: 4466
tot_msg_rcv: 181
tot_msg_sent: 274
tot_reconf_duration: 18.21
tot_sleeping_duration: 318089.8369199989
tot_uptimes: 83
tot_uptimes_duration: 4920.006080001069
