comms_cons: 34.25817600050431
finished_reconf: true
global_termination_time: 318734.45092000073
local_termination_time: 318734.4098000007
node_cons: 6611.3835802407575
tot_aggregated_send: 3770
tot_msg_rcv: 468
tot_msg_sent: 970
tot_reconf_duration: 24.59
tot_sleeping_duration: 313821.8367600002
tot_uptimes: 82
tot_uptimes_duration: 4912.61416000055
