comms_cons: 75.3390464002838
finished_reconf: true
global_termination_time: 784224.437
local_termination_time: 142033.43196000013
node_cons: 16102.357400000048
tot_aggregated_send: 10788
tot_msg_rcv: 251
tot_msg_sent: 413
tot_reconf_duration: 25.299999999999997
tot_sleeping_duration: 772224.437
tot_uptimes: 201
tot_uptimes_duration: 12000.0
