comms_cons: 44.81155840127267
finished_reconf: true
global_termination_time: 423007.1334800002
local_termination_time: 32996.29084000012
node_cons: 8704.37744656797
tot_aggregated_send: 5220
tot_msg_rcv: 534
tot_msg_sent: 1057
tot_reconf_duration: 6.22
tot_sleeping_duration: 416512.7864399943
tot_uptimes: 109
tot_uptimes_duration: 6494.347040005945
