comms_cons: 47.362969600379905
finished_reconf: true
global_termination_time: 465691.745
local_termination_time: 87777.71895999965
node_cons: 9571.079560000022
tot_aggregated_send: 6264
tot_msg_rcv: 301
tot_msg_sent: 634
tot_reconf_duration: 7.819999999999999
tot_sleeping_duration: 458551.745
tot_uptimes: 120
tot_uptimes_duration: 7140.0
