comms_cons: 27.41455359984744
finished_reconf: true
global_termination_time: 278037.191
local_termination_time: 5488.61148
node_cons: 5710.101620000044
tot_aggregated_send: 3944
tot_msg_rcv: 51
tot_msg_sent: 171
tot_reconf_duration: 4.390000000000001
tot_sleeping_duration: 273777.19099999993
tot_uptimes: 72
tot_uptimes_duration: 4260.000000000029
