comms_cons: 2.7277951999904877
finished_reconf: true
global_termination_time: 14179.723
local_termination_time: 7941.84336
node_cons: 245.16189999999898
tot_aggregated_send: 0
tot_msg_rcv: 239
tot_msg_sent: 175
tot_reconf_duration: 3.05
tot_sleeping_duration: 13999.723
tot_uptimes: 4
tot_uptimes_duration: 180.0
