comms_cons: 2.1645567999928477
finished_reconf: true
global_termination_time: 13173.883
local_termination_time: 11175.13236
node_cons: 251.63955999999962
tot_aggregated_send: 0
tot_msg_rcv: 206
tot_msg_sent: 123
tot_reconf_duration: 7.819999999999999
tot_sleeping_duration: 12993.883
tot_uptimes: 4
tot_uptimes_duration: 180.0
