comms_cons: 235.4286271900029
finished_reconf: true
global_termination_time: 2357850.547
local_termination_time: 1131880.5663599998
node_cons: 48475.79498223322
tot_aggregated_send: 33466
tot_msg_rcv: 826
tot_msg_sent: 1491
tot_reconf_duration: 22.65
tot_sleeping_duration: 2321670.534840004
tot_uptimes: 604
tot_uptimes_duration: 36180.0121599955
