comms_cons: 237.8709760039822
finished_reconf: true
global_termination_time: 2355968.549
local_termination_time: 1055281.7833599998
node_cons: 48451.01418446688
tot_aggregated_send: 32422
tot_msg_rcv: 1179
tot_msg_sent: 2554
tot_reconf_duration: 4.390000000000001
tot_sleeping_duration: 2319788.5246800096
tot_uptimes: 604
tot_uptimes_duration: 36180.02431999077
