comms_cons: 237.10748158406562
finished_reconf: true
global_termination_time: 2355346.9955599965
local_termination_time: 12247.830480000004
node_cons: 48536.896938372476
tot_aggregated_send: 32770
tot_msg_rcv: 1019
tot_msg_sent: 2250
tot_reconf_duration: 11.31
tot_sleeping_duration: 2319109.8499600166
tot_uptimes: 604
tot_uptimes_duration: 36237.145599979915
