comms_cons: 275.0762304206625
finished_reconf: true
global_termination_time: 2810456.518
local_termination_time: 5627.186
node_cons: 57854.78123116888
tot_aggregated_send: 38504
tot_msg_rcv: 1148
tot_msg_sent: 2157
tot_reconf_duration: 7.29
tot_sleeping_duration: 2767256.457200023
tot_uptimes: 720
tot_uptimes_duration: 43200.06079997751
