comms_cons: 279.2569088035116
finished_reconf: true
global_termination_time: 2808300.793
local_termination_time: 5940.537
node_cons: 57870.65354893426
tot_aggregated_send: 39131
tot_msg_rcv: 1038
tot_msg_sent: 2277
tot_reconf_duration: 18.990000000000002
tot_sleeping_duration: 2765100.7443600185
tot_uptimes: 720
tot_uptimes_duration: 43200.04863998154
