comms_cons: 277.1356416163972
finished_reconf: true
global_termination_time: 2810730.06
local_termination_time: 6341.186000000001
node_cons: 57853.637808934574
tot_aggregated_send: 38737
tot_msg_rcv: 1102
tot_msg_sent: 2284
tot_reconf_duration: 6.46
tot_sleeping_duration: 2767530.011360018
tot_uptimes: 720
tot_uptimes_duration: 43200.048639981775
