comms_cons: 243.15834879264924
finished_reconf: true
global_termination_time: 2439524.957
local_termination_time: 1453327.3295599984
node_cons: 50156.88917999924
tot_aggregated_send: 34684
tot_msg_rcv: 781
tot_msg_sent: 1493
tot_reconf_duration: 18.21
tot_sleeping_duration: 2402084.957
tot_uptimes: 625
tot_uptimes_duration: 37440.0
