comms_cons: 245.0100352012044
finished_reconf: true
global_termination_time: 2436242.089
local_termination_time: 1638047.57736
node_cons: 50086.1855411162
tot_aggregated_send: 33988
tot_msg_rcv: 1127
tot_msg_sent: 2125
tot_reconf_duration: 25.299999999999997
tot_sleeping_duration: 2398862.0829200023
tot_uptimes: 624
tot_uptimes_duration: 37380.006079997635
