comms_cons: 241.91718399622044
finished_reconf: true
global_termination_time: 2435604.772
local_termination_time: 1748784.6583199985
node_cons: 50069.704859999205
tot_aggregated_send: 34916
tot_msg_rcv: 647
tot_msg_sent: 1207
tot_reconf_duration: 13.17
tot_sleeping_duration: 2398224.772
tot_uptimes: 624
tot_uptimes_duration: 37380.0
