comms_cons: 98.98090239645245
finished_reconf: true
global_termination_time: 978333.2930399983
local_termination_time: 978333.2519199983
node_cons: 20201.65025991297
tot_aggregated_send: 13455
tot_msg_rcv: 519
tot_msg_sent: 1071
tot_reconf_duration: 33.98
tot_sleeping_duration: 963280.6377600036
tot_uptimes: 251
tot_uptimes_duration: 15052.655279994651
