comms_cons: 1.2368895999959146
finished_reconf: true
global_termination_time: 5692.652
local_termination_time: 3272.2534800000003
node_cons: 98.22486000000009
tot_aggregated_send: 0
tot_msg_rcv: 139
tot_msg_sent: 48
tot_reconf_duration: 13.17
tot_sleeping_duration: 5632.652
tot_uptimes: 2
tot_uptimes_duration: 60.0
