comms_cons: 51.41866240060101
finished_reconf: true
global_termination_time: 516229.408
local_termination_time: 317167.3574000003
node_cons: 10610.849761121386
tot_aggregated_send: 7308
tot_msg_rcv: 194
tot_msg_sent: 313
tot_reconf_duration: 4.390000000000001
tot_sleeping_duration: 508309.4019199989
tot_uptimes: 133
tot_uptimes_duration: 7920.006080001069
