comms_cons: 53.25862400142674
finished_reconf: true
global_termination_time: 515604.095
local_termination_time: 270228.1044800001
node_cons: 10615.507701121456
tot_aggregated_send: 6670
tot_msg_rcv: 445
tot_msg_sent: 980
tot_reconf_duration: 7.819999999999999
tot_sleeping_duration: 507684.0889199989
tot_uptimes: 133
tot_uptimes_duration: 7920.006080001069
