comms_cons: 243.4040831931164
finished_reconf: true
global_termination_time: 2483005.2
local_termination_time: 797379.7395599994
node_cons: 51023.46405999919
tot_aggregated_send: 35380
tot_msg_rcv: 603
tot_msg_sent: 1013
tot_reconf_duration: 5.57
tot_sleeping_duration: 2444905.2
tot_uptimes: 636
tot_uptimes_duration: 38100.0
