comms_cons: 244.42385920369088
finished_reconf: true
global_termination_time: 2477551.4474799996
local_termination_time: 2477551.4063599994
node_cons: 50987.32794207852
tot_aggregated_send: 35830
tot_msg_rcv: 383
tot_msg_sent: 937
tot_reconf_duration: 24.59
tot_sleeping_duration: 2439497.72476
tot_uptimes: 635
tot_uptimes_duration: 38053.72271999967
