comms_cons: 171.58030078955696
finished_reconf: true
global_termination_time: 1717269.719
local_termination_time: 957102.9251999997
node_cons: 35277.70676000007
tot_aggregated_send: 24012
tot_msg_rcv: 791
tot_msg_sent: 1277
tot_reconf_duration: 6.22
tot_sleeping_duration: 1690929.719
tot_uptimes: 440
tot_uptimes_duration: 26340.0
