comms_cons: 172.95685758893498
finished_reconf: true
global_termination_time: 1715923.004
local_termination_time: 957108.3441599982
node_cons: 35284.61897999986
tot_aggregated_send: 23780
tot_msg_rcv: 910
tot_msg_sent: 1598
tot_reconf_duration: 11.31
tot_sleeping_duration: 1689583.004
tot_uptimes: 440
tot_uptimes_duration: 26340.0
