comms_cons: 112.41356801277439
finished_reconf: true
global_termination_time: 386005.60560000007
local_termination_time: 386005.56448000006
node_cons: 15779.000197400142
tot_aggregated_send: 0
tot_msg_rcv: 5747
tot_msg_sent: 11340
tot_reconf_duration: 37.410000000000004
tot_sleeping_duration: 374259.379
tot_uptimes: 196
tot_uptimes_duration: 11746.226600000082
