comms_cons: 38.33104640012233
finished_reconf: true
global_termination_time: 389986.654
local_termination_time: 24556.026000000005
node_cons: 7973.224634000017
tot_aggregated_send: 5568
tot_msg_rcv: 91
tot_msg_sent: 168
tot_reconf_duration: 10.95
tot_sleeping_duration: 384043.1479999999
tot_uptimes: 100
tot_uptimes_duration: 5943.506000000005
