comms_cons: 38.415948800471625
finished_reconf: true
global_termination_time: 390016.444
local_termination_time: 133811.58848000053
node_cons: 7961.03394
tot_aggregated_send: 5510
tot_msg_rcv: 102
tot_msg_sent: 227
tot_reconf_duration: 5.43
tot_sleeping_duration: 384076.444
tot_uptimes: 100
tot_uptimes_duration: 5940.0
