comms_cons: 38.41594880029535
finished_reconf: true
global_termination_time: 387998.414
local_termination_time: 22879.9946
node_cons: 7974.49172000001
tot_aggregated_send: 5568
tot_msg_rcv: 111
tot_msg_sent: 160
tot_reconf_duration: 15.34
tot_sleeping_duration: 382058.414
tot_uptimes: 100
tot_uptimes_duration: 5940.0
