comms_cons: 160.57853439248012
finished_reconf: true
global_termination_time: 1614218.027
local_termination_time: 590152.1315999997
node_cons: 33184.602639999976
tot_aggregated_send: 23026
tot_msg_rcv: 455
tot_msg_sent: 926
tot_reconf_duration: 3.08
tot_sleeping_duration: 1589438.027
tot_uptimes: 414
tot_uptimes_duration: 24780.0
