comms_cons: 80.3320320000213
finished_reconf: true
global_termination_time: 812481.027
local_termination_time: 32810.56548000001
node_cons: 16719.248240000023
tot_aggregated_send: 11716
tot_msg_rcv: 151
tot_msg_sent: 343
tot_reconf_duration: 6.279999999999999
tot_sleeping_duration: 800001.027
tot_uptimes: 209
tot_uptimes_duration: 12480.0
