comms_cons: 81.11495679677085
finished_reconf: true
global_termination_time: 814690.552
local_termination_time: 240308.65748000005
node_cons: 16723.512360000004
tot_aggregated_send: 11658
tot_msg_rcv: 273
tot_msg_sent: 398
tot_reconf_duration: 9.42
tot_sleeping_duration: 802210.552
tot_uptimes: 209
tot_uptimes_duration: 12480.0
