comms_cons: 166.1490047912962
finished_reconf: true
global_termination_time: 1657849.751
local_termination_time: 598610.2423599998
node_cons: 34071.756624467256
tot_aggregated_send: 23200
tot_msg_rcv: 660
tot_msg_sent: 1393
tot_reconf_duration: 5.57
tot_sleeping_duration: 1632409.7266800094
tot_uptimes: 425
tot_uptimes_duration: 25440.024319990538
