comms_cons: 166.14697599002452
finished_reconf: true
global_termination_time: 1659190.328
local_termination_time: 801683.9493599999
node_cons: 34071.566504467235
tot_aggregated_send: 23374
tot_msg_rcv: 662
tot_msg_sent: 1217
tot_reconf_duration: 5.43
tot_sleeping_duration: 1633750.3036800094
tot_uptimes: 425
tot_uptimes_duration: 25440.024319990538
