comms_cons: 40.264704000666356
finished_reconf: true
global_termination_time: 396938.823
local_termination_time: 121714.06383999993
node_cons: 8129.723403364318
tot_aggregated_send: 5336
tot_msg_rcv: 267
tot_msg_sent: 517
tot_reconf_duration: 11.31
tot_sleeping_duration: 390878.80475999677
tot_uptimes: 102
tot_uptimes_duration: 6060.018240003206
