comms_cons: 258.9112574293616
finished_reconf: true
global_termination_time: 1961076.262
local_termination_time: 1304600.1407999995
node_cons: 40341.30770111664
tot_aggregated_send: 0
tot_msg_rcv: 19865
tot_msg_sent: 19488
tot_reconf_duration: 7.819999999999999
tot_sleeping_duration: 1930956.2559200025
tot_uptimes: 503
tot_uptimes_duration: 30120.006079997635
