comms_cons: 257.85200622991806
finished_reconf: true
global_termination_time: 1959955.938
local_termination_time: 1310696.1573599998
node_cons: 40265.70712111663
tot_aggregated_send: 0
tot_msg_rcv: 19753
tot_msg_sent: 19439
tot_reconf_duration: 11.31
tot_sleeping_duration: 1929895.9319200024
tot_uptimes: 502
tot_uptimes_duration: 30060.006079997635
