comms_cons: 188.09274879523605
finished_reconf: true
global_termination_time: 1939546.814
local_termination_time: 1179634.2255999998
node_cons: 39857.08890239669
tot_aggregated_send: 26970
tot_msg_rcv: 516
tot_msg_sent: 1103
tot_reconf_duration: 6.22
tot_sleeping_duration: 1909786.8124000023
tot_uptimes: 497
tot_uptimes_duration: 29760.001599997748
