comms_cons: 30.473881599449673
finished_reconf: true
global_termination_time: 146511.01556000067
local_termination_time: 146510.97444000066
node_cons: 3068.135920081204
tot_aggregated_send: 0
tot_msg_rcv: 2442
tot_msg_sent: 2185
tot_reconf_duration: 24.59
tot_sleeping_duration: 144244.5908399998
tot_uptimes: 38
tot_uptimes_duration: 2266.4247200008886
