comms_cons: 14.763724800073263
finished_reconf: true
global_termination_time: 146638.69
local_termination_time: 31440.887760000005
node_cons: 2976.7219000000046
tot_aggregated_send: 1972
tot_msg_rcv: 100
tot_msg_sent: 172
tot_reconf_duration: 3.05
tot_sleeping_duration: 144418.69
tot_uptimes: 38
tot_uptimes_duration: 2220.0
