comms_cons: 73.06264319728218
finished_reconf: true
global_termination_time: 719177.377
local_termination_time: 412594.952
node_cons: 14791.047465593341
tot_aggregated_send: 9567
tot_msg_rcv: 546
tot_msg_sent: 992
tot_reconf_duration: 6.22
tot_sleeping_duration: 708137.3466000049
tot_uptimes: 185
tot_uptimes_duration: 11040.030399995041
