comms_cons: 67.46437120124283
finished_reconf: true
global_termination_time: 666173.917
local_termination_time: 145823.34436000005
node_cons: 13673.183403364308
tot_aggregated_send: 8816
tot_msg_rcv: 454
tot_msg_sent: 984
tot_reconf_duration: 11.31
tot_sleeping_duration: 655973.8987599968
tot_uptimes: 171
tot_uptimes_duration: 10200.018240003206
