comms_cons: 431.826272087777
finished_reconf: true
global_termination_time: 4279031.201
local_termination_time: 3109774.51884
node_cons: 87985.14120670043
tot_aggregated_send: 59276
tot_msg_rcv: 2123
tot_msg_sent: 4234
tot_reconf_duration: 9.42
tot_sleeping_duration: 4213331.164520014
tot_uptimes: 1096
tot_uptimes_duration: 65700.03647998674
