comms_cons: 431.6588417040629
finished_reconf: true
global_termination_time: 4278251.049
local_termination_time: 2109696.5498799994
node_cons: 87978.29418446643
tot_aggregated_send: 59276
tot_msg_rcv: 2097
tot_msg_sent: 4236
tot_reconf_duration: 4.390000000000001
tot_sleeping_duration: 4212551.024680008
tot_uptimes: 1096
tot_uptimes_duration: 65700.02431999147
