comms_cons: 433.58609287799254
finished_reconf: true
global_termination_time: 4277164.029
local_termination_time: 2094704.67836
node_cons: 88063.28398334919
tot_aggregated_send: 59508
tot_msg_rcv: 2335
tot_msg_sent: 4059
tot_reconf_duration: 7.819999999999999
tot_sleeping_duration: 4211404.0107600065
tot_uptimes: 1096
tot_uptimes_duration: 65760.0182399936
