comms_cons: 158.93188479102935
finished_reconf: true
global_termination_time: 1581181.6652400002
local_termination_time: 224187.32548000006
node_cons: 32525.516484953667
tot_aggregated_send: 21808
tot_msg_rcv: 744
tot_msg_sent: 1603
tot_reconf_duration: 18.21
tot_sleeping_duration: 1556909.232600005
tot_uptimes: 405
tot_uptimes_duration: 24272.43263999524
