comms_cons: 306.5085053723101
finished_reconf: true
global_termination_time: 1584156.925
local_termination_time: 514451.758
node_cons: 32546.16292511655
tot_aggregated_send: 0
tot_msg_rcv: 23499
tot_msg_sent: 23088
tot_reconf_duration: 4.8100000000000005
tot_sleeping_duration: 1559855.4829200027
tot_uptimes: 406
tot_uptimes_duration: 24301.44207999739
