comms_cons: 188.24407038682065
finished_reconf: true
global_termination_time: 1879875.70124
local_termination_time: 146082.36248000007
node_cons: 38687.337182710326
tot_aggregated_send: 26332
tot_msg_rcv: 766
tot_msg_sent: 1513
tot_reconf_duration: 18.21
tot_sleeping_duration: 1851001.4607600071
tot_uptimes: 482
tot_uptimes_duration: 28874.240479992935
