comms_cons: 187.8484159843088
finished_reconf: true
global_termination_time: 1881370.716
local_termination_time: 294502.02236000006
node_cons: 38674.339405588595
tot_aggregated_send: 25868
tot_msg_rcv: 897
tot_msg_sent: 1787
tot_reconf_duration: 22.65
tot_sleeping_duration: 1852510.6856000083
tot_uptimes: 482
tot_uptimes_duration: 28860.030399991607
