comms_cons: 417.89825285107565
finished_reconf: true
global_termination_time: 4195813.512
local_termination_time: 2094528.1183599979
node_cons: 86328.5272030348
tot_aggregated_send: 60146
tot_msg_rcv: 1230
tot_msg_sent: 2143
tot_reconf_duration: 18.21
tot_sleeping_duration: 4131359.5926400023
tot_uptimes: 1075
tot_uptimes_duration: 64453.919359997846
