comms_cons: 414.93448963377875
finished_reconf: true
global_termination_time: 4199121.536
local_termination_time: 3005530.2293599998
node_cons: 86381.66019999764
tot_aggregated_send: 60030
tot_msg_rcv: 1035
tot_msg_sent: 2002
tot_reconf_duration: 11.899999999999999
tot_sleeping_duration: 4134621.536
tot_uptimes: 1076
tot_uptimes_duration: 64500.00000000003
