comms_cons: 427.8298880856822
finished_reconf: true
global_termination_time: 4198941.364
local_termination_time: 1732082.855359999
node_cons: 86376.16840670006
tot_aggregated_send: 57710
tot_msg_rcv: 2673
tot_msg_sent: 4643
tot_reconf_duration: 7.819999999999999
tot_sleeping_duration: 4134441.3275200133
tot_uptimes: 1076
tot_uptimes_duration: 64500.03647998674
