comms_cons: 283.58385282109816
finished_reconf: true
global_termination_time: 2808501.348
local_termination_time: 5701.853
node_cons: 57853.68665564335
tot_aggregated_send: 38969
tot_msg_rcv: 1334
tot_msg_sent: 2800
tot_reconf_duration: 6.46
tot_sleeping_duration: 2765301.262880027
tot_uptimes: 720
tot_uptimes_duration: 43200.08511997339
