comms_cons: 263.885132806088
finished_reconf: true
global_termination_time: 2658118.157
local_termination_time: 1352240.41
node_cons: 54655.93732111586
tot_aggregated_send: 38032
tot_msg_rcv: 686
tot_msg_sent: 1391
tot_reconf_duration: 18.21
tot_sleeping_duration: 2617318.1509200027
tot_uptimes: 681
tot_uptimes_duration: 40800.00607999762
