comms_cons: 268.1627775978396
finished_reconf: true
global_termination_time: 2662432.612
local_termination_time: 887728.9933599998
node_cons: 54742.331264466455
tot_aggregated_send: 36772
tot_msg_rcv: 1277
tot_msg_sent: 2711
tot_reconf_duration: 22.65
tot_sleeping_duration: 2621572.5876800097
tot_uptimes: 682
tot_uptimes_duration: 40860.02431999054
