comms_cons: 267.5732992030913
finished_reconf: true
global_termination_time: 2658247.006
local_termination_time: 447379.9284400006
node_cons: 54638.166505593064
tot_aggregated_send: 36714
tot_msg_rcv: 1227
tot_msg_sent: 2729
tot_reconf_duration: 5.1
tot_sleeping_duration: 2617446.975600004
tot_uptimes: 681
tot_uptimes_duration: 40800.03039999551
