comms_cons: 269.74985601160756
finished_reconf: true
global_termination_time: 2658952.648
local_termination_time: 406816.19836000056
node_cons: 54635.39074670016
tot_aggregated_send: 36424
tot_msg_rcv: 1550
tot_msg_sent: 3023
tot_reconf_duration: 3.05
tot_sleeping_duration: 2618152.6115200142
tot_uptimes: 681
tot_uptimes_duration: 40800.03647998581
