comms_cons: 766.8206668268006
finished_reconf: true
global_termination_time: 3891179.283319996
local_termination_time: 2457.88836
node_cons: 80090.43685405819
tot_aggregated_send: 0
tot_msg_rcv: 58735
tot_msg_sent: 57811
tot_reconf_duration: 5.57
tot_sleeping_duration: 3831371.312600011
tot_uptimes: 997
tot_uptimes_duration: 59807.9707199852
