comms_cons: 390.6823808580804
finished_reconf: true
global_termination_time: 3893789.287
local_termination_time: 2322971.12836
node_cons: 80105.55268558318
tot_aggregated_send: 53824
tot_msg_rcv: 1848
tot_msg_sent: 3710
tot_reconf_duration: 4.8100000000000005
tot_sleeping_duration: 3833969.256600011
tot_uptimes: 998
tot_uptimes_duration: 59820.03039998887
