comms_cons: 395.6481152881065
finished_reconf: true
global_termination_time: 3892310.207
local_termination_time: 1159909.5473599997
node_cons: 80031.48120669984
tot_aggregated_send: 53708
tot_msg_rcv: 2366
tot_msg_sent: 4060
tot_reconf_duration: 9.42
tot_sleeping_duration: 3832550.1705200137
tot_uptimes: 997
tot_uptimes_duration: 59760.036479986506
