comms_cons: 393.4545024924117
finished_reconf: true
global_termination_time: 3892261.58
local_termination_time: 1357001.3275199994
node_cons: 80035.83224558296
tot_aggregated_send: 53534
tot_msg_rcv: 2040
tot_msg_sent: 4230
tot_reconf_duration: 12.629999999999999
tot_sleeping_duration: 3832501.5496000117
tot_uptimes: 997
tot_uptimes_duration: 59760.03039998864
