comms_cons: 387.69314560360846
finished_reconf: true
global_termination_time: 3896757.135
local_termination_time: 1108720.2923599998
node_cons: 80107.45932446592
tot_aggregated_send: 54752
tot_msg_rcv: 1537
tot_msg_sent: 2639
tot_reconf_duration: 6.22
tot_sleeping_duration: 3836937.110680009
tot_uptimes: 998
tot_uptimes_duration: 59820.024319991004
