comms_cons: 57.187404799756045
finished_reconf: true
global_termination_time: 563613.629
local_termination_time: 78949.82599999974
node_cons: 11599.743123364318
tot_aggregated_send: 7598
tot_msg_rcv: 355
tot_msg_sent: 738
tot_reconf_duration: 22.65
tot_sleeping_duration: 554973.6107599968
tot_uptimes: 145
tot_uptimes_duration: 8640.018240003206
