comms_cons: 58.95770240087314
finished_reconf: true
global_termination_time: 562660.262
local_termination_time: 69966.69947999968
node_cons: 11603.385046290816
tot_aggregated_send: 7134
tot_msg_rcv: 620
tot_msg_sent: 1209
tot_reconf_duration: 25.299999999999997
tot_sleeping_duration: 554020.2114799919
tot_uptimes: 145
tot_uptimes_duration: 8640.05052000808
