comms_cons: 56.81797119961085
finished_reconf: true
global_termination_time: 564458.476
local_termination_time: 82884.27051999977
node_cons: 11575.508262242874
tot_aggregated_send: 7656
tot_msg_rcv: 286
tot_msg_sent: 694
tot_reconf_duration: 4.8100000000000005
tot_sleeping_duration: 555818.4638399979
tot_uptimes: 145
tot_uptimes_duration: 8640.012160002138
