comms_cons: 57.42886400066913
finished_reconf: true
global_termination_time: 561305.9858799991
local_termination_time: 175238.38136000006
node_cons: 11562.694105683177
tot_aggregated_send: 7424
tot_msg_rcv: 423
tot_msg_sent: 882
tot_reconf_duration: 18.700000000000003
tot_sleeping_duration: 552689.6307599967
tot_uptimes: 144
tot_uptimes_duration: 8616.35512000235
