comms_cons: 59.570048000658495
finished_reconf: true
global_termination_time: 565595.071
local_termination_time: 78932.88783999966
node_cons: 11577.455606726322
tot_aggregated_send: 7192
tot_msg_rcv: 697
tot_msg_sent: 1166
tot_reconf_duration: 6.22
tot_sleeping_duration: 556955.0345199952
tot_uptimes: 145
tot_uptimes_duration: 8640.03648000471
