comms_cons: 111.76550400630472
finished_reconf: true
global_termination_time: 564736.282
local_termination_time: 2977.76836
node_cons: 11584.35154447886
tot_aggregated_send: 0
tot_msg_rcv: 8636
tot_msg_sent: 8350
tot_reconf_duration: 11.31
tot_sleeping_duration: 556096.2576800009
tot_uptimes: 145
tot_uptimes_duration: 8640.024319999138
