comms_cons: 86.50394879910938
finished_reconf: true
global_termination_time: 875497.761
local_termination_time: 96420.23035999996
node_cons: 18011.03010000002
tot_aggregated_send: 12644
tot_msg_rcv: 165
tot_msg_sent: 340
tot_reconf_duration: 10.95
tot_sleeping_duration: 862057.761
tot_uptimes: 225
tot_uptimes_duration: 13440.0
