comms_cons: 711.8556993884351
finished_reconf: true
global_termination_time: 7128962.787
local_termination_time: 1511627.8287999984
node_cons: 146641.3887078149
tot_aggregated_send: 98658
tot_msg_rcv: 3057
tot_msg_sent: 6482
tot_reconf_duration: 15.34
tot_sleeping_duration: 7019462.744440015
tot_uptimes: 1826
tot_uptimes_duration: 109500.04255998484
