comms_cons: 707.7560961519533
finished_reconf: true
global_termination_time: 7124383.374
local_termination_time: 4349573.49036
node_cons: 146558.0855655804
tot_aggregated_send: 99122
tot_msg_rcv: 2883
tot_msg_sent: 5567
tot_reconf_duration: 13.17
tot_sleeping_duration: 7014943.3436000105
tot_uptimes: 1825
tot_uptimes_duration: 109440.0303999891
