comms_cons: 720.1759297954289
finished_reconf: true
global_termination_time: 7126080.891
local_termination_time: 402358.96236000006
node_cons: 146546.79781452165
tot_aggregated_send: 98948
tot_msg_rcv: 3679
tot_msg_sent: 6836
tot_reconf_duration: 4.8100000000000005
tot_sleeping_duration: 7016640.811960025
tot_uptimes: 1825
tot_uptimes_duration: 109440.07903997501
