comms_cons: 127.16437758590689
finished_reconf: true
global_termination_time: 1249057.5961200001
local_termination_time: 26173.31136
node_cons: 25671.033866394962
tot_aggregated_send: 16240
tot_msg_rcv: 971
tot_msg_sent: 2115
tot_reconf_duration: 15.34
tot_sleeping_duration: 1229901.3585200037
tot_uptimes: 320
tot_uptimes_duration: 19156.23759999621
