comms_cons: 129.236479987859
finished_reconf: true
global_termination_time: 1250656.965
local_termination_time: 246702.52436000007
node_cons: 25716.43336663171
tot_aggregated_send: 16066
tot_msg_rcv: 1307
tot_msg_sent: 2270
tot_reconf_duration: 5.57
tot_sleeping_duration: 1231456.9132400062
tot_uptimes: 321
tot_uptimes_duration: 19200.051759993774
