comms_cons: 127.91938558605969
finished_reconf: true
global_termination_time: 1251545.12
local_termination_time: 334949.09836000006
node_cons: 25713.055910074545
tot_aggregated_send: 15660
tot_msg_rcv: 1331
tot_msg_sent: 2452
tot_reconf_duration: 3.08
tot_sleeping_duration: 1232345.0652800042
tot_uptimes: 321
tot_uptimes_duration: 19200.054719995882
