comms_cons: 125.93246718766096
finished_reconf: true
global_termination_time: 1252149.311
local_termination_time: 465363.729
node_cons: 25721.22022671021
tot_aggregated_send: 16289
tot_msg_rcv: 927
tot_msg_sent: 1925
tot_reconf_duration: 9.11
tot_sleeping_duration: 1232949.2745200074
tot_uptimes: 321
tot_uptimes_duration: 19200.036479992676
