comms_cons: 123.21899519496144
finished_reconf: true
global_termination_time: 1251069.782
local_termination_time: 657234.7475999998
node_cons: 25729.343803355117
tot_aggregated_send: 17052
tot_msg_rcv: 642
tot_msg_sent: 1034
tot_reconf_duration: 15.110000000000001
tot_sleeping_duration: 1231869.7637600035
tot_uptimes: 321
tot_uptimes_duration: 19200.018239996338
