comms_cons: 120.73906559821981
finished_reconf: true
global_termination_time: 1251851.375
local_termination_time: 736234.1825599995
node_cons: 25724.96020000007
tot_aggregated_send: 17226
tot_msg_rcv: 350
tot_msg_sent: 775
tot_reconf_duration: 11.899999999999999
tot_sleeping_duration: 1232651.375
tot_uptimes: 321
tot_uptimes_duration: 19200.0
