comms_cons: 130.70853118157902
finished_reconf: true
global_termination_time: 1252261.121
local_termination_time: 127020.55735999996
node_cons: 25717.36073567134
tot_aggregated_send: 15892
tot_msg_rcv: 1348
tot_msg_sent: 2627
tot_reconf_duration: 6.22
tot_sleeping_duration: 1233061.0358800064
tot_uptimes: 321
tot_uptimes_duration: 19200.085119993506
