comms_cons: 129.97175038456658
finished_reconf: true
global_termination_time: 1249785.447
local_termination_time: 138505.26636000007
node_cons: 25724.207826710226
tot_aggregated_send: 16414
tot_msg_rcv: 1194
tot_msg_sent: 2146
tot_reconf_duration: 11.31
tot_sleeping_duration: 1230585.4105200074
tot_uptimes: 321
tot_uptimes_duration: 19200.036479992676
