comms_cons: 144.1426111912984
finished_reconf: true
global_termination_time: 1455014.257
local_termination_time: 1014535.8153599999
node_cons: 29892.441620000067
tot_aggregated_send: 20358
tot_msg_rcv: 491
tot_msg_sent: 1059
tot_reconf_duration: 4.390000000000001
tot_sleeping_duration: 1432694.257
tot_uptimes: 373
tot_uptimes_duration: 22320.0
