comms_cons: 587.4220796402398
finished_reconf: true
global_termination_time: 1210965.250879999
local_termination_time: 1210965.209759999
node_cons: 73903.63090903961
tot_aggregated_send: 0
tot_msg_rcv: 35985
tot_msg_sent: 53298
tot_reconf_duration: 24.59
tot_sleeping_duration: 1155797.0375199981
tot_uptimes: 906
tot_uptimes_duration: 55168.21336000094
