comms_cons: 108.11502079315696
finished_reconf: true
global_termination_time: 1072963.92
local_termination_time: 309228.32764000044
node_cons: 22034.008002233735
tot_aggregated_send: 14732
tot_msg_rcv: 550
tot_msg_sent: 1150
tot_reconf_duration: 15.34
tot_sleeping_duration: 1056523.9078400047
tot_uptimes: 275
tot_uptimes_duration: 16440.01215999527
