comms_cons: 107.90076159497164
finished_reconf: true
global_termination_time: 1072280.163
local_termination_time: 636047.0233599999
node_cons: 22047.53368223376
tot_aggregated_send: 14500
tot_msg_rcv: 674
tot_msg_sent: 1226
tot_reconf_duration: 25.299999999999997
tot_sleeping_duration: 1055840.1508400047
tot_uptimes: 275
tot_uptimes_duration: 16440.01215999527
