comms_cons: 107.9975679922546
finished_reconf: true
global_termination_time: 1071328.937
local_termination_time: 600621.5773599999
node_cons: 22038.59530558873
tot_aggregated_send: 14210
tot_msg_rcv: 704
tot_msg_sent: 1501
tot_reconf_duration: 18.700000000000003
tot_sleeping_duration: 1054888.9066000083
tot_uptimes: 275
tot_uptimes_duration: 16440.030399991607
