comms_cons: 107.12451839425468
finished_reconf: true
global_termination_time: 1069492.024
local_termination_time: 288201.21436000004
node_cons: 21939.39268559339
tot_aggregated_send: 14500
tot_msg_rcv: 569
tot_msg_sent: 1213
tot_reconf_duration: 4.8100000000000005
tot_sleeping_duration: 1053111.993600005
tot_uptimes: 274
tot_uptimes_duration: 16380.030399995041
