comms_cons: 110.11451518896037
finished_reconf: true
global_termination_time: 1071416.527
local_termination_time: 200102.05636000005
node_cons: 22021.671888948487
tot_aggregated_send: 13978
tot_msg_rcv: 904
tot_msg_sent: 1855
tot_reconf_duration: 6.22
tot_sleeping_duration: 1054976.4783600087
tot_uptimes: 275
tot_uptimes_duration: 16440.04863999138
