comms_cons: 19.00072960006594
finished_reconf: true
global_termination_time: 194960.6933600006
local_termination_time: 194945.3788800004
node_cons: 4012.035421040765
tot_aggregated_send: 2842
tot_msg_rcv: 18
tot_msg_sent: 28
tot_reconf_duration: 7.819999999999999
tot_sleeping_duration: 191972.332
tot_uptimes: 50
tot_uptimes_duration: 2988.361360000592
