comms_cons: 20.263935999746977
finished_reconf: true
global_termination_time: 197260.176
local_termination_time: 8091.555360000003
node_cons: 4032.358980000003
tot_aggregated_send: 2552
tot_msg_rcv: 190
tot_msg_sent: 338
tot_reconf_duration: 11.31
tot_sleeping_duration: 194260.176
tot_uptimes: 51
tot_uptimes_duration: 3000.0
