comms_cons: 13.821708799726052
finished_reconf: true
global_termination_time: 133993.275
local_termination_time: 6602.535999999999
node_cons: 2761.0421455991764
tot_aggregated_send: 733
tot_msg_rcv: 652
tot_msg_sent: 718
tot_reconf_duration: 21.68
tot_sleeping_duration: 131953.24460000062
tot_uptimes: 35
tot_uptimes_duration: 2040.0303999993848
