comms_cons: 15.832063999385346
finished_reconf: true
global_termination_time: 129175.627
local_termination_time: 2736.9311199999997
node_cons: 2663.3984889563476
tot_aggregated_send: 928
tot_msg_rcv: 696
tot_msg_sent: 783
tot_reconf_duration: 8.92
tot_sleeping_duration: 127195.57836000272
tot_uptimes: 34
tot_uptimes_duration: 1980.0486399972724
