comms_cons: 13.0740607998154
finished_reconf: true
global_termination_time: 134551.925
local_termination_time: 5226.219
node_cons: 2739.5069678386203
tot_aggregated_send: 458
tot_msg_rcv: 550
tot_msg_sent: 980
tot_reconf_duration: 5.8100000000000005
tot_sleeping_duration: 132511.882440001
tot_uptimes: 35
tot_uptimes_duration: 2040.0425599989685
