comms_cons: 345.4048128091457
finished_reconf: true
global_termination_time: 3434180.171
local_termination_time: 2397734.21036
node_cons: 70653.24182334899
tot_aggregated_send: 47502
tot_msg_rcv: 1754
tot_msg_sent: 3243
tot_reconf_duration: 25.299999999999997
tot_sleeping_duration: 3381440.152760007
tot_uptimes: 880
tot_uptimes_duration: 52740.01823999314
