comms_cons: 790.5745474394885
finished_reconf: true
global_termination_time: 7796983.435
local_termination_time: 238547.62696000014
node_cons: 160389.48825228613
tot_aggregated_send: 107184
tot_msg_rcv: 4594
tot_msg_sent: 8383
tot_reconf_duration: 22.65
tot_sleeping_duration: 7677223.368120021
tot_uptimes: 1997
tot_uptimes_duration: 119760.06687997881
