comms_cons: 783.0794753974503
finished_reconf: true
global_termination_time: 7799873.693
local_termination_time: 396570.46636
node_cons: 160445.00674893128
tot_aggregated_send: 108750
tot_msg_rcv: 3418
tot_msg_sent: 6853
tot_reconf_duration: 4.390000000000001
tot_sleeping_duration: 7680053.644360017
tot_uptimes: 1998
tot_uptimes_duration: 119820.0486399827
