comms_cons: 778.5964161714603
finished_reconf: true
global_termination_time: 7800275.458
local_termination_time: 1401220.0123599998
node_cons: 160447.49188893102
tot_aggregated_send: 108692
tot_msg_rcv: 3246
tot_msg_sent: 6403
tot_reconf_duration: 6.22
tot_sleeping_duration: 7680455.409360017
tot_uptimes: 1998
tot_uptimes_duration: 119820.0486399825
