comms_cons: 776.5974850004594
finished_reconf: true
global_termination_time: 7797104.268
local_termination_time: 1419174.54036
node_cons: 160374.0559678143
tot_aggregated_send: 108112
tot_msg_rcv: 3143
tot_msg_sent: 6784
tot_reconf_duration: 11.31
tot_sleeping_duration: 7677344.225440015
tot_uptimes: 1997
tot_uptimes_duration: 119760.04255998484
