comms_cons: 185.5071231889493
finished_reconf: true
global_termination_time: 1863729.316
local_termination_time: 1596090.7157999994
node_cons: 38329.7440599999
tot_aggregated_send: 26332
tot_msg_rcv: 649
tot_msg_sent: 1215
tot_reconf_duration: 5.57
tot_sleeping_duration: 1835109.316
tot_uptimes: 478
tot_uptimes_duration: 28620.0
