comms_cons: 256.450636632058
finished_reconf: true
global_termination_time: 1303964.153
local_termination_time: 338101.2736000001
node_cons: 26783.986841116905
tot_aggregated_send: 0
tot_msg_rcv: 19682
tot_msg_sent: 19297
tot_reconf_duration: 22.65
tot_sleeping_duration: 1283984.1469200023
tot_uptimes: 334
tot_uptimes_duration: 19980.006079997635
