comms_cons: 14.612403199970139
finished_reconf: true
global_termination_time: 149729.33720000027
local_termination_time: 114224.48135999996
node_cons: 3081.9555168003294
tot_aggregated_send: 2146
tot_msg_rcv: 9
tot_msg_sent: 65
tot_reconf_duration: 3.05
tot_sleeping_duration: 147430.746
tot_uptimes: 39
tot_uptimes_duration: 2298.5912000002572
