comms_cons: 119.0243071932643
finished_reconf: true
global_termination_time: 1204850.765
local_termination_time: 458684.38680000027
node_cons: 24755.339560000048
tot_aggregated_send: 16936
tot_msg_rcv: 447
tot_msg_sent: 708
tot_reconf_duration: 7.819999999999999
tot_sleeping_duration: 1186370.765
tot_uptimes: 309
tot_uptimes_duration: 18480.0
