comms_cons: 119.54406399644807
finished_reconf: true
global_termination_time: 1206284.023
local_termination_time: 245552.54536000005
node_cons: 24753.16676000004
tot_aggregated_send: 17284
tot_msg_rcv: 311
tot_msg_sent: 575
tot_reconf_duration: 6.22
tot_sleeping_duration: 1187804.023
tot_uptimes: 309
tot_uptimes_duration: 18480.0
