comms_cons: 29.078406400377983
finished_reconf: true
global_termination_time: 291283.1714800002
local_termination_time: 174963.0244000008
node_cons: 5972.76859984166
tot_aggregated_send: 4002
tot_msg_rcv: 125
tot_msg_sent: 292
tot_reconf_duration: 6.22
tot_sleeping_duration: 286828.86091999896
tot_uptimes: 75
tot_uptimes_duration: 4454.310560001235
