comms_cons: 756.3383482355989
finished_reconf: true
global_termination_time: 1904560.377
local_termination_time: 443543.29360000003
node_cons: 115349.33858594869
tot_aggregated_send: 0
tot_msg_rcv: 46497
tot_msg_sent: 68463
tot_reconf_duration: 4.390000000000001
tot_sleeping_duration: 1818418.945360006
tot_uptimes: 1411
tot_uptimes_duration: 86141.43163999406
