comms_cons: 10.506982400072378
finished_reconf: true
global_termination_time: 94984.998
local_termination_time: 46981.70036000001
node_cons: 1934.6919799999962
tot_aggregated_send: 1218
tot_msg_rcv: 209
tot_msg_sent: 170
tot_reconf_duration: 4.8100000000000005
tot_sleeping_duration: 93544.998
tot_uptimes: 25
tot_uptimes_duration: 1440.0
