comms_cons: 10.118809599887845
finished_reconf: true
global_termination_time: 96042.849
local_termination_time: 67365.81435999996
node_cons: 1932.310041119135
tot_aggregated_send: 1044
tot_msg_rcv: 147
tot_msg_sent: 347
tot_reconf_duration: 3.05
tot_sleeping_duration: 94602.84292000064
tot_uptimes: 25
tot_uptimes_duration: 1440.0060799993662
