comms_cons: 10.639193600120363
finished_reconf: true
global_termination_time: 94839.622
local_termination_time: 11115.572280000002
node_cons: 1936.6149011202883
tot_aggregated_send: 928
tot_msg_rcv: 225
tot_msg_sent: 464
tot_reconf_duration: 6.22
tot_sleeping_duration: 93399.61591999978
tot_uptimes: 25
tot_uptimes_duration: 1440.0060800002175
