comms_cons: 220.02981758370805
finished_reconf: true
global_termination_time: 2182322.546
local_termination_time: 245551.5186400004
node_cons: 44835.82001899522
tot_aggregated_send: 29290
tot_msg_rcv: 1350
tot_msg_sent: 2803
tot_reconf_duration: 4.390000000000001
tot_sleeping_duration: 2148842.442640033
tot_uptimes: 559
tot_uptimes_duration: 33480.10335996689
