comms_cons: 73.46906879991373
finished_reconf: true
global_termination_time: 728861.6724799998
local_termination_time: 728861.6313599999
node_cons: 14995.016083204406
tot_aggregated_send: 9976
tot_msg_rcv: 376
tot_msg_sent: 813
tot_reconf_duration: 24.59
tot_sleeping_duration: 717687.9436799966
tot_uptimes: 187
tot_uptimes_duration: 11173.728800003264
