comms_cons: 74.73971200027987
finished_reconf: true
global_termination_time: 728861.9472400004
local_termination_time: 2465.2340800000006
node_cons: 15027.592600481868
tot_aggregated_send: 9628
tot_msg_rcv: 603
tot_msg_sent: 1128
tot_reconf_duration: 18.21
tot_sleeping_duration: 717657.418919999
tot_uptimes: 187
tot_uptimes_duration: 11204.52832000138
