comms_cons: 41.0522624016944
finished_reconf: true
global_termination_time: 208915.111
local_termination_time: 2821.1014800000003
node_cons: 4288.786841119155
tot_aggregated_send: 0
tot_msg_rcv: 3183
tot_msg_sent: 3056
tot_reconf_duration: 22.65
tot_sleeping_duration: 205735.10492000062
tot_uptimes: 54
tot_uptimes_duration: 3180.006079999366
