comms_cons: 20.750796799996237
finished_reconf: true
global_termination_time: 208818.085
local_termination_time: 119429.20071999994
node_cons: 4268.639560000012
tot_aggregated_send: 2900
tot_msg_rcv: 87
tot_msg_sent: 167
tot_reconf_duration: 7.819999999999999
tot_sleeping_duration: 205638.085
tot_uptimes: 54
tot_uptimes_duration: 3180.0
