comms_cons: 21.29029120002259
finished_reconf: true
global_termination_time: 208385.315
local_termination_time: 43112.21736000001
node_cons: 4265.4020811202945
tot_aggregated_send: 2668
tot_msg_rcv: 166
tot_msg_sent: 402
tot_reconf_duration: 5.43
tot_sleeping_duration: 205205.30891999978
tot_uptimes: 54
tot_uptimes_duration: 3180.0060800002175
