comms_cons: 66.04336000369155
finished_reconf: true
global_termination_time: 494390.69036000094
local_termination_time: 494390.69036000094
node_cons: 10254.358985460758
tot_aggregated_send: 4002
tot_msg_rcv: 2601
tot_msg_sent: 3439
tot_reconf_duration: 37.410000000000004
tot_sleeping_duration: 486770.40939998545
tot_uptimes: 127
tot_uptimes_duration: 7620.280960015487
