comms_cons: 48.24527360002236
finished_reconf: true
global_termination_time: 495204.475
local_termination_time: 55738.33636000001
node_cons: 10135.211380000013
tot_aggregated_send: 7250
tot_msg_rcv: 33
tot_msg_sent: 50
tot_reconf_duration: 9.11
tot_sleeping_duration: 487644.475
tot_uptimes: 127
tot_uptimes_duration: 7560.0
