comms_cons: 54.988608004637214
finished_reconf: true
global_termination_time: 324249.57
local_termination_time: 26642.15236
node_cons: 6692.957321119157
tot_aggregated_send: 0
tot_msg_rcv: 4250
tot_msg_sent: 4108
tot_reconf_duration: 18.21
tot_sleeping_duration: 319269.5639200006
tot_uptimes: 84
tot_uptimes_duration: 4980.006079999367
