comms_cons: 32.22492160035085
finished_reconf: true
global_termination_time: 322148.685
local_termination_time: 119742.76935999998
node_cons: 6618.638700000019
tot_aggregated_send: 4408
tot_msg_rcv: 203
tot_msg_sent: 287
tot_reconf_duration: 22.65
tot_sleeping_duration: 317228.685
tot_uptimes: 83
tot_uptimes_duration: 4920.0
