comms_cons: 95.1693823999184
finished_reconf: true
global_termination_time: 970800.411
local_termination_time: 5124.764
node_cons: 19937.115062238292
tot_aggregated_send: 14084
tot_msg_rcv: 145
tot_msg_sent: 236
tot_reconf_duration: 9.41
tot_sleeping_duration: 955920.3988400012
tot_uptimes: 249
tot_uptimes_duration: 14880.012159998703
