comms_cons: 95.53719039872824
finished_reconf: true
global_termination_time: 973825.781
local_termination_time: 7504.553
node_cons: 20030.456561121464
tot_aggregated_send: 14075
tot_msg_rcv: 155
tot_msg_sent: 292
tot_reconf_duration: 18.990000000000002
tot_sleeping_duration: 958885.774919999
tot_uptimes: 250
tot_uptimes_duration: 14940.006080001069
