comms_cons: 175.23103999647603
finished_reconf: true
global_termination_time: 1787509.079
local_termination_time: 827134.228
node_cons: 36722.94405999981
tot_aggregated_send: 25862
tot_msg_rcv: 247
tot_msg_sent: 526
tot_reconf_duration: 5.57
tot_sleeping_duration: 1760089.079
tot_uptimes: 458
tot_uptimes_duration: 27420.0
