comms_cons: 47.00083200024685
finished_reconf: true
global_termination_time: 468263.88
local_termination_time: 40908.58960000002
node_cons: 9571.079560000011
tot_aggregated_send: 6496
tot_msg_rcv: 248
tot_msg_sent: 399
tot_reconf_duration: 7.819999999999999
tot_sleeping_duration: 461123.88
tot_uptimes: 120
tot_uptimes_duration: 7140.0
