comms_cons: 415.91623682705495
finished_reconf: true
global_termination_time: 4237594.389
local_termination_time: 2708483.5313600004
node_cons: 87177.4689455841
tot_aggregated_send: 59044
tot_msg_rcv: 1253
tot_msg_sent: 2920
tot_reconf_duration: 6.279999999999999
tot_sleeping_duration: 4172494.358600011
tot_uptimes: 1086
tot_uptimes_duration: 65100.03039998957
