comms_cons: 413.70009602767664
finished_reconf: true
global_termination_time: 4235262.621
local_termination_time: 2824363.746279998
node_cons: 87095.5183644658
tot_aggregated_send: 58290
tot_msg_rcv: 1579
tot_msg_sent: 3011
tot_reconf_duration: 5.1
tot_sleeping_duration: 4170222.5966800093
tot_uptimes: 1085
tot_uptimes_duration: 65040.024319991004
