comms_cons: 423.9379584739897
finished_reconf: true
global_termination_time: 4235778.55
local_termination_time: 262248.31340000086
node_cons: 87103.50337005538
tot_aggregated_send: 59566
tot_msg_rcv: 1562
tot_msg_sent: 3309
tot_reconf_duration: 10.95
tot_sleeping_duration: 4170738.4952800167
tot_uptimes: 1085
tot_uptimes_duration: 65040.05471998331
