comms_cons: 421.79971845762765
finished_reconf: true
global_termination_time: 4235925.433
local_termination_time: 186347.22936000006
node_cons: 87104.79347005535
tot_aggregated_send: 60262
tot_msg_rcv: 1238
tot_msg_sent: 2612
tot_reconf_duration: 11.899999999999999
tot_sleeping_duration: 4170885.3782800166
tot_uptimes: 1085
tot_uptimes_duration: 65040.05471998331
