comms_cons: 2.263244799996742
finished_reconf: true
global_termination_time: 16178.842
local_termination_time: 8181.1633600000005
node_cons: 336.71898000000294
tot_aggregated_send: 0
tot_msg_rcv: 178
tot_msg_sent: 166
tot_reconf_duration: 11.31
tot_sleeping_duration: 15938.841999999999
tot_uptimes: 5
tot_uptimes_duration: 240.0000000000009
