comms_cons: 195.4088191933352
finished_reconf: true
global_termination_time: 1979172.17
local_termination_time: 666759.6307199987
node_cons: 40668.20019999974
tot_aggregated_send: 28594
tot_msg_rcv: 364
tot_msg_sent: 743
tot_reconf_duration: 11.899999999999999
tot_sleeping_duration: 1948812.17
tot_uptimes: 507
tot_uptimes_duration: 30360.0
