comms_cons: 14.257753599502344
finished_reconf: true
global_termination_time: 112294.787
local_termination_time: 50233.742440000045
node_cons: 2267.4541351977396
tot_aggregated_send: 812
tot_msg_rcv: 549
tot_msg_sent: 806
tot_reconf_duration: 13.17
tot_sleeping_duration: 110614.75020000168
tot_uptimes: 29
tot_uptimes_duration: 1680.0367999983137
