comms_cons: 15.346918399670969
finished_reconf: true
global_termination_time: 116237.807
local_termination_time: 9161.64236
node_cons: 2360.6756878391902
tot_aggregated_send: 754
tot_msg_rcv: 658
tot_msg_sent: 922
tot_reconf_duration: 22.65
tot_sleeping_duration: 114497.76444000061
tot_uptimes: 30
tot_uptimes_duration: 1740.042559999396
