comms_cons: 2.2354175999930757
finished_reconf: true
global_termination_time: 17365.791
local_termination_time: 7311.5833600000005
node_cons: 355.7174000000002
tot_aggregated_send: 0
tot_msg_rcv: 184
tot_msg_sent: 154
tot_reconf_duration: 25.299999999999997
tot_sleeping_duration: 17125.791
tot_uptimes: 5
tot_uptimes_duration: 240.0
