comms_cons: 248.43253118545815
finished_reconf: true
global_termination_time: 2436046.293
local_termination_time: 1471807.6414399985
node_cons: 50060.42965116861
tot_aggregated_send: 32306
tot_msg_rcv: 1870
tot_msg_sent: 3582
tot_reconf_duration: 6.279999999999999
tot_sleeping_duration: 2398666.2322000233
tot_uptimes: 624
tot_uptimes_duration: 37380.060799977044
