comms_cons: 242.96106240100644
finished_reconf: true
global_termination_time: 2433477.704
local_termination_time: 1528531.6649999989
node_cons: 50064.6123599992
tot_aggregated_send: 34568
tot_msg_rcv: 801
tot_msg_sent: 1560
tot_reconf_duration: 9.42
tot_sleeping_duration: 2396097.704
tot_uptimes: 624
tot_uptimes_duration: 37380.0
