comms_cons: 76.99665919670353
finished_reconf: true
global_termination_time: 766981.501
local_termination_time: 352192.77336000005
node_cons: 15781.038105597961
tot_aggregated_send: 9744
tot_msg_rcv: 582
tot_msg_sent: 1376
tot_reconf_duration: 25.299999999999997
tot_sleeping_duration: 755221.4706000015
tot_uptimes: 197
tot_uptimes_duration: 11760.030399998475
