comms_cons: 75.87553919954499
finished_reconf: true
global_termination_time: 764825.889
local_termination_time: 304025.9176000001
node_cons: 15670.490781116878
tot_aggregated_send: 9686
tot_msg_rcv: 562
tot_msg_sent: 1284
tot_reconf_duration: 3.08
tot_sleeping_duration: 753125.8829200023
tot_uptimes: 196
tot_uptimes_duration: 11700.006079997635
