comms_cons: 76.91147519899042
finished_reconf: true
global_termination_time: 764653.754
local_termination_time: 457936.0671200005
node_cons: 15683.475963355126
tot_aggregated_send: 10150
tot_msg_rcv: 564
tot_msg_sent: 977
tot_reconf_duration: 12.629999999999999
tot_sleeping_duration: 752953.7357600036
tot_uptimes: 196
tot_uptimes_duration: 11700.018239996338
