comms_cons: 76.77926400019888
finished_reconf: true
global_termination_time: 764922.418
local_termination_time: 502348.06036000006
node_cons: 15681.1863822383
tot_aggregated_send: 10440
tot_msg_rcv: 424
tot_msg_sent: 806
tot_reconf_duration: 10.95
tot_sleeping_duration: 753222.4058400013
tot_uptimes: 196
tot_uptimes_duration: 11700.012159998703
