comms_cons: 183.7570559858907
finished_reconf: true
global_termination_time: 1826477.18
local_termination_time: 940483.1842399989
node_cons: 37539.63614335038
tot_aggregated_send: 25520
tot_msg_rcv: 875
tot_msg_sent: 1535
tot_reconf_duration: 15.34
tot_sleeping_duration: 1798457.161760007
tot_uptimes: 468
tot_uptimes_duration: 28020.01823999296
