comms_cons: 184.16858238550273
finished_reconf: true
global_termination_time: 1822720.623
local_termination_time: 879707.2400399994
node_cons: 37446.99266335038
tot_aggregated_send: 25462
tot_msg_rcv: 963
tot_msg_sent: 1568
tot_reconf_duration: 6.279999999999999
tot_sleeping_duration: 1794760.604760007
tot_uptimes: 467
tot_uptimes_duration: 27960.018239992904
