comms_cons: 38.356736000175054
finished_reconf: true
global_termination_time: 389382.237
local_termination_time: 2465.2340800000006
node_cons: 7978.38918000001
tot_aggregated_send: 5568
tot_msg_rcv: 104
tot_msg_sent: 158
tot_reconf_duration: 18.21
tot_sleeping_duration: 383442.237
tot_uptimes: 100
tot_uptimes_duration: 5940.0
