comms_cons: 52.89018880099195
finished_reconf: true
global_termination_time: 522932.237
local_termination_time: 402670.92936000007
node_cons: 10691.760121121442
tot_aggregated_send: 6902
tot_msg_rcv: 327
tot_msg_sent: 810
tot_reconf_duration: 4.8100000000000005
tot_sleeping_duration: 514952.23091999895
tot_uptimes: 134
tot_uptimes_duration: 7980.006080001069
