comms_cons: 52.1211328005388
finished_reconf: true
global_termination_time: 520384.982
local_termination_time: 336933.26736000006
node_cons: 10700.587121121442
tot_aggregated_send: 7250
tot_msg_rcv: 218
tot_msg_sent: 454
tot_reconf_duration: 11.31
tot_sleeping_duration: 512404.97591999895
tot_uptimes: 134
tot_uptimes_duration: 7980.006080001069
