comms_cons: 47.50214399987175
finished_reconf: true
global_termination_time: 12141.612240000002
local_termination_time: 771.2314799999991
node_cons: 5441.59637384003
tot_aggregated_send: 0
tot_msg_rcv: 3760
tot_msg_sent: 3458
tot_reconf_duration: 5.57
tot_sleeping_duration: 8083.335679999981
tot_uptimes: 50
tot_uptimes_duration: 4058.276560000021
