comms_cons: 2.6974719999953063
finished_reconf: true
global_termination_time: 18323.802
local_termination_time: 10068.46136
node_cons: 341.8793799999984
tot_aggregated_send: 0
tot_msg_rcv: 245
tot_msg_sent: 165
tot_reconf_duration: 15.110000000000001
tot_sleeping_duration: 18083.802
tot_uptimes: 5
tot_uptimes_duration: 240.0
