comms_cons: 3.303219199988503
finished_reconf: true
global_termination_time: 14603.567
local_termination_time: 10697.75936
node_cons: 253.81236000000007
tot_aggregated_send: 0
tot_msg_rcv: 333
tot_msg_sent: 168
tot_reconf_duration: 9.42
tot_sleeping_duration: 14423.567
tot_uptimes: 4
tot_uptimes_duration: 180.0
