comms_cons: 2.4540415999918905
finished_reconf: true
global_termination_time: 12194.2
local_termination_time: 10342.45636
node_cons: 245.1618999999996
tot_aggregated_send: 0
tot_msg_rcv: 201
tot_msg_sent: 172
tot_reconf_duration: 3.05
tot_sleeping_duration: 12014.2
tot_uptimes: 4
tot_uptimes_duration: 180.00000000000045
