comms_cons: 116.31319681310971
finished_reconf: true
global_termination_time: 401789.2076000001
local_termination_time: 401789.1664800001
node_cons: 16271.91164551934
tot_aggregated_send: 0
tot_msg_rcv: 5984
tot_msg_sent: 11694
tot_reconf_duration: 37.410000000000004
tot_sleeping_duration: 389674.8619200006
tot_uptimes: 200
tot_uptimes_duration: 12114.34567999948
