comms_cons: 39.36398080001254
finished_reconf: true
global_termination_time: 403100.959
local_termination_time: 237459.715
node_cons: 8289.201063681227
tot_aggregated_send: 5856
tot_msg_rcv: 13
tot_msg_sent: 111
tot_reconf_duration: 9.42
tot_sleeping_duration: 396919.92187999905
tot_uptimes: 104
tot_uptimes_duration: 6181.037120000927
