comms_cons: 9.678630400114084
finished_reconf: true
global_termination_time: 70874.367
local_termination_time: 24972.88504
node_cons: 1466.984284481165
tot_aggregated_send: 290
tot_msg_rcv: 434
tot_msg_sent: 749
tot_reconf_duration: 15.34
tot_sleeping_duration: 69794.34267999913
tot_uptimes: 19
tot_uptimes_duration: 1080.02432000087
