comms_cons: 10.64702720021959
finished_reconf: true
global_termination_time: 73878.377
local_termination_time: 11902.557
node_cons: 1485.2226392811806
tot_aggregated_send: 232
tot_msg_rcv: 574
tot_msg_sent: 814
tot_reconf_duration: 18.700000000000003
tot_sleeping_duration: 72788.13947999911
tot_uptimes: 19
tot_uptimes_duration: 1090.237520000881
