comms_cons: 10.190758400077103
finished_reconf: true
global_termination_time: 73103.073
local_termination_time: 32650.9582
node_cons: 1462.3209056003134
tot_aggregated_send: 232
tot_msg_rcv: 502
tot_msg_sent: 814
tot_reconf_duration: 11.899999999999999
tot_sleeping_duration: 72023.04259999977
tot_uptimes: 19
tot_uptimes_duration: 1080.030400000236
