comms_cons: 9.935219200170637
finished_reconf: true
global_termination_time: 72721.344
local_termination_time: 40162.21724000019
node_cons: 1450.7235856003172
tot_aggregated_send: 464
tot_msg_rcv: 460
tot_msg_sent: 586
tot_reconf_duration: 3.3600000000000003
tot_sleeping_duration: 71641.31359999976
tot_uptimes: 19
tot_uptimes_duration: 1080.030400000236
