comms_cons: 8.578752000131807
finished_reconf: true
global_termination_time: 69798.304
local_termination_time: 35546.333
node_cons: 1383.5707128805598
tot_aggregated_send: 522
tot_msg_rcv: 316
tot_msg_sent: 466
tot_reconf_duration: 9.629999999999999
tot_sleeping_duration: 68774.78407999958
tot_uptimes: 18
tot_uptimes_duration: 1023.5199200004208
