comms_cons: 11.64305280007547
finished_reconf: true
global_termination_time: 73446.026
local_termination_time: 25754.84936
node_cons: 1456.755842240582
tot_aggregated_send: 348
tot_msg_rcv: 719
tot_msg_sent: 702
tot_reconf_duration: 7.819999999999999
tot_sleeping_duration: 72366.01383999956
tot_uptimes: 19
tot_uptimes_duration: 1080.012160000435
