comms_cons: 72.46988799956104
finished_reconf: true
global_termination_time: 737063.352
local_termination_time: 484642.4699600006
node_cons: 15112.366759999983
tot_aggregated_send: 10730
tot_msg_rcv: 116
tot_msg_sent: 169
tot_reconf_duration: 6.22
tot_sleeping_duration: 725783.352
tot_uptimes: 189
tot_uptimes_duration: 11280.0
