comms_cons: 118.43406079290433
finished_reconf: true
global_termination_time: 1182900.643
local_termination_time: 333919.9971200009
node_cons: 24271.240804471923
tot_aggregated_send: 16240
tot_msg_rcv: 482
tot_msg_sent: 1281
tot_reconf_duration: 6.279999999999999
tot_sleeping_duration: 1164780.618680006
tot_uptimes: 303
tot_uptimes_duration: 18120.024319993972
