comms_cons: 117.62356479642317
finished_reconf: true
global_termination_time: 1182733.203
local_termination_time: 333975.3903600001
node_cons: 24270.25220112148
tot_aggregated_send: 16762
tot_msg_rcv: 367
tot_msg_sent: 749
tot_reconf_duration: 5.57
tot_sleeping_duration: 1164613.1969199989
tot_uptimes: 303
tot_uptimes_duration: 18120.00608000107
