comms_cons: 117.88673279726066
finished_reconf: true
global_termination_time: 1183457.537
local_termination_time: 467412.92236
node_cons: 24355.39138000002
tot_aggregated_send: 16878
tot_msg_rcv: 352
tot_msg_sent: 688
tot_reconf_duration: 9.11
tot_sleeping_duration: 1165277.537
tot_uptimes: 304
tot_uptimes_duration: 18180.0
