comms_cons: 117.46503679602729
finished_reconf: true
global_termination_time: 1186429.877
local_termination_time: 949221.7888399997
node_cons: 24368.41459999997
tot_aggregated_send: 17052
tot_msg_rcv: 297
tot_msg_sent: 505
tot_reconf_duration: 18.700000000000003
tot_sleeping_duration: 1168249.877
tot_uptimes: 304
tot_uptimes_duration: 18180.0
