comms_cons: 275.0105599817609
finished_reconf: true
global_termination_time: 2779590.978
local_termination_time: 679941.7783599999
node_cons: 57146.51802669994
tot_aggregated_send: 38222
tot_msg_rcv: 1302
tot_msg_sent: 2276
tot_reconf_duration: 18.21
tot_sleeping_duration: 2736930.9415200143
tot_uptimes: 712
tot_uptimes_duration: 42660.03647998581
