comms_cons: 90.1463360113424
finished_reconf: true
global_termination_time: 390614.5160400008
local_termination_time: 390614.5160400008
node_cons: 8155.525117950282
tot_aggregated_send: 0
tot_msg_rcv: 7796
tot_msg_sent: 5908
tot_reconf_duration: 37.410000000000004
tot_sleeping_duration: 384561.6987599782
tot_uptimes: 101
tot_uptimes_duration: 6052.8172800226075
