comms_cons: 39.227571200566175
finished_reconf: true
global_termination_time: 393473.459
local_termination_time: 79232.18435999996
node_cons: 8068.365541121425
tot_aggregated_send: 5452
tot_msg_rcv: 185
tot_msg_sent: 325
tot_reconf_duration: 25.299999999999997
tot_sleeping_duration: 387473.4529199989
tot_uptimes: 101
tot_uptimes_duration: 6000.006080001069
