comms_cons: 76.93058559590253
finished_reconf: true
global_termination_time: 788097.661
local_termination_time: 7281.771
node_cons: 16164.989045588783
tot_aggregated_send: 10775
tot_msg_rcv: 338
tot_msg_sent: 580
tot_reconf_duration: 12.23
tot_sleeping_duration: 776037.6306000083
tot_uptimes: 202
tot_uptimes_duration: 12060.030399991607
