comms_cons: 164.89687674367096
finished_reconf: true
global_termination_time: 830753.366
local_termination_time: 203123.05336000002
node_cons: 17042.73212448112
tot_aggregated_send: 0
tot_msg_rcv: 12767
tot_msg_sent: 12299
tot_reconf_duration: 7.819999999999999
tot_sleeping_duration: 818033.3416799993
tot_uptimes: 213
tot_uptimes_duration: 12720.02432000084
