comms_cons: 86.1618303934525
finished_reconf: true
global_termination_time: 830545.531
local_termination_time: 97844.06535999998
node_cons: 17047.504108948495
tot_aggregated_send: 10614
tot_msg_rcv: 800
tot_msg_sent: 1682
tot_reconf_duration: 11.31
tot_sleeping_duration: 817825.4823600086
tot_uptimes: 213
tot_uptimes_duration: 12720.048639991379
