comms_cons: 82.60248319758522
finished_reconf: true
global_termination_time: 827270.256
local_termination_time: 474870.7024800001
node_cons: 16972.57986111689
tot_aggregated_send: 11542
tot_msg_rcv: 328
tot_msg_sent: 686
tot_reconf_duration: 15.34
tot_sleeping_duration: 814610.2499200024
tot_uptimes: 212
tot_uptimes_duration: 12660.006079997635
