comms_cons: 41.59370240012715
finished_reconf: true
global_termination_time: 426983.80512000027
local_termination_time: 246283.696
node_cons: 8828.474167841296
tot_aggregated_send: 6146
tot_msg_rcv: 61
tot_msg_sent: 115
tot_reconf_duration: 22.65
tot_sleeping_duration: 420413.4425599993
tot_uptimes: 110
tot_uptimes_duration: 6570.3625600009655
