comms_cons: 86.24478721148567
finished_reconf: true
global_termination_time: 432326.489
local_termination_time: 2298.847040000001
node_cons: 8843.94012112144
tot_aggregated_send: 0
tot_msg_rcv: 6725
tot_msg_sent: 6383
tot_reconf_duration: 4.8100000000000005
tot_sleeping_duration: 425726.48291999893
tot_uptimes: 111
tot_uptimes_duration: 6600.006080001069
