comms_cons: 42.024358400500454
finished_reconf: true
global_termination_time: 433007.383
local_termination_time: 198168.78736000095
node_cons: 8841.550041121425
tot_aggregated_send: 5684
tot_msg_rcv: 232
tot_msg_sent: 471
tot_reconf_duration: 3.05
tot_sleeping_duration: 426407.3769199989
tot_uptimes: 111
tot_uptimes_duration: 6600.006080001069
