comms_cons: 0.7302912000001149
finished_reconf: true
global_termination_time: 7146.285
local_termination_time: 112.44980000000017
node_cons: 87.26580000000001
tot_aggregated_send: 0
tot_msg_rcv: 56
tot_msg_sent: 55
tot_reconf_duration: 5.1
tot_sleeping_duration: 7086.285
tot_uptimes: 2
tot_uptimes_duration: 60.000000000000014
