comms_cons: 700.4227017336391
finished_reconf: true
global_termination_time: 3562343.12
local_termination_time: 1616.4413600000003
node_cons: 73294.84988558308
tot_aggregated_send: 0
tot_msg_rcv: 53564
tot_msg_sent: 52894
tot_reconf_duration: 18.21
tot_sleeping_duration: 3507623.0896000117
tot_uptimes: 913
tot_uptimes_duration: 54720.03039998864
