comms_cons: 349.7851328168782
finished_reconf: true
global_termination_time: 3561842.952
local_termination_time: 2388917.672319999
node_cons: 73277.0220822324
tot_aggregated_send: 49010
tot_msg_rcv: 1365
tot_msg_sent: 2789
tot_reconf_duration: 5.1
tot_sleeping_duration: 3507122.9398400043
tot_uptimes: 913
tot_uptimes_duration: 54720.0121599955
