comms_cons: 353.30971522114515
finished_reconf: true
global_termination_time: 3563359.469
local_termination_time: 2310117.9123599995
node_cons: 73304.46182334918
tot_aggregated_send: 49474
tot_msg_rcv: 1342
tot_msg_sent: 2884
tot_reconf_duration: 25.299999999999997
tot_sleeping_duration: 3508639.4507600064
tot_uptimes: 913
tot_uptimes_duration: 54720.01823999337
