comms_cons: 356.80294403176487
finished_reconf: true
global_termination_time: 3559365.278
local_termination_time: 2083565.7851999984
node_cons: 73207.64928334932
tot_aggregated_send: 49764
tot_msg_rcv: 1550
tot_msg_sent: 2918
tot_reconf_duration: 13.17
tot_sleeping_duration: 3504705.259760007
tot_uptimes: 912
tot_uptimes_duration: 54660.01823999337
