comms_cons: 355.6763648411474
finished_reconf: true
global_termination_time: 3559225.064999998
local_termination_time: 548019.8493599999
node_cons: 73226.0351311651
tot_aggregated_send: 48952
tot_msg_rcv: 1801
tot_msg_sent: 3307
tot_reconf_duration: 18.700000000000003
tot_sleeping_duration: 3504556.924200023
tot_uptimes: 912
tot_uptimes_duration: 54668.140799975256
