comms_cons: 357.6703552425036
finished_reconf: true
global_termination_time: 3563734.956
local_termination_time: 296127.42036000005
node_cons: 73276.70153228441
tot_aggregated_send: 50228
tot_msg_rcv: 1458
tot_msg_sent: 2677
tot_reconf_duration: 4.8100000000000005
tot_sleeping_duration: 3509014.889120025
tot_uptimes: 913
tot_uptimes_duration: 54720.06687997468
