comms_cons: 39.587046400747
finished_reconf: true
global_termination_time: 381517.706
local_termination_time: 90970.87459999995
node_cons: 7799.913941121448
tot_aggregated_send: 5046
tot_msg_rcv: 394
tot_msg_sent: 577
tot_reconf_duration: 5.1
tot_sleeping_duration: 375697.69991999894
tot_uptimes: 98
tot_uptimes_duration: 5820.006080001069
