comms_cons: 75.18675200946512
finished_reconf: true
global_termination_time: 380181.247
local_termination_time: 3381.47236
node_cons: 7827.34554112144
tot_aggregated_send: 0
tot_msg_rcv: 5818
tot_msg_sent: 5610
tot_reconf_duration: 25.299999999999997
tot_sleeping_duration: 374361.2409199989
tot_uptimes: 98
tot_uptimes_duration: 5820.006080001069
