comms_cons: 159.60481279701358
finished_reconf: true
global_termination_time: 1640587.034
local_termination_time: 400283.64436000003
node_cons: 33751.34452223363
tot_aggregated_send: 22852
tot_msg_rcv: 477
tot_msg_sent: 930
tot_reconf_duration: 6.279999999999999
tot_sleeping_duration: 1615387.0218400047
tot_uptimes: 421
tot_uptimes_duration: 25200.01215999527
