comms_cons: 161.85100159342088
finished_reconf: true
global_termination_time: 1641961.551
local_termination_time: 295554.44028000085
node_cons: 33746.98260559343
tot_aggregated_send: 22620
tot_msg_rcv: 659
tot_msg_sent: 1321
tot_reconf_duration: 3.05
tot_sleeping_duration: 1616761.520600005
tot_uptimes: 421
tot_uptimes_duration: 25200.03039999504
