comms_cons: 50.14882560370201
finished_reconf: true
global_termination_time: 388505.2971200004
local_termination_time: 388505.2560000004
node_cons: 8047.153420742633
tot_aggregated_send: 3048
tot_msg_rcv: 1801
tot_msg_sent: 2771
tot_reconf_duration: 37.410000000000004
tot_sleeping_duration: 382533.41463998356
tot_uptimes: 100
tot_uptimes_duration: 5971.882480016895
