comms_cons: 39.00149760033507
finished_reconf: true
global_termination_time: 393627.999
local_termination_time: 84552.48
node_cons: 8046.051314158391
tot_aggregated_send: 5449
tot_msg_rcv: 135
tot_msg_sent: 344
tot_reconf_duration: 8.09
tot_sleeping_duration: 387627.2035600012
tot_uptimes: 101
tot_uptimes_duration: 6000.795439998794
