comms_cons: 38.85675520040139
finished_reconf: true
global_termination_time: 391127.079
local_termination_time: 132445.98536000008
node_cons: 8046.3713800000305
tot_aggregated_send: 5626
tot_msg_rcv: 114
tot_msg_sent: 166
tot_reconf_duration: 9.11
tot_sleeping_duration: 385127.079
tot_uptimes: 101
tot_uptimes_duration: 6000.0
