comms_cons: 122.96405119249384
finished_reconf: true
global_termination_time: 624373.187
local_termination_time: 1851.8323600000003
node_cons: 12798.79732111685
tot_aggregated_send: 0
tot_msg_rcv: 9475
tot_msg_sent: 9212
tot_reconf_duration: 18.21
tot_sleeping_duration: 614833.1809200024
tot_uptimes: 160
tot_uptimes_duration: 9540.006079997635
