comms_cons: 62.65434880132753
finished_reconf: true
global_termination_time: 622936.737
local_termination_time: 229663.00024000095
node_cons: 12783.86896672558
tot_aggregated_send: 8352
tot_msg_rcv: 406
tot_msg_sent: 765
tot_reconf_duration: 6.279999999999999
tot_sleeping_duration: 613395.7805199958
tot_uptimes: 160
tot_uptimes_duration: 9540.956480004155
