comms_cons: 60.13949440040801
finished_reconf: true
global_termination_time: 622799.906
local_termination_time: 473000.2966000006
node_cons: 12781.632201121456
tot_aggregated_send: 8584
tot_msg_rcv: 152
tot_msg_sent: 404
tot_reconf_duration: 5.57
tot_sleeping_duration: 613259.8999199988
tot_uptimes: 160
tot_uptimes_duration: 9540.006080001069
