comms_cons: 62.49582080092712
finished_reconf: true
global_termination_time: 622194.254
local_termination_time: 348235.31760000053
node_cons: 12781.01022336428
tot_aggregated_send: 8352
tot_msg_rcv: 418
tot_msg_sent: 729
tot_reconf_duration: 5.1
tot_sleeping_duration: 612654.2357599968
tot_uptimes: 160
tot_uptimes_duration: 9540.018240003206
