comms_cons: 63.1522688004654
finished_reconf: true
global_termination_time: 621115.432
local_termination_time: 78676.89559999996
node_cons: 12860.940121121446
tot_aggregated_send: 8584
tot_msg_rcv: 375
tot_msg_sent: 639
tot_reconf_duration: 4.8100000000000005
tot_sleeping_duration: 611515.4259199989
tot_uptimes: 160
tot_uptimes_duration: 9600.006080001069
