comms_cons: 60.67898880020824
finished_reconf: true
global_termination_time: 621057.0141200001
local_termination_time: 192786.35160000008
node_cons: 12809.768030801566
tot_aggregated_send: 8526
tot_msg_rcv: 204
tot_msg_sent: 493
tot_reconf_duration: 11.31
tot_sleeping_duration: 611501.8169199988
tot_uptimes: 160
tot_uptimes_duration: 9555.19720000116
