comms_cons: 369.4109632392907
finished_reconf: true
global_termination_time: 3683056.347239988
local_termination_time: 4870.837880000004
node_cons: 75871.55357148037
tot_aggregated_send: 51388
tot_msg_rcv: 1459
tot_msg_sent: 3302
tot_reconf_duration: 18.21
tot_sleeping_duration: 3626411.967560016
tot_uptimes: 944
tot_uptimes_duration: 56644.37967997175
