comms_cons: 357.4777855921656
finished_reconf: true
global_termination_time: 3687252.412
local_termination_time: 2101173.13948
node_cons: 75858.84485999809
tot_aggregated_send: 52606
tot_msg_rcv: 559
tot_msg_sent: 1168
tot_reconf_duration: 13.17
tot_sleeping_duration: 3630612.412
tot_uptimes: 945
tot_uptimes_duration: 56640.0
