comms_cons: 598.5774852758162
finished_reconf: true
global_termination_time: 3684891.913
local_termination_time: 1574822.1774799998
node_cons: 75771.27212446593
tot_aggregated_send: 0
tot_msg_rcv: 45737
tot_msg_sent: 45243
tot_reconf_duration: 7.819999999999999
tot_sleeping_duration: 3628311.8886800096
tot_uptimes: 944
tot_uptimes_duration: 56580.02431999077
