comms_cons: 1474.6631499712348
finished_reconf: true
global_termination_time: 3683552.578
local_termination_time: 1574821.6285999997
node_cons: 223739.28947197285
tot_aggregated_send: 0
tot_msg_rcv: 90482
tot_msg_sent: 133660
tot_reconf_duration: 6.22
tot_sleeping_duration: 3516464.5700000147
tot_uptimes: 2736
tot_uptimes_duration: 167088.0079999856
