comms_cons: 600.2858372841849
finished_reconf: true
global_termination_time: 3683552.578
local_termination_time: 1578011.88436
node_cons: 75776.00340334908
tot_aggregated_send: 0
tot_msg_rcv: 46000
tot_msg_sent: 45239
tot_reconf_duration: 11.31
tot_sleeping_duration: 3626972.559760007
tot_uptimes: 944
tot_uptimes_duration: 56580.01823999314
