comms_cons: 364.5600512261483
finished_reconf: true
global_termination_time: 3685184.895
local_termination_time: 1641544.8143599997
node_cons: 75768.01836334892
tot_aggregated_send: 51098
tot_msg_rcv: 1584
tot_msg_sent: 2729
tot_reconf_duration: 5.43
tot_sleeping_duration: 3628604.876760007
tot_uptimes: 944
tot_uptimes_duration: 56580.01823999314
