comms_cons: 39.48835840012252
finished_reconf: true
global_termination_time: 397077.108
local_termination_time: 250927.41136000006
node_cons: 8118.490041121425
tot_aggregated_send: 5452
tot_msg_rcv: 145
tot_msg_sent: 405
tot_reconf_duration: 3.05
tot_sleeping_duration: 391017.10191999894
tot_uptimes: 102
tot_uptimes_duration: 6060.006080001069
