comms_cons: 34.506227201011384
finished_reconf: true
global_termination_time: 322659.223
local_termination_time: 2617.666840000002
node_cons: 6596.432663364299
tot_aggregated_send: 4118
tot_msg_rcv: 490
tot_msg_sent: 637
tot_reconf_duration: 6.279999999999999
tot_sleeping_duration: 317739.2047599968
tot_uptimes: 83
tot_uptimes_duration: 4920.018240003206
