comms_cons: 31.77753600043865
finished_reconf: true
global_termination_time: 316855.127
local_termination_time: 248993.2928000003
node_cons: 6525.441142242887
tot_aggregated_send: 4524
tot_msg_rcv: 142
tot_msg_sent: 164
tot_reconf_duration: 13.17
tot_sleeping_duration: 311995.11483999784
tot_uptimes: 82
tot_uptimes_duration: 4860.0121600021375
