comms_cons: 32.64599040026428
finished_reconf: true
global_termination_time: 318545.99
local_termination_time: 228466.8722400005
node_cons: 6514.080121119156
tot_aggregated_send: 4292
tot_msg_rcv: 267
tot_msg_sent: 403
tot_reconf_duration: 4.8100000000000005
tot_sleeping_duration: 313685.9839200006
tot_uptimes: 82
tot_uptimes_duration: 4860.006079999366
