comms_cons: 2.263244799994122
finished_reconf: true
global_termination_time: 14623.467
local_termination_time: 8810.17736
node_cons: 251.63955999999962
tot_aggregated_send: 0
tot_msg_rcv: 177
tot_msg_sent: 167
tot_reconf_duration: 7.819999999999999
tot_sleeping_duration: 14443.467
tot_uptimes: 4
tot_uptimes_duration: 180.0
