comms_cons: 38.49489919990246
finished_reconf: true
global_termination_time: 391384.375
local_termination_time: 116496.09147999997
node_cons: 8049.358980000026
tot_aggregated_send: 5742
tot_msg_rcv: 61
tot_msg_sent: 48
tot_reconf_duration: 11.31
tot_sleeping_duration: 385384.375
tot_uptimes: 101
tot_uptimes_duration: 6000.0
