comms_cons: 126.06607359077049
finished_reconf: true
global_termination_time: 1248399.784
local_termination_time: 619916.4213599998
node_cons: 25639.51949006528
tot_aggregated_send: 16356
tot_msg_rcv: 878
tot_msg_sent: 1928
tot_reconf_duration: 8.09
tot_sleeping_duration: 1229259.729280011
tot_uptimes: 320
tot_uptimes_duration: 19140.054719989013
