comms_cons: 123.49816319491228
finished_reconf: true
global_termination_time: 1244724.927
local_termination_time: 900602.6183599998
node_cons: 25564.296482233734
tot_aggregated_send: 17342
tot_msg_rcv: 508
tot_msg_sent: 921
tot_reconf_duration: 11.899999999999999
tot_sleeping_duration: 1225644.9148400046
tot_uptimes: 319
tot_uptimes_duration: 19080.01215999527
