comms_cons: 127.94071678836337
finished_reconf: true
global_termination_time: 1245301.303
local_termination_time: 415743.20968000026
node_cons: 25554.692685593393
tot_aggregated_send: 16646
tot_msg_rcv: 996
tot_msg_sent: 1803
tot_reconf_duration: 4.8100000000000005
tot_sleeping_duration: 1226221.272600005
tot_uptimes: 319
tot_uptimes_duration: 19080.03039999504
