comms_cons: 91.33768319153116
finished_reconf: true
global_termination_time: 897433.58
local_termination_time: 130574.45395999964
node_cons: 18406.428945593383
tot_aggregated_send: 11484
tot_msg_rcv: 744
tot_msg_sent: 1654
tot_reconf_duration: 6.279999999999999
tot_sleeping_duration: 883693.5496000049
tot_uptimes: 230
tot_uptimes_duration: 13740.030399995041
