comms_cons: 90.29419519676567
finished_reconf: true
global_termination_time: 896590.329
local_termination_time: 142152.15536000006
node_cons: 18432.258105602607
tot_aggregated_send: 11948
tot_msg_rcv: 628
tot_msg_sent: 1148
tot_reconf_duration: 25.299999999999997
tot_sleeping_duration: 882850.2985999981
tot_uptimes: 230
tot_uptimes_duration: 13740.03040000191
