comms_cons: 92.675865588851
finished_reconf: true
global_termination_time: 897323.034
local_termination_time: 214046.88036000007
node_cons: 18410.320932309372
tot_aggregated_send: 11426
tot_msg_rcv: 855
tot_msg_sent: 1806
tot_reconf_duration: 9.11
tot_sleeping_duration: 883582.967120008
tot_uptimes: 230
tot_uptimes_duration: 13740.066879992031
