comms_cons: 93.85886719097765
finished_reconf: true
global_termination_time: 901569.214
local_termination_time: 67551.40735999998
node_cons: 18493.656673436537
tot_aggregated_send: 11542
tot_msg_rcv: 919
tot_msg_sent: 1805
tot_reconf_duration: 11.31
tot_sleeping_duration: 887769.1410400027
tot_uptimes: 231
tot_uptimes_duration: 13800.072959997386
