comms_cons: 93.35884799075333
finished_reconf: true
global_termination_time: 900189.086
local_termination_time: 98759.95735999997
node_cons: 18485.647210072242
tot_aggregated_send: 11716
tot_msg_rcv: 844
tot_msg_sent: 1630
tot_reconf_duration: 5.43
tot_sleeping_duration: 886389.0312800058
tot_uptimes: 231
tot_uptimes_duration: 13800.05471999418
