comms_cons: 41.23445759990092
finished_reconf: true
global_termination_time: 13201.374240000008
local_termination_time: 3262.9566000000023
node_cons: 5987.182472120046
tot_aggregated_send: 0
tot_msg_rcv: 3187
tot_msg_sent: 3079
tot_reconf_duration: 18.21
tot_sleeping_duration: 8748.459159999975
tot_uptimes: 58
tot_uptimes_duration: 4452.915080000032
