comms_cons: 1.5461119999970034
finished_reconf: true
global_termination_time: 14425.314
local_termination_time: 4072.60636
node_cons: 245.20263999999932
tot_aggregated_send: 0
tot_msg_rcv: 119
tot_msg_sent: 116
tot_reconf_duration: 3.08
tot_sleeping_duration: 14245.314
tot_uptimes: 4
tot_uptimes_duration: 179.99999999999955
