comms_cons: 69.14081279898181
finished_reconf: true
global_termination_time: 697775.782
local_termination_time: 290407.02584000013
node_cons: 14325.265462238312
tot_aggregated_send: 9686
tot_msg_rcv: 254
tot_msg_sent: 569
tot_reconf_duration: 18.21
tot_sleeping_duration: 687095.7698400014
tot_uptimes: 179
tot_uptimes_duration: 10680.012159998703
