comms_cons: 73.92389120027255
finished_reconf: true
global_termination_time: 697237.536
local_termination_time: 118226.33367999985
node_cons: 14307.983492335767
tot_aggregated_send: 8584
tot_msg_rcv: 904
tot_msg_sent: 1748
tot_reconf_duration: 5.43
tot_sleeping_duration: 686557.4691199881
tot_uptimes: 179
tot_uptimes_duration: 10680.066880011756
