comms_cons: 114.38597119587382
finished_reconf: true
global_termination_time: 1139733.0931599983
local_termination_time: 1139733.0520399984
node_cons: 23485.61476184031
tot_aggregated_send: 16052
tot_msg_rcv: 469
tot_msg_sent: 864
tot_reconf_duration: 24.59
tot_sleeping_duration: 1122218.364599998
tot_uptimes: 292
tot_uptimes_duration: 17514.728560000192
