comms_cons: 111.32664319739446
finished_reconf: true
global_termination_time: 1143311.876
local_termination_time: 435845.75636000006
node_cons: 23469.907701116877
tot_aggregated_send: 15776
tot_msg_rcv: 498
tot_msg_sent: 647
tot_reconf_duration: 7.819999999999999
tot_sleeping_duration: 1125791.8699200023
tot_uptimes: 293
tot_uptimes_duration: 17520.006079997635
