comms_cons: 112.54379519790459
finished_reconf: true
global_termination_time: 1143777.594
local_termination_time: 64982.52792000006
node_cons: 23474.638980000032
tot_aggregated_send: 16414
tot_msg_rcv: 294
tot_msg_sent: 398
tot_reconf_duration: 11.31
tot_sleeping_duration: 1126257.594
tot_uptimes: 293
tot_uptimes_duration: 17520.0
