comms_cons: 284.87556481591565
finished_reconf: false
global_termination_time: 2808949.312
local_termination_time: 0
node_cons: 57881.44417564709
tot_aggregated_send: 38892
tot_msg_rcv: 1546
tot_msg_sent: 2862
tot_reconf_duration: 26.9
tot_sleeping_duration: 2765749.2268800237
tot_uptimes: 720
tot_uptimes_duration: 43200.08511997618
