comms_cons: 282.9977087978279
finished_reconf: true
global_termination_time: 2808147.145
local_termination_time: 2311382.4420399982
node_cons: 57865.656143349566
tot_aggregated_send: 39498
tot_msg_rcv: 1265
tot_msg_sent: 2251
tot_reconf_duration: 15.34
tot_sleeping_duration: 2764947.126760007
tot_uptimes: 720
tot_uptimes_duration: 43200.01823999314
