comms_cons: 285.42137600425934
finished_reconf: true
global_termination_time: 2810292.958
local_termination_time: 1965908.282119998
node_cons: 57858.091228144745
tot_aggregated_send: 38744
tot_msg_rcv: 1622
tot_msg_sent: 3017
tot_reconf_duration: 8.09
tot_sleeping_duration: 2767091.236560011
tot_uptimes: 720
tot_uptimes_duration: 43201.721439989284
