comms_cons: 283.0121216094021
finished_reconf: true
global_termination_time: 2810597.547
local_termination_time: 1693361.6383599997
node_cons: 57865.36822670073
tot_aggregated_send: 39034
tot_msg_rcv: 1263
tot_msg_sent: 2720
tot_reconf_duration: 15.110000000000001
tot_sleeping_duration: 2767397.5105200135
tot_uptimes: 720
tot_uptimes_duration: 43200.036479986506
