comms_cons: 283.8152576125863
finished_reconf: true
global_termination_time: 2809275.685
local_termination_time: 147581.82380000025
node_cons: 57849.452432284736
tot_aggregated_send: 38802
tot_msg_rcv: 1367
tot_msg_sent: 2969
tot_reconf_duration: 3.3600000000000003
tot_sleeping_duration: 2766075.618120026
tot_uptimes: 720
tot_uptimes_duration: 43200.066879974445
