comms_cons: 281.95624960846686
finished_reconf: true
global_termination_time: 2810602.318
local_termination_time: 520107.12648000004
node_cons: 57850.81046670053
tot_aggregated_send: 39614
tot_msg_rcv: 1089
tot_msg_sent: 2152
tot_reconf_duration: 4.390000000000001
tot_sleeping_duration: 2767402.2815200137
tot_uptimes: 720
tot_uptimes_duration: 43200.03647998627
