comms_cons: 282.18016641089616
finished_reconf: true
global_termination_time: 2807816.264
local_termination_time: 833237.3583999983
node_cons: 57848.98260558382
tot_aggregated_send: 39498
tot_msg_rcv: 1123
tot_msg_sent: 2267
tot_reconf_duration: 3.05
tot_sleeping_duration: 2764616.2336000116
tot_uptimes: 720
tot_uptimes_duration: 43200.03039998864
