comms_cons: 699.8821377561706
finished_reconf: true
global_termination_time: 7024173.967
local_termination_time: 968622.41536
node_cons: 144461.9965478147
tot_aggregated_send: 97788
tot_msg_rcv: 2727
tot_msg_sent: 5863
tot_reconf_duration: 7.819999999999999
tot_sleeping_duration: 6916293.924440016
tot_uptimes: 1799
tot_uptimes_duration: 107880.0425599846
