comms_cons: 85.3045567962191
finished_reconf: true
global_termination_time: 839925.221
local_termination_time: 196065.50336000006
node_cons: 17293.98870784084
tot_aggregated_send: 11078
tot_msg_rcv: 612
tot_msg_sent: 1275
tot_reconf_duration: 15.34
tot_sleeping_duration: 827025.1784399995
tot_uptimes: 216
tot_uptimes_duration: 12900.042560000613
