comms_cons: 85.25125119863982
finished_reconf: true
global_termination_time: 841410.678
local_termination_time: 255797.66636000006
node_cons: 17290.28410447196
tot_aggregated_send: 11542
tot_msg_rcv: 493
tot_msg_sent: 923
tot_reconf_duration: 12.629999999999999
tot_sleeping_duration: 828510.6536800059
tot_uptimes: 216
tot_uptimes_duration: 12900.024319993972
