comms_cons: 82.2484607989208
finished_reconf: true
global_termination_time: 839012.863
local_termination_time: 568310.737
node_cons: 17212.810316072126
tot_aggregated_send: 11132
tot_msg_rcv: 386
tot_msg_sent: 985
tot_reconf_duration: 10.95
tot_sleeping_duration: 826168.9942800059
tot_uptimes: 215
tot_uptimes_duration: 12843.868719994149
