comms_cons: 83.50383359839114
finished_reconf: true
global_termination_time: 839737.824
local_termination_time: 578449.0725999998
node_cons: 17289.300905593413
tot_aggregated_send: 11600
tot_msg_rcv: 397
tot_msg_sent: 695
tot_reconf_duration: 11.899999999999999
tot_sleeping_duration: 826837.793600005
tot_uptimes: 216
tot_uptimes_duration: 12900.030399995041
