comms_cons: 84.85852159797784
finished_reconf: true
global_termination_time: 842450.558
local_termination_time: 510462.5965600007
node_cons: 17288.483403355112
tot_aggregated_send: 11252
tot_msg_rcv: 569
tot_msg_sent: 1077
tot_reconf_duration: 11.31
tot_sleeping_duration: 829550.5397600037
tot_uptimes: 216
tot_uptimes_duration: 12900.018239996336
