comms_cons: 215.96881919208198
finished_reconf: true
global_termination_time: 2181912.703
local_termination_time: 1094531.452239999
node_cons: 44855.11459999977
tot_aggregated_send: 31320
tot_msg_rcv: 479
tot_msg_sent: 1027
tot_reconf_duration: 18.700000000000003
tot_sleeping_duration: 2148432.703
tot_uptimes: 559
tot_uptimes_duration: 33479.99999999999
