comms_cons: 0.8224000000018337
finished_reconf: true
global_termination_time: 6825.251
local_termination_time: 1130.7803600000002
node_cons: 92.71137999999986
tot_aggregated_send: 0
tot_msg_rcv: 75
tot_msg_sent: 50
tot_reconf_duration: 9.11
tot_sleeping_duration: 6765.251
tot_uptimes: 2
tot_uptimes_duration: 60.0
