comms_cons: 0.7668736000005799
finished_reconf: true
global_termination_time: 5208.931
local_termination_time: 1144.3963600000002
node_cons: 97.49153999999984
tot_aggregated_send: 0
tot_msg_rcv: 69
tot_msg_sent: 47
tot_reconf_duration: 12.629999999999999
tot_sleeping_duration: 5148.931
tot_uptimes: 2
tot_uptimes_duration: 60.0
