comms_cons: 0.7631872000017017
finished_reconf: true
global_termination_time: 6913.599
local_termination_time: 1787.1733600000005
node_cons: 86.30162000000013
tot_aggregated_send: 0
tot_msg_rcv: 62
tot_msg_sent: 54
tot_reconf_duration: 4.390000000000001
tot_sleeping_duration: 6853.599
tot_uptimes: 2
tot_uptimes_duration: 60.0
