comms_cons: 39.55415040023445
finished_reconf: true
global_termination_time: 387016.6178000003
local_termination_time: 387016.5766800003
node_cons: 8020.9098885624035
tot_aggregated_send: 5336
tot_msg_rcv: 262
tot_msg_sent: 413
tot_reconf_duration: 24.59
tot_sleeping_duration: 381051.3327599985
tot_uptimes: 100
tot_uptimes_duration: 5965.285040001778
