comms_cons: 66.5946623997636
finished_reconf: true
global_termination_time: 680793.1659599998
local_termination_time: 680779.8303599999
node_cons: 14042.610697439604
tot_aggregated_send: 10092
tot_msg_rcv: 22
tot_msg_sent: 8
tot_reconf_duration: 15.34
tot_sleeping_duration: 670321.337
tot_uptimes: 175
tot_uptimes_duration: 10471.828959999722
