comms_cons: 98.69239040449567
finished_reconf: true
global_termination_time: 204209.49148000017
local_termination_time: 2069.3740400000015
node_cons: 12462.933648041482
tot_aggregated_send: 0
tot_msg_rcv: 6033
tot_msg_sent: 8966
tot_reconf_duration: 18.21
tot_sleeping_duration: 194920.3171199991
tot_uptimes: 154
tot_uptimes_duration: 9289.174360001096
