comms_cons: 20.93501440040455
finished_reconf: true
global_termination_time: 205952.682
local_termination_time: 139089.4049600006
node_cons: 4185.070222240575
tot_aggregated_send: 2726
tot_msg_rcv: 169
tot_msg_sent: 287
tot_reconf_duration: 5.43
tot_sleeping_duration: 202832.66983999955
tot_uptimes: 53
tot_uptimes_duration: 3120.012160000435
