comms_cons: 281.333580812629
finished_reconf: true
global_termination_time: 2810321.514
local_termination_time: 4729.2300000000005
node_cons: 57856.98663005141
tot_aggregated_send: 39431
tot_msg_rcv: 1123
tot_msg_sent: 2207
tot_reconf_duration: 8.92
tot_sleeping_duration: 2767121.4592800206
tot_uptimes: 720
tot_uptimes_duration: 43200.05471997941
