comms_cons: 275.5425344202531
finished_reconf: true
global_termination_time: 2808815.148
local_termination_time: 6631.754999999999
node_cons: 57879.27414670091
tot_aggregated_send: 39473
tot_msg_rcv: 770
tot_msg_sent: 1637
tot_reconf_duration: 25.35
tot_sleeping_duration: 2765615.1115200133
tot_uptimes: 720
tot_uptimes_duration: 43200.036479986506
