comms_cons: 562.747635518844
finished_reconf: true
global_termination_time: 2863849.194279997
local_termination_time: 3513.25136
node_cons: 58954.24718838739
tot_aggregated_send: 0
tot_msg_rcv: 43004
tot_msg_sent: 42527
tot_reconf_duration: 18.21
tot_sleeping_duration: 2819839.098680006
tot_uptimes: 734
tot_uptimes_duration: 44010.095599991386
