comms_cons: 281.84329598237
finished_reconf: true
global_termination_time: 2863895.846
local_termination_time: 1960952.9373599999
node_cons: 58896.78405999901
tot_aggregated_send: 39498
tot_msg_rcv: 1134
tot_msg_sent: 2206
tot_reconf_duration: 5.57
tot_sleeping_duration: 2819915.846
tot_uptimes: 734
tot_uptimes_duration: 43980.0
