comms_cons: 283.8135295868661
finished_reconf: true
global_termination_time: 2867226.819
local_termination_time: 1668967.9405999996
node_cons: 58987.469283349325
tot_aggregated_send: 39962
tot_msg_rcv: 1090
tot_msg_sent: 2086
tot_reconf_duration: 13.17
tot_sleeping_duration: 2823186.8007600075
tot_uptimes: 735
tot_uptimes_duration: 44040.0182399929
