comms_cons: 286.37506560795657
finished_reconf: true
global_termination_time: 2864020.593
local_termination_time: 1396614.0834399986
node_cons: 58902.02864223288
tot_aggregated_send: 40310
tot_msg_rcv: 1057
tot_msg_sent: 2158
tot_reconf_duration: 9.42
tot_sleeping_duration: 2820040.580840004
tot_uptimes: 734
tot_uptimes_duration: 43980.01215999556
