comms_cons: 283.7459136000601
finished_reconf: true
global_termination_time: 2865139.018
local_termination_time: 1177282.0223599996
node_cons: 58893.41888781744
tot_aggregated_send: 40194
tot_msg_rcv: 961
tot_msg_sent: 1972
tot_reconf_duration: 3.05
tot_sleeping_duration: 2821158.975440016
tot_uptimes: 734
tot_uptimes_duration: 43980.04255998414
