comms_cons: 283.35239039609144
finished_reconf: true
global_termination_time: 2867513.256
local_termination_time: 1547450.1203599998
node_cons: 58978.02304223285
tot_aggregated_send: 39498
tot_msg_rcv: 1176
tot_msg_sent: 2394
tot_reconf_duration: 6.22
tot_sleeping_duration: 2823473.2438400043
tot_uptimes: 735
tot_uptimes_duration: 44040.0121599955
