comms_cons: 50.33088000150692
finished_reconf: true
global_termination_time: 484358.038
local_termination_time: 157744.6866000001
node_cons: 9969.110223364312
tot_aggregated_send: 6438
tot_msg_rcv: 459
tot_msg_sent: 753
tot_reconf_duration: 5.1
tot_sleeping_duration: 476918.0197599968
tot_uptimes: 125
tot_uptimes_duration: 7440.018240003206
