comms_cons: 50.060787201215646
finished_reconf: true
global_termination_time: 484724.342
local_termination_time: 216234.2553600005
node_cons: 9968.724544485733
tot_aggregated_send: 6322
tot_msg_rcv: 415
tot_msg_sent: 872
tot_reconf_duration: 4.8100000000000005
tot_sleeping_duration: 477284.31767999573
tot_uptimes: 125
tot_uptimes_duration: 7440.024320004275
