comms_cons: 48.1807360002551
finished_reconf: true
global_termination_time: 484585.293
local_termination_time: 273818.91268000024
node_cons: 9970.614901121406
tot_aggregated_send: 6496
tot_msg_rcv: 337
tot_msg_sent: 492
tot_reconf_duration: 6.22
tot_sleeping_duration: 477145.28691999894
tot_uptimes: 125
tot_uptimes_duration: 7440.006080001069
