comms_cons: 47.502451200407634
finished_reconf: true
global_termination_time: 486814.124
local_termination_time: 292459.69736000005
node_cons: 9969.542081121434
tot_aggregated_send: 6322
tot_msg_rcv: 239
tot_msg_sent: 659
tot_reconf_duration: 5.43
tot_sleeping_duration: 479374.11791999894
tot_uptimes: 125
tot_uptimes_duration: 7440.006080001069
