comms_cons: 0.6973951999976983
finished_reconf: true
global_termination_time: 5510.647
local_termination_time: 3013.5703600000006
node_cons: 114.69740000000024
tot_aggregated_send: 0
tot_msg_rcv: 67
tot_msg_sent: 36
tot_reconf_duration: 25.299999999999997
tot_sleeping_duration: 5450.647
tot_uptimes: 2
tot_uptimes_duration: 60.0
