comms_cons: 0.7302911999975895
finished_reconf: true
global_termination_time: 6775.009
local_termination_time: 2753.5673600000005
node_cons: 90.95956000000021
tot_aggregated_send: 0
tot_msg_rcv: 60
tot_msg_sent: 51
tot_reconf_duration: 7.819999999999999
tot_sleeping_duration: 6715.009
tot_uptimes: 2
tot_uptimes_duration: 60.0
