comms_cons: 0.703974399999624
finished_reconf: true
global_termination_time: 7330.745
local_termination_time: 403.0093599999999
node_cons: 98.22486000000004
tot_aggregated_send: 0
tot_msg_rcv: 61
tot_msg_sent: 46
tot_reconf_duration: 13.17
tot_sleeping_duration: 7270.745
tot_uptimes: 2
tot_uptimes_duration: 60.0
