comms_cons: 44.61258240038717
finished_reconf: true
global_termination_time: 443210.518
local_termination_time: 108383.31547999998
node_cons: 9093.778980000028
tot_aggregated_send: 6148
tot_msg_rcv: 236
tot_msg_sent: 396
tot_reconf_duration: 11.31
tot_sleeping_duration: 436430.518
tot_uptimes: 114
tot_uptimes_duration: 6780.0
