comms_cons: 15.07683839932039
finished_reconf: true
global_termination_time: 132137.036
local_termination_time: 65751.75535999998
node_cons: 2672.0842844766207
tot_aggregated_send: 1218
tot_msg_rcv: 387
tot_msg_sent: 686
tot_reconf_duration: 15.34
tot_sleeping_duration: 130157.01168000253
tot_uptimes: 34
tot_uptimes_duration: 1980.0243199974648
