comms_cons: 15.244006399618705
finished_reconf: true
global_termination_time: 132408.638
local_termination_time: 57133.51932000004
node_cons: 2658.6183633574547
tot_aggregated_send: 1276
tot_msg_rcv: 403
tot_msg_sent: 638
tot_reconf_duration: 5.43
tot_sleeping_duration: 130428.61976000191
tot_uptimes: 34
tot_uptimes_duration: 1980.0182399980986
