comms_cons: 1714.0024662607357
finished_reconf: true
global_termination_time: 3547055.6867199996
local_termination_time: 3547055.6455999995
node_cons: 215073.25883825435
tot_aggregated_send: 0
tot_msg_rcv: 105381
tot_msg_sent: 155138
tot_reconf_duration: 37.410000000000004
tot_sleeping_duration: 3386471.3282000134
tot_uptimes: 2632
tot_uptimes_duration: 160584.35851998656
