comms_cons: 354.9837952171071
finished_reconf: true
global_termination_time: 3553066.146
local_termination_time: 2562431.67636
node_cons: 73049.94870781689
tot_aggregated_send: 49126
tot_msg_rcv: 1634
tot_msg_sent: 3195
tot_reconf_duration: 15.34
tot_sleeping_duration: 3498526.103440016
tot_uptimes: 910
tot_uptimes_duration: 54540.04255998414
