comms_cons: 353.4400960163866
finished_reconf: true
global_termination_time: 3552884.353
local_termination_time: 2580563.21436
node_cons: 73037.62894558316
tot_aggregated_send: 49126
tot_msg_rcv: 1571
tot_msg_sent: 3023
tot_reconf_duration: 6.279999999999999
tot_sleeping_duration: 3498344.3226000117
tot_uptimes: 910
tot_uptimes_duration: 54540.030399988405
