comms_cons: 350.5946368038587
finished_reconf: true
global_termination_time: 3548853.164
local_termination_time: 2455166.6414799998
node_cons: 72983.09368223204
tot_aggregated_send: 49416
tot_msg_rcv: 1356
tot_msg_sent: 2515
tot_reconf_duration: 25.299999999999997
tot_sleeping_duration: 3494373.1518400046
tot_uptimes: 909
tot_uptimes_duration: 54480.0121599955
