comms_cons: 348.81345920614893
finished_reconf: true
global_termination_time: 3547550.982
local_termination_time: 1919169.1897199997
node_cons: 72966.6211422322
tot_aggregated_send: 49300
tot_msg_rcv: 1161
tot_msg_sent: 2557
tot_reconf_duration: 13.17
tot_sleeping_duration: 3493070.969840004
tot_uptimes: 909
tot_uptimes_duration: 54480.0121599955
