comms_cons: 357.91638401644497
finished_reconf: true
global_termination_time: 3548068.918
local_termination_time: 1878376.261879998
node_cons: 72959.73878446639
tot_aggregated_send: 48256
tot_msg_rcv: 2068
tot_msg_sent: 4077
tot_reconf_duration: 8.09
tot_sleeping_duration: 3493588.893680009
tot_uptimes: 909
tot_uptimes_duration: 54480.024319991004
