comms_cons: 355.4449856169832
finished_reconf: true
global_termination_time: 3548095.115
local_termination_time: 1204756.4152799984
node_cons: 72961.12394446641
tot_aggregated_send: 49242
tot_msg_rcv: 1651
tot_msg_sent: 3133
tot_reconf_duration: 9.11
tot_sleeping_duration: 3493615.090680009
tot_uptimes: 909
tot_uptimes_duration: 54480.024319991004
