comms_cons: 697.8959689202554
finished_reconf: true
global_termination_time: 3552450.375
local_termination_time: 2996.4383600000006
node_cons: 73045.2609055834
tot_aggregated_send: 0
tot_msg_rcv: 53353
tot_msg_sent: 52723
tot_reconf_duration: 11.899999999999999
tot_sleeping_duration: 3497910.344600011
tot_uptimes: 910
tot_uptimes_duration: 54540.03039998887
