comms_cons: 355.7330624320501
finished_reconf: true
global_termination_time: 3552566.264
local_termination_time: 602224.0526799985
node_cons: 73035.66525005082
tot_aggregated_send: 50054
tot_msg_rcv: 1340
tot_msg_sent: 2675
tot_reconf_duration: 4.8100000000000005
tot_sleeping_duration: 3498026.2092800206
tot_uptimes: 910
tot_uptimes_duration: 54540.05471997941
