comms_cons: 36.15606399995808
finished_reconf: true
global_termination_time: 368459.185
local_termination_time: 208854.888
node_cons: 7557.929761121459
tot_aggregated_send: 5275
tot_msg_rcv: 47
tot_msg_sent: 173
tot_reconf_duration: 4.390000000000001
tot_sleeping_duration: 362819.1789199989
tot_uptimes: 95
tot_uptimes_duration: 5640.006080001069
