comms_cons: 36.55466240031501
finished_reconf: true
global_termination_time: 368990.022
local_termination_time: 152888.487
node_cons: 7560.320193842752
tot_aggregated_send: 5218
tot_msg_rcv: 109
tot_msg_sent: 229
tot_reconf_duration: 5.43
tot_sleeping_duration: 363349.28543999797
tot_uptimes: 95
tot_uptimes_duration: 5640.736560002057
