comms_cons: 424.10369289752254
finished_reconf: true
global_termination_time: 4204763.356
local_termination_time: 11788.62772
node_cons: 86470.65873228936
tot_aggregated_send: 58580
tot_msg_rcv: 2054
tot_msg_sent: 3828
tot_reconf_duration: 18.21
tot_sleeping_duration: 4140203.289120021
tot_uptimes: 1077
tot_uptimes_duration: 64560.06687997881
