comms_cons: 410.13416962067004
finished_reconf: true
global_termination_time: 4203897.765
local_termination_time: 2232096.1923599998
node_cons: 86463.74928334844
tot_aggregated_send: 59276
tot_msg_rcv: 1038
tot_msg_sent: 2024
tot_reconf_duration: 13.17
tot_sleeping_duration: 4139337.7467600065
tot_uptimes: 1077
tot_uptimes_duration: 64560.01823999314
