comms_cons: 100.37318399240145
finished_reconf: true
global_termination_time: 976804.3055999998
local_termination_time: 976804.2644799999
node_cons: 20154.29769071483
tot_aggregated_send: 12792
tot_msg_rcv: 755
tot_msg_sent: 1709
tot_reconf_duration: 37.410000000000004
tot_sleeping_duration: 961790.4931200037
tot_uptimes: 251
tot_uptimes_duration: 15013.812479996108
