comms_cons: 101.10977279136284
finished_reconf: true
global_termination_time: 977005.843
local_termination_time: 434938.9290400003
node_cons: 20091.605250069908
tot_aggregated_send: 12876
tot_msg_rcv: 862
tot_msg_sent: 1631
tot_reconf_duration: 4.8100000000000005
tot_sleeping_duration: 962005.7882800075
tot_uptimes: 251
tot_uptimes_duration: 15000.054719992448
