comms_cons: 98.92140159827896
finished_reconf: true
global_termination_time: 978042.275
local_termination_time: 129488.28079999985
node_cons: 20110.42716448117
tot_aggregated_send: 13456
tot_msg_rcv: 547
tot_msg_sent: 1033
tot_reconf_duration: 18.700000000000003
tot_sleeping_duration: 963042.2506799992
tot_uptimes: 251
tot_uptimes_duration: 15000.02432000084
