comms_cons: 50.42956800042862
finished_reconf: true
global_termination_time: 508837.656
local_termination_time: 281444.71372000006
node_cons: 10450.161619999955
tot_aggregated_send: 7366
tot_msg_rcv: 128
tot_msg_sent: 170
tot_reconf_duration: 4.390000000000001
tot_sleeping_duration: 501037.656
tot_uptimes: 131
tot_uptimes_duration: 7800.0
