comms_cons: 50.20587520043839
finished_reconf: true
global_termination_time: 505511.561
local_termination_time: 248245.41048000052
node_cons: 10374.479559999985
tot_aggregated_send: 7192
tot_msg_rcv: 156
tot_msg_sent: 283
tot_reconf_duration: 7.819999999999999
tot_sleeping_duration: 497771.561
tot_uptimes: 130
tot_uptimes_duration: 7740.0
