comms_cons: 126.95224319211019
finished_reconf: true
global_termination_time: 1274556.984
local_termination_time: 403807.10536000005
node_cons: 26195.071486705656
tot_aggregated_send: 17168
tot_msg_rcv: 669
tot_msg_sent: 1459
tot_reconf_duration: 3.08
tot_sleeping_duration: 1254996.9475200106
tot_uptimes: 327
tot_uptimes_duration: 19560.03647998924
