comms_cons: 126.75845119523227
finished_reconf: true
global_termination_time: 1274302.884
local_termination_time: 497240.60936000006
node_cons: 26203.648642233686
tot_aggregated_send: 17748
tot_msg_rcv: 427
tot_msg_sent: 1090
tot_reconf_duration: 9.42
tot_sleeping_duration: 1254742.8718400048
tot_uptimes: 327
tot_uptimes_duration: 19560.01215999527
