comms_cons: 83.9972736113812
finished_reconf: true
global_termination_time: 470616.485
local_termination_time: 26591.660359999998
node_cons: 9665.537321121441
tot_aggregated_send: 0
tot_msg_rcv: 6453
tot_msg_sent: 6315
tot_reconf_duration: 18.21
tot_sleeping_duration: 463416.4789199989
tot_uptimes: 121
tot_uptimes_duration: 7200.006080001069
