comms_cons: 54.963264000832055
finished_reconf: true
global_termination_time: 550191.73
local_termination_time: 396540.83412000095
node_cons: 11288.160444802746
tot_aggregated_send: 7540
tot_msg_rcv: 295
tot_msg_sent: 519
tot_reconf_duration: 18.21
tot_sleeping_duration: 541779.9067999979
tot_uptimes: 141
tot_uptimes_duration: 8411.823200002018
