comms_cons: 56.54822400044567
finished_reconf: true
global_termination_time: 549955.88
local_termination_time: 91637.29223999969
node_cons: 11251.75818224286
tot_aggregated_send: 7308
tot_msg_rcv: 471
tot_msg_sent: 816
tot_reconf_duration: 3.05
tot_sleeping_duration: 541555.8678399979
tot_uptimes: 141
tot_uptimes_duration: 8400.012160002138
