comms_cons: 71.92303359786185
finished_reconf: true
global_termination_time: 728872.607
local_termination_time: 686294.3320399993
node_cons: 14973.998700000055
tot_aggregated_send: 10498
tot_msg_rcv: 162
tot_msg_sent: 270
tot_reconf_duration: 22.65
tot_sleeping_duration: 717712.607
tot_uptimes: 187
tot_uptimes_duration: 11160.0
