comms_cons: 34.71185919994155
finished_reconf: true
global_termination_time: 354699.79
local_termination_time: 21898.255360000003
node_cons: 7251.431720000007
tot_aggregated_send: 5104
tot_msg_rcv: 70
tot_msg_sent: 102
tot_reconf_duration: 15.34
tot_sleeping_duration: 349299.79
tot_uptimes: 91
tot_uptimes_duration: 5399.999999999999
