comms_cons: 713.5179202083732
finished_reconf: true
global_termination_time: 7069030.781
local_termination_time: 1900388.38836
node_cons: 145436.29684893182
tot_aggregated_send: 97150
tot_msg_rcv: 4011
tot_msg_sent: 7288
tot_reconf_duration: 15.34
tot_sleeping_duration: 6960430.732360018
tot_uptimes: 1811
tot_uptimes_duration: 108600.04863998247
