comms_cons: 703.4076289348542
finished_reconf: true
global_termination_time: 7067081.075
local_termination_time: 2955561.7051599994
node_cons: 145342.02650558102
tot_aggregated_send: 99412
tot_msg_rcv: 2355
tot_msg_sent: 5146
tot_reconf_duration: 5.1
tot_sleeping_duration: 6958541.044600011
tot_uptimes: 1810
tot_uptimes_duration: 108540.03039998934
