comms_cons: 700.3692865354152
finished_reconf: true
global_termination_time: 7069180.48
local_termination_time: 3457087.18136
node_cons: 145427.8120855807
tot_aggregated_send: 97672
tot_msg_rcv: 2818
tot_msg_sent: 5960
tot_reconf_duration: 9.11
tot_sleeping_duration: 6960580.449600011
tot_uptimes: 1811
tot_uptimes_duration: 108600.03039998934
