comms_cons: 705.7408513502521
finished_reconf: true
global_termination_time: 7067086.842
local_termination_time: 215237.71520000018
node_cons: 145365.91639339903
tot_aggregated_send: 98368
tot_msg_rcv: 2756
tot_msg_sent: 6144
tot_reconf_duration: 22.65
tot_sleeping_duration: 6958546.769040028
tot_uptimes: 1810
tot_uptimes_duration: 108540.07295997301
