comms_cons: 692.5389184935367
finished_reconf: true
global_termination_time: 7069270.928
local_termination_time: 3652236.6552
node_cons: 145432.5678222293
tot_aggregated_send: 98890
tot_msg_rcv: 2252
tot_msg_sent: 4118
tot_reconf_duration: 12.629999999999999
tot_sleeping_duration: 6960670.915840005
tot_uptimes: 1811
tot_uptimes_duration: 108600.01215999573
