comms_cons: 710.0199489929097
finished_reconf: true
global_termination_time: 7071275.242
local_termination_time: 1880348.9569599987
node_cons: 145422.83906893161
tot_aggregated_send: 97556
tot_msg_rcv: 3511
tot_msg_sent: 6852
tot_reconf_duration: 5.43
tot_sleeping_duration: 6962675.193360018
tot_uptimes: 1811
tot_uptimes_duration: 108600.04863998247
