comms_cons: 1.427686399997395
finished_reconf: true
global_termination_time: 15178.565
local_termination_time: 5972.084360000001
node_cons: 275.37740000000025
tot_aggregated_send: 0
tot_msg_rcv: 122
tot_msg_sent: 95
tot_reconf_duration: 25.299999999999997
tot_sleeping_duration: 14998.565
tot_uptimes: 4
tot_uptimes_duration: 180.0
