comms_cons: 15.002060799978988
finished_reconf: true
global_termination_time: 3295.366880000007
local_termination_time: 3295.325760000007
node_cons: 1639.61181532001
tot_aggregated_send: 0
tot_msg_rcv: 1103
tot_msg_sent: 1172
tot_reconf_duration: 37.410000000000004
tot_sleeping_duration: 2108.803
tot_uptimes: 17
tot_uptimes_duration: 1186.563880000007
