comms_cons: 37.59188480011894
finished_reconf: true
global_termination_time: 368779.128
local_termination_time: 15881.18636
node_cons: 7560.496381119158
tot_aggregated_send: 5046
tot_msg_rcv: 264
tot_msg_sent: 403
tot_reconf_duration: 6.279999999999999
tot_sleeping_duration: 363139.12192000065
tot_uptimes: 95
tot_uptimes_duration: 5640.006079999366
