comms_cons: 110.17806079800212
finished_reconf: true
global_termination_time: 1112234.165
local_termination_time: 723448.6043599999
node_cons: 22834.44486000009
tot_aggregated_send: 15950
tot_msg_rcv: 286
tot_msg_sent: 510
tot_reconf_duration: 13.17
tot_sleeping_duration: 1095194.165
tot_uptimes: 285
tot_uptimes_duration: 17040.0
