comms_cons: 78.55764479721583
finished_reconf: true
global_termination_time: 781057.287
local_termination_time: 489119.2034800001
node_cons: 16082.886382233704
tot_aggregated_send: 10498
tot_msg_rcv: 544
tot_msg_sent: 898
tot_reconf_duration: 10.95
tot_sleeping_duration: 769057.2748400047
tot_uptimes: 201
tot_uptimes_duration: 12000.012159995269
