comms_cons: 80.4642431994719
finished_reconf: true
global_termination_time: 781288.967
local_termination_time: 341196.35236000095
node_cons: 16074.110945274866
tot_aggregated_send: 10614
tot_msg_rcv: 632
tot_msg_sent: 985
tot_reconf_duration: 4.390000000000001
tot_sleeping_duration: 769288.8554800038
tot_uptimes: 201
tot_uptimes_duration: 12000.111519996193
