comms_cons: 82.04387839557458
finished_reconf: true
global_termination_time: 784427.083
local_termination_time: 20094.357359999998
node_cons: 16083.440391195933
tot_aggregated_send: 10150
tot_msg_rcv: 867
tot_msg_sent: 1454
tot_reconf_duration: 11.31
tot_sleeping_duration: 772427.022200003
tot_uptimes: 201
tot_uptimes_duration: 12000.06079999695
