comms_cons: 695.8496638518635
finished_reconf: true
global_termination_time: 2384251.0454399986
local_termination_time: 2384251.0043199984
node_cons: 97536.78820015455
tot_aggregated_send: 0
tot_msg_rcv: 35404
tot_msg_sent: 70361
tot_reconf_duration: 24.59
tot_sleeping_duration: 2311432.9760000003
tot_uptimes: 1207
tot_uptimes_duration: 72818.06943999819
