comms_cons: 92.94338561289287
finished_reconf: true
global_termination_time: 466881.062
local_termination_time: 91.49804000000002
node_cons: 9591.218700000012
tot_aggregated_send: 0
tot_msg_rcv: 7242
tot_msg_sent: 6884
tot_reconf_duration: 22.65
tot_sleeping_duration: 459741.062
tot_uptimes: 120
tot_uptimes_duration: 7140.0
