comms_cons: 47.503078400731404
finished_reconf: true
global_termination_time: 466164.343
local_termination_time: 36207.037000000004
node_cons: 9566.695881760303
tot_aggregated_send: 6146
tot_msg_rcv: 319
tot_msg_sent: 757
tot_reconf_duration: 3.05
tot_sleeping_duration: 459022.7791599998
tot_uptimes: 120
tot_uptimes_duration: 7141.5638400002135
