comms_cons: 55.87670400103512
finished_reconf: true
global_termination_time: 543547.0504799999
local_termination_time: 543547.0093599999
node_cons: 11219.036083201838
tot_aggregated_send: 7410
tot_msg_rcv: 435
tot_msg_sent: 646
tot_reconf_duration: 24.59
tot_sleeping_duration: 535193.3216799984
tot_uptimes: 140
tot_uptimes_duration: 8353.72880000135
