comms_cons: 56.44998400044566
finished_reconf: true
global_termination_time: 543742.905
local_termination_time: 119612.69875999975
node_cons: 11173.229761121445
tot_aggregated_send: 7134
tot_msg_rcv: 520
tot_msg_sent: 925
tot_reconf_duration: 4.390000000000001
tot_sleeping_duration: 535402.8989199989
tot_uptimes: 140
tot_uptimes_duration: 8340.006080001069
