comms_cons: 2.2369279999926084
finished_reconf: true
global_termination_time: 17306.274
local_termination_time: 10006.60236
node_cons: 342.19172000000026
tot_aggregated_send: 0
tot_msg_rcv: 178
tot_msg_sent: 162
tot_reconf_duration: 15.34
tot_sleeping_duration: 17066.274
tot_uptimes: 5
tot_uptimes_duration: 240.0
