comms_cons: 226.40038398368
finished_reconf: true
global_termination_time: 2263765.489
local_termination_time: 507062.27836
node_cons: 46525.43708670042
tot_aggregated_send: 31146
tot_msg_rcv: 1114
tot_msg_sent: 2152
tot_reconf_duration: 6.279999999999999
tot_sleeping_duration: 2229025.4525200143
tot_uptimes: 580
tot_uptimes_duration: 34740.03647998581
