comms_cons: 226.69773438865465
finished_reconf: true
global_termination_time: 2267480.852
local_termination_time: 414007.3093200002
node_cons: 46604.1909289436
tot_aggregated_send: 31262
tot_msg_rcv: 1038
tot_msg_sent: 2155
tot_reconf_duration: 5.1
tot_sleeping_duration: 2232680.8033600114
tot_uptimes: 581
tot_uptimes_duration: 34800.04863998818
