comms_cons: 228.74562557925393
finished_reconf: true
global_termination_time: 2263967.583
local_termination_time: 445320.9947200001
node_cons: 46523.43268558346
tot_aggregated_send: 30914
tot_msg_rcv: 1212
tot_msg_sent: 2642
tot_reconf_duration: 4.8100000000000005
tot_sleeping_duration: 2229227.552600012
tot_uptimes: 580
tot_uptimes_duration: 34740.030399988056
