comms_cons: 224.08817918463353
finished_reconf: true
global_termination_time: 2267220.682
local_termination_time: 1654676.729
node_cons: 46608.711463193154
tot_aggregated_send: 31259
tot_msg_rcv: 887
tot_msg_sent: 1915
tot_reconf_duration: 6.22
tot_sleeping_duration: 2232418.3932000045
tot_uptimes: 581
tot_uptimes_duration: 34802.288799995324
