comms_cons: 224.61750398574037
finished_reconf: true
global_termination_time: 2264098.34
local_termination_time: 1528702.1535999998
node_cons: 46524.258363349865
tot_aggregated_send: 31552
tot_msg_rcv: 903
tot_msg_sent: 1685
tot_reconf_duration: 5.43
tot_sleeping_duration: 2229358.321760007
tot_uptimes: 580
tot_uptimes_duration: 34740.0182399929
