comms_cons: 375.1224572949623
finished_reconf: true
global_termination_time: 2054259.149
local_termination_time: 307542.3756000001
node_cons: 42289.671970055766
tot_aggregated_send: 0
tot_msg_rcv: 29055
tot_msg_sent: 27967
tot_reconf_duration: 22.65
tot_sleeping_duration: 2022699.0942800178
tot_uptimes: 527
tot_uptimes_duration: 31560.054719982145
