comms_cons: 203.1926399927683
finished_reconf: true
global_termination_time: 2053705.0264799998
local_termination_time: 2053704.9853599998
node_cons: 42247.67750207914
tot_aggregated_send: 29554
tot_msg_rcv: 451
tot_msg_sent: 879
tot_reconf_duration: 37.410000000000004
tot_sleeping_duration: 2022191.30376
tot_uptimes: 526
tot_uptimes_duration: 31513.722719999612
