comms_cons: 210.80007677462186
finished_reconf: true
global_termination_time: 2053705.6264799999
local_termination_time: 188510.80348000006
node_cons: 42226.57123201836
tot_aggregated_send: 27086
tot_msg_rcv: 1669
tot_msg_sent: 3286
tot_reconf_duration: 11.31
tot_sleeping_duration: 2022181.1961200158
tot_uptimes: 526
tot_uptimes_duration: 31524.430359984108
