comms_cons: 209.88421757528653
finished_reconf: true
global_termination_time: 2054571.658
local_termination_time: 263423.26336000004
node_cons: 42266.31977453224
tot_aggregated_send: 27434
tot_msg_rcv: 1434
tot_msg_sent: 3033
tot_reconf_duration: 5.43
tot_sleeping_duration: 2023011.5789600203
tot_uptimes: 527
tot_uptimes_duration: 31560.07903997955
