comms_cons: 87.98364159442843
finished_reconf: true
global_termination_time: 892964.535
local_termination_time: 789767.6696799994
node_cons: 18321.710781116803
tot_aggregated_send: 12296
tot_msg_rcv: 298
tot_msg_sent: 779
tot_reconf_duration: 3.08
tot_sleeping_duration: 879284.5289200024
tot_uptimes: 229
tot_uptimes_duration: 13680.006079997635
