comms_cons: 89.5193151973778
finished_reconf: true
global_termination_time: 890001.691
local_termination_time: 352818.49836
node_cons: 18257.712609321137
tot_aggregated_send: 12238
tot_msg_rcv: 454
tot_msg_sent: 914
tot_reconf_duration: 15.110000000000001
tot_sleeping_duration: 876381.6811199991
tot_uptimes: 228
tot_uptimes_duration: 13620.009880000842
