comms_cons: 90.94460799341853
finished_reconf: true
global_termination_time: 891913.994
local_termination_time: 196401.0666800007
node_cons: 18321.67818224287
tot_aggregated_send: 11890
tot_msg_rcv: 614
tot_msg_sent: 1318
tot_reconf_duration: 3.05
tot_sleeping_duration: 878233.9818399978
tot_uptimes: 229
tot_uptimes_duration: 13680.012160002138
