comms_cons: 263.4960192075103
finished_reconf: true
global_termination_time: 2647048.101
local_termination_time: 1222310.8115599994
node_cons: 54408.06485999901
tot_aggregated_send: 37990
tot_msg_rcv: 795
tot_msg_sent: 1264
tot_reconf_duration: 13.17
tot_sleeping_duration: 2606428.101
tot_uptimes: 678
tot_uptimes_duration: 40620.0
