comms_cons: 217.34095357124164
finished_reconf: true
global_termination_time: 2110719.226119997
local_termination_time: 25112.87408
node_cons: 43410.04473144591
tot_aggregated_send: 27492
tot_msg_rcv: 1781
tot_msg_sent: 3761
tot_reconf_duration: 4.390000000000001
tot_sleeping_duration: 2078303.9288000222
tot_uptimes: 541
tot_uptimes_duration: 32415.297319974852
