comms_cons: 214.32367358056806
finished_reconf: true
global_termination_time: 2114997.741
local_termination_time: 419246.02300000004
node_cons: 43468.857984375405
tot_aggregated_send: 28360
tot_msg_rcv: 1414
tot_msg_sent: 2803
tot_reconf_duration: 3.05
tot_sleeping_duration: 2082537.161400018
tot_uptimes: 542
tot_uptimes_duration: 32460.579599981895
