comms_cons: 36.554035201010024
finished_reconf: true
global_termination_time: 354750.284
local_termination_time: 2567.7978000000007
node_cons: 7234.7826400000085
tot_aggregated_send: 4756
tot_msg_rcv: 336
tot_msg_sent: 463
tot_reconf_duration: 3.08
tot_sleeping_duration: 349350.284
tot_uptimes: 91
tot_uptimes_duration: 5400.0
