comms_cons: 500.01786214025526
finished_reconf: true
global_termination_time: 1036283.8185999998
local_termination_time: 1036283.7774799998
node_cons: 62768.46142571216
tot_aggregated_send: 0
tot_msg_rcv: 30750
tot_msg_sent: 45250
tot_reconf_duration: 37.410000000000004
tot_sleeping_duration: 989444.6411200047
tot_uptimes: 772
tot_uptimes_duration: 46839.177479995036
