comms_cons: 103.00298239722224
finished_reconf: true
global_termination_time: 1036739.903
local_termination_time: 360190.68936
node_cons: 21302.924924476534
tot_aggregated_send: 14616
tot_msg_rcv: 289
tot_msg_sent: 751
tot_reconf_duration: 9.42
tot_sleeping_duration: 1020839.8786800026
tot_uptimes: 266
tot_uptimes_duration: 15900.024319997407
