comms_cons: 105.71256319349413
finished_reconf: true
global_termination_time: 1037856.866
local_termination_time: 451864.1943600001
node_cons: 21307.30038671023
tot_aggregated_send: 14036
tot_msg_rcv: 703
tot_msg_sent: 1329
tot_reconf_duration: 12.629999999999999
tot_sleeping_duration: 1021956.8295200074
tot_uptimes: 266
tot_uptimes_duration: 15900.036479992676
