comms_cons: 107.20488319695556
finished_reconf: true
global_termination_time: 1040061.002
local_termination_time: 380889.2365200003
node_cons: 21395.85902336426
tot_aggregated_send: 13978
tot_msg_rcv: 876
tot_msg_sent: 1441
tot_reconf_duration: 18.700000000000003
tot_sleeping_duration: 1024100.9837599967
tot_uptimes: 267
tot_uptimes_duration: 15960.018240003206
