comms_cons: 104.18937599799601
finished_reconf: true
global_termination_time: 1037063.767
local_termination_time: 494579.3539200003
node_cons: 21304.994523355144
tot_aggregated_send: 14094
tot_msg_rcv: 645
tot_msg_sent: 1097
tot_reconf_duration: 10.95
tot_sleeping_duration: 1021163.7487600037
tot_uptimes: 266
tot_uptimes_duration: 15900.018239996338
