comms_cons: 102.07628799738981
finished_reconf: true
global_termination_time: 1038289.857
local_termination_time: 760218.3438399998
node_cons: 21306.284623355157
tot_aggregated_send: 14094
tot_msg_rcv: 496
tot_msg_sent: 925
tot_reconf_duration: 11.899999999999999
tot_sleeping_duration: 1022389.8387600037
tot_uptimes: 266
tot_uptimes_duration: 15900.018239996338
