comms_cons: 104.67474559314364
finished_reconf: true
global_termination_time: 1037790.448
local_termination_time: 374.7456799999988
node_cons: 21300.7358422337
tot_aggregated_send: 14210
tot_msg_rcv: 538
tot_msg_sent: 1161
tot_reconf_duration: 7.819999999999999
tot_sleeping_duration: 1021890.4358400047
tot_uptimes: 266
tot_uptimes_duration: 15900.012159995269
