comms_cons: 320.56087682227655
finished_reconf: true
global_termination_time: 3215506.772
local_termination_time: 783836.1182799983
node_cons: 66132.66934781712
tot_aggregated_send: 44486
tot_msg_rcv: 1344
tot_msg_sent: 2893
tot_reconf_duration: 9.42
tot_sleeping_duration: 3166126.729440016
tot_uptimes: 824
tot_uptimes_duration: 49380.04255998391
