comms_cons: 325.6657024400875
finished_reconf: true
global_termination_time: 3215395.797119994
local_termination_time: 122962.42259999995
node_cons: 66170.00499307798
tot_aggregated_send: 44138
tot_msg_rcv: 1816
tot_msg_sent: 3545
tot_reconf_duration: 10.95
tot_sleeping_duration: 3165989.4230400245
tot_uptimes: 824
tot_uptimes_duration: 49406.37407996965
