comms_cons: 635.1275782342939
finished_reconf: true
global_termination_time: 3215395.847479997
local_termination_time: 1227.6694800000002
node_cons: 66156.55955878101
tot_aggregated_send: 0
tot_msg_rcv: 48789
tot_msg_sent: 47746
tot_reconf_duration: 11.899999999999999
tot_sleeping_duration: 3166000.47828001
tot_uptimes: 824
tot_uptimes_duration: 49395.36919998686
