comms_cons: 320.74257918545146
finished_reconf: true
global_termination_time: 3220910.922
local_termination_time: 2069250.3833599999
node_cons: 66207.55836334934
tot_aggregated_send: 45066
tot_msg_rcv: 1301
tot_msg_sent: 2384
tot_reconf_duration: 5.43
tot_sleeping_duration: 3171470.9037600067
tot_uptimes: 825
tot_uptimes_duration: 49440.01823999314
