comms_cons: 120.87287039574448
finished_reconf: true
global_termination_time: 1223502.2630399982
local_termination_time: 1223502.2219199983
node_cons: 25260.932779918985
tot_aggregated_send: 17631
tot_msg_rcv: 194
tot_msg_sent: 545
tot_reconf_duration: 31.42
tot_sleeping_duration: 1204668.607759999
tot_uptimes: 314
tot_uptimes_duration: 18833.655279999257
