comms_cons: 10.730675199955332
finished_reconf: true
global_termination_time: 98100.2062399997
local_termination_time: 8312.297359999999
node_cons: 2091.5279504796054
tot_aggregated_send: 928
tot_msg_rcv: 237
tot_msg_sent: 465
tot_reconf_duration: 6.279999999999999
tot_sleeping_duration: 96544.56791999999
tot_uptimes: 26
tot_uptimes_duration: 1555.6383199997072
