comms_cons: 13.324761599807971
finished_reconf: true
global_termination_time: 98301.242
local_termination_time: 39852.88236000001
node_cons: 2019.1521244766043
tot_aggregated_send: 580
tot_msg_rcv: 575
tot_msg_sent: 873
tot_reconf_duration: 7.819999999999999
tot_sleeping_duration: 96801.21768000253
tot_uptimes: 26
tot_uptimes_duration: 1500.0243199974648
