comms_cons: 72.03566080029482
finished_reconf: true
global_termination_time: 713723.586
local_termination_time: 438987.31136000005
node_cons: 14628.41197999998
tot_aggregated_send: 9686
tot_msg_rcv: 434
tot_msg_sent: 829
tot_reconf_duration: 4.8100000000000005
tot_sleeping_duration: 702803.586
tot_uptimes: 183
tot_uptimes_duration: 10919.99999999997
