comms_cons: 194.50151679740443
finished_reconf: true
global_termination_time: 1976150.694
local_termination_time: 1411384.4402399978
node_cons: 40658.96579999952
tot_aggregated_send: 28884
tot_msg_rcv: 219
tot_msg_sent: 460
tot_reconf_duration: 5.1
tot_sleeping_duration: 1945790.694
tot_uptimes: 507
tot_uptimes_duration: 30360.0
