comms_cons: 195.59303679529575
finished_reconf: true
global_termination_time: 1977977.293
local_termination_time: 430860.8528000003
node_cons: 40686.397399999696
tot_aggregated_send: 28652
tot_msg_rcv: 405
tot_msg_sent: 672
tot_reconf_duration: 25.299999999999997
tot_sleeping_duration: 1947617.293
tot_uptimes: 507
tot_uptimes_duration: 30360.0
