comms_cons: 197.04108799076946
finished_reconf: true
global_termination_time: 1977108.214
local_termination_time: 526107.7675199982
node_cons: 40671.970316394196
tot_aggregated_send: 28188
tot_msg_rcv: 612
tot_msg_sent: 1149
tot_reconf_duration: 13.17
tot_sleeping_duration: 1946746.6864000042
tot_uptimes: 507
tot_uptimes_duration: 30361.52759999584
