comms_cons: 625.2874560787142
finished_reconf: true
global_termination_time: 6289786.6114799995
local_termination_time: 6289786.570359999
node_cons: 129416.5856431876
tot_aggregated_send: 90306
tot_msg_rcv: 1671
tot_msg_sent: 3062
tot_reconf_duration: 37.410000000000004
tot_sleeping_duration: 6193172.882680006
tot_uptimes: 1611
tot_uptimes_duration: 96613.72879999405
