comms_cons: 617.4498752981365
finished_reconf: true
global_termination_time: 6291754.086
local_termination_time: 2977512.34948
node_cons: 129462.14624669848
tot_aggregated_send: 87000
tot_msg_rcv: 2169
tot_msg_sent: 4679
tot_reconf_duration: 25.299999999999997
tot_sleeping_duration: 6195094.049520013
tot_uptimes: 1612
tot_uptimes_duration: 96660.0364799872
