comms_cons: 618.4350528804919
finished_reconf: true
global_termination_time: 6291044.386
local_termination_time: 3017323.8366
node_cons: 129445.67370669862
tot_aggregated_send: 87464
tot_msg_rcv: 2241
tot_msg_sent: 4293
tot_reconf_duration: 13.17
tot_sleeping_duration: 6194384.349520013
tot_uptimes: 1612
tot_uptimes_duration: 96660.0364799872
