comms_cons: 627.7038017355057
finished_reconf: true
global_termination_time: 6292230.519
local_termination_time: 299279.6733600001
node_cons: 129458.57197004926
tot_aggregated_send: 87986
tot_msg_rcv: 2438
tot_msg_sent: 4982
tot_reconf_duration: 22.65
tot_sleeping_duration: 6195570.4642800195
tot_uptimes: 1612
tot_uptimes_duration: 96660.05471998011
