comms_cons: 607.7338624196915
finished_reconf: true
global_termination_time: 6293139.205
local_termination_time: 3884728.69836
node_cons: 129443.90019999573
tot_aggregated_send: 89784
tot_msg_rcv: 827
tot_msg_sent: 1761
tot_reconf_duration: 11.899999999999999
tot_sleeping_duration: 6196479.205
tot_uptimes: 1612
tot_uptimes_duration: 96660.0
