comms_cons: 179.8909312208795
finished_reconf: true
global_termination_time: 372222.8420400004
local_termination_time: 586.3934799999992
node_cons: 22593.976094243884
tot_aggregated_send: 0
tot_msg_rcv: 11069
tot_msg_sent: 16271
tot_reconf_duration: 18.21
tot_sleeping_duration: 355367.54187999753
tot_uptimes: 275
tot_uptimes_duration: 16855.30016000288
