comms_cons: 34.63479040028045
finished_reconf: true
global_termination_time: 332630.731
local_termination_time: 67215.22735999996
node_cons: 6863.289964483436
tot_aggregated_send: 4176
tot_msg_rcv: 353
tot_msg_sent: 736
tot_reconf_duration: 25.299999999999997
tot_sleeping_duration: 327530.70667999744
tot_uptimes: 86
tot_uptimes_duration: 5100.0243200025725
