comms_cons: 32.830835200048156
finished_reconf: true
global_termination_time: 330722.93
local_termination_time: 59228.483360000006
node_cons: 6763.438241119155
tot_aggregated_send: 4640
tot_msg_rcv: 127
tot_msg_sent: 223
tot_reconf_duration: 10.95
tot_sleeping_duration: 325682.9239200006
tot_uptimes: 85
tot_uptimes_duration: 5040.006079999366
