comms_cons: 191.86263030994368
finished_reconf: true
global_termination_time: 1334032.08
local_termination_time: 459258.47980000026
node_cons: 27402.512685597998
tot_aggregated_send: 0
tot_msg_rcv: 14713
tot_msg_sent: 14450
tot_reconf_duration: 4.8100000000000005
tot_sleeping_duration: 1313572.0496000017
tot_uptimes: 342
tot_uptimes_duration: 20460.030399998475
