comms_cons: 130.5816703966553
finished_reconf: true
global_termination_time: 1336300.315
local_termination_time: 553373.22336
node_cons: 27484.734901116994
tot_aggregated_send: 18560
tot_msg_rcv: 501
tot_msg_sent: 786
tot_reconf_duration: 6.22
tot_sleeping_duration: 1315780.3089200023
tot_uptimes: 343
tot_uptimes_duration: 20520.006079997635
