comms_cons: 273.33286402048213
finished_reconf: true
global_termination_time: 2810535.206
local_termination_time: 6672.623
node_cons: 57859.15946446661
tot_aggregated_send: 38684
tot_msg_rcv: 883
tot_msg_sent: 1978
tot_reconf_duration: 10.55
tot_sleeping_duration: 2767335.181680009
tot_uptimes: 720
tot_uptimes_duration: 43200.02431999077
