comms_cons: 2.2829823999945673
finished_reconf: true
global_termination_time: 13952.676
local_termination_time: 5888.40836
node_cons: 247.9458000000005
tot_aggregated_send: 0
tot_msg_rcv: 176
tot_msg_sent: 170
tot_reconf_duration: 5.1
tot_sleeping_duration: 13772.676
tot_uptimes: 4
tot_uptimes_duration: 180.0
