comms_cons: 1.8294783999933755
finished_reconf: true
global_termination_time: 13153.686
local_termination_time: 6323.0804800000005
node_cons: 258.9048600000001
tot_aggregated_send: 0
tot_msg_rcv: 170
tot_msg_sent: 108
tot_reconf_duration: 13.17
tot_sleeping_duration: 12973.686
tot_uptimes: 4
tot_uptimes_duration: 180.0
