comms_cons: 1.5658495999982112
finished_reconf: true
global_termination_time: 16245.861
local_termination_time: 5551.33136
node_cons: 333.73137999999943
tot_aggregated_send: 0
tot_msg_rcv: 126
tot_msg_sent: 112
tot_reconf_duration: 9.11
tot_sleeping_duration: 16005.861
tot_uptimes: 5
tot_uptimes_duration: 239.9999999999999
