comms_cons: 2.243507199995567
finished_reconf: true
global_termination_time: 14432.595
local_termination_time: 6432.785360000001
node_cons: 271.77870000000075
tot_aggregated_send: 0
tot_msg_rcv: 241
tot_msg_sent: 100
tot_reconf_duration: 22.65
tot_sleeping_duration: 14252.595
tot_uptimes: 4
tot_uptimes_duration: 180.0
