comms_cons: 145.01935359310414
finished_reconf: true
global_termination_time: 1459359.359
local_termination_time: 466309.56136000005
node_cons: 30001.17740000003
tot_aggregated_send: 20822
tot_msg_rcv: 432
tot_msg_sent: 788
tot_reconf_duration: 25.299999999999997
tot_sleeping_duration: 1436979.359
tot_uptimes: 374
tot_uptimes_duration: 22380.0
