comms_cons: 143.37392639750388
finished_reconf: true
global_termination_time: 1458439.451
local_termination_time: 834100.2395599994
node_cons: 29987.339380000038
tot_aggregated_send: 21170
tot_msg_rcv: 171
tot_msg_sent: 451
tot_reconf_duration: 15.110000000000001
tot_sleeping_duration: 1436059.451
tot_uptimes: 374
tot_uptimes_duration: 22380.000000000007
