comms_cons: 145.6154111960714
finished_reconf: true
global_termination_time: 1458821.324
local_termination_time: 1082113.93036
node_cons: 29983.97154000021
tot_aggregated_send: 20706
tot_msg_rcv: 510
tot_msg_sent: 917
tot_reconf_duration: 12.629999999999999
tot_sleeping_duration: 1436441.324
tot_uptimes: 374
tot_uptimes_duration: 22380.0
