comms_cons: 149.14451198677247
finished_reconf: true
global_termination_time: 1458454.973
local_termination_time: 889207.7982799984
node_cons: 29975.323747822593
tot_aggregated_send: 19604
tot_msg_rcv: 1030
tot_msg_sent: 2036
tot_reconf_duration: 6.22
tot_sleeping_duration: 1436074.930440013
tot_uptimes: 374
tot_uptimes_duration: 22380.042559986876
