comms_cons: 84.95766401017524
finished_reconf: true
global_termination_time: 402864.2026000002
local_termination_time: 279.7470399999998
node_cons: 8320.376153647203
tot_aggregated_send: 0
tot_msg_rcv: 6908
tot_msg_sent: 6003
tot_reconf_duration: 18.21
tot_sleeping_duration: 396668.79783999483
tot_uptimes: 104
tot_uptimes_duration: 6195.404760005375
