comms_cons: 179.9136447844312
finished_reconf: true
global_termination_time: 1779584.9504799999
local_termination_time: 1779584.90936
node_cons: 36606.50864766354
tot_aggregated_send: 24694
tot_msg_rcv: 951
tot_msg_sent: 1700
tot_reconf_duration: 24.59
tot_sleeping_duration: 1752271.197360012
tot_uptimes: 456
tot_uptimes_duration: 27313.753119987785
