comms_cons: 178.09894398876526
finished_reconf: true
global_termination_time: 1780230.975
local_termination_time: 542352.2093599999
node_cons: 36561.66650558402
tot_aggregated_send: 24418
tot_msg_rcv: 911
tot_msg_sent: 1741
tot_reconf_duration: 5.1
tot_sleeping_duration: 1752930.944600012
tot_uptimes: 456
tot_uptimes_duration: 27300.030399988173
