comms_cons: 862.0211961077545
finished_reconf: true
global_termination_time: 1780273.467
local_termination_time: 934027.0800799998
node_cons: 108352.60608597826
tot_aggregated_send: 0
tot_msg_rcv: 52833
tot_msg_sent: 78189
tot_reconf_duration: 6.22
tot_sleeping_duration: 1699359.233000014
tot_uptimes: 1331
tot_uptimes_duration: 80914.23399998598
