comms_cons: 74.92392960960215
finished_reconf: true
global_termination_time: 385422.642
local_termination_time: 283.63347999999974
node_cons: 7904.086841121441
tot_aggregated_send: 0
tot_msg_rcv: 5723
tot_msg_sent: 5665
tot_reconf_duration: 22.65
tot_sleeping_duration: 379542.6359199989
tot_uptimes: 99
tot_uptimes_duration: 5880.006080001069
