comms_cons: 39.69792000061788
finished_reconf: true
global_termination_time: 386053.442
local_termination_time: 33691.333280000166
node_cons: 7880.7183633620225
tot_aggregated_send: 4756
tot_msg_rcv: 349
tot_msg_sent: 928
tot_reconf_duration: 5.43
tot_sleeping_duration: 380173.42375999846
tot_uptimes: 99
tot_uptimes_duration: 5880.018240001504
