comms_cons: 434.9255488547226
finished_reconf: true
global_termination_time: 4343813.68748
local_termination_time: 4343813.64636
node_cons: 89407.33891323688
tot_aggregated_send: 60874
tot_msg_rcv: 1611
tot_msg_sent: 3620
tot_reconf_duration: 37.410000000000004
tot_sleeping_duration: 4277079.90396003
tot_uptimes: 1113
tot_uptimes_duration: 66733.78351996979
