comms_cons: 423.22500480638126
finished_reconf: true
global_termination_time: 4345778.722
local_termination_time: 2461881.3189599994
node_cons: 89358.93614334789
tot_aggregated_send: 60262
tot_msg_rcv: 1404
tot_msg_sent: 2661
tot_reconf_duration: 15.34
tot_sleeping_duration: 4279058.703760007
tot_uptimes: 1113
tot_uptimes_duration: 66720.0182399929
