comms_cons: 427.4512512227682
finished_reconf: true
global_termination_time: 4346856.487
local_termination_time: 979179.0973599999
node_cons: 89438.97194446521
tot_aggregated_send: 60146
tot_msg_rcv: 1575
tot_msg_sent: 3249
tot_reconf_duration: 15.110000000000001
tot_sleeping_duration: 4280076.462680008
tot_uptimes: 1114
tot_uptimes_duration: 66780.02431999077
