comms_cons: 85.37827839986684
finished_reconf: true
global_termination_time: 842799.407
local_termination_time: 310201.5033600001
node_cons: 17280.672201121466
tot_aggregated_send: 11600
tot_msg_rcv: 509
tot_msg_sent: 868
tot_reconf_duration: 5.57
tot_sleeping_duration: 829899.4009199989
tot_uptimes: 216
tot_uptimes_duration: 12900.006080001069
