comms_cons: 60.34442240016286
finished_reconf: true
global_termination_time: 585996.0965999998
local_termination_time: 585996.0554799999
node_cons: 12102.847425122638
tot_aggregated_send: 7758
tot_msg_rcv: 464
tot_msg_sent: 949
tot_reconf_duration: 24.59
tot_sleeping_duration: 576982.3145199978
tot_uptimes: 151
tot_uptimes_duration: 9013.782080001947
