comms_cons: 59.479891199611224
finished_reconf: true
global_termination_time: 587077.953
local_termination_time: 7000.041640000002
node_cons: 12085.38182335971
tot_aggregated_send: 8004
tot_msg_rcv: 359
tot_msg_sent: 676
tot_reconf_duration: 25.299999999999997
tot_sleeping_duration: 578077.9347600002
tot_uptimes: 151
tot_uptimes_duration: 9000.018239999772
