comms_cons: 1.0728704000017004
finished_reconf: true
global_termination_time: 5115.492
local_termination_time: 1842.1833600000002
node_cons: 87.9040599999999
tot_aggregated_send: 0
tot_msg_rcv: 109
tot_msg_sent: 53
tot_reconf_duration: 5.57
tot_sleeping_duration: 5055.492
tot_uptimes: 2
tot_uptimes_duration: 60.0
