comms_cons: 0.9803007999994751
finished_reconf: true
global_termination_time: 5956.337
local_termination_time: 304.0573599999999
node_cons: 98.22486000000004
tot_aggregated_send: 0
tot_msg_rcv: 96
tot_msg_sent: 52
tot_reconf_duration: 13.17
tot_sleeping_duration: 5896.337
tot_uptimes: 2
tot_uptimes_duration: 60.0
