comms_cons: 1.210572799999351
finished_reconf: true
global_termination_time: 4105.361
local_termination_time: 331.55735999999996
node_cons: 96.50020000000005
tot_aggregated_send: 0
tot_msg_rcv: 134
tot_msg_sent: 49
tot_reconf_duration: 11.899999999999999
tot_sleeping_duration: 4045.361
tot_uptimes: 2
tot_uptimes_duration: 60.0
