comms_cons: 302.42624641358367
finished_reconf: true
global_termination_time: 2969066.104
local_termination_time: 399063.9043600001
node_cons: 61089.24825228465
tot_aggregated_send: 40368
tot_msg_rcv: 1977
tot_msg_sent: 3622
tot_reconf_duration: 22.65
tot_sleeping_duration: 2923466.0371200256
tot_uptimes: 761
tot_uptimes_duration: 45600.066879974445
