comms_cons: 293.84085760378224
finished_reconf: true
global_termination_time: 2969044.478
local_termination_time: 825255.9175599995
node_cons: 61078.9193799988
tot_aggregated_send: 43094
tot_msg_rcv: 596
tot_msg_sent: 972
tot_reconf_duration: 15.110000000000001
tot_sleeping_duration: 2923444.478
tot_uptimes: 761
tot_uptimes_duration: 45600.0
