comms_cons: 300.99464319904337
finished_reconf: true
global_termination_time: 2969931.348
local_termination_time: 165996.31108000063
node_cons: 61065.87163341034
tot_aggregated_send: 40890
tot_msg_rcv: 1659
tot_msg_sent: 3201
tot_reconf_duration: 5.43
tot_sleeping_duration: 2924331.2750400216
tot_uptimes: 761
tot_uptimes_duration: 45600.07295997873
