comms_cons: 372.3087232511693
finished_reconf: true
global_termination_time: 3706079.3942399924
local_termination_time: 5218.52948
node_cons: 76298.47965275808
tot_aggregated_send: 51040
tot_msg_rcv: 1647
tot_msg_sent: 3901
tot_reconf_duration: 5.1
tot_sleeping_duration: 3649102.8790400224
tot_uptimes: 950
tot_uptimes_duration: 56976.51519997006
