comms_cons: 368.65952003601444
finished_reconf: true
global_termination_time: 3708220.085
local_termination_time: 135971.9388800009
node_cons: 76266.87779437644
tot_aggregated_send: 51446
tot_msg_rcv: 1378
tot_msg_sent: 3211
tot_reconf_duration: 13.17
tot_sleeping_duration: 3651275.355400016
tot_uptimes: 950
tot_uptimes_duration: 56944.72959998375
