comms_cons: 374.8270080699125
finished_reconf: true
global_termination_time: 3710325.41
local_termination_time: 1398426.11936
node_cons: 76335.83306558349
tot_aggregated_send: 51562
tot_msg_rcv: 1873
tot_msg_sent: 3537
tot_reconf_duration: 9.42
tot_sleeping_duration: 3653325.3796000113
tot_uptimes: 951
tot_uptimes_duration: 57000.030399989104
