comms_cons: 375.6516160688967
finished_reconf: true
global_termination_time: 3708380.839
local_termination_time: 1722801.75136
node_cons: 76259.85224558346
tot_aggregated_send: 51214
tot_msg_rcv: 2060
tot_msg_sent: 3823
tot_reconf_duration: 12.629999999999999
tot_sleeping_duration: 3651440.8086000113
tot_uptimes: 950
tot_uptimes_duration: 56940.03039998887
