comms_cons: 374.25089284589865
finished_reconf: true
global_termination_time: 3713161.1
local_termination_time: 2438597.0500000003
node_cons: 76364.90125638717
tot_aggregated_send: 51502
tot_msg_rcv: 1786
tot_msg_sent: 3596
tot_reconf_duration: 18.700000000000003
tot_sleeping_duration: 3656148.7724000085
tot_uptimes: 951
tot_uptimes_duration: 57012.32759999158
