comms_cons: 208.31047678327943
finished_reconf: true
global_termination_time: 2066042.9062400002
local_termination_time: 38118.02024000019
node_cons: 42571.66231942462
tot_aggregated_send: 28478
tot_msg_rcv: 1083
tot_msg_sent: 2100
tot_reconf_duration: 13.17
tot_sleeping_duration: 2034262.6392800114
tot_uptimes: 530
tot_uptimes_duration: 31780.26695998879
