comms_cons: 206.02764799063235
finished_reconf: true
global_termination_time: 2068577.621
local_termination_time: 888524.9649599997
node_cons: 42505.83790223332
tot_aggregated_send: 28710
tot_msg_rcv: 978
tot_msg_sent: 1627
tot_reconf_duration: 4.390000000000001
tot_sleeping_duration: 2036837.6088400048
tot_uptimes: 530
tot_uptimes_duration: 31740.01215999527
