comms_cons: 200.08005119201354
finished_reconf: true
global_termination_time: 2067817.495
local_termination_time: 1173468.3158399998
node_cons: 42515.227121116535
tot_aggregated_send: 28536
tot_msg_rcv: 643
tot_msg_sent: 1232
tot_reconf_duration: 11.31
tot_sleeping_duration: 2036077.4889200025
tot_uptimes: 530
tot_uptimes_duration: 31740.006079997635
