comms_cons: 8.317990400064254
finished_reconf: true
global_termination_time: 72927.098
local_termination_time: 18857.72536
node_cons: 1466.6556622403002
tot_aggregated_send: 638
tot_msg_rcv: 328
tot_msg_sent: 298
tot_reconf_duration: 15.110000000000001
tot_sleeping_duration: 71847.08583999978
tot_uptimes: 19
tot_uptimes_duration: 1080.012160000224
