comms_cons: 49.94928640032397
finished_reconf: true
global_termination_time: 509012.469
local_termination_time: 161065.82952000038
node_cons: 10474.958700000005
tot_aggregated_send: 7366
tot_msg_rcv: 73
tot_msg_sent: 153
tot_reconf_duration: 22.65
tot_sleeping_duration: 501212.469
tot_uptimes: 131
tot_uptimes_duration: 7800.0
