comms_cons: 49.78480640006461
finished_reconf: true
global_termination_time: 507329.12
local_termination_time: 99960.92159999994
node_cons: 10371.424060000005
tot_aggregated_send: 7366
tot_msg_rcv: 90
tot_msg_sent: 111
tot_reconf_duration: 5.57
tot_sleeping_duration: 499589.12
tot_uptimes: 130
tot_uptimes_duration: 7740.0
