comms_cons: 49.78543359996267
finished_reconf: true
global_termination_time: 508064.276
local_termination_time: 39615.282999999996
node_cons: 10461.195963040276
tot_aggregated_send: 7422
tot_msg_rcv: 32
tot_msg_sent: 113
tot_reconf_duration: 9.42
tot_sleeping_duration: 500261.1366399998
tot_uptimes: 131
tot_uptimes_duration: 7803.1393600001975
