comms_cons: 803.378534571198
finished_reconf: true
global_termination_time: 8069611.862
local_termination_time: 2682237.332079999
node_cons: 165991.01708669716
tot_aggregated_send: 112636
tot_msg_rcv: 3144
tot_msg_sent: 6328
tot_reconf_duration: 6.279999999999999
tot_sleeping_duration: 7945651.8255200125
tot_uptimes: 2067
tot_uptimes_duration: 123960.03647998697
