comms_cons: 221.33919347586516
finished_reconf: true
global_termination_time: 1812602.0560000003
local_termination_time: 445959.3393600001
node_cons: 37342.75945000048
tot_aggregated_send: 0
tot_msg_rcv: 17031
tot_msg_sent: 16611
tot_reconf_duration: 3.05
tot_sleeping_duration: 1784716.606
tot_uptimes: 465
tot_uptimes_duration: 27885.45000000042
