comms_cons: 1499.7136610353944
finished_reconf: true
global_termination_time: 5148618.375
local_termination_time: 2217755.7123199985
node_cons: 209982.3447359939
tot_aggregated_send: 0
tot_msg_rcv: 76429
tot_msg_sent: 151521
tot_reconf_duration: 18.21
tot_sleeping_duration: 4991816.570999999
tot_uptimes: 2593
tot_uptimes_duration: 156801.80400000105
