comms_cons: 1015.9583703351618
finished_reconf: true
global_termination_time: 5148618.375
local_termination_time: 2217759.183439999
node_cons: 105918.91126446502
tot_aggregated_send: 0
tot_msg_rcv: 77989
tot_msg_sent: 76429
tot_reconf_duration: 22.65
tot_sleeping_duration: 5069538.3506800085
tot_uptimes: 1319
tot_uptimes_duration: 79080.02431999124
