comms_cons: 516.1167361057245
finished_reconf: true
global_termination_time: 5148252.043
local_termination_time: 876121.219
node_cons: 105911.02932356358
tot_aggregated_send: 70985
tot_msg_rcv: 2531
tot_msg_sent: 4930
tot_reconf_duration: 13.17
tot_sleeping_duration: 5069168.290600025
tot_uptimes: 1319
tot_uptimes_duration: 79083.75239997508
