comms_cons: 517.7575425146379
finished_reconf: true
global_termination_time: 5148961.292
local_termination_time: 1981660.2923599998
node_cons: 105898.77212446523
tot_aggregated_send: 71978
tot_msg_rcv: 2253
tot_msg_sent: 4465
tot_reconf_duration: 7.819999999999999
tot_sleeping_duration: 5069881.267680009
tot_uptimes: 1319
tot_uptimes_duration: 79080.02431999124
