comms_cons: 523.2180865460297
finished_reconf: true
global_termination_time: 5148715.937
local_termination_time: 832763.4023599998
node_cons: 105903.52782669905
tot_aggregated_send: 70644
tot_msg_rcv: 3084
tot_msg_sent: 5798
tot_reconf_duration: 11.31
tot_sleeping_duration: 5069635.900520013
tot_uptimes: 1319
tot_uptimes_duration: 79080.03647998674
