comms_cons: 520.925094541338
finished_reconf: true
global_termination_time: 5148648.808
local_termination_time: 762341.0329199983
node_cons: 105895.54278669904
tot_aggregated_send: 71398
tot_msg_rcv: 2730
tot_msg_sent: 5049
tot_reconf_duration: 5.43
tot_sleeping_duration: 5069568.771520013
tot_uptimes: 1319
tot_uptimes_duration: 79080.03647998674
