comms_cons: 47.61367040363894
finished_reconf: true
global_termination_time: 242841.52700000055
local_termination_time: 801.9640399999995
node_cons: 5037.104152000753
tot_aggregated_send: 0
tot_msg_rcv: 3618
tot_msg_sent: 3618
tot_reconf_duration: 4.390000000000001
tot_sleeping_duration: 239084.139
tot_uptimes: 63
tot_uptimes_duration: 3757.3880000005593
