comms_cons: 1123.49742895385
finished_reconf: true
global_termination_time: 3855215.293
local_termination_time: 2122451.45148
node_cons: 157353.30724899625
tot_aggregated_send: 0
tot_msg_rcv: 57230
tot_msg_sent: 113536
tot_reconf_duration: 18.21
tot_sleeping_duration: 3737718.221999999
tot_uptimes: 1943
tot_uptimes_duration: 117497.07100000112
