comms_cons: 89.63759999808639
finished_reconf: true
global_termination_time: 912006.584
local_termination_time: 159040.72232000067
node_cons: 18736.371540000033
tot_aggregated_send: 12992
tot_msg_rcv: 121
tot_msg_sent: 511
tot_reconf_duration: 12.629999999999999
tot_sleeping_duration: 898026.584
tot_uptimes: 234
tot_uptimes_duration: 13980.0
