comms_cons: 45.172787200280965
finished_reconf: true
global_termination_time: 464354.773
local_termination_time: 457816.3743600001
node_cons: 9495.478980000009
tot_aggregated_send: 6670
tot_msg_rcv: 73
tot_msg_sent: 123
tot_reconf_duration: 11.31
tot_sleeping_duration: 457274.773
tot_uptimes: 119
tot_uptimes_duration: 7080.0
