comms_cons: 277.6033920195858
finished_reconf: true
global_termination_time: 2809278.95
local_termination_time: 5840.71
node_cons: 57874.249581116106
tot_aggregated_send: 40115
tot_msg_rcv: 745
tot_msg_sent: 1334
tot_reconf_duration: 21.68
tot_sleeping_duration: 2766078.9439200023
tot_uptimes: 720
tot_uptimes_duration: 43200.00607999787
