comms_cons: 274.30000639984644
finished_reconf: true
global_termination_time: 2808654.892
local_termination_time: 7154.156
node_cons: 57852.80402446629
tot_aggregated_send: 39492
tot_msg_rcv: 734
tot_msg_sent: 1466
tot_reconf_duration: 5.87
tot_sleeping_duration: 2765454.8676800095
tot_uptimes: 720
tot_uptimes_duration: 43200.02431999054
