comms_cons: 280.8536767985525
finished_reconf: true
global_termination_time: 2809170.236
local_termination_time: 5229.755
node_cons: 57861.44090446693
tot_aggregated_send: 38963
tot_msg_rcv: 1240
tot_msg_sent: 2485
tot_reconf_duration: 12.23
tot_sleeping_duration: 2765970.211680009
tot_uptimes: 720
tot_uptimes_duration: 43200.024319991004
