comms_cons: 77.15427839986891
finished_reconf: true
global_termination_time: 773610.069
local_termination_time: 394913.1633600001
node_cons: 15911.461900000088
tot_aggregated_send: 10904
tot_msg_rcv: 264
tot_msg_sent: 559
tot_reconf_duration: 3.05
tot_sleeping_duration: 761730.069
tot_uptimes: 199
tot_uptimes_duration: 11880.0
