comms_cons: 26.145740800131705
finished_reconf: true
global_termination_time: 257210.503
local_termination_time: 127426.10935999996
node_cons: 5226.2500411214205
tot_aggregated_send: 3364
tot_msg_rcv: 258
tot_msg_sent: 352
tot_reconf_duration: 3.05
tot_sleeping_duration: 253310.49691999893
tot_uptimes: 66
tot_uptimes_duration: 3900.0060800010688
