comms_cons: 1053.739662254173
finished_reconf: true
global_termination_time: 3622081.364
local_termination_time: 2316679.595759999
node_cons: 147408.27434443173
tot_aggregated_send: 0
tot_msg_rcv: 53808
tot_msg_sent: 106355
tot_reconf_duration: 18.21
tot_sleeping_duration: 3512011.5020400025
tot_uptimes: 1819
tot_uptimes_duration: 110069.8619599974
