comms_cons: 357.7678784156745
finished_reconf: true
global_termination_time: 3626773.3
local_termination_time: 2535617.256799999
node_cons: 74573.40485999815
tot_aggregated_send: 52548
tot_msg_rcv: 566
tot_msg_sent: 1264
tot_reconf_duration: 13.17
tot_sleeping_duration: 3571093.3
tot_uptimes: 929
tot_uptimes_duration: 55680.0
