comms_cons: 18.61719039999138
finished_reconf: true
global_termination_time: 178713.33008000063
local_termination_time: 178713.28896000062
node_cons: 3709.275150240008
tot_aggregated_send: 2262
tot_msg_rcv: 188
tot_msg_sent: 379
tot_reconf_duration: 24.59
tot_sleeping_duration: 175968.08592000062
tot_uptimes: 46
tot_uptimes_duration: 2745.2441599999947
