comms_cons: 17.679564799531953
finished_reconf: true
global_termination_time: 178713.73724000016
local_termination_time: 152837.16036000004
node_cons: 3659.089041600772
tot_aggregated_send: 1972
tot_msg_rcv: 258
tot_msg_sent: 456
tot_reconf_duration: 18.21
tot_sleeping_duration: 175999.50283999956
tot_uptimes: 46
tot_uptimes_duration: 2714.2344000005833
