comms_cons: 18.661043199916477
finished_reconf: true
global_termination_time: 178813.863
local_termination_time: 111487.99735999996
node_cons: 3623.746760000005
tot_aggregated_send: 1856
tot_msg_rcv: 287
tot_msg_sent: 693
tot_reconf_duration: 6.22
tot_sleeping_duration: 176113.863
tot_uptimes: 46
tot_uptimes_duration: 2700.0
