comms_cons: 175.6009919017626
finished_reconf: true
global_termination_time: 1396107.04424
local_termination_time: 1916.6352400000003
node_cons: 28730.532591018495
tot_aggregated_send: 6844
tot_msg_rcv: 8866
tot_msg_sent: 11005
tot_reconf_duration: 21.68
tot_sleeping_duration: 1374672.3234401355
tot_uptimes: 358
tot_uptimes_duration: 21434.720799864444
