comms_cons: 136.40060159770044
finished_reconf: true
global_termination_time: 1398465.694
local_termination_time: 6553.053
node_cons: 28769.699601116878
tot_aggregated_send: 20294
tot_msg_rcv: 146
tot_msg_sent: 292
tot_reconf_duration: 5.87
tot_sleeping_duration: 1376985.6879200023
tot_uptimes: 359
tot_uptimes_duration: 21480.006079997635
