comms_cons: 137.53222399510045
finished_reconf: true
global_termination_time: 1398823.71
local_termination_time: 6328.206
node_cons: 28796.153441116876
tot_aggregated_send: 19927
tot_msg_rcv: 294
tot_msg_sent: 683
tot_reconf_duration: 25.35
tot_sleeping_duration: 1377343.7039200023
tot_uptimes: 359
tot_uptimes_duration: 21480.006079997635
