comms_cons: 79.85237759585907
finished_reconf: true
global_termination_time: 783139.355
local_termination_time: 667400.18736
node_cons: 16074.548262233764
tot_aggregated_send: 10730
tot_msg_rcv: 537
tot_msg_sent: 870
tot_reconf_duration: 4.8100000000000005
tot_sleeping_duration: 771139.3428400047
tot_uptimes: 201
tot_uptimes_duration: 12000.012159995269
