comms_cons: 78.22010879869114
finished_reconf: true
global_termination_time: 782182.866
local_termination_time: 723144.2903199996
node_cons: 16073.969761116874
tot_aggregated_send: 10788
tot_msg_rcv: 336
tot_msg_sent: 765
tot_reconf_duration: 4.390000000000001
tot_sleeping_duration: 770182.8599200024
tot_uptimes: 201
tot_uptimes_duration: 12000.006079997635
