comms_cons: 78.70039039697153
finished_reconf: true
global_termination_time: 782900.916
local_termination_time: 641858.9623599999
node_cons: 16078.635842238375
tot_aggregated_send: 10788
tot_msg_rcv: 365
tot_msg_sent: 809
tot_reconf_duration: 7.819999999999999
tot_sleeping_duration: 770900.9038400013
tot_uptimes: 201
tot_uptimes_duration: 12000.012159998703
