comms_cons: 725.0796097213329
finished_reconf: true
global_termination_time: 7332794.905
local_termination_time: 3312660.9509599996
node_cons: 150816.11370669736
tot_aggregated_send: 102138
tot_msg_rcv: 2791
tot_msg_sent: 5278
tot_reconf_duration: 13.17
tot_sleeping_duration: 7220174.868520013
tot_uptimes: 1878
tot_uptimes_duration: 112620.03647998697
