comms_cons: 727.1577025389863
finished_reconf: true
global_termination_time: 7333149.444
local_termination_time: 3678051.370759998
node_cons: 150810.5920855805
tot_aggregated_send: 100688
tot_msg_rcv: 3505
tot_msg_sent: 6330
tot_reconf_duration: 9.11
tot_sleeping_duration: 7220529.413600011
tot_uptimes: 1878
tot_uptimes_duration: 112620.03039998934
