comms_cons: 740.7594881936766
finished_reconf: true
global_termination_time: 7336788.113
local_termination_time: 570556.4304799988
node_cons: 150909.36011116515
tot_aggregated_send: 101442
tot_msg_rcv: 3843
tot_msg_sent: 7305
tot_reconf_duration: 22.65
tot_sleeping_duration: 7224108.052200022
tot_uptimes: 1879
tot_uptimes_duration: 112680.06079997774
