comms_cons: 719.824275292067
finished_reconf: true
global_termination_time: 7331643.467
local_termination_time: 4940545.744799998
node_cons: 150824.60445165937
tot_aggregated_send: 101674
tot_msg_rcv: 2696
tot_msg_sent: 5038
tot_reconf_duration: 18.700000000000003
tot_sleeping_duration: 7219022.697880011
tot_uptimes: 1878
tot_uptimes_duration: 112620.76911998913
