comms_cons: 716.6583040624106
finished_reconf: true
global_termination_time: 7332211.383
local_termination_time: 5320333.579719999
node_cons: 150814.34019999419
tot_aggregated_send: 104458
tot_msg_rcv: 1501
tot_msg_sent: 2968
tot_reconf_duration: 11.899999999999999
tot_sleeping_duration: 7219591.383
tot_uptimes: 1878
tot_uptimes_duration: 112620.0
