comms_cons: 732.0476289739607
finished_reconf: true
global_termination_time: 7331714.773
local_termination_time: 750024.8285999999
node_cons: 150808.89725339983
tot_aggregated_send: 102370
tot_msg_rcv: 2965
tot_msg_sent: 5931
tot_reconf_duration: 7.819999999999999
tot_sleeping_duration: 7219094.700040026
tot_uptimes: 1878
tot_uptimes_duration: 112620.07295997371
