comms_cons: 728.2366337530284
finished_reconf: true
global_termination_time: 7332846.09
local_termination_time: 1976198.5941999995
node_cons: 150805.63942172765
tot_aggregated_send: 102196
tot_msg_rcv: 2790
tot_msg_sent: 5701
tot_reconf_duration: 5.43
tot_sleeping_duration: 7220226.026160019
tot_uptimes: 1878
tot_uptimes_duration: 112620.0638399797
