comms_cons: 276.3822016081839
finished_reconf: true
global_termination_time: 2808014.868
local_termination_time: 5033.026
node_cons: 57861.47346893395
tot_aggregated_send: 39137
tot_msg_rcv: 839
tot_msg_sent: 2031
tot_reconf_duration: 12.23
tot_sleeping_duration: 2764814.8193600187
tot_uptimes: 720
tot_uptimes_duration: 43200.04863998131
