comms_cons: 329.9667648169182
finished_reconf: true
global_termination_time: 3310823.9155599996
local_termination_time: 3310823.8744399995
node_cons: 68129.82454919264
tot_aggregated_send: 47244
tot_msg_rcv: 1031
tot_msg_sent: 1879
tot_reconf_duration: 37.410000000000004
tot_sleeping_duration: 3259980.732760004
tot_uptimes: 848
tot_uptimes_duration: 50843.18279999582
