comms_cons: 323.64185599398024
finished_reconf: true
global_termination_time: 3314539.714
local_termination_time: 1368573.36036
node_cons: 68153.7227411156
tot_aggregated_send: 47212
tot_msg_rcv: 658
tot_msg_sent: 1320
tot_reconf_duration: 18.700000000000003
tot_sleeping_duration: 3263659.7079200023
tot_uptimes: 849
tot_uptimes_duration: 50880.006079997635
