comms_cons: 324.88747518680964
finished_reconf: true
global_termination_time: 3313104.471
local_termination_time: 1811554.2133600002
node_cons: 68143.19009999877
tot_aggregated_send: 47038
tot_msg_rcv: 792
tot_msg_sent: 1551
tot_reconf_duration: 10.95
tot_sleeping_duration: 3262224.471
tot_uptimes: 849
tot_uptimes_duration: 50880.0
