comms_cons: 322.6900223943496
finished_reconf: true
global_termination_time: 3312269.422
local_termination_time: 1606277.60736
node_cons: 68144.48019999871
tot_aggregated_send: 47908
tot_msg_rcv: 363
tot_msg_sent: 776
tot_reconf_duration: 11.899999999999999
tot_sleeping_duration: 3261389.422
tot_uptimes: 849
tot_uptimes_duration: 50880.0
