comms_cons: 318.6832895778972
finished_reconf: true
global_termination_time: 3311835.814
local_termination_time: 1026488.3373199987
node_cons: 68138.98026558278
tot_aggregated_send: 44254
tot_msg_rcv: 1413
tot_msg_sent: 2771
tot_reconf_duration: 7.819999999999999
tot_sleeping_duration: 3260955.7836000114
tot_uptimes: 849
tot_uptimes_duration: 50880.03039998817
