comms_cons: 316.75489278271607
finished_reconf: true
global_termination_time: 3313596.596
local_termination_time: 872111.1423599999
node_cons: 68136.80746558282
tot_aggregated_send: 44718
tot_msg_rcv: 1039
tot_msg_sent: 2390
tot_reconf_duration: 6.22
tot_sleeping_duration: 3262716.565600012
tot_uptimes: 849
tot_uptimes_duration: 50880.03039998818
