comms_cons: 324.9923967921229
finished_reconf: true
global_termination_time: 3313694.133
local_termination_time: 856392.4733999991
node_cons: 68135.77535117137
tot_aggregated_send: 44950
tot_msg_rcv: 1443
tot_msg_sent: 3004
tot_reconf_duration: 5.43
tot_sleeping_duration: 3262814.0722000203
tot_uptimes: 849
tot_uptimes_duration: 50880.06079997978
