comms_cons: 78.06941440014431
finished_reconf: true
global_termination_time: 798995.795
local_termination_time: 291531.81736000004
node_cons: 16400.003983359726
tot_aggregated_send: 10730
tot_msg_rcv: 437
tot_msg_sent: 700
tot_reconf_duration: 7.819999999999999
tot_sleeping_duration: 786755.7767600003
tot_uptimes: 205
tot_uptimes_duration: 12240.018239999772
