comms_cons: 219.48231039711854
finished_reconf: true
global_termination_time: 2291746.078
local_termination_time: 989895.7784799978
node_cons: 47105.40535271638
tot_aggregated_send: 32886
tot_msg_rcv: 126
tot_msg_sent: 348
tot_reconf_duration: 11.31
tot_sleeping_duration: 2256578.0075200023
tot_uptimes: 587
tot_uptimes_duration: 35168.07047999778
