comms_cons: 85.53447679788987
finished_reconf: true
global_termination_time: 852518.386
local_termination_time: 289846.63752000034
node_cons: 17532.021142238267
tot_aggregated_send: 12064
tot_msg_rcv: 364
tot_msg_sent: 572
tot_reconf_duration: 13.17
tot_sleeping_duration: 839438.3738400014
tot_uptimes: 219
tot_uptimes_duration: 13080.012159998703
