comms_cons: 85.9749631952766
finished_reconf: true
global_termination_time: 852753.389
local_termination_time: 295350.7383600001
node_cons: 17531.312245584195
tot_aggregated_send: 11600
tot_msg_rcv: 430
tot_msg_sent: 1038
tot_reconf_duration: 12.629999999999999
tot_sleeping_duration: 839673.3586000118
tot_uptimes: 219
tot_uptimes_duration: 13080.030399988173
