comms_cons: 86.727014397574
finished_reconf: true
global_termination_time: 850781.763
local_termination_time: 602635.99136
node_cons: 17444.423983359808
tot_aggregated_send: 11194
tot_msg_rcv: 713
tot_msg_sent: 1275
tot_reconf_duration: 7.819999999999999
tot_sleeping_duration: 837761.7447600003
tot_uptimes: 218
tot_uptimes_duration: 13020.018239999772
