comms_cons: 91.82119679536264
finished_reconf: true
global_termination_time: 921121.004
local_termination_time: 4498.628
node_cons: 18889.514640000027
tot_aggregated_send: 13042
tot_msg_rcv: 333
tot_msg_sent: 582
tot_reconf_duration: 7.08
tot_sleeping_duration: 907021.004
tot_uptimes: 236
tot_uptimes_duration: 14100.0
