comms_cons: 238.579583993658
finished_reconf: true
global_termination_time: 2437543.068
local_termination_time: 1404512.6021199978
node_cons: 50159.127564793205
tot_aggregated_send: 35264
tot_msg_rcv: 209
tot_msg_sent: 788
tot_reconf_duration: 13.17
tot_sleeping_duration: 2400096.284800004
tot_uptimes: 625
tot_uptimes_duration: 37446.78319999552
