comms_cons: 241.43752958922542
finished_reconf: true
global_termination_time: 2439463.868
local_termination_time: 436306.51560000103
node_cons: 50137.536492400686
tot_aggregated_send: 35032
tot_msg_rcv: 507
tot_msg_sent: 1159
tot_reconf_duration: 3.08
tot_sleeping_duration: 2402022.976399999
tot_uptimes: 625
tot_uptimes_duration: 37440.89160000102
