comms_cons: 187.07171191560423
finished_reconf: true
global_termination_time: 1493484.504
local_termination_time: 832089.6539199984
node_cons: 30694.02190000011
tot_aggregated_send: 0
tot_msg_rcv: 14277
tot_msg_sent: 14156
tot_reconf_duration: 3.05
tot_sleeping_duration: 1470564.504
tot_uptimes: 383
tot_uptimes_duration: 22920.0
