comms_cons: 146.24245759266904
finished_reconf: true
global_termination_time: 1493817.942
local_termination_time: 315411.95636000007
node_cons: 30705.263403350542
tot_aggregated_send: 20764
tot_msg_rcv: 479
tot_msg_sent: 985
tot_reconf_duration: 11.31
tot_sleeping_duration: 1470897.9237600071
tot_uptimes: 383
tot_uptimes_duration: 22920.018239992904
