comms_cons: 78.78761599953354
finished_reconf: true
global_termination_time: 608746.44524
local_termination_time: 136929.16736000005
node_cons: 12496.678644025349
tot_aggregated_send: 4408
tot_msg_rcv: 3026
tot_msg_sent: 4550
tot_reconf_duration: 18.21
tot_sleeping_duration: 599432.069239981
tot_uptimes: 156
tot_uptimes_duration: 9314.376000018936
