comms_cons: 62.200383999319534
finished_reconf: true
global_termination_time: 610886.978
local_termination_time: 266049.87536000006
node_cons: 12545.443944485718
tot_aggregated_send: 8294
tot_msg_rcv: 410
tot_msg_sent: 750
tot_reconf_duration: 9.11
tot_sleeping_duration: 601526.9536799957
tot_uptimes: 157
tot_uptimes_duration: 9360.024320004273
