comms_cons: 62.68620159925871
finished_reconf: true
global_termination_time: 611248.36
local_termination_time: 160832.24436000007
node_cons: 12553.5756622383
tot_aggregated_send: 8178
tot_msg_rcv: 489
tot_msg_sent: 860
tot_reconf_duration: 15.110000000000001
tot_sleeping_duration: 601888.3478400013
tot_uptimes: 157
tot_uptimes_duration: 9360.012159998703
