comms_cons: 56.1468928008957
finished_reconf: true
global_termination_time: 551777.942
local_termination_time: 232547.7094800005
node_cons: 11348.788002242873
tot_aggregated_send: 7656
tot_msg_rcv: 368
tot_msg_sent: 510
tot_reconf_duration: 15.34
tot_sleeping_duration: 543317.9298399979
tot_uptimes: 142
tot_uptimes_duration: 8460.012160002138
