comms_cons: 54.594828800144754
finished_reconf: true
global_termination_time: 549444.006
local_termination_time: 288449.455720001
node_cons: 11265.501142242854
tot_aggregated_send: 7598
tot_msg_rcv: 209
tot_msg_sent: 491
tot_reconf_duration: 13.17
tot_sleeping_duration: 541043.9938399979
tot_uptimes: 141
tot_uptimes_duration: 8400.012160002138
