comms_cons: 56.684160000387386
finished_reconf: true
global_termination_time: 553908.183
local_termination_time: 159785.10484000013
node_cons: 11336.411183364307
tot_aggregated_send: 7308
tot_msg_rcv: 438
tot_msg_sent: 870
tot_reconf_duration: 6.22
tot_sleeping_duration: 545448.1647599968
tot_uptimes: 142
tot_uptimes_duration: 8460.018240003206
