comms_cons: 56.047584000642594
finished_reconf: true
global_termination_time: 552805.679
local_termination_time: 269826.4320000009
node_cons: 11335.330222241444
tot_aggregated_send: 7540
tot_msg_rcv: 342
tot_msg_sent: 636
tot_reconf_duration: 5.43
tot_sleeping_duration: 544345.6668399989
tot_uptimes: 142
tot_uptimes_duration: 8460.012160001075
