comms_cons: 2.184921599992072
finished_reconf: true
global_termination_time: 14356.167
local_termination_time: 6720.937360000001
node_cons: 271.77870000000075
tot_aggregated_send: 0
tot_msg_rcv: 179
tot_msg_sent: 153
tot_reconf_duration: 22.65
tot_sleeping_duration: 14176.167
tot_uptimes: 4
tot_uptimes_duration: 180.0
