comms_cons: 114.81424639462274
finished_reconf: true
global_termination_time: 1160107.606
local_termination_time: 539607.4743599999
node_cons: 23885.717321121418
tot_aggregated_send: 16588
tot_msg_rcv: 241
tot_msg_sent: 622
tot_reconf_duration: 18.21
tot_sleeping_duration: 1142287.5999199988
tot_uptimes: 298
tot_uptimes_duration: 17820.00608000107
