comms_cons: 382.1594112293631
finished_reconf: true
global_termination_time: 3865203.629
local_termination_time: 2830821.68444
node_cons: 79464.81266334951
tot_aggregated_send: 53824
tot_msg_rcv: 1534
tot_msg_sent: 2728
tot_reconf_duration: 6.279999999999999
tot_sleeping_duration: 3805863.610760007
tot_uptimes: 990
tot_uptimes_duration: 59340.01823999337
