comms_cons: 381.36665600233016
finished_reconf: true
global_termination_time: 3864742.393
local_termination_time: 2203371.16436
node_cons: 79490.63968095255
tot_aggregated_send: 54520
tot_msg_rcv: 1199
tot_msg_sent: 2244
tot_reconf_duration: 25.299999999999997
tot_sleeping_duration: 3805402.3763600043
tot_uptimes: 990
tot_uptimes_duration: 59340.01663999609
