comms_cons: 389.00991365485703
finished_reconf: true
global_termination_time: 3865342.531
local_termination_time: 2172817.8071999983
node_cons: 79467.28692558325
tot_aggregated_send: 54056
tot_msg_rcv: 1765
tot_msg_sent: 3306
tot_reconf_duration: 8.09
tot_sleeping_duration: 3806002.5006000106
tot_uptimes: 990
tot_uptimes_duration: 59340.030399989104
