comms_cons: 392.90590088419503
finished_reconf: true
global_termination_time: 3866205.852
local_termination_time: 638398.3493199996
node_cons: 79557.18450893425
tot_aggregated_send: 53070
tot_msg_rcv: 2303
tot_msg_sent: 4346
tot_reconf_duration: 15.110000000000001
tot_sleeping_duration: 3806805.8033600175
tot_uptimes: 991
tot_uptimes_duration: 59400.04863998224
