comms_cons: 391.77221128680236
finished_reconf: true
global_termination_time: 3869153.734
local_termination_time: 590558.90036
node_cons: 79549.46563005116
tot_aggregated_send: 53244
tot_msg_rcv: 2123
tot_msg_sent: 4179
tot_reconf_duration: 9.42
tot_sleeping_duration: 3809753.6792800203
tot_uptimes: 991
tot_uptimes_duration: 59400.054719979875
