comms_cons: 393.49272967184294
finished_reconf: true
global_termination_time: 3867466.778
local_termination_time: 37512.143000000004
node_cons: 79551.5922167682
tot_aggregated_send: 53008
tot_msg_rcv: 2380
tot_msg_sent: 4420
tot_reconf_duration: 10.95
tot_sleeping_duration: 3808066.686800022
tot_uptimes: 991
tot_uptimes_duration: 59400.091199977716
