comms_cons: 383.4394688347256
finished_reconf: true
global_termination_time: 3864876.122
local_termination_time: 1204479.7143599996
node_cons: 79460.467028934
tot_aggregated_send: 54056
tot_msg_rcv: 1422
tot_msg_sent: 2802
tot_reconf_duration: 3.05
tot_sleeping_duration: 3805536.0733600175
tot_uptimes: 990
tot_uptimes_duration: 59340.04863998224
