comms_cons: 381.64623362555096
finished_reconf: true
global_termination_time: 3864743.51
local_termination_time: 2642454.596719999
node_cons: 79463.66650446685
tot_aggregated_send: 53534
tot_msg_rcv: 1534
tot_msg_sent: 2940
tot_reconf_duration: 5.43
tot_sleeping_duration: 3805403.4856800083
tot_uptimes: 990
tot_uptimes_duration: 59340.02431999147
