comms_cons: 2.3750911999921516
finished_reconf: true
global_termination_time: 15104.919
local_termination_time: 8693.768360000002
node_cons: 265.7491800000013
tot_aggregated_send: 0
tot_msg_rcv: 204
tot_msg_sent: 157
tot_reconf_duration: 18.21
tot_sleeping_duration: 14924.919
tot_uptimes: 4
tot_uptimes_duration: 180.0
