comms_cons: 1.4934783999971775
finished_reconf: true
global_termination_time: 16555.148
local_termination_time: 6165.14436
node_cons: 336.71898000000056
tot_aggregated_send: 0
tot_msg_rcv: 119
tot_msg_sent: 108
tot_reconf_duration: 11.31
tot_sleeping_duration: 16315.148000000001
tot_uptimes: 5
tot_uptimes_duration: 240.0
