comms_cons: 117.76110079813455
finished_reconf: true
global_termination_time: 1202308.298
local_termination_time: 780296.2573599999
node_cons: 24695.15176863623
tot_aggregated_send: 17516
tot_msg_rcv: 114
tot_msg_sent: 269
tot_reconf_duration: 22.65
tot_sleeping_duration: 1183888.288240003
tot_uptimes: 308
tot_uptimes_duration: 18420.009759997134
