comms_cons: 118.94883839661405
finished_reconf: true
global_termination_time: 1201459.0194799998
local_termination_time: 1201458.9783599998
node_cons: 24733.533078719836
tot_aggregated_send: 17374
tot_msg_rcv: 291
tot_msg_sent: 414
tot_reconf_duration: 37.410000000000004
tot_sleeping_duration: 1183025.315
tot_uptimes: 308
tot_uptimes_duration: 18433.70447999984
