comms_cons: 117.62951680006603
finished_reconf: true
global_termination_time: 1203970.354
local_termination_time: 1023472.8213599998
node_cons: 24757.09138000002
tot_aggregated_send: 17690
tot_msg_rcv: 66
tot_msg_sent: 123
tot_reconf_duration: 9.11
tot_sleeping_duration: 1185490.354
tot_uptimes: 309
tot_uptimes_duration: 18480.0
