comms_cons: 116.84659199694798
finished_reconf: true
global_termination_time: 1206284.355
local_termination_time: 532794.5696799995
node_cons: 24751.251980000114
tot_aggregated_send: 17110
tot_msg_rcv: 188
tot_msg_sent: 462
tot_reconf_duration: 4.8100000000000005
tot_sleeping_duration: 1187804.355
tot_uptimes: 309
tot_uptimes_duration: 18480.0
