comms_cons: 118.57034240043762
finished_reconf: true
global_termination_time: 1206295.951
local_termination_time: 114224.038
node_cons: 24768.976382880635
tot_aggregated_send: 17454
tot_msg_rcv: 162
tot_msg_sent: 406
tot_reconf_duration: 10.95
tot_sleeping_duration: 1187808.9410799996
tot_uptimes: 309
tot_uptimes_duration: 18487.009920000448
