comms_cons: 119.01835519808313
finished_reconf: true
global_termination_time: 1204607.359
local_termination_time: 584164.716119999
node_cons: 24760.88020000007
tot_aggregated_send: 17342
tot_msg_rcv: 293
tot_msg_sent: 455
tot_reconf_duration: 11.899999999999999
tot_sleeping_duration: 1186127.359
tot_uptimes: 309
tot_uptimes_duration: 18480.0
