comms_cons: 118.08348159657318
finished_reconf: true
global_termination_time: 1201673.61
local_termination_time: 375638.21836000006
node_cons: 24675.00770111688
tot_aggregated_send: 17168
tot_msg_rcv: 222
tot_msg_sent: 558
tot_reconf_duration: 7.819999999999999
tot_sleeping_duration: 1183253.6039200025
tot_uptimes: 308
tot_uptimes_duration: 18420.006079997635
