comms_cons: 118.46391039660796
finished_reconf: true
global_termination_time: 1204659.449
local_termination_time: 527489.41336
node_cons: 24753.17490111699
tot_aggregated_send: 17284
tot_msg_rcv: 145
tot_msg_sent: 576
tot_reconf_duration: 6.22
tot_sleeping_duration: 1186179.4429200024
tot_uptimes: 309
tot_uptimes_duration: 18480.006079997635
