comms_cons: 118.10384639788008
finished_reconf: true
global_termination_time: 1203769.064
local_termination_time: 100814.5536399995
node_cons: 24761.03320495939
tot_aggregated_send: 17516
tot_msg_rcv: 130
tot_msg_sent: 306
tot_reconf_duration: 11.31
tot_sleeping_duration: 1185288.3513600004
tot_uptimes: 309
tot_uptimes_duration: 18480.712639999503
