comms_cons: 246.58309123648226
finished_reconf: true
global_termination_time: 544153.3420000005
local_termination_time: 73048.82603999983
node_cons: 33203.25235260561
tot_aggregated_send: 0
tot_msg_rcv: 15097
tot_msg_sent: 22382
tot_reconf_duration: 18.21
tot_sleeping_duration: 519374.7585999964
tot_uptimes: 408
tot_uptimes_duration: 24778.583400004165
