comms_cons: 55.85803520017747
finished_reconf: true
global_termination_time: 545013.289
local_termination_time: 196442.0116400004
node_cons: 11177.887701121415
tot_aggregated_send: 7366
tot_msg_rcv: 431
tot_msg_sent: 693
tot_reconf_duration: 7.819999999999999
tot_sleeping_duration: 536673.282919999
tot_uptimes: 140
tot_uptimes_duration: 8340.006080001069
