comms_cons: 719.5256448650275
finished_reconf: true
global_termination_time: 7389266.055
local_termination_time: 3998227.44836
node_cons: 152020.447822229
tot_aggregated_send: 102544
tot_msg_rcv: 2170
tot_msg_sent: 4650
tot_reconf_duration: 12.629999999999999
tot_sleeping_duration: 7275746.042840004
tot_uptimes: 1893
tot_uptimes_duration: 113520.01215999573
