comms_cons: 713.635660865912
finished_reconf: true
global_termination_time: 7391067.294
local_termination_time: 4026893.015
node_cons: 152028.6960239868
tot_aggregated_send: 102602
tot_msg_rcv: 1872
tot_msg_sent: 3994
tot_reconf_duration: 18.700000000000003
tot_sleeping_duration: 7277547.2780000055
tot_uptimes: 1893
tot_uptimes_duration: 113520.01599999378
