comms_cons: 0.743449599997546
finished_reconf: true
global_termination_time: 4089.024
local_termination_time: 3024.7453600000003
node_cons: 91.32622000000019
tot_aggregated_send: 0
tot_msg_rcv: 60
tot_msg_sent: 52
tot_reconf_duration: 8.09
tot_sleeping_duration: 4029.024
tot_uptimes: 2
tot_uptimes_duration: 60.0
