comms_cons: 14.146534400033575
finished_reconf: true
global_termination_time: 94507.442
local_termination_time: 39659.97336000001
node_cons: 1940.5883678386194
tot_aggregated_send: 464
tot_msg_rcv: 757
tot_msg_sent: 930
tot_reconf_duration: 9.11
tot_sleeping_duration: 93067.39944000103
tot_uptimes: 25
tot_uptimes_duration: 1440.0425599989685
