comms_cons: 12.332665599936172
finished_reconf: true
global_termination_time: 94050.30423999991
local_termination_time: 36963.51456000005
node_cons: 1963.3963438376334
tot_aggregated_send: 522
tot_msg_rcv: 529
tot_msg_sent: 824
tot_reconf_duration: 11.899999999999999
tot_sleeping_duration: 92596.05768000167
tot_uptimes: 25
tot_uptimes_duration: 1454.2465599982315
