comms_cons: 233.64151038314924
finished_reconf: true
global_termination_time: 2342202.966
local_termination_time: 855995.4443599998
node_cons: 48129.6460433499
tot_aggregated_send: 32654
tot_msg_rcv: 1095
tot_msg_sent: 1761
tot_reconf_duration: 4.390000000000001
tot_sleeping_duration: 2306262.947760007
tot_uptimes: 600
tot_uptimes_duration: 35940.0182399929
