comms_cons: 231.5753087890943
finished_reconf: true
global_termination_time: 2339705.645
local_termination_time: 1892648.7453599998
node_cons: 48139.01897999946
tot_aggregated_send: 33118
tot_msg_rcv: 742
tot_msg_sent: 1338
tot_reconf_duration: 11.31
tot_sleeping_duration: 2303765.645
tot_uptimes: 600
tot_uptimes_duration: 35940.0
