comms_cons: 40.48204159999047
finished_reconf: true
global_termination_time: 409651.602
local_termination_time: 61135.11716000006
node_cons: 8386.118700000003
tot_aggregated_send: 5800
tot_msg_rcv: 141
tot_msg_sent: 211
tot_reconf_duration: 22.65
tot_sleeping_duration: 403411.602
tot_uptimes: 105
tot_uptimes_duration: 6240.0
