comms_cons: 39.49493760004157
finished_reconf: true
global_termination_time: 404977.08868000034
local_termination_time: 404963.75308000017
node_cons: 8320.188125520433
tot_aggregated_send: 5974
tot_msg_rcv: 14
tot_msg_sent: 14
tot_reconf_duration: 5.43
tot_sleeping_duration: 398768.863
tot_uptimes: 104
tot_uptimes_duration: 6208.225680000323
