comms_cons: 235.29659519182928
finished_reconf: true
global_termination_time: 2349732.413
local_termination_time: 506210.29536000005
node_cons: 48291.29836446668
tot_aggregated_send: 32770
tot_msg_rcv: 1029
tot_msg_sent: 1964
tot_reconf_duration: 5.1
tot_sleeping_duration: 2313672.3886800096
tot_uptimes: 602
tot_uptimes_duration: 36060.02431999054
