comms_cons: 234.65269119117465
finished_reconf: true
global_termination_time: 2349212.4061199967
local_termination_time: 108565.2799599999
node_cons: 48339.08715637611
tot_aggregated_send: 32886
tot_msg_rcv: 994
tot_msg_sent: 1785
tot_reconf_duration: 25.299999999999997
tot_sleeping_duration: 2313137.178520014
tot_uptimes: 602
tot_uptimes_duration: 36075.22759998264
