comms_cons: 68.81310719927542
finished_reconf: true
global_termination_time: 699103.976
local_termination_time: 4751.412
node_cons: 14413.359642236004
tot_aggregated_send: 10127
tot_msg_rcv: 98
tot_msg_sent: 234
tot_reconf_duration: 23.919999999999998
tot_sleeping_duration: 688363.963840003
tot_uptimes: 180
tot_uptimes_duration: 10740.012159997
