comms_cons: 69.48355839938694
finished_reconf: true
global_termination_time: 696404.631
local_termination_time: 4974.090999999999
node_cons: 14319.317422236862
tot_aggregated_send: 9904
tot_msg_rcv: 249
tot_msg_sent: 408
tot_reconf_duration: 13.83
tot_sleeping_duration: 685724.6188400023
tot_uptimes: 179
tot_uptimes_duration: 10680.012159997641
