comms_cons: 68.91054079955173
finished_reconf: true
global_termination_time: 699358.004
local_termination_time: 6069.629000000001
node_cons: 14388.766262238283
tot_aggregated_send: 10202
tot_msg_rcv: 96
tot_msg_sent: 176
tot_reconf_duration: 5.8100000000000005
tot_sleeping_duration: 688617.9918400013
tot_uptimes: 180
tot_uptimes_duration: 10740.012159998703
