comms_cons: 69.0740479997655
finished_reconf: true
global_termination_time: 696998.297
local_termination_time: 6923.321
node_cons: 14309.308962240604
tot_aggregated_send: 9853
tot_msg_rcv: 179
tot_msg_sent: 467
tot_reconf_duration: 6.46
tot_sleeping_duration: 686318.2848399996
tot_uptimes: 179
tot_uptimes_duration: 10680.012160000435
