comms_cons: 30.7705728000036
finished_reconf: true
global_termination_time: 300228.906
local_termination_time: 37562.89448000001
node_cons: 6141.4709907200195
tot_aggregated_send: 3944
tot_msg_rcv: 272
tot_msg_sent: 462
tot_reconf_duration: 15.34
tot_sleeping_duration: 295657.85352
tot_uptimes: 77
tot_uptimes_duration: 4571.052480000013
