comms_cons: 59.50886400582887
finished_reconf: true
global_termination_time: 298208.113
local_termination_time: 6661.999360000001
node_cons: 6136.614982242868
tot_aggregated_send: 0
tot_msg_rcv: 4656
tot_msg_sent: 4389
tot_reconf_duration: 22.65
tot_sleeping_duration: 293648.1008399979
tot_uptimes: 77
tot_uptimes_duration: 4560.0121600021375
