comms_cons: 30.718912000236664
finished_reconf: true
global_termination_time: 303314.014
local_termination_time: 115978.52239999978
node_cons: 6194.626760000008
tot_aggregated_send: 4060
tot_msg_rcv: 207
tot_msg_sent: 403
tot_reconf_duration: 6.22
tot_sleeping_duration: 298694.014
tot_uptimes: 78
tot_uptimes_duration: 4620.0
