comms_cons: 211.11478398262054
finished_reconf: true
global_termination_time: 2103820.0274799997
local_termination_time: 2103819.9863599995
node_cons: 43274.736788775175
tot_aggregated_send: 29102
tot_msg_rcv: 879
tot_msg_sent: 2107
tot_reconf_duration: 24.59
tot_sleeping_duration: 2071526.2682800177
tot_uptimes: 539
tot_uptimes_duration: 32293.759199981985
