comms_cons: 208.49589118535468
finished_reconf: true
global_termination_time: 2105324.818
local_termination_time: 601483.2405999998
node_cons: 43310.210223350055
tot_aggregated_send: 28594
tot_msg_rcv: 1000
tot_msg_sent: 2094
tot_reconf_duration: 5.1
tot_sleeping_duration: 2072984.799760007
tot_uptimes: 540
tot_uptimes_duration: 32340.018239992904
