comms_cons: 209.74115199248843
finished_reconf: true
global_termination_time: 2107806.177
local_termination_time: 702991.798479999
node_cons: 43313.895842233345
tot_aggregated_send: 29464
tot_msg_rcv: 906
tot_msg_sent: 1509
tot_reconf_duration: 7.819999999999999
tot_sleeping_duration: 2075466.1648400049
tot_uptimes: 540
tot_uptimes_duration: 32340.01215999527
