comms_cons: 209.0791871873553
finished_reconf: true
global_termination_time: 2106434.267
local_termination_time: 1381760.95236
node_cons: 43318.635262233336
tot_aggregated_send: 29232
tot_msg_rcv: 809
tot_msg_sent: 1736
tot_reconf_duration: 11.31
tot_sleeping_duration: 2074094.2548400047
tot_uptimes: 540
tot_uptimes_duration: 32340.01215999527
