comms_cons: 122.40664319194876
finished_reconf: true
global_termination_time: 1228203.1701999996
local_termination_time: 1228203.1290799996
node_cons: 25286.988922399796
tot_aggregated_send: 17038
tot_msg_rcv: 390
tot_msg_sent: 1177
tot_reconf_duration: 24.59
tot_sleeping_duration: 1209343.1285999997
tot_uptimes: 315
tot_uptimes_duration: 18860.041599999808
