comms_cons: 120.5953535971877
finished_reconf: true
global_termination_time: 1229428.014
local_termination_time: 286114.83936
node_cons: 25232.72161999998
tot_aggregated_send: 17516
tot_msg_rcv: 282
tot_msg_sent: 531
tot_reconf_duration: 4.390000000000001
tot_sleeping_duration: 1210588.014
tot_uptimes: 315
tot_uptimes_duration: 18840.0
