comms_cons: 357.32293097780183
finished_reconf: true
global_termination_time: 1231840.236
local_termination_time: 287514.7094800001
node_cons: 49966.36834799917
tot_aggregated_send: 0
tot_msg_rcv: 18269
tot_msg_sent: 36042
tot_reconf_duration: 11.31
tot_sleeping_duration: 1194535.5240000002
tot_uptimes: 619
tot_uptimes_duration: 37304.7119999999
