comms_cons: 168.6831359909933
finished_reconf: true
global_termination_time: 1679719.968
local_termination_time: 222925.6901600008
node_cons: 34594.66328295126
tot_aggregated_send: 23432
tot_msg_rcv: 759
tot_msg_sent: 1447
tot_reconf_duration: 25.299999999999997
tot_sleeping_duration: 1653909.4333600067
tot_uptimes: 431
tot_uptimes_duration: 25810.53463999348
