comms_cons: 390.1115520519275
finished_reconf: true
global_termination_time: 3868003.0507199997
local_termination_time: 3868003.0095999995
node_cons: 79608.69823596842
tot_aggregated_send: 53508
tot_msg_rcv: 1872
tot_msg_sent: 3914
tot_reconf_duration: 37.410000000000004
tot_sleeping_duration: 3808587.146720022
tot_uptimes: 991
tot_uptimes_duration: 59415.90399997808
