comms_cons: 388.7386112268729
finished_reconf: true
global_termination_time: 3870507.506
local_termination_time: 2274834.064079999
node_cons: 79622.92604334933
tot_aggregated_send: 53766
tot_msg_rcv: 1812
tot_msg_sent: 3508
tot_reconf_duration: 4.390000000000001
tot_sleeping_duration: 3811047.4877600065
tot_uptimes: 992
tot_uptimes_duration: 59460.01823999337
