comms_cons: 219.4531711797115
finished_reconf: true
global_termination_time: 2161097.383
local_termination_time: 310853.78672000015
node_cons: 44458.876393406164
tot_aggregated_send: 29290
tot_msg_rcv: 1409
tot_msg_sent: 2655
tot_reconf_duration: 22.65
tot_sleeping_duration: 2127917.310040025
tot_uptimes: 554
tot_uptimes_duration: 33180.07295997505
