comms_cons: 208.94846718577838
finished_reconf: true
global_termination_time: 2162328.329
local_termination_time: 1018444.1493599999
node_cons: 44436.49118335016
tot_aggregated_send: 29000
tot_msg_rcv: 1044
tot_msg_sent: 1715
tot_reconf_duration: 6.22
tot_sleeping_duration: 2129148.3107600072
tot_uptimes: 554
tot_uptimes_duration: 33180.0182399929
