comms_cons: 215.4825919867171
finished_reconf: true
global_termination_time: 2165547.724
local_termination_time: 1107905.5754799999
node_cons: 44529.19171999965
tot_aggregated_send: 30740
tot_msg_rcv: 634
tot_msg_sent: 1378
tot_reconf_duration: 15.34
tot_sleeping_duration: 2132307.724
tot_uptimes: 555
tot_uptimes_duration: 33240.0
