comms_cons: 163.6654335870638
finished_reconf: true
global_termination_time: 1617320.5317199978
local_termination_time: 1617320.5317199978
node_cons: 33403.17373213774
tot_aggregated_send: 22362
tot_msg_rcv: 820
tot_msg_sent: 1695
tot_reconf_duration: 37.410000000000004
tot_sleeping_duration: 1592412.1142800143
tot_uptimes: 415
tot_uptimes_duration: 24908.417439983343
