comms_cons: 166.47112317590742
finished_reconf: true
global_termination_time: 1617320.6164799999
local_termination_time: 337125.3463600001
node_cons: 33304.76499548165
tot_aggregated_send: 21402
tot_msg_rcv: 1282
tot_msg_sent: 2618
tot_reconf_duration: 18.21
tot_sleeping_duration: 1592466.2208000286
tot_uptimes: 415
tot_uptimes_duration: 24854.39567997132
