comms_cons: 159.19669119683178
finished_reconf: true
global_termination_time: 1619365.196
local_termination_time: 1206167.005119998
node_cons: 33268.324060000115
tot_aggregated_send: 23432
tot_msg_rcv: 189
tot_msg_sent: 575
tot_reconf_duration: 5.57
tot_sleeping_duration: 1594525.196
tot_uptimes: 415
tot_uptimes_duration: 24840.0
