comms_cons: 196.02726399731733
finished_reconf: true
global_termination_time: 1998850.869
local_termination_time: 674381.2893599998
node_cons: 41060.66579999966
tot_aggregated_send: 29174
tot_msg_rcv: 161
tot_msg_sent: 460
tot_reconf_duration: 5.1
tot_sleeping_duration: 1968190.869
tot_uptimes: 512
tot_uptimes_duration: 30660.0
