comms_cons: 205.93679357592163
finished_reconf: true
global_termination_time: 1999936.523
local_termination_time: 209901.7942000002
node_cons: 41140.13931341549
tot_aggregated_send: 26100
tot_msg_rcv: 1818
tot_msg_sent: 3385
tot_reconf_duration: 4.390000000000001
tot_sleeping_duration: 1969216.4500400182
tot_uptimes: 513
tot_uptimes_duration: 30720.072959981917
