comms_cons: 61.74046720129115
finished_reconf: true
global_termination_time: 602826.2132400001
local_termination_time: 81250.96035999998
node_cons: 12422.194843843516
tot_aggregated_send: 7830
tot_msg_rcv: 522
tot_msg_sent: 1031
tot_reconf_duration: 22.65
tot_sleeping_duration: 593571.9666799975
tot_uptimes: 155
tot_uptimes_duration: 9254.246560002604
