comms_cons: 60.232576000605306
finished_reconf: true
global_termination_time: 606377.866
local_termination_time: 113401.99935999997
node_cons: 12468.868341121459
tot_aggregated_send: 8468
tot_msg_rcv: 290
tot_msg_sent: 398
tot_reconf_duration: 11.899999999999999
tot_sleeping_duration: 597077.859919999
tot_uptimes: 156
tot_uptimes_duration: 9300.006080001069
