comms_cons: 61.724038401619026
finished_reconf: true
global_termination_time: 602956.178
local_termination_time: 158010.20448000007
node_cons: 12378.37046672862
tot_aggregated_send: 7656
tot_msg_rcv: 618
tot_msg_sent: 1107
tot_reconf_duration: 4.390000000000001
tot_sleeping_duration: 593716.1415199935
tot_uptimes: 155
tot_uptimes_duration: 9240.036480006413
