comms_cons: 59.291750401041014
finished_reconf: true
global_termination_time: 603174.139
local_termination_time: 131200.72536000004
node_cons: 12379.742081121438
tot_aggregated_send: 8004
tot_msg_rcv: 313
tot_msg_sent: 695
tot_reconf_duration: 5.43
tot_sleeping_duration: 593934.1329199988
tot_uptimes: 155
tot_uptimes_duration: 9240.006080001069
