comms_cons: 2.2046591999920064
finished_reconf: true
global_termination_time: 18966.456
local_termination_time: 2730.845760000004
node_cons: 337.73640576001117
tot_aggregated_send: 0
tot_msg_rcv: 168
tot_msg_sent: 167
tot_reconf_duration: 11.31
tot_sleeping_duration: 18725.696159999992
tot_uptimes: 5
tot_uptimes_duration: 240.75984000000835
