comms_cons: 53.90338560136441
finished_reconf: true
global_termination_time: 526117.202
local_termination_time: 21921.389440000003
node_cons: 10771.554184485736
tot_aggregated_send: 6844
tot_msg_rcv: 453
tot_msg_sent: 896
tot_reconf_duration: 4.390000000000001
tot_sleeping_duration: 518077.1776799958
tot_uptimes: 135
tot_uptimes_duration: 8040.024320004275
