comms_cons: 106.88490879403898
finished_reconf: true
global_termination_time: 1046145.313
local_termination_time: 365252.40236000007
node_cons: 21471.636143350563
tot_aggregated_send: 13862
tot_msg_rcv: 824
tot_msg_sent: 1559
tot_reconf_duration: 15.34
tot_sleeping_duration: 1030125.2947600071
tot_uptimes: 268
tot_uptimes_duration: 16020.018239992904
