comms_cons: 103.05063679845784
finished_reconf: true
global_termination_time: 1044396.152
local_termination_time: 612237.1479599976
node_cons: 21458.352201116795
tot_aggregated_send: 14384
tot_msg_rcv: 470
tot_msg_sent: 809
tot_reconf_duration: 5.57
tot_sleeping_duration: 1028376.1459200024
tot_uptimes: 268
tot_uptimes_duration: 16020.006079997635
