comms_cons: 104.55630719469889
finished_reconf: true
global_termination_time: 1041578.362
local_termination_time: 887775.971879999
node_cons: 21388.333001116924
tot_aggregated_send: 14384
tot_msg_rcv: 605
tot_msg_sent: 903
tot_reconf_duration: 13.17
tot_sleeping_duration: 1025618.3559200023
tot_uptimes: 267
tot_uptimes_duration: 15960.006079997635
