comms_cons: 105.22835199402934
finished_reconf: true
global_termination_time: 1041172.579
local_termination_time: 212426.38236000005
node_cons: 21401.231264471953
tot_aggregated_send: 14268
tot_msg_rcv: 582
tot_msg_sent: 1145
tot_reconf_duration: 22.65
tot_sleeping_duration: 1025212.554680006
tot_uptimes: 267
tot_uptimes_duration: 15960.024319993972
