comms_cons: 104.86607359610157
finished_reconf: true
global_termination_time: 1042216.183
local_termination_time: 276624.07036000007
node_cons: 21376.97198000003
tot_aggregated_send: 14442
tot_msg_rcv: 511
tot_msg_sent: 986
tot_reconf_duration: 4.8100000000000005
tot_sleeping_duration: 1026256.183
tot_uptimes: 267
tot_uptimes_duration: 15960.0
