comms_cons: 265.6759295909776
finished_reconf: true
global_termination_time: 2646965.98
local_termination_time: 458208.2404000004
node_cons: 54421.04453451831
tot_aggregated_send: 35902
tot_msg_rcv: 1519
tot_msg_sent: 2962
tot_reconf_duration: 22.65
tot_sleeping_duration: 2606345.9009600305
tot_uptimes: 678
tot_uptimes_duration: 40620.07903996948
