comms_cons: 264.1247552035678
finished_reconf: true
global_termination_time: 2647099.61
local_termination_time: 676224.7033599998
node_cons: 54401.16621999907
tot_aggregated_send: 37700
tot_msg_rcv: 885
tot_msg_sent: 1560
tot_reconf_duration: 8.09
tot_sleeping_duration: 2606479.61
tot_uptimes: 678
tot_uptimes_duration: 40620.0
