comms_cons: 263.65336319909875
finished_reconf: true
global_termination_time: 2648190.482
local_termination_time: 1547057.86436
node_cons: 54485.39009999936
tot_aggregated_send: 37874
tot_msg_rcv: 759
tot_msg_sent: 1440
tot_reconf_duration: 10.95
tot_sleeping_duration: 2607510.482
tot_uptimes: 679
tot_uptimes_duration: 40680.0
