comms_cons: 272.4142144032469
finished_reconf: true
global_termination_time: 2649825.114
local_termination_time: 1022801.87536
node_cons: 54479.0481711682
tot_aggregated_send: 34800
tot_msg_rcv: 2241
tot_msg_sent: 4362
tot_reconf_duration: 6.22
tot_sleeping_duration: 2609145.0532000232
tot_uptimes: 679
tot_uptimes_duration: 40680.06079997681
