comms_cons: 523.8316673273786
finished_reconf: true
global_termination_time: 2646658.8395999977
local_termination_time: 2524.4846
node_cons: 54426.18968069085
tot_aggregated_send: 0
tot_msg_rcv: 40328
tot_msg_sent: 39285
tot_reconf_duration: 11.31
tot_sleeping_duration: 2606023.4171200185
tot_uptimes: 678
tot_uptimes_duration: 40635.42247997888
