comms_cons: 63.84455679804714
finished_reconf: true
global_termination_time: 629652.702
local_termination_time: 269571.9434800001
node_cons: 12942.32034224289
tot_aggregated_send: 8526
tot_msg_rcv: 369
tot_msg_sent: 809
tot_reconf_duration: 5.57
tot_sleeping_duration: 619992.6898399979
tot_uptimes: 162
tot_uptimes_duration: 9660.012160002138
