comms_cons: 63.90484479987513
finished_reconf: true
global_termination_time: 632265.405
local_termination_time: 275876.5123600001
node_cons: 12938.898182242943
tot_aggregated_send: 8468
tot_msg_rcv: 427
tot_msg_sent: 818
tot_reconf_duration: 3.05
tot_sleeping_duration: 622605.3928399979
tot_uptimes: 162
tot_uptimes_duration: 9660.012160002138
