comms_cons: 717.315718515246
finished_reconf: true
global_termination_time: 7226817.296
local_termination_time: 2455017.31544
node_cons: 148646.92556558066
tot_aggregated_send: 99934
tot_msg_rcv: 3163
tot_msg_sent: 5928
tot_reconf_duration: 13.17
tot_sleeping_duration: 7115817.265600011
tot_uptimes: 1851
tot_uptimes_duration: 111000.03039998934
