comms_cons: 714.2853505386203
finished_reconf: true
global_termination_time: 7224721.186
local_termination_time: 2465212.0983599997
node_cons: 148640.02692558055
tot_aggregated_send: 98948
tot_msg_rcv: 3177
tot_msg_sent: 6441
tot_reconf_duration: 8.09
tot_sleeping_duration: 7113721.15560001
tot_uptimes: 1851
tot_uptimes_duration: 111000.03039998934
