comms_cons: 712.5223425190189
finished_reconf: true
global_termination_time: 7226152.774
local_termination_time: 3911470.60148
node_cons: 148649.55194446404
tot_aggregated_send: 100340
tot_msg_rcv: 2565
tot_msg_sent: 5393
tot_reconf_duration: 15.110000000000001
tot_sleeping_duration: 7115152.749680009
tot_uptimes: 1851
tot_uptimes_duration: 111000.02431999147
