comms_cons: 713.0609345091384
finished_reconf: true
global_termination_time: 7225220.049
local_termination_time: 1756016.050759999
node_cons: 148636.41464558066
tot_aggregated_send: 101036
tot_msg_rcv: 2409
tot_msg_sent: 4937
tot_reconf_duration: 5.43
tot_sleeping_duration: 7114220.01860001
tot_uptimes: 1851
tot_uptimes_duration: 111000.03039998934
