comms_cons: 181.04893438863834
finished_reconf: true
global_termination_time: 1808480.7476799984
local_termination_time: 1808480.7065599984
node_cons: 37298.45682199431
tot_aggregated_send: 25448
tot_msg_rcv: 631
tot_msg_sent: 1441
tot_reconf_duration: 24.59
tot_sleeping_duration: 1780650.2296800024
tot_uptimes: 464
tot_uptimes_duration: 27830.51799999585
