comms_cons: 177.47391999624176
finished_reconf: true
global_termination_time: 1809132.926
local_termination_time: 938480.6542799993
node_cons: 37205.948239999896
tot_aggregated_send: 26332
tot_msg_rcv: 193
tot_msg_sent: 450
tot_reconf_duration: 6.279999999999999
tot_sleeping_duration: 1781352.926
tot_uptimes: 464
tot_uptimes_duration: 27780.0
