comms_cons: 188.72837117460688
finished_reconf: true
global_termination_time: 1811129.688
local_termination_time: 426365.84076000086
node_cons: 37204.00082670553
tot_aggregated_send: 23722
tot_msg_rcv: 1824
tot_msg_sent: 3139
tot_reconf_duration: 4.8100000000000005
tot_sleeping_duration: 1783349.6515200108
tot_uptimes: 464
tot_uptimes_duration: 27780.0364799893
