comms_cons: 22.592972799919714
finished_reconf: true
global_termination_time: 228457.607
local_termination_time: 18949.16036
node_cons: 4690.478700000006
tot_aggregated_send: 3248
tot_msg_rcv: 91
tot_msg_sent: 95
tot_reconf_duration: 22.65
tot_sleeping_duration: 224977.607
tot_uptimes: 59
tot_uptimes_duration: 3480.0
