comms_cons: 66.48407040399569
finished_reconf: true
global_termination_time: 226597.63460000016
local_termination_time: 1430.1610400000015
node_cons: 9344.610378400246
tot_aggregated_send: 0
tot_msg_rcv: 3374
tot_msg_sent: 6730
tot_reconf_duration: 4.390000000000001
tot_sleeping_duration: 219623.289
tot_uptimes: 117
tot_uptimes_duration: 6974.345600000175
