comms_cons: 396.02178565063593
finished_reconf: true
global_termination_time: 3958952.111
local_termination_time: 2517279.868279999
node_cons: 81415.20312334862
tot_aggregated_send: 55390
tot_msg_rcv: 1684
tot_msg_sent: 3119
tot_reconf_duration: 22.65
tot_sleeping_duration: 3898172.092760007
tot_uptimes: 1014
tot_uptimes_duration: 60780.01823999314
