comms_cons: 777.2494028791206
finished_reconf: true
global_termination_time: 3959144.404
local_termination_time: 1271.0923600000003
node_cons: 81391.38650558703
tot_aggregated_send: 0
tot_msg_rcv: 59371
tot_msg_sent: 58765
tot_reconf_duration: 5.1
tot_sleeping_duration: 3898364.373600008
tot_uptimes: 1014
tot_uptimes_duration: 60780.03039999184
