comms_cons: 400.217203257979
finished_reconf: true
global_termination_time: 3958281.611
local_termination_time: 300023.78632000025
node_cons: 81395.47134893786
tot_aggregated_send: 54694
tot_msg_rcv: 2073
tot_msg_sent: 4063
tot_reconf_duration: 8.09
tot_sleeping_duration: 3897501.562360015
tot_uptimes: 1014
tot_uptimes_duration: 60780.048639984976
