comms_cons: 401.20334726550664
finished_reconf: true
global_termination_time: 3958311.313
local_termination_time: 1125247.6784799998
node_cons: 81397.26120669977
tot_aggregated_send: 54172
tot_msg_rcv: 2225
tot_msg_sent: 4582
tot_reconf_duration: 9.42
tot_sleeping_duration: 3897531.2765200133
tot_uptimes: 1014
tot_uptimes_duration: 60780.036479986506
