comms_cons: 400.4537664472483
finished_reconf: true
global_termination_time: 3958601.284
local_termination_time: 1196464.9173199998
node_cons: 81401.62852781688
tot_aggregated_send: 54694
tot_msg_rcv: 2115
tot_msg_sent: 4058
tot_reconf_duration: 12.629999999999999
tot_sleeping_duration: 3897821.241440016
tot_uptimes: 1014
tot_uptimes_duration: 60780.04255998414
