comms_cons: 391.52936323045856
finished_reconf: true
global_termination_time: 3958244.0
local_termination_time: 565056.9650000001
node_cons: 81395.9803098942
tot_aggregated_send: 53531
tot_msg_rcv: 2139
tot_msg_sent: 3840
tot_reconf_duration: 6.22
tot_sleeping_duration: 3897461.6747200177
tot_uptimes: 1014
tot_uptimes_duration: 60782.32527998218
