comms_cons: 105.54352638807441
finished_reconf: true
global_termination_time: 1033161.287
local_termination_time: 601921.6553599999
node_cons: 21216.750928934656
tot_aggregated_send: 13688
tot_msg_rcv: 739
tot_msg_sent: 1615
tot_reconf_duration: 5.1
tot_sleeping_duration: 1017321.2383600189
tot_uptimes: 265
tot_uptimes_duration: 15840.048639981076
