comms_cons: 104.44542719299196
finished_reconf: true
global_termination_time: 1032684.412
local_termination_time: 358023.83436000004
node_cons: 21222.593065597965
tot_aggregated_send: 13920
tot_msg_rcv: 623
tot_msg_sent: 1332
tot_reconf_duration: 9.42
tot_sleeping_duration: 1016844.3816000015
tot_uptimes: 265
tot_uptimes_duration: 15840.030399998475
