comms_cons: 102.12892159529235
finished_reconf: true
global_termination_time: 1031080.717
local_termination_time: 879936.5440799996
node_cons: 21235.1627411214
tot_aggregated_send: 14558
tot_msg_rcv: 360
tot_msg_sent: 605
tot_reconf_duration: 18.700000000000003
tot_sleeping_duration: 1015240.7109199989
tot_uptimes: 265
tot_uptimes_duration: 15840.006080001069
