comms_cons: 104.7869183940264
finished_reconf: true
global_termination_time: 1030254.661
local_termination_time: 12046.944720000001
node_cons: 21135.97640335053
tot_aggregated_send: 13746
tot_msg_rcv: 672
tot_msg_sent: 1509
tot_reconf_duration: 4.8100000000000005
tot_sleeping_duration: 1014474.6427600071
tot_uptimes: 264
tot_uptimes_duration: 15780.018239992904
