comms_cons: 174.31978878896138
finished_reconf: true
global_termination_time: 1766345.418
local_termination_time: 235122.54648000005
node_cons: 36344.503828939145
tot_aggregated_send: 23490
tot_msg_rcv: 1040
tot_msg_sent: 1966
tot_reconf_duration: 22.65
tot_sleeping_duration: 1739225.3693600155
tot_uptimes: 453
tot_uptimes_duration: 27120.04863998451
