comms_cons: 178.37589758463878
finished_reconf: true
global_termination_time: 1765146.4391200005
local_termination_time: 158242.34348000007
node_cons: 36379.84546974106
tot_aggregated_send: 24128
tot_msg_rcv: 994
tot_msg_sent: 1991
tot_reconf_duration: 4.8100000000000005
tot_sleeping_duration: 1737981.9032800146
tot_uptimes: 453
tot_uptimes_duration: 27164.53583998594
