comms_cons: 175.19751679241057
finished_reconf: true
global_termination_time: 1767418.996
local_termination_time: 275090.26236000005
node_cons: 36324.299559999905
tot_aggregated_send: 25346
tot_msg_rcv: 476
tot_msg_sent: 807
tot_reconf_duration: 7.819999999999999
tot_sleeping_duration: 1740298.996
tot_uptimes: 453
tot_uptimes_duration: 27120.0
