comms_cons: 542.9647680878593
finished_reconf: true
global_termination_time: 5491181.169
local_termination_time: 829729.7583599999
node_cons: 112962.27148669875
tot_aggregated_send: 77024
tot_msg_rcv: 1896
tot_msg_sent: 3608
tot_reconf_duration: 3.08
tot_sleeping_duration: 5406821.1325200135
tot_uptimes: 1407
tot_uptimes_duration: 84360.03647998674
