comms_cons: 552.0747841227598
finished_reconf: true
global_termination_time: 5493719.015
local_termination_time: 2486278.447879998
node_cons: 112964.61268558174
tot_aggregated_send: 76792
tot_msg_rcv: 2360
tot_msg_sent: 4759
tot_reconf_duration: 4.8100000000000005
tot_sleeping_duration: 5409358.98460001
tot_uptimes: 1407
tot_uptimes_duration: 84360.03039998887
