comms_cons: 544.7056960694229
finished_reconf: true
global_termination_time: 5493268.638
local_termination_time: 3817127.143279999
node_cons: 112974.20019999644
tot_aggregated_send: 79054
tot_msg_rcv: 1255
tot_msg_sent: 2483
tot_reconf_duration: 11.899999999999999
tot_sleeping_duration: 5408908.638
tot_uptimes: 1407
tot_uptimes_duration: 84360.0
