comms_cons: 554.3013441466634
finished_reconf: true
global_termination_time: 5490556.005
local_termination_time: 969628.6633599999
node_cons: 112962.24702893317
tot_aggregated_send: 76560
tot_msg_rcv: 2694
tot_msg_sent: 4996
tot_reconf_duration: 3.05
tot_sleeping_duration: 5406195.956360018
tot_uptimes: 1407
tot_uptimes_duration: 84360.04863998247
