comms_cons: 557.7935745573782
finished_reconf: true
global_termination_time: 5492034.872
local_termination_time: 722865.8300399992
node_cons: 112973.49667340037
tot_aggregated_send: 75168
tot_msg_rcv: 3226
tot_msg_sent: 6384
tot_reconf_duration: 11.31
tot_sleeping_duration: 5407674.799040027
tot_uptimes: 1407
tot_uptimes_duration: 84360.07295997301
