comms_cons: 137.3342207874118
finished_reconf: true
global_termination_time: 1372001.875
local_termination_time: 555213.0093599999
node_cons: 28230.139405584236
tot_aggregated_send: 18328
tot_msg_rcv: 860
tot_msg_sent: 1686
tot_reconf_duration: 22.65
tot_sleeping_duration: 1350941.8446000118
tot_uptimes: 352
tot_uptimes_duration: 21060.030399988173
