comms_cons: 256.1611519997908
finished_reconf: true
global_termination_time: 2808181.115
local_termination_time: 5938.526
node_cons: 57877.28335999896
tot_aggregated_send: 38895
tot_msg_rcv: 17
tot_msg_sent: 23
tot_reconf_duration: 23.919999999999998
tot_sleeping_duration: 2764981.115
tot_uptimes: 720
tot_uptimes_duration: 43200.0
