comms_cons: 279.41794560483095
finished_reconf: false
global_termination_time: 2809073.103
local_termination_time: 0
node_cons: 57863.95320447321
tot_aggregated_send: 40296
tot_msg_rcv: 717
tot_msg_sent: 1456
tot_reconf_duration: 14.08
tot_sleeping_duration: 2765873.0786800045
tot_uptimes: 720
tot_uptimes_duration: 43200.024319995704
