comms_cons: 1735.618683962026
finished_reconf: true
global_termination_time: 4291078.853
local_termination_time: 3053240.57548
node_cons: 260396.07897843307
tot_aggregated_send: 0
tot_msg_rcv: 106660
tot_msg_sent: 157147
tot_reconf_duration: 5.57
tot_sleeping_duration: 4096613.9426800283
tot_uptimes: 3189
tot_uptimes_duration: 194464.91031997168
