comms_cons: 424.52837123850736
finished_reconf: true
global_termination_time: 4289807.288
local_termination_time: 2567600.75536
node_cons: 88225.72394446575
tot_aggregated_send: 59334
tot_msg_rcv: 1841
tot_msg_sent: 3350
tot_reconf_duration: 9.11
tot_sleeping_duration: 4223927.263680009
tot_uptimes: 1099
tot_uptimes_duration: 65880.02431999124
