comms_cons: 426.0227392531033
finished_reconf: true
global_termination_time: 4289342.835
local_termination_time: 2131384.7580000004
node_cons: 88233.88008558353
tot_aggregated_send: 59157
tot_msg_rcv: 1883
tot_msg_sent: 3711
tot_reconf_duration: 15.110000000000001
tot_sleeping_duration: 4223462.804600012
tot_uptimes: 1099
tot_uptimes_duration: 65880.0303999891
