comms_cons: 197.62876798740402
finished_reconf: true
global_termination_time: 1957209.29148
local_termination_time: 1957209.25036
node_cons: 40302.14050654195
tot_aggregated_send: 27362
tot_msg_rcv: 977
tot_msg_sent: 1698
tot_reconf_duration: 24.59
tot_sleeping_duration: 1927135.5444400134
tot_uptimes: 502
tot_uptimes_duration: 30073.747039986716
