comms_cons: 193.66008959068762
finished_reconf: true
global_termination_time: 1963757.42
local_termination_time: 1125832.76036
node_cons: 40351.51986111666
tot_aggregated_send: 27260
tot_msg_rcv: 675
tot_msg_sent: 1500
tot_reconf_duration: 15.34
tot_sleeping_duration: 1933637.4139200023
tot_uptimes: 503
tot_uptimes_duration: 30120.006079997635
