comms_cons: 192.60012799026902
finished_reconf: true
global_termination_time: 1957930.671
local_termination_time: 1056566.7297599982
node_cons: 40258.87638111659
tot_aggregated_send: 27086
tot_msg_rcv: 610
tot_msg_sent: 1579
tot_reconf_duration: 6.279999999999999
tot_sleeping_duration: 1927870.6649200025
tot_uptimes: 502
tot_uptimes_duration: 30060.006079997635
