comms_cons: 198.04049918048761
finished_reconf: true
global_termination_time: 1957209.9522400002
local_termination_time: 98683.42047999996
node_cons: 40314.35694494417
tot_aggregated_send: 27028
tot_msg_rcv: 1057
tot_msg_sent: 2015
tot_reconf_duration: 13.17
tot_sleeping_duration: 1927115.4996000119
tot_uptimes: 502
tot_uptimes_duration: 30094.45263998839
