comms_cons: 469.6559808539715
finished_reconf: true
global_termination_time: 4731347.18348
local_termination_time: 4731347.14236
node_cons: 97343.4998009504
tot_aggregated_send: 67788
tot_msg_rcv: 1151
tot_msg_sent: 2445
tot_reconf_duration: 24.59
tot_sleeping_duration: 4658673.466840005
tot_uptimes: 1212
tot_uptimes_duration: 72673.71663999511
