comms_cons: 469.07784966111785
finished_reconf: true
global_termination_time: 4731385.536
local_termination_time: 2488179.20336
node_cons: 97299.1546455829
tot_aggregated_send: 66410
tot_msg_rcv: 1461
tot_msg_sent: 3427
tot_reconf_duration: 5.43
tot_sleeping_duration: 4658725.505600011
tot_uptimes: 1212
tot_uptimes_duration: 72660.0303999891
