comms_cons: 71.48958719948445
finished_reconf: true
global_termination_time: 725069.839
local_termination_time: 437621.37248000054
node_cons: 14883.731720000056
tot_aggregated_send: 10498
tot_msg_rcv: 150
tot_msg_sent: 218
tot_reconf_duration: 15.34
tot_sleeping_duration: 713969.839
tot_uptimes: 186
tot_uptimes_duration: 11100.0
