comms_cons: 73.86495999731733
finished_reconf: true
global_termination_time: 725635.368
local_termination_time: 20170.3096
node_cons: 14868.894184478866
tot_aggregated_send: 9686
tot_msg_rcv: 491
tot_msg_sent: 1049
tot_reconf_duration: 4.390000000000001
tot_sleeping_duration: 714535.3436800009
tot_uptimes: 186
tot_uptimes_duration: 11100.024319999138
