comms_cons: 71.00930560050602
finished_reconf: true
global_termination_time: 721255.218
local_termination_time: 384021.7527200001
node_cons: 14797.91898000003
tot_aggregated_send: 10440
tot_msg_rcv: 131
tot_msg_sent: 222
tot_reconf_duration: 11.31
tot_sleeping_duration: 710215.218
tot_uptimes: 185
tot_uptimes_duration: 11040.000000000007
