comms_cons: 71.68038399818215
finished_reconf: true
global_termination_time: 721881.352
local_termination_time: 274525.83836000005
node_cons: 14789.933940000012
tot_aggregated_send: 10266
tot_msg_rcv: 228
tot_msg_sent: 401
tot_reconf_duration: 5.43
tot_sleeping_duration: 710841.352
tot_uptimes: 185
tot_uptimes_duration: 11040.0
