comms_cons: 79.20761599873651
finished_reconf: true
global_termination_time: 778005.091
local_termination_time: 525277.8813599999
node_cons: 16018.434982238316
tot_aggregated_send: 10440
tot_msg_rcv: 516
tot_msg_sent: 1084
tot_reconf_duration: 22.65
tot_sleeping_duration: 766065.0788400014
tot_uptimes: 200
tot_uptimes_duration: 11940.012159998703
