comms_cons: 83.68272639161512
finished_reconf: true
global_termination_time: 773582.4953999982
local_termination_time: 773582.4542799982
node_cons: 16032.883113429236
tot_aggregated_send: 9486
tot_msg_rcv: 1197
tot_msg_sent: 2038
tot_reconf_duration: 37.410000000000004
tot_sleeping_duration: 761646.6624400063
tot_uptimes: 199
tot_uptimes_duration: 11935.832959991936
