comms_cons: 77.75361279679387
finished_reconf: true
global_termination_time: 775778.832
local_termination_time: 191843.54536000005
node_cons: 15920.136783355096
tot_aggregated_send: 10672
tot_msg_rcv: 338
tot_msg_sent: 809
tot_reconf_duration: 9.42
tot_sleeping_duration: 763898.8137600038
tot_uptimes: 199
tot_uptimes_duration: 11880.018239996338
