comms_cons: 77.68061439776686
finished_reconf: true
global_termination_time: 773882.923
local_termination_time: 173976.875
node_cons: 15945.007048482394
tot_aggregated_send: 10844
tot_msg_rcv: 326
tot_msg_sent: 637
tot_reconf_duration: 18.700000000000003
tot_sleeping_duration: 761993.7426799982
tot_uptimes: 199
tot_uptimes_duration: 11889.18032000176
