comms_cons: 79.01681919632657
finished_reconf: true
global_termination_time: 776462.553
local_termination_time: 310914.98328000034
node_cons: 15922.222664476572
tot_aggregated_send: 10556
tot_msg_rcv: 531
tot_msg_sent: 924
tot_reconf_duration: 10.95
tot_sleeping_duration: 764582.5286800025
tot_uptimes: 199
tot_uptimes_duration: 11880.024319997414
