comms_cons: 281.691808028227
finished_reconf: true
global_termination_time: 2807023.6042399975
local_termination_time: 29385.464
node_cons: 57719.9236889331
tot_aggregated_send: 39199
tot_msg_rcv: 1209
tot_msg_sent: 2407
tot_reconf_duration: 11.31
tot_sleeping_duration: 2763928.3356000166
tot_uptimes: 719
tot_uptimes_duration: 43095.268639980684
