comms_cons: 45.409638401227184
finished_reconf: true
global_termination_time: 447899.204
local_termination_time: 57864.549360000005
node_cons: 9189.551264485726
tot_aggregated_send: 5916
tot_msg_rcv: 306
tot_msg_sent: 680
tot_reconf_duration: 22.65
tot_sleeping_duration: 441059.17967999575
tot_uptimes: 115
tot_uptimes_duration: 6840.024320004275
