comms_cons: 1.0987263999963715
finished_reconf: true
global_termination_time: 4277.471
local_termination_time: 2095.1713600000003
node_cons: 95.69897999999992
tot_aggregated_send: 0
tot_msg_rcv: 115
tot_msg_sent: 51
tot_reconf_duration: 11.31
tot_sleeping_duration: 4217.471
tot_uptimes: 2
tot_uptimes_duration: 60.0
