comms_cons: 64.7059391995302
finished_reconf: true
global_termination_time: 653599.224
local_termination_time: 71152.59447999997
node_cons: 13441.541744483471
tot_aggregated_send: 8642
tot_msg_rcv: 385
tot_msg_sent: 807
tot_reconf_duration: 18.21
tot_sleeping_duration: 643579.1996799975
tot_uptimes: 168
tot_uptimes_duration: 10020.024320002572
