comms_cons: 223.68177277927413
finished_reconf: true
global_termination_time: 2181700.159
local_termination_time: 863489.4879599996
node_cons: 44837.3410478173
tot_aggregated_send: 29174
tot_msg_rcv: 1624
tot_msg_sent: 3199
tot_reconf_duration: 5.57
tot_sleeping_duration: 2148220.1164400163
tot_uptimes: 559
tot_uptimes_duration: 33480.04255998344
