comms_cons: 216.05497599311323
finished_reconf: true
global_termination_time: 2185988.917
local_termination_time: 635536.2461999987
node_cons: 44947.21483879778
tot_aggregated_send: 31262
tot_msg_rcv: 466
tot_msg_sent: 1112
tot_reconf_duration: 25.299999999999997
tot_sleeping_duration: 2152446.8278000015
tot_uptimes: 560
tot_uptimes_duration: 33542.08919999865
