comms_cons: 221.934003176586
finished_reconf: true
global_termination_time: 2185405.003
local_termination_time: 598668.1267999995
node_cons: 44918.588171167976
tot_aggregated_send: 29290
tot_msg_rcv: 1527
tot_msg_sent: 2917
tot_reconf_duration: 6.22
tot_sleeping_duration: 2151864.9422000237
tot_uptimes: 560
tot_uptimes_duration: 33540.060799976345
