comms_cons: 222.91301118308522
finished_reconf: true
global_termination_time: 2180441.968239997
local_termination_time: 14935.62748
node_cons: 44865.55636053765
tot_aggregated_send: 29522
tot_msg_rcv: 1511
tot_msg_sent: 2849
tot_reconf_duration: 11.31
tot_sleeping_duration: 2146946.6752000134
tot_uptimes: 559
tot_uptimes_duration: 33495.29303998366
