comms_cons: 215.4030079790753
finished_reconf: true
global_termination_time: 2183305.807
local_termination_time: 617288.5267199997
node_cons: 44930.95684894333
tot_aggregated_send: 29058
tot_msg_rcv: 1299
tot_msg_sent: 2383
tot_reconf_duration: 15.34
tot_sleeping_duration: 2149765.758360012
tot_uptimes: 560
tot_uptimes_duration: 33540.048639987945
