comms_cons: 131.97937919117769
finished_reconf: true
global_termination_time: 1315105.21
local_termination_time: 576245.4765599986
node_cons: 27000.796403350614
tot_aggregated_send: 18154
tot_msg_rcv: 573
tot_msg_sent: 1333
tot_reconf_duration: 4.8100000000000005
tot_sleeping_duration: 1294945.191760007
tot_uptimes: 337
tot_uptimes_duration: 20160.018239992904
