comms_cons: 45.878016001106744
finished_reconf: true
global_termination_time: 453630.597
local_termination_time: 7005.83448
node_cons: 9344.18546224145
tot_aggregated_send: 5974
tot_msg_rcv: 256
tot_msg_sent: 744
tot_reconf_duration: 18.21
tot_sleeping_duration: 446670.5848399989
tot_uptimes: 117
tot_uptimes_duration: 6960.012160001075
