comms_cons: 44.49617920038243
finished_reconf: true
global_termination_time: 455593.333
local_termination_time: 389711.4476800003
node_cons: 9330.059560000022
tot_aggregated_send: 6322
tot_msg_rcv: 138
tot_msg_sent: 303
tot_reconf_duration: 7.819999999999999
tot_sleeping_duration: 448633.333
tot_uptimes: 117
tot_uptimes_duration: 6960.0
