comms_cons: 122.4132223872328
finished_reconf: true
global_termination_time: 1213674.88924
local_termination_time: 27806.513479999998
node_cons: 24941.19565495231
tot_aggregated_send: 16472
tot_msg_rcv: 741
tot_msg_sent: 1392
tot_reconf_duration: 11.31
tot_sleeping_duration: 1195059.6266000057
tot_uptimes: 311
tot_uptimes_duration: 18615.26263999423
