comms_cons: 89.99687679856129
finished_reconf: true
global_termination_time: 918538.998
local_termination_time: 443359.38860000006
node_cons: 18887.47220111687
tot_aggregated_send: 12818
tot_msg_rcv: 281
tot_msg_sent: 580
tot_reconf_duration: 5.57
tot_sleeping_duration: 904438.9919200024
tot_uptimes: 236
tot_uptimes_duration: 14100.006079997635
