comms_cons: 90.1817215951768
finished_reconf: true
global_termination_time: 920400.083
local_termination_time: 494199.69136000006
node_cons: 18886.850223350495
tot_aggregated_send: 12296
tot_msg_rcv: 368
tot_msg_sent: 1043
tot_reconf_duration: 5.1
tot_sleeping_duration: 906300.0647600071
tot_uptimes: 236
tot_uptimes_duration: 14100.018239992904
