comms_cons: 93.47964159433266
finished_reconf: true
global_termination_time: 918420.07
local_termination_time: 308687.13036000007
node_cons: 18886.44826223829
tot_aggregated_send: 12528
tot_msg_rcv: 580
tot_msg_sent: 1100
tot_reconf_duration: 4.8100000000000005
tot_sleeping_duration: 904320.0578400012
tot_uptimes: 236
tot_uptimes_duration: 14100.012159998703
