comms_cons: 92.57059839714142
finished_reconf: true
global_termination_time: 919082.679
local_termination_time: 251266.02124000093
node_cons: 18893.86234672553
tot_aggregated_send: 12238
tot_msg_rcv: 616
tot_msg_sent: 1218
tot_reconf_duration: 7.819999999999999
tot_sleeping_duration: 904980.1825199958
tot_uptimes: 236
tot_uptimes_duration: 14102.496480004134
