comms_cons: 377.50632965054797
finished_reconf: true
global_termination_time: 625257.693
local_termination_time: 264691.8764800001
node_cons: 61428.618221903635
tot_aggregated_send: 0
tot_msg_rcv: 26034
tot_msg_sent: 31345
tot_reconf_duration: 15.34
tot_sleeping_duration: 579396.7620799816
tot_uptimes: 736
tot_uptimes_duration: 45860.9309200184
