comms_cons: 60.410214400690954
finished_reconf: true
global_termination_time: 627526.411
local_termination_time: 342736.12236000004
node_cons: 12872.28485999999
tot_aggregated_send: 8700
tot_msg_rcv: 158
tot_msg_sent: 324
tot_reconf_duration: 13.17
tot_sleeping_duration: 617926.411
tot_uptimes: 161
tot_uptimes_duration: 9599.999999999996
