comms_cons: 39.35019520075677
finished_reconf: true
global_termination_time: 392004.753
local_termination_time: 124547.31291999982
node_cons: 8039.961620000011
tot_aggregated_send: 5162
tot_msg_rcv: 239
tot_msg_sent: 580
tot_reconf_duration: 4.390000000000001
tot_sleeping_duration: 386004.753
tot_uptimes: 101
tot_uptimes_duration: 6000.000000000002
