comms_cons: 35.929011198330976
finished_reconf: true
global_termination_time: 122121.07679999979
local_termination_time: 1573.3370400000015
node_cons: 5074.295948199724
tot_aggregated_send: 0
tot_msg_rcv: 1816
tot_msg_sent: 3644
tot_reconf_duration: 4.390000000000001
tot_sleeping_duration: 118335.913
tot_uptimes: 62
tot_uptimes_duration: 3785.163799999791
