comms_cons: 12.533376000028818
finished_reconf: true
global_termination_time: 127151.702
local_termination_time: 48219.66436000001
node_cons: 2586.238979999997
tot_aggregated_send: 1798
tot_msg_rcv: 59
tot_msg_sent: 48
tot_reconf_duration: 11.31
tot_sleeping_duration: 125231.702
tot_uptimes: 33
tot_uptimes_duration: 1920.0
