comms_cons: 154.597075193621
finished_reconf: true
global_termination_time: 1551410.739
local_termination_time: 763005.111119999
node_cons: 31915.499380000034
tot_aggregated_send: 22272
tot_msg_rcv: 485
tot_msg_sent: 740
tot_reconf_duration: 15.110000000000001
tot_sleeping_duration: 1527590.739
tot_uptimes: 398
tot_uptimes_duration: 23820.0
