comms_cons: 154.74936319402588
finished_reconf: true
global_termination_time: 1551552.532
local_termination_time: 541408.6284799998
node_cons: 31909.02105783666
tot_aggregated_send: 22098
tot_msg_rcv: 503
tot_msg_sent: 920
tot_reconf_duration: 9.42
tot_sleeping_duration: 1527731.5994400026
tot_uptimes: 398
tot_uptimes_duration: 23820.932559997425
