comms_cons: 153.7164287956927
finished_reconf: true
global_termination_time: 1555299.859
local_termination_time: 572961.4253599999
node_cons: 32000.71459999999
tot_aggregated_send: 22620
tot_msg_rcv: 297
tot_msg_sent: 447
tot_reconf_duration: 18.700000000000003
tot_sleeping_duration: 1531419.859
tot_uptimes: 399
tot_uptimes_duration: 23880.0
