comms_cons: 153.67660799811148
finished_reconf: true
global_termination_time: 1552524.637
local_termination_time: 819196.569999998
node_cons: 31917.11492511427
tot_aggregated_send: 22156
tot_msg_rcv: 338
tot_msg_sent: 863
tot_reconf_duration: 11.899999999999999
tot_sleeping_duration: 1528700.1749200043
tot_uptimes: 398
tot_uptimes_duration: 23824.46207999566
