comms_cons: 157.31473278711817
finished_reconf: true
global_termination_time: 1550616.751
local_termination_time: 1158454.18636
node_cons: 31903.43490111684
tot_aggregated_send: 20880
tot_msg_rcv: 943
tot_msg_sent: 2087
tot_reconf_duration: 6.22
tot_sleeping_duration: 1526796.7449200023
tot_uptimes: 398
tot_uptimes_duration: 23820.006079997635
