comms_cons: 70.21510399973481
finished_reconf: true
global_termination_time: 694286.4269599987
local_termination_time: 694286.3858399987
node_cons: 14312.796547288284
tot_aggregated_send: 9614
tot_msg_rcv: 377
tot_msg_sent: 682
tot_reconf_duration: 24.59
tot_sleeping_duration: 683622.1974399925
tot_uptimes: 178
tot_uptimes_duration: 10664.229520006164
