comms_cons: 68.02892800057411
finished_reconf: true
global_termination_time: 694287.18024
local_termination_time: 297995.75536000007
node_cons: 14247.124231602935
tot_aggregated_send: 9570
tot_msg_rcv: 268
tot_msg_sent: 501
tot_reconf_duration: 4.8100000000000005
tot_sleeping_duration: 683651.9358399978
tot_uptimes: 178
tot_uptimes_duration: 10635.244400002179
