comms_cons: 71.47112960113309
finished_reconf: true
global_termination_time: 697153.908
local_termination_time: 273028.92272000015
node_cons: 14304.670041121515
tot_aggregated_send: 9048
tot_msg_rcv: 534
tot_msg_sent: 1281
tot_reconf_duration: 3.05
tot_sleeping_duration: 686473.9019199989
tot_uptimes: 179
tot_uptimes_duration: 10680.006080001069
