comms_cons: 68.60789760078242
finished_reconf: true
global_termination_time: 697926.663
local_termination_time: 321998.16528000083
node_cons: 14315.887121121448
tot_aggregated_send: 9628
tot_msg_rcv: 227
tot_msg_sent: 573
tot_reconf_duration: 11.31
tot_sleeping_duration: 687246.6569199988
tot_uptimes: 179
tot_uptimes_duration: 10680.006080001069
