comms_cons: 56.54897280150407
finished_reconf: true
global_termination_time: 546036.101
local_termination_time: 151051.76408000014
node_cons: 11171.41818224286
tot_aggregated_send: 6844
tot_msg_rcv: 529
tot_msg_sent: 1222
tot_reconf_duration: 3.05
tot_sleeping_duration: 537696.0888399979
tot_uptimes: 140
tot_uptimes_duration: 8340.012160002138
