comms_cons: 52.09410560037171
finished_reconf: true
global_termination_time: 540244.79
local_termination_time: 321998.16528000083
node_cons: 11102.278980000012
tot_aggregated_send: 7424
tot_msg_rcv: 152
tot_msg_sent: 342
tot_reconf_duration: 11.31
tot_sleeping_duration: 531964.79
tot_uptimes: 139
tot_uptimes_duration: 8280.0
