comms_cons: 2.0790271999931305
finished_reconf: true
global_termination_time: 14154.076
local_termination_time: 10942.520359999999
node_cons: 245.16189999999898
tot_aggregated_send: 0
tot_msg_rcv: 164
tot_msg_sent: 152
tot_reconf_duration: 3.05
tot_sleeping_duration: 13974.076
tot_uptimes: 4
tot_uptimes_duration: 180.0
