comms_cons: 155.04668158331842
finished_reconf: true
global_termination_time: 1536729.005
local_termination_time: 121127.64747999997
node_cons: 31598.389885593417
tot_aggregated_send: 21054
tot_msg_rcv: 851
tot_msg_sent: 1661
tot_reconf_duration: 18.21
tot_sleeping_duration: 1513148.9746000047
tot_uptimes: 394
tot_uptimes_duration: 23580.03039999504
