comms_cons: 152.02557438928096
finished_reconf: true
global_termination_time: 1534832.8
local_termination_time: 322045.3677200001
node_cons: 31591.54556558419
tot_aggregated_send: 21054
tot_msg_rcv: 655
tot_msg_sent: 1398
tot_reconf_duration: 13.17
tot_sleeping_duration: 1511252.7696000119
tot_uptimes: 394
tot_uptimes_duration: 23580.030399988173
