comms_cons: 154.77157118629117
finished_reconf: true
global_termination_time: 1533806.773
local_termination_time: 370013.35200000094
node_cons: 31497.511486710264
tot_aggregated_send: 19894
tot_msg_rcv: 1294
tot_msg_sent: 2335
tot_reconf_duration: 3.08
tot_sleeping_duration: 1510286.7365200073
tot_uptimes: 393
tot_uptimes_duration: 23520.036479992676
