comms_cons: 154.62614398527404
finished_reconf: true
global_termination_time: 1538199.826
local_termination_time: 141137.83436000004
node_cons: 31604.411264471968
tot_aggregated_send: 20648
tot_msg_rcv: 1009
tot_msg_sent: 1846
tot_reconf_duration: 22.65
tot_sleeping_duration: 1514619.8016800059
tot_uptimes: 394
tot_uptimes_duration: 23580.024319993972
