comms_cons: 154.56471678173332
finished_reconf: true
global_termination_time: 1538156.143
local_termination_time: 404257.305
node_cons: 31583.80542468649
tot_aggregated_send: 19717
tot_msg_rcv: 1095
tot_msg_sent: 2681
tot_reconf_duration: 6.22
tot_sleeping_duration: 1514574.844520025
tot_uptimes: 394
tot_uptimes_duration: 23581.29847997497
