comms_cons: 3.033638399989266
finished_reconf: true
global_termination_time: 13980.935
local_termination_time: 6668.237480000001
node_cons: 266.42274112000723
tot_aggregated_send: 0
tot_msg_rcv: 302
tot_msg_sent: 159
tot_reconf_duration: 18.700000000000003
tot_sleeping_duration: 13800.928919999995
tot_uptimes: 4
tot_uptimes_duration: 180.00608000000466
