comms_cons: 133.4130175968742
finished_reconf: true
global_termination_time: 1344903.008
local_termination_time: 1022377.9005199992
node_cons: 27654.8448600001
tot_aggregated_send: 19314
tot_msg_rcv: 337
tot_msg_sent: 627
tot_reconf_duration: 13.17
tot_sleeping_duration: 1324263.008
tot_uptimes: 345
tot_uptimes_duration: 20640.0
