comms_cons: 1113.3695867708254
finished_reconf: true
global_termination_time: 2301854.1064799977
local_termination_time: 2301854.1064799977
node_cons: 139819.48473465888
tot_aggregated_send: 0
tot_msg_rcv: 68363
tot_msg_sent: 100861
tot_reconf_duration: 24.59
tot_sleeping_duration: 2197458.22036001
tot_uptimes: 1712
tot_uptimes_duration: 104395.8861199877
