comms_cons: 231.28519677885646
finished_reconf: true
global_termination_time: 2304477.042
local_termination_time: 685757.6374799989
node_cons: 47406.602325579464
tot_aggregated_send: 31668
tot_msg_rcv: 1138
tot_msg_sent: 2348
tot_reconf_duration: 4.390000000000001
tot_sleeping_duration: 2269077.0116000148
tot_uptimes: 591
tot_uptimes_duration: 35400.03039998509
