comms_cons: 233.59563518028082
finished_reconf: true
global_termination_time: 2361964.575
local_termination_time: 1204688.735239998
node_cons: 48535.19339005766
tot_aggregated_send: 32074
tot_msg_rcv: 1159
tot_msg_sent: 2271
tot_reconf_duration: 6.279999999999999
tot_sleeping_duration: 2325723.6002800167
tot_uptimes: 605
tot_uptimes_duration: 36240.97471998376
