comms_cons: 232.67998719168168
finished_reconf: true
global_termination_time: 2359795.803
local_termination_time: 611059.5913599998
node_cons: 48532.285799999336
tot_aggregated_send: 33756
tot_msg_rcv: 531
tot_msg_sent: 1079
tot_reconf_duration: 5.1
tot_sleeping_duration: 2323555.803
tot_uptimes: 605
tot_uptimes_duration: 36240.0
