comms_cons: 231.3575679936851
finished_reconf: true
global_termination_time: 2357989.987
local_termination_time: 1227847.200479999
node_cons: 48462.17153999969
tot_aggregated_send: 33814
tot_msg_rcv: 490
tot_msg_sent: 861
tot_reconf_duration: 12.629999999999999
tot_sleeping_duration: 2321809.987
tot_uptimes: 604
tot_uptimes_duration: 36180.00000000012
