comms_cons: 245.20678399645453
finished_reconf: true
global_termination_time: 2474353.728
local_termination_time: 1494825.3403599998
node_cons: 50879.94917999921
tot_aggregated_send: 35496
tot_msg_rcv: 573
tot_msg_sent: 1201
tot_reconf_duration: 18.21
tot_sleeping_duration: 2436373.728
tot_uptimes: 634
tot_uptimes_duration: 37980.0
