comms_cons: 249.05624320806015
finished_reconf: true
global_termination_time: 2478511.611
local_termination_time: 1965578.32336
node_cons: 50969.94996446698
tot_aggregated_send: 34568
tot_msg_rcv: 1101
tot_msg_sent: 2186
tot_reconf_duration: 25.299999999999997
tot_sleeping_duration: 2440471.5866800095
tot_uptimes: 635
tot_uptimes_duration: 38040.02431999077
