comms_cons: 249.95696639216555
finished_reconf: true
global_termination_time: 2474268.074119999
local_termination_time: 2474268.032999999
node_cons: 50938.008822864285
tot_aggregated_send: 34264
tot_msg_rcv: 1250
tot_msg_sent: 2477
tot_reconf_duration: 24.59
tot_sleeping_duration: 2436251.1842000103
tot_uptimes: 634
tot_uptimes_duration: 38016.889919989044
