comms_cons: 16.91512320011446
finished_reconf: true
global_termination_time: 170186.969
local_termination_time: 9033.80748
node_cons: 3460.581620000001
tot_aggregated_send: 2320
tot_msg_rcv: 81
tot_msg_sent: 170
tot_reconf_duration: 4.390000000000001
tot_sleeping_duration: 167606.969
tot_uptimes: 44
tot_uptimes_duration: 2580.0
