comms_cons: 98.68100479502156
finished_reconf: true
global_termination_time: 979831.897
local_termination_time: 486260.53636
node_cons: 20091.556403355124
tot_aggregated_send: 13282
tot_msg_rcv: 614
tot_msg_sent: 1103
tot_reconf_duration: 4.8100000000000005
tot_sleeping_duration: 964831.8787600036
tot_uptimes: 251
tot_uptimes_duration: 15000.018239996338
