comms_cons: 11.967846400159969
finished_reconf: true
global_termination_time: 77190.601
local_termination_time: 50472.7016000001
node_cons: 1544.3692833597315
tot_aggregated_send: 232
tot_msg_rcv: 716
tot_msg_sent: 871
tot_reconf_duration: 13.17
tot_sleeping_duration: 76050.5827600002
tot_uptimes: 20
tot_uptimes_duration: 1140.0182399998012
