comms_cons: 11.257011200013224
finished_reconf: true
global_termination_time: 80140.456
local_termination_time: 47130.788360000006
node_cons: 1637.5668411191432
tot_aggregated_send: 348
tot_msg_rcv: 677
tot_msg_sent: 686
tot_reconf_duration: 22.65
tot_sleeping_duration: 78940.44992000064
tot_uptimes: 21
tot_uptimes_duration: 1200.0060799993662
