comms_cons: 9.733145600167035
finished_reconf: true
global_termination_time: 76355.61
local_termination_time: 61515.072360000006
node_cons: 1541.3300999999958
tot_aggregated_send: 696
tot_msg_rcv: 384
tot_msg_sent: 400
tot_reconf_duration: 10.95
tot_sleeping_duration: 75215.61
tot_uptimes: 20
tot_uptimes_duration: 1140.0
