comms_cons: 9.100287999935393
finished_reconf: true
global_termination_time: 75697.053
local_termination_time: 30659.334
node_cons: 1549.2897054408763
tot_aggregated_send: 632
tot_msg_rcv: 285
tot_msg_sent: 467
tot_reconf_duration: 11.899999999999999
tot_sleeping_duration: 74552.07203999934
tot_uptimes: 20
tot_uptimes_duration: 1144.9809600006565
