comms_cons: 59.678950400512775
finished_reconf: true
global_termination_time: 600466.372
local_termination_time: 193468.0616000001
node_cons: 12309.921142242894
tot_aggregated_send: 8352
tot_msg_rcv: 205
tot_msg_sent: 514
tot_reconf_duration: 13.17
tot_sleeping_duration: 591286.3598399978
tot_uptimes: 154
tot_uptimes_duration: 9180.012160002138
