comms_cons: 61.01612800062843
finished_reconf: true
global_termination_time: 603160.907
local_termination_time: 581191.6187999994
node_cons: 12379.750222242788
tot_aggregated_send: 8062
tot_msg_rcv: 436
tot_msg_sent: 776
tot_reconf_duration: 5.43
tot_sleeping_duration: 593920.8948399979
tot_uptimes: 155
tot_uptimes_duration: 9240.012160002138
