comms_cons: 1.6119039999946747
finished_reconf: true
global_termination_time: 14891.527
local_termination_time: 7041.64036
node_cons: 261.8517200000002
tot_aggregated_send: 0
tot_msg_rcv: 141
tot_msg_sent: 104
tot_reconf_duration: 15.34
tot_sleeping_duration: 14711.527
tot_uptimes: 4
tot_uptimes_duration: 180.0
