comms_cons: 1.5066367999971157
finished_reconf: true
global_termination_time: 14972.681
local_termination_time: 4157.1093599999995
node_cons: 253.39137999999954
tot_aggregated_send: 0
tot_msg_rcv: 119
tot_msg_sent: 110
tot_reconf_duration: 9.11
tot_sleeping_duration: 14792.681
tot_uptimes: 4
tot_uptimes_duration: 180.0
