comms_cons: 461.49736946052747
finished_reconf: true
global_termination_time: 2341725.536
local_termination_time: 945713.5695999998
node_cons: 48154.42684111625
tot_aggregated_send: 0
tot_msg_rcv: 35418
tot_msg_sent: 34725
tot_reconf_duration: 22.65
tot_sleeping_duration: 2305785.529920002
tot_uptimes: 600
tot_uptimes_duration: 35940.006079997635
