comms_cons: 230.54237439031692
finished_reconf: true
global_termination_time: 2340214.229
local_termination_time: 1553651.1883599998
node_cons: 48141.54485999928
tot_aggregated_send: 33408
tot_msg_rcv: 468
tot_msg_sent: 1165
tot_reconf_duration: 13.17
tot_sleeping_duration: 2304274.229
tot_uptimes: 600
tot_uptimes_duration: 35940.0
