comms_cons: 236.41039359975102
finished_reconf: true
global_termination_time: 2340904.803
local_termination_time: 739826.9823599999
node_cons: 48129.6460433499
tot_aggregated_send: 32538
tot_msg_rcv: 1189
tot_msg_sent: 2205
tot_reconf_duration: 4.390000000000001
tot_sleeping_duration: 2304964.7847600067
tot_uptimes: 600
tot_uptimes_duration: 35940.0182399929
