comms_cons: 238.45520638093384
finished_reconf: true
global_termination_time: 2342350.517
local_termination_time: 72076.32135999997
node_cons: 48132.16374782641
tot_aggregated_send: 32190
tot_msg_rcv: 1497
tot_msg_sent: 2556
tot_reconf_duration: 6.22
tot_sleeping_duration: 2306410.47444001
tot_uptimes: 600
tot_uptimes_duration: 35940.04255999031
