comms_cons: 268.15551999167843
finished_reconf: true
global_termination_time: 2636860.755
local_termination_time: 1049043.0363599998
node_cons: 54260.28312334949
tot_aggregated_send: 35960
tot_msg_rcv: 1625
tot_msg_sent: 3173
tot_reconf_duration: 22.65
tot_sleeping_duration: 2596360.7367600068
tot_uptimes: 676
tot_uptimes_duration: 40500.0182399929
