comms_cons: 86.95070719852568
finished_reconf: true
global_termination_time: 872462.513
local_termination_time: 34150.11016000008
node_cons: 17921.781620000034
tot_aggregated_send: 12470
tot_msg_rcv: 286
tot_msg_sent: 460
tot_reconf_duration: 4.390000000000001
tot_sleeping_duration: 859082.513
tot_uptimes: 224
tot_uptimes_duration: 13380.0
