comms_cons: 178.76344319598746
finished_reconf: true
global_termination_time: 1813337.704
local_termination_time: 1191941.5736799994
node_cons: 37286.28823999989
tot_aggregated_send: 26158
tot_msg_rcv: 378
tot_msg_sent: 635
tot_reconf_duration: 6.279999999999999
tot_sleeping_duration: 1785497.704
tot_uptimes: 465
tot_uptimes_duration: 27840.0
