comms_cons: 179.30293759284723
finished_reconf: true
global_termination_time: 1811609.122
local_termination_time: 1123439.0340799994
node_cons: 37204.34579999967
tot_aggregated_send: 25694
tot_msg_rcv: 568
tot_msg_sent: 991
tot_reconf_duration: 5.1
tot_sleeping_duration: 1783829.122
tot_uptimes: 464
tot_uptimes_duration: 27780.0
