comms_cons: 184.00174078346546
finished_reconf: true
global_termination_time: 1810712.424
local_termination_time: 996076.1323599999
node_cons: 37201.60260558408
tot_aggregated_send: 23838
tot_msg_rcv: 1372
tot_msg_sent: 2757
tot_reconf_duration: 3.05
tot_sleeping_duration: 1782932.393600012
tot_uptimes: 464
tot_uptimes_duration: 27780.030399988173
