comms_cons: 179.48682879269887
finished_reconf: true
global_termination_time: 1815026.829
local_termination_time: 611445.9543999982
node_cons: 37285.13393999977
tot_aggregated_send: 26216
tot_msg_rcv: 373
tot_msg_sent: 691
tot_reconf_duration: 5.43
tot_sleeping_duration: 1787186.829
tot_uptimes: 465
tot_uptimes_duration: 27840.0
