comms_cons: 50.57431040056533
finished_reconf: true
global_termination_time: 505160.352
local_termination_time: 75275.88535999996
node_cons: 10371.440342242866
tot_aggregated_send: 7076
tot_msg_rcv: 208
tot_msg_sent: 403
tot_reconf_duration: 5.57
tot_sleeping_duration: 497420.3398399979
tot_uptimes: 130
tot_uptimes_duration: 7740.0121600021375
