comms_cons: 237.32601598742187
finished_reconf: true
global_termination_time: 2356513.981
local_termination_time: 50904.202200000036
node_cons: 48479.45067006467
tot_aggregated_send: 32190
tot_msg_rcv: 1282
tot_msg_sent: 2599
tot_reconf_duration: 25.299999999999997
tot_sleeping_duration: 2320333.926280011
tot_uptimes: 604
tot_uptimes_duration: 36180.05471998901
