comms_cons: 127.71975038293304
finished_reconf: true
global_termination_time: 1225442.45
local_termination_time: 156638.49936000005
node_cons: 25155.013368939293
tot_aggregated_send: 15950
tot_msg_rcv: 1251
tot_msg_sent: 2211
tot_reconf_duration: 6.279999999999999
tot_sleeping_duration: 1206662.4013600156
tot_uptimes: 314
tot_uptimes_duration: 18780.04863998451
