comms_cons: 124.4721663927968
finished_reconf: true
global_termination_time: 1223578.167
local_termination_time: 595366.9111599983
node_cons: 25161.803403350452
tot_aggregated_send: 16762
tot_msg_rcv: 765
tot_msg_sent: 1394
tot_reconf_duration: 11.31
tot_sleeping_duration: 1204798.148760007
tot_uptimes: 314
tot_uptimes_duration: 18780.018239992904
