comms_cons: 36.969152001010876
finished_reconf: true
global_termination_time: 356142.02
local_termination_time: 43924.364600000015
node_cons: 7328.849283362019
tot_aggregated_send: 4582
tot_msg_rcv: 350
tot_msg_sent: 687
tot_reconf_duration: 13.17
tot_sleeping_duration: 350682.0017599985
tot_uptimes: 92
tot_uptimes_duration: 5460.018240001504
