comms_cons: 60.52276480145079
finished_reconf: true
global_termination_time: 596073.36
local_termination_time: 160603.96372000012
node_cons: 12220.248945607169
tot_aggregated_send: 8004
tot_msg_rcv: 382
tot_msg_sent: 815
tot_reconf_duration: 6.279999999999999
tot_sleeping_duration: 586953.3295999946
tot_uptimes: 153
tot_uptimes_duration: 9120.030400005344
