comms_cons: 60.489791999696315
finished_reconf: true
global_termination_time: 594909.401
local_termination_time: 262376.13436
node_cons: 12217.66604335965
tot_aggregated_send: 7946
tot_msg_rcv: 377
tot_msg_sent: 871
tot_reconf_duration: 4.390000000000001
tot_sleeping_duration: 585789.3827600002
tot_uptimes: 153
tot_uptimes_duration: 9120.018239999772
