comms_cons: 61.41213439756549
finished_reconf: true
global_termination_time: 593055.882
local_termination_time: 72077.37247999996
node_cons: 12139.81118336431
tot_aggregated_send: 7772
tot_msg_rcv: 575
tot_msg_sent: 988
tot_reconf_duration: 6.22
tot_sleeping_duration: 583995.8637599967
tot_uptimes: 152
tot_uptimes_duration: 9060.018240003206
