comms_cons: 61.08787199951324
finished_reconf: true
global_termination_time: 595004.485
local_termination_time: 288480.4645200004
node_cons: 12232.536143359745
tot_aggregated_send: 7946
tot_msg_rcv: 480
tot_msg_sent: 859
tot_reconf_duration: 15.34
tot_sleeping_duration: 585884.4667600002
tot_uptimes: 153
tot_uptimes_duration: 9120.018239999772
