comms_cons: 29.5800832000237
finished_reconf: true
global_termination_time: 302512.697
local_termination_time: 59594.73860000011
node_cons: 6194.7082400000045
tot_aggregated_send: 4408
tot_msg_rcv: 35
tot_msg_sent: 53
tot_reconf_duration: 6.279999999999999
tot_sleeping_duration: 297892.697
tot_uptimes: 78
tot_uptimes_duration: 4620.0
