comms_cons: 29.92878079992573
finished_reconf: true
global_termination_time: 306205.162
local_termination_time: 81617.68619999962
node_cons: 6272.481620000006
tot_aggregated_send: 4466
tot_msg_rcv: 29
tot_msg_sent: 54
tot_reconf_duration: 4.390000000000001
tot_sleeping_duration: 301525.162
tot_uptimes: 79
tot_uptimes_duration: 4680.0
