comms_cons: 0.8552959999995424
finished_reconf: true
global_termination_time: 4416.383
local_termination_time: 636.1273599999998
node_cons: 88.86823999999996
tot_aggregated_send: 0
tot_msg_rcv: 77
tot_msg_sent: 53
tot_reconf_duration: 6.279999999999999
tot_sleeping_duration: 4356.383
tot_uptimes: 2
tot_uptimes_duration: 60.0
