comms_cons: 0.8816128000019656
finished_reconf: true
global_termination_time: 4658.795
local_termination_time: 1575.1683600000001
node_cons: 95.21009999999976
tot_aggregated_send: 0
tot_msg_rcv: 84
tot_msg_sent: 50
tot_reconf_duration: 10.95
tot_sleeping_duration: 4598.795
tot_uptimes: 2
tot_uptimes_duration: 60.0
