comms_cons: 377.66049283333416
finished_reconf: true
global_termination_time: 3790085.724
local_termination_time: 695205.1897199998
node_cons: 77938.36080446577
tot_aggregated_send: 52432
tot_msg_rcv: 1715
tot_msg_sent: 3257
tot_reconf_duration: 6.279999999999999
tot_sleeping_duration: 3731885.6996800094
tot_uptimes: 971
tot_uptimes_duration: 58200.02431999077
