comms_cons: 375.10568962438765
finished_reconf: true
global_termination_time: 3789818.11
local_termination_time: 2776803.52836
node_cons: 77947.6848599983
tot_aggregated_send: 54288
tot_msg_rcv: 936
tot_msg_sent: 1789
tot_reconf_duration: 13.17
tot_sleeping_duration: 3731618.1099999994
tot_uptimes: 971
tot_uptimes_duration: 58200.00000000023
