comms_cons: 380.7987712500546
finished_reconf: true
global_termination_time: 3789230.206
local_termination_time: 1445136.5935199982
node_cons: 77936.35640334898
tot_aggregated_send: 52606
tot_msg_rcv: 1617
tot_msg_sent: 3657
tot_reconf_duration: 4.8100000000000005
tot_sleeping_duration: 3731030.1877600066
tot_uptimes: 971
tot_uptimes_duration: 58200.01823999314
