comms_cons: 119.56963199562234
finished_reconf: true
global_termination_time: 855369.676
local_termination_time: 282025.9674000004
node_cons: 17600.991980000024
tot_aggregated_send: 0
tot_msg_rcv: 9180
tot_msg_sent: 8994
tot_reconf_duration: 4.8100000000000005
tot_sleeping_duration: 842229.676
tot_uptimes: 220
tot_uptimes_duration: 13140.0
