comms_cons: 39.667276800537444
finished_reconf: true
global_termination_time: 389898.786
local_termination_time: 182952.36336000005
node_cons: 7964.29584224284
tot_aggregated_send: 5046
tot_msg_rcv: 292
tot_msg_sent: 691
tot_reconf_duration: 7.819999999999999
tot_sleeping_duration: 383958.7738399979
tot_uptimes: 100
tot_uptimes_duration: 5940.0121600021375
