comms_cons: 38.32944640005207
finished_reconf: true
global_termination_time: 389376.0243200007
local_termination_time: 236261.794
node_cons: 8031.874960722438
tot_aggregated_send: 5443
tot_msg_rcv: 56
tot_msg_sent: 326
tot_reconf_duration: 11.31
tot_sleeping_duration: 383389.0818399989
tot_uptimes: 100
tot_uptimes_duration: 5986.942480001817
