comms_cons: 439.46778244087534
finished_reconf: true
global_termination_time: 4439345.316
local_termination_time: 2006588.92136
node_cons: 91287.12056669989
tot_aggregated_send: 60668
tot_msg_rcv: 2070
tot_msg_sent: 4057
tot_reconf_duration: 15.34
tot_sleeping_duration: 4371185.279520012
tot_uptimes: 1137
tot_uptimes_duration: 68160.03647998674
