comms_cons: 449.20174089697696
finished_reconf: true
global_termination_time: 4438029.670119996
local_termination_time: 51299.30160000001
node_cons: 91318.78155196796
tot_aggregated_send: 60842
tot_msg_rcv: 2448
tot_msg_sent: 4985
tot_reconf_duration: 22.65
tot_sleeping_duration: 4369853.402120018
tot_uptimes: 1137
tot_uptimes_duration: 68176.26799997792
