comms_cons: 438.78936325674385
finished_reconf: true
global_termination_time: 4438908.345
local_termination_time: 1912905.7764799998
node_cons: 91273.65464558253
tot_aggregated_send: 60726
tot_msg_rcv: 2018
tot_msg_sent: 3949
tot_reconf_duration: 5.43
tot_sleeping_duration: 4370748.31460001
tot_uptimes: 1137
tot_uptimes_duration: 68160.03039998887
