comms_cons: 104.10577279294868
finished_reconf: true
global_termination_time: 1026470.03624
local_termination_time: 57949.05948
node_cons: 21098.94740830852
tot_aggregated_send: 13340
tot_msg_rcv: 863
tot_msg_sent: 1620
tot_reconf_duration: 22.65
tot_sleeping_duration: 1010735.7653600087
tot_uptimes: 263
tot_uptimes_duration: 15734.27087999141
