comms_cons: 215.39831038542138
finished_reconf: true
global_termination_time: 2129392.155239997
local_termination_time: 44804.46548000001
node_cons: 43830.482137187195
tot_aggregated_send: 29348
tot_msg_rcv: 1187
tot_msg_sent: 2205
tot_reconf_duration: 18.21
tot_sleeping_duration: 2096676.8804400063
tot_uptimes: 546
tot_uptimes_duration: 32715.27479999076
