comms_cons: 207.44217599301794
finished_reconf: true
global_termination_time: 2131739.093
local_termination_time: 1507967.6533599999
node_cons: 43792.68208111631
tot_aggregated_send: 30218
tot_msg_rcv: 491
tot_msg_sent: 821
tot_reconf_duration: 5.43
tot_sleeping_duration: 2099039.0869200025
tot_uptimes: 546
tot_uptimes_duration: 32700.006079997635
