comms_cons: 1288.638595554986
finished_reconf: true
global_termination_time: 6534563.245599997
local_termination_time: 3050.16248
node_cons: 134454.14289286066
tot_aggregated_send: 0
tot_msg_rcv: 98827
tot_msg_sent: 97032
tot_reconf_duration: 18.21
tot_sleeping_duration: 6434167.865680008
tot_uptimes: 1674
tot_uptimes_duration: 100395.3799199888
