comms_cons: 642.9863745056803
finished_reconf: true
global_termination_time: 6535084.074
local_termination_time: 3666456.6985199996
node_cons: 134416.40848334748
tot_aggregated_send: 90074
tot_msg_rcv: 2839
tot_msg_sent: 4817
tot_reconf_duration: 5.57
tot_sleeping_duration: 6434704.055760006
tot_uptimes: 1674
tot_uptimes_duration: 100380.0182399936
