comms_cons: 646.6160193127599
finished_reconf: true
global_termination_time: 6535858.79
local_termination_time: 1928676.9033599999
node_cons: 134424.22782669828
tot_aggregated_send: 90712
tot_msg_rcv: 2522
tot_msg_sent: 5047
tot_reconf_duration: 11.31
tot_sleeping_duration: 6435478.753520014
tot_uptimes: 1674
tot_uptimes_duration: 100380.03647998697
