comms_cons: 643.1872640903432
finished_reconf: true
global_termination_time: 6536130.876
local_termination_time: 1972331.205879998
node_cons: 134416.22650446382
tot_aggregated_send: 90944
tot_msg_rcv: 2229
tot_msg_sent: 4588
tot_reconf_duration: 5.43
tot_sleeping_duration: 6435750.85168001
tot_uptimes: 1674
tot_uptimes_duration: 100380.02431999124
