comms_cons: 336.8357885376433
finished_reconf: true
global_termination_time: 1708890.586
local_termination_time: 578264.3944799999
node_cons: 35117.108171168395
tot_aggregated_send: 0
tot_msg_rcv: 25842
tot_msg_sent: 25356
tot_reconf_duration: 6.22
tot_sleeping_duration: 1682670.5252000235
tot_uptimes: 438
tot_uptimes_duration: 26220.060799976345
