comms_cons: 174.74680318675632
finished_reconf: true
global_termination_time: 1712549.463
local_termination_time: 644582.227759999
node_cons: 35196.34278670545
tot_aggregated_send: 23374
tot_msg_rcv: 1151
tot_msg_sent: 2037
tot_reconf_duration: 5.43
tot_sleeping_duration: 1686269.4265200107
tot_uptimes: 439
tot_uptimes_duration: 26280.03647998924
