comms_cons: 303.0135165791215
finished_reconf: true
global_termination_time: 2119041.714
local_termination_time: 333805.5882400005
node_cons: 43575.09558069522
tot_aggregated_send: 0
tot_msg_rcv: 23438
tot_msg_sent: 22620
tot_reconf_duration: 22.65
tot_sleeping_duration: 2086521.6715200185
tot_uptimes: 543
tot_uptimes_duration: 32520.04247998178
