comms_cons: 209.29676158949707
finished_reconf: true
global_termination_time: 2116072.16
local_termination_time: 575112.0367199988
node_cons: 43476.732359999645
tot_aggregated_send: 30102
tot_msg_rcv: 555
tot_msg_sent: 1154
tot_reconf_duration: 9.42
tot_sleeping_duration: 2083612.1600000001
tot_uptimes: 542
tot_uptimes_duration: 32460.0
