comms_cons: 209.14416639471278
finished_reconf: true
global_termination_time: 2114649.459
local_termination_time: 494465.5144400007
node_cons: 43481.091539999594
tot_aggregated_send: 30624
tot_msg_rcv: 475
tot_msg_sent: 690
tot_reconf_duration: 12.629999999999999
tot_sleeping_duration: 2082189.4589999998
tot_uptimes: 542
tot_uptimes_duration: 32460.0
