comms_cons: 212.51795838385618
finished_reconf: true
global_termination_time: 2115917.612
local_termination_time: 333786.54548000003
node_cons: 43469.93418446685
tot_aggregated_send: 28942
tot_msg_rcv: 1141
tot_msg_sent: 2218
tot_reconf_duration: 4.390000000000001
tot_sleeping_duration: 2083457.5876800097
tot_uptimes: 542
tot_uptimes_duration: 32460.024319990538
