comms_cons: 51.71909120131247
finished_reconf: true
global_termination_time: 505242.466
local_termination_time: 218025.16736000005
node_cons: 10372.323042242877
tot_aggregated_send: 6728
tot_msg_rcv: 382
tot_msg_sent: 751
tot_reconf_duration: 6.22
tot_sleeping_duration: 497502.4538399979
tot_uptimes: 130
tot_uptimes_duration: 7740.0121600021375
