comms_cons: 49.69927680030337
finished_reconf: true
global_termination_time: 505893.315
local_termination_time: 482458.30036000005
node_cons: 10379.21898000001
tot_aggregated_send: 7250
tot_msg_rcv: 122
tot_msg_sent: 182
tot_reconf_duration: 11.31
tot_sleeping_duration: 498153.315
tot_uptimes: 130
tot_uptimes_duration: 7740.0
