comms_cons: 68.7551487997486
finished_reconf: true
global_termination_time: 668741.907
local_termination_time: 32459.827360000003
node_cons: 13745.12278784202
tot_aggregated_send: 9048
tot_msg_rcv: 522
tot_msg_sent: 882
tot_reconf_duration: 5.1
tot_sleeping_duration: 658481.8644399985
tot_uptimes: 172
tot_uptimes_duration: 10260.042560001493
