comms_cons: 68.08682239914671
finished_reconf: true
global_termination_time: 671320.57
local_termination_time: 361478.81336000003
node_cons: 13744.70454448113
tot_aggregated_send: 8874
tot_msg_rcv: 429
tot_msg_sent: 1047
tot_reconf_duration: 4.8100000000000005
tot_sleeping_duration: 661060.5456799992
tot_uptimes: 172
tot_uptimes_duration: 10260.024320000834
