comms_cons: 67.80523519708282
finished_reconf: true
global_termination_time: 666980.68
local_termination_time: 382129.65336000005
node_cons: 13670.608642242858
tot_aggregated_send: 9164
tot_msg_rcv: 452
tot_msg_sent: 690
tot_reconf_duration: 9.42
tot_sleeping_duration: 656780.6678399979
tot_uptimes: 171
tot_uptimes_duration: 10200.012160002138
