comms_cons: 266.7010304231371
finished_reconf: true
global_termination_time: 2810970.309
local_termination_time: 1777.71924
node_cons: 57850.204805583766
tot_aggregated_send: 38976
tot_msg_rcv: 511
tot_msg_sent: 1050
tot_reconf_duration: 3.95
tot_sleeping_duration: 2767770.278600011
tot_uptimes: 720
tot_uptimes_duration: 43200.03039998864
