comms_cons: 15.415692799926214
finished_reconf: true
global_termination_time: 145418.601
local_termination_time: 8695.493320000001
node_cons: 2979.128262240303
tot_aggregated_send: 1740
tot_msg_rcv: 199
tot_msg_sent: 404
tot_reconf_duration: 4.8100000000000005
tot_sleeping_duration: 143198.58883999978
tot_uptimes: 38
tot_uptimes_duration: 2220.012160000224
