comms_cons: 195.29063039328165
finished_reconf: true
global_termination_time: 1975050.645
local_termination_time: 536923.9583599999
node_cons: 40582.3195599998
tot_aggregated_send: 28420
tot_msg_rcv: 511
tot_msg_sent: 752
tot_reconf_duration: 7.819999999999999
tot_sleeping_duration: 1944750.645
tot_uptimes: 506
tot_uptimes_duration: 30300.0
