comms_cons: 84.97606399614722
finished_reconf: true
global_termination_time: 834954.456
local_termination_time: 454509.2603600001
node_cons: 17118.99268559338
tot_aggregated_send: 11368
tot_msg_rcv: 558
tot_msg_sent: 990
tot_reconf_duration: 4.8100000000000005
tot_sleeping_duration: 822174.425600005
tot_uptimes: 214
tot_uptimes_duration: 12780.030399995041
