comms_cons: 86.85012479407438
finished_reconf: true
global_termination_time: 839026.548
local_termination_time: 520585.90136
node_cons: 17198.74604335046
tot_aggregated_send: 11194
tot_msg_rcv: 786
tot_msg_sent: 1220
tot_reconf_duration: 4.390000000000001
tot_sleeping_duration: 826186.529760007
tot_uptimes: 215
tot_uptimes_duration: 12840.018239992904
