comms_cons: 86.85456639333594
finished_reconf: true
global_termination_time: 835118.829
local_termination_time: 281611.0560000009
node_cons: 17120.891183357402
tot_aggregated_send: 10904
tot_msg_rcv: 846
tot_msg_sent: 1452
tot_reconf_duration: 6.22
tot_sleeping_duration: 822338.810760002
tot_uptimes: 214
tot_uptimes_duration: 12780.01823999807
