comms_cons: 84.98762239575223
finished_reconf: true
global_termination_time: 835698.249
local_termination_time: 582896.6649199983
node_cons: 17213.608002233643
tot_aggregated_send: 11426
tot_msg_rcv: 512
tot_msg_sent: 979
tot_reconf_duration: 15.34
tot_sleeping_duration: 822858.2368400047
tot_uptimes: 215
tot_uptimes_duration: 12840.012159995269
