comms_cons: 231.7332095752348
finished_reconf: true
global_termination_time: 2308476.437
local_termination_time: 333558.4215600007
node_cons: 47487.55339117234
tot_aggregated_send: 30856
tot_msg_rcv: 1368
tot_msg_sent: 2999
tot_reconf_duration: 4.8100000000000005
tot_sleeping_duration: 2273016.37620002
tot_uptimes: 592
tot_uptimes_duration: 35460.06079997978
