comms_cons: 231.99852157359692
finished_reconf: true
global_termination_time: 2305987.914
local_termination_time: 421344.69236000004
node_cons: 47409.12003005547
tot_aggregated_send: 30508
tot_msg_rcv: 1595
tot_msg_sent: 3160
tot_reconf_duration: 6.22
tot_sleeping_duration: 2270587.8592800177
tot_uptimes: 591
tot_uptimes_duration: 35400.054719982145
