comms_cons: 235.18874236802046
finished_reconf: true
global_termination_time: 2306122.962
local_termination_time: 441445.25236000004
node_cons: 47415.99968558358
tot_aggregated_send: 30160
tot_msg_rcv: 1872
tot_msg_sent: 3715
tot_reconf_duration: 11.31
tot_sleeping_duration: 2270722.931600012
tot_uptimes: 591
tot_uptimes_duration: 35400.03039998817
