comms_cons: 370.57344001625887
finished_reconf: true
global_termination_time: 3726358.738
local_termination_time: 974239.6595999998
node_cons: 76664.87937999812
tot_aggregated_send: 53128
tot_msg_rcv: 1061
tot_msg_sent: 2136
tot_reconf_duration: 15.110000000000001
tot_sleeping_duration: 3669118.738
tot_uptimes: 955
tot_uptimes_duration: 57240.0
