comms_cons: 370.5100160379835
finished_reconf: true
global_termination_time: 3727343.311
local_termination_time: 1014122.8693599999
node_cons: 76661.51153999816
tot_aggregated_send: 52954
tot_msg_rcv: 1004
tot_msg_sent: 2357
tot_reconf_duration: 12.629999999999999
tot_sleeping_duration: 3670103.311
tot_uptimes: 955
tot_uptimes_duration: 57240.0
