comms_cons: 378.218432061728
finished_reconf: true
global_termination_time: 3727328.159
local_termination_time: 868879.2746399982
node_cons: 76648.62401675165
tot_aggregated_send: 49474
tot_msg_rcv: 2831
tot_msg_sent: 5181
tot_reconf_duration: 3.05
tot_sleeping_duration: 3670088.067800035
tot_uptimes: 955
tot_uptimes_duration: 57240.091199965216
