comms_cons: 382.6584896730485
finished_reconf: true
global_termination_time: 3726032.78
local_termination_time: 345786.54736
node_cons: 76651.85605675586
tot_aggregated_send: 49416
tot_msg_rcv: 2916
tot_msg_sent: 5827
tot_reconf_duration: 5.43
tot_sleeping_duration: 3668792.6888000313
tot_uptimes: 955
tot_uptimes_duration: 57240.09119996842
