comms_cons: 121.89186559080545
finished_reconf: true
global_termination_time: 1196825.921
local_termination_time: 5226.151000000001
node_cons: 24590.92228895081
tot_aggregated_send: 16119
tot_msg_rcv: 831
tot_msg_sent: 1577
tot_reconf_duration: 5.02
tot_sleeping_duration: 1178465.872360007
tot_uptimes: 307
tot_uptimes_duration: 18360.04863999311
