comms_cons: 117.21847679328356
finished_reconf: true
global_termination_time: 1194205.236
local_termination_time: 4920.049
node_cons: 24520.31648111919
tot_aggregated_send: 16517
tot_msg_rcv: 494
tot_msg_sent: 805
tot_reconf_duration: 12.23
tot_sleeping_duration: 1175905.2299200008
tot_uptimes: 306
tot_uptimes_duration: 18300.006079999366
