comms_cons: 235.66224643396862
finished_reconf: true
global_termination_time: 489210.979
local_termination_time: 32903.795480000015
node_cons: 29586.20774272411
tot_aggregated_send: 0
tot_msg_rcv: 14490
tot_msg_sent: 21329
tot_reconf_duration: 18.21
tot_sleeping_duration: 467133.69851999695
tot_uptimes: 366
tot_uptimes_duration: 22077.280480003035
