comms_cons: 251.49649918915952
finished_reconf: true
global_termination_time: 2513184.208119997
local_termination_time: 159046.3594400002
node_cons: 51709.76031526373
tot_aggregated_send: 34800
tot_msg_rcv: 1116
tot_msg_sent: 2310
tot_reconf_duration: 22.65
tot_sleeping_duration: 2474588.9866000083
tot_uptimes: 644
tot_uptimes_duration: 38595.22151998844
