comms_cons: 251.1981055768898
finished_reconf: true
global_termination_time: 2514117.824
local_termination_time: 261697.54712000093
node_cons: 51664.606043354346
tot_aggregated_send: 34452
tot_msg_rcv: 1331
tot_msg_sent: 2398
tot_reconf_duration: 4.390000000000001
tot_sleeping_duration: 2475537.8057600036
tot_uptimes: 644
tot_uptimes_duration: 38580.01823999634
