comms_cons: 245.05196158627982
finished_reconf: true
global_termination_time: 2514251.912
local_termination_time: 649457.2860399993
node_cons: 51669.25584223298
tot_aggregated_send: 35090
tot_msg_rcv: 763
tot_msg_sent: 1394
tot_reconf_duration: 7.819999999999999
tot_sleeping_duration: 2475671.8998400047
tot_uptimes: 644
tot_uptimes_duration: 38580.01215999527
