comms_cons: 242.70668799618912
finished_reconf: true
global_termination_time: 2513584.808
local_termination_time: 1512894.53436
node_cons: 51673.97897999931
tot_aggregated_send: 35902
tot_msg_rcv: 285
tot_msg_sent: 703
tot_reconf_duration: 11.31
tot_sleeping_duration: 2475004.808
tot_uptimes: 644
tot_uptimes_duration: 38580.0
