comms_cons: 1.8089471999926796
finished_reconf: true
global_termination_time: 14602.277
local_termination_time: 7486.90936
node_cons: 249.54824000000212
tot_aggregated_send: 0
tot_msg_rcv: 161
tot_msg_sent: 114
tot_reconf_duration: 6.279999999999999
tot_sleeping_duration: 14422.277
tot_uptimes: 4
tot_uptimes_duration: 180.0
