comms_cons: 35.94152959991671
finished_reconf: true
global_termination_time: 10674.539240000002
local_termination_time: 2863.2532400000077
node_cons: 4574.344605600014
tot_aggregated_send: 0
tot_msg_rcv: 2856
tot_msg_sent: 2604
tot_reconf_duration: 5.57
tot_sleeping_duration: 7263.948839999992
tot_uptimes: 48
tot_uptimes_duration: 3410.5904000000105
