comms_cons: 1.6184831999972922
finished_reconf: true
global_termination_time: 13748.535
local_termination_time: 6052.714320000003
node_cons: 247.9458000000005
tot_aggregated_send: 0
tot_msg_rcv: 132
tot_msg_sent: 114
tot_reconf_duration: 5.1
tot_sleeping_duration: 13568.535
tot_uptimes: 4
tot_uptimes_duration: 180.0
