comms_cons: 1.6836863999974698
finished_reconf: true
global_termination_time: 10722.778
local_termination_time: 4908.2573600000005
node_cons: 168.0539400000004
tot_aggregated_send: 0
tot_msg_rcv: 144
tot_msg_sent: 111
tot_reconf_duration: 5.43
tot_sleeping_duration: 10602.778
tot_uptimes: 3
tot_uptimes_duration: 120.0
