comms_cons: 15.172044799891868
finished_reconf: true
global_termination_time: 118088.463
local_termination_time: 98365.23159999996
node_cons: 2417.5983633597452
tot_aggregated_send: 1160
tot_msg_rcv: 560
tot_msg_sent: 586
tot_reconf_duration: 5.43
tot_sleeping_duration: 116288.4447600002
tot_uptimes: 31
tot_uptimes_duration: 1800.0182399998012
