comms_cons: 2262.8856623007073
finished_reconf: true
global_termination_time: 4673538.6376
local_termination_time: 4673538.59648
node_cons: 284352.183091477
tot_aggregated_send: 0
tot_msg_rcv: 138796
tot_msg_sent: 205153
tot_reconf_duration: 37.410000000000004
tot_sleeping_duration: 4461214.97792003
tot_uptimes: 3487
tot_uptimes_duration: 212323.65967997012
