comms_cons: 467.8273856759712
finished_reconf: true
global_termination_time: 4675751.303
local_termination_time: 1554314.67236
node_cons: 96177.99878446599
tot_aggregated_send: 65192
tot_msg_rcv: 2167
tot_msg_sent: 3748
tot_reconf_duration: 8.09
tot_sleeping_duration: 4603931.278680009
tot_uptimes: 1198
tot_uptimes_duration: 71820.02431999147
