comms_cons: 468.46673909597683
finished_reconf: true
global_termination_time: 2379879.6815999974
local_termination_time: 608.0413599999999
node_cons: 48972.3747517515
tot_aggregated_send: 0
tot_msg_rcv: 35881
tot_msg_sent: 35321
tot_reconf_duration: 18.21
tot_sleeping_duration: 2343324.307760003
tot_uptimes: 610
tot_uptimes_duration: 36555.373839994136
