comms_cons: 470.03668470056897
finished_reconf: true
global_termination_time: 2384464.818
local_termination_time: 482.1484799999999
node_cons: 49025.32556558811
tot_aggregated_send: 0
tot_msg_rcv: 36060
tot_msg_sent: 35380
tot_reconf_duration: 13.17
tot_sleeping_duration: 2347864.787600009
tot_uptimes: 611
tot_uptimes_duration: 36600.03039999161
