comms_cons: 396.04312306781844
finished_reconf: true
global_termination_time: 924216.417
local_termination_time: 353862.9306000001
node_cons: 55876.03979848514
tot_aggregated_send: 0
tot_msg_rcv: 24361
tot_msg_sent: 35836
tot_reconf_duration: 18.21
tot_sleeping_duration: 882505.2066799955
tot_uptimes: 688
tot_uptimes_duration: 41711.21032000451
