comms_cons: 161.70517754642879
finished_reconf: true
global_termination_time: 924536.483
local_termination_time: 354727.4313600001
node_cons: 18991.006841116894
tot_aggregated_send: 0
tot_msg_rcv: 12404
tot_msg_sent: 12174
tot_reconf_duration: 22.65
tot_sleeping_duration: 910376.4769200024
tot_uptimes: 237
tot_uptimes_duration: 14160.006079997635
