comms_cons: 90.46756479949678
finished_reconf: true
global_termination_time: 926844.277
local_termination_time: 458189.58536
node_cons: 19046.541619999967
tot_aggregated_send: 12818
tot_msg_rcv: 300
tot_msg_sent: 632
tot_reconf_duration: 4.390000000000001
tot_sleeping_duration: 912624.277
tot_uptimes: 238
tot_uptimes_duration: 14220.0
