comms_cons: 2.6382591999912814
finished_reconf: true
global_termination_time: 16319.989
local_termination_time: 8607.806359999999
node_cons: 328.7339399999979
tot_aggregated_send: 0
tot_msg_rcv: 230
tot_msg_sent: 171
tot_reconf_duration: 5.43
tot_sleeping_duration: 16079.989
tot_uptimes: 5
tot_uptimes_duration: 240.0
