comms_cons: 231.68236798772907
finished_reconf: true
global_termination_time: 2289558.665
local_termination_time: 1355957.96736
node_cons: 47100.09614335004
tot_aggregated_send: 31378
tot_msg_rcv: 1301
tot_msg_sent: 2535
tot_reconf_duration: 15.34
tot_sleeping_duration: 2254398.6467600074
tot_uptimes: 587
tot_uptimes_duration: 35160.0182399929
