comms_cons: 230.31407999714705
finished_reconf: true
global_termination_time: 2286193.948
local_termination_time: 1082807.534879999
node_cons: 47007.45266334997
tot_aggregated_send: 31668
tot_msg_rcv: 1094
tot_msg_sent: 2242
tot_reconf_duration: 6.279999999999999
tot_sleeping_duration: 2251093.9297600067
tot_uptimes: 586
tot_uptimes_duration: 35100.0182399929
