comms_cons: 231.04364798644036
finished_reconf: true
global_termination_time: 2286882.519
local_termination_time: 449459.18036000006
node_cons: 47033.314387817256
tot_aggregated_send: 31784
tot_msg_rcv: 1202
tot_msg_sent: 2133
tot_reconf_duration: 25.299999999999997
tot_sleeping_duration: 2251782.4764400166
tot_uptimes: 586
tot_uptimes_duration: 35100.04255998344
