comms_cons: 592.1502654982343
finished_reconf: true
global_termination_time: 686492.168
local_termination_time: 205261.86240000083
node_cons: 68262.54081090682
tot_aggregated_send: 0
tot_msg_rcv: 40763
tot_msg_sent: 49241
tot_reconf_duration: 15.34
tot_sleeping_duration: 635527.486079979
tot_uptimes: 823
tot_uptimes_duration: 50964.68192002102
