comms_cons: 137.8197631758962
finished_reconf: true
global_termination_time: 687992.189
local_termination_time: 206185.95636000004
node_cons: 14150.492124485714
tot_aggregated_send: 0
tot_msg_rcv: 10739
tot_msg_sent: 10209
tot_reconf_duration: 7.819999999999999
tot_sleeping_duration: 677432.1646799957
tot_uptimes: 177
tot_uptimes_duration: 10560.024320004275
