comms_cons: 0.7500287999995991
finished_reconf: true
global_termination_time: 4962.491
local_termination_time: 312.50935999999996
node_cons: 88.78676000000004
tot_aggregated_send: 0
tot_msg_rcv: 61
tot_msg_sent: 53
tot_reconf_duration: 6.22
tot_sleeping_duration: 4902.491
tot_uptimes: 2
tot_uptimes_duration: 60.0
