comms_cons: 118.62819838800364
finished_reconf: true
global_termination_time: 1150228.22
local_termination_time: 5453.791
node_cons: 23625.421793420457
tot_aggregated_send: 14727
tot_msg_rcv: 1141
tot_msg_sent: 2164
tot_reconf_duration: 3.95
tot_sleeping_duration: 1132588.1470400146
tot_uptimes: 295
tot_uptimes_duration: 17640.07295998538
