comms_cons: 112.01758718732928
finished_reconf: true
global_termination_time: 1149544.827
local_termination_time: 6483.62
node_cons: 23654.442287822458
tot_aggregated_send: 14881
tot_msg_rcv: 796
tot_msg_sent: 1349
tot_reconf_duration: 25.35
tot_sleeping_duration: 1131904.7844400133
tot_uptimes: 295
tot_uptimes_duration: 17640.042559986876
