comms_cons: 71.61414400061693
finished_reconf: true
global_termination_time: 692508.43824
local_termination_time: 209468.3516800007
node_cons: 14265.34585496722
tot_aggregated_send: 8990
tot_msg_rcv: 680
tot_msg_sent: 1216
tot_reconf_duration: 18.21
tot_sleeping_duration: 681873.1755999946
tot_uptimes: 178
tot_uptimes_duration: 10635.262640005385
