comms_cons: 122.41635839397026
finished_reconf: true
global_termination_time: 697257.703
local_termination_time: 261909.42560000008
node_cons: 14309.072663355193
tot_aggregated_send: 0
tot_msg_rcv: 9550
tot_msg_sent: 9061
tot_reconf_duration: 6.279999999999999
tot_sleeping_duration: 686577.6847600036
tot_uptimes: 179
tot_uptimes_duration: 10680.018239996396
