comms_cons: 71.21514239769651
finished_reconf: true
global_termination_time: 692911.692
local_termination_time: 271391.4178000007
node_cons: 14240.723803359695
tot_aggregated_send: 9164
tot_msg_rcv: 566
tot_msg_sent: 1095
tot_reconf_duration: 15.110000000000001
tot_sleeping_duration: 682291.6737600003
tot_uptimes: 178
tot_uptimes_duration: 10620.018239999772
