comms_cons: 70.30435839670855
finished_reconf: true
global_termination_time: 694481.324
local_termination_time: 462674.93036000006
node_cons: 14232.988642238264
tot_aggregated_send: 9164
tot_msg_rcv: 425
tot_msg_sent: 1096
tot_reconf_duration: 9.42
tot_sleeping_duration: 683861.3118400013
tot_uptimes: 178
tot_uptimes_duration: 10620.012159998703
