comms_cons: 70.51646079872418
finished_reconf: true
global_termination_time: 693895.003
local_termination_time: 315493.5491200009
node_cons: 14243.714233681174
tot_aggregated_send: 9512
tot_msg_rcv: 456
tot_msg_sent: 751
tot_reconf_duration: 11.899999999999999
tot_sleeping_duration: 683269.4958799991
tot_uptimes: 178
tot_uptimes_duration: 10625.507120000897
