comms_cons: 69.2670528003159
finished_reconf: true
global_termination_time: 694730.715
local_termination_time: 291344.7559200007
node_cons: 14235.57154448574
tot_aggregated_send: 8468
tot_msg_rcv: 666
tot_msg_sent: 1395
tot_reconf_duration: 11.31
tot_sleeping_duration: 684110.6906799957
tot_uptimes: 178
tot_uptimes_duration: 10620.024320004275
