comms_cons: 44.292428801056644
finished_reconf: true
global_termination_time: 419436.472
local_termination_time: 16769.74548
node_cons: 8616.931944485734
tot_aggregated_send: 5336
tot_msg_rcv: 534
tot_msg_sent: 862
tot_reconf_duration: 15.110000000000001
tot_sleeping_duration: 413016.44767999573
tot_uptimes: 108
tot_uptimes_duration: 6420.024320004275
