comms_cons: 41.62562560049929
finished_reconf: true
global_termination_time: 416764.343
local_termination_time: 62921.72848000001
node_cons: 8528.84864224059
tot_aggregated_send: 5684
tot_msg_rcv: 185
tot_msg_sent: 457
tot_reconf_duration: 9.42
tot_sleeping_duration: 410404.33083999954
tot_uptimes: 107
tot_uptimes_duration: 6360.012160000435
