comms_cons: 41.98908160074794
finished_reconf: true
global_termination_time: 420246.038
local_termination_time: 159361.44160000008
node_cons: 8603.77022224286
tot_aggregated_send: 5742
tot_msg_rcv: 178
tot_msg_sent: 463
tot_reconf_duration: 5.43
tot_sleeping_duration: 413826.02583999786
tot_uptimes: 108
tot_uptimes_duration: 6420.012160002137
