comms_cons: 271.42095999023275
finished_reconf: true
global_termination_time: 2667925.312
local_termination_time: 191870.45848000006
node_cons: 54903.10895788221
tot_aggregated_send: 35844
tot_msg_rcv: 1918
tot_msg_sent: 3494
tot_reconf_duration: 22.65
tot_sleeping_duration: 2626945.2147200275
tot_uptimes: 684
tot_uptimes_duration: 40980.097279972455
