comms_cons: 267.4948415928569
finished_reconf: true
global_termination_time: 2666534.103
local_termination_time: 779982.1961599994
node_cons: 54800.35118335002
tot_aggregated_send: 35902
tot_msg_rcv: 1785
tot_msg_sent: 2971
tot_reconf_duration: 6.22
tot_sleeping_duration: 2625614.084760007
tot_uptimes: 683
tot_uptimes_duration: 40920.01823999314
