comms_cons: 257.3980415932427
finished_reconf: true
global_termination_time: 2807855.596
local_termination_time: 4163.844
node_cons: 57851.6364415899
tot_aggregated_send: 38217
tot_msg_rcv: 338
tot_msg_sent: 568
tot_reconf_duration: 5.02
tot_sleeping_duration: 2764655.5816000067
tot_uptimes: 720
tot_uptimes_duration: 43200.01439999323
