comms_cons: 260.39157759612976
finished_reconf: true
global_termination_time: 2808880.796
local_termination_time: 5864.157
node_cons: 57852.77960111579
tot_aggregated_send: 39028
tot_msg_rcv: 188
tot_msg_sent: 362
tot_reconf_duration: 5.87
tot_sleeping_duration: 2765680.7899200027
tot_uptimes: 720
tot_uptimes_duration: 43200.006079997635
