comms_cons: 268.57383039548546
finished_reconf: true
global_termination_time: 2809984.356
local_termination_time: 5640.636
node_cons: 57849.93594223262
tot_aggregated_send: 38913
tot_msg_rcv: 569
tot_msg_sent: 1339
tot_reconf_duration: 3.77
tot_sleeping_duration: 2766784.343840005
tot_uptimes: 720
tot_uptimes_duration: 43200.01215999527
