comms_cons: 38.273292800505075
finished_reconf: true
global_termination_time: 385153.826
local_termination_time: 132210.96036000008
node_cons: 7907.685541121464
tot_aggregated_send: 5220
tot_msg_rcv: 213
tot_msg_sent: 385
tot_reconf_duration: 25.299999999999997
tot_sleeping_duration: 379273.81991999893
tot_uptimes: 99
tot_uptimes_duration: 5880.006080001069
