comms_cons: 38.66595840112257
finished_reconf: true
global_termination_time: 384162.148
local_termination_time: 151659.04336000004
node_cons: 7884.322502242866
tot_aggregated_send: 5046
tot_msg_rcv: 252
tot_msg_sent: 579
tot_reconf_duration: 8.09
tot_sleeping_duration: 378282.13583999785
tot_uptimes: 99
tot_uptimes_duration: 5880.0121600021375
