comms_cons: 39.29818880067526
finished_reconf: true
global_termination_time: 382016.01024000015
local_termination_time: 118817.63535999997
node_cons: 7844.150951603093
tot_aggregated_send: 4988
tot_msg_rcv: 412
tot_msg_sent: 572
tot_reconf_duration: 22.65
tot_sleeping_duration: 376180.76583999785
tot_uptimes: 98
tot_uptimes_duration: 5835.244400002295
