comms_cons: 524.923750488783
finished_reconf: true
global_termination_time: 5278507.545
local_termination_time: 1119573.8239599988
node_cons: 108560.21242558167
tot_aggregated_send: 73196
tot_msg_rcv: 2330
tot_msg_sent: 4259
tot_reconf_duration: 15.34
tot_sleeping_duration: 5197447.5146000115
tot_uptimes: 1352
tot_uptimes_duration: 81060.03039998864
