comms_cons: 2.164556799995158
finished_reconf: true
global_termination_time: 14746.19548
local_termination_time: 14746.15436
node_cons: 292.7716598400071
tot_aggregated_send: 0
tot_msg_rcv: 160
tot_msg_sent: 168
tot_reconf_duration: 24.59
tot_sleeping_duration: 14552.484919999995
tot_uptimes: 4
tot_uptimes_duration: 193.710560000005
