comms_cons: 75.09751039998949
finished_reconf: true
global_termination_time: 615961.1195999997
local_termination_time: 615961.0784799998
node_cons: 12713.775787540902
tot_aggregated_send: 5800
tot_msg_rcv: 2295
tot_msg_sent: 3320
tot_reconf_duration: 60.21999999999999
tot_sleeping_duration: 606527.2159199842
tot_uptimes: 158
tot_uptimes_duration: 9433.903680015603
