comms_cons: 61.52248319885879
finished_reconf: true
global_termination_time: 620175.62
local_termination_time: 5209.889999999999
node_cons: 12723.16958111917
tot_aggregated_send: 8737
tot_msg_rcv: 206
tot_msg_sent: 408
tot_reconf_duration: 21.68
tot_sleeping_duration: 610695.6139200006
tot_uptimes: 159
tot_uptimes_duration: 9480.006079999366
