comms_cons: 61.65271039941966
finished_reconf: true
global_termination_time: 618627.229
local_termination_time: 6796.478
node_cons: 12700.55344224288
tot_aggregated_send: 8695
tot_msg_rcv: 209
tot_msg_sent: 466
tot_reconf_duration: 5.02
tot_sleeping_duration: 609147.2168399979
tot_uptimes: 159
tot_uptimes_duration: 9480.012160002138
