comms_cons: 60.706278400203715
finished_reconf: true
global_termination_time: 620282.505
local_termination_time: 4788.199
node_cons: 12726.2196422406
tot_aggregated_send: 8851
tot_msg_rcv: 84
tot_msg_sent: 292
tot_reconf_duration: 23.919999999999998
tot_sleeping_duration: 610802.4928399996
tot_uptimes: 159
tot_uptimes_duration: 9480.012160000435
