comms_cons: 60.78522880037414
finished_reconf: true
global_termination_time: 619096.016
local_termination_time: 5617.146
node_cons: 12709.65204224288
tot_aggregated_send: 8978
tot_msg_rcv: 85
tot_msg_sent: 176
tot_reconf_duration: 11.719999999999999
tot_sleeping_duration: 609616.0038399978
tot_uptimes: 159
tot_uptimes_duration: 9480.012160002138
