comms_cons: 60.726015999730485
finished_reconf: true
global_termination_time: 619966.531
local_termination_time: 6429.674
node_cons: 12708.055041120026
tot_aggregated_send: 8921
tot_msg_rcv: 84
tot_msg_sent: 225
tot_reconf_duration: 10.55
tot_sleeping_duration: 610486.52492
tot_uptimes: 159
tot_uptimes_duration: 9480.006080000006
