comms_cons: 782.9174714022794
finished_reconf: true
global_termination_time: 1621919.5886
local_termination_time: 1621919.54748
node_cons: 98193.8232775908
tot_aggregated_send: 0
tot_msg_rcv: 48190
tot_msg_sent: 70807
tot_reconf_duration: 37.410000000000004
tot_sleeping_duration: 1548623.8302000049
tot_uptimes: 1202
tot_uptimes_duration: 73295.75839999506
