comms_cons: 164.64127998988434
finished_reconf: true
global_termination_time: 1627991.952
local_termination_time: 245245.75340000037
node_cons: 33430.02522782245
tot_aggregated_send: 22156
tot_msg_rcv: 890
tot_msg_sent: 1979
tot_reconf_duration: 6.279999999999999
tot_sleeping_duration: 1603031.909440013
tot_uptimes: 417
tot_uptimes_duration: 24960.042559986876
