comms_cons: 161.43383039325934
finished_reconf: true
global_termination_time: 1621969.875
local_termination_time: 282281.23136000003
node_cons: 33375.457400000014
tot_aggregated_send: 23258
tot_msg_rcv: 491
tot_msg_sent: 788
tot_reconf_duration: 25.299999999999997
tot_sleeping_duration: 1597069.875
tot_uptimes: 416
tot_uptimes_duration: 24900.0
