comms_cons: 159.32848639808282
finished_reconf: true
global_termination_time: 1623521.468
local_termination_time: 825225.8569599997
node_cons: 33353.47138000001
tot_aggregated_send: 23490
tot_msg_rcv: 262
tot_msg_sent: 465
tot_reconf_duration: 9.11
tot_sleeping_duration: 1598621.468
tot_uptimes: 416
tot_uptimes_duration: 24900.0
