comms_cons: 321.2261757562434
finished_reconf: true
global_termination_time: 1627793.151
local_termination_time: 3334.3083600000004
node_cons: 33452.24754670448
tot_aggregated_send: 0
tot_msg_rcv: 24701
tot_msg_sent: 24121
tot_reconf_duration: 22.65
tot_sleeping_duration: 1602833.1145200117
tot_uptimes: 417
tot_uptimes_duration: 24960.03647998839
