comms_cons: 164.23965438835265
finished_reconf: true
global_termination_time: 1622994.896
local_termination_time: 15998.125360000004
node_cons: 33345.29888781786
tot_aggregated_send: 22214
tot_msg_rcv: 884
tot_msg_sent: 1865
tot_reconf_duration: 3.05
tot_sleeping_duration: 1598094.8534400165
tot_uptimes: 416
tot_uptimes_duration: 24900.04255998344
