comms_cons: 20.11261440003735
finished_reconf: true
global_termination_time: 192350.64
local_termination_time: 104560.26475999948
node_cons: 3943.208262240581
tot_aggregated_send: 2378
tot_msg_rcv: 217
tot_msg_sent: 462
tot_reconf_duration: 4.8100000000000005
tot_sleeping_duration: 189410.62783999956
tot_uptimes: 50
tot_uptimes_duration: 2940.012160000435
