comms_cons: 46.59292159991638
finished_reconf: true
global_termination_time: 474524.678
local_termination_time: 64359.958360000004
node_cons: 9725.322640000006
tot_aggregated_send: 6844
tot_msg_rcv: 65
tot_msg_sent: 172
tot_reconf_duration: 3.08
tot_sleeping_duration: 467264.678
tot_uptimes: 122
tot_uptimes_duration: 7260.0
