comms_cons: 46.62021120039727
finished_reconf: true
global_termination_time: 469664.121
local_termination_time: 46271.56236000001
node_cons: 9653.171380000013
tot_aggregated_send: 6670
tot_msg_rcv: 134
tot_msg_sent: 282
tot_reconf_duration: 9.11
tot_sleeping_duration: 462464.121
tot_uptimes: 121
tot_uptimes_duration: 7200.0
