comms_cons: 46.13790720010709
finished_reconf: true
global_termination_time: 471689.217
local_termination_time: 224043.4575600007
node_cons: 9657.95154000002
tot_aggregated_send: 6844
tot_msg_rcv: 64
tot_msg_sent: 105
tot_reconf_duration: 12.629999999999999
tot_sleeping_duration: 464489.217
tot_uptimes: 121
tot_uptimes_duration: 7200.0
