comms_cons: 46.791897600380956
finished_reconf: true
global_termination_time: 470565.383
local_termination_time: 159218.57336000004
node_cons: 9656.158980000007
tot_aggregated_send: 6728
tot_msg_rcv: 161
tot_msg_sent: 223
tot_reconf_duration: 11.31
tot_sleeping_duration: 463365.383
tot_uptimes: 121
tot_uptimes_duration: 7200.0
