comms_cons: 38.36331520052896
finished_reconf: true
global_termination_time: 381987.463
local_termination_time: 71999.99483999965
node_cons: 7810.873001121418
tot_aggregated_send: 5220
tot_msg_rcv: 214
tot_msg_sent: 397
tot_reconf_duration: 13.17
tot_sleeping_duration: 376167.4569199989
tot_uptimes: 98
tot_uptimes_duration: 5820.006080001054
