comms_cons: 37.402752000301035
finished_reconf: true
global_termination_time: 378120.476
local_termination_time: 119426.04735999997
node_cons: 7723.259560000019
tot_aggregated_send: 5220
tot_msg_rcv: 124
tot_msg_sent: 341
tot_reconf_duration: 7.819999999999999
tot_sleeping_duration: 372360.476
tot_uptimes: 97
tot_uptimes_duration: 5760.0
