comms_cons: 37.93421440019017
finished_reconf: true
global_termination_time: 381332.863
local_termination_time: 109778.64835999998
node_cons: 7808.347121121456
tot_aggregated_send: 5220
tot_msg_rcv: 148
tot_msg_sent: 397
tot_reconf_duration: 11.31
tot_sleeping_duration: 375512.85691999894
tot_uptimes: 98
tot_uptimes_duration: 5820.006080001069
