comms_cons: 261.18588158733473
finished_reconf: true
global_termination_time: 2630401.12
local_termination_time: 1613612.8943599998
node_cons: 54081.62050111586
tot_aggregated_send: 37294
tot_msg_rcv: 851
tot_msg_sent: 1553
tot_reconf_duration: 9.42
tot_sleeping_duration: 2590021.1139200027
tot_uptimes: 674
tot_uptimes_duration: 40380.006079997635
