comms_cons: 265.3765247835598
finished_reconf: true
global_termination_time: 2631209.795
local_termination_time: 983708.95236
node_cons: 54077.31560670026
tot_aggregated_send: 34452
tot_msg_rcv: 1913
tot_msg_sent: 3971
tot_reconf_duration: 6.22
tot_sleeping_duration: 2590829.758520014
tot_uptimes: 674
tot_uptimes_duration: 40380.03647998581
