comms_cons: 269.16278400514983
finished_reconf: true
global_termination_time: 2629300.757479998
local_termination_time: 20713.27148
node_cons: 54153.42059812286
tot_aggregated_send: 35322
tot_msg_rcv: 1977
tot_msg_sent: 3611
tot_reconf_duration: 11.31
tot_sleeping_duration: 2588869.046040025
tot_uptimes: 674
tot_uptimes_duration: 40431.71143997292
