comms_cons: 259.95012477441077
finished_reconf: true
global_termination_time: 2632368.085
local_termination_time: 1130798.7933999994
node_cons: 54170.044101663145
tot_aggregated_send: 34858
tot_msg_rcv: 1636
tot_msg_sent: 3017
tot_reconf_duration: 15.34
tot_sleeping_duration: 2591928.045880012
tot_uptimes: 675
tot_uptimes_duration: 40440.03911998798
