comms_cons: 273.86619520055086
finished_reconf: true
global_termination_time: 2730968.418
local_termination_time: 258620.33536000006
node_cons: 56188.47568782605
tot_aggregated_send: 37468
tot_msg_rcv: 1421
tot_msg_sent: 2737
tot_reconf_duration: 22.65
tot_sleeping_duration: 2689028.37544001
tot_uptimes: 700
tot_uptimes_duration: 41940.04255999031
