comms_cons: 272.3954495993481
finished_reconf: true
global_termination_time: 2730423.539
local_termination_time: 267602.421
node_cons: 56164.67669798456
tot_aggregated_send: 37697
tot_msg_rcv: 1203
tot_msg_sent: 2503
tot_reconf_duration: 4.8100000000000005
tot_sleeping_duration: 2688483.177000011
tot_uptimes: 700
tot_uptimes_duration: 41940.361999989196
