comms_cons: 272.6157311954886
finished_reconf: true
global_termination_time: 2733730.108
local_termination_time: 477548.90664000035
node_cons: 56243.9941844663
tot_aggregated_send: 37758
tot_msg_rcv: 1242
tot_msg_sent: 2436
tot_reconf_duration: 4.390000000000001
tot_sleeping_duration: 2691730.0836800095
tot_uptimes: 701
tot_uptimes_duration: 42000.02431999054
