comms_cons: 268.6031743892489
finished_reconf: true
global_termination_time: 2733965.465
local_termination_time: 1522637.45936
node_cons: 56248.63584223278
tot_aggregated_send: 38222
tot_msg_rcv: 923
tot_msg_sent: 1680
tot_reconf_duration: 7.819999999999999
tot_sleeping_duration: 2691965.4528400046
tot_uptimes: 701
tot_uptimes_duration: 42000.01215999527
