comms_cons: 213.55826558333544
finished_reconf: true
global_termination_time: 2137377.101
local_termination_time: 564414.9478399998
node_cons: 43952.53640335014
tot_aggregated_send: 29290
tot_msg_rcv: 1134
tot_msg_sent: 2035
tot_reconf_duration: 4.8100000000000005
tot_sleeping_duration: 2104557.0827600067
tot_uptimes: 548
tot_uptimes_duration: 32820.0182399929
