comms_cons: 210.83704318095613
finished_reconf: true
global_termination_time: 2135588.893
local_termination_time: 619169.6388399997
node_cons: 43951.966043350076
tot_aggregated_send: 28942
tot_msg_rcv: 999
tot_msg_sent: 2105
tot_reconf_duration: 4.390000000000001
tot_sleeping_duration: 2102768.8747600075
tot_uptimes: 547
tot_uptimes_duration: 32820.0182399929
