comms_cons: 213.62662398212794
finished_reconf: true
global_termination_time: 2137448.641
local_termination_time: 1039681.5974799998
node_cons: 43953.37836334998
tot_aggregated_send: 29522
tot_msg_rcv: 1089
tot_msg_sent: 1859
tot_reconf_duration: 5.43
tot_sleeping_duration: 2104628.622760007
tot_uptimes: 548
tot_uptimes_duration: 32820.0182399929
