comms_cons: 167.74223358957576
finished_reconf: true
global_termination_time: 1673385.073
local_termination_time: 762723.2243599999
node_cons: 34394.06452223368
tot_aggregated_send: 23316
tot_msg_rcv: 748
tot_msg_sent: 1433
tot_reconf_duration: 6.279999999999999
tot_sleeping_duration: 1647705.0608400048
tot_uptimes: 429
tot_uptimes_duration: 25680.01215999527
