comms_cons: 167.65678078650262
finished_reconf: true
global_termination_time: 1671783.401
local_termination_time: 288237.86036000005
node_cons: 34419.918105584125
tot_aggregated_send: 23200
tot_msg_rcv: 731
tot_msg_sent: 1552
tot_reconf_duration: 25.299999999999997
tot_sleeping_duration: 1646103.370600012
tot_uptimes: 429
tot_uptimes_duration: 25680.030399988173
