comms_cons: 168.76305919085894
finished_reconf: true
global_termination_time: 1674415.912
local_termination_time: 1220851.360119999
node_cons: 34400.90340335056
tot_aggregated_send: 23316
tot_msg_rcv: 833
tot_msg_sent: 1502
tot_reconf_duration: 11.31
tot_sleeping_duration: 1648735.893760007
tot_uptimes: 429
tot_uptimes_duration: 25680.018239992904
