comms_cons: 266.6944511999925
finished_reconf: true
global_termination_time: 2810820.314
local_termination_time: 6295.989999999999
node_cons: 57859.68367999898
tot_aggregated_send: 40473
tot_msg_rcv: 5
tot_msg_sent: 58
tot_reconf_duration: 10.96
tot_sleeping_duration: 2767620.314
tot_uptimes: 720
tot_uptimes_duration: 43200.000000000015
