comms_cons: 1.532953599997575
finished_reconf: true
global_termination_time: 17949.172
local_termination_time: 4170.861360000001
node_cons: 329.80676000000034
tot_aggregated_send: 0
tot_msg_rcv: 120
tot_msg_sent: 113
tot_reconf_duration: 6.22
tot_sleeping_duration: 17709.172
tot_uptimes: 5
tot_uptimes_duration: 240.0
