comms_cons: 2.190873599995998
finished_reconf: true
global_termination_time: 15028.85648
local_termination_time: 15028.81536
node_cons: 292.7716598400069
tot_aggregated_send: 0
tot_msg_rcv: 164
tot_msg_sent: 168
tot_reconf_duration: 24.59
tot_sleeping_duration: 14835.145919999995
tot_uptimes: 4
tot_uptimes_duration: 193.710560000005
