comms_cons: 21.84855039982364
finished_reconf: true
global_termination_time: 213332.181
local_termination_time: 55786.803440000134
node_cons: 4351.152360000001
tot_aggregated_send: 2900
tot_msg_rcv: 196
tot_msg_sent: 225
tot_reconf_duration: 9.42
tot_sleeping_duration: 210092.181
tot_uptimes: 55
tot_uptimes_duration: 3240.0
