comms_cons: 21.36266240050607
finished_reconf: true
global_termination_time: 211490.07
local_termination_time: 192286.359
node_cons: 4361.208933202775
tot_aggregated_send: 2842
tot_msg_rcv: 118
tot_msg_sent: 287
tot_reconf_duration: 10.95
tot_sleeping_duration: 208244.11119999792
tot_uptimes: 55
tot_uptimes_duration: 3245.9588000020885
