comms_cons: 173.2480511786679
finished_reconf: true
global_termination_time: 1693293.456
local_termination_time: 215882.35336000004
node_cons: 34808.108707826985
tot_aggregated_send: 22562
tot_msg_rcv: 1222
tot_msg_sent: 2548
tot_reconf_duration: 15.34
tot_sleeping_duration: 1667313.4134400096
tot_uptimes: 434
tot_uptimes_duration: 25980.042559990314
