comms_cons: 168.97359359220854
finished_reconf: true
global_termination_time: 1692324.897
local_termination_time: 276058.2973200002
node_cons: 34821.57739999995
tot_aggregated_send: 23838
tot_msg_rcv: 593
tot_msg_sent: 1252
tot_reconf_duration: 25.299999999999997
tot_sleeping_duration: 1666344.897
tot_uptimes: 434
tot_uptimes_duration: 25980.0
