comms_cons: 169.04596479064006
finished_reconf: true
global_termination_time: 1690991.969
local_termination_time: 706022.3833599999
node_cons: 34799.59137999994
tot_aggregated_send: 24070
tot_msg_rcv: 588
tot_msg_sent: 1036
tot_reconf_duration: 9.11
tot_sleeping_duration: 1665011.969
tot_uptimes: 434
tot_uptimes_duration: 25980.0
