comms_cons: 173.20351358451572
finished_reconf: true
global_termination_time: 1691140.98
local_termination_time: 419634.56336000003
node_cons: 34793.83467661651
tot_aggregated_send: 22562
tot_msg_rcv: 1201
tot_msg_sent: 2564
tot_reconf_duration: 4.8100000000000005
tot_sleeping_duration: 1665160.9182400175
tot_uptimes: 434
tot_uptimes_duration: 25980.06175998249
