comms_cons: 172.47435518333282
finished_reconf: true
global_termination_time: 1690135.8921200002
local_termination_time: 46985.12448000002
node_cons: 34750.86943422208
tot_aggregated_send: 22794
tot_msg_rcv: 1198
tot_msg_sent: 2223
tot_reconf_duration: 4.390000000000001
tot_sleeping_duration: 1664187.4919600135
tot_uptimes: 433
tot_uptimes_duration: 25948.40015998663
