comms_cons: 197.80162558733932
finished_reconf: true
global_termination_time: 1978327.7122400003
local_termination_time: 71080.9965999997
node_cons: 40725.5816215937
tot_aggregated_send: 27666
tot_msg_rcv: 782
tot_msg_sent: 1616
tot_reconf_duration: 18.21
tot_sleeping_duration: 1947931.2578400047
tot_uptimes: 507
tot_uptimes_duration: 30396.454399995506
