comms_cons: 808.8306681747815
finished_reconf: true
global_termination_time: 1979850.921
local_termination_time: 1423262.9745999996
node_cons: 120279.26144822987
tot_aggregated_send: 0
tot_msg_rcv: 49679
tot_msg_sent: 73259
tot_reconf_duration: 4.390000000000001
tot_sleeping_duration: 1890027.694840005
tot_uptimes: 1467
tot_uptimes_duration: 89823.22615999513
