comms_cons: 262.28541441687327
finished_reconf: true
global_termination_time: 2591406.123
local_termination_time: 1213622.19936
node_cons: 53276.14539451801
tot_aggregated_send: 34046
tot_msg_rcv: 1920
tot_msg_sent: 3899
tot_reconf_duration: 7.819999999999999
tot_sleeping_duration: 2551626.0439600307
tot_uptimes: 664
tot_uptimes_duration: 39780.07903996919
