comms_cons: 211.31732479072446
finished_reconf: true
global_termination_time: 2146139.594
local_termination_time: 1418760.90636
node_cons: 44124.544859999456
tot_aggregated_send: 30566
tot_msg_rcv: 504
tot_msg_sent: 1049
tot_reconf_duration: 13.17
tot_sleeping_duration: 2113199.594
tot_uptimes: 550
tot_uptimes_duration: 32940.0
