comms_cons: 377.12229729034806
finished_reconf: true
global_termination_time: 2149128.356
local_termination_time: 635759.9043599999
node_cons: 44193.58082670063
tot_aggregated_send: 0
tot_msg_rcv: 29058
tot_msg_sent: 28266
tot_reconf_duration: 4.8100000000000005
tot_sleeping_duration: 2116128.3195200143
tot_uptimes: 551
tot_uptimes_duration: 33000.03647998581
