comms_cons: 212.83054078872135
finished_reconf: true
global_termination_time: 2146974.658
local_termination_time: 1047361.4326799985
node_cons: 44122.820199999594
tot_aggregated_send: 30566
tot_msg_rcv: 518
tot_msg_sent: 1265
tot_reconf_duration: 11.899999999999999
tot_sleeping_duration: 2114034.658
tot_uptimes: 550
tot_uptimes_duration: 32940.0
