comms_cons: 218.8419775729179
finished_reconf: true
global_termination_time: 2145925.8082399885
local_termination_time: 74421.17147999998
node_cons: 44195.28027611021
tot_aggregated_send: 28594
tot_msg_rcv: 1607
tot_msg_sent: 3060
tot_reconf_duration: 11.31
tot_sleeping_duration: 2112931.0948000257
tot_uptimes: 550
tot_uptimes_duration: 32994.71343996312
