comms_cons: 218.68419837354597
finished_reconf: true
global_termination_time: 2150202.201
local_termination_time: 1109239.51336
node_cons: 44207.88870781749
tot_aggregated_send: 28072
tot_msg_rcv: 1684
tot_msg_sent: 3482
tot_reconf_duration: 15.34
tot_sleeping_duration: 2117202.1584400167
tot_uptimes: 551
tot_uptimes_duration: 33000.04255998344
