comms_cons: 217.6356351916052
finished_reconf: true
global_termination_time: 2209827.862
local_termination_time: 994589.2313199996
node_cons: 45396.282639999445
tot_aggregated_send: 31552
tot_msg_rcv: 541
tot_msg_sent: 986
tot_reconf_duration: 3.08
tot_sleeping_duration: 2175927.862
tot_uptimes: 566
tot_uptimes_duration: 33900.0
