comms_cons: 309.50843521992897
finished_reconf: true
global_termination_time: 3107175.784
local_termination_time: 986775.0073599999
node_cons: 63878.85266334955
tot_aggregated_send: 43500
tot_msg_rcv: 1189
tot_msg_sent: 2354
tot_reconf_duration: 6.279999999999999
tot_sleeping_duration: 3059475.765760007
tot_uptimes: 796
tot_uptimes_duration: 47700.01823999314
