comms_cons: 309.4144512163718
finished_reconf: true
global_termination_time: 3111236.93
local_termination_time: 53060.71760000002
node_cons: 63985.059261785354
tot_aggregated_send: 43616
tot_msg_rcv: 1047
tot_msg_sent: 2366
tot_reconf_duration: 25.299999999999997
tot_sleeping_duration: 3063476.88380001
tot_uptimes: 797
tot_uptimes_duration: 47760.04619999003
