comms_cons: 609.9014789328382
finished_reconf: true
global_termination_time: 3105145.4255999974
local_termination_time: 1186.3030400000014
node_cons: 63908.76229062942
tot_aggregated_send: 0
tot_msg_rcv: 46587
tot_msg_sent: 46112
tot_reconf_duration: 13.17
tot_sleeping_duration: 3057430.0578400046
tot_uptimes: 796
tot_uptimes_duration: 47715.36775999307
