comms_cons: 302.45400318133176
finished_reconf: true
global_termination_time: 3106356.046
local_termination_time: 596219.1965199992
node_cons: 63874.49074669976
tot_aggregated_send: 42804
tot_msg_rcv: 948
tot_msg_sent: 2219
tot_reconf_duration: 3.05
tot_sleeping_duration: 3058656.0095200143
tot_uptimes: 796
tot_uptimes_duration: 47700.03647998581
