comms_cons: 1.5263743999949575
finished_reconf: true
global_termination_time: 16697.261
local_termination_time: 7118.30436
node_cons: 328.9240599999996
tot_aggregated_send: 0
tot_msg_rcv: 119
tot_msg_sent: 113
tot_reconf_duration: 5.57
tot_sleeping_duration: 16457.261
tot_uptimes: 5
tot_uptimes_duration: 240.0
