comms_cons: 1.993497599993413
finished_reconf: true
global_termination_time: 14641.49
local_termination_time: 10735.952360000001
node_cons: 258.9048600000001
tot_aggregated_send: 0
tot_msg_rcv: 159
tot_msg_sent: 144
tot_reconf_duration: 13.17
tot_sleeping_duration: 14461.49
tot_uptimes: 4
tot_uptimes_duration: 180.0
