comms_cons: 30.50117119989959
finished_reconf: true
global_termination_time: 316576.311
local_termination_time: 106228.63663999976
node_cons: 6538.2987000000185
tot_aggregated_send: 4408
tot_msg_rcv: 70
tot_msg_sent: 157
tot_reconf_duration: 22.65
tot_sleeping_duration: 311716.311
tot_uptimes: 82
tot_uptimes_duration: 4860.0
