comms_cons: 31.165670400129457
finished_reconf: true
global_termination_time: 319688.8
local_termination_time: 91583.35363999975
node_cons: 6511.690041121422
tot_aggregated_send: 4292
tot_msg_rcv: 152
tot_msg_sent: 293
tot_reconf_duration: 3.05
tot_sleeping_duration: 314828.7939199989
tot_uptimes: 82
tot_uptimes_duration: 4860.006080001069
