comms_cons: 2.861951999990542
finished_reconf: true
global_termination_time: 17338.723
local_termination_time: 6609.03348
node_cons: 346.0891800000013
tot_aggregated_send: 0
tot_msg_rcv: 276
tot_msg_sent: 159
tot_reconf_duration: 18.21
tot_sleeping_duration: 17098.722999999998
tot_uptimes: 5
tot_uptimes_duration: 240.0
