comms_cons: 53.06845440050535
finished_reconf: true
global_termination_time: 536719.637
local_termination_time: 478182.04636000004
node_cons: 11021.947121121442
tot_aggregated_send: 7540
tot_msg_rcv: 169
tot_msg_sent: 358
tot_reconf_duration: 11.31
tot_sleeping_duration: 528499.6309199989
tot_uptimes: 138
tot_uptimes_duration: 8220.006080001069
