comms_cons: 1254.3562775356966
finished_reconf: true
global_termination_time: 4306593.099
local_termination_time: 2527445.6324799997
node_cons: 175665.4609119103
tot_aggregated_send: 0
tot_msg_rcv: 63901
tot_msg_sent: 126755
tot_reconf_duration: 18.21
tot_sleeping_duration: 4175420.0357200033
tot_uptimes: 2169
tot_uptimes_duration: 131173.06327999724
