comms_cons: 435.12015367999516
finished_reconf: true
global_termination_time: 4304512.196
local_termination_time: 2722100.438479999
node_cons: 88560.10716446616
tot_aggregated_send: 59682
tot_msg_rcv: 2229
tot_msg_sent: 4223
tot_reconf_duration: 18.700000000000003
tot_sleeping_duration: 4238392.171680009
tot_uptimes: 1103
tot_uptimes_duration: 66120.02431999124
