comms_cons: 433.50901768018434
finished_reconf: true
global_termination_time: 4304195.966
local_termination_time: 473408.786
node_cons: 88557.43645213211
tot_aggregated_send: 60017
tot_msg_rcv: 1977
tot_msg_sent: 3897
tot_reconf_duration: 15.34
tot_sleeping_duration: 4238074.528560019
tot_uptimes: 1103
tot_uptimes_duration: 66121.43743998092
