comms_cons: 9.395724799962451
finished_reconf: true
global_termination_time: 83830.951
local_termination_time: 65246.171360000015
node_cons: 1707.6756622394432
tot_aggregated_send: 696
tot_msg_rcv: 332
tot_msg_sent: 400
tot_reconf_duration: 15.110000000000001
tot_sleeping_duration: 82570.93884000041
tot_uptimes: 22
tot_uptimes_duration: 1260.0121599995837
