comms_cons: 10.981311999931103
finished_reconf: true
global_termination_time: 82530.754
local_termination_time: 29162.459480000005
node_cons: 1717.931264480027
tot_aggregated_send: 290
tot_msg_rcv: 559
tot_msg_sent: 821
tot_reconf_duration: 22.65
tot_sleeping_duration: 81270.72967999997
tot_uptimes: 22
tot_uptimes_duration: 1260.0243200000186
