comms_cons: 34.68679679961913
finished_reconf: true
global_termination_time: 338077.335
local_termination_time: 64208.95636000001
node_cons: 6924.623403357458
tot_aggregated_send: 4524
tot_msg_rcv: 290
tot_msg_sent: 460
tot_reconf_duration: 11.31
tot_sleeping_duration: 332917.31676000194
tot_uptimes: 87
tot_uptimes_duration: 5160.018239998099
