comms_cons: 162.93388799671635
finished_reconf: true
global_termination_time: 1689583.119
local_termination_time: 6972.9710000000005
node_cons: 34716.9373411214
tot_aggregated_send: 24236
tot_msg_rcv: 171
tot_msg_sent: 358
tot_reconf_duration: 7.3999999999999995
tot_sleeping_duration: 1663663.112919999
tot_uptimes: 433
tot_uptimes_duration: 25920.00608000107
