comms_cons: 164.9343999951487
finished_reconf: true
global_termination_time: 1686598.143
local_termination_time: 5789.548
node_cons: 34636.447961121405
tot_aggregated_send: 24294
tot_msg_rcv: 298
tot_msg_sent: 477
tot_reconf_duration: 7.29
tot_sleeping_duration: 1660738.136919999
tot_uptimes: 432
tot_uptimes_duration: 25860.00608000107
