comms_cons: 164.40762879721012
finished_reconf: true
global_termination_time: 1685957.964
local_termination_time: 4771.951
node_cons: 34636.16278111912
tot_aggregated_send: 24468
tot_msg_rcv: 175
tot_msg_sent: 346
tot_reconf_duration: 7.08
tot_sleeping_duration: 1660097.9579200004
tot_uptimes: 432
tot_uptimes_duration: 25860.006079999366
