comms_cons: 766.3242370212934
finished_reconf: true
global_termination_time: 7664797.993
local_termination_time: 3122751.171279998
node_cons: 157645.02184781423
tot_aggregated_send: 105038
tot_msg_rcv: 4170
tot_msg_sent: 7268
tot_reconf_duration: 13.17
tot_sleeping_duration: 7547077.950440015
tot_uptimes: 1963
tot_uptimes_duration: 117720.04255998484
