comms_cons: 748.7615296890964
finished_reconf: true
global_termination_time: 7661055.667
local_termination_time: 4729308.6513600005
node_cons: 157561.62638222918
tot_aggregated_send: 106372
tot_msg_rcv: 2391
tot_msg_sent: 5043
tot_reconf_duration: 10.95
tot_sleeping_duration: 7543395.654840005
tot_uptimes: 1962
tot_uptimes_duration: 117660.01215999573
