comms_cons: 771.1330690108883
finished_reconf: true
global_termination_time: 7661650.406
local_termination_time: 782440.1677199987
node_cons: 157633.131172282
tot_aggregated_send: 106894
tot_msg_rcv: 3621
tot_msg_sent: 6691
tot_reconf_duration: 4.390000000000001
tot_sleeping_duration: 7543930.339120025
tot_uptimes: 1963
tot_uptimes_duration: 117720.06687997561
