comms_cons: 768.7629378016255
finished_reconf: true
global_termination_time: 7661643.318
local_termination_time: 802551.7543599999
node_cons: 157631.30331116522
tot_aggregated_send: 106430
tot_msg_rcv: 3606
tot_msg_sent: 6811
tot_reconf_duration: 3.05
tot_sleeping_duration: 7543923.257200022
tot_uptimes: 1963
tot_uptimes_duration: 117720.06079997797
