comms_cons: 576.5346499740535
finished_reconf: true
global_termination_time: 4163268.947
local_termination_time: 1435466.82136
node_cons: 85657.82426030864
tot_aggregated_send: 0
tot_msg_rcv: 44188
tot_msg_sent: 43441
tot_reconf_duration: 11.31
tot_sleeping_duration: 4099308.9281200073
tot_uptimes: 1067
tot_uptimes_duration: 63960.01887999312
