comms_cons: 408.96557440694903
finished_reconf: true
global_termination_time: 4164203.547
local_termination_time: 1549060.3904799998
node_cons: 85649.83022223166
tot_aggregated_send: 58290
tot_msg_rcv: 1315
tot_msg_sent: 2556
tot_reconf_duration: 5.43
tot_sleeping_duration: 4100243.534840004
tot_uptimes: 1067
tot_uptimes_duration: 63960.0121599955
