comms_cons: 41.685811200028326
finished_reconf: true
global_termination_time: 418953.6639600002
local_termination_time: 418940.32836000004
node_cons: 8648.961787440301
tot_aggregated_send: 6032
tot_msg_rcv: 122
tot_msg_sent: 182
tot_reconf_duration: 11.31
tot_sleeping_duration: 412505.865
tot_uptimes: 108
tot_uptimes_duration: 6447.798960000219
