comms_cons: 54.68035839952469
finished_reconf: true
global_termination_time: 552831.317
local_termination_time: 115035.031
node_cons: 11368.579555919394
tot_aggregated_send: 7886
tot_msg_rcv: 148
tot_msg_sent: 278
tot_reconf_duration: 22.65
tot_sleeping_duration: 544363.9377200005
tot_uptimes: 142
tot_uptimes_duration: 8467.379279999528
