comms_cons: 54.63430400042683
finished_reconf: true
global_termination_time: 553736.735
local_termination_time: 142615.37548000008
node_cons: 11335.504060000025
tot_aggregated_send: 7888
tot_msg_rcv: 131
tot_msg_sent: 285
tot_reconf_duration: 5.57
tot_sleeping_duration: 545276.735
tot_uptimes: 142
tot_uptimes_duration: 8460.0
