comms_cons: 373.64592642150734
finished_reconf: true
global_termination_time: 3777834.291
local_termination_time: 1512678.48048
node_cons: 77699.79064334935
tot_aggregated_send: 52664
tot_msg_rcv: 1357
tot_msg_sent: 2771
tot_reconf_duration: 8.09
tot_sleeping_duration: 3719814.2727600066
tot_uptimes: 968
tot_uptimes_duration: 58020.01823999337
