comms_cons: 372.1882112162711
finished_reconf: true
global_termination_time: 3778356.06
local_termination_time: 1294564.643
node_cons: 77701.61306558311
tot_aggregated_send: 53648
tot_msg_rcv: 1007
tot_msg_sent: 1917
tot_reconf_duration: 9.42
tot_sleeping_duration: 3720336.029600011
tot_uptimes: 968
tot_uptimes_duration: 58020.03039998887
