comms_cons: 377.2467712340153
finished_reconf: true
global_termination_time: 3780699.77
local_termination_time: 278353.29436000006
node_cons: 77786.31224558322
tot_aggregated_send: 52954
tot_msg_rcv: 1543
tot_msg_sent: 2843
tot_reconf_duration: 12.629999999999999
tot_sleeping_duration: 3722619.739600011
tot_uptimes: 969
tot_uptimes_duration: 58080.03039998887
