comms_cons: 380.90947205407434
finished_reconf: true
global_termination_time: 3778792.493
local_termination_time: 275229.49936
node_cons: 77714.25601117715
tot_aggregated_send: 52026
tot_msg_rcv: 2016
tot_msg_sent: 3853
tot_reconf_duration: 18.700000000000003
tot_sleeping_duration: 3720772.4322000155
tot_uptimes: 968
tot_uptimes_duration: 58020.06079998438
