comms_cons: 50.67299840076876
finished_reconf: true
global_termination_time: 497180.835
local_termination_time: 145152.98968000073
node_cons: 10210.744060000023
tot_aggregated_send: 6728
tot_msg_rcv: 354
tot_msg_sent: 620
tot_reconf_duration: 5.57
tot_sleeping_duration: 489560.835
tot_uptimes: 128
tot_uptimes_duration: 7620.0
