comms_cons: 50.930214400753435
finished_reconf: true
global_termination_time: 498278.937
local_termination_time: 247989.94952000084
node_cons: 10219.685126402554
tot_aggregated_send: 6670
tot_msg_rcv: 385
tot_msg_sent: 687
tot_reconf_duration: 11.899999999999999
tot_sleeping_duration: 490658.67939999804
tot_uptimes: 128
tot_uptimes_duration: 7620.2576000019035
