comms_cons: 49.55453440020762
finished_reconf: true
global_termination_time: 497161.441
local_termination_time: 350453.2313600001
node_cons: 10207.330041121508
tot_aggregated_send: 6960
tot_msg_rcv: 220
tot_msg_sent: 352
tot_reconf_duration: 3.05
tot_sleeping_duration: 489541.4349199989
tot_uptimes: 128
tot_uptimes_duration: 7620.006080001069
