comms_cons: 49.8770944000959
finished_reconf: true
global_termination_time: 497173.084
local_termination_time: 36111.35532000004
node_cons: 10213.807701121443
tot_aggregated_send: 7018
tot_msg_rcv: 219
tot_msg_sent: 344
tot_reconf_duration: 7.819999999999999
tot_sleeping_duration: 489553.0779199989
tot_uptimes: 128
tot_uptimes_duration: 7620.006080001069
