comms_cons: 50.79612800138801
finished_reconf: true
global_termination_time: 497946.027
local_termination_time: 191742.91788000043
node_cons: 10211.643042242875
tot_aggregated_send: 6612
tot_msg_rcv: 356
tot_msg_sent: 753
tot_reconf_duration: 6.22
tot_sleeping_duration: 490326.01483999786
tot_uptimes: 128
tot_uptimes_duration: 7620.0121600021375
