comms_cons: 56.956761599531376
finished_reconf: true
global_termination_time: 570883.148
local_termination_time: 10795.631360000001
node_cons: 11744.510100000018
tot_aggregated_send: 8004
tot_msg_rcv: 199
tot_msg_sent: 454
tot_reconf_duration: 10.95
tot_sleeping_duration: 562123.148
tot_uptimes: 147
tot_uptimes_duration: 8760.0
