comms_cons: 119.00488961456844
finished_reconf: true
global_termination_time: 407683.95360000065
local_termination_time: 2651.332480000002
node_cons: 16616.188791400913
tot_aggregated_send: 0
tot_msg_rcv: 6114
tot_msg_sent: 11973
tot_reconf_duration: 5.57
tot_sleeping_duration: 395280.201
tot_uptimes: 205
tot_uptimes_duration: 12403.752600000662
