comms_cons: 75.12193279729763
finished_reconf: true
global_termination_time: 755728.7104799999
local_termination_time: 755728.6693599999
node_cons: 15574.797502078376
tot_aggregated_send: 10646
tot_msg_rcv: 238
tot_msg_sent: 533
tot_reconf_duration: 37.410000000000004
tot_sleeping_duration: 744134.9877600012
tot_uptimes: 194
tot_uptimes_duration: 11593.722719998761
