comms_cons: 75.88383359808608
finished_reconf: true
global_termination_time: 756091.369
local_termination_time: 303139.3048400001
node_cons: 15540.001823355102
tot_aggregated_send: 10498
tot_msg_rcv: 360
tot_msg_sent: 675
tot_reconf_duration: 25.299999999999997
tot_sleeping_duration: 744511.3507600036
tot_uptimes: 194
tot_uptimes_duration: 11580.018239996338
