comms_cons: 76.60162559813689
finished_reconf: true
global_termination_time: 756257.145
local_termination_time: 542270.94636
node_cons: 15523.537424481281
tot_aggregated_send: 10150
tot_msg_rcv: 457
tot_msg_sent: 1036
tot_reconf_duration: 13.17
tot_sleeping_duration: 744677.1206799991
tot_uptimes: 194
tot_uptimes_duration: 11580.024320000899
