comms_cons: 77.06874879689052
finished_reconf: true
global_termination_time: 757165.443
local_termination_time: 556399.406359999
node_cons: 15518.428642238343
tot_aggregated_send: 10034
tot_msg_rcv: 619
tot_msg_sent: 1061
tot_reconf_duration: 9.42
tot_sleeping_duration: 745585.4308400012
tot_uptimes: 194
tot_uptimes_duration: 11580.012159998703
