comms_cons: 78.92691199827082
finished_reconf: true
global_termination_time: 758197.1
local_termination_time: 108964.09235999995
node_cons: 15603.144104481054
tot_aggregated_send: 10034
tot_msg_rcv: 749
tot_msg_sent: 1213
tot_reconf_duration: 12.629999999999999
tot_sleeping_duration: 746557.0756799992
tot_uptimes: 195
tot_uptimes_duration: 11640.024320000783
