comms_cons: 49.666380800514624
finished_reconf: true
global_termination_time: 502732.608
local_termination_time: 207722.32499999998
node_cons: 10336.826603041347
tot_aggregated_send: 7190
tot_msg_rcv: 131
tot_msg_sent: 228
tot_reconf_duration: 22.65
tot_sleeping_duration: 495035.768639999
tot_uptimes: 129
tot_uptimes_duration: 7696.839360001002
