comms_cons: 49.02161920012184
finished_reconf: true
global_termination_time: 502061.876
local_termination_time: 172177.2226000001
node_cons: 10298.87898000001
tot_aggregated_send: 7366
tot_msg_rcv: 37
tot_msg_sent: 48
tot_reconf_duration: 11.31
tot_sleeping_duration: 494381.876
tot_uptimes: 129
tot_uptimes_duration: 7680.0
