comms_cons: 109.03837441587551
finished_reconf: true
global_termination_time: 509258.428
local_termination_time: 1067.3016000000005
node_cons: 10469.100143543219
tot_aggregated_send: 0
tot_msg_rcv: 8989
tot_msg_sent: 7576
tot_reconf_duration: 18.21
tot_sleeping_duration: 501458.3003199827
tot_uptimes: 131
tot_uptimes_duration: 7800.127680017336
