comms_cons: 148.896614421708
finished_reconf: true
global_termination_time: 506952.111480001
local_termination_time: 506952.111480001
node_cons: 20906.893684961673
tot_aggregated_send: 0
tot_msg_rcv: 7572
tot_msg_sent: 15059
tot_reconf_duration: 24.59
tot_sleeping_duration: 491363.23883999983
tot_uptimes: 259
tot_uptimes_duration: 15588.872640001218
