comms_cons: 204.20520959119017
finished_reconf: true
global_termination_time: 2055607.315
local_termination_time: 973146.0633599998
node_cons: 42283.569179999584
tot_aggregated_send: 29696
tot_msg_rcv: 547
tot_msg_sent: 795
tot_reconf_duration: 18.21
tot_sleeping_duration: 2024047.315
tot_uptimes: 527
tot_uptimes_duration: 31560.0
