comms_cons: 404.5812604570452
finished_reconf: true
global_termination_time: 2051877.6716
local_termination_time: 3168.7183600000003
node_cons: 42214.43641063316
tot_aggregated_send: 0
tot_msg_rcv: 31039
tot_msg_sent: 30455
tot_reconf_duration: 11.31
tot_sleeping_duration: 2020362.3038400048
tot_uptimes: 526
tot_uptimes_duration: 31515.367759995162
