comms_cons: 104.86586879611744
finished_reconf: true
global_termination_time: 1054889.1584799998
local_termination_time: 1054889.1173599998
node_cons: 21743.57608319636
tot_aggregated_send: 15066
tot_msg_rcv: 277
tot_msg_sent: 596
tot_reconf_duration: 24.59
tot_sleeping_duration: 1038675.4296800025
tot_uptimes: 271
tot_uptimes_duration: 16213.728799997247
