comms_cons: 104.9777151963602
finished_reconf: true
global_termination_time: 1057285.504
local_termination_time: 198417.81620000064
node_cons: 21700.263042238297
tot_aggregated_send: 14442
tot_msg_rcv: 438
tot_msg_sent: 1076
tot_reconf_duration: 6.22
tot_sleeping_duration: 1041085.4918400013
tot_uptimes: 271
tot_uptimes_duration: 16200.012159998703
