comms_cons: 52.502643200116154
finished_reconf: true
global_termination_time: 531985.411
local_termination_time: 20829.019520000005
node_cons: 10937.226220000015
tot_aggregated_send: 7598
tot_msg_rcv: 99
tot_msg_sent: 283
tot_reconf_duration: 8.09
tot_sleeping_duration: 523825.41099999996
tot_uptimes: 137
tot_uptimes_duration: 8160.0
