comms_cons: 52.01515520027524
finished_reconf: true
global_termination_time: 530010.403
local_termination_time: 446996.5570800002
node_cons: 10856.519560000022
tot_aggregated_send: 7714
tot_msg_rcv: 83
tot_msg_sent: 109
tot_reconf_duration: 7.819999999999999
tot_sleeping_duration: 521910.40300000005
tot_uptimes: 136
tot_uptimes_duration: 8100.0
