comms_cons: 312.120006386898
finished_reconf: true
global_termination_time: 3202210.878
local_termination_time: 796185.47136
node_cons: 65889.43584223237
tot_aggregated_send: 44834
tot_msg_rcv: 808
tot_msg_sent: 1798
tot_reconf_duration: 7.819999999999999
tot_sleeping_duration: 3153010.8658400048
tot_uptimes: 821
tot_uptimes_duration: 49200.01215999527
