comms_cons: 113.01715198798112
finished_reconf: true
global_termination_time: 1086145.659
local_termination_time: 32332.36536
node_cons: 22359.314308953086
tot_aggregated_send: 14036
tot_msg_rcv: 1058
tot_msg_sent: 2084
tot_reconf_duration: 18.21
tot_sleeping_duration: 1069465.6103600052
tot_uptimes: 279
tot_uptimes_duration: 16680.048639994813
