comms_cons: 108.15546879470172
finished_reconf: true
global_termination_time: 1084681.567
local_termination_time: 270620.89064000035
node_cons: 22260.141619999977
tot_aggregated_send: 15428
tot_msg_rcv: 377
tot_msg_sent: 634
tot_reconf_duration: 4.390000000000001
tot_sleeping_duration: 1068061.567
tot_uptimes: 278
tot_uptimes_duration: 16620.0
