comms_cons: 106.43234559915803
finished_reconf: true
global_termination_time: 1088479.543
local_termination_time: 720183.0653599999
node_cons: 22338.661900000097
tot_aggregated_send: 15834
tot_msg_rcv: 111
tot_msg_sent: 232
tot_reconf_duration: 3.05
tot_sleeping_duration: 1071799.543
tot_uptimes: 279
tot_uptimes_duration: 16680.0
