comms_cons: 107.42580479581663
finished_reconf: true
global_termination_time: 1084898.964
local_termination_time: 606232.8180799996
node_cons: 22264.807701117108
tot_aggregated_send: 15022
tot_msg_rcv: 430
tot_msg_sent: 877
tot_reconf_duration: 7.819999999999999
tot_sleeping_duration: 1068278.957920002
tot_uptimes: 278
tot_uptimes_duration: 16620.00607999775
