comms_cons: 292.8605568216196
finished_reconf: true
global_termination_time: 2889304.122
local_termination_time: 20954.18996
node_cons: 59396.07873228469
tot_aggregated_send: 39382
tot_msg_rcv: 1786
tot_msg_sent: 3346
tot_reconf_duration: 18.21
tot_sleeping_duration: 2844964.0551200253
tot_uptimes: 740
tot_uptimes_duration: 44340.066879974445
