comms_cons: 286.10211841270984
finished_reconf: true
global_termination_time: 2883063.256
local_termination_time: 1981805.5093199986
node_cons: 59301.906219999015
tot_aggregated_send: 41296
tot_msg_rcv: 739
tot_msg_sent: 1450
tot_reconf_duration: 8.09
tot_sleeping_duration: 2838783.256
tot_uptimes: 739
tot_uptimes_duration: 44280.0
