comms_cons: 72.55604480002995
finished_reconf: true
global_termination_time: 724748.562
local_termination_time: 323087.48
node_cons: 14897.273682242867
tot_aggregated_send: 9839
tot_msg_rcv: 382
tot_msg_sent: 808
tot_reconf_duration: 25.299999999999997
tot_sleeping_duration: 713648.5498399979
tot_uptimes: 186
tot_uptimes_duration: 11100.012160002138
