comms_cons: 72.49620479789883
finished_reconf: true
global_termination_time: 721612.859
local_termination_time: 409527.88848
node_cons: 14800.461142238262
tot_aggregated_send: 9860
tot_msg_rcv: 387
tot_msg_sent: 772
tot_reconf_duration: 13.17
tot_sleeping_duration: 710572.8468400014
tot_uptimes: 185
tot_uptimes_duration: 11040.012159998703
