comms_cons: 143.52744316867694
finished_reconf: true
global_termination_time: 721099.9695999998
local_termination_time: 2517.31536
node_cons: 14809.09090952131
tot_aggregated_send: 0
tot_msg_rcv: 11131
tot_msg_sent: 10681
tot_reconf_duration: 4.390000000000001
tot_sleeping_duration: 710044.6079199988
tot_uptimes: 185
tot_uptimes_duration: 11055.361680000962
