comms_cons: 73.1607039993458
finished_reconf: true
global_termination_time: 726000.756
local_termination_time: 283747.28776000085
node_cons: 14871.379324481108
tot_aggregated_send: 9860
tot_msg_rcv: 390
tot_msg_sent: 870
tot_reconf_duration: 6.22
tot_sleeping_duration: 714900.7316799992
tot_uptimes: 186
tot_uptimes_duration: 11100.02432000084
