comms_cons: 36.613248000743994
finished_reconf: true
global_termination_time: 365499.354
local_termination_time: 158581.72192000027
node_cons: 7496.357321121428
tot_aggregated_send: 5046
tot_msg_rcv: 187
tot_msg_sent: 332
tot_reconf_duration: 18.21
tot_sleeping_duration: 359919.3479199989
tot_uptimes: 94
tot_uptimes_duration: 5580.006080001069
