comms_cons: 38.36989440124406
finished_reconf: true
global_termination_time: 365803.125
local_termination_time: 4726.64448
node_cons: 7492.46800224287
tot_aggregated_send: 4698
tot_msg_rcv: 449
tot_msg_sent: 685
tot_reconf_duration: 15.34
tot_sleeping_duration: 360223.11283999786
tot_uptimes: 94
tot_uptimes_duration: 5580.0121600021375
