comms_cons: 37.03896960020199
finished_reconf: true
global_termination_time: 367715.201
local_termination_time: 88359.63203999984
node_cons: 7569.127822240577
tot_aggregated_send: 5104
tot_msg_rcv: 187
tot_msg_sent: 339
tot_reconf_duration: 12.629999999999999
tot_sleeping_duration: 362075.1888399996
tot_uptimes: 95
tot_uptimes_duration: 5640.012160000435
