comms_cons: 37.638630400307775
finished_reconf: true
global_termination_time: 364592.35508000024
local_termination_time: 120705.67135999996
node_cons: 7502.436459363202
tot_aggregated_send: 4756
tot_msg_rcv: 318
tot_msg_sent: 646
tot_reconf_duration: 4.390000000000001
tot_sleeping_duration: 358993.79283999786
tot_uptimes: 94
tot_uptimes_duration: 5598.562240002386
