comms_cons: 37.08757760055372
finished_reconf: true
global_termination_time: 366117.194
local_termination_time: 26677.013440000002
node_cons: 7482.239560000008
tot_aggregated_send: 4872
tot_msg_rcv: 250
tot_msg_sent: 515
tot_reconf_duration: 7.819999999999999
tot_sleeping_duration: 360537.194
tot_uptimes: 94
tot_uptimes_duration: 5580.0
