comms_cons: 78.37307519772506
finished_reconf: true
global_termination_time: 764613.054
local_termination_time: 344213.35460000054
node_cons: 15672.856403364312
tot_aggregated_send: 10208
tot_msg_rcv: 601
tot_msg_sent: 1103
tot_reconf_duration: 4.8100000000000005
tot_sleeping_duration: 752913.0357599967
tot_uptimes: 196
tot_uptimes_duration: 11700.018240003206
