comms_cons: 149.3569919880226
finished_reconf: true
global_termination_time: 1459966.315
local_termination_time: 36099.876600000105
node_cons: 29991.646873415826
tot_aggregated_send: 19778
tot_msg_rcv: 1065
tot_msg_sent: 1856
tot_reconf_duration: 18.21
tot_sleeping_duration: 1437586.242040018
tot_uptimes: 374
tot_uptimes_duration: 22380.072959981917
