comms_cons: 144.9595135942959
finished_reconf: true
global_termination_time: 1458484.357
local_termination_time: 859435.6205999998
node_cons: 29979.191380000033
tot_aggregated_send: 20938
tot_msg_rcv: 405
tot_msg_sent: 690
tot_reconf_duration: 9.11
tot_sleeping_duration: 1436104.357
tot_uptimes: 374
tot_uptimes_duration: 22380.0
