comms_cons: 148.6181759826112
finished_reconf: true
global_termination_time: 1461032.022
local_termination_time: 302656.7273600001
node_cons: 30053.7815322852
tot_aggregated_send: 19836
tot_msg_rcv: 887
tot_msg_sent: 1867
tot_reconf_duration: 4.8100000000000005
tot_sleeping_duration: 1438591.9551200261
tot_uptimes: 375
tot_uptimes_duration: 22440.06687997398
