comms_cons: 277.8324415993064
finished_reconf: true
global_termination_time: 2810737.124
local_termination_time: 552541.694
node_cons: 57778.890766223565
tot_aggregated_send: 39380
tot_msg_rcv: 970
tot_msg_sent: 1880
tot_reconf_duration: 6.279999999999999
tot_sleeping_duration: 2767592.7158400114
tot_uptimes: 720
tot_uptimes_duration: 43144.40815998847
