comms_cons: 280.87765120556253
finished_reconf: true
global_termination_time: 2810296.325
local_termination_time: 1881913.1673599998
node_cons: 57771.41022334928
tot_aggregated_send: 39266
tot_msg_rcv: 1083
tot_msg_sent: 2343
tot_reconf_duration: 5.1
tot_sleeping_duration: 2767156.306760007
tot_uptimes: 720
tot_uptimes_duration: 43140.0182399929
