comms_cons: 283.02097281064
finished_reconf: true
global_termination_time: 2810628.955
local_termination_time: 27717.52748
node_cons: 57775.152830059975
tot_aggregated_send: 38860
tot_msg_rcv: 1310
tot_msg_sent: 2847
tot_reconf_duration: 7.819999999999999
tot_sleeping_duration: 2767488.900280014
tot_uptimes: 720
tot_uptimes_duration: 43140.05471998581
