comms_cons: 1361.449242265819
finished_reconf: true
global_termination_time: 2809326.9186
local_termination_time: 2809326.87748
node_cons: 171211.58261050686
tot_aggregated_send: 0
tot_msg_rcv: 83413
tot_msg_sent: 123521
tot_reconf_duration: 24.59
tot_sleeping_duration: 2681486.597920005
tot_uptimes: 2096
tot_uptimes_duration: 127840.32067999465
