comms_cons: 2.236927999996829
finished_reconf: true
global_termination_time: 12037.216
local_termination_time: 4958.709360000001
node_cons: 261.5393800000008
tot_aggregated_send: 0
tot_msg_rcv: 180
tot_msg_sent: 160
tot_reconf_duration: 15.110000000000001
tot_sleeping_duration: 11857.216
tot_uptimes: 4
tot_uptimes_duration: 180.0
