comms_cons: 2.230975999994418
finished_reconf: true
global_termination_time: 12362.299
local_termination_time: 5656.343360000002
node_cons: 256.3789799999993
tot_aggregated_send: 0
tot_msg_rcv: 175
tot_msg_sent: 164
tot_reconf_duration: 11.31
tot_sleeping_duration: 12182.299
tot_uptimes: 4
tot_uptimes_duration: 179.99999999999997
