comms_cons: 147.01880319285013
finished_reconf: true
global_termination_time: 1477999.908
local_termination_time: 669350.1283599999
node_cons: 30389.03938000003
tot_aggregated_send: 20996
tot_msg_rcv: 436
tot_msg_sent: 914
tot_reconf_duration: 15.110000000000001
tot_sleeping_duration: 1455319.908
tot_uptimes: 379
tot_uptimes_duration: 22680.0
