comms_cons: 153.6656767833524
finished_reconf: true
global_termination_time: 1477886.062
local_termination_time: 447694.6779600002
node_cons: 30372.751452285265
tot_aggregated_send: 19430
tot_msg_rcv: 1420
tot_msg_sent: 2507
tot_reconf_duration: 3.05
tot_sleeping_duration: 1455205.995120026
tot_uptimes: 379
tot_uptimes_duration: 22680.06687997398
