comms_cons: 44.457184001252735
finished_reconf: true
global_termination_time: 439734.15
local_termination_time: 165221.36136000007
node_cons: 9006.62452224287
tot_aggregated_send: 5684
tot_msg_rcv: 371
tot_msg_sent: 702
tot_reconf_duration: 6.279999999999999
tot_sleeping_duration: 433014.1378399979
tot_uptimes: 113
tot_uptimes_duration: 6720.0121600021375
