comms_cons: 44.35696640101102
finished_reconf: true
global_termination_time: 440153.909
local_termination_time: 318318.8753200007
node_cons: 9005.668483364312
tot_aggregated_send: 5800
tot_msg_rcv: 327
tot_msg_sent: 615
tot_reconf_duration: 5.57
tot_sleeping_duration: 433433.8907599968
tot_uptimes: 113
tot_uptimes_duration: 6720.018240003206
