comms_cons: 780.711878545067
finished_reconf: true
global_termination_time: 7839716.963719999
local_termination_time: 7839716.922599999
node_cons: 161314.37240142468
tot_aggregated_send: 112262
tot_msg_rcv: 2271
tot_msg_sent: 4129
tot_reconf_duration: 37.410000000000004
tot_sleeping_duration: 7719281.138760006
tot_uptimes: 2008
tot_uptimes_duration: 120435.8249599929
