comms_cons: 783.5266049952213
finished_reconf: true
global_termination_time: 7842573.411
local_termination_time: 2528046.83836
node_cons: 161343.61684893112
tot_aggregated_send: 108982
tot_msg_rcv: 3540
tot_msg_sent: 6568
tot_reconf_duration: 15.34
tot_sleeping_duration: 7722093.362360017
tot_uptimes: 2009
tot_uptimes_duration: 120480.0486399827
