comms_cons: 768.2730433434376
finished_reconf: true
global_termination_time: 7840525.837
local_termination_time: 3945790.597399999
node_cons: 161255.2225992591
tot_aggregated_send: 108924
tot_msg_rcv: 2532
tot_msg_sent: 5314
tot_reconf_duration: 9.42
tot_sleeping_duration: 7720105.799480012
tot_uptimes: 2008
tot_uptimes_duration: 120420.03751998814
