comms_cons: 765.9531840992156
finished_reconf: true
global_termination_time: 7843630.257
local_termination_time: 4217721.334519998
node_cons: 161337.60638222902
tot_aggregated_send: 109272
tot_msg_rcv: 2438
tot_msg_sent: 4711
tot_reconf_duration: 10.95
tot_sleeping_duration: 7723150.2448400045
tot_uptimes: 2009
tot_uptimes_duration: 120480.01215999573
