comms_cons: 788.3065858048194
finished_reconf: true
global_termination_time: 7841521.985
local_termination_time: 445320.9947200001
node_cons: 161329.34153228166
tot_aggregated_send: 108286
tot_msg_rcv: 3833
tot_msg_sent: 7699
tot_reconf_duration: 4.8100000000000005
tot_sleeping_duration: 7721041.918120025
tot_uptimes: 2009
tot_uptimes_duration: 120480.0668799755
