comms_cons: 11.954361600106502
finished_reconf: true
global_termination_time: 105483.081
local_termination_time: 40263.21008000003
node_cons: 2177.7245222394404
tot_aggregated_send: 580
tot_msg_rcv: 481
tot_msg_sent: 755
tot_reconf_duration: 6.279999999999999
tot_sleeping_duration: 103863.06884000041
tot_uptimes: 28
tot_uptimes_duration: 1620.0121599995837
