comms_cons: 10.711564799903062
finished_reconf: true
global_termination_time: 106658.338
local_termination_time: 6070.081
node_cons: 2189.2896888389005
tot_aggregated_send: 747
tot_msg_rcv: 354
tot_msg_sent: 528
tot_reconf_duration: 13.17
tot_sleeping_duration: 105036.67644000083
tot_uptimes: 28
tot_uptimes_duration: 1621.6615599991792
