comms_cons: 12.783667199935572
finished_reconf: true
global_termination_time: 103625.237
local_termination_time: 36680.96336000001
node_cons: 2101.260226720608
tot_aggregated_send: 406
tot_msg_rcv: 664
tot_msg_sent: 872
tot_reconf_duration: 9.11
tot_sleeping_duration: 102065.20051999955
tot_uptimes: 27
tot_uptimes_duration: 1560.0364800004536
