comms_cons: 13.545964800114422
finished_reconf: true
global_termination_time: 102905.299
local_termination_time: 36628.53260000002
node_cons: 2106.024104479748
tot_aggregated_send: 754
tot_msg_rcv: 662
tot_msg_sent: 642
tot_reconf_duration: 12.629999999999999
tot_sleeping_duration: 101345.27468000019
tot_uptimes: 27
tot_uptimes_duration: 1560.0243199998076
