comms_cons: 353.95803522960534
finished_reconf: true
global_termination_time: 3500637.001
local_termination_time: 2227329.41348
node_cons: 72015.40684111539
tot_aggregated_send: 48488
tot_msg_rcv: 1848
tot_msg_sent: 3463
tot_reconf_duration: 22.65
tot_sleeping_duration: 3446876.9949200023
tot_uptimes: 897
tot_uptimes_duration: 53760.00607999787
