comms_cons: 351.7080192235645
finished_reconf: true
global_termination_time: 3506318.23
local_termination_time: 372140.2942400005
node_cons: 72073.59393596592
tot_aggregated_send: 48488
tot_msg_rcv: 1537
tot_msg_sent: 3432
tot_reconf_duration: 6.279999999999999
tot_sleeping_duration: 3452498.1660000244
tot_uptimes: 898
tot_uptimes_duration: 53820.0639999758
