comms_cons: 2.736947199990955
finished_reconf: true
global_termination_time: 12739.807
local_termination_time: 9875.45336
node_cons: 248.39393999999794
tot_aggregated_send: 0
tot_msg_rcv: 247
tot_msg_sent: 169
tot_reconf_duration: 5.43
tot_sleeping_duration: 12559.807
tot_uptimes: 4
tot_uptimes_duration: 180.0
