comms_cons: 235.25806079637505
finished_reconf: true
global_termination_time: 2344499.435
local_termination_time: 791777.3543599999
node_cons: 48228.7698855835
tot_aggregated_send: 32770
tot_msg_rcv: 1071
tot_msg_sent: 1916
tot_reconf_duration: 18.21
tot_sleeping_duration: 2308499.404600012
tot_uptimes: 601
tot_uptimes_duration: 36000.03039998817
