comms_cons: 235.84360958586063
finished_reconf: true
global_termination_time: 2345207.961
local_termination_time: 755153.8627599991
node_cons: 48234.848252289165
tot_aggregated_send: 31610
tot_msg_rcv: 1484
tot_msg_sent: 2753
tot_reconf_duration: 22.65
tot_sleeping_duration: 2309207.8941200227
tot_uptimes: 601
tot_uptimes_duration: 36000.066879977414
