comms_cons: 233.54844159305557
finished_reconf: true
global_termination_time: 2344935.518
local_termination_time: 1032996.3237199987
node_cons: 48229.394599999316
tot_aggregated_send: 33292
tot_msg_rcv: 715
tot_msg_sent: 1491
tot_reconf_duration: 18.700000000000003
tot_sleeping_duration: 2308935.518
tot_uptimes: 601
tot_uptimes_duration: 36000.0
