comms_cons: 237.99074559278964
finished_reconf: true
global_termination_time: 2341852.22
local_termination_time: 914609.8599599997
node_cons: 48144.548707817805
tot_aggregated_send: 31784
tot_msg_rcv: 1435
tot_msg_sent: 2955
tot_reconf_duration: 15.34
tot_sleeping_duration: 2305912.1774400165
tot_uptimes: 600
tot_uptimes_duration: 35940.04255998391
