comms_cons: 1702.4751893964303
finished_reconf: true
global_termination_time: 3518945.2286
local_termination_time: 3518945.18748
node_cons: 213799.95810512092
tot_aggregated_send: 0
tot_msg_rcv: 104537
tot_msg_sent: 154230
tot_reconf_duration: 37.410000000000004
tot_sleeping_duration: 3359311.8041600236
tot_uptimes: 2621
tot_uptimes_duration: 159633.42443997652
