comms_cons: 356.18242564876863
finished_reconf: true
global_termination_time: 3520773.502
local_termination_time: 37695.25460000012
node_cons: 72420.77881117107
tot_aggregated_send: 48314
tot_msg_rcv: 1890
tot_msg_sent: 3932
tot_reconf_duration: 25.299999999999997
tot_sleeping_duration: 3466713.4412000203
tot_uptimes: 902
tot_uptimes_duration: 54060.06079997963
