comms_cons: 354.2359744457618
finished_reconf: true
global_termination_time: 3520402.246
local_termination_time: 1170973.1203599998
node_cons: 72406.89194446581
tot_aggregated_send: 49126
tot_msg_rcv: 1588
tot_msg_sent: 3126
tot_reconf_duration: 15.110000000000001
tot_sleeping_duration: 3466342.2216800093
tot_uptimes: 902
tot_uptimes_duration: 54060.02431999077
