comms_cons: 357.5005184508594
finished_reconf: true
global_termination_time: 3520375.279
local_termination_time: 1808354.5535999998
node_cons: 72392.89640334924
tot_aggregated_send: 48430
tot_msg_rcv: 2076
tot_msg_sent: 3831
tot_reconf_duration: 4.8100000000000005
tot_sleeping_duration: 3466315.260760007
tot_uptimes: 902
tot_uptimes_duration: 54060.01823999314
