comms_cons: 356.53342724839626
finished_reconf: true
global_termination_time: 3524963.107
local_termination_time: 2524396.0387999997
node_cons: 72492.09902334971
tot_aggregated_send: 48720
tot_msg_rcv: 1886
tot_msg_sent: 3585
tot_reconf_duration: 18.700000000000003
tot_sleeping_duration: 3470843.0887600067
tot_uptimes: 903
tot_uptimes_duration: 54120.01823999337
