comms_cons: 219.6396671857705
finished_reconf: true
global_termination_time: 2283317.569
local_termination_time: 1018444.1493599999
node_cons: 46927.03118335005
tot_aggregated_send: 30624
tot_msg_rcv: 1045
tot_msg_sent: 1715
tot_reconf_duration: 6.22
tot_sleeping_duration: 2248277.5507600075
tot_uptimes: 585
tot_uptimes_duration: 35040.0182399929
