comms_cons: 43.00310400053843
finished_reconf: true
global_termination_time: 432491.992
local_termination_time: 31880.59776
node_cons: 8845.846760000046
tot_aggregated_send: 5974
tot_msg_rcv: 161
tot_msg_sent: 401
tot_reconf_duration: 6.22
tot_sleeping_duration: 425891.992
tot_uptimes: 111
tot_uptimes_duration: 6600.000000000029
