comms_cons: 169.47992318121632
finished_reconf: true
global_termination_time: 1659706.1384799997
local_termination_time: 1659706.0973599998
node_cons: 34213.75077213098
tot_aggregated_send: 22652
tot_msg_rcv: 1115
tot_msg_sent: 1993
tot_reconf_duration: 37.410000000000004
tot_sleeping_duration: 1634192.3610400215
tot_uptimes: 426
tot_uptimes_duration: 25513.777439978323
