comms_cons: 168.8894079864158
finished_reconf: true
global_termination_time: 1660708.461
local_termination_time: 121148.06235999997
node_cons: 34151.12153229434
tot_aggregated_send: 22794
tot_msg_rcv: 1009
tot_msg_sent: 1867
tot_reconf_duration: 4.8100000000000005
tot_sleeping_duration: 1635208.3941200192
tot_uptimes: 426
tot_uptimes_duration: 25500.066879980848
