comms_cons: 329.2689789471004
finished_reconf: true
global_termination_time: 1661997.135
local_termination_time: 287300.4680000004
node_cons: 34153.00374781778
tot_aggregated_send: 0
tot_msg_rcv: 25390
tot_msg_sent: 24657
tot_reconf_duration: 6.22
tot_sleeping_duration: 1636497.0924400166
tot_uptimes: 426
tot_uptimes_duration: 25500.04255998344
