comms_cons: 45.40608640050478
finished_reconf: true
global_termination_time: 439942.78168000025
local_termination_time: 439942.74056000024
node_cons: 9055.310530006042
tot_aggregated_send: 5789
tot_msg_rcv: 386
tot_msg_sent: 724
tot_reconf_duration: 21.23
tot_sleeping_duration: 433201.57167999574
tot_uptimes: 113
tot_uptimes_duration: 6741.210000004496
