comms_cons: 43.7128320000639
finished_reconf: true
global_termination_time: 441553.757
local_termination_time: 95154.45535999998
node_cons: 9103.14918000002
tot_aggregated_send: 6322
tot_msg_rcv: 107
tot_msg_sent: 215
tot_reconf_duration: 18.21
tot_sleeping_duration: 434773.757
tot_uptimes: 114
tot_uptimes_duration: 6780.0
