comms_cons: 78.52275199589995
finished_reconf: true
global_termination_time: 773985.359
local_termination_time: 159046.3594400002
node_cons: 15938.10312335511
tot_aggregated_send: 10556
tot_msg_rcv: 466
tot_msg_sent: 913
tot_reconf_duration: 22.65
tot_sleeping_duration: 762105.3407600038
tot_uptimes: 199
tot_uptimes_duration: 11880.018239996338
