comms_cons: 76.8253183992544
finished_reconf: true
global_termination_time: 774847.232
local_termination_time: 653546.4230000001
node_cons: 15911.470041121516
tot_aggregated_send: 10902
tot_msg_rcv: 307
tot_msg_sent: 468
tot_reconf_duration: 3.05
tot_sleeping_duration: 762967.2259199988
tot_uptimes: 199
tot_uptimes_duration: 11880.006080001069
