comms_cons: 260.8207616027058
finished_reconf: true
global_termination_time: 2602608.403
local_termination_time: 374305.17436000006
node_cons: 53514.05290670476
tot_aggregated_send: 36018
tot_msg_rcv: 1298
tot_msg_sent: 2326
tot_reconf_duration: 5.57
tot_sleeping_duration: 2562648.3665200104
tot_uptimes: 667
tot_uptimes_duration: 39960.03647998924
