comms_cons: 753.7599489015796
finished_reconf: true
global_termination_time: 2580489.5836
local_termination_time: 2580489.54248
node_cons: 105745.99388639655
tot_aggregated_send: 0
tot_msg_rcv: 38273
tot_msg_sent: 76293
tot_reconf_duration: 24.59
tot_sleeping_duration: 2501540.6659999997
tot_uptimes: 1311
tot_uptimes_duration: 78948.91759999993
