comms_cons: 253.40446719711423
finished_reconf: true
global_termination_time: 2582830.719
local_termination_time: 2219788.6292399988
node_cons: 53120.098979999246
tot_aggregated_send: 37352
tot_msg_rcv: 379
tot_msg_sent: 785
tot_reconf_duration: 11.31
tot_sleeping_duration: 2543170.719
tot_uptimes: 662
tot_uptimes_duration: 39660.0
