comms_cons: 20.90869760002801
finished_reconf: true
global_termination_time: 213192.67
local_termination_time: 29825.54948
node_cons: 4344.891980000005
tot_aggregated_send: 3074
tot_msg_rcv: 50
tot_msg_sent: 54
tot_reconf_duration: 4.8100000000000005
tot_sleeping_duration: 209952.67
tot_uptimes: 55
tot_uptimes_duration: 3240.0
