comms_cons: 21.060019200074276
finished_reconf: true
global_termination_time: 212068.092
local_termination_time: 125974.45047999994
node_cons: 4342.5018999999875
tot_aggregated_send: 3016
tot_msg_rcv: 71
tot_msg_sent: 114
tot_reconf_duration: 3.05
tot_sleeping_duration: 208828.092
tot_uptimes: 55
tot_uptimes_duration: 3240.0
