comms_cons: 740.3443393296947
finished_reconf: true
global_termination_time: 7532113.483
local_termination_time: 4990632.61972
node_cons: 154912.69596334602
tot_aggregated_send: 104168
tot_msg_rcv: 2853
tot_msg_sent: 5506
tot_reconf_duration: 12.629999999999999
tot_sleeping_duration: 7416433.464760006
tot_uptimes: 1929
tot_uptimes_duration: 115680.0182399936
