comms_cons: 754.5982209994336
finished_reconf: true
global_termination_time: 7528383.082
local_termination_time: 2308387.6433999995
node_cons: 154822.6353511661
tot_aggregated_send: 104690
tot_msg_rcv: 3401
tot_msg_sent: 6602
tot_reconf_duration: 5.43
tot_sleeping_duration: 7412763.021200022
tot_uptimes: 1928
tot_uptimes_duration: 115620.06079997844
