comms_cons: 227.7752192322885
finished_reconf: true
global_termination_time: 470696.60360000056
local_termination_time: 470696.56248000055
node_cons: 28695.119806487655
tot_aggregated_send: 0
tot_msg_rcv: 13944
tot_msg_sent: 20675
tot_reconf_duration: 24.59
tot_sleeping_duration: 449291.2812799949
tot_uptimes: 352
tot_uptimes_duration: 21405.32232000567
