comms_cons: 48.60608000061282
finished_reconf: true
global_termination_time: 471869.514
local_termination_time: 162998.32140000036
node_cons: 9661.664284483451
tot_aggregated_send: 6032
tot_msg_rcv: 520
tot_msg_sent: 835
tot_reconf_duration: 15.34
tot_sleeping_duration: 464669.48967999744
tot_uptimes: 121
tot_uptimes_duration: 7200.0243200025725
