comms_cons: 47.04128000044517
finished_reconf: true
global_termination_time: 473814.246
local_termination_time: 217622.47536000007
node_cons: 9739.033001121461
tot_aggregated_send: 6554
tot_msg_rcv: 144
tot_msg_sent: 452
tot_reconf_duration: 13.17
tot_sleeping_duration: 466554.2399199989
tot_uptimes: 122
tot_uptimes_duration: 7260.006080001069
