comms_cons: 49.709632001375404
finished_reconf: true
global_termination_time: 474628.97
local_termination_time: 174735.71436000004
node_cons: 9731.808406726286
tot_aggregated_send: 6148
tot_msg_rcv: 537
tot_msg_sent: 871
tot_reconf_duration: 7.819999999999999
tot_sleeping_duration: 467368.93351999525
tot_uptimes: 122
tot_uptimes_duration: 7260.03648000471
