comms_cons: 991.0855735575201
finished_reconf: true
global_termination_time: 2405037.306
local_termination_time: 770915.9497999994
node_cons: 145843.1345442789
tot_aggregated_send: 0
tot_msg_rcv: 60901
tot_msg_sent: 89738
tot_reconf_duration: 18.21
tot_sleeping_duration: 2296136.331120027
tot_uptimes: 1781
tot_uptimes_duration: 108900.97487997272
