comms_cons: 237.60471038283646
finished_reconf: true
global_termination_time: 2404489.2
local_termination_time: 799909.05036
node_cons: 49417.611888934116
tot_aggregated_send: 33118
tot_msg_rcv: 1051
tot_msg_sent: 1944
tot_reconf_duration: 6.22
tot_sleeping_duration: 2367589.151360019
tot_uptimes: 616
tot_uptimes_duration: 36900.048639981076
