comms_cons: 30.703769600268696
finished_reconf: true
global_termination_time: 296422.138
local_termination_time: 47249.7893600001
node_cons: 6056.27498224058
tot_aggregated_send: 3828
tot_msg_rcv: 333
tot_msg_sent: 505
tot_reconf_duration: 22.65
tot_sleeping_duration: 291922.1258399996
tot_uptimes: 76
tot_uptimes_duration: 4500.012160000435
