comms_cons: 31.284723200921086
finished_reconf: true
global_termination_time: 298995.332
local_termination_time: 2224.6974800000003
node_cons: 6109.998182240588
tot_aggregated_send: 3886
tot_msg_rcv: 346
tot_msg_sent: 523
tot_reconf_duration: 3.05
tot_sleeping_duration: 294435.31983999955
tot_uptimes: 77
tot_uptimes_duration: 4560.012160000435
