comms_cons: 2.6053631999935014
finished_reconf: true
global_termination_time: 17438.849
local_termination_time: 5579.0783599999995
node_cons: 328.93220112000586
tot_aggregated_send: 0
tot_msg_rcv: 224
tot_msg_sent: 173
tot_reconf_duration: 5.57
tot_sleeping_duration: 17198.842919999996
tot_uptimes: 5
tot_uptimes_duration: 240.00608000000466
