comms_cons: 30.2188927999233
finished_reconf: true
global_termination_time: 12879.296240000003
local_termination_time: 90.5230400000002
node_cons: 3697.2800338400284
tot_aggregated_send: 0
tot_msg_rcv: 2347
tot_msg_sent: 2245
tot_reconf_duration: 6.22
tot_sleeping_duration: 10124.379679999982
tot_uptimes: 39
tot_uptimes_duration: 2754.9165600000206
