comms_cons: 57.19956479985667
finished_reconf: true
global_termination_time: 576205.32
local_termination_time: 13736.082840000003
node_cons: 11840.738700000016
tot_aggregated_send: 8004
tot_msg_rcv: 245
tot_msg_sent: 445
tot_reconf_duration: 22.65
tot_sleeping_duration: 567385.32
tot_uptimes: 148
tot_uptimes_duration: 8820.0
