comms_cons: 105.58582399908879
finished_reconf: true
global_termination_time: 1051061.813
local_termination_time: 521837.88136000006
node_cons: 21642.2268411169
tot_aggregated_send: 14732
tot_msg_rcv: 464
tot_msg_sent: 852
tot_reconf_duration: 22.65
tot_sleeping_duration: 1034921.8069200024
tot_uptimes: 270
tot_uptimes_duration: 16140.006079997635
