comms_cons: 83.09529600001548
finished_reconf: true
global_termination_time: 848553.19
local_termination_time: 462539.53936000005
node_cons: 17442.25932448111
tot_aggregated_send: 11426
tot_msg_rcv: 372
tot_msg_sent: 832
tot_reconf_duration: 6.22
tot_sleeping_duration: 835533.1656799992
tot_uptimes: 218
tot_uptimes_duration: 13020.02432000084
