comms_cons: 47.541299200278196
finished_reconf: true
global_termination_time: 483074.922
local_termination_time: 108066.43831999962
node_cons: 9897.17897999997
tot_aggregated_send: 6902
tot_msg_rcv: 102
tot_msg_sent: 222
tot_reconf_duration: 11.31
tot_sleeping_duration: 475694.922
tot_uptimes: 124
tot_uptimes_duration: 7379.999999999956
