comms_cons: 194.00846713128175
finished_reconf: true
global_termination_time: 832121.0781599984
local_termination_time: 3250.2686
node_cons: 17211.543484401987
tot_aggregated_send: 0
tot_msg_rcv: 16987
tot_msg_sent: 12497
tot_reconf_duration: 18.21
tot_sleeping_duration: 819285.518559997
tot_uptimes: 214
tot_uptimes_duration: 12835.559600001478
