comms_cons: 82.59430399913684
finished_reconf: true
global_termination_time: 835121.464
local_termination_time: 37323.80748000002
node_cons: 17132.947521120317
tot_aggregated_send: 11774
tot_msg_rcv: 213
tot_msg_sent: 566
tot_reconf_duration: 15.110000000000001
tot_sleeping_duration: 822341.4579199997
tot_uptimes: 214
tot_uptimes_duration: 12780.006080000217
