comms_cons: 82.68707839723172
finished_reconf: true
global_termination_time: 832803.39
local_termination_time: 74728.02155999959
node_cons: 17125.212360000023
tot_aggregated_send: 11948
tot_msg_rcv: 221
tot_msg_sent: 398
tot_reconf_duration: 9.42
tot_sleeping_duration: 820023.39
tot_uptimes: 214
tot_uptimes_duration: 12780.0
