comms_cons: 82.46334720018275
finished_reconf: true
global_termination_time: 832558.841
local_termination_time: 103038.4292799998
node_cons: 17118.381620000026
tot_aggregated_send: 12064
tot_msg_rcv: 183
tot_msg_sent: 286
tot_reconf_duration: 4.390000000000001
tot_sleeping_duration: 819778.841
tot_uptimes: 214
tot_uptimes_duration: 12780.0
