comms_cons: 83.7400575952899
finished_reconf: true
global_termination_time: 834788.469
local_termination_time: 112120.45447999997
node_cons: 17119.793940000036
tot_aggregated_send: 11716
tot_msg_rcv: 379
tot_msg_sent: 633
tot_reconf_duration: 5.43
tot_sleeping_duration: 822008.469
tot_uptimes: 214
tot_uptimes_duration: 12780.0
