comms_cons: 59.818086399797565
finished_reconf: true
global_termination_time: 604897.34
local_termination_time: 167255.49168000024
node_cons: 12378.891980000015
tot_aggregated_send: 8642
tot_msg_rcv: 164
tot_msg_sent: 286
tot_reconf_duration: 4.8100000000000005
tot_sleeping_duration: 595657.34
tot_uptimes: 155
tot_uptimes_duration: 9240.0
