comms_cons: 148.16264961990424
finished_reconf: true
global_termination_time: 506952.111480001
local_termination_time: 506952.111480001
node_cons: 20743.17805396177
tot_aggregated_send: 0
tot_msg_rcv: 7600
tot_msg_sent: 14918
tot_reconf_duration: 37.410000000000004
tot_sleeping_duration: 491498.50783999974
tot_uptimes: 255
tot_uptimes_duration: 15453.603640001287
