comms_cons: 50.57228800049128
finished_reconf: true
global_termination_time: 508345.696
local_termination_time: 334969.1044800001
node_cons: 10461.351540000021
tot_aggregated_send: 7250
tot_msg_rcv: 158
tot_msg_sent: 279
tot_reconf_duration: 12.629999999999999
tot_sleeping_duration: 500545.696
tot_uptimes: 131
tot_uptimes_duration: 7800.0
