comms_cons: 49.672959999998525
finished_reconf: true
global_termination_time: 510728.942
local_termination_time: 10084.29748
node_cons: 10459.558980000013
tot_aggregated_send: 7482
tot_msg_rcv: 20
tot_msg_sent: 48
tot_reconf_duration: 11.31
tot_sleeping_duration: 502928.942
tot_uptimes: 131
tot_uptimes_duration: 7800.0
