comms_cons: 15.370265599800781
finished_reconf: true
global_termination_time: 131886.982
local_termination_time: 50247.402600000016
node_cons: 2661.8721244777357
tot_aggregated_send: 1102
tot_msg_rcv: 420
tot_msg_sent: 815
tot_reconf_duration: 7.819999999999999
tot_sleeping_duration: 129906.95768000168
tot_uptimes: 34
tot_uptimes_duration: 1980.0243199983088
