comms_cons: 56.054783999937385
finished_reconf: true
global_termination_time: 563792.866
local_termination_time: 149817.179
node_cons: 11593.705462242866
tot_aggregated_send: 7888
tot_msg_rcv: 182
tot_msg_sent: 450
tot_reconf_duration: 18.21
tot_sleeping_duration: 555152.8538399979
tot_uptimes: 145
tot_uptimes_duration: 8640.012160002138
