comms_cons: 99.22154239601288
finished_reconf: true
global_termination_time: 994104.5084799998
local_termination_time: 994104.4673599999
node_cons: 20475.521219839848
tot_aggregated_send: 14010
tot_msg_rcv: 366
tot_msg_sent: 705
tot_reconf_duration: 37.410000000000004
tot_sleeping_duration: 978850.79792
tot_uptimes: 255
tot_uptimes_duration: 15253.710559999854
