comms_cons: 101.3591551967378
finished_reconf: true
global_termination_time: 997077.73
local_termination_time: 459596.87036
node_cons: 20495.154901116824
tot_aggregated_send: 13688
tot_msg_rcv: 620
tot_msg_sent: 1098
tot_reconf_duration: 6.22
tot_sleeping_duration: 981777.7239200023
tot_uptimes: 256
tot_uptimes_duration: 15300.006079997635
