comms_cons: 466.8137344509033
finished_reconf: true
global_termination_time: 4719267.265
local_termination_time: 3178838.536119998
node_cons: 97085.10182334845
tot_aggregated_send: 64786
tot_msg_rcv: 2137
tot_msg_sent: 4029
tot_reconf_duration: 25.299999999999997
tot_sleeping_duration: 4646787.246760006
tot_uptimes: 1209
tot_uptimes_duration: 72480.0182399936
