comms_cons: 38.3698944003282
finished_reconf: true
global_termination_time: 384972.543
local_termination_time: 241764.83836000052
node_cons: 7879.851980000007
tot_aggregated_send: 5452
tot_msg_rcv: 152
tot_msg_sent: 228
tot_reconf_duration: 4.8100000000000005
tot_sleeping_duration: 379092.543
tot_uptimes: 99
tot_uptimes_duration: 5880.0
