comms_cons: 39.238976000742284
finished_reconf: true
global_termination_time: 380901.0166800007
local_termination_time: 380900.9755600007
node_cons: 7892.656290884117
tot_aggregated_send: 5090
tot_msg_rcv: 303
tot_msg_sent: 570
tot_reconf_duration: 24.59
tot_sleeping_duration: 375031.51475999766
tot_uptimes: 98
tot_uptimes_duration: 5869.501920003058
