comms_cons: 77.70713599930932
finished_reconf: true
global_termination_time: 786389.35
local_termination_time: 403674.92836
node_cons: 16154.301619999964
tot_aggregated_send: 11136
tot_msg_rcv: 186
tot_msg_sent: 489
tot_reconf_duration: 4.390000000000001
tot_sleeping_duration: 774329.35
tot_uptimes: 202
tot_uptimes_duration: 12060.0
