comms_cons: 77.79966719812506
finished_reconf: true
global_termination_time: 788296.692
local_termination_time: 248553.474
node_cons: 16160.004622721302
tot_aggregated_send: 11306
tot_msg_rcv: 174
tot_msg_sent: 346
tot_reconf_duration: 7.819999999999999
tot_sleeping_duration: 776235.911519999
tot_uptimes: 202
tot_uptimes_duration: 12060.780480000976
