comms_cons: 77.21411840010936
finished_reconf: true
global_termination_time: 785261.0820799996
local_termination_time: 785261.0409599997
node_cons: 16207.128908240988
tot_aggregated_send: 11470
tot_msg_rcv: 80
tot_msg_sent: 186
tot_reconf_duration: 24.59
tot_sleeping_duration: 773182.115919999
tot_uptimes: 202
tot_uptimes_duration: 12078.96616000071
