comms_cons: 1684.6778165247501
finished_reconf: true
global_termination_time: 8541563.713919995
local_termination_time: 3370.90848
node_cons: 175799.59550468836
tot_aggregated_send: 0
tot_msg_rcv: 129172
tot_msg_sent: 126887
tot_reconf_duration: 18.21
tot_sleeping_duration: 8410290.475440014
tot_uptimes: 2188
tot_uptimes_duration: 131273.23847998097
