comms_cons: 850.3470657794064
finished_reconf: true
global_termination_time: 8542023.144
local_termination_time: 2489822.71436
node_cons: 175712.18965116533
tot_aggregated_send: 119654
tot_msg_rcv: 3145
tot_msg_sent: 6448
tot_reconf_duration: 6.279999999999999
tot_sleeping_duration: 8410803.08320002
tot_uptimes: 2188
tot_uptimes_duration: 131220.06079997844
