comms_cons: 846.2483265934327
finished_reconf: true
global_termination_time: 8543117.803
local_termination_time: 4440993.682359999
node_cons: 175724.14008557846
tot_aggregated_send: 118320
tot_msg_rcv: 3509
tot_msg_sent: 6794
tot_reconf_duration: 15.110000000000001
tot_sleeping_duration: 8411897.77260001
tot_uptimes: 2188
tot_uptimes_duration: 131220.0303999891
