comms_cons: 853.7675522384794
finished_reconf: true
global_termination_time: 8546724.104
local_termination_time: 766383.1285199983
node_cons: 175794.6291122822
tot_aggregated_send: 118784
tot_msg_rcv: 3524
tot_msg_sent: 7456
tot_reconf_duration: 7.819999999999999
tot_sleeping_duration: 8415444.037120024
tot_uptimes: 2189
tot_uptimes_duration: 131280.0668799763
