comms_cons: 854.1223810439412
finished_reconf: true
global_termination_time: 8542306.258
local_termination_time: 2021994.6096799984
node_cons: 175712.10817116493
tot_aggregated_send: 118146
tot_msg_rcv: 3787
tot_msg_sent: 7888
tot_reconf_duration: 6.22
tot_sleeping_duration: 8411086.19720002
tot_uptimes: 2188
tot_uptimes_duration: 131220.06079997844
