comms_cons: 22.046899201269458
finished_reconf: true
global_termination_time: 224344.049
local_termination_time: 21.956120000000002
node_cons: 4589.649182240585
tot_aggregated_send: 0
tot_msg_rcv: 51
tot_msg_sent: 3300
tot_reconf_duration: 7.55
tot_sleeping_duration: 220924.03683999958
tot_uptimes: 58
tot_uptimes_duration: 3420.012160000435
