comms_cons: 267.4243839994089
finished_reconf: true
global_termination_time: 2646016.838
local_termination_time: 161321.3993600005
node_cons: 54394.378887821535
tot_aggregated_send: 36656
tot_msg_rcv: 1374
tot_msg_sent: 2617
tot_reconf_duration: 3.05
tot_sleeping_duration: 2605396.795440013
tot_uptimes: 678
tot_uptimes_duration: 40620.042559986876
