comms_cons: 226.6941696017791
finished_reconf: true
global_termination_time: 2251328.6590399984
local_termination_time: 2251328.6179199982
node_cons: 46381.156158865066
tot_aggregated_send: 31190
tot_msg_rcv: 1003
tot_msg_sent: 2262
tot_reconf_duration: 24.59
tot_sleeping_duration: 2216714.945120009
tot_uptimes: 577
tot_uptimes_duration: 34613.713919989474
