comms_cons: 229.01717118753743
finished_reconf: true
global_termination_time: 2253982.663
local_termination_time: 12476.836480000002
node_cons: 46380.96616782649
tot_aggregated_send: 31030
tot_msg_rcv: 1346
tot_msg_sent: 2434
tot_reconf_duration: 18.21
tot_sleeping_duration: 2219362.62044001
tot_uptimes: 578
tot_uptimes_duration: 34620.04255999031
