comms_cons: 224.77271038443158
finished_reconf: true
global_termination_time: 2254498.732
local_termination_time: 1162201.75036
node_cons: 46364.659324466746
tot_aggregated_send: 31204
tot_msg_rcv: 1072
tot_msg_sent: 1888
tot_reconf_duration: 6.22
tot_sleeping_duration: 2219878.7076800093
tot_uptimes: 578
tot_uptimes_duration: 34620.02431999054
