comms_cons: 58.03242239983472
finished_reconf: true
global_termination_time: 591953.3019199994
local_termination_time: 36480.84132000013
node_cons: 12174.947154879286
tot_aggregated_send: 8642
tot_msg_rcv: 51
tot_msg_sent: 127
tot_reconf_duration: 5.57
tot_sleeping_duration: 582866.384
tot_uptimes: 152
tot_uptimes_duration: 9086.917919999454
