comms_cons: 172.7723007986924
finished_reconf: true
global_termination_time: 591953.4479199995
local_termination_time: 3458.8080400000013
node_cons: 24195.24820087932
tot_aggregated_send: 0
tot_msg_rcv: 8814
tot_msg_sent: 17446
tot_reconf_duration: 6.22
tot_sleeping_duration: 573890.116
tot_uptimes: 300
tot_uptimes_duration: 18063.331919999466
