comms_cons: 173.69419513237338
finished_reconf: true
global_termination_time: 877514.069
local_termination_time: 3620.9953600000003
node_cons: 18026.95126448115
tot_aggregated_send: 0
tot_msg_rcv: 13419
tot_msg_sent: 12981
tot_reconf_duration: 22.65
tot_sleeping_duration: 864074.0446799992
tot_uptimes: 225
tot_uptimes_duration: 13440.02432000084
