comms_cons: 87.3454591983409
finished_reconf: true
global_termination_time: 877314.919
local_termination_time: 274397.28736000095
node_cons: 18020.92604416275
tot_aggregated_send: 12412
tot_msg_rcv: 288
tot_msg_sent: 576
tot_reconf_duration: 11.31
tot_sleeping_duration: 863867.8935599979
tot_uptimes: 225
tot_uptimes_duration: 13447.025440002035
