comms_cons: 994.087641870335
finished_reconf: true
global_termination_time: 9936422.189
local_termination_time: 664958.1051999987
node_cons: 204391.60595563572
tot_aggregated_send: 137576
tot_msg_rcv: 4397
tot_msg_sent: 9121
tot_reconf_duration: 4.8100000000000005
tot_sleeping_duration: 9783782.103880025
tot_uptimes: 2545
tot_uptimes_duration: 152640.0851199724
