comms_cons: 993.9637059043055
finished_reconf: true
global_termination_time: 9937275.067
local_termination_time: 955441.638
node_cons: 204393.51259451435
tot_aggregated_send: 137689
tot_msg_rcv: 4679
tot_msg_sent: 8707
tot_reconf_duration: 6.22
tot_sleeping_duration: 9784634.98796003
tot_uptimes: 2545
tot_uptimes_duration: 152640.07903997134
