comms_cons: 47.06101760027667
finished_reconf: true
global_termination_time: 478916.921
local_termination_time: 329130.37348
node_cons: 9817.640199999965
tot_aggregated_send: 6960
tot_msg_rcv: 88
tot_msg_sent: 105
tot_reconf_duration: 11.899999999999999
tot_sleeping_duration: 471596.921
tot_uptimes: 123
tot_uptimes_duration: 7320.0
