comms_cons: 53.77445120125583
finished_reconf: true
global_termination_time: 526266.485
local_termination_time: 320579.12492000026
node_cons: 10783.461142242853
tot_aggregated_send: 7018
tot_msg_rcv: 407
tot_msg_sent: 748
tot_reconf_duration: 13.17
tot_sleeping_duration: 518226.47283999785
tot_uptimes: 135
tot_uptimes_duration: 8040.0121600021375
