comms_cons: 56.008729601602255
finished_reconf: true
global_termination_time: 529287.904
local_termination_time: 73303.71147999995
node_cons: 10850.147768971461
tot_aggregated_send: 6612
tot_msg_rcv: 671
tot_msg_sent: 1230
tot_reconf_duration: 3.08
tot_sleeping_duration: 521187.85535999143
tot_uptimes: 136
tot_uptimes_duration: 8100.04864000855
