comms_cons: 8.783859200001094
finished_reconf: true
global_termination_time: 79008.765
local_termination_time: 44595.80836000001
node_cons: 1631.5454622394411
tot_aggregated_send: 696
tot_msg_rcv: 188
tot_msg_sent: 451
tot_reconf_duration: 18.21
tot_sleeping_duration: 77808.75284000042
tot_uptimes: 21
tot_uptimes_duration: 1200.0121599995837
