comms_cons: 8.968704000000354
finished_reconf: true
global_termination_time: 78153.5532399999
local_termination_time: 8315.351120000003
node_cons: 1645.088970480172
tot_aggregated_send: 696
tot_msg_rcv: 240
tot_msg_sent: 427
tot_reconf_duration: 13.17
tot_sleeping_duration: 76938.31491999977
tot_uptimes: 21
tot_uptimes_duration: 1215.2383200001277
