comms_cons: 9.464896000094171
finished_reconf: true
global_termination_time: 78946.202
local_termination_time: 49714.875720000025
node_cons: 1610.950041120295
tot_aggregated_send: 696
tot_msg_rcv: 277
tot_msg_sent: 466
tot_reconf_duration: 3.05
tot_sleeping_duration: 77746.19591999978
tot_uptimes: 21
tot_uptimes_duration: 1200.0060800002175
