comms_cons: 56.12057600050208
finished_reconf: true
global_termination_time: 563619.225
local_termination_time: 389437.63104000024
node_cons: 11574.929761121386
tot_aggregated_send: 8062
tot_msg_rcv: 179
tot_msg_sent: 289
tot_reconf_duration: 4.390000000000001
tot_sleeping_duration: 554979.218919999
tot_uptimes: 145
tot_uptimes_duration: 8640.006080001069
