comms_cons: 103.71347839197928
finished_reconf: true
global_termination_time: 1004818.121
local_termination_time: 321482.3983600001
node_cons: 20658.43949006075
tot_aggregated_send: 13282
tot_msg_rcv: 854
tot_msg_sent: 1627
tot_reconf_duration: 8.09
tot_sleeping_duration: 989398.0662800145
tot_uptimes: 258
tot_uptimes_duration: 15420.05471998558
