comms_cons: 101.1551999947615
finished_reconf: true
global_termination_time: 1003165.809
local_termination_time: 320962.3697200001
node_cons: 20573.042325593327
tot_aggregated_send: 13862
tot_msg_rcv: 526
tot_msg_sent: 987
tot_reconf_duration: 4.390000000000001
tot_sleeping_duration: 987805.778600005
tot_uptimes: 257
tot_uptimes_duration: 15360.030399995041
