comms_cons: 141.83599359670035
finished_reconf: true
global_termination_time: 1451342.064
local_termination_time: 6725.134
node_cons: 29809.90980111688
tot_aggregated_send: 20934
tot_msg_rcv: 147
tot_msg_sent: 477
tot_reconf_duration: 2.77
tot_sleeping_duration: 1429082.0579200024
tot_uptimes: 372
tot_uptimes_duration: 22260.006079997635
