comms_cons: 142.08565759746907
finished_reconf: true
global_termination_time: 1446992.612
local_termination_time: 4803.655
node_cons: 29744.597422238312
tot_aggregated_send: 21098
tot_msg_rcv: 148
tot_msg_sent: 350
tot_reconf_duration: 13.83
tot_sleeping_duration: 1424792.5998400012
tot_uptimes: 371
tot_uptimes_duration: 22200.012159998703
