comms_cons: 142.84226559578502
finished_reconf: true
global_termination_time: 1446381.514
local_termination_time: 5940.537
node_cons: 29751.60470223831
tot_aggregated_send: 20861
tot_msg_rcv: 307
tot_msg_sent: 543
tot_reconf_duration: 18.990000000000002
tot_sleeping_duration: 1424181.5018400012
tot_uptimes: 371
tot_uptimes_duration: 22200.012159998703
