comms_cons: 142.61794559539644
finished_reconf: true
global_termination_time: 1445584.6120000002
local_termination_time: 6344.036
node_cons: 29774.181261117177
tot_aggregated_send: 20578
tot_msg_rcv: 383
tot_msg_sent: 716
tot_reconf_duration: 11.719999999999999
tot_sleeping_duration: 1423360.3659200023
tot_uptimes: 371
tot_uptimes_duration: 22224.246079997858
