comms_cons: 90.06165760989566
finished_reconf: true
global_termination_time: 409566.5036000002
local_termination_time: 753.7875999999991
node_cons: 8400.821291944603
tot_aggregated_send: 0
tot_msg_rcv: 7572
tot_msg_sent: 6109
tot_reconf_duration: 18.21
tot_sleeping_duration: 403311.0203199818
tot_uptimes: 105
tot_uptimes_duration: 6255.483280018372
