comms_cons: 40.86341120038525
finished_reconf: true
global_termination_time: 411690.258
local_termination_time: 11795.08772
node_cons: 8466.45870000001
tot_aggregated_send: 5858
tot_msg_rcv: 142
tot_msg_sent: 211
tot_reconf_duration: 22.65
tot_sleeping_duration: 405390.258
tot_uptimes: 106
tot_uptimes_duration: 6300.0
