comms_cons: 40.290227199943594
finished_reconf: true
global_termination_time: 411751.567
local_termination_time: 741.9090399999995
node_cons: 8439.88264000001
tot_aggregated_send: 5974
tot_msg_rcv: 34
tot_msg_sent: 116
tot_reconf_duration: 3.08
tot_sleeping_duration: 405451.567
tot_uptimes: 106
tot_uptimes_duration: 6300.0
