comms_cons: 40.27786240012901
finished_reconf: true
global_termination_time: 413254.256
local_termination_time: 374945.7944800001
node_cons: 8439.841900000074
tot_aggregated_send: 6032
tot_msg_rcv: 34
tot_msg_sent: 56
tot_reconf_duration: 3.05
tot_sleeping_duration: 406954.256
tot_uptimes: 106
tot_uptimes_duration: 6300.0
