comms_cons: 250.93251839514525
finished_reconf: true
global_termination_time: 2472275.28
local_termination_time: 611149.2255999988
node_cons: 50886.10081675305
tot_aggregated_send: 33640
tot_msg_rcv: 1597
tot_msg_sent: 2903
tot_reconf_duration: 22.65
tot_sleeping_duration: 2434295.1888000346
tot_uptimes: 634
tot_uptimes_duration: 37980.09119996545
