comms_cons: 243.4217983976467
finished_reconf: true
global_termination_time: 2473302.873
local_termination_time: 1090473.85736
node_cons: 50872.371539999425
tot_aggregated_send: 35902
tot_msg_rcv: 296
tot_msg_sent: 801
tot_reconf_duration: 12.629999999999999
tot_sleeping_duration: 2435322.873
tot_uptimes: 634
tot_uptimes_duration: 37980.0
