comms_cons: 246.58650879371208
finished_reconf: true
global_termination_time: 2472389.706
local_termination_time: 197616.9174800001
node_cons: 50861.27117228508
tot_aggregated_send: 33756
tot_msg_rcv: 1142
tot_msg_sent: 2581
tot_reconf_duration: 4.390000000000001
tot_sleeping_duration: 2434409.6391200256
tot_uptimes: 634
tot_uptimes_duration: 37980.066879974445
