comms_cons: 253.98254079266027
finished_reconf: true
global_termination_time: 2471365.556
local_termination_time: 708090.95636
node_cons: 50859.47587563563
tot_aggregated_send: 33234
tot_msg_rcv: 1874
tot_msg_sent: 3494
tot_reconf_duration: 3.05
tot_sleeping_duration: 2433385.4708800325
tot_uptimes: 633
tot_uptimes_duration: 37980.08511996735
