comms_cons: 248.59289598998248
finished_reconf: true
global_termination_time: 2473639.734
local_termination_time: 1828147.7460799988
node_cons: 50865.90468893434
tot_aggregated_send: 34046
tot_msg_rcv: 1189
tot_msg_sent: 2549
tot_reconf_duration: 7.819999999999999
tot_sleeping_duration: 2435659.685360019
tot_uptimes: 634
tot_uptimes_duration: 37980.04863998131
