comms_cons: 250.76767359970114
finished_reconf: true
global_termination_time: 2474245.103
local_termination_time: 1849306.826999999
node_cons: 50863.74003005167
tot_aggregated_send: 34104
tot_msg_rcv: 1393
tot_msg_sent: 2618
tot_reconf_duration: 6.22
tot_sleeping_duration: 2436265.0482800207
tot_uptimes: 634
tot_uptimes_duration: 37980.05471997941
