comms_cons: 489.01704956755543
finished_reconf: true
global_termination_time: 2471329.1415999974
local_termination_time: 1669.1054800000024
node_cons: 50810.84083398937
tot_aggregated_send: 0
tot_msg_rcv: 37659
tot_msg_sent: 36666
tot_reconf_duration: 11.31
tot_sleeping_duration: 2433393.755600005
tot_uptimes: 633
tot_uptimes_duration: 37935.385999992606
