comms_cons: 177.10611198942772
finished_reconf: true
global_termination_time: 1774948.8271200003
local_termination_time: 70619.36447999996
node_cons: 36510.732184147426
tot_aggregated_send: 24708
tot_msg_rcv: 809
tot_msg_sent: 1403
tot_reconf_duration: 4.8100000000000005
tot_sleeping_duration: 1747686.5416800096
tot_uptimes: 455
tot_uptimes_duration: 27262.285439990694
