comms_cons: 174.08024319347996
finished_reconf: true
global_termination_time: 1775220.882
local_termination_time: 959005.8955199982
node_cons: 36480.321619999755
tot_aggregated_send: 24360
tot_msg_rcv: 772
tot_msg_sent: 1327
tot_reconf_duration: 4.390000000000001
tot_sleeping_duration: 1747980.8820000002
tot_uptimes: 455
tot_uptimes_duration: 27239.999999999884
