comms_cons: 174.23411839704983
finished_reconf: true
global_termination_time: 1777102.403
local_termination_time: 801906.5843999992
node_cons: 36558.84189999995
tot_aggregated_send: 25578
tot_msg_rcv: 323
tot_msg_sent: 580
tot_reconf_duration: 3.05
tot_sleeping_duration: 1749802.403
tot_uptimes: 456
tot_uptimes_duration: 27300.0
