comms_cons: 239.20994545600777
finished_reconf: true
global_termination_time: 1204017.9878799992
local_termination_time: 1918.7890400000015
node_cons: 24822.830239040624
tot_aggregated_send: 0
tot_msg_rcv: 18476
tot_msg_sent: 17878
tot_reconf_duration: 22.65
tot_sleeping_duration: 1185502.624519999
tot_uptimes: 309
tot_uptimes_duration: 18515.36336000044
