comms_cons: 119.08351999914747
finished_reconf: true
global_termination_time: 1207231.719
local_termination_time: 165179.4720400003
node_cons: 24833.50676000004
tot_aggregated_send: 17574
tot_msg_rcv: 183
tot_msg_sent: 343
tot_reconf_duration: 6.22
tot_sleeping_duration: 1188691.719
tot_uptimes: 310
tot_uptimes_duration: 18540.0
