comms_cons: 208.493753590838
finished_reconf: true
global_termination_time: 2103265.367
local_termination_time: 1102601.8785999997
node_cons: 43247.65732111638
tot_aggregated_send: 29928
tot_msg_rcv: 499
tot_msg_sent: 1262
tot_reconf_duration: 18.21
tot_sleeping_duration: 2070985.3609200025
tot_uptimes: 539
tot_uptimes_duration: 32280.006079997635
