comms_cons: 210.93734398540562
finished_reconf: true
global_termination_time: 2100272.553
local_termination_time: 185615.90336000005
node_cons: 43146.778887822016
tot_aggregated_send: 29348
tot_msg_rcv: 909
tot_msg_sent: 1805
tot_reconf_duration: 3.05
tot_sleeping_duration: 2068052.5104400131
tot_uptimes: 538
tot_uptimes_duration: 32220.042559986876
