comms_cons: 37.17905920034543
finished_reconf: true
global_termination_time: 373721.82892000035
local_termination_time: 38417.093360000006
node_cons: 7697.765687121087
tot_aggregated_send: 5220
tot_msg_rcv: 142
tot_msg_sent: 288
tot_reconf_duration: 22.65
tot_sleeping_duration: 367995.9088399995
tot_uptimes: 96
tot_uptimes_duration: 5725.920080000811
