comms_cons: 37.85013760014511
finished_reconf: true
global_termination_time: 373721.63672000007
local_termination_time: 373721.59560000006
node_cons: 7684.202484800751
tot_aggregated_send: 4916
tot_msg_rcv: 236
tot_msg_sent: 598
tot_reconf_duration: 24.59
tot_sleeping_duration: 368007.8135199995
tot_uptimes: 96
tot_uptimes_duration: 5713.823200000545
