comms_cons: 136.36049919352757
finished_reconf: true
global_termination_time: 1364520.586
local_termination_time: 184471.37536000003
node_cons: 28049.279560000014
tot_aggregated_send: 19372
tot_msg_rcv: 541
tot_msg_sent: 813
tot_reconf_duration: 7.819999999999999
tot_sleeping_duration: 1343580.586
tot_uptimes: 350
tot_uptimes_duration: 20940.0
