comms_cons: 227.62908158716675
finished_reconf: true
global_termination_time: 2287823.666
local_termination_time: 294423.9397200006
node_cons: 47029.70754670506
tot_aggregated_send: 31784
tot_msg_rcv: 968
tot_msg_sent: 1846
tot_reconf_duration: 22.65
tot_sleeping_duration: 2252723.629520011
tot_uptimes: 586
tot_uptimes_duration: 35100.03647998924
