comms_cons: 109.42685439513697
finished_reconf: true
global_termination_time: 1096026.2712400004
local_termination_time: 203308.47736000095
node_cons: 22591.444955761395
tot_aggregated_send: 14964
tot_msg_rcv: 617
tot_msg_sent: 1050
tot_reconf_duration: 18.21
tot_sleeping_duration: 1079172.8613999994
tot_uptimes: 281
tot_uptimes_duration: 16853.409840001026
