comms_cons: 104.33953279995478
finished_reconf: true
global_termination_time: 1096096.146
local_termination_time: 426757.10836
node_cons: 22503.654901121427
tot_aggregated_send: 14674
tot_msg_rcv: 428
tot_msg_sent: 757
tot_reconf_duration: 6.22
tot_sleeping_duration: 1079296.1399199988
tot_uptimes: 281
tot_uptimes_duration: 16800.00608000107
