comms_cons: 67.93086720037262
finished_reconf: true
global_termination_time: 689444.7110000001
local_termination_time: 158264.87636000002
node_cons: 14172.291170000159
tot_aggregated_send: 9570
tot_msg_rcv: 214
tot_msg_sent: 541
tot_reconf_duration: 10.95
tot_sleeping_duration: 678871.581
tot_uptimes: 177
tot_uptimes_duration: 10573.130000000121
