comms_cons: 68.21972479910913
finished_reconf: true
global_termination_time: 691826.166
local_termination_time: 327094.5363600009
node_cons: 14226.29094528406
tot_aggregated_send: 9860
tot_msg_rcv: 162
tot_msg_sent: 347
tot_reconf_duration: 4.390000000000001
tot_sleeping_duration: 681206.0544799969
tot_uptimes: 178
tot_uptimes_duration: 10620.111520003062
