comms_cons: 67.93023999945079
finished_reconf: true
global_termination_time: 690606.232
local_termination_time: 215756.052
node_cons: 14157.895511761419
tot_aggregated_send: 9909
tot_msg_rcv: 125
tot_msg_sent: 291
tot_reconf_duration: 11.31
tot_sleeping_duration: 680044.2181599989
tot_uptimes: 177
tot_uptimes_duration: 10562.013840001047
