comms_cons: 99.05643519512172
finished_reconf: true
global_termination_time: 988921.5860000002
local_termination_time: 312741.95332000067
node_cons: 20366.392140000313
tot_aggregated_send: 13804
tot_msg_rcv: 442
tot_msg_sent: 810
tot_reconf_duration: 7.819999999999999
tot_sleeping_duration: 973719.366
tot_uptimes: 254
tot_uptimes_duration: 15202.220000000205
