comms_cons: 98.4188799969496
finished_reconf: true
global_termination_time: 990160.417
local_termination_time: 558562.598
node_cons: 20336.124013514098
tot_aggregated_send: 14149
tot_msg_rcv: 290
tot_msg_sent: 520
tot_reconf_duration: 6.22
tot_sleeping_duration: 974979.1793200045
tot_uptimes: 254
tot_uptimes_duration: 15181.23767999548
