comms_cons: 1.6776959999944572
finished_reconf: true
global_termination_time: 15260.336
local_termination_time: 6956.72236
node_cons: 253.39137999999954
tot_aggregated_send: 0
tot_msg_rcv: 145
tot_msg_sent: 110
tot_reconf_duration: 9.11
tot_sleeping_duration: 15080.336
tot_uptimes: 4
tot_uptimes_duration: 180.0
