comms_cons: 1.7369087999942614
finished_reconf: true
global_termination_time: 15300.731
local_termination_time: 4850.48136
node_cons: 245.16189999999904
tot_aggregated_send: 0
tot_msg_rcv: 148
tot_msg_sent: 116
tot_reconf_duration: 3.05
tot_sleeping_duration: 15120.731
tot_uptimes: 4
tot_uptimes_duration: 180.0
