comms_cons: 442.1995261800972
finished_reconf: true
global_termination_time: 2251124.454
local_termination_time: 3513.25136
node_cons: 46300.577321116216
tot_aggregated_send: 0
tot_msg_rcv: 33811
tot_msg_sent: 33401
tot_reconf_duration: 18.21
tot_sleeping_duration: 2216564.447920002
tot_uptimes: 577
tot_uptimes_duration: 34560.006079997576
