comms_cons: 224.96673918368765
finished_reconf: true
global_termination_time: 2252459.695
local_termination_time: 1110067.93536
node_cons: 46283.42848335005
tot_aggregated_send: 30972
tot_msg_rcv: 1073
tot_msg_sent: 2149
tot_reconf_duration: 5.57
tot_sleeping_duration: 2217899.6767600067
tot_uptimes: 577
tot_uptimes_duration: 34560.0182399929
