comms_cons: 225.07260798343412
finished_reconf: true
global_termination_time: 2249864.367
local_termination_time: 1177282.0223599996
node_cons: 46280.01446446654
tot_aggregated_send: 31842
tot_msg_rcv: 797
tot_msg_sent: 1570
tot_reconf_duration: 3.05
tot_sleeping_duration: 2215304.3426800095
tot_uptimes: 577
tot_uptimes_duration: 34560.02431999054
