comms_cons: 36.1790208010651
finished_reconf: true
global_termination_time: 353457.055
local_termination_time: 140817.65660000007
node_cons: 7237.99022224286
tot_aggregated_send: 4756
tot_msg_rcv: 280
tot_msg_sent: 463
tot_reconf_duration: 5.43
tot_sleeping_duration: 348057.04283999786
tot_uptimes: 91
tot_uptimes_duration: 5400.0121600021375
