comms_cons: 221.22559999084498
finished_reconf: true
global_termination_time: 2244050.007
local_termination_time: 896084.6793599998
node_cons: 46122.7484833499
tot_aggregated_send: 31320
tot_msg_rcv: 853
tot_msg_sent: 1452
tot_reconf_duration: 5.57
tot_sleeping_duration: 2209609.988760007
tot_uptimes: 575
tot_uptimes_duration: 34440.0182399929
