comms_cons: 986.2743031581604
finished_reconf: true
global_termination_time: 2041426.4075999998
local_termination_time: 2041426.3664799999
node_cons: 123798.331684944
tot_aggregated_send: 0
tot_msg_rcv: 60599
tot_msg_sent: 89308
tot_reconf_duration: 24.59
tot_sleeping_duration: 1948995.5349600092
tot_uptimes: 1523
tot_uptimes_duration: 92430.87263999079
