comms_cons: 204.16049278726166
finished_reconf: true
global_termination_time: 2044828.292
local_termination_time: 1125832.76036
node_cons: 42038.700566700754
tot_aggregated_send: 28420
tot_msg_rcv: 816
tot_msg_sent: 1795
tot_reconf_duration: 15.34
tot_sleeping_duration: 2013448.255520014
tot_uptimes: 524
tot_uptimes_duration: 31380.036479985807
