comms_cons: 206.49383038372488
finished_reconf: true
global_termination_time: 2042774.805
local_termination_time: 196274.63604000077
node_cons: 42024.794646700655
tot_aggregated_send: 28246
tot_msg_rcv: 1046
tot_msg_sent: 2093
tot_reconf_duration: 5.1
tot_sleeping_duration: 2011394.7685200141
tot_uptimes: 524
tot_uptimes_duration: 31380.036479985807
