comms_cons: 202.98147838815828
finished_reconf: true
global_termination_time: 2044353.55
local_termination_time: 1546496.9584799998
node_cons: 42026.291183350106
tot_aggregated_send: 27782
tot_msg_rcv: 1079
tot_msg_sent: 1991
tot_reconf_duration: 6.22
tot_sleeping_duration: 2012973.5317600071
tot_uptimes: 524
tot_uptimes_duration: 31380.018239992904
