comms_cons: 2.2698239999951157
finished_reconf: true
global_termination_time: 14710.389
local_termination_time: 3991.3643600000005
node_cons: 249.46676000000033
tot_aggregated_send: 0
tot_msg_rcv: 176
tot_msg_sent: 169
tot_reconf_duration: 6.22
tot_sleeping_duration: 14530.389
tot_uptimes: 4
tot_uptimes_duration: 180.0
