comms_cons: 2.2961407999924126
finished_reconf: true
global_termination_time: 17950.793
local_termination_time: 8906.89036
node_cons: 328.7339399999979
tot_aggregated_send: 0
tot_msg_rcv: 178
tot_msg_sent: 171
tot_reconf_duration: 5.43
tot_sleeping_duration: 17710.793
tot_uptimes: 5
tot_uptimes_duration: 240.0
