comms_cons: 137.96582399695478
finished_reconf: true
global_termination_time: 1384842.11
local_termination_time: 805417.0153599998
node_cons: 28461.19172
tot_aggregated_send: 19720
tot_msg_rcv: 452
tot_msg_sent: 798
tot_reconf_duration: 15.34
tot_sleeping_duration: 1363602.11
tot_uptimes: 355
tot_uptimes_duration: 21240.0
