comms_cons: 140.3738111855725
finished_reconf: true
global_termination_time: 1382621.591
local_termination_time: 481443.23436000006
node_cons: 28451.03654781788
tot_aggregated_send: 18850
tot_msg_rcv: 800
tot_msg_sent: 1686
tot_reconf_duration: 7.819999999999999
tot_sleeping_duration: 1361381.5484400166
tot_uptimes: 355
tot_uptimes_duration: 21240.04255998344
