comms_cons: 136.29470719682172
finished_reconf: true
global_termination_time: 1385394.166
local_termination_time: 847740.5153599998
node_cons: 28455.71897999996
tot_aggregated_send: 20068
tot_msg_rcv: 250
tot_msg_sent: 398
tot_reconf_duration: 11.31
tot_sleeping_duration: 1364154.166
tot_uptimes: 355
tot_uptimes_duration: 21240.0
