comms_cons: 136.6087359968238
finished_reconf: true
global_termination_time: 1383613.986
local_termination_time: 709707.5073599998
node_cons: 28447.733939999955
tot_aggregated_send: 19894
tot_msg_rcv: 236
tot_msg_sent: 633
tot_reconf_duration: 5.43
tot_sleeping_duration: 1362373.986
tot_uptimes: 355
tot_uptimes_duration: 21240.0
