comms_cons: 612.0498170750867
finished_reconf: true
global_termination_time: 2099803.089
local_termination_time: 153914.57980000027
node_cons: 85756.76022915161
tot_aggregated_send: 0
tot_msg_rcv: 31155
tot_msg_sent: 61873
tot_reconf_duration: 13.17
tot_sleeping_duration: 2035771.0685600047
tot_uptimes: 1061
tot_uptimes_duration: 64032.02043999537
