comms_cons: 207.04147199381117
finished_reconf: true
global_termination_time: 2099060.531
local_termination_time: 476748.113
node_cons: 43163.9859735177
tot_aggregated_send: 30386
tot_msg_rcv: 331
tot_msg_sent: 752
tot_reconf_duration: 11.899999999999999
tot_sleeping_duration: 2066836.6133200014
tot_uptimes: 538
tot_uptimes_duration: 32223.917679998616
