comms_cons: 215.44231037921483
finished_reconf: true
global_termination_time: 2101843.458
local_termination_time: 153900.58648000006
node_cons: 43229.533391181714
tot_aggregated_send: 28246
tot_msg_rcv: 1531
tot_msg_sent: 2970
tot_reconf_duration: 4.8100000000000005
tot_sleeping_duration: 2069563.3972000135
tot_uptimes: 539
tot_uptimes_duration: 32280.060799986648
