comms_cons: 179.32330239318833
finished_reconf: true
global_termination_time: 1798090.506
local_termination_time: 1193928.0103599997
node_cons: 36974.2930011166
tot_aggregated_send: 25578
tot_msg_rcv: 588
tot_msg_sent: 1090
tot_reconf_duration: 13.17
tot_sleeping_duration: 1770490.4999200024
tot_uptimes: 461
tot_uptimes_duration: 27600.006079997635
