comms_cons: 179.9476991857837
finished_reconf: true
global_termination_time: 1797023.611
local_termination_time: 1162093.08748
node_cons: 36960.58263999997
tot_aggregated_send: 25462
tot_msg_rcv: 672
tot_msg_sent: 1217
tot_reconf_duration: 3.08
tot_sleeping_duration: 1769423.611
tot_uptimes: 461
tot_uptimes_duration: 27600.0
