comms_cons: 179.6364543901656
finished_reconf: true
global_termination_time: 1799556.882
local_termination_time: 597543.4643599999
node_cons: 36973.55153999988
tot_aggregated_send: 25462
tot_msg_rcv: 635
tot_msg_sent: 1207
tot_reconf_duration: 12.629999999999999
tot_sleeping_duration: 1771956.882
tot_uptimes: 461
tot_uptimes_duration: 27600.0
