comms_cons: 181.777343983795
finished_reconf: true
global_termination_time: 1798220.105
local_termination_time: 495408.17436000006
node_cons: 36963.830927826886
tot_aggregated_send: 24476
tot_msg_rcv: 983
tot_msg_sent: 2171
tot_reconf_duration: 5.43
tot_sleeping_duration: 1770620.0624400096
tot_uptimes: 461
tot_uptimes_duration: 27600.04255999031
