comms_cons: 633.9006843738644
finished_reconf: true
global_termination_time: 2178453.082
local_termination_time: 560337.9095999998
node_cons: 88763.99563799766
tot_aggregated_send: 0
tot_msg_rcv: 32307
tot_msg_sent: 64042
tot_reconf_duration: 13.17
tot_sleeping_duration: 2112175.1799999997
tot_uptimes: 1097
tot_uptimes_duration: 66277.90199999994
