comms_cons: 219.85249278031662
finished_reconf: true
global_termination_time: 2176603.389239997
local_termination_time: 184529.37784000058
node_cons: 44800.57537493969
tot_aggregated_send: 29928
tot_msg_rcv: 1127
tot_msg_sent: 2359
tot_reconf_duration: 22.65
tot_sleeping_duration: 2143168.1266000117
tot_uptimes: 558
tot_uptimes_duration: 33435.26263998519
