comms_cons: 428.0221437105962
finished_reconf: true
global_termination_time: 2178453.082
local_termination_time: 560329.9084799999
node_cons: 44757.85932446698
tot_aggregated_send: 0
tot_msg_rcv: 32749
tot_msg_sent: 32308
tot_reconf_duration: 6.22
tot_sleeping_duration: 2145033.0576800094
tot_uptimes: 558
tot_uptimes_duration: 33420.02431999054
