comms_cons: 33.58086400007992
finished_reconf: true
global_termination_time: 342509.013
local_termination_time: 247087.07736000005
node_cons: 7000.574361121434
tot_aggregated_send: 4930
tot_msg_rcv: 64
tot_msg_sent: 110
tot_reconf_duration: 8.09
tot_sleeping_duration: 337289.0069199989
tot_uptimes: 88
tot_uptimes_duration: 5220.006080001069
