comms_cons: 256.95688958885694
finished_reconf: true
global_termination_time: 2596244.554
local_termination_time: 856268.6987199998
node_cons: 53389.195384901286
tot_aggregated_send: 36308
tot_msg_rcv: 920
tot_msg_sent: 1828
tot_reconf_duration: 18.21
tot_sleeping_duration: 2556390.5837200135
tot_uptimes: 665
tot_uptimes_duration: 39853.97027998668
