comms_cons: 259.3571263905626
finished_reconf: true
global_termination_time: 2595568.911
local_termination_time: 231236.202
node_cons: 53378.076974602096
tot_aggregated_send: 35494
tot_msg_rcv: 1245
tot_msg_sent: 2686
tot_reconf_duration: 22.65
tot_sleeping_duration: 2555727.7472400274
tot_uptimes: 665
tot_uptimes_duration: 39841.16375997232
