comms_cons: 259.52460157940584
finished_reconf: true
global_termination_time: 2595910.45
local_termination_time: 1817248.6666399993
node_cons: 53353.3566244669
tot_aggregated_send: 35206
tot_msg_rcv: 1450
tot_msg_sent: 2791
tot_reconf_duration: 5.57
tot_sleeping_duration: 2556070.425680009
tot_uptimes: 665
tot_uptimes_duration: 39840.02431999077
