comms_cons: 257.09132799437737
finished_reconf: true
global_termination_time: 2595062.261
local_termination_time: 665208.0123599998
node_cons: 53349.9426399991
tot_aggregated_send: 37120
tot_msg_rcv: 622
tot_msg_sent: 1334
tot_reconf_duration: 3.08
tot_sleeping_duration: 2555222.261
tot_uptimes: 665
tot_uptimes_duration: 39840.0
