comms_cons: 263.17988479256377
finished_reconf: true
global_termination_time: 2599072.104
local_termination_time: 135524.60436000006
node_cons: 53432.19187787372
tot_aggregated_send: 35264
tot_msg_rcv: 1637
tot_msg_sent: 3101
tot_reconf_duration: 4.390000000000001
tot_sleeping_duration: 2559172.006720034
tot_uptimes: 666
tot_uptimes_duration: 39900.09727996605
