comms_cons: 266.1771584034176
finished_reconf: true
global_termination_time: 2595666.712
local_termination_time: 402808.2913600001
node_cons: 53366.68941340642
tot_aggregated_send: 34626
tot_msg_rcv: 1955
tot_msg_sent: 3878
tot_reconf_duration: 15.34
tot_sleeping_duration: 2555826.6390400245
tot_uptimes: 665
tot_uptimes_duration: 39840.072959975514
