comms_cons: 103.93162239954137
finished_reconf: true
global_termination_time: 1064740.637
local_termination_time: 230785.44336000003
node_cons: 21863.099560000006
tot_aggregated_send: 15196
tot_msg_rcv: 182
tot_msg_sent: 419
tot_reconf_duration: 7.819999999999999
tot_sleeping_duration: 1048420.6370000001
tot_uptimes: 273
tot_uptimes_duration: 16320.0
