comms_cons: 58.369216000279934
finished_reconf: true
global_termination_time: 581397.921
local_termination_time: 106210.40335999997
node_cons: 11898.856381121444
tot_aggregated_send: 7830
tot_msg_rcv: 287
tot_msg_sent: 755
tot_reconf_duration: 6.279999999999999
tot_sleeping_duration: 572517.914919999
tot_uptimes: 149
tot_uptimes_duration: 8880.006080001069
