comms_cons: 60.46347519876947
finished_reconf: true
global_termination_time: 579646.227
local_termination_time: 199712.45948000008
node_cons: 11897.286505602578
tot_aggregated_send: 7424
tot_msg_rcv: 601
tot_msg_sent: 1164
tot_reconf_duration: 5.1
tot_sleeping_duration: 570766.196599998
tot_uptimes: 149
tot_uptimes_duration: 8880.03040000191
