comms_cons: 59.24569599936767
finished_reconf: true
global_termination_time: 580607.928
local_termination_time: 465517.28436
node_cons: 11896.297902238219
tot_aggregated_send: 7830
tot_msg_rcv: 450
tot_msg_sent: 725
tot_reconf_duration: 4.390000000000001
tot_sleeping_duration: 571727.9158400012
tot_uptimes: 149
tot_uptimes_duration: 8880.012159998703
