comms_cons: 39.48835840002316
finished_reconf: true
global_termination_time: 403477.397
local_termination_time: 55614.227360000004
node_cons: 8279.202640000003
tot_aggregated_send: 5916
tot_msg_rcv: 30
tot_msg_sent: 56
tot_reconf_duration: 3.08
tot_sleeping_duration: 397297.397
tot_uptimes: 104
tot_uptimes_duration: 6180.0
