comms_cons: 414.00506885993155
finished_reconf: true
global_termination_time: 4127032.722
local_termination_time: 2017412.1850399992
node_cons: 84851.8730655828
tot_aggregated_send: 57826
tot_msg_rcv: 1678
tot_msg_sent: 3422
tot_reconf_duration: 9.42
tot_sleeping_duration: 4063672.691600011
tot_uptimes: 1057
tot_uptimes_duration: 63360.03039998887
