comms_cons: 407.4708160274324
finished_reconf: true
global_termination_time: 4123317.523
local_termination_time: 2295588.10748
node_cons: 84774.86834111482
tot_aggregated_send: 59392
tot_msg_rcv: 750
tot_msg_sent: 1789
tot_reconf_duration: 11.899999999999999
tot_sleeping_duration: 4060017.516920002
tot_uptimes: 1056
tot_uptimes_duration: 63300.00607999787
