comms_cons: 417.3964352815831
finished_reconf: true
global_termination_time: 4123373.135
local_termination_time: 2240900.00036
node_cons: 84764.71860781738
tot_aggregated_send: 56724
tot_msg_rcv: 2246
tot_msg_sent: 4471
tot_reconf_duration: 4.390000000000001
tot_sleeping_duration: 4060073.092440015
tot_uptimes: 1056
tot_uptimes_duration: 63300.042559984606
