comms_cons: 414.72744328062504
finished_reconf: true
global_termination_time: 4121178.425
local_termination_time: 1696627.8274799979
node_cons: 84784.94676388559
tot_aggregated_send: 57420
tot_msg_rcv: 1837
tot_msg_sent: 3779
tot_reconf_duration: 11.31
tot_sleeping_duration: 4057870.2937200237
tot_uptimes: 1056
tot_uptimes_duration: 63308.131279975874
