comms_cons: 412.8181376658789
finished_reconf: true
global_termination_time: 4125605.017
local_termination_time: 289812.0145200004
node_cons: 84846.47092781718
tot_aggregated_send: 57652
tot_msg_rcv: 1684
tot_msg_sent: 3410
tot_reconf_duration: 5.43
tot_sleeping_duration: 4062244.9744400154
tot_uptimes: 1057
tot_uptimes_duration: 63360.042559984606
