comms_cons: 54.48360960050185
finished_reconf: true
global_termination_time: 582469.449
local_termination_time: 50372.530000000006
node_cons: 11976.637902240607
tot_aggregated_send: 7653
tot_msg_rcv: 216
tot_msg_sent: 413
tot_reconf_duration: 4.390000000000001
tot_sleeping_duration: 573529.4368399996
tot_uptimes: 150
tot_uptimes_duration: 8940.012160000435
