comms_cons: 55.417856000411604
finished_reconf: true
global_termination_time: 557629.288
local_termination_time: 44516.18452000017
node_cons: 11434.054665280197
tot_aggregated_send: 7888
tot_msg_rcv: 198
tot_msg_sent: 338
tot_reconf_duration: 15.34
tot_sleeping_duration: 549105.5964799998
tot_uptimes: 143
tot_uptimes_duration: 8523.691520000139
