comms_cons: 165.32019194089733
finished_reconf: true
global_termination_time: 838501.7895999999
local_termination_time: 1779.6963600000004
node_cons: 17238.074751759577
tot_aggregated_send: 0
tot_msg_rcv: 12719
tot_msg_sent: 12407
tot_reconf_duration: 18.21
tot_sleeping_duration: 825646.4157600002
tot_uptimes: 215
tot_uptimes_duration: 12855.373839999666
