comms_cons: 86.46287359527277
finished_reconf: true
global_termination_time: 842884.829
local_termination_time: 371810.3498000008
node_cons: 17293.972425593416
tot_aggregated_send: 11310
tot_msg_rcv: 675
tot_msg_sent: 1156
tot_reconf_duration: 15.34
tot_sleeping_duration: 829984.798600005
tot_uptimes: 216
tot_uptimes_duration: 12900.030399995041
