comms_cons: 85.82566399504
finished_reconf: true
global_termination_time: 842183.904
local_termination_time: 455627.1684800001
node_cons: 17284.12692558882
tot_aggregated_send: 10904
tot_msg_rcv: 707
tot_msg_sent: 1434
tot_reconf_duration: 8.09
tot_sleeping_duration: 829283.8736000084
tot_uptimes: 216
tot_uptimes_duration: 12900.030399991607
