comms_cons: 456.97212167267253
finished_reconf: true
global_termination_time: 4536003.108
local_termination_time: 444468.03260000097
node_cons: 93292.69813005903
tot_aggregated_send: 63626
tot_msg_rcv: 2120
tot_msg_sent: 3712
tot_reconf_duration: 13.17
tot_sleeping_duration: 4466343.053280014
tot_uptimes: 1162
tot_uptimes_duration: 69660.05471998628
