comms_cons: 455.20672648910664
finished_reconf: true
global_termination_time: 4538057.167
local_termination_time: 2217494.63736
node_cons: 93380.51530558309
tot_aggregated_send: 63626
tot_msg_rcv: 1801
tot_msg_sent: 3760
tot_reconf_duration: 18.700000000000003
tot_sleeping_duration: 4468337.136600012
tot_uptimes: 1163
tot_uptimes_duration: 69720.0303999891
