comms_cons: 63.43006720095332
finished_reconf: true
global_termination_time: 630073.761
local_termination_time: 326336.25700000045
node_cons: 12945.367701121459
tot_aggregated_send: 8816
tot_msg_rcv: 306
tot_msg_sent: 519
tot_reconf_duration: 7.819999999999999
tot_sleeping_duration: 620413.754919999
tot_uptimes: 162
tot_uptimes_duration: 9660.006080001069
