comms_cons: 272.5014334164565
finished_reconf: true
global_termination_time: 1462253.9870000004
local_termination_time: 408869.78236000007
node_cons: 30118.63112335114
tot_aggregated_send: 0
tot_msg_rcv: 20991
tot_msg_sent: 20431
tot_reconf_duration: 4.8100000000000005
tot_sleeping_duration: 1439765.488760007
tot_uptimes: 375
tot_uptimes_duration: 22488.49823999335
