comms_cons: 145.5319039920035
finished_reconf: true
global_termination_time: 1465760.409
local_termination_time: 788270.587
node_cons: 30143.66834111691
tot_aggregated_send: 20758
tot_msg_rcv: 381
tot_msg_sent: 981
tot_reconf_duration: 11.899999999999999
tot_sleeping_duration: 1443260.4029200024
tot_uptimes: 376
tot_uptimes_duration: 22500.006079997635
