comms_cons: 148.11984638998143
finished_reconf: true
global_termination_time: 1467966.363
local_termination_time: 611372.7493599999
node_cons: 30131.666323350608
tot_aggregated_send: 19662
tot_msg_rcv: 1040
tot_msg_sent: 1811
tot_reconf_duration: 3.05
tot_sleeping_duration: 1445466.344760007
tot_uptimes: 376
tot_uptimes_duration: 22500.018239992904
