comms_cons: 151.27541758241867
finished_reconf: true
global_termination_time: 1465315.854
local_termination_time: 888530.8454799989
node_cons: 30148.356143350502
tot_aggregated_send: 18966
tot_msg_rcv: 1420
tot_msg_sent: 2608
tot_reconf_duration: 15.34
tot_sleeping_duration: 1442815.8357600071
tot_uptimes: 376
tot_uptimes_duration: 22500.018239992904
