comms_cons: 1.434265599998609
finished_reconf: true
global_termination_time: 10552.68848
local_termination_time: 10552.64736
node_cons: 212.4316598400075
tot_aggregated_send: 0
tot_msg_rcv: 106
tot_msg_sent: 111
tot_reconf_duration: 24.59
tot_sleeping_duration: 10418.977919999996
tot_uptimes: 3
tot_uptimes_duration: 133.71056000000544
