comms_cons: 172.96716799083825
finished_reconf: true
global_termination_time: 1733497.202
local_termination_time: 1082180.727999998
node_cons: 35648.89472511421
tot_aggregated_send: 24708
tot_msg_rcv: 603
tot_msg_sent: 979
tot_reconf_duration: 25.299999999999997
tot_sleeping_duration: 1706899.3399200044
tot_uptimes: 444
tot_uptimes_duration: 26597.862079995684
