comms_cons: 171.51316479404662
finished_reconf: true
global_termination_time: 1730859.227
local_termination_time: 718200.2453599988
node_cons: 35601.606219999885
tot_aggregated_send: 24940
tot_msg_rcv: 380
tot_msg_sent: 749
tot_reconf_duration: 8.09
tot_sleeping_duration: 1704279.227
tot_uptimes: 444
tot_uptimes_duration: 26580.0
