comms_cons: 175.8955391838872
finished_reconf: true
global_termination_time: 1733373.475
local_termination_time: 1092045.7623599996
node_cons: 35594.8188878175
tot_aggregated_send: 23258
tot_msg_rcv: 1189
tot_msg_sent: 2288
tot_reconf_duration: 3.05
tot_sleeping_duration: 1706793.4324400167
tot_uptimes: 444
tot_uptimes_duration: 26580.04255998344
