comms_cons: 245.06787839125082
finished_reconf: true
global_termination_time: 2494143.69
local_termination_time: 647749.3614799997
node_cons: 51278.87018071879
tot_aggregated_send: 35670
tot_msg_rcv: 483
tot_msg_sent: 1096
tot_reconf_duration: 11.31
tot_sleeping_duration: 2455858.76752
tot_uptimes: 639
tot_uptimes_duration: 38284.92247999972
