comms_cons: 207.51580159081448
finished_reconf: true
global_termination_time: 2136504.285
local_termination_time: 1026235.8323599999
node_cons: 43953.56034223316
tot_aggregated_send: 29348
tot_msg_rcv: 683
tot_msg_sent: 1512
tot_reconf_duration: 5.57
tot_sleeping_duration: 2103684.272840005
tot_uptimes: 548
tot_uptimes_duration: 32820.01215999527
