comms_cons: 210.8476607866886
finished_reconf: true
global_termination_time: 2137235.168
local_termination_time: 989668.8632799982
node_cons: 43952.9465055837
tot_aggregated_send: 29232
tot_msg_rcv: 953
tot_msg_sent: 1862
tot_reconf_duration: 5.1
tot_sleeping_duration: 2104415.137600012
tot_uptimes: 548
tot_uptimes_duration: 32820.03039998817
