comms_cons: 442.2809213777115
finished_reconf: true
global_termination_time: 2249879.2525999974
local_termination_time: 2308.4020400000013
node_cons: 46321.14661062987
tot_aggregated_send: 0
tot_msg_rcv: 33817
tot_msg_sent: 33405
tot_reconf_duration: 18.21
tot_sleeping_duration: 2215303.8848400046
tot_uptimes: 577
tot_uptimes_duration: 34575.367759992834
