comms_cons: 223.2039615862189
finished_reconf: true
global_termination_time: 2250104.997
local_termination_time: 555298.9517599992
node_cons: 46282.40454446687
tot_aggregated_send: 31436
tot_msg_rcv: 771
tot_msg_sent: 1718
tot_reconf_duration: 4.8100000000000005
tot_sleeping_duration: 2215544.9726800094
tot_uptimes: 577
tot_uptimes_duration: 34560.02431999054
