comms_cons: 222.45673598324905
finished_reconf: true
global_termination_time: 2250311.717
local_termination_time: 1030939.0183199996
node_cons: 46281.82604334999
tot_aggregated_send: 30914
tot_msg_rcv: 828
tot_msg_sent: 2070
tot_reconf_duration: 4.390000000000001
tot_sleeping_duration: 2215751.698760007
tot_uptimes: 577
tot_uptimes_duration: 34560.0182399929
