comms_cons: 222.7190783855704
finished_reconf: true
global_termination_time: 2251237.36
local_termination_time: 1234217.3900000001
node_cons: 46287.51276383352
tot_aggregated_send: 31490
tot_msg_rcv: 759
tot_msg_sent: 1603
tot_reconf_duration: 7.819999999999999
tot_sleeping_duration: 2216676.5734400046
tot_uptimes: 577
tot_uptimes_duration: 34560.7865599955
