comms_cons: 29.113587200015754
finished_reconf: true
global_termination_time: 291044.303
local_termination_time: 156514.663
node_cons: 5961.425522081354
tot_aggregated_send: 4057
tot_msg_rcv: 136
tot_msg_sent: 232
tot_reconf_duration: 8.09
tot_sleeping_duration: 286600.36027999903
tot_uptimes: 75
tot_uptimes_duration: 4443.9427200010105
