comms_cons: 42.962176000131876
finished_reconf: true
global_termination_time: 440785.76
local_termination_time: 134420.31036000003
node_cons: 9002.262639999994
tot_aggregated_send: 6438
tot_msg_rcv: 36
tot_msg_sent: 56
tot_reconf_duration: 3.08
tot_sleeping_duration: 434065.76
tot_uptimes: 113
tot_uptimes_duration: 6720.0
