comms_cons: 11.813375999896815
finished_reconf: true
global_termination_time: 104568.547
local_termination_time: 72686.30435999997
node_cons: 2106.7411422394393
tot_aggregated_send: 928
tot_msg_rcv: 297
tot_msg_sent: 570
tot_reconf_duration: 13.17
tot_sleeping_duration: 103008.53484000041
tot_uptimes: 27
tot_uptimes_duration: 1560.0121599995837
