comms_cons: 13.248819199896502
finished_reconf: true
global_termination_time: 108301.12
local_termination_time: 12527.17248
node_cons: 2199.9549822394415
tot_aggregated_send: 870
tot_msg_rcv: 463
tot_msg_sent: 681
tot_reconf_duration: 22.65
tot_sleeping_duration: 106681.1078400004
tot_uptimes: 28
tot_uptimes_duration: 1620.0121599995837
