comms_cons: 12.955980799914078
finished_reconf: true
global_termination_time: 103783.62
local_termination_time: 59645.142360000005
node_cons: 2104.2152622394387
tot_aggregated_send: 696
tot_msg_rcv: 519
tot_msg_sent: 756
tot_reconf_duration: 11.31
tot_sleeping_duration: 102223.60784000042
tot_uptimes: 27
tot_uptimes_duration: 1560.0121599995837
