comms_cons: 251.5248127925546
finished_reconf: true
global_termination_time: 2528120.935
local_termination_time: 568462.8423599999
node_cons: 52000.86056670049
tot_aggregated_send: 34336
tot_msg_rcv: 1362
tot_msg_sent: 2533
tot_reconf_duration: 15.34
tot_sleeping_duration: 2489300.8985200142
tot_uptimes: 648
tot_uptimes_duration: 38820.03647998604
