comms_cons: 254.20233600397586
finished_reconf: true
global_termination_time: 2529352.242
local_termination_time: 779940.051359998
node_cons: 51986.099086386916
tot_aggregated_send: 35496
tot_msg_rcv: 1110
tot_msg_sent: 2031
tot_reconf_duration: 4.390000000000001
tot_sleeping_duration: 2490532.124400009
tot_uptimes: 648
tot_uptimes_duration: 38820.1175999908
