comms_cons: 255.66133122775753
finished_reconf: true
global_termination_time: 2529963.415
local_termination_time: 27701.80936
node_cons: 51988.46746558369
tot_aggregated_send: 34916
tot_msg_rcv: 1330
tot_msg_sent: 2614
tot_reconf_duration: 6.22
tot_sleeping_duration: 2491143.3846000116
tot_uptimes: 648
tot_uptimes_duration: 38820.030399988405
