comms_cons: 87.4447743966154
finished_reconf: true
global_termination_time: 879090.7914799999
local_termination_time: 879090.75036
node_cons: 18145.661219838978
tot_aggregated_send: 12412
tot_msg_rcv: 257
tot_msg_sent: 622
tot_reconf_duration: 37.410000000000004
tot_sleeping_duration: 865577.0809200007
tot_uptimes: 226
tot_uptimes_duration: 13513.710559999206
