comms_cons: 89.20737279923517
finished_reconf: true
global_termination_time: 879090.97224
local_termination_time: 233965.26716000077
node_cons: 18128.901596722568
tot_aggregated_send: 12064
tot_msg_rcv: 535
tot_msg_sent: 959
tot_reconf_duration: 18.21
tot_sleeping_duration: 865570.3057599982
tot_uptimes: 226
tot_uptimes_duration: 13520.666480001906
