comms_cons: 0.4473855999985245
finished_reconf: true
global_termination_time: 3279.535440000003
local_termination_time: 3261.9953600000003
node_cons: 69.08049616000406
tot_aggregated_send: 0
tot_msg_rcv: 55
tot_msg_sent: 12
tot_reconf_duration: 15.34
tot_sleeping_duration: 3243.502
tot_uptimes: 1
tot_uptimes_duration: 36.033440000002884
