comms_cons: 197.86943998633845
finished_reconf: true
global_termination_time: 1980006.75
local_termination_time: 856449.1344799999
node_cons: 40740.932663350235
tot_aggregated_send: 27434
tot_msg_rcv: 898
tot_msg_sent: 1743
tot_reconf_duration: 6.279999999999999
tot_sleeping_duration: 1949586.731760007
tot_uptimes: 508
tot_uptimes_duration: 30420.018239992904
