comms_cons: 198.89579518460945
finished_reconf: true
global_termination_time: 1980319.941
local_termination_time: 52179.93860000002
node_cons: 40766.80252893437
tot_aggregated_send: 27608
tot_msg_rcv: 877
tot_msg_sent: 1746
tot_reconf_duration: 25.299999999999997
tot_sleeping_duration: 1949899.892360019
tot_uptimes: 508
tot_uptimes_duration: 30420.048639981076
