comms_cons: 196.02359678867867
finished_reconf: true
global_termination_time: 1981840.754
local_termination_time: 1200155.9405599984
node_cons: 40738.34161999957
tot_aggregated_send: 27608
tot_msg_rcv: 733
tot_msg_sent: 1452
tot_reconf_duration: 4.390000000000001
tot_sleeping_duration: 1951420.754
tot_uptimes: 508
tot_uptimes_duration: 30420.0
