comms_cons: 298.6891005807332
finished_reconf: true
global_termination_time: 1983091.595
local_termination_time: 1468300.2853599999
node_cons: 40747.73897999978
tot_aggregated_send: 0
tot_msg_rcv: 22843
tot_msg_sent: 22556
tot_reconf_duration: 11.31
tot_sleeping_duration: 1952671.595
tot_uptimes: 508
tot_uptimes_duration: 30420.0
