comms_cons: 194.9482751926299
finished_reconf: true
global_termination_time: 1981937.304
local_termination_time: 1450435.9513599998
node_cons: 40739.75393999962
tot_aggregated_send: 27782
tot_msg_rcv: 615
tot_msg_sent: 1234
tot_reconf_duration: 5.43
tot_sleeping_duration: 1951517.304
tot_uptimes: 508
tot_uptimes_duration: 30420.0
