comms_cons: 132.77815038010746
finished_reconf: true
global_termination_time: 674163.134
local_termination_time: 576.2120399999994
node_cons: 13849.254982242881
tot_aggregated_send: 0
tot_msg_rcv: 10215
tot_msg_sent: 9965
tot_reconf_duration: 22.65
tot_sleeping_duration: 663843.1218399978
tot_uptimes: 173
tot_uptimes_duration: 10320.012160002138
