comms_cons: 389.40968964010835
finished_reconf: true
global_termination_time: 3879879.298
local_termination_time: 2135589.8043599976
node_cons: 79808.39498223187
tot_aggregated_send: 54346
tot_msg_rcv: 1612
tot_msg_sent: 3230
tot_reconf_duration: 22.65
tot_sleeping_duration: 3820299.285840004
tot_uptimes: 994
tot_uptimes_duration: 59580.0121599955
