comms_cons: 393.9423552771802
finished_reconf: true
global_termination_time: 3878705.514
local_termination_time: 8121.500480000001
node_cons: 79786.23779228902
tot_aggregated_send: 53418
tot_msg_rcv: 2274
tot_msg_sent: 4184
tot_reconf_duration: 6.279999999999999
tot_sleeping_duration: 3819125.4471200216
tot_uptimes: 994
tot_uptimes_duration: 59580.066879978345
