comms_cons: 389.0540672457206
finished_reconf: true
global_termination_time: 3875622.975
local_termination_time: 2465367.47848
node_cons: 79722.6990233494
tot_aggregated_send: 53824
tot_msg_rcv: 1608
tot_msg_sent: 3702
tot_reconf_duration: 18.700000000000003
tot_sleeping_duration: 3816102.9567600065
tot_uptimes: 993
tot_uptimes_duration: 59520.01823999337
