comms_cons: 393.77827847002277
finished_reconf: true
global_termination_time: 3877769.717
local_termination_time: 854274.283239998
node_cons: 79791.61491117386
tot_aggregated_send: 53476
tot_msg_rcv: 2255
tot_msg_sent: 4121
tot_reconf_duration: 7.819999999999999
tot_sleeping_duration: 3818187.1962000183
tot_uptimes: 994
tot_uptimes_duration: 59582.520799981896
