comms_cons: 393.0683520550051
finished_reconf: true
global_termination_time: 3876972.025
local_termination_time: 259210.44936000006
node_cons: 79718.20127228902
tot_aggregated_send: 53708
tot_msg_rcv: 2210
tot_msg_sent: 3827
tot_reconf_duration: 15.34
tot_sleeping_duration: 3817451.9581200215
tot_uptimes: 993
tot_uptimes_duration: 59520.066879978345
