comms_cons: 39.89059840161265
finished_reconf: true
global_termination_time: 353885.07724000025
local_termination_time: 19154.3182
node_cons: 7289.289754967495
tot_aggregated_send: 3770
tot_msg_rcv: 889
tot_msg_sent: 1406
tot_reconf_duration: 18.21
tot_sleeping_duration: 348459.71459999465
tot_uptimes: 91
tot_uptimes_duration: 5425.362640005595
