comms_cons: 35.24477440036268
finished_reconf: true
global_termination_time: 357230.604
local_termination_time: 290636.50648000004
node_cons: 7319.386759999971
tot_aggregated_send: 5104
tot_msg_rcv: 84
tot_msg_sent: 169
tot_reconf_duration: 6.22
tot_sleeping_duration: 351770.604
tot_uptimes: 92
tot_uptimes_duration: 5460.0
