comms_cons: 88.6039679946907
finished_reconf: true
global_termination_time: 874397.572
local_termination_time: 137135.29144000067
node_cons: 17947.33914488029
tot_aggregated_send: 11716
tot_msg_rcv: 546
tot_msg_sent: 1207
tot_reconf_duration: 22.65
tot_sleeping_duration: 861017.0040799998
tot_uptimes: 224
tot_uptimes_duration: 13380.567920000205
