comms_cons: 88.24601599516083
finished_reconf: true
global_termination_time: 869587.397
local_termination_time: 111708.15947999996
node_cons: 17848.306317034392
tot_aggregated_send: 11832
tot_msg_rcv: 540
tot_msg_sent: 1040
tot_reconf_duration: 9.42
tot_sleeping_duration: 856267.3716400042
tot_uptimes: 223
tot_uptimes_duration: 13320.025359995794
