comms_cons: 88.91851519319319
finished_reconf: true
global_termination_time: 874370.686
local_termination_time: 183610.82636000006
node_cons: 17941.247164481167
tot_aggregated_send: 11832
tot_msg_rcv: 595
tot_msg_sent: 1088
tot_reconf_duration: 18.700000000000003
tot_sleeping_duration: 860990.6616799991
tot_uptimes: 224
tot_uptimes_duration: 13380.02432000084
