comms_cons: 84.94405119925564
finished_reconf: true
global_termination_time: 871279.788
local_termination_time: 711738.3657599981
node_cons: 17935.13188463752
tot_aggregated_send: 12528
tot_msg_rcv: 104
tot_msg_sent: 279
tot_reconf_duration: 11.899999999999999
tot_sleeping_duration: 857897.4342400018
tot_uptimes: 224
tot_uptimes_duration: 13382.353759998106
