comms_cons: 90.60013439622136
finished_reconf: true
global_termination_time: 870917.268
local_termination_time: 14396.93388
node_cons: 17924.323747845443
tot_aggregated_send: 10962
tot_msg_rcv: 828
tot_msg_sent: 1980
tot_reconf_duration: 6.22
tot_sleeping_duration: 857537.225439996
tot_uptimes: 224
tot_uptimes_duration: 13380.042560004047
