comms_cons: 128.08449279197356
finished_reconf: true
global_termination_time: 1267225.5175199993
local_termination_time: 206447.08736000003
node_cons: 26099.37075999383
tot_aggregated_send: 17400
tot_msg_rcv: 661
tot_msg_sent: 1406
tot_reconf_duration: 18.21
tot_sleeping_duration: 1247752.2975200037
tot_uptimes: 325
tot_uptimes_duration: 19473.219999995374
