comms_cons: 249.1543038405084
finished_reconf: true
global_termination_time: 1267792.308
local_termination_time: 282866.53060000006
node_cons: 26040.79584224291
tot_aggregated_send: 0
tot_msg_rcv: 19080
tot_msg_sent: 18790
tot_reconf_duration: 7.819999999999999
tot_sleeping_duration: 1248352.2958399977
tot_uptimes: 325
tot_uptimes_duration: 19440.012160002138
