comms_cons: 117.60280959995279
finished_reconf: true
global_termination_time: 778961.837
local_termination_time: 374464.88736000005
node_cons: 16018.426841121487
tot_aggregated_send: 0
tot_msg_rcv: 9068
tot_msg_sent: 8807
tot_reconf_duration: 22.65
tot_sleeping_duration: 767021.830919999
tot_uptimes: 200
tot_uptimes_duration: 11940.006080001069
