comms_cons: 75.53642240029575
finished_reconf: true
global_termination_time: 780607.383
local_termination_time: 591279.7393599999
node_cons: 15998.279560000112
tot_aggregated_send: 11020
tot_msg_rcv: 164
tot_msg_sent: 297
tot_reconf_duration: 7.819999999999999
tot_sleeping_duration: 768667.383
tot_uptimes: 200
tot_uptimes_duration: 11940.0
