comms_cons: 87.3250879983178
finished_reconf: true
global_termination_time: 884095.851
local_termination_time: 16109.727360000003
node_cons: 18181.569180000108
tot_aggregated_send: 12470
tot_msg_rcv: 181
tot_msg_sent: 621
tot_reconf_duration: 18.21
tot_sleeping_duration: 870535.851
tot_uptimes: 227
tot_uptimes_duration: 13560.000000000058
