comms_cons: 0.7105535999976548
finished_reconf: true
global_termination_time: 6837.984
local_termination_time: 3158.5313600000004
node_cons: 95.21010000000037
tot_aggregated_send: 0
tot_msg_rcv: 60
tot_msg_sent: 48
tot_reconf_duration: 10.95
tot_sleeping_duration: 6777.984
tot_uptimes: 2
tot_uptimes_duration: 60.0
