comms_cons: 101.28566399134289
finished_reconf: true
global_termination_time: 985447.754
local_termination_time: 653133.6244799999
node_cons: 20249.821900000094
tot_aggregated_send: 13166
tot_msg_rcv: 774
tot_msg_sent: 1455
tot_reconf_duration: 3.05
tot_sleeping_duration: 970327.754
tot_uptimes: 253
tot_uptimes_duration: 15120.0
