comms_cons: 98.20176639821688
finished_reconf: true
global_termination_time: 988450.16
local_termination_time: 594601.5873599998
node_cons: 20333.39393999994
tot_aggregated_send: 14094
tot_msg_rcv: 256
tot_msg_sent: 577
tot_reconf_duration: 5.43
tot_sleeping_duration: 973270.16
tot_uptimes: 254
tot_uptimes_duration: 15180.0
