comms_cons: 333.2226304459677
finished_reconf: true
global_termination_time: 3281544.239
local_termination_time: 604515.0343599999
node_cons: 67516.45639340121
tot_aggregated_send: 42746
tot_msg_rcv: 2566
tot_msg_sent: 5335
tot_reconf_duration: 22.65
tot_sleeping_duration: 3231144.166040028
tot_uptimes: 841
tot_uptimes_duration: 50400.07295997208
