comms_cons: 324.78941441548636
finished_reconf: true
global_termination_time: 3283307.129
local_termination_time: 1115993.083
node_cons: 67500.00634287237
tot_aggregated_send: 47384
tot_msg_rcv: 704
tot_msg_sent: 1278
tot_reconf_duration: 6.279999999999999
tot_sleeping_duration: 3232902.739080005
tot_uptimes: 841
tot_uptimes_duration: 50404.38991999536
