comms_cons: 323.2927167987588
finished_reconf: true
global_termination_time: 3280457.572
local_termination_time: 2478363.2693600003
node_cons: 67493.16405999895
tot_aggregated_send: 47502
tot_msg_rcv: 537
tot_msg_sent: 1099
tot_reconf_duration: 5.57
tot_sleeping_duration: 3230057.572
tot_uptimes: 841
tot_uptimes_duration: 50400.0
