comms_cons: 51.316928000743
finished_reconf: true
global_termination_time: 494912.917
local_termination_time: 69874.71679999982
node_cons: 10157.246246726303
tot_aggregated_send: 6264
tot_msg_rcv: 507
tot_msg_sent: 1029
tot_reconf_duration: 25.299999999999997
tot_sleeping_duration: 487352.8805199953
tot_uptimes: 127
tot_uptimes_duration: 7560.03648000471
