comms_cons: 97.89317121414365
finished_reconf: true
global_termination_time: 497525.499
local_termination_time: 241254.484
node_cons: 10209.479082562826
tot_aggregated_send: 0
tot_msg_rcv: 7511
tot_msg_sent: 7369
tot_reconf_duration: 3.05
tot_sleeping_duration: 489903.88795999787
tot_uptimes: 128
tot_uptimes_duration: 7621.611040002113
