comms_cons: 52.24445440163087
finished_reconf: true
global_termination_time: 498691.252
local_termination_time: 152779.45000000045
node_cons: 10213.841925967192
tot_aggregated_send: 6322
tot_msg_rcv: 576
tot_msg_sent: 1042
tot_reconf_duration: 7.819999999999999
tot_sleeping_duration: 491071.22035999456
tot_uptimes: 128
tot_uptimes_duration: 7620.031640005385
