comms_cons: 135.31459197682886
finished_reconf: true
global_termination_time: 687435.728
local_termination_time: 258621.2024800005
node_cons: 14170.598700000013
tot_aggregated_send: 0
tot_msg_rcv: 10377
tot_msg_sent: 10190
tot_reconf_duration: 22.65
tot_sleeping_duration: 676875.728
tot_uptimes: 177
tot_uptimes_duration: 10560.0
