comms_cons: 69.45661439988709
finished_reconf: true
global_termination_time: 686299.5394799998
local_termination_time: 686299.4983599999
node_cons: 14111.276083198665
tot_aggregated_send: 9498
tot_msg_rcv: 408
tot_msg_sent: 650
tot_reconf_duration: 24.59
tot_sleeping_duration: 675785.8106800009
tot_uptimes: 176
tot_uptimes_duration: 10513.728799998979
