comms_cons: 70.0227327975607
finished_reconf: true
global_termination_time: 690647.526
local_termination_time: 362624.92096000013
node_cons: 14150.467701121463
tot_aggregated_send: 9164
tot_msg_rcv: 541
tot_msg_sent: 938
tot_reconf_duration: 7.819999999999999
tot_sleeping_duration: 680087.519919999
tot_uptimes: 177
tot_uptimes_duration: 10560.006080001069
