comms_cons: 330.2602880089756
finished_reconf: true
global_termination_time: 3337922.342
local_termination_time: 2224689.43236
node_cons: 68617.93220111573
tot_aggregated_send: 45878
tot_msg_rcv: 1360
tot_msg_sent: 2959
tot_reconf_duration: 5.57
tot_sleeping_duration: 3286682.3359200023
tot_uptimes: 855
tot_uptimes_duration: 51240.006079997635
