comms_cons: 328.67051519672975
finished_reconf: true
global_termination_time: 3336138.447
local_termination_time: 2374884.8583599995
node_cons: 68644.72554111508
tot_aggregated_send: 46168
tot_msg_rcv: 1321
tot_msg_sent: 2467
tot_reconf_duration: 25.299999999999997
tot_sleeping_duration: 3284898.4409200028
tot_uptimes: 855
tot_uptimes_duration: 51240.006079997635
