comms_cons: 326.70991359856646
finished_reconf: true
global_termination_time: 3334100.817
local_termination_time: 2534020.45436
node_cons: 68547.90485999841
tot_aggregated_send: 48024
tot_msg_rcv: 583
tot_msg_sent: 1051
tot_reconf_duration: 13.17
tot_sleeping_duration: 3282920.817
tot_uptimes: 854
tot_uptimes_duration: 51180.0
