comms_cons: 329.5981824122405
finished_reconf: true
global_termination_time: 3335219.135
local_termination_time: 912663.4844799998
node_cons: 68617.75836334922
tot_aggregated_send: 46400
tot_msg_rcv: 1237
tot_msg_sent: 2460
tot_reconf_duration: 5.43
tot_sleeping_duration: 3283979.1167600066
tot_uptimes: 855
tot_uptimes_duration: 51240.01823999314
