comms_cons: 147.3424383834903
finished_reconf: true
global_termination_time: 1448108.09
local_termination_time: 396924.9653600001
node_cons: 29730.080333429647
tot_aggregated_send: 18386
tot_msg_rcv: 1383
tot_msg_sent: 2628
tot_reconf_duration: 3.08
tot_sleeping_duration: 1425908.017040008
tot_uptimes: 371
tot_uptimes_duration: 22200.07295999222
