comms_cons: 147.5648767809539
finished_reconf: true
global_termination_time: 1446063.485
local_termination_time: 563108.2964799998
node_cons: 29738.215888353036
tot_aggregated_send: 18212
tot_msg_rcv: 1500
tot_msg_sent: 2717
tot_reconf_duration: 9.11
tot_sleeping_duration: 1423863.4517600054
tot_uptimes: 371
tot_uptimes_duration: 22200.03323999478
