comms_cons: 147.33311999038045
finished_reconf: true
global_termination_time: 1449510.623
local_termination_time: 82051.801
node_cons: 29856.688691506348
tot_aggregated_send: 19892
tot_msg_rcv: 871
tot_msg_sent: 1631
tot_reconf_duration: 22.65
tot_sleeping_duration: 1427235.8433200102
tot_uptimes: 372
tot_uptimes_duration: 22274.779679989762
