comms_cons: 149.25724798190987
finished_reconf: true
global_termination_time: 1449190.712
local_termination_time: 430906.3455200008
node_cons: 29814.6356067102
tot_aggregated_send: 18908
tot_msg_rcv: 1259
tot_msg_sent: 2520
tot_reconf_duration: 6.22
tot_sleeping_duration: 1426930.6755200073
tot_uptimes: 372
tot_uptimes_duration: 22260.036479992676
