comms_cons: 200.42447356979807
finished_reconf: true
global_termination_time: 1956066.105
local_termination_time: 775405.3184799999
node_cons: 40176.58896781764
tot_aggregated_send: 26158
tot_msg_rcv: 1455
tot_msg_sent: 2850
tot_reconf_duration: 4.8100000000000005
tot_sleeping_duration: 1926066.0624400165
tot_uptimes: 501
tot_uptimes_duration: 30000.04255998344
