comms_cons: 196.51412478346546
finished_reconf: true
global_termination_time: 1959205.456
local_termination_time: 879062.75936
node_cons: 40258.794901116686
tot_aggregated_send: 27434
tot_msg_rcv: 813
tot_msg_sent: 1622
tot_reconf_duration: 6.22
tot_sleeping_duration: 1929145.4499200024
tot_uptimes: 502
tot_uptimes_duration: 30060.006079997635
