comms_cons: 284.72755200924945
finished_reconf: true
global_termination_time: 2807765.948
local_termination_time: 7334.578
node_cons: 57859.232734523655
tot_aggregated_send: 38965
tot_msg_rcv: 1513
tot_msg_sent: 2799
tot_reconf_duration: 10.55
tot_sleeping_duration: 2764565.868960026
tot_uptimes: 720
tot_uptimes_duration: 43200.079039973614
