comms_cons: 172.6240447897843
finished_reconf: true
global_termination_time: 1721287.72624
local_termination_time: 25812.15068
node_cons: 35377.131044948736
tot_aggregated_send: 23838
tot_msg_rcv: 882
tot_msg_sent: 1516
tot_reconf_duration: 6.22
tot_sleeping_duration: 1694873.4736000083
tot_uptimes: 441
tot_uptimes_duration: 26414.25263999164
