comms_cons: 87.94416639566153
finished_reconf: true
global_termination_time: 879172.7544799999
local_termination_time: 306764.47156000073
node_cons: 18121.75969207967
tot_aggregated_send: 12354
tot_msg_rcv: 324
tot_msg_sent: 688
tot_reconf_duration: 18.21
tot_sleeping_duration: 865657.4217600002
tot_uptimes: 226
tot_uptimes_duration: 13515.332719999715
