comms_cons: 172.88444153346552
finished_reconf: true
global_termination_time: 882221.711
local_termination_time: 654339.26024
node_cons: 18083.040121116934
tot_aggregated_send: 0
tot_msg_rcv: 13226
tot_msg_sent: 13051
tot_reconf_duration: 4.8100000000000005
tot_sleeping_duration: 868721.7049200024
tot_uptimes: 226
tot_uptimes_duration: 13500.006079997635
