comms_cons: 88.6092927976192
finished_reconf: true
global_termination_time: 881774.12
local_termination_time: 682403.85136
node_cons: 18087.127701116948
tot_aggregated_send: 12238
tot_msg_rcv: 424
tot_msg_sent: 806
tot_reconf_duration: 7.819999999999999
tot_sleeping_duration: 868274.1139200024
tot_uptimes: 226
tot_uptimes_duration: 13500.006079997635
