comms_cons: 83.77295359767868
finished_reconf: true
global_termination_time: 823640.64424
local_termination_time: 2313.3789600000027
node_cons: 16916.557713841205
tot_aggregated_send: 10904
tot_msg_rcv: 571
tot_msg_sent: 1257
tot_reconf_duration: 18.21
tot_sleeping_duration: 811025.3876799991
tot_uptimes: 211
tot_uptimes_duration: 12615.256560000882
