comms_cons: 82.03074559995247
finished_reconf: true
global_termination_time: 823692.737
local_termination_time: 398725.53024000046
node_cons: 16986.10554112144
tot_aggregated_send: 11252
tot_msg_rcv: 421
tot_msg_sent: 795
tot_reconf_duration: 25.299999999999997
tot_sleeping_duration: 811032.7309199988
tot_uptimes: 211
tot_uptimes_duration: 12660.006080001069
