comms_cons: 84.35815679837482
finished_reconf: true
global_termination_time: 825486.858
local_termination_time: 213980.6262400009
node_cons: 16955.963345602562
tot_aggregated_send: 10208
tot_msg_rcv: 819
tot_msg_sent: 1795
tot_reconf_duration: 3.08
tot_sleeping_duration: 812826.8275999981
tot_uptimes: 212
tot_uptimes_duration: 12660.03040000191
