comms_cons: 136.59472637865431
finished_reconf: true
global_termination_time: 826916.798
local_termination_time: 216552.56436000005
node_cons: 16962.7750667286
tot_aggregated_send: 0
tot_msg_rcv: 10717
tot_msg_sent: 10044
tot_reconf_duration: 8.09
tot_sleeping_duration: 814256.7615199935
tot_uptimes: 212
tot_uptimes_duration: 12660.036480006413
