comms_cons: 81.70050559966046
finished_reconf: true
global_termination_time: 825283.613
local_termination_time: 508713.33036
node_cons: 16967.90834112141
tot_aggregated_send: 11310
tot_msg_rcv: 361
tot_msg_sent: 747
tot_reconf_duration: 11.899999999999999
tot_sleeping_duration: 812623.606919999
tot_uptimes: 212
tot_uptimes_duration: 12660.006080001069
