comms_cons: 84.03674879687141
finished_reconf: true
global_termination_time: 824388.998
local_termination_time: 162055.18188000043
node_cons: 16962.392124481117
tot_aggregated_send: 10788
tot_msg_rcv: 659
tot_msg_sent: 1326
tot_reconf_duration: 7.819999999999999
tot_sleeping_duration: 811728.9736799991
tot_uptimes: 212
tot_uptimes_duration: 12660.02432000084
