comms_cons: 85.65425919771027
finished_reconf: true
global_termination_time: 824844.271
local_termination_time: 234877.35
node_cons: 16967.14782671481
tot_aggregated_send: 10777
tot_msg_rcv: 783
tot_msg_sent: 1458
tot_reconf_duration: 11.31
tot_sleeping_duration: 812184.2345200039
tot_uptimes: 212
tot_uptimes_duration: 12660.03647999611
