comms_cons: 5.329152000003576
finished_reconf: true
global_termination_time: 2530.4822800000043
local_termination_time: 2530.4411600000044
node_cons: 674.192129920006
tot_aggregated_send: 0
tot_msg_rcv: 348
tot_msg_sent: 460
tot_reconf_duration: 24.59
tot_sleeping_duration: 2051.917
tot_uptimes: 7
tot_uptimes_duration: 478.56528000000435
