comms_cons: 0.6710783999996417
finished_reconf: true
global_termination_time: 4486.79
local_termination_time: 363.27103999999946
node_cons: 90.95955999999998
tot_aggregated_send: 0
tot_msg_rcv: 48
tot_msg_sent: 53
tot_reconf_duration: 7.819999999999999
tot_sleeping_duration: 4426.79
tot_uptimes: 2
tot_uptimes_duration: 60.0
