comms_cons: 197.51276158996023
finished_reconf: true
global_termination_time: 1986898.96
local_termination_time: 896608.3463599999
node_cons: 40837.44917999965
tot_aggregated_send: 28420
tot_msg_rcv: 573
tot_msg_sent: 1027
tot_reconf_duration: 18.21
tot_sleeping_duration: 1956418.96
tot_uptimes: 509
tot_uptimes_duration: 30480.0
