comms_cons: 194.69294079083465
finished_reconf: true
global_termination_time: 1987250.066
local_termination_time: 571712.155239999
node_cons: 40823.36398335029
tot_aggregated_send: 27376
tot_msg_rcv: 765
tot_msg_sent: 1453
tot_reconf_duration: 7.819999999999999
tot_sleeping_duration: 1956770.0477600072
tot_uptimes: 509
tot_uptimes_duration: 30480.018239992904
