comms_cons: 58.34497279962714
finished_reconf: true
global_termination_time: 596989.835
local_termination_time: 415043.329
node_cons: 12243.882998957817
tot_aggregated_send: 8698
tot_msg_rcv: 73
tot_msg_sent: 97
tot_reconf_duration: 22.65
tot_sleeping_duration: 587868.7563600016
tot_uptimes: 153
tot_uptimes_duration: 9121.078639998334
