comms_cons: 58.476556800198075
finished_reconf: true
global_termination_time: 594252.512
local_termination_time: 117332.52911999945
node_cons: 12220.208240000014
tot_aggregated_send: 8526
tot_msg_rcv: 77
tot_msg_sent: 285
tot_reconf_duration: 6.279999999999999
tot_sleeping_duration: 585132.512
tot_uptimes: 153
tot_uptimes_duration: 9120.0
