comms_cons: 50.67265279998913
finished_reconf: true
global_termination_time: 512942.927
local_termination_time: 96114.82135999996
node_cons: 10531.07198000001
tot_aggregated_send: 7308
tot_msg_rcv: 107
tot_msg_sent: 287
tot_reconf_duration: 4.8100000000000005
tot_sleeping_duration: 505082.927
tot_uptimes: 132
tot_uptimes_duration: 7860.0
