comms_cons: 51.24538880085581
finished_reconf: true
global_termination_time: 513487.496
local_termination_time: 171424.03736000007
node_cons: 10530.501620000032
tot_aggregated_send: 7192
tot_msg_rcv: 195
tot_msg_sent: 402
tot_reconf_duration: 4.390000000000001
tot_sleeping_duration: 505627.496
tot_uptimes: 132
tot_uptimes_duration: 7860.0
