comms_cons: 51.857254400954695
finished_reconf: true
global_termination_time: 512401.609
local_termination_time: 44186.36044000004
node_cons: 10539.89898000001
tot_aggregated_send: 7134
tot_msg_rcv: 294
tot_msg_sent: 454
tot_reconf_duration: 11.31
tot_sleeping_duration: 504541.609
tot_uptimes: 132
tot_uptimes_duration: 7860.0
