comms_cons: 69.76826239953616
finished_reconf: true
global_termination_time: 709145.218
local_termination_time: 602798.9873599999
node_cons: 14545.681900000085
tot_aggregated_send: 10266
tot_msg_rcv: 108
tot_msg_sent: 230
tot_reconf_duration: 3.05
tot_sleeping_duration: 698285.218
tot_uptimes: 182
tot_uptimes_duration: 10860.0
