comms_cons: 69.70662400039711
finished_reconf: true
global_termination_time: 709842.927
local_termination_time: 173490.59536000006
node_cons: 14556.898980000018
tot_aggregated_send: 10266
tot_msg_rcv: 107
tot_msg_sent: 222
tot_reconf_duration: 11.31
tot_sleeping_duration: 698982.927
tot_uptimes: 182
tot_uptimes_duration: 10860.0
