comms_cons: 79.99677439304892
finished_reconf: true
global_termination_time: 786692.894
local_termination_time: 448583.919
node_cons: 16156.849140700606
tot_aggregated_send: 10494
tot_msg_rcv: 494
tot_msg_sent: 1171
tot_reconf_duration: 5.1
tot_sleeping_duration: 774631.7115200144
tot_uptimes: 202
tot_uptimes_duration: 12061.182479985524
