comms_cons: 70.34543359773784
finished_reconf: true
global_termination_time: 694233.159
local_termination_time: 185710.24836000006
node_cons: 14238.08928335973
tot_aggregated_send: 9396
tot_msg_rcv: 432
tot_msg_sent: 863
tot_reconf_duration: 13.17
tot_sleeping_duration: 683613.1407600002
tot_uptimes: 178
tot_uptimes_duration: 10620.018239999772
