comms_cons: 70.68755199913952
finished_reconf: true
global_termination_time: 690588.06636
local_termination_time: 75472.52859999995
node_cons: 14169.049923516557
tot_aggregated_send: 9396
tot_msg_rcv: 530
tot_msg_sent: 818
tot_reconf_duration: 5.43
tot_sleeping_duration: 680011.7586800026
tot_uptimes: 177
tot_uptimes_duration: 10576.307679997408
