comms_cons: 79.38428159453848
finished_reconf: true
global_termination_time: 759111.866
local_termination_time: 67618.75959999995
node_cons: 15590.17520447887
tot_aggregated_send: 9802
tot_msg_rcv: 805
tot_msg_sent: 1459
tot_reconf_duration: 3.08
tot_sleeping_duration: 747471.8416800009
tot_uptimes: 195
tot_uptimes_duration: 11640.024319999138
