comms_cons: 80.27541759595242
finished_reconf: true
global_termination_time: 761630.287
local_termination_time: 8913.556600000002
node_cons: 15678.712085600298
tot_aggregated_send: 9744
tot_msg_rcv: 894
tot_msg_sent: 1563
tot_reconf_duration: 9.11
tot_sleeping_duration: 749930.2565999998
tot_uptimes: 196
tot_uptimes_duration: 11700.030400000207
