comms_cons: 75.00287999975389
finished_reconf: true
global_termination_time: 761075.054
local_termination_time: 25802.649479999996
node_cons: 15594.40676000002
tot_aggregated_send: 10788
tot_msg_rcv: 208
tot_msg_sent: 404
tot_reconf_duration: 6.22
tot_sleeping_duration: 749435.054
tot_uptimes: 195
tot_uptimes_duration: 11640.0
