comms_cons: 459.0176256934326
finished_reconf: true
global_termination_time: 4583533.706
local_termination_time: 147128.32436000006
node_cons: 94247.47849787808
tot_aggregated_send: 63916
tot_msg_rcv: 1723
tot_msg_sent: 4129
tot_reconf_duration: 6.279999999999999
tot_sleeping_duration: 4513153.60872003
tot_uptimes: 1174
tot_uptimes_duration: 70380.09727997065
