comms_cons: 461.34395524387986
finished_reconf: true
global_termination_time: 4581851.265879999
local_termination_time: 4581851.224759999
node_cons: 94336.26861243878
tot_aggregated_send: 64006
tot_msg_rcv: 2065
tot_msg_sent: 4050
tot_reconf_duration: 37.410000000000004
tot_sleeping_duration: 4511436.429560028
tot_uptimes: 1174
tot_uptimes_duration: 70414.83631997136
