comms_cons: 461.45484809748433
finished_reconf: true
global_termination_time: 4587134.93
local_termination_time: 927055.9564799998
node_cons: 94323.43219228437
tot_aggregated_send: 63278
tot_msg_rcv: 2522
tot_msg_sent: 4339
tot_reconf_duration: 3.08
tot_sleeping_duration: 4516694.863120025
tot_uptimes: 1175
tot_uptimes_duration: 70440.06687997538
