comms_cons: 457.5664576713644
finished_reconf: true
global_termination_time: 4582009.302
local_termination_time: 1071130.5253599999
node_cons: 94249.89577228484
tot_aggregated_send: 64322
tot_msg_rcv: 1793
tot_msg_sent: 3433
tot_reconf_duration: 8.09
tot_sleeping_duration: 4511629.2351200245
tot_uptimes: 1174
tot_uptimes_duration: 70380.06687997561
