comms_cons: 463.1064512798856
finished_reconf: true
global_termination_time: 4585938.464
local_termination_time: 2701770.0183599996
node_cons: 94334.0626644656
tot_aggregated_send: 63278
tot_msg_rcv: 2301
tot_msg_sent: 4810
tot_reconf_duration: 10.95
tot_sleeping_duration: 4515498.439680008
tot_uptimes: 1175
tot_uptimes_duration: 70440.02431999147
