comms_cons: 462.94052491631123
finished_reconf: true
global_termination_time: 4584912.834
local_termination_time: 2203472.177079999
node_cons: 94325.17046670013
tot_aggregated_send: 63626
tot_msg_rcv: 2267
tot_msg_sent: 4470
tot_reconf_duration: 4.390000000000001
tot_sleeping_duration: 4514472.797520013
tot_uptimes: 1175
tot_uptimes_duration: 70440.03647998697
