comms_cons: 463.2864833069129
finished_reconf: true
global_termination_time: 4583668.182
local_termination_time: 1875576.6174399983
node_cons: 94243.0107466997
tot_aggregated_send: 63626
tot_msg_rcv: 2375
tot_msg_sent: 4415
tot_reconf_duration: 3.05
tot_sleeping_duration: 4513288.145520014
tot_uptimes: 1174
tot_uptimes_duration: 70380.03647998697
