comms_cons: 458.7208704729688
finished_reconf: true
global_termination_time: 4583386.434
local_termination_time: 1369684.9449599995
node_cons: 94246.2753511675
tot_aggregated_send: 64612
tot_msg_rcv: 1678
tot_msg_sent: 3432
tot_reconf_duration: 5.43
tot_sleeping_duration: 4513006.373200023
tot_uptimes: 1174
tot_uptimes_duration: 70380.06079997774
