comms_cons: 33.73155840014668
finished_reconf: true
global_termination_time: 342257.61
local_termination_time: 225426.65260000055
node_cons: 7020.3468411191525
tot_aggregated_send: 4872
tot_msg_rcv: 101
tot_msg_sent: 154
tot_reconf_duration: 22.65
tot_sleeping_duration: 337037.60392000066
tot_uptimes: 88
tot_uptimes_duration: 5220.006079999366
