comms_cons: 32.94205440003753
finished_reconf: true
global_termination_time: 339214.06
local_termination_time: 301818.82600000093
node_cons: 6915.771980000005
tot_aggregated_send: 4872
tot_msg_rcv: 23
tot_msg_sent: 112
tot_reconf_duration: 4.8100000000000005
tot_sleeping_duration: 334054.06
tot_uptimes: 87
tot_uptimes_duration: 5160.0
