comms_cons: 33.56112640027254
finished_reconf: true
global_termination_time: 338504.9459600011
local_termination_time: 338504.9459600011
node_cons: 7036.99394256287
tot_aggregated_send: 4858
tot_msg_rcv: 66
tot_msg_sent: 177
tot_reconf_duration: 24.59
tot_sleeping_duration: 333274.47491999896
tot_uptimes: 87
tot_uptimes_duration: 5230.471040002129
