comms_cons: 253.73342719465032
finished_reconf: true
global_termination_time: 2513266.8994799997
local_termination_time: 2513266.8583599995
node_cons: 51710.453071013704
tot_aggregated_send: 35250
tot_msg_rcv: 1264
tot_msg_sent: 2050
tot_reconf_duration: 24.59
tot_sleeping_duration: 2474673.1281200186
tot_uptimes: 644
tot_uptimes_duration: 38593.771359981154
