comms_cons: 249.28588798382825
finished_reconf: true
global_termination_time: 2513646.715
local_termination_time: 1436447.7903599998
node_cons: 51666.010222232806
tot_aggregated_send: 34858
tot_msg_rcv: 956
tot_msg_sent: 2076
tot_reconf_duration: 5.43
tot_sleeping_duration: 2475066.7028400046
tot_uptimes: 644
tot_uptimes_duration: 38580.01215999527
