comms_cons: 151.16582395771096
finished_reconf: true
global_termination_time: 765805.941
local_termination_time: 3142.90036
node_cons: 15771.369180000023
tot_aggregated_send: 0
tot_msg_rcv: 11617
tot_msg_sent: 11357
tot_reconf_duration: 18.21
tot_sleeping_duration: 754045.941
tot_uptimes: 197
tot_uptimes_duration: 11760.0
