comms_cons: 76.80558079906815
finished_reconf: true
global_termination_time: 766675.886
local_termination_time: 103466.04351999977
node_cons: 15753.18826224288
tot_aggregated_send: 10846
tot_msg_rcv: 306
tot_msg_sent: 522
tot_reconf_duration: 4.8100000000000005
tot_sleeping_duration: 754915.8738399979
tot_uptimes: 197
tot_uptimes_duration: 11760.012160002138
