comms_cons: 75.9831807961841
finished_reconf: true
global_termination_time: 766580.109
local_termination_time: 250801.14476000087
node_cons: 15750.781900000007
tot_aggregated_send: 10904
tot_msg_rcv: 183
tot_msg_sent: 462
tot_reconf_duration: 3.05
tot_sleeping_duration: 754820.109
tot_uptimes: 197
tot_uptimes_duration: 11760.0
