comms_cons: 439.084217358474
finished_reconf: true
global_termination_time: 2227319.8934799973
local_termination_time: 2920.48248
node_cons: 45840.39579983251
tot_aggregated_send: 0
tot_msg_rcv: 33679
tot_msg_sent: 33055
tot_reconf_duration: 18.21
tot_sleeping_duration: 2193103.5629200023
tot_uptimes: 571
tot_uptimes_duration: 34216.33055999479
