comms_cons: 65.70140800203043
finished_reconf: true
global_termination_time: 543201.6395599995
local_termination_time: 543201.5984399995
node_cons: 11227.817405906293
tot_aggregated_send: 4916
tot_msg_rcv: 1862
tot_msg_sent: 3210
tot_reconf_duration: 24.59
tot_sleeping_duration: 534841.3526399798
tot_uptimes: 140
tot_uptimes_duration: 8360.286920019622
