comms_cons: 53.83822080033651
finished_reconf: true
global_termination_time: 544526.733
local_termination_time: 223830.91336000004
node_cons: 11177.887701121417
tot_aggregated_send: 7830
tot_msg_rcv: 126
tot_msg_sent: 226
tot_reconf_duration: 7.819999999999999
tot_sleeping_duration: 536186.726919999
tot_uptimes: 140
tot_uptimes_duration: 8340.006080001069
