comms_cons: 188.96778239004004
finished_reconf: true
global_termination_time: 1888615.911
local_termination_time: 898438.0254399985
node_cons: 38808.40263999973
tot_aggregated_send: 26854
tot_msg_rcv: 710
tot_msg_sent: 1158
tot_reconf_duration: 3.08
tot_sleeping_duration: 1859635.911
tot_uptimes: 484
tot_uptimes_duration: 28980.0
