comms_cons: 189.37569279074117
finished_reconf: true
global_termination_time: 1887552.754
local_termination_time: 873123.7344399996
node_cons: 38820.380199999825
tot_aggregated_send: 26622
tot_msg_rcv: 781
tot_msg_sent: 1381
tot_reconf_duration: 11.899999999999999
tot_sleeping_duration: 1858572.754
tot_uptimes: 484
tot_uptimes_duration: 28980.0
