comms_cons: 195.76409596841268
finished_reconf: true
global_termination_time: 1884685.437
local_termination_time: 275085.4923600001
node_cons: 38728.119593406445
tot_aggregated_send: 24650
tot_msg_rcv: 1785
tot_msg_sent: 3320
tot_reconf_duration: 3.05
tot_sleeping_duration: 1855765.3640400248
tot_uptimes: 483
tot_uptimes_duration: 28920.07295997505
