comms_cons: 256.12355843180035
finished_reconf: true
global_termination_time: 646334.971
local_termination_time: 263023.3564800001
node_cons: 38972.469091606974
tot_aggregated_send: 0
tot_msg_rcv: 15828
tot_msg_sent: 23101
tot_reconf_duration: 18.21
tot_sleeping_duration: 617247.7865999946
tot_uptimes: 477
tot_uptimes_duration: 29087.184400005342
