comms_cons: 105.53312001338719
finished_reconf: true
global_termination_time: 650186.076
local_termination_time: 263026.8276000001
node_cons: 13367.214982242911
tot_aggregated_send: 0
tot_msg_rcv: 8162
tot_msg_sent: 7879
tot_reconf_duration: 22.65
tot_sleeping_duration: 640226.0638399979
tot_uptimes: 167
tot_uptimes_duration: 9960.012160002138
