comms_cons: 105.74873601240239
finished_reconf: true
global_termination_time: 646334.971
local_termination_time: 264732.3713600001
node_cons: 13260.250041121513
tot_aggregated_send: 0
tot_msg_rcv: 8123
tot_msg_sent: 7952
tot_reconf_duration: 3.05
tot_sleeping_duration: 636434.964919999
tot_uptimes: 166
tot_uptimes_duration: 9900.006080001069
