comms_cons: 65.2064512014476
finished_reconf: true
global_termination_time: 648734.434
local_termination_time: 131936.10436000006
node_cons: 13344.919324485743
tot_aggregated_send: 8352
tot_msg_rcv: 507
tot_msg_sent: 1052
tot_reconf_duration: 6.22
tot_sleeping_duration: 638774.4096799957
tot_uptimes: 167
tot_uptimes_duration: 9960.024320004275
