comms_cons: 66.87224320065906
finished_reconf: true
global_termination_time: 650236.525
local_termination_time: 349732.35036000004
node_cons: 13343.82208112144
tot_aggregated_send: 8584
tot_msg_rcv: 614
tot_msg_sent: 967
tot_reconf_duration: 5.43
tot_sleeping_duration: 640276.518919999
tot_uptimes: 167
tot_uptimes_duration: 9960.006080001069
