comms_cons: 64.80289920104524
finished_reconf: true
global_termination_time: 646276.7572400002
local_termination_time: 196777.25656000068
node_cons: 13324.40805384604
tot_aggregated_send: 8468
tot_msg_rcv: 451
tot_msg_sent: 930
tot_reconf_duration: 15.34
tot_sleeping_duration: 636341.3006799957
tot_uptimes: 166
tot_uptimes_duration: 9935.456560004503
