comms_cons: 31.46831360331111
finished_reconf: true
global_termination_time: 322611.314
local_termination_time: 1438.19612
node_cons: 6604.504622240589
tot_aggregated_send: 0
tot_msg_rcv: 37
tot_msg_sent: 4746
tot_reconf_duration: 12.23
tot_sleeping_duration: 317691.30183999956
tot_uptimes: 83
tot_uptimes_duration: 4920.012160000435
