comms_cons: 249.22667519288495
finished_reconf: true
global_termination_time: 2555102.522
local_termination_time: 1254985.04636
node_cons: 52552.97955999928
tot_aggregated_send: 35786
tot_msg_rcv: 711
tot_msg_sent: 1384
tot_reconf_duration: 7.819999999999999
tot_sleeping_duration: 2515862.522
tot_uptimes: 655
tot_uptimes_duration: 39240.0
