comms_cons: 109.59694078893358
finished_reconf: true
global_termination_time: 1055726.3374799998
local_termination_time: 1055726.2963599998
node_cons: 21780.720051009448
tot_aggregated_send: 13919
tot_msg_rcv: 1022
tot_msg_sent: 1716
tot_reconf_duration: 51.9
tot_sleeping_duration: 1039512.5661200224
tot_uptimes: 271
tot_uptimes_duration: 16213.771359977283
