comms_cons: 105.97838079467307
finished_reconf: true
global_termination_time: 1055771.65
local_termination_time: 4106.658
node_cons: 21698.698571195946
tot_aggregated_send: 14379
tot_msg_rcv: 506
tot_msg_sent: 1223
tot_reconf_duration: 5.02
tot_sleeping_duration: 1039571.589200003
tot_uptimes: 271
tot_uptimes_duration: 16200.06079999695
