comms_cons: 36.481664000419606
finished_reconf: true
global_termination_time: 362522.50772000104
local_termination_time: 362522.50772000104
node_cons: 7517.5795743231265
tot_aggregated_send: 5032
tot_msg_rcv: 160
tot_msg_sent: 352
tot_reconf_duration: 24.59
tot_sleeping_duration: 356933.12283999874
tot_uptimes: 93
tot_uptimes_duration: 5589.384880002319
