comms_cons: 39.71863040013087
finished_reconf: true
global_termination_time: 404966.298
local_termination_time: 22201.06436
node_cons: 8281.551980000011
tot_aggregated_send: 5858
tot_msg_rcv: 67
tot_msg_sent: 112
tot_reconf_duration: 4.8100000000000005
tot_sleeping_duration: 398786.298
tot_uptimes: 104
tot_uptimes_duration: 6180.0
