comms_cons: 115.97309441434676
finished_reconf: true
global_termination_time: 401103.8614400003
local_termination_time: 1414.0730400000014
node_cons: 16199.431821160411
tot_aggregated_send: 0
tot_msg_rcv: 5956
tot_msg_sent: 11669
tot_reconf_duration: 6.22
tot_sleeping_duration: 389012.013
tot_uptimes: 198
tot_uptimes_duration: 12091.848440000293
