comms_cons: 2.4869375999917818
finished_reconf: true
global_termination_time: 14543.356
local_termination_time: 4043.89836
node_cons: 248.40208112000602
tot_aggregated_send: 0
tot_msg_rcv: 208
tot_msg_sent: 170
tot_reconf_duration: 5.43
tot_sleeping_duration: 14363.349919999995
tot_uptimes: 4
tot_uptimes_duration: 180.00608000000466
