comms_cons: 698.9515518686482
finished_reconf: true
global_termination_time: 2399029.1445999998
local_termination_time: 2399029.1034799996
node_cons: 97923.23574739629
tot_aggregated_send: 0
tot_msg_rcv: 35624
tot_msg_sent: 70612
tot_reconf_duration: 37.410000000000004
tot_sleeping_duration: 2325935.4680000003
tot_uptimes: 1211
tot_uptimes_duration: 73093.67659999945
