comms_cons: 238.29862398811275
finished_reconf: true
global_termination_time: 2403363.84
local_termination_time: 803042.5909599997
node_cons: 49429.619379999305
tot_aggregated_send: 33988
tot_msg_rcv: 734
tot_msg_sent: 1498
tot_reconf_duration: 15.110000000000001
tot_sleeping_duration: 2366463.84
tot_uptimes: 616
tot_uptimes_duration: 36900.0
