comms_cons: 72.09487359899933
finished_reconf: true
global_termination_time: 711931.217
local_termination_time: 664084.4993599999
node_cons: 14646.62546224283
tot_aggregated_send: 9802
tot_msg_rcv: 508
tot_msg_sent: 648
tot_reconf_duration: 18.21
tot_sleeping_duration: 701011.2048399978
tot_uptimes: 183
tot_uptimes_duration: 10920.012160002138
