comms_cons: 71.71985919919653
finished_reconf: true
global_termination_time: 710382.07248
local_termination_time: 142191.62076000043
node_cons: 14595.049349327166
tot_aggregated_send: 9686
tot_msg_rcv: 454
tot_msg_sent: 760
tot_reconf_duration: 4.390000000000001
tot_sleeping_duration: 699486.5625999947
tot_uptimes: 182
tot_uptimes_duration: 10895.509880005324
