comms_cons: 72.58894079801273
finished_reconf: true
global_termination_time: 710773.29
local_termination_time: 66011.4855999994
node_cons: 14626.05446448573
tot_aggregated_send: 9454
tot_msg_rcv: 471
tot_msg_sent: 1109
tot_reconf_duration: 3.05
tot_sleeping_duration: 699853.2656799958
tot_uptimes: 183
tot_uptimes_duration: 10920.024320004275
