comms_cons: 82.54922239866528
finished_reconf: true
global_termination_time: 804671.82412
local_termination_time: 804671.783
node_cons: 16597.61815752194
tot_aggregated_send: 10890
tot_msg_rcv: 600
tot_msg_sent: 1057
tot_reconf_duration: 24.59
tot_sleeping_duration: 792301.2304399986
tot_uptimes: 207
tot_uptimes_duration: 12370.593680001424
