comms_cons: 77.6279807964544
finished_reconf: true
global_termination_time: 807818.76
local_termination_time: 513214.86648
node_cons: 16558.592663350482
tot_aggregated_send: 10614
tot_msg_rcv: 436
tot_msg_sent: 749
tot_reconf_duration: 6.279999999999999
tot_sleeping_duration: 795458.7417600071
tot_uptimes: 207
tot_uptimes_duration: 12360.018239992904
