comms_cons: 105.37418241446531
finished_reconf: true
global_termination_time: 529943.809
local_termination_time: 3000.82636
node_cons: 10851.894184485736
tot_aggregated_send: 0
tot_msg_rcv: 8176
tot_msg_sent: 7838
tot_reconf_duration: 4.390000000000001
tot_sleeping_duration: 521843.78467999573
tot_uptimes: 136
tot_uptimes_duration: 8100.024320004275
