comms_cons: 53.90401280133447
finished_reconf: true
global_termination_time: 525987.284
local_termination_time: 13743.3636
node_cons: 10769.742605607167
tot_aggregated_send: 6902
tot_msg_rcv: 418
tot_msg_sent: 873
tot_reconf_duration: 3.05
tot_sleeping_duration: 517947.25359999464
tot_uptimes: 135
tot_uptimes_duration: 8040.030400005344
