comms_cons: 53.5086336011199
finished_reconf: true
global_termination_time: 529100.983
local_termination_time: 277979.34172000014
node_cons: 10856.535842242887
tot_aggregated_send: 7018
tot_msg_rcv: 374
tot_msg_sent: 741
tot_reconf_duration: 7.819999999999999
tot_sleeping_duration: 521000.97083999787
tot_uptimes: 136
tot_uptimes_duration: 8100.0121600021375
