comms_cons: 54.132857600839166
finished_reconf: true
global_termination_time: 526325.864
local_termination_time: 5939.404600000001
node_cons: 10780.992250089474
tot_aggregated_send: 6786
tot_msg_rcv: 452
tot_msg_sent: 989
tot_reconf_duration: 11.31
tot_sleeping_duration: 518285.8092799929
tot_uptimes: 135
tot_uptimes_duration: 8040.054720007065
