comms_cons: 223.9164927915168
finished_reconf: true
global_termination_time: 2250465.749
local_termination_time: 1199298.4674799999
node_cons: 46300.56917999941
tot_aggregated_send: 32248
tot_msg_rcv: 642
tot_msg_sent: 1144
tot_reconf_duration: 18.21
tot_sleeping_duration: 2215905.749
tot_uptimes: 577
tot_uptimes_duration: 34560.0
