comms_cons: 228.5542975885362
finished_reconf: true
global_termination_time: 2249789.14
local_termination_time: 1184978.95736
node_cons: 46306.614982233004
tot_aggregated_send: 30798
tot_msg_rcv: 1347
tot_msg_sent: 2593
tot_reconf_duration: 22.65
tot_sleeping_duration: 2215229.127840005
tot_uptimes: 577
tot_uptimes_duration: 34560.01215999527
