comms_cons: 98.33992959867038
finished_reconf: true
global_termination_time: 1014745.29
local_termination_time: 238442.39936000004
node_cons: 20838.826841121456
tot_aggregated_send: 14210
tot_msg_rcv: 195
tot_msg_sent: 543
tot_reconf_duration: 22.65
tot_sleeping_duration: 999205.2839199989
tot_uptimes: 260
tot_uptimes_duration: 15540.006080001069
