comms_cons: 489.07403495581616
finished_reconf: true
global_termination_time: 1012171.2795199981
local_termination_time: 1012171.2383999982
node_cons: 61366.17472635922
tot_aggregated_send: 0
tot_msg_rcv: 30093
tot_msg_sent: 44241
tot_reconf_duration: 24.59
tot_sleeping_duration: 966366.3642799978
tot_uptimes: 747
tot_uptimes_duration: 45804.91524000025
