comms_cons: 100.23411199732526
finished_reconf: true
global_termination_time: 1012196.825
local_termination_time: 404923.3468400006
node_cons: 20823.418980000028
tot_aggregated_send: 14442
tot_msg_rcv: 222
tot_msg_sent: 571
tot_reconf_duration: 11.31
tot_sleeping_duration: 996656.825
tot_uptimes: 260
tot_uptimes_duration: 15540.0
