comms_cons: 82.06072319794823
finished_reconf: true
global_termination_time: 797221.648
local_termination_time: 112384.2501599998
node_cons: 16401.788367838562
tot_aggregated_send: 10498
tot_msg_rcv: 638
tot_msg_sent: 1336
tot_reconf_duration: 9.11
tot_sleeping_duration: 784981.6054400011
tot_uptimes: 205
tot_uptimes_duration: 12240.04255999891
