comms_cons: 97.29173119635733
finished_reconf: true
global_termination_time: 971526.418
local_termination_time: 294089.9823600001
node_cons: 19945.20056672405
tot_aggregated_send: 12992
tot_msg_rcv: 662
tot_msg_sent: 1135
tot_reconf_duration: 15.34
tot_sleeping_duration: 956646.3815199969
tot_uptimes: 249
tot_uptimes_duration: 14880.036480002978
