comms_cons: 94.58320639737974
finished_reconf: true
global_termination_time: 975929.4
local_termination_time: 391025.2622800008
node_cons: 20054.50630927617
tot_aggregated_send: 13050
tot_msg_rcv: 463
tot_msg_sent: 863
tot_reconf_duration: 25.299999999999997
tot_sleeping_duration: 960977.8324800029
tot_uptimes: 250
tot_uptimes_duration: 14951.56751999713
