comms_cons: 98.30501119125215
finished_reconf: true
global_termination_time: 970358.538
local_termination_time: 375043.58936000004
node_cons: 19941.504104481162
tot_aggregated_send: 12354
tot_msg_rcv: 910
tot_msg_sent: 1679
tot_reconf_duration: 12.629999999999999
tot_sleeping_duration: 955478.5136799992
tot_uptimes: 249
tot_uptimes_duration: 14880.02432000084
