comms_cons: 17.751615999904253
finished_reconf: true
global_termination_time: 178110.761
local_termination_time: 113673.83075999976
node_cons: 3630.6589800000183
tot_aggregated_send: 2378
tot_msg_rcv: 98
tot_msg_sent: 222
tot_reconf_duration: 11.31
tot_sleeping_duration: 175410.761
tot_uptimes: 46
tot_uptimes_duration: 2700.0
