comms_cons: 22.507443199853252
finished_reconf: true
global_termination_time: 225693.037
local_termination_time: 126674.40903999982
node_cons: 4604.109180000012
tot_aggregated_send: 3016
tot_msg_rcv: 188
tot_msg_sent: 217
tot_reconf_duration: 18.21
tot_sleeping_duration: 222273.037
tot_uptimes: 58
tot_uptimes_duration: 3420.0
