comms_cons: 23.512064000720077
finished_reconf: true
global_termination_time: 221286.971
local_termination_time: 8400.291000000001
node_cons: 4553.80911240001
tot_aggregated_send: 2608
tot_msg_rcv: 329
tot_msg_sent: 637
tot_reconf_duration: 22.65
tot_sleeping_duration: 217909.0394
tot_uptimes: 57
tot_uptimes_duration: 3377.9316000000044
