comms_cons: 592.102073503058
finished_reconf: true
global_termination_time: 801866.087
local_termination_time: 303283.314
node_cons: 79659.37712771948
tot_aggregated_send: 0
tot_msg_rcv: 40788
tot_msg_sent: 49209
tot_reconf_duration: 15.34
tot_sleeping_duration: 742389.9515199992
tot_uptimes: 960
tot_uptimes_duration: 59476.13548000088
