comms_cons: 79.06965759999397
finished_reconf: true
global_termination_time: 802275.099
local_termination_time: 316336.4624400002
node_cons: 16476.625799999994
tot_aggregated_send: 10614
tot_msg_rcv: 473
tot_msg_sent: 930
tot_reconf_duration: 5.1
tot_sleeping_duration: 789975.099
tot_uptimes: 206
tot_uptimes_duration: 12300.0
