comms_cons: 81.98999039404302
finished_reconf: true
global_termination_time: 802884.949
local_termination_time: 563264.64036
node_cons: 16476.24012111693
tot_aggregated_send: 10730
tot_msg_rcv: 614
tot_msg_sent: 1118
tot_reconf_duration: 4.8100000000000005
tot_sleeping_duration: 790584.9429200024
tot_uptimes: 206
tot_uptimes_duration: 12300.006079997635
