comms_cons: 105.45799679390883
finished_reconf: true
global_termination_time: 1039858.345
local_termination_time: 127261.08447999996
node_cons: 21378.91932447196
tot_aggregated_send: 14268
tot_msg_rcv: 599
tot_msg_sent: 1162
tot_reconf_duration: 6.22
tot_sleeping_duration: 1023898.320680006
tot_uptimes: 267
tot_uptimes_duration: 15960.024319993972
