comms_cons: 153.46708475621725
finished_reconf: true
global_termination_time: 986630.046
local_termination_time: 485798.27536
node_cons: 20280.05368223368
tot_aggregated_send: 0
tot_msg_rcv: 11858
tot_msg_sent: 11468
tot_reconf_duration: 25.299999999999997
tot_sleeping_duration: 971510.0338400047
tot_uptimes: 253
tot_uptimes_duration: 15120.012159995269
