comms_cons: 155.11150075795493
finished_reconf: true
global_termination_time: 982707.672
local_termination_time: 482348.1186000001
node_cons: 20175.967701116948
tot_aggregated_send: 0
tot_msg_rcv: 12086
tot_msg_sent: 11491
tot_reconf_duration: 7.819999999999999
tot_sleeping_duration: 967647.6659200023
tot_uptimes: 252
tot_uptimes_duration: 15060.006079997693
