comms_cons: 98.89853439892978
finished_reconf: true
global_termination_time: 984395.206
local_termination_time: 654458.13036
node_cons: 20254.13490111698
tot_aggregated_send: 13398
tot_msg_rcv: 645
tot_msg_sent: 989
tot_reconf_duration: 6.22
tot_sleeping_duration: 969275.1999200024
tot_uptimes: 253
tot_uptimes_duration: 15120.006079997635
