comms_cons: 155.73536635535606
finished_reconf: true
global_termination_time: 982352.187
local_termination_time: 483443.4754800001
node_cons: 20172.722081116855
tot_aggregated_send: 0
tot_msg_rcv: 12123
tot_msg_sent: 11549
tot_reconf_duration: 5.43
tot_sleeping_duration: 967292.1809200024
tot_uptimes: 252
tot_uptimes_duration: 15060.006079997635
