comms_cons: 83.57523839723763
finished_reconf: true
global_termination_time: 823205.685
local_termination_time: 391658.93776000047
node_cons: 16902.191264476583
tot_aggregated_send: 11194
tot_msg_rcv: 537
tot_msg_sent: 971
tot_reconf_duration: 22.65
tot_sleeping_duration: 810605.6606800026
tot_uptimes: 211
tot_uptimes_duration: 12600.024319997407
