comms_cons: 86.52936319584846
finished_reconf: true
global_termination_time: 820407.612
local_termination_time: 130190.59151999977
node_cons: 16882.46763119593
tot_aggregated_send: 10672
tot_msg_rcv: 964
tot_msg_sent: 1515
tot_reconf_duration: 8.09
tot_sleeping_duration: 807807.551200003
tot_uptimes: 211
tot_uptimes_duration: 12600.06079999695
