comms_cons: 86.61516799525383
finished_reconf: true
global_termination_time: 822131.307
local_termination_time: 182260.9194400007
node_cons: 16883.860932317388
tot_aggregated_send: 10498
tot_msg_rcv: 982
tot_msg_sent: 1685
tot_reconf_duration: 9.11
tot_sleeping_duration: 809531.240120002
tot_uptimes: 211
tot_uptimes_duration: 12600.06687999802
