comms_cons: 82.3123711963964
finished_reconf: true
global_termination_time: 820985.729
local_termination_time: 525050.3234799999
node_cons: 16877.948262233764
tot_aggregated_send: 11484
tot_msg_rcv: 332
tot_msg_sent: 695
tot_reconf_duration: 4.8100000000000005
tot_sleeping_duration: 808385.7168400048
tot_uptimes: 211
tot_uptimes_duration: 12600.012159995269
