comms_cons: 81.95709439757273
finished_reconf: true
global_termination_time: 821298.507
local_termination_time: 347774.29452000035
node_cons: 16887.57648223824
tot_aggregated_send: 11252
tot_msg_rcv: 284
tot_msg_sent: 921
tot_reconf_duration: 11.899999999999999
tot_sleeping_duration: 808698.4948400012
tot_uptimes: 211
tot_uptimes_duration: 12600.012159998703
