comms_cons: 85.1940607959153
finished_reconf: true
global_termination_time: 821249.318
local_termination_time: 457151.0523600001
node_cons: 16882.06026559339
tot_aggregated_send: 10788
tot_msg_rcv: 769
tot_msg_sent: 1392
tot_reconf_duration: 7.819999999999999
tot_sleeping_duration: 808649.2876000049
tot_uptimes: 211
tot_uptimes_duration: 12600.030399995041
