comms_cons: 86.6762623935821
finished_reconf: true
global_termination_time: 822427.075
local_termination_time: 353828.05364000035
node_cons: 16879.920030074467
tot_aggregated_send: 10730
tot_msg_rcv: 986
tot_msg_sent: 1460
tot_reconf_duration: 6.22
tot_sleeping_duration: 809827.020280004
tot_uptimes: 211
tot_uptimes_duration: 12600.054719995882
