comms_cons: 86.07386239213398
finished_reconf: true
global_termination_time: 822988.438
local_termination_time: 274872.24120000016
node_cons: 16878.855351191327
tot_aggregated_send: 10324
tot_msg_rcv: 892
tot_msg_sent: 1866
tot_reconf_duration: 5.43
tot_sleeping_duration: 810388.3772000064
tot_uptimes: 211
tot_uptimes_duration: 12600.060799993516
