comms_cons: 604.1039100195517
finished_reconf: true
global_termination_time: 1250044.3217199997
local_termination_time: 1250044.2805999997
node_cons: 75866.34122226146
tot_aggregated_send: 0
tot_msg_rcv: 37125
tot_msg_sent: 54697
tot_reconf_duration: 37.410000000000004
tot_sleeping_duration: 1193423.3072000123
tot_uptimes: 934
tot_uptimes_duration: 56621.014519987395
