comms_cons: 125.40228479163063
finished_reconf: true
global_termination_time: 1251500.341
local_termination_time: 637088.4314799998
node_cons: 25719.826925588746
tot_aggregated_send: 16240
tot_msg_rcv: 956
tot_msg_sent: 1864
tot_reconf_duration: 8.09
tot_sleeping_duration: 1232300.3106000086
tot_uptimes: 321
tot_uptimes_duration: 19200.030399991603
