comms_cons: 130.6225087850398
finished_reconf: true
global_termination_time: 1252255.078
local_termination_time: 160678.26208000063
node_cons: 25717.352594537253
tot_aggregated_send: 15834
tot_msg_rcv: 1313
tot_msg_sent: 2705
tot_reconf_duration: 6.22
tot_sleeping_duration: 1233054.998960017
tot_uptimes: 321
tot_uptimes_duration: 19200.079039982986
