comms_cons: 125.36188799396203
finished_reconf: true
global_termination_time: 1250426.1
local_termination_time: 662233.1413599998
node_cons: 25716.206504471877
tot_aggregated_send: 17168
tot_msg_rcv: 665
tot_msg_sent: 1221
tot_reconf_duration: 5.43
tot_sleeping_duration: 1231226.075680006
tot_uptimes: 321
tot_uptimes_duration: 19200.024319993972
