comms_cons: 488.7511168446661
finished_reconf: true
global_termination_time: 4913228.505
local_termination_time: 662392.9031999987
node_cons: 101071.89446446479
tot_aggregated_send: 68440
tot_msg_rcv: 2069
tot_msg_sent: 3778
tot_reconf_duration: 3.05
tot_sleeping_duration: 4837748.480680009
tot_uptimes: 1259
tot_uptimes_duration: 75480.02431999077
