comms_cons: 485.28774405178433
finished_reconf: true
global_termination_time: 4914361.798
local_termination_time: 844539.7613199987
node_cons: 101076.2177490966
tot_aggregated_send: 68846
tot_msg_rcv: 1588
tot_msg_sent: 3326
tot_reconf_duration: 6.22
tot_sleeping_duration: 4838881.759920016
tot_uptimes: 1259
tot_uptimes_duration: 75480.0380799846
