comms_cons: 43.43650560034306
finished_reconf: true
global_termination_time: 434102.892
local_termination_time: 2517.148920000001
node_cons: 8925.304060000011
tot_aggregated_send: 6148
tot_msg_rcv: 168
tot_msg_sent: 286
tot_reconf_duration: 5.57
tot_sleeping_duration: 427442.892
tot_uptimes: 112
tot_uptimes_duration: 6660.000000000001
