comms_cons: 43.92834560082113
finished_reconf: true
global_termination_time: 434979.458
local_termination_time: 47680.21148000001
node_cons: 8924.28012112144
tot_aggregated_send: 6032
tot_msg_rcv: 242
tot_msg_sent: 402
tot_reconf_duration: 4.8100000000000005
tot_sleeping_duration: 428319.4519199989
tot_uptimes: 112
tot_uptimes_duration: 6660.006080001069
