comms_cons: 281.2416895976282
finished_reconf: true
global_termination_time: 2813767.907
local_termination_time: 58844.6696000001
node_cons: 57848.982639998954
tot_aggregated_send: 40078
tot_msg_rcv: 989
tot_msg_sent: 1680
tot_reconf_duration: 3.08
tot_sleeping_duration: 2770567.907
tot_uptimes: 721
tot_uptimes_duration: 43200.0
