comms_cons: 281.16273921304514
finished_reconf: true
global_termination_time: 2813992.188
local_termination_time: 868935.3843599999
node_cons: 57857.60050111585
tot_aggregated_send: 39962
tot_msg_rcv: 983
tot_msg_sent: 1790
tot_reconf_duration: 9.42
tot_sleeping_duration: 2770792.1819200027
tot_uptimes: 721
tot_uptimes_duration: 43200.006079997635
