comms_cons: 273.7150847963039
finished_reconf: true
global_termination_time: 2814702.028
local_termination_time: 1071207.77236
node_cons: 57859.678241116046
tot_aggregated_send: 40774
tot_msg_rcv: 246
tot_msg_sent: 583
tot_reconf_duration: 10.95
tot_sleeping_duration: 2771502.0219200025
tot_uptimes: 721
tot_uptimes_duration: 43200.006079997635
