comms_cons: 272.1946623955359
finished_reconf: true
global_termination_time: 2815616.378
local_termination_time: 1766047.84736
node_cons: 57941.300199999154
tot_aggregated_send: 40484
tot_msg_rcv: 298
tot_msg_sent: 590
tot_reconf_duration: 11.899999999999999
tot_sleeping_duration: 2772356.378
tot_uptimes: 722
tot_uptimes_duration: 43260.0
