comms_cons: 272.7251391823949
finished_reconf: true
global_termination_time: 2813771.791
local_termination_time: 984571.0383599999
node_cons: 57855.484688933706
tot_aggregated_send: 37468
tot_msg_rcv: 1363
tot_msg_sent: 2622
tot_reconf_duration: 7.819999999999999
tot_sleeping_duration: 2770571.742360019
tot_uptimes: 721
tot_uptimes_duration: 43200.048639981076
