comms_cons: 709.2327177695342
finished_reconf: true
global_termination_time: 3608359.321
local_termination_time: 207.23235999999997
node_cons: 74241.76476558304
tot_aggregated_send: 0
tot_msg_rcv: 54199
tot_msg_sent: 53603
tot_reconf_duration: 5.57
tot_sleeping_duration: 3552919.290600011
tot_uptimes: 925
tot_uptimes_duration: 55440.03039998864
