comms_cons: 363.03430403047435
finished_reconf: true
global_termination_time: 3608815.985
local_termination_time: 863089.7693199986
node_cons: 74246.59650893384
tot_aggregated_send: 50170
tot_msg_rcv: 1586
tot_msg_sent: 3424
tot_reconf_duration: 9.11
tot_sleeping_duration: 3553375.9363600183
tot_uptimes: 925
tot_uptimes_duration: 55440.048639981775
