comms_cons: 142.64482558662456
finished_reconf: true
global_termination_time: 1385817.978
local_termination_time: 481273.12336
node_cons: 28448.92894558417
tot_aggregated_send: 18212
tot_msg_rcv: 1144
tot_msg_sent: 2324
tot_reconf_duration: 6.279999999999999
tot_sleeping_duration: 1364577.9476000117
tot_uptimes: 355
tot_uptimes_duration: 21240.030399988176
