comms_cons: 137.4133951954947
finished_reconf: true
global_termination_time: 1388062.167
local_termination_time: 485583.41036000004
node_cons: 28541.22752111686
tot_aggregated_send: 20010
tot_msg_rcv: 308
tot_msg_sent: 567
tot_reconf_duration: 15.110000000000001
tot_sleeping_duration: 1366762.1609200023
tot_uptimes: 356
tot_uptimes_duration: 21300.006079997635
