comms_cons: 136.6084863973121
finished_reconf: true
global_termination_time: 1385215.523
local_termination_time: 322412.1170400008
node_cons: 28457.511540000054
tot_aggregated_send: 19894
tot_msg_rcv: 243
tot_msg_sent: 627
tot_reconf_duration: 12.629999999999999
tot_sleeping_duration: 1363975.523
tot_uptimes: 355
tot_uptimes_duration: 21240.0
