comms_cons: 139.93711998639603
finished_reconf: true
global_termination_time: 1385725.694
local_termination_time: 375494.62136000005
node_cons: 28447.774645588794
tot_aggregated_send: 18850
tot_msg_rcv: 735
tot_msg_sent: 1685
tot_reconf_duration: 5.43
tot_sleeping_duration: 1364485.6636000082
tot_uptimes: 355
tot_uptimes_duration: 21240.030399991607
