comms_cons: 192.48765439192513
finished_reconf: true
global_termination_time: 1938205.296
local_termination_time: 1469864.3513599979
node_cons: 39857.92526415392
tot_aggregated_send: 27724
tot_msg_rcv: 493
tot_msg_sent: 1040
tot_reconf_duration: 5.57
tot_sleeping_duration: 1908444.0105600045
tot_uptimes: 497
tot_uptimes_duration: 29761.285439995583
