comms_cons: 139.80142078488137
finished_reconf: true
global_termination_time: 1369903.8842400003
local_termination_time: 14354.22672
node_cons: 28217.520883837064
tot_aggregated_send: 18560
tot_msg_rcv: 991
tot_msg_sent: 1697
tot_reconf_duration: 22.65
tot_sleeping_duration: 1348853.2776800026
tot_uptimes: 351
tot_uptimes_duration: 21050.606559997774
