comms_cons: 136.44602879381446
finished_reconf: true
global_termination_time: 1373626.773
local_termination_time: 856142.86336
node_cons: 28207.786760000166
tot_aggregated_send: 19720
tot_msg_rcv: 386
tot_msg_sent: 633
tot_reconf_duration: 6.22
tot_sleeping_duration: 1352566.773
tot_uptimes: 352
tot_uptimes_duration: 21060.0
