comms_cons: 134.64332799827528
finished_reconf: true
global_termination_time: 1372240.971
local_termination_time: 1164388.5853199987
node_cons: 28214.707121121563
tot_aggregated_send: 19836
tot_msg_rcv: 240
tot_msg_sent: 389
tot_reconf_duration: 11.31
tot_sleeping_duration: 1351180.9649199988
tot_uptimes: 352
tot_uptimes_duration: 21060.006080001076
