comms_cons: 246.93053438958628
finished_reconf: true
global_termination_time: 2506582.023
local_termination_time: 1119326.3773999992
node_cons: 51508.559559999325
tot_aggregated_send: 35844
tot_msg_rcv: 591
tot_msg_sent: 1097
tot_reconf_duration: 7.819999999999999
tot_sleeping_duration: 2468122.023
tot_uptimes: 642
tot_uptimes_duration: 38460.0
