comms_cons: 228.60823038716308
finished_reconf: true
global_termination_time: 2283693.994
local_termination_time: 1286993.2883599987
node_cons: 46949.35126446664
tot_aggregated_send: 32132
tot_msg_rcv: 890
tot_msg_sent: 1725
tot_reconf_duration: 22.65
tot_sleeping_duration: 2248653.9696800094
tot_uptimes: 585
tot_uptimes_duration: 35040.02431999054
