comms_cons: 228.41008638738444
finished_reconf: true
global_termination_time: 2288001.445
local_termination_time: 685411.0233599999
node_cons: 47007.4608044668
tot_aggregated_send: 32074
tot_msg_rcv: 947
tot_msg_sent: 1696
tot_reconf_duration: 6.279999999999999
tot_sleeping_duration: 2252901.4206800093
tot_uptimes: 586
tot_uptimes_duration: 35100.02431999054
