comms_cons: 137.4861695944218
finished_reconf: true
global_termination_time: 1383899.552
local_termination_time: 689503.192
node_cons: 28478.96717175707
tot_aggregated_send: 19583
tot_msg_rcv: 386
tot_msg_sent: 929
tot_reconf_duration: 25.299999999999997
tot_sleeping_duration: 1362656.3781600022
tot_uptimes: 355
tot_uptimes_duration: 21243.173839997733
