comms_cons: 137.70986239218595
finished_reconf: true
global_termination_time: 1385894.1
local_termination_time: 617189.6383599999
node_cons: 28458.253001116933
tot_aggregated_send: 19546
tot_msg_rcv: 410
tot_msg_sent: 975
tot_reconf_duration: 13.17
tot_sleeping_duration: 1364654.0939200025
tot_uptimes: 355
tot_uptimes_duration: 21240.006079997635
