comms_cons: 138.73459839236853
finished_reconf: true
global_termination_time: 1383329.988
local_termination_time: 714308.1003599999
node_cons: 28444.50190000011
tot_aggregated_send: 19488
tot_msg_rcv: 556
tot_msg_sent: 1042
tot_reconf_duration: 3.05
tot_sleeping_duration: 1362089.988
tot_uptimes: 355
tot_uptimes_duration: 21240.0
