comms_cons: 146.22992639181274
finished_reconf: true
global_termination_time: 1470876.432
local_termination_time: 1094051.4933999982
node_cons: 30226.37100783111
tot_aggregated_send: 20822
tot_msg_rcv: 428
tot_msg_sent: 978
tot_reconf_duration: 13.17
tot_sleeping_duration: 1448315.9494400066
tot_uptimes: 377
tot_uptimes_duration: 22560.482559993397
