comms_cons: 146.5516799947571
finished_reconf: true
global_termination_time: 1471811.732
local_termination_time: 425268.59036000003
node_cons: 30215.21394000004
tot_aggregated_send: 21054
tot_msg_rcv: 472
tot_msg_sent: 749
tot_reconf_duration: 5.43
tot_sleeping_duration: 1449251.732
tot_uptimes: 377
tot_uptimes_duration: 22560.0
