comms_cons: 25.68582399998077
finished_reconf: true
global_termination_time: 252680.794
local_termination_time: 2593.2895600000006
node_cons: 5148.685800000005
tot_aggregated_send: 3306
tot_msg_rcv: 193
tot_msg_sent: 406
tot_reconf_duration: 5.1
tot_sleeping_duration: 248840.794
tot_uptimes: 65
tot_uptimes_duration: 3840.0
