comms_cons: 16.034137599963035
finished_reconf: true
global_termination_time: 11407.784240000003
local_termination_time: 961.2230399999995
node_cons: 1938.255891720022
tot_aggregated_send: 0
tot_msg_rcv: 1171
tot_msg_sent: 1266
tot_reconf_duration: 18.21
tot_sleeping_duration: 9978.712759999986
tot_uptimes: 22
tot_uptimes_duration: 1429.071480000017
