comms_cons: 320.3544063995079
finished_reconf: true
global_termination_time: 3263686.844
local_termination_time: 2320711.820159999
node_cons: 67101.78485999847
tot_aggregated_send: 46690
tot_msg_rcv: 749
tot_msg_sent: 1253
tot_reconf_duration: 13.17
tot_sleeping_duration: 3213586.844
tot_uptimes: 836
tot_uptimes_duration: 50100.0
