comms_cons: 321.9860480075251
finished_reconf: true
global_termination_time: 3260067.604
local_termination_time: 777148.7352399989
node_cons: 67024.39171999853
tot_aggregated_send: 46400
tot_msg_rcv: 811
tot_msg_sent: 1729
tot_reconf_duration: 15.34
tot_sleeping_duration: 3210027.604
tot_uptimes: 835
tot_uptimes_duration: 50040.0
