comms_cons: 217.9438335893604
finished_reconf: true
global_termination_time: 2164611.038
local_termination_time: 411922.38536
node_cons: 44514.354184466814
tot_aggregated_send: 30218
tot_msg_rcv: 992
tot_msg_sent: 1918
tot_reconf_duration: 4.390000000000001
tot_sleeping_duration: 2131371.0136800096
tot_uptimes: 555
tot_uptimes_duration: 33240.02431999054
