comms_cons: 218.4852415864661
finished_reconf: true
global_termination_time: 2161660.65
local_termination_time: 351920.68396000017
node_cons: 44438.69654782229
tot_aggregated_send: 30044
tot_msg_rcv: 1129
tot_msg_sent: 2035
tot_reconf_duration: 7.819999999999999
tot_sleeping_duration: 2128480.607440013
tot_uptimes: 554
tot_uptimes_duration: 33180.04255998711
