comms_cons: 132.12412159312584
finished_reconf: true
global_termination_time: 1325768.854
local_termination_time: 175868.65092000074
node_cons: 27243.78824000004
tot_aggregated_send: 18618
tot_msg_rcv: 425
tot_msg_sent: 1039
tot_reconf_duration: 6.279999999999999
tot_sleeping_duration: 1305428.854
tot_uptimes: 340
tot_uptimes_duration: 20340.0
