comms_cons: 130.7629183963062
finished_reconf: true
global_termination_time: 1326810.238
local_termination_time: 240515.24736000007
node_cons: 27252.411540000052
tot_aggregated_send: 18908
tot_msg_rcv: 338
tot_msg_sent: 629
tot_reconf_duration: 12.629999999999999
tot_sleeping_duration: 1306470.238
tot_uptimes: 340
tot_uptimes_duration: 20340.0
