comms_cons: 131.36688639609469
finished_reconf: true
global_termination_time: 1326388.836
local_termination_time: 390132.0953600001
node_cons: 27239.401900000106
tot_aggregated_send: 18850
tot_msg_rcv: 412
tot_msg_sent: 705
tot_reconf_duration: 3.05
tot_sleeping_duration: 1306048.836
tot_uptimes: 340
tot_uptimes_duration: 20340.0
