comms_cons: 321.333778956922
finished_reconf: true
global_termination_time: 1616119.5273999984
local_termination_time: 2606.8723600000003
node_cons: 33282.065303422496
tot_aggregated_send: 0
tot_msg_rcv: 24833
tot_msg_sent: 24007
tot_reconf_duration: 18.21
tot_sleeping_duration: 1591282.0844400113
tot_uptimes: 414
tot_uptimes_duration: 24837.442959986904
