comms_cons: 164.513804781146
finished_reconf: true
global_termination_time: 1619202.354
local_termination_time: 137341.45116000032
node_cons: 33281.64870782705
tot_aggregated_send: 21750
tot_msg_rcv: 997
tot_msg_sent: 2259
tot_reconf_duration: 15.34
tot_sleeping_duration: 1594362.3114400096
tot_uptimes: 415
tot_uptimes_duration: 24840.04255999031
