comms_cons: 165.32956157962627
finished_reconf: true
global_termination_time: 1616119.55612
local_termination_time: 109349.87199999999
node_cons: 33212.01816709339
tot_aggregated_send: 21344
tot_msg_rcv: 1212
tot_msg_sent: 2573
tot_reconf_duration: 4.8100000000000005
tot_sleeping_duration: 1591320.83604002
tot_uptimes: 414
tot_uptimes_duration: 24798.720079980107
