comms_cons: 167.53169917444274
finished_reconf: true
global_termination_time: 1620253.15
local_termination_time: 136115.51096000063
node_cons: 33266.79489006074
tot_aggregated_send: 20996
tot_msg_rcv: 1440
tot_msg_sent: 3027
tot_reconf_duration: 4.390000000000001
tot_sleeping_duration: 1595413.0952800142
tot_uptimes: 415
tot_uptimes_duration: 24840.05471998558
