comms_cons: 164.87597438090432
finished_reconf: true
global_termination_time: 1616143.531
local_termination_time: 116285.96963999949
node_cons: 33184.61888782244
tot_aggregated_send: 21692
tot_msg_rcv: 1095
tot_msg_sent: 2274
tot_reconf_duration: 3.05
tot_sleeping_duration: 1591363.488440013
tot_uptimes: 414
tot_uptimes_duration: 24780.042559986876
