comms_cons: 163.05196798692472
finished_reconf: true
global_termination_time: 1619806.987
local_termination_time: 132004.34900000092
node_cons: 33281.33625959
tot_aggregated_send: 21924
tot_msg_rcv: 996
tot_msg_sent: 1863
tot_reconf_duration: 11.31
tot_sleeping_duration: 1594963.0906000074
tot_uptimes: 415
tot_uptimes_duration: 24843.896399992518
