comms_cons: 761.1659905746078
finished_reconf: true
global_termination_time: 7587741.125239991
local_termination_time: 87162.03947999996
node_cons: 156183.71790386504
tot_aggregated_send: 106314
tot_msg_rcv: 3110
tot_msg_sent: 6266
tot_reconf_duration: 18.21
tot_sleeping_duration: 7471117.533960028
tot_uptimes: 1944
tot_uptimes_duration: 116623.5912799629
