comms_cons: 756.8034369831994
finished_reconf: true
global_termination_time: 7589655.102
local_termination_time: 2626217.918
node_cons: 156121.54941339963
tot_aggregated_send: 104732
tot_msg_rcv: 3433
tot_msg_sent: 6864
tot_reconf_duration: 15.34
tot_sleeping_duration: 7473075.029040026
tot_uptimes: 1944
tot_uptimes_duration: 116580.07295997394
