comms_cons: 768.5486146372177
finished_reconf: true
global_termination_time: 7590284.766
local_termination_time: 633210.3027199998
node_cons: 156107.23339116466
tot_aggregated_send: 104052
tot_msg_rcv: 4393
tot_msg_sent: 8367
tot_reconf_duration: 4.8100000000000005
tot_sleeping_duration: 7473704.705200022
tot_uptimes: 1944
tot_uptimes_duration: 116580.06079997751
