comms_cons: 761.1523458201456
finished_reconf: true
global_termination_time: 7590241.769
local_termination_time: 1881034.711759998
node_cons: 156108.08349228257
tot_aggregated_send: 104342
tot_msg_rcv: 3915
tot_msg_sent: 7433
tot_reconf_duration: 5.43
tot_sleeping_duration: 7473661.702120025
tot_uptimes: 1944
tot_uptimes_duration: 116580.06687997608
