comms_cons: 194.33411202296537
finished_reconf: true
global_termination_time: 405304.10348000017
local_termination_time: 375.0074799999991
node_cons: 24290.79036924672
tot_aggregated_send: 0
tot_msg_rcv: 12036
tot_msg_sent: 17498
tot_reconf_duration: 18.21
tot_sleeping_duration: 387181.5783199952
tot_uptimes: 292
tot_uptimes_duration: 18122.525160004996
