comms_cons: 41.42922240025486
finished_reconf: true
global_termination_time: 408389.967
local_termination_time: 32865.11552000017
node_cons: 8370.246382238309
tot_aggregated_send: 5394
tot_msg_rcv: 273
tot_msg_sent: 630
tot_reconf_duration: 10.95
tot_sleeping_duration: 402149.9548400013
tot_uptimes: 105
tot_uptimes_duration: 6240.012159998732
