comms_cons: 79.37930239771367
finished_reconf: true
global_termination_time: 794994.152
local_termination_time: 4846.564
node_cons: 16317.007742241745
tot_aggregated_send: 11130
tot_msg_rcv: 295
tot_msg_sent: 640
tot_reconf_duration: 5.87
tot_sleeping_duration: 782814.1398399987
tot_uptimes: 204
tot_uptimes_duration: 12180.012160001286
