comms_cons: 77.94503679993488
finished_reconf: true
global_termination_time: 791574.432
local_termination_time: 5124.764
node_cons: 16241.475062238287
tot_aggregated_send: 11474
tot_msg_rcv: 139
tot_msg_sent: 234
tot_reconf_duration: 9.41
tot_sleeping_duration: 779454.4198400013
tot_uptimes: 203
tot_uptimes_duration: 12120.012159998703
