comms_cons: 115.67612159587564
finished_reconf: true
global_termination_time: 1168942.134
local_termination_time: 617056.9953599998
node_cons: 24034.039521116847
tot_aggregated_send: 16878
tot_msg_rcv: 247
tot_msg_sent: 457
tot_reconf_duration: 9.11
tot_sleeping_duration: 1151002.1279200024
tot_uptimes: 300
tot_uptimes_duration: 17940.006079997635
