comms_cons: 115.72812799779803
finished_reconf: true
global_termination_time: 1170913.34
local_termination_time: 277805.45636000007
node_cons: 24036.530100000055
tot_aggregated_send: 16762
tot_msg_rcv: 258
tot_msg_sent: 570
tot_reconf_duration: 10.95
tot_sleeping_duration: 1152973.34
tot_uptimes: 300
tot_uptimes_duration: 17940.0
