comms_cons: 119.8391551883916
finished_reconf: true
global_termination_time: 1170422.747
local_termination_time: 365112.17936000007
node_cons: 24029.074645584187
tot_aggregated_send: 15950
tot_msg_rcv: 868
tot_msg_sent: 1397
tot_reconf_duration: 5.43
tot_sleeping_duration: 1152482.7166000118
tot_uptimes: 300
tot_uptimes_duration: 17940.030399988173
