comms_cons: 1071.73194392094
finished_reconf: true
global_termination_time: 3677238.352
local_termination_time: 2197689.290759999
node_cons: 150141.91386499777
tot_aggregated_send: 0
tot_msg_rcv: 54563
tot_msg_sent: 108334
tot_reconf_duration: 18.21
tot_sleeping_duration: 3565126.936999998
tot_uptimes: 1854
tot_uptimes_duration: 112111.41500000197
