comms_cons: 370.19524484270374
finished_reconf: true
global_termination_time: 3681678.021
local_termination_time: 185937.92928000036
node_cons: 75688.88151005523
tot_aggregated_send: 51504
tot_msg_rcv: 1625
tot_msg_sent: 3138
tot_reconf_duration: 6.279999999999999
tot_sleeping_duration: 3625157.966280017
tot_uptimes: 943
tot_uptimes_duration: 56520.05471998284
