comms_cons: 371.7113024490891
finished_reconf: true
global_termination_time: 3681728.138
local_termination_time: 2333832.7223599995
node_cons: 75697.48038670063
tot_aggregated_send: 50692
tot_msg_rcv: 1866
tot_msg_sent: 3941
tot_reconf_duration: 12.629999999999999
tot_sleeping_duration: 3625208.101520013
tot_uptimes: 943
tot_uptimes_duration: 56520.03647998697
