comms_cons: 370.5509376437193
finished_reconf: true
global_termination_time: 3677346.784
local_termination_time: 1784012.2635599985
node_cons: 75608.44374781723
tot_aggregated_send: 51214
tot_msg_rcv: 1739
tot_msg_sent: 3368
tot_reconf_duration: 6.22
tot_sleeping_duration: 3620886.741440016
tot_uptimes: 942
tot_uptimes_duration: 56460.04255998437
