comms_cons: 48.65976320060038
finished_reconf: true
global_termination_time: 488423.797
local_termination_time: 91389.16059999994
node_cons: 10060.384860000011
tot_aggregated_send: 6844
tot_msg_rcv: 158
tot_msg_sent: 394
tot_reconf_duration: 13.17
tot_sleeping_duration: 480923.797
tot_uptimes: 126
tot_uptimes_duration: 7500.0
