comms_cons: 49.337420800681585
finished_reconf: true
global_termination_time: 490784.882
local_termination_time: 12046.52472
node_cons: 10048.494184482317
tot_aggregated_send: 6612
tot_msg_rcv: 249
tot_msg_sent: 638
tot_reconf_duration: 4.390000000000001
tot_sleeping_duration: 483284.85767999827
tot_uptimes: 126
tot_uptimes_duration: 7500.024320001721
