comms_cons: 0.7019520000009642
finished_reconf: true
global_termination_time: 7027.554
local_termination_time: 1433.63336
node_cons: 97.49153999999984
tot_aggregated_send: 0
tot_msg_rcv: 59
tot_msg_sent: 47
tot_reconf_duration: 12.629999999999999
tot_sleeping_duration: 6967.554
tot_uptimes: 2
tot_uptimes_duration: 60.0
