comms_cons: 133.6893439932276
finished_reconf: true
global_termination_time: 1340707.1082400002
local_termination_time: 23520.502920000003
node_cons: 27630.15348047719
tot_aggregated_send: 18676
tot_msg_rcv: 479
tot_msg_sent: 1164
tot_reconf_duration: 18.21
tot_sleeping_duration: 1320090.6599200023
tot_uptimes: 344
tot_uptimes_duration: 20616.44831999787
