comms_cons: 131.03637759929222
finished_reconf: true
global_termination_time: 1343428.8
local_termination_time: 649816.9793599999
node_cons: 27667.718700000074
tot_aggregated_send: 18908
tot_msg_rcv: 313
tot_msg_sent: 695
tot_reconf_duration: 22.65
tot_sleeping_duration: 1322788.8
tot_uptimes: 345
tot_uptimes_duration: 20640.0
