comms_cons: 777.2219265204494
finished_reconf: true
global_termination_time: 7828884.11048
local_termination_time: 7828884.06936
node_cons: 161070.5700665416
tot_aggregated_send: 112494
tot_msg_rcv: 1914
tot_msg_sent: 3725
tot_reconf_duration: 37.410000000000004
tot_sleeping_duration: 7708630.363440009
tot_uptimes: 2005
tot_uptimes_duration: 120253.74703999062
