comms_cons: 773.9637953629547
finished_reconf: true
global_termination_time: 7831988.611
local_termination_time: 1949921.38036
node_cons: 161102.61313116606
tot_aggregated_send: 109910
tot_msg_rcv: 2430
tot_msg_sent: 5297
tot_reconf_duration: 15.34
tot_sleeping_duration: 7711688.550200021
tot_uptimes: 2006
tot_uptimes_duration: 120300.06079997867
