comms_cons: 1309.7446116547999
finished_reconf: true
global_termination_time: 7828959.933
local_termination_time: 2829813.19812
node_cons: 161009.95336893198
tot_aggregated_send: 0
tot_msg_rcv: 100173
tot_msg_sent: 98900
tot_reconf_duration: 6.279999999999999
tot_sleeping_duration: 7708719.884360017
tot_uptimes: 2005
tot_uptimes_duration: 120240.04863998294
