comms_cons: 3218.58551940505
finished_reconf: true
global_termination_time: 7828959.933
local_termination_time: 2829813.4569999995
node_cons: 475013.9505094318
tot_aggregated_send: 0
tot_msg_rcv: 197840
tot_msg_sent: 291369
tot_reconf_duration: 5.57
tot_sleeping_duration: 7474212.818400017
tot_uptimes: 5802
tot_uptimes_duration: 354747.1145999826
