comms_cons: 1311.6660836597812
finished_reconf: true
global_termination_time: 7829664.197
local_termination_time: 2833335.33836
node_cons: 161088.67464669747
tot_aggregated_send: 0
tot_msg_rcv: 100422
tot_msg_sent: 98943
tot_reconf_duration: 5.1
tot_sleeping_duration: 7709364.1605200125
tot_uptimes: 2006
tot_uptimes_duration: 120300.0364799872
