comms_cons: 771.1325185550496
finished_reconf: true
global_termination_time: 7830989.907
local_termination_time: 3378735.214399999
node_cons: 161092.74320781426
tot_aggregated_send: 109214
tot_msg_rcv: 2471
tot_msg_sent: 5523
tot_reconf_duration: 8.09
tot_sleeping_duration: 7710689.864440015
tot_uptimes: 2006
tot_uptimes_duration: 120300.04255998507
