comms_cons: 102.46421761042208
finished_reconf: true
global_termination_time: 348608.39300000045
local_termination_time: 348608.35188000044
node_cons: 14359.608619120665
tot_aggregated_send: 0
tot_msg_rcv: 5262
tot_msg_sent: 10313
tot_reconf_duration: 37.410000000000004
tot_sleeping_duration: 337922.20492
tot_uptimes: 176
tot_uptimes_duration: 10686.188080000473
