comms_cons: 136.2849024180168
finished_reconf: true
global_termination_time: 467849.35596000025
local_termination_time: 2523.948480000002
node_cons: 19061.637109440268
tot_aggregated_send: 0
tot_msg_rcv: 6971
tot_msg_sent: 13739
tot_reconf_duration: 5.57
tot_sleeping_duration: 453619.2790000001
tot_uptimes: 236
tot_uptimes_duration: 14230.07696000018
