comms_cons: 46.5807360003652
finished_reconf: true
global_termination_time: 468180.98
local_termination_time: 97098.77563999976
node_cons: 9568.906760000014
tot_aggregated_send: 6554
tot_msg_rcv: 183
tot_msg_sent: 343
tot_reconf_duration: 6.22
tot_sleeping_duration: 461040.98
tot_uptimes: 120
tot_uptimes_duration: 7140.0
