comms_cons: 0.7631871999995921
finished_reconf: true
global_termination_time: 4123.087
local_termination_time: 634.8903599999999
node_cons: 84.48189999999994
tot_aggregated_send: 0
tot_msg_rcv: 60
tot_msg_sent: 56
tot_reconf_duration: 3.05
tot_sleeping_duration: 4063.0870000000004
tot_uptimes: 2
tot_uptimes_duration: 60.0
