comms_cons: 663.7825921692686
finished_reconf: true
global_termination_time: 6594767.386239997
local_termination_time: 4870.837880000004
node_cons: 135670.8068181923
tot_aggregated_send: 91698
tot_msg_rcv: 3044
tot_msg_sent: 6151
tot_reconf_duration: 18.21
tot_sleeping_duration: 6493463.370080029
tot_uptimes: 1689
tot_uptimes_duration: 101304.01615996766
