comms_cons: 1035.8281624261106
finished_reconf: true
global_termination_time: 6595045.335
local_termination_time: 2336742.0068400004
node_cons: 135620.91092893257
tot_aggregated_send: 0
tot_msg_rcv: 79301
tot_msg_sent: 78138
tot_reconf_duration: 5.1
tot_sleeping_duration: 6493765.286360017
tot_uptimes: 1689
tot_uptimes_duration: 101280.0486399827
