comms_cons: 649.1407681151951
finished_reconf: true
global_termination_time: 6599026.014
local_termination_time: 2388278.4013599996
node_cons: 135728.6662466979
tot_aggregated_send: 91176
tot_msg_rcv: 2629
tot_msg_sent: 4859
tot_reconf_duration: 25.299999999999997
tot_sleeping_duration: 6497685.977520013
tot_uptimes: 1690
tot_uptimes_duration: 101340.03647998697
