comms_cons: 646.4556416727191
finished_reconf: true
global_termination_time: 6595926.113
local_termination_time: 3376946.980799998
node_cons: 135705.27878446397
tot_aggregated_send: 91988
tot_msg_rcv: 1915
tot_msg_sent: 4353
tot_reconf_duration: 8.09
tot_sleeping_duration: 6494586.088680008
tot_uptimes: 1690
tot_uptimes_duration: 101340.02431999147
