comms_cons: 647.5962624416328
finished_reconf: true
global_termination_time: 6596088.065
local_termination_time: 3553700.0189199992
node_cons: 135706.67208558114
tot_aggregated_send: 93090
tot_msg_rcv: 1858
tot_msg_sent: 3482
tot_reconf_duration: 9.11
tot_sleeping_duration: 6494748.034600011
tot_uptimes: 1690
tot_uptimes_duration: 101340.03039998934
