comms_cons: 642.1658048726964
finished_reconf: true
global_termination_time: 6596819.253
local_termination_time: 3925789.49436
node_cons: 135719.67902334727
tot_aggregated_send: 91698
tot_msg_rcv: 2027
tot_msg_sent: 3879
tot_reconf_duration: 18.700000000000003
tot_sleeping_duration: 6495479.234760006
tot_uptimes: 1690
tot_uptimes_duration: 101340.0182399936
