comms_cons: 645.3439680754897
finished_reconf: true
global_termination_time: 6597483.991
local_termination_time: 3951563.3813599995
node_cons: 135709.15452334663
tot_aggregated_send: 91524
tot_msg_rcv: 2232
tot_msg_sent: 4331
tot_reconf_duration: 10.95
tot_sleeping_duration: 6496143.972760007
tot_uptimes: 1690
tot_uptimes_duration: 101340.0182399936
