comms_cons: 96.43596799391436
finished_reconf: true
global_termination_time: 937603.409
local_termination_time: 579310.2294799999
node_cons: 19288.56650558416
tot_aggregated_send: 12412
tot_msg_rcv: 733
tot_msg_sent: 1513
tot_reconf_duration: 5.1
tot_sleeping_duration: 923203.3786000118
tot_uptimes: 241
tot_uptimes_duration: 14400.030399988173
