comms_cons: 97.66110079368386
finished_reconf: true
global_termination_time: 938514.199
local_termination_time: 747440.0533599999
node_cons: 19299.50928335058
tot_aggregated_send: 12180
tot_msg_rcv: 932
tot_msg_sent: 1731
tot_reconf_duration: 13.17
tot_sleeping_duration: 924114.1807600071
tot_uptimes: 241
tot_uptimes_duration: 14400.018239992904
