comms_cons: 100.09594879267512
finished_reconf: true
global_termination_time: 936657.088
local_termination_time: 627939.5043599998
node_cons: 19205.458922233636
tot_aggregated_send: 11774
tot_msg_rcv: 1349
tot_msg_sent: 2091
tot_reconf_duration: 3.08
tot_sleeping_duration: 922317.0758400047
tot_uptimes: 240
tot_uptimes_duration: 14340.012159995269
