comms_cons: 96.37080318929219
finished_reconf: true
global_termination_time: 940751.98
local_termination_time: 389475.86436000007
node_cons: 19292.300971177556
tot_aggregated_send: 12122
tot_msg_rcv: 889
tot_msg_sent: 1637
tot_reconf_duration: 7.819999999999999
tot_sleeping_duration: 926351.9192000168
tot_uptimes: 241
tot_uptimes_duration: 14400.060799983214
