comms_cons: 95.77621759349552
finished_reconf: true
global_termination_time: 939057.17
local_termination_time: 618622.7593599998
node_cons: 19288.973939999938
tot_aggregated_send: 12702
tot_msg_rcv: 640
tot_msg_sent: 1216
tot_reconf_duration: 5.43
tot_sleeping_duration: 924657.17
tot_uptimes: 241
tot_uptimes_duration: 14399.999999999998
