comms_cons: 148.82150398442934
finished_reconf: true
global_termination_time: 1466323.4548399998
local_termination_time: 1466323.4137199998
node_cons: 30180.85064005719
tot_aggregated_send: 20184
tot_msg_rcv: 862
tot_msg_sent: 1573
tot_reconf_duration: 24.59
tot_sleeping_duration: 1443808.550120017
tot_uptimes: 376
tot_uptimes_duration: 22514.904719982922
