comms_cons: 146.1766655937398
finished_reconf: true
global_termination_time: 1467481.672
local_termination_time: 1131442.3265599995
node_cons: 30136.028240000083
tot_aggregated_send: 20880
tot_msg_rcv: 473
tot_msg_sent: 865
tot_reconf_duration: 6.279999999999999
tot_sleeping_duration: 1444981.672
tot_uptimes: 376
tot_uptimes_duration: 22500.0
