comms_cons: 149.82937597994325
finished_reconf: true
global_termination_time: 1466323.9734399996
local_termination_time: 7107.698360000001
node_cons: 30187.384735103373
tot_aggregated_send: 19720
tot_msg_rcv: 1020
tot_msg_sent: 2034
tot_reconf_duration: 22.65
tot_sleeping_duration: 1443802.221360012
tot_uptimes: 376
tot_uptimes_duration: 22521.75207998755
