comms_cons: 72.71989760037988
finished_reconf: true
global_termination_time: 742171.198
local_termination_time: 383230.9933600001
node_cons: 15271.14012112145
tot_aggregated_send: 10788
tot_msg_rcv: 37
tot_msg_sent: 228
tot_reconf_duration: 4.8100000000000005
tot_sleeping_duration: 730771.1919199988
tot_uptimes: 191
tot_uptimes_duration: 11400.006080001069
