comms_cons: 73.58897920002515
finished_reconf: true
global_termination_time: 742886.832
local_termination_time: 319380.934
node_cons: 15275.219560000032
tot_aggregated_send: 10432
tot_msg_rcv: 234
tot_msg_sent: 520
tot_reconf_duration: 7.819999999999999
tot_sleeping_duration: 731486.832
tot_uptimes: 191
tot_uptimes_duration: 11400.0
