comms_cons: 393.7716992434364
finished_reconf: true
global_termination_time: 3949029.827
local_termination_time: 2922249.5243599997
node_cons: 81248.4691799979
tot_aggregated_send: 56260
tot_msg_rcv: 1230
tot_msg_sent: 2361
tot_reconf_duration: 18.21
tot_sleeping_duration: 3888369.827
tot_uptimes: 1012
tot_uptimes_duration: 60660.0
