comms_cons: 120.7546111925191
finished_reconf: true
global_termination_time: 1196892.95648
local_termination_time: 186475.05636000008
node_cons: 24609.187883196493
tot_aggregated_send: 16646
tot_msg_rcv: 599
tot_msg_sent: 1107
tot_reconf_duration: 4.390000000000001
tot_sleeping_duration: 1178518.6276800025
tot_uptimes: 307
tot_uptimes_duration: 18374.32879999734
