comms_cons: 153.6960319938399
finished_reconf: true
global_termination_time: 1536655.6334799998
local_termination_time: 1536655.59236
node_cons: 31625.36351871985
tot_aggregated_send: 21852
tot_msg_rcv: 572
tot_msg_sent: 936
tot_reconf_duration: 24.59
tot_sleeping_duration: 1513061.929
tot_uptimes: 394
tot_uptimes_duration: 23593.70447999984
