comms_cons: 228.30481906664528
finished_reconf: true
global_termination_time: 1542105.066
local_termination_time: 448119.5414800001
node_cons: 31660.516403355145
tot_aggregated_send: 0
tot_msg_rcv: 17528
tot_msg_sent: 17173
tot_reconf_duration: 4.8100000000000005
tot_sleeping_duration: 1518465.0477600037
tot_uptimes: 395
tot_uptimes_duration: 23640.018239996338
