comms_cons: 138.4461055892709
finished_reconf: true
global_termination_time: 1365735.304
local_termination_time: 129281.697
node_cons: 28077.908388477703
tot_aggregated_send: 18674
tot_msg_rcv: 811
tot_msg_sent: 1558
tot_reconf_duration: 22.65
tot_sleeping_duration: 1344788.9636800017
tot_uptimes: 350
tot_uptimes_duration: 20946.340319998242
