comms_cons: 133.78145279794376
finished_reconf: true
global_termination_time: 1364493.535
local_termination_time: 1268807.1553599997
node_cons: 28042.801899999788
tot_aggregated_send: 19488
tot_msg_rcv: 201
tot_msg_sent: 645
tot_reconf_duration: 3.05
tot_sleeping_duration: 1343553.535
tot_uptimes: 350
tot_uptimes_duration: 20940.0
