comms_cons: 392.30819827303384
finished_reconf: true
global_termination_time: 809979.9545999998
local_termination_time: 809979.9134799999
node_cons: 49385.64227935658
tot_aggregated_send: 0
tot_msg_rcv: 24020
tot_msg_sent: 35607
tot_reconf_duration: 24.59
tot_sleeping_duration: 773122.4123600019
tot_uptimes: 607
tot_uptimes_duration: 36857.54223999793
