comms_cons: 97.1371903934816
finished_reconf: true
global_termination_time: 954224.6244799999
local_termination_time: 954224.5833599999
node_cons: 19654.711659841258
tot_aggregated_send: 13094
tot_msg_rcv: 615
tot_msg_sent: 1057
tot_reconf_duration: 24.59
tot_sleeping_duration: 939570.9139199989
tot_uptimes: 245
tot_uptimes_duration: 14653.710560000909
