comms_cons: 229.25605758347277
finished_reconf: true
global_termination_time: 2327574.712
local_termination_time: 994225.3794399985
node_cons: 47907.401744466675
tot_aggregated_send: 32016
tot_msg_rcv: 922
tot_msg_sent: 1907
tot_reconf_duration: 18.21
tot_sleeping_duration: 2291814.6876800093
tot_uptimes: 597
tot_uptimes_duration: 35760.02431999054
