comms_cons: 228.71398399508075
finished_reconf: true
global_termination_time: 2327515.151
local_termination_time: 802349.0573599999
node_cons: 47890.013939999
tot_aggregated_send: 33930
tot_msg_rcv: 255
tot_msg_sent: 579
tot_reconf_duration: 5.43
tot_sleeping_duration: 2291755.151
tot_uptimes: 597
tot_uptimes_duration: 35759.99999999977
