comms_cons: 23.42195200011517
finished_reconf: true
global_termination_time: 241347.322
local_termination_time: 225248.81236000007
node_cons: 4918.624860000023
tot_aggregated_send: 3422
tot_msg_rcv: 34
tot_msg_sent: 104
tot_reconf_duration: 13.17
tot_sleeping_duration: 237687.322
tot_uptimes: 62
tot_uptimes_duration: 3660.0
