comms_cons: 47.33076480327312
finished_reconf: true
global_termination_time: 244012.329
local_termination_time: 5979.505360000001
node_cons: 5011.846841119156
tot_aggregated_send: 0
tot_msg_rcv: 3618
tot_msg_sent: 3576
tot_reconf_duration: 22.65
tot_sleeping_duration: 240292.32292000062
tot_uptimes: 63
tot_uptimes_duration: 3720.006079999366
