comms_cons: 24.660704000407584
finished_reconf: true
global_termination_time: 240051.04568000036
local_termination_time: 80098.23479999957
node_cons: 4939.937956641902
tot_aggregated_send: 3132
tot_msg_rcv: 197
tot_msg_sent: 418
tot_reconf_duration: 4.390000000000001
tot_sleeping_duration: 236366.22391999894
tot_uptimes: 62
tot_uptimes_duration: 3684.8217600014177
