comms_cons: 24.52193280010674
finished_reconf: true
global_termination_time: 241243.304
local_termination_time: 13540.48336
node_cons: 4911.383983362017
tot_aggregated_send: 3132
tot_msg_rcv: 192
tot_msg_sent: 404
tot_reconf_duration: 7.819999999999999
tot_sleeping_duration: 237583.28575999849
tot_uptimes: 62
tot_uptimes_duration: 3660.0182400015037
