comms_cons: 258.20003200481466
finished_reconf: true
global_termination_time: 2544599.597
local_termination_time: 1070492.598
node_cons: 52360.31710734036
tot_aggregated_send: 35030
tot_msg_rcv: 1479
tot_msg_sent: 2733
tot_reconf_duration: 22.65
tot_sleeping_duration: 2505518.522760014
tot_uptimes: 652
tot_uptimes_duration: 39081.07423998602
