comms_cons: 252.91566721088446
finished_reconf: true
global_termination_time: 2539869.005
local_termination_time: 1546912.2434799997
node_cons: 52238.8848599991
tot_aggregated_send: 36308
tot_msg_rcv: 752
tot_msg_sent: 1381
tot_reconf_duration: 13.17
tot_sleeping_duration: 2500869.005
tot_uptimes: 651
tot_uptimes_duration: 39000.0
