comms_cons: 256.32688639349243
finished_reconf: true
global_termination_time: 2541535.075
local_termination_time: 518665.76999999996
node_cons: 52235.520227664776
tot_aggregated_send: 35202
tot_msg_rcv: 1257
tot_msg_sent: 2502
tot_reconf_duration: 7.819999999999999
tot_sleeping_duration: 2502532.161880011
tot_uptimes: 651
tot_uptimes_duration: 39002.913119989214
