comms_cons: 177.7771903919938
finished_reconf: true
global_termination_time: 1786487.546
local_termination_time: 485605.7753600001
node_cons: 36736.21171999991
tot_aggregated_send: 25520
tot_msg_rcv: 528
tot_msg_sent: 974
tot_reconf_duration: 15.34
tot_sleeping_duration: 1759067.546
tot_uptimes: 458
tot_uptimes_duration: 27420.0
