comms_cons: 177.4410239939163
finished_reconf: true
global_termination_time: 1787617.948
local_termination_time: 331551.40536000003
node_cons: 36749.73739999987
tot_aggregated_send: 25694
tot_msg_rcv: 488
tot_msg_sent: 788
tot_reconf_duration: 25.299999999999997
tot_sleeping_duration: 1760197.948
tot_uptimes: 458
tot_uptimes_duration: 27420.0
