comms_cons: 183.14837117720052
finished_reconf: true
global_termination_time: 1786830.629
local_termination_time: 253953.41568000067
node_cons: 36719.57888782689
tot_aggregated_send: 23896
tot_msg_rcv: 1319
tot_msg_sent: 2622
tot_reconf_duration: 3.05
tot_sleeping_duration: 1759410.5864400098
tot_uptimes: 458
tot_uptimes_duration: 27420.04255999031
