comms_cons: 183.3623167821606
finished_reconf: true
global_termination_time: 1787114.905
local_termination_time: 185481.82432000063
node_cons: 36726.0891122942
tot_aggregated_send: 23954
tot_msg_rcv: 1357
tot_msg_sent: 2560
tot_reconf_duration: 7.819999999999999
tot_sleeping_duration: 1759694.8381200193
tot_uptimes: 458
tot_uptimes_duration: 27420.066879980848
