comms_cons: 26.28453119993882
finished_reconf: true
global_termination_time: 268627.121
local_termination_time: 94989.77099999973
node_cons: 5471.566760000007
tot_aggregated_send: 3770
tot_msg_rcv: 56
tot_msg_sent: 169
tot_reconf_duration: 6.22
tot_sleeping_duration: 264547.121
tot_uptimes: 69
tot_uptimes_duration: 4080.0
