comms_cons: 1.4145279999953273
finished_reconf: true
global_termination_time: 9531.55748
local_termination_time: 9531.51636
node_cons: 212.42351872000063
tot_aggregated_send: 0
tot_msg_rcv: 105
tot_msg_sent: 109
tot_reconf_duration: 24.59
tot_sleeping_duration: 9397.853
tot_uptimes: 3
tot_uptimes_duration: 133.70448000000033
