comms_cons: 84.98354559601447
finished_reconf: true
global_termination_time: 832199.81224
local_termination_time: 106106.61959999995
node_cons: 17141.393056084064
tot_aggregated_send: 11078
tot_msg_rcv: 673
tot_msg_sent: 1165
tot_reconf_duration: 6.279999999999999
tot_sleeping_duration: 819404.5435199969
tot_uptimes: 214
tot_uptimes_duration: 12795.26872000302
