comms_cons: 82.42421759721347
finished_reconf: true
global_termination_time: 832199.5860000004
local_termination_time: 340157.7078400001
node_cons: 17185.760991121944
tot_aggregated_send: 11774
tot_msg_rcv: 266
tot_msg_sent: 488
tot_reconf_duration: 13.17
tot_sleeping_duration: 819378.1699199989
tot_uptimes: 214
tot_uptimes_duration: 12821.41608000145
