comms_cons: 82.99723519924558
finished_reconf: true
global_termination_time: 834078.424
local_termination_time: 330599.9503600001
node_cons: 17118.960121121454
tot_aggregated_send: 11600
tot_msg_rcv: 330
tot_msg_sent: 686
tot_reconf_duration: 4.8100000000000005
tot_sleeping_duration: 821298.417919999
tot_uptimes: 214
tot_uptimes_duration: 12780.006080001069
