comms_cons: 82.7979711994766
finished_reconf: true
global_termination_time: 833368.586
local_termination_time: 315776.35036
node_cons: 17118.389761121394
tot_aggregated_send: 11542
tot_msg_rcv: 402
tot_msg_sent: 641
tot_reconf_duration: 4.390000000000001
tot_sleeping_duration: 820588.579919999
tot_uptimes: 214
tot_uptimes_duration: 12780.006080001069
