comms_cons: 85.23816959652422
finished_reconf: true
global_termination_time: 834920.532
local_termination_time: 232925.55768000026
node_cons: 17127.827826724006
tot_aggregated_send: 10730
tot_msg_rcv: 864
tot_msg_sent: 1361
tot_reconf_duration: 11.31
tot_sleeping_duration: 822140.495519997
tot_uptimes: 214
tot_uptimes_duration: 12780.036480002978
