comms_cons: 34.91581440053675
finished_reconf: true
global_termination_time: 352863.577
local_termination_time: 132165.91136000006
node_cons: 7234.75818224143
tot_aggregated_send: 4814
tot_msg_rcv: 87
tot_msg_sent: 406
tot_reconf_duration: 3.05
tot_sleeping_duration: 347463.5648399989
tot_uptimes: 91
tot_uptimes_duration: 5400.012160001073
