comms_cons: 87.18097919195833
finished_reconf: true
global_termination_time: 844472.513
local_termination_time: 250830.82236000005
node_cons: 17364.48320782704
tot_aggregated_send: 10962
tot_msg_rcv: 719
tot_msg_sent: 1570
tot_reconf_duration: 8.09
tot_sleeping_duration: 831512.4704400097
tot_uptimes: 217
tot_uptimes_duration: 12960.04255999031
