comms_cons: 85.59006719596171
finished_reconf: true
global_termination_time: 846776.211
local_termination_time: 245554.76536000008
node_cons: 17365.860226710236
tot_aggregated_send: 11310
tot_msg_rcv: 481
tot_msg_sent: 1219
tot_reconf_duration: 9.11
tot_sleeping_duration: 833816.1745200073
tot_uptimes: 217
tot_uptimes_duration: 12960.036479992676
