comms_cons: 85.31248639699827
finished_reconf: true
global_termination_time: 843778.037
local_termination_time: 591027.4803599999
node_cons: 17366.240501116914
tot_aggregated_send: 11832
tot_msg_rcv: 446
tot_msg_sent: 689
tot_reconf_duration: 9.42
tot_sleeping_duration: 830818.0309200024
tot_uptimes: 217
tot_uptimes_duration: 12960.006079997635
