comms_cons: 83.83564799909983
finished_reconf: true
global_termination_time: 842916.364
local_termination_time: 541093.2570000001
node_cons: 17290.299906716937
tot_aggregated_send: 11768
tot_msg_rcv: 280
tot_msg_sent: 695
tot_reconf_duration: 11.899999999999999
tot_sleeping_duration: 830015.5875200023
tot_uptimes: 216
tot_uptimes_duration: 12900.776479997672
