comms_cons: 86.4306047970799
finished_reconf: true
global_termination_time: 846399.832
local_termination_time: 27974.05108
node_cons: 17368.831544481145
tot_aggregated_send: 11426
tot_msg_rcv: 613
tot_msg_sent: 1097
tot_reconf_duration: 11.31
tot_sleeping_duration: 833439.8076799992
tot_uptimes: 217
tot_uptimes_duration: 12960.02432000084
