comms_cons: 86.35663359814657
finished_reconf: true
global_termination_time: 842491.153
local_termination_time: 91343.96635999998
node_cons: 17280.50650448576
tot_aggregated_send: 11078
tot_msg_rcv: 729
tot_msg_sent: 1318
tot_reconf_duration: 5.43
tot_sleeping_duration: 829591.1286799958
tot_uptimes: 216
tot_uptimes_duration: 12900.024320004275
