comms_cons: 195.90883838955477
finished_reconf: true
global_termination_time: 1972371.301
local_termination_time: 1377263.7865999998
node_cons: 40596.42917999966
tot_aggregated_send: 28072
tot_msg_rcv: 502
tot_msg_sent: 1203
tot_reconf_duration: 18.21
tot_sleeping_duration: 1942071.301
tot_uptimes: 506
tot_uptimes_duration: 30300.0
