comms_cons: 194.29658879358502
finished_reconf: true
global_termination_time: 1970746.587
local_termination_time: 229117.75936000003
node_cons: 40502.02026559305
tot_aggregated_send: 27260
tot_msg_rcv: 763
tot_msg_sent: 1508
tot_reconf_duration: 7.819999999999999
tot_sleeping_duration: 1940506.5566000051
tot_uptimes: 505
tot_uptimes_duration: 30240.03039999504
