comms_cons: 31.640627199915077
finished_reconf: true
global_termination_time: 13779.298240000002
local_termination_time: 2761.2737600000037
node_cons: 3822.9244754400593
tot_aggregated_send: 0
tot_msg_rcv: 2449
tot_msg_sent: 2361
tot_reconf_duration: 18.21
tot_sleeping_duration: 10942.707279999959
tot_uptimes: 42
tot_uptimes_duration: 2836.590960000043
