comms_cons: 53.831014400504586
finished_reconf: true
global_termination_time: 542845.143
local_termination_time: 143084.61704000033
node_cons: 11201.61740000004
tot_aggregated_send: 7830
tot_msg_rcv: 144
tot_msg_sent: 208
tot_reconf_duration: 25.299999999999997
tot_sleeping_duration: 534505.143
tot_uptimes: 140
tot_uptimes_duration: 8340.0
