comms_cons: 53.70005759996715
finished_reconf: true
global_termination_time: 543185.604
local_termination_time: 88606.42159999994
node_cons: 11178.24622000001
tot_aggregated_send: 7888
tot_msg_rcv: 107
tot_msg_sent: 167
tot_reconf_duration: 8.09
tot_sleeping_duration: 534845.604
tot_uptimes: 140
tot_uptimes_duration: 8340.0
