comms_cons: 54.230150400477676
finished_reconf: true
global_termination_time: 543225.046
local_termination_time: 16497.271999999997
node_cons: 11202.107725759171
tot_aggregated_send: 7770
tot_msg_rcv: 191
tot_msg_sent: 281
tot_reconf_duration: 18.700000000000003
tot_sleeping_duration: 534877.9861600006
tot_uptimes: 140
tot_uptimes_duration: 8347.05983999937
