comms_cons: 53.100723200096034
finished_reconf: true
global_termination_time: 545351.613
local_termination_time: 171464.89972000007
node_cons: 11176.453660000001
tot_aggregated_send: 8004
tot_msg_rcv: 15
tot_msg_sent: 52
tot_reconf_duration: 6.77
tot_sleeping_duration: 537011.613
tot_uptimes: 140
tot_uptimes_duration: 8340.0
