comms_cons: 54.48956160058316
finished_reconf: true
global_termination_time: 543092.14
local_termination_time: 77698.346
node_cons: 11183.46994303926
tot_aggregated_send: 7653
tot_msg_rcv: 227
tot_msg_sent: 403
tot_reconf_duration: 9.629999999999999
tot_sleeping_duration: 534749.8006400005
tot_uptimes: 140
tot_uptimes_duration: 8342.33935999943
