comms_cons: 937.9320184187849
finished_reconf: true
global_termination_time: 1941650.1380399982
local_termination_time: 1941650.0969199983
node_cons: 117675.51107609375
tot_aggregated_send: 0
tot_msg_rcv: 57682
tot_msg_sent: 84878
tot_reconf_duration: 24.59
tot_sleeping_duration: 1853791.9469600152
tot_uptimes: 1434
tot_uptimes_duration: 87858.19107998288
