comms_cons: 1.5395327999975532
finished_reconf: true
global_termination_time: 17344.279
local_termination_time: 4543.999360000001
node_cons: 329.8882400000009
tot_aggregated_send: 0
tot_msg_rcv: 121
tot_msg_sent: 113
tot_reconf_duration: 6.279999999999999
tot_sleeping_duration: 17104.279
tot_uptimes: 5
tot_uptimes_duration: 240.0
