comms_cons: 54.83763200012359
finished_reconf: true
global_termination_time: 555890.721
local_termination_time: 108327.09159999994
node_cons: 11414.811980000011
tot_aggregated_send: 8062
tot_msg_rcv: 103
tot_msg_sent: 170
tot_reconf_duration: 4.8100000000000005
tot_sleeping_duration: 547370.721
tot_uptimes: 143
tot_uptimes_duration: 8520.0
