comms_cons: 54.068492800054116
finished_reconf: true
global_termination_time: 554181.539
local_termination_time: 163455.07960000008
node_cons: 11335.322081121436
tot_aggregated_send: 8062
tot_msg_rcv: 45
tot_msg_sent: 111
tot_reconf_duration: 5.43
tot_sleeping_duration: 545721.532919999
tot_uptimes: 142
tot_uptimes_duration: 8460.006080001069
