comms_cons: 147.62837761456666
finished_reconf: true
global_termination_time: 305999.4276800007
local_termination_time: 305999.3865600007
node_cons: 18589.264807243075
tot_aggregated_send: 0
tot_msg_rcv: 9061
tot_msg_sent: 13377
tot_reconf_duration: 24.59
tot_sleeping_duration: 292141.4205199984
tot_uptimes: 225
tot_uptimes_duration: 13858.007160002267
