comms_cons: 60.46544000590282
finished_reconf: true
global_termination_time: 306864.022
local_termination_time: 346.11803999999944
node_cons: 6297.278700000004
tot_aggregated_send: 0
tot_msg_rcv: 4686
tot_msg_sent: 4504
tot_reconf_duration: 22.65
tot_sleeping_duration: 302184.022
tot_uptimes: 79
tot_uptimes_duration: 4679.999999999998
