comms_cons: 19.652300799733446
finished_reconf: true
global_termination_time: 190863.878
local_termination_time: 7139.215
node_cons: 3872.9609044786052
tot_aggregated_send: 2249
tot_msg_rcv: 287
tot_msg_sent: 451
tot_reconf_duration: 12.23
tot_sleeping_duration: 187983.85368000105
tot_uptimes: 49
tot_uptimes_duration: 2880.0243199989563
