comms_cons: 48.96303360031936
finished_reconf: true
global_termination_time: 490163.291
local_termination_time: 27483.8646
node_cons: 10049.882081120304
tot_aggregated_send: 6902
tot_msg_rcv: 197
tot_msg_sent: 343
tot_reconf_duration: 5.43
tot_sleeping_duration: 482663.2849199998
tot_uptimes: 126
tot_uptimes_duration: 7500.0060800002175
