comms_cons: 15.37559039995084
finished_reconf: true
global_termination_time: 152830.14168000035
local_termination_time: 92125.55235999997
node_cons: 3171.667785520453
tot_aggregated_send: 2204
tot_msg_rcv: 65
tot_msg_sent: 68
tot_reconf_duration: 4.8100000000000005
tot_sleeping_duration: 150466.336
tot_uptimes: 40
tot_uptimes_duration: 2363.8056800003396
