comms_cons: 203.3433343863212
finished_reconf: true
global_termination_time: 2029182.703
local_termination_time: 28785.57284
node_cons: 41702.470466714454
tot_aggregated_send: 28304
tot_msg_rcv: 801
tot_msg_sent: 1802
tot_reconf_duration: 4.390000000000001
tot_sleeping_duration: 1998042.666520004
tot_uptimes: 520
tot_uptimes_duration: 31140.03647999611
