comms_cons: 228.65566706896632
finished_reconf: true
global_termination_time: 1146344.709
local_termination_time: 2179.90348
node_cons: 23564.406167839716
tot_aggregated_send: 0
tot_msg_rcv: 17758
tot_msg_sent: 16994
tot_reconf_duration: 18.21
tot_sleeping_duration: 1128764.6664400003
tot_uptimes: 294
tot_uptimes_duration: 17580.04255999976
