comms_cons: 114.23325438844155
finished_reconf: true
global_termination_time: 1147185.095
local_termination_time: 422329.05200000096
node_cons: 23543.84334558882
tot_aggregated_send: 14790
tot_msg_rcv: 829
tot_msg_sent: 1744
tot_reconf_duration: 3.08
tot_sleeping_duration: 1129605.0646000083
tot_uptimes: 294
tot_uptimes_duration: 17580.030399991607
