comms_cons: 111.22263039707457
finished_reconf: true
global_termination_time: 1143643.082
local_termination_time: 636586.7411999985
node_cons: 23479.80752111685
tot_aggregated_send: 15370
tot_msg_rcv: 540
tot_msg_sent: 996
tot_reconf_duration: 15.110000000000001
tot_sleeping_duration: 1126123.0759200023
tot_uptimes: 293
tot_uptimes_duration: 17520.006079997635
