comms_cons: 113.26155519761221
finished_reconf: true
global_termination_time: 1144270.586
local_termination_time: 247726.45336000004
node_cons: 23552.428642238276
tot_aggregated_send: 16240
tot_msg_rcv: 284
tot_msg_sent: 691
tot_reconf_duration: 9.42
tot_sleeping_duration: 1126690.5738400011
tot_uptimes: 294
tot_uptimes_duration: 17580.012159998703
