comms_cons: 116.44405759088092
finished_reconf: true
global_termination_time: 1145488.027
local_termination_time: 350460.22780000075
node_cons: 23555.011544476558
tot_aggregated_send: 15080
tot_msg_rcv: 881
tot_msg_sent: 1737
tot_reconf_duration: 11.31
tot_sleeping_duration: 1127908.0026800025
tot_uptimes: 294
tot_uptimes_duration: 17580.024319997407
