comms_cons: 47.982732801721205
finished_reconf: true
global_termination_time: 451849.93
local_termination_time: 10199.55448
node_cons: 9263.894308967754
tot_aggregated_send: 5510
tot_msg_rcv: 628
tot_msg_sent: 1155
tot_reconf_duration: 18.21
tot_sleeping_duration: 444949.88135999424
tot_uptimes: 116
tot_uptimes_duration: 6900.048640005783
