comms_cons: 44.935936000645086
finished_reconf: true
global_termination_time: 451178.235
local_termination_time: 339350.27696000016
node_cons: 9254.467121121439
tot_aggregated_send: 6380
tot_msg_rcv: 169
tot_msg_sent: 281
tot_reconf_duration: 11.31
tot_sleeping_duration: 444278.2289199989
tot_uptimes: 116
tot_uptimes_duration: 6900.006080001069
