comms_cons: 112.51747839554928
finished_reconf: true
global_termination_time: 1135572.3
local_termination_time: 510373.08928000083
node_cons: 23305.140121116863
tot_aggregated_send: 15892
tot_msg_rcv: 407
tot_msg_sent: 803
tot_reconf_duration: 4.8100000000000005
tot_sleeping_duration: 1118172.2939200024
tot_uptimes: 291
tot_uptimes_duration: 17400.006079997635
