comms_cons: 110.72038400018039
finished_reconf: true
global_termination_time: 1136007.699
local_termination_time: 1034254.7702399989
node_cons: 23304.56162000006
tot_aggregated_send: 16298
tot_msg_rcv: 151
tot_msg_sent: 379
tot_reconf_duration: 4.390000000000001
tot_sleeping_duration: 1118607.699
tot_uptimes: 291
tot_uptimes_duration: 17400.0
