comms_cons: 144.77529599239458
finished_reconf: true
global_termination_time: 1463493.652
local_termination_time: 542305.2214799998
node_cons: 30054.085800000015
tot_aggregated_send: 20764
tot_msg_rcv: 317
tot_msg_sent: 924
tot_reconf_duration: 5.1
tot_sleeping_duration: 1441053.652
tot_uptimes: 375
tot_uptimes_duration: 22440.0
