comms_cons: 152.29159677823463
finished_reconf: true
global_termination_time: 1467814.648
local_termination_time: 245686.12036000006
node_cons: 30133.57559565268
tot_aggregated_send: 18966
tot_msg_rcv: 1382
tot_msg_sent: 2801
tot_reconf_duration: 4.390000000000001
tot_sleeping_duration: 1445314.5628800206
tot_uptimes: 376
tot_uptimes_duration: 22500.08511997955
