comms_cons: 17.895424000048173
finished_reconf: true
global_termination_time: 171888.788
local_termination_time: 4645.371480000004
node_cons: 3578.406686078317
tot_aggregated_send: 2204
tot_msg_rcv: 166
tot_msg_sent: 349
tot_reconf_duration: 18.21
tot_sleeping_duration: 169234.80928000127
tot_uptimes: 45
tot_uptimes_duration: 2653.9787199987413
