comms_cons: 18.64169600017849
finished_reconf: true
global_termination_time: 174506.644
local_termination_time: 137529.79136000006
node_cons: 3543.406760000003
tot_aggregated_send: 2146
tot_msg_rcv: 286
tot_msg_sent: 401
tot_reconf_duration: 6.22
tot_sleeping_duration: 171866.644
tot_uptimes: 45
tot_uptimes_duration: 2640.0
