comms_cons: 94.57940479810925
finished_reconf: true
global_termination_time: 950661.005
local_termination_time: 168091.4710400008
node_cons: 19540.504860000045
tot_aggregated_send: 13398
tot_msg_rcv: 293
tot_msg_sent: 684
tot_reconf_duration: 13.17
tot_sleeping_duration: 936081.005
tot_uptimes: 244
tot_uptimes_duration: 14580.0
