comms_cons: 94.1489791978883
finished_reconf: true
global_termination_time: 950712.026
local_termination_time: 181970.807
node_cons: 19529.35188176147
tot_aggregated_send: 13571
tot_msg_rcv: 217
tot_msg_sent: 523
tot_reconf_duration: 3.08
tot_sleeping_duration: 936130.1221599989
tot_uptimes: 244
tot_uptimes_duration: 14581.90384000109
