comms_cons: 94.3128319977975
finished_reconf: true
global_termination_time: 951015.229
local_termination_time: 818381.048759998
node_cons: 19533.606219999983
tot_aggregated_send: 13630
tot_msg_rcv: 248
tot_msg_sent: 457
tot_reconf_duration: 8.09
tot_sleeping_duration: 936435.229
tot_uptimes: 244
tot_uptimes_duration: 14580.0
