comms_cons: 93.5568512001774
finished_reconf: true
global_termination_time: 955764.994
local_termination_time: 350712.6541600008
node_cons: 19609.491980000024
tot_aggregated_send: 13978
tot_msg_rcv: 72
tot_msg_sent: 170
tot_reconf_duration: 4.8100000000000005
tot_sleeping_duration: 941124.994
tot_uptimes: 245
tot_uptimes_duration: 14640.0
