comms_cons: 93.65288959890938
finished_reconf: true
global_termination_time: 952004.323
local_termination_time: 423244.0776000001
node_cons: 19539.771540000034
tot_aggregated_send: 13862
tot_msg_rcv: 152
tot_msg_sent: 221
tot_reconf_duration: 12.629999999999999
tot_sleeping_duration: 937424.323
tot_uptimes: 244
tot_uptimes_duration: 14580.0
