comms_cons: 94.12266239732632
finished_reconf: true
global_termination_time: 951369.435
local_termination_time: 707376.1813599998
node_cons: 19537.490099999963
tot_aggregated_send: 13688
tot_msg_rcv: 222
tot_msg_sent: 396
tot_reconf_duration: 10.95
tot_sleeping_duration: 936789.435
tot_uptimes: 244
tot_uptimes_duration: 14580.0
