comms_cons: 93.87860479969217
finished_reconf: true
global_termination_time: 951328.639
local_termination_time: 252260.8961600008
node_cons: 19531.06676000003
tot_aggregated_send: 13804
tot_msg_rcv: 180
tot_msg_sent: 285
tot_reconf_duration: 6.22
tot_sleeping_duration: 936748.639
tot_uptimes: 244
tot_uptimes_duration: 14580.0
