comms_cons: 94.12203519963411
finished_reconf: true
global_termination_time: 952917.098
local_termination_time: 266785.89340000035
node_cons: 19610.33394000002
tot_aggregated_send: 13862
tot_msg_rcv: 159
tot_msg_sent: 285
tot_reconf_duration: 5.43
tot_sleeping_duration: 938277.098
tot_uptimes: 245
tot_uptimes_duration: 14640.0
