comms_cons: 93.92465919717412
finished_reconf: true
global_termination_time: 955989.091
local_termination_time: 933641.1590799997
node_cons: 19623.791719999987
tot_aggregated_send: 13746
tot_msg_rcv: 169
tot_msg_sent: 361
tot_reconf_duration: 15.34
tot_sleeping_duration: 941349.091
tot_uptimes: 245
tot_uptimes_duration: 14640.0
