comms_cons: 80.1834815980935
finished_reconf: true
global_termination_time: 598064.2570399983
local_termination_time: 598064.2159199984
node_cons: 12410.835089061773
tot_aggregated_send: 4034
tot_msg_rcv: 3196
tot_msg_sent: 4963
tot_reconf_duration: 37.410000000000004
tot_sleeping_duration: 588833.4636799821
tot_uptimes: 154
tot_uptimes_duration: 9230.793360016249
