comms_cons: 60.05556480056065
finished_reconf: true
global_termination_time: 604819.017
local_termination_time: 8644.132480000002
node_cons: 12379.932201120311
tot_aggregated_send: 8468
tot_msg_rcv: 200
tot_msg_sent: 460
tot_reconf_duration: 5.57
tot_sleeping_duration: 595579.0109199998
tot_uptimes: 155
tot_uptimes_duration: 9240.006080000217
