comms_cons: 59.66693759971028
finished_reconf: true
global_termination_time: 599876.558
local_termination_time: 34151.541480000014
node_cons: 12312.539380000018
tot_aggregated_send: 8352
tot_msg_rcv: 208
tot_msg_sent: 508
tot_reconf_duration: 15.110000000000001
tot_sleeping_duration: 590696.558
tot_uptimes: 154
tot_uptimes_duration: 9180.0
