comms_cons: 58.666726399902444
finished_reconf: true
global_termination_time: 599484.031
local_termination_time: 39785.466360000006
node_cons: 12322.77870000001
tot_aggregated_send: 8700
tot_msg_rcv: 64
tot_msg_sent: 153
tot_reconf_duration: 22.65
tot_sleeping_duration: 590304.031
tot_uptimes: 154
tot_uptimes_duration: 9180.0
