comms_cons: 60.60101120088864
finished_reconf: true
global_termination_time: 601748.911
local_termination_time: 56366.55436000001
node_cons: 12379.733940000018
tot_aggregated_send: 8410
tot_msg_rcv: 284
tot_msg_sent: 517
tot_reconf_duration: 5.43
tot_sleeping_duration: 592508.911
tot_uptimes: 155
tot_uptimes_duration: 9240.0
