comms_cons: 104.46516481555996
finished_reconf: true
global_termination_time: 540716.489
local_termination_time: 314503.65400000004
node_cons: 11117.694982242907
tot_aggregated_send: 0
tot_msg_rcv: 8173
tot_msg_sent: 7706
tot_reconf_duration: 22.65
tot_sleeping_duration: 532436.4768399978
tot_uptimes: 139
tot_uptimes_duration: 8280.012160002138
