comms_cons: 54.83168000191628
finished_reconf: true
global_termination_time: 538116.245
local_termination_time: 286079.9119600006
node_cons: 11013.128262242873
tot_aggregated_send: 6670
tot_msg_rcv: 550
tot_msg_sent: 1115
tot_reconf_duration: 4.8100000000000005
tot_sleeping_duration: 529896.2328399979
tot_uptimes: 138
tot_uptimes_duration: 8220.012160002138
