comms_cons: 373.6459264090982
finished_reconf: true
global_termination_time: 3814307.665
local_termination_time: 1695627.24636
node_cons: 78422.84250223218
tot_aggregated_send: 53186
tot_msg_rcv: 1115
tot_msg_sent: 2491
tot_reconf_duration: 8.09
tot_sleeping_duration: 3755747.652840005
tot_uptimes: 977
tot_uptimes_duration: 58560.0121599955
