comms_cons: 37.66592000021993
finished_reconf: true
global_termination_time: 380181.29324000014
local_termination_time: 97063.45619999988
node_cons: 7831.260829360218
tot_aggregated_send: 5278
tot_msg_rcv: 154
tot_msg_sent: 292
tot_reconf_duration: 13.17
tot_sleeping_duration: 374346.061
tot_uptimes: 98
tot_uptimes_duration: 5835.232240000158
