comms_cons: 21.00157440035016
finished_reconf: true
global_termination_time: 192648.52924000015
local_termination_time: 168306.2370800006
node_cons: 3966.3475627221837
tot_aggregated_send: 2088
tot_msg_rcv: 457
tot_msg_sent: 645
tot_reconf_duration: 7.819999999999999
tot_sleeping_duration: 189694.28875999848
tot_uptimes: 50
tot_uptimes_duration: 2954.240480001652
