comms_cons: 92.39170559792666
finished_reconf: true
global_termination_time: 915792.7054799999
local_termination_time: 915792.6643599999
node_cons: 18868.761925441533
tot_aggregated_send: 12560
tot_msg_rcv: 480
tot_msg_sent: 1003
tot_reconf_duration: 37.410000000000004
tot_sleeping_duration: 901738.9645199988
tot_uptimes: 235
tot_uptimes_duration: 14053.740960001116
