comms_cons: 198.7259903943261
finished_reconf: true
global_termination_time: 2014631.395
local_termination_time: 660754.0423999982
node_cons: 41382.04208223791
tot_aggregated_send: 28536
tot_msg_rcv: 461
tot_msg_sent: 1210
tot_reconf_duration: 5.1
tot_sleeping_duration: 1983731.3828400015
tot_uptimes: 516
tot_uptimes_duration: 30900.012159998703
