comms_cons: 201.45510398765163
finished_reconf: true
global_termination_time: 2014373.857
local_termination_time: 34388.76720000004
node_cons: 41393.033706709866
tot_aggregated_send: 28130
tot_msg_rcv: 865
tot_msg_sent: 1625
tot_reconf_duration: 13.17
tot_sleeping_duration: 1983473.8205200075
tot_uptimes: 516
tot_uptimes_duration: 30900.036479992676
