comms_cons: 202.58672638052013
finished_reconf: true
global_termination_time: 2010725.969
local_termination_time: 665824.0403999992
node_cons: 41300.7704667007
tot_aggregated_send: 27840
tot_msg_rcv: 976
tot_msg_sent: 1976
tot_reconf_duration: 4.390000000000001
tot_sleeping_duration: 1979885.9325200142
tot_uptimes: 515
tot_uptimes_duration: 30840.036479985807
