comms_cons: 2.2698239999924996
finished_reconf: true
global_termination_time: 13702.989
local_termination_time: 8000.2483600000005
node_cons: 249.46676000000033
tot_aggregated_send: 0
tot_msg_rcv: 176
tot_msg_sent: 169
tot_reconf_duration: 6.22
tot_sleeping_duration: 13522.989
tot_uptimes: 4
tot_uptimes_duration: 180.0
