comms_cons: 457.2981054415573
finished_reconf: true
global_termination_time: 2322815.083
local_termination_time: 736344.4645999998
node_cons: 47752.726841116266
tot_aggregated_send: 0
tot_msg_rcv: 35070
tot_msg_sent: 34437
tot_reconf_duration: 22.65
tot_sleeping_duration: 2287175.0769200027
tot_uptimes: 595
tot_uptimes_duration: 35640.006079997635
