comms_cons: 234.4823423943164
finished_reconf: true
global_termination_time: 2323154.336
local_termination_time: 1548948.15636
node_cons: 47730.53708670076
tot_aggregated_send: 32248
tot_msg_rcv: 1186
tot_msg_sent: 2207
tot_reconf_duration: 6.279999999999999
tot_sleeping_duration: 2287514.2995200143
tot_uptimes: 595
tot_uptimes_duration: 35640.03647998604
