comms_cons: 230.31147519952333
finished_reconf: true
global_termination_time: 2325649.834
local_termination_time: 1894553.9570399981
node_cons: 47820.1848599993
tot_aggregated_send: 33292
tot_msg_rcv: 507
tot_msg_sent: 1207
tot_reconf_duration: 13.17
tot_sleeping_duration: 2289949.834
tot_uptimes: 596
tot_uptimes_duration: 35700.0
