comms_cons: 233.89181440201642
finished_reconf: true
global_termination_time: 2325710.933
local_termination_time: 624996.6413599999
node_cons: 47806.49074670077
tot_aggregated_send: 32654
tot_msg_rcv: 1035
tot_msg_sent: 1862
tot_reconf_duration: 3.05
tot_sleeping_duration: 2290010.896520014
tot_uptimes: 596
tot_uptimes_duration: 35700.03647998604
