comms_cons: 38.1534080005664
finished_reconf: true
global_termination_time: 366089.855
local_termination_time: 71033.80255999985
node_cons: 7482.622502242866
tot_aggregated_send: 4640
tot_msg_rcv: 410
tot_msg_sent: 749
tot_reconf_duration: 8.09
tot_sleeping_duration: 360509.84283999784
tot_uptimes: 94
tot_uptimes_duration: 5580.0121600021375
