comms_cons: 37.21916160052338
finished_reconf: true
global_termination_time: 364900.551
local_termination_time: 117223.36835999996
node_cons: 7483.999521121441
tot_aggregated_send: 4930
tot_msg_rcv: 270
tot_msg_sent: 457
tot_reconf_duration: 9.11
tot_sleeping_duration: 359320.5449199989
tot_uptimes: 94
tot_uptimes_duration: 5580.006080001069
