comms_cons: 37.59257600027426
finished_reconf: true
global_termination_time: 366403.667
local_termination_time: 12153.382640000002
node_cons: 7484.42050112144
tot_aggregated_send: 4814
tot_msg_rcv: 324
tot_msg_sent: 576
tot_reconf_duration: 9.42
tot_sleeping_duration: 360823.66091999895
tot_uptimes: 94
tot_uptimes_duration: 5580.006080001069
