comms_cons: 78.6347007991012
finished_reconf: true
global_termination_time: 802187.472
local_termination_time: 411213.59840000037
node_cons: 16477.106504481137
tot_aggregated_send: 10266
tot_msg_rcv: 558
tot_msg_sent: 1128
tot_reconf_duration: 5.43
tot_sleeping_duration: 789887.447679999
tot_uptimes: 206
tot_uptimes_duration: 12300.02432000084
