comms_cons: 524.3691392911237
finished_reconf: true
global_termination_time: 5255397.099
local_termination_time: 596118.5023599999
node_cons: 108091.74695228325
tot_aggregated_send: 74124
tot_msg_rcv: 1702
tot_msg_sent: 3876
tot_reconf_duration: 25.299999999999997
tot_sleeping_duration: 5174697.032120026
tot_uptimes: 1346
tot_uptimes_duration: 80700.06687997491
