comms_cons: 2.677734399991151
finished_reconf: true
global_termination_time: 15946.155
local_termination_time: 6076.457360000001
node_cons: 337.5202000000007
tot_aggregated_send: 0
tot_msg_rcv: 242
tot_msg_sent: 165
tot_reconf_duration: 11.899999999999999
tot_sleeping_duration: 15706.155
tot_uptimes: 5
tot_uptimes_duration: 240.0
