comms_cons: 2.9343231999947053
finished_reconf: true
global_termination_time: 16791.478
local_termination_time: 7365.943480000001
node_cons: 336.71898000000056
tot_aggregated_send: 0
tot_msg_rcv: 275
tot_msg_sent: 171
tot_reconf_duration: 11.31
tot_sleeping_duration: 16551.478
tot_uptimes: 5
tot_uptimes_duration: 240.0
