comms_cons: 37.548748801077906
finished_reconf: true
global_termination_time: 364160.245
local_termination_time: 110701.51635999995
node_cons: 7505.993682242854
tot_aggregated_send: 4640
tot_msg_rcv: 335
tot_msg_sent: 732
tot_reconf_duration: 25.299999999999997
tot_sleeping_duration: 358580.23283999786
tot_uptimes: 94
tot_uptimes_duration: 5580.0121600021375
