comms_cons: 36.6934528000735
finished_reconf: true
global_termination_time: 365500.212
local_termination_time: 126008.941
node_cons: 7489.6755117592065
tot_aggregated_send: 4979
tot_msg_rcv: 191
tot_msg_sent: 409
tot_reconf_duration: 11.31
tot_sleeping_duration: 359918.1981600006
tot_uptimes: 94
tot_uptimes_duration: 5582.013839999388
