comms_cons: 142.62480639494515
finished_reconf: true
global_termination_time: 1424714.5824799999
local_termination_time: 1424714.54136
node_cons: 29295.544224317804
tot_aggregated_send: 19996
tot_msg_rcv: 566
tot_msg_sent: 1118
tot_reconf_duration: 24.59
tot_sleeping_duration: 1402860.8476000014
tot_uptimes: 365
tot_uptimes_duration: 21853.734879998316
