comms_cons: 144.30719998853124
finished_reconf: true
global_termination_time: 1427414.84
local_termination_time: 928736.765879999
node_cons: 29328.282605584267
tot_aggregated_send: 19778
tot_msg_rcv: 758
tot_msg_sent: 1397
tot_reconf_duration: 3.05
tot_sleeping_duration: 1405514.809600012
tot_uptimes: 366
tot_uptimes_duration: 21900.030399988173
