comms_cons: 281.6019454025409
finished_reconf: true
global_termination_time: 1428503.199
local_termination_time: 1020843.51724
node_cons: 29334.75212446746
tot_aggregated_send: 0
tot_msg_rcv: 21632
tot_msg_sent: 21170
tot_reconf_duration: 7.819999999999999
tot_sleeping_duration: 1406603.1746800095
tot_uptimes: 366
tot_uptimes_duration: 21900.024319990538
