comms_cons: 279.68837100303426
finished_reconf: true
global_termination_time: 1425912.526
local_termination_time: 1021185.0043599998
node_cons: 29339.475262233627
tot_aggregated_send: 0
tot_msg_rcv: 21349
tot_msg_sent: 21162
tot_reconf_duration: 11.31
tot_sleeping_duration: 1404012.5138400048
tot_uptimes: 366
tot_uptimes_duration: 21900.01215999527
