comms_cons: 57.58773759958237
finished_reconf: true
global_termination_time: 587838.5991599994
local_termination_time: 587822.2746799994
node_cons: 12160.796874239328
tot_aggregated_send: 8700
tot_msg_rcv: 35
tot_msg_sent: 18
tot_reconf_duration: 25.299999999999997
tot_sleeping_duration: 578782.259
tot_uptimes: 151
tot_uptimes_duration: 9056.34015999944
