comms_cons: 58.58182400004105
finished_reconf: true
global_termination_time: 592458.986
local_termination_time: 77093.55863999948
node_cons: 12151.22138607846
tot_aggregated_send: 8468
tot_msg_rcv: 156
tot_msg_sent: 280
tot_reconf_duration: 12.629999999999999
tot_sleeping_duration: 583396.9472800011
tot_uptimes: 152
tot_uptimes_duration: 9062.038719998847
