comms_cons: 103.03027201564737
finished_reconf: true
global_termination_time: 716994.732
local_termination_time: 264067.93348000007
node_cons: 14708.76012112145
tot_aggregated_send: 0
tot_msg_rcv: 7885
tot_msg_sent: 7775
tot_reconf_duration: 4.8100000000000005
tot_sleeping_duration: 706014.725919999
tot_uptimes: 184
tot_uptimes_duration: 10980.006080001069
