comms_cons: 787.7346433887919
finished_reconf: true
global_termination_time: 7913821.479
local_termination_time: 1907252.8959599999
node_cons: 162789.73684893135
tot_aggregated_send: 110026
tot_msg_rcv: 3381
tot_msg_sent: 6323
tot_reconf_duration: 15.34
tot_sleeping_duration: 7792261.430360017
tot_uptimes: 2027
tot_uptimes_duration: 121560.0486399827
