comms_cons: 787.847929801337
finished_reconf: true
global_termination_time: 7914139.194
local_termination_time: 2259379.9620799995
node_cons: 162803.25438781417
tot_aggregated_send: 110316
tot_msg_rcv: 3220
tot_msg_sent: 6212
tot_reconf_duration: 25.299999999999997
tot_sleeping_duration: 7792579.151440015
tot_uptimes: 2027
tot_uptimes_duration: 121560.04255998507
