comms_cons: 780.1717441559705
finished_reconf: true
global_termination_time: 7912487.183
local_termination_time: 4551718.37192
node_cons: 162773.06334558025
tot_aggregated_send: 109272
tot_msg_rcv: 3267
tot_msg_sent: 6042
tot_reconf_duration: 3.08
tot_sleeping_duration: 7790927.152600011
tot_uptimes: 2027
tot_uptimes_duration: 121560.03039998934
