comms_cons: 775.6649665360104
finished_reconf: true
global_termination_time: 7914220.589
local_termination_time: 4953072.728119999
node_cons: 162781.65678334574
tot_aggregated_send: 110432
tot_msg_rcv: 2474
tot_msg_sent: 4990
tot_reconf_duration: 9.42
tot_sleeping_duration: 7792660.570760006
tot_uptimes: 2027
tot_uptimes_duration: 121560.0182399936
