comms_cons: 793.6712834346145
finished_reconf: true
global_termination_time: 7914836.822
local_termination_time: 365638.1420800006
node_cons: 162775.46153228666
tot_aggregated_send: 110084
tot_msg_rcv: 3519
tot_msg_sent: 7030
tot_reconf_duration: 4.8100000000000005
tot_sleeping_duration: 7793276.75512002
tot_uptimes: 2027
tot_uptimes_duration: 121560.06687997928
