comms_cons: 792.7434305906374
finished_reconf: true
global_termination_time: 7912469.828
local_termination_time: 466873.79336
node_cons: 162774.8748900477
tot_aggregated_send: 110722
tot_msg_rcv: 3426
tot_msg_sent: 6344
tot_reconf_duration: 4.390000000000001
tot_sleeping_duration: 7790909.77328002
tot_uptimes: 2027
tot_uptimes_duration: 121560.05471998011
