comms_cons: 61.71477759879545
finished_reconf: true
global_termination_time: 615951.584
local_termination_time: 357212.97436000005
node_cons: 12644.146841116883
tot_aggregated_send: 8584
tot_msg_rcv: 292
tot_msg_sent: 504
tot_reconf_duration: 22.65
tot_sleeping_duration: 606531.5779200024
tot_uptimes: 158
tot_uptimes_duration: 9420.006079997635
