comms_cons: 62.89182720025701
finished_reconf: true
global_termination_time: 619485.185
local_termination_time: 360113.395240001
node_cons: 12697.861900000082
tot_aggregated_send: 8526
tot_msg_rcv: 390
tot_msg_sent: 643
tot_reconf_duration: 3.05
tot_sleeping_duration: 610005.185
tot_uptimes: 159
tot_uptimes_duration: 9480.0
