comms_cons: 1.0263551999966107
finished_reconf: true
global_termination_time: 6248.844
local_termination_time: 3093.62636
node_cons: 88.86823999999964
tot_aggregated_send: 0
tot_msg_rcv: 103
tot_msg_sent: 53
tot_reconf_duration: 6.279999999999999
tot_sleeping_duration: 6188.844
tot_uptimes: 2
tot_uptimes_duration: 60.0
