comms_cons: 196.07989758780025
finished_reconf: true
global_termination_time: 1925564.729
local_termination_time: 560097.6749999981
node_cons: 39618.77558846459
tot_aggregated_send: 26680
tot_msg_rcv: 1210
tot_msg_sent: 1913
tot_reconf_duration: 7.819999999999999
tot_sleeping_duration: 1895984.3286800114
tot_uptimes: 494
tot_uptimes_duration: 29580.400319988606
