comms_cons: 105.81985279585533
finished_reconf: true
global_termination_time: 1091083.984
local_termination_time: 607890.8875999987
node_cons: 22435.39566223368
tot_aggregated_send: 14616
tot_msg_rcv: 488
tot_msg_sent: 980
tot_reconf_duration: 15.110000000000001
tot_sleeping_duration: 1074343.9718400047
tot_uptimes: 280
tot_uptimes_duration: 16740.01215999527
