comms_cons: 108.45873919563371
finished_reconf: true
global_termination_time: 1095181.165
local_termination_time: 572117.5009999999
node_cons: 22539.924296864327
tot_aggregated_send: 14382
tot_msg_rcv: 648
tot_msg_sent: 1456
tot_reconf_duration: 18.700000000000003
tot_sleeping_duration: 1078366.7290800116
tot_uptimes: 281
tot_uptimes_duration: 16814.43591998832
