comms_cons: 173.82924158008595
finished_reconf: true
global_termination_time: 1706871.08024
local_termination_time: 531842.5391599992
node_cons: 35152.4178882946
tot_aggregated_send: 23084
tot_msg_rcv: 1132
tot_msg_sent: 2204
tot_reconf_duration: 18.21
tot_sleeping_duration: 1680636.809360019
tot_uptimes: 438
tot_uptimes_duration: 26234.270879981108
