comms_cons: 168.93411839565547
finished_reconf: true
global_termination_time: 1708750.216
local_termination_time: 656548.9395199991
node_cons: 35129.41171999991
tot_aggregated_send: 24650
tot_msg_rcv: 343
tot_msg_sent: 684
tot_reconf_duration: 15.34
tot_sleeping_duration: 1682530.216
tot_uptimes: 438
tot_uptimes_duration: 26220.0
