comms_cons: 36.406886400299825
finished_reconf: true
global_termination_time: 362285.317
local_termination_time: 3152.7453600000003
node_cons: 7408.439681121439
tot_aggregated_send: 4988
tot_msg_rcv: 208
tot_msg_sent: 338
tot_reconf_duration: 12.629999999999999
tot_sleeping_duration: 356765.3109199989
tot_uptimes: 93
tot_uptimes_duration: 5520.006080001069
