comms_cons: 100.87887361526043
finished_reconf: true
global_termination_time: 514627.93
local_termination_time: 43866.334360000015
node_cons: 10530.517902242884
tot_aggregated_send: 0
tot_msg_rcv: 7737
tot_msg_sent: 7596
tot_reconf_duration: 4.390000000000001
tot_sleeping_duration: 506767.91783999786
tot_uptimes: 132
tot_uptimes_duration: 7860.0121600021375
