comms_cons: 52.3177984010859
finished_reconf: true
global_termination_time: 513579.143
local_termination_time: 96130.36935999995
node_cons: 10528.714464483452
tot_aggregated_send: 6786
tot_msg_rcv: 350
tot_msg_sent: 816
tot_reconf_duration: 3.05
tot_sleeping_duration: 505719.1186799974
tot_uptimes: 132
tot_uptimes_duration: 7860.02432000258
