comms_cons: 51.38355200087623
finished_reconf: true
global_termination_time: 509525.1592400001
local_termination_time: 253908.84636000005
node_cons: 10471.698480481646
tot_aggregated_send: 6960
tot_msg_rcv: 313
tot_msg_sent: 536
tot_reconf_duration: 6.22
tot_sleeping_duration: 501710.9309199989
tot_uptimes: 131
tot_uptimes_duration: 7814.228320001217
