comms_cons: 532.9622145177
finished_reconf: true
global_termination_time: 5314199.174119997
local_termination_time: 64412.062920000055
node_cons: 109313.58916196809
tot_aggregated_send: 73834
tot_msg_rcv: 2305
tot_msg_sent: 4867
tot_reconf_duration: 22.65
tot_sleeping_duration: 5232583.916120019
tot_uptimes: 1361
tot_uptimes_duration: 81615.25799997861
