comms_cons: 144.72319361380323
finished_reconf: true
global_termination_time: 297961.1168400015
local_termination_time: 297961.0757200015
node_cons: 18250.288012724126
tot_aggregated_send: 0
tot_msg_rcv: 8850
tot_msg_sent: 13145
tot_reconf_duration: 24.59
tot_sleeping_duration: 284356.26635999844
tot_uptimes: 225
tot_uptimes_duration: 13604.850480003055
