comms_cons: 31.040006400157907
finished_reconf: true
global_termination_time: 299048.212
local_termination_time: 3062.89848
node_cons: 6113.404060000006
tot_aggregated_send: 3944
tot_msg_rcv: 313
tot_msg_sent: 461
tot_reconf_duration: 5.57
tot_sleeping_duration: 294488.212
tot_uptimes: 77
tot_uptimes_duration: 4560.0
