comms_cons: 30.002406400259304
finished_reconf: true
global_termination_time: 298976.451
local_termination_time: 37182.558000000005
node_cons: 6112.9544454411725
tot_aggregated_send: 4115
tot_msg_rcv: 154
tot_msg_sent: 291
tot_reconf_duration: 4.390000000000001
tot_sleeping_duration: 294415.5900399991
tot_uptimes: 77
tot_uptimes_duration: 4560.860960000864
