comms_cons: 2506.2930127477657
finished_reconf: true
global_termination_time: 8595994.7878
local_termination_time: 8595994.746679999
node_cons: 350994.15931728756
tot_aggregated_send: 0
tot_msg_rcv: 127666
tot_msg_sent: 253275
tot_reconf_duration: 37.410000000000004
tot_sleeping_duration: 8333901.168280006
tot_uptimes: 4336
tot_uptimes_duration: 262093.61951999238
