comms_cons: 1692.0914549640636
finished_reconf: true
global_termination_time: 8595995.387799997
local_termination_time: 583.2164799999991
node_cons: 176887.75367189283
tot_aggregated_send: 0
tot_msg_rcv: 129511
tot_msg_sent: 127671
tot_reconf_duration: 18.21
tot_sleeping_duration: 8463909.484520013
tot_uptimes: 2202
tot_uptimes_duration: 132085.90327998437
