comms_cons: 854.5395650043879
finished_reconf: true
global_termination_time: 8597774.35
local_termination_time: 4653651.32836
node_cons: 176839.38320781352
tot_aggregated_send: 118204
tot_msg_rcv: 4204
tot_msg_sent: 7477
tot_reconf_duration: 8.09
tot_sleeping_duration: 8465714.307440015
tot_uptimes: 2202
tot_uptimes_duration: 132060.042559985
