comms_cons: 849.9263617599073
finished_reconf: true
global_termination_time: 8597530.719
local_termination_time: 4959417.215079999
node_cons: 176848.90008557873
tot_aggregated_send: 119016
tot_msg_rcv: 3557
tot_msg_sent: 6609
tot_reconf_duration: 15.110000000000001
tot_sleeping_duration: 8465470.688600011
tot_uptimes: 2202
tot_uptimes_duration: 132060.03039998934
