comms_cons: 858.428544191124
finished_reconf: true
global_termination_time: 8597696.435
local_termination_time: 463429.1884800006
node_cons: 176832.57959339896
tot_aggregated_send: 120872
tot_msg_rcv: 3437
tot_msg_sent: 6164
tot_reconf_duration: 3.05
tot_sleeping_duration: 8465636.362040026
tot_uptimes: 2202
tot_uptimes_duration: 132060.07295997394
