comms_cons: 13.973248000018044
finished_reconf: true
global_termination_time: 133786.2364000008
local_termination_time: 133786.1952800008
node_cons: 2835.093685601102
tot_aggregated_send: 1729
tot_msg_rcv: 110
tot_msg_sent: 284
tot_reconf_duration: 21.23
tot_sleeping_duration: 131690.446
tot_uptimes: 35
tot_uptimes_duration: 2095.790400000813
