comms_cons: 54.73232640394281
finished_reconf: true
global_termination_time: 404074.45140000083
local_termination_time: 404074.4102800008
node_cons: 8400.705230263186
tot_aggregated_send: 2900
tot_msg_rcv: 2238
tot_msg_sent: 3180
tot_reconf_duration: 37.410000000000004
tot_sleeping_duration: 397838.52723998355
tot_uptimes: 104
tot_uptimes_duration: 6235.924160017303
