comms_cons: 72.12776959789177
finished_reconf: true
global_termination_time: 727677.436
local_termination_time: 77674.47435999998
node_cons: 14967.977321116863
tot_aggregated_send: 10324
tot_msg_rcv: 217
tot_msg_sent: 422
tot_reconf_duration: 18.21
tot_sleeping_duration: 716517.4299200024
tot_uptimes: 187
tot_uptimes_duration: 11160.006079997635
