comms_cons: 100.55191041365768
finished_reconf: true
global_termination_time: 497597.218
local_termination_time: 3403.9356
node_cons: 10227.933603359746
tot_aggregated_send: 0
tot_msg_rcv: 7914
tot_msg_sent: 7366
tot_reconf_duration: 18.21
tot_sleeping_duration: 489977.19976000016
tot_uptimes: 128
tot_uptimes_duration: 7620.018239999801
