comms_cons: 143.8368128205935
finished_reconf: true
global_termination_time: 494915.811480001
local_termination_time: 494915.811480001
node_cons: 20144.970441842834
tot_aggregated_send: 0
tot_msg_rcv: 7363
tot_msg_sent: 14498
tot_reconf_duration: 24.59
tot_sleeping_duration: 479895.9629199989
tot_uptimes: 249
tot_uptimes_duration: 15019.848560002083
