comms_cons: 36.01356800019685
finished_reconf: true
global_termination_time: 362294.22
local_termination_time: 17518.760000000002
node_cons: 7411.301154160305
tot_aggregated_send: 4923
tot_msg_rcv: 147
tot_msg_sent: 403
tot_reconf_duration: 13.17
tot_sleeping_duration: 356772.62455999973
tot_uptimes: 93
tot_uptimes_duration: 5521.595440000221
