comms_cons: 36.19217920041059
finished_reconf: true
global_termination_time: 362547.212
local_termination_time: 91717.50235999997
node_cons: 7397.820121121436
tot_aggregated_send: 4988
tot_msg_rcv: 168
tot_msg_sent: 345
tot_reconf_duration: 4.8100000000000005
tot_sleeping_duration: 357027.20591999893
tot_uptimes: 93
tot_uptimes_duration: 5520.006080001069
