comms_cons: 36.51456000046018
finished_reconf: true
global_termination_time: 362070.426
local_termination_time: 46516.76336000002
node_cons: 7397.2579022406
tot_aggregated_send: 4814
tot_msg_rcv: 216
tot_msg_sent: 520
tot_reconf_duration: 4.390000000000001
tot_sleeping_duration: 356550.4138399995
tot_uptimes: 93
tot_uptimes_duration: 5520.012160000435
