comms_cons: 62.07122559848119
finished_reconf: true
global_termination_time: 623561.963
local_termination_time: 241200.27116000032
node_cons: 12782.596381121448
tot_aggregated_send: 8178
tot_msg_rcv: 417
tot_msg_sent: 839
tot_reconf_duration: 6.279999999999999
tot_sleeping_duration: 614021.9569199989
tot_uptimes: 160
tot_uptimes_duration: 9540.006080001069
