comms_cons: 106.09886721467902
finished_reconf: true
global_termination_time: 527242.576
local_termination_time: 2998.21636
node_cons: 10853.488483362027
tot_aggregated_send: 0
tot_msg_rcv: 8286
tot_msg_sent: 7837
tot_reconf_duration: 5.57
tot_sleeping_duration: 519142.5577599985
tot_uptimes: 136
tot_uptimes_duration: 8100.018240001504
