comms_cons: 104.94961281437237
finished_reconf: true
global_termination_time: 528584.809
local_termination_time: 2112.667480000002
node_cons: 10852.842082242876
tot_aggregated_send: 0
tot_msg_rcv: 8114
tot_msg_sent: 7835
tot_reconf_duration: 5.1
tot_sleeping_duration: 520484.79683999787
tot_uptimes: 136
tot_uptimes_duration: 8100.0121600021375
