comms_cons: 53.1478911999735
finished_reconf: true
global_termination_time: 530263.846
local_termination_time: 132213.06260000012
node_cons: 10880.26554112147
tot_aggregated_send: 7308
tot_msg_rcv: 269
tot_msg_sent: 501
tot_reconf_duration: 25.299999999999997
tot_sleeping_duration: 522163.83991999895
tot_uptimes: 136
tot_uptimes_duration: 8100.006080001069
