comms_cons: 53.89148160079717
finished_reconf: true
global_termination_time: 526427.63836
local_termination_time: 157150.5457200001
node_cons: 10793.911681282874
tot_aggregated_send: 7076
tot_msg_rcv: 413
tot_msg_sent: 703
tot_reconf_duration: 4.8100000000000005
tot_sleeping_duration: 518371.34283999784
tot_uptimes: 135
tot_uptimes_duration: 8056.295520002139
