comms_cons: 53.91465600119584
finished_reconf: true
global_termination_time: 529402.301
local_termination_time: 91664.77831999987
node_cons: 10863.075963362013
tot_aggregated_send: 6960
tot_msg_rcv: 369
tot_msg_sent: 866
tot_reconf_duration: 12.629999999999999
tot_sleeping_duration: 521302.28275999846
tot_uptimes: 136
tot_uptimes_duration: 8100.018240001503
