comms_cons: 54.7987840013855
finished_reconf: true
global_termination_time: 527419.362
local_termination_time: 32069.928
node_cons: 10854.387465601467
tot_aggregated_send: 6786
tot_msg_rcv: 498
tot_msg_sent: 1046
tot_reconf_duration: 6.22
tot_sleeping_duration: 519319.33159999887
tot_uptimes: 136
tot_uptimes_duration: 8100.030400001087
