comms_cons: 104.34444801452398
finished_reconf: true
global_termination_time: 526427.5847199989
local_termination_time: 3319.53636
node_cons: 10838.090102321343
tot_aggregated_send: 0
tot_msg_rcv: 8053
tot_msg_sent: 7804
tot_reconf_duration: 11.31
tot_sleeping_duration: 518344.8878399979
tot_uptimes: 135
tot_uptimes_duration: 8082.696880000993
