comms_cons: 54.749920001127066
finished_reconf: true
global_termination_time: 526669.363
local_termination_time: 108528.56183999992
node_cons: 10771.546043364306
tot_aggregated_send: 6844
tot_msg_rcv: 547
tot_msg_sent: 930
tot_reconf_duration: 4.390000000000001
tot_sleeping_duration: 518629.3447599968
tot_uptimes: 135
tot_uptimes_duration: 8040.018240003206
