comms_cons: 9.355622399983924
finished_reconf: true
global_termination_time: 3564.4117200000014
local_termination_time: 3564.3706000000016
node_cons: 1066.1233750800025
tot_aggregated_send: 0
tot_msg_rcv: 659
tot_msg_sent: 759
tot_reconf_duration: 24.59
tot_sleeping_duration: 2793.142
tot_uptimes: 12
tot_uptimes_duration: 771.2697200000016
