comms_cons: 152.48674559742494
finished_reconf: true
global_termination_time: 1564746.111
local_termination_time: 982453.32436
node_cons: 32153.893001116943
tot_aggregated_send: 22504
tot_msg_rcv: 217
tot_msg_sent: 456
tot_reconf_duration: 13.17
tot_sleeping_duration: 1540746.1049200024
tot_uptimes: 401
tot_uptimes_duration: 24000.006079997635
