comms_cons: 154.3690239969789
finished_reconf: true
global_termination_time: 1561010.1469199983
local_termination_time: 1561010.1057999984
node_cons: 32159.487297994703
tot_aggregated_send: 22548
tot_msg_rcv: 288
tot_msg_sent: 628
tot_reconf_duration: 24.59
tot_sleeping_duration: 1537017.5449200023
tot_uptimes: 400
tot_uptimes_duration: 23992.601999995997
