comms_cons: 57.07456000036873
finished_reconf: true
global_termination_time: 580102.828
local_termination_time: 26659.39448
node_cons: 11898.766760000013
tot_aggregated_send: 8352
tot_msg_rcv: 95
tot_msg_sent: 228
tot_reconf_duration: 6.22
tot_sleeping_duration: 571222.828
tot_uptimes: 149
tot_uptimes_duration: 8880.0
