comms_cons: 73.59493119896949
finished_reconf: true
global_termination_time: 719779.1560399993
local_termination_time: 719779.1149199994
node_cons: 14870.050630163718
tot_aggregated_send: 9802
tot_msg_rcv: 513
tot_msg_sent: 870
tot_reconf_duration: 37.410000000000004
tot_sleeping_duration: 708711.7565999966
tot_uptimes: 185
tot_uptimes_duration: 11067.399440002751
