comms_cons: 73.43045120009235
finished_reconf: true
global_termination_time: 719779.97224
local_termination_time: 3090.41048
node_cons: 14827.758419444652
tot_aggregated_send: 9570
tot_msg_rcv: 549
tot_msg_sent: 1041
tot_reconf_duration: 18.21
tot_sleeping_duration: 708724.6852799966
tot_uptimes: 185
tot_uptimes_duration: 11055.286960003461
