comms_cons: 114.35673600344738
finished_reconf: true
global_termination_time: 722049.934
local_termination_time: 329108.34936000005
node_cons: 14789.510223359684
tot_aggregated_send: 0
tot_msg_rcv: 8887
tot_msg_sent: 8493
tot_reconf_duration: 5.1
tot_sleeping_duration: 711009.9157600002
tot_uptimes: 185
tot_uptimes_duration: 11040.018239999772
