comms_cons: 67.93514239949019
finished_reconf: true
global_termination_time: 680666.775
local_termination_time: 9936.054479999999
node_cons: 13987.71266335971
tot_aggregated_send: 8642
tot_msg_rcv: 635
tot_msg_sent: 1049
tot_reconf_duration: 6.279999999999999
tot_sleeping_duration: 670226.7567600003
tot_uptimes: 175
tot_uptimes_duration: 10440.018239999772
