comms_cons: 68.71316479975607
finished_reconf: true
global_termination_time: 681073.732
local_termination_time: 129814.13935999996
node_cons: 13986.74034224287
tot_aggregated_send: 9396
tot_msg_rcv: 355
tot_msg_sent: 693
tot_reconf_duration: 5.57
tot_sleeping_duration: 670633.7198399978
tot_uptimes: 175
tot_uptimes_duration: 10440.012160002138
