comms_cons: 70.69350399753395
finished_reconf: true
global_termination_time: 686017.794
local_termination_time: 122640.22835999998
node_cons: 14066.450223359721
tot_aggregated_send: 8932
tot_msg_rcv: 594
tot_msg_sent: 1219
tot_reconf_duration: 5.1
tot_sleeping_duration: 675517.7757600002
tot_uptimes: 176
tot_uptimes_duration: 10500.018239999772
