comms_cons: 127.8141183987349
finished_reconf: true
global_termination_time: 1295738.563
local_termination_time: 153290.28236000007
node_cons: 26600.112201121483
tot_aggregated_send: 18734
tot_msg_rcv: 234
tot_msg_sent: 459
tot_reconf_duration: 5.57
tot_sleeping_duration: 1275878.556919999
tot_uptimes: 332
tot_uptimes_duration: 19860.00608000107
