comms_cons: 127.80095999895092
finished_reconf: true
global_termination_time: 1294760.38
local_termination_time: 992541.3653599999
node_cons: 26610.4248600001
tot_aggregated_send: 18734
tot_msg_rcv: 239
tot_msg_sent: 452
tot_reconf_duration: 13.17
tot_sleeping_duration: 1274900.38
tot_uptimes: 332
tot_uptimes_duration: 19860.0
