comms_cons: 128.73520639568517
finished_reconf: true
global_termination_time: 1296150.972
local_termination_time: 937370.3676799984
node_cons: 26596.722639999993
tot_aggregated_send: 18328
tot_msg_rcv: 371
tot_msg_sent: 868
tot_reconf_duration: 3.08
tot_sleeping_duration: 1276290.972
tot_uptimes: 332
tot_uptimes_duration: 19860.000000000004
