comms_cons: 128.07070719627484
finished_reconf: true
global_termination_time: 1293778.393
local_termination_time: 431912.51836000005
node_cons: 26605.341893681223
tot_aggregated_send: 18618
tot_msg_rcv: 275
tot_msg_sent: 573
tot_reconf_duration: 9.42
tot_sleeping_duration: 1273918.385879999
tot_uptimes: 332
tot_uptimes_duration: 19860.007120000897
