comms_cons: 133.07215358815762
finished_reconf: true
global_termination_time: 1294275.924
local_termination_time: 36189.675600000024
node_cons: 26596.787734546455
tot_aggregated_send: 17284
tot_msg_rcv: 1013
tot_msg_sent: 1931
tot_reconf_duration: 3.05
tot_sleeping_duration: 1274415.8449600104
tot_uptimes: 332
tot_uptimes_duration: 19860.079039989854
