comms_cons: 469.9058560863218
finished_reconf: true
global_termination_time: 4655129.049
local_termination_time: 341913.23936000007
node_cons: 95780.23151117214
tot_aggregated_send: 64496
tot_msg_rcv: 2366
tot_msg_sent: 4561
tot_reconf_duration: 10.95
tot_sleeping_duration: 4583608.988200019
tot_uptimes: 1193
tot_uptimes_duration: 71520.06079998118
