comms_cons: 456.72455682724967
finished_reconf: true
global_termination_time: 4653719.936
local_termination_time: 2026866.37236
node_cons: 95700.34782669965
tot_aggregated_send: 64786
tot_msg_rcv: 1442
tot_msg_sent: 3191
tot_reconf_duration: 11.31
tot_sleeping_duration: 4582259.899520013
tot_uptimes: 1192
tot_uptimes_duration: 71460.03647998674
