comms_cons: 96.40727041361852
finished_reconf: true
global_termination_time: 486529.125
local_termination_time: 150.04303999999996
node_cons: 9968.137902242874
tot_aggregated_send: 0
tot_msg_rcv: 7453
tot_msg_sent: 7197
tot_reconf_duration: 4.390000000000001
tot_sleeping_duration: 479089.11283999786
tot_uptimes: 125
tot_uptimes_duration: 7440.0121600021375
