comms_cons: 49.893305600935506
finished_reconf: true
global_termination_time: 486510.144
local_termination_time: 263958.95636000007
node_cons: 9969.558363362015
tot_aggregated_send: 6322
tot_msg_rcv: 391
tot_msg_sent: 870
tot_reconf_duration: 5.43
tot_sleeping_duration: 479070.12575999845
tot_uptimes: 125
tot_uptimes_duration: 7440.018240001504
