comms_cons: 603.9210048886226
finished_reconf: true
global_termination_time: 6141339.12
local_termination_time: 3273337.0043599997
node_cons: 126328.86182334715
tot_aggregated_send: 85028
tot_msg_rcv: 2315
tot_msg_sent: 4450
tot_reconf_duration: 25.299999999999997
tot_sleeping_duration: 6047019.1017600065
tot_uptimes: 1573
tot_uptimes_duration: 94320.0182399936
