comms_cons: 596.8189696520088
finished_reconf: true
global_termination_time: 6135918.638
local_termination_time: 3361746.30336
node_cons: 126225.15064334721
tot_aggregated_send: 85028
tot_msg_rcv: 1915
tot_msg_sent: 3770
tot_reconf_duration: 8.09
tot_sleeping_duration: 6041658.619760007
tot_uptimes: 1572
tot_uptimes_duration: 94260.0182399936
