comms_cons: 76.89894399815381
finished_reconf: true
global_termination_time: 748269.594
local_termination_time: 485333.57936000003
node_cons: 15357.319521121435
tot_aggregated_send: 9976
tot_msg_rcv: 616
tot_msg_sent: 1097
tot_reconf_duration: 9.11
tot_sleeping_duration: 736809.587919999
tot_uptimes: 192
tot_uptimes_duration: 11460.006080001069
