comms_cons: 76.35511679757366
finished_reconf: true
global_termination_time: 746957.336
local_termination_time: 444175.1844000003
node_cons: 15370.334599999958
tot_aggregated_send: 10150
tot_msg_rcv: 541
tot_msg_sent: 913
tot_reconf_duration: 18.700000000000003
tot_sleeping_duration: 735497.336
tot_uptimes: 192
tot_uptimes_duration: 11460.0
