comms_cons: 75.27920639765728
finished_reconf: true
global_termination_time: 749222.934
local_termination_time: 366306.96736000007
node_cons: 15359.826382238301
tot_aggregated_send: 10324
tot_msg_rcv: 372
tot_msg_sent: 746
tot_reconf_duration: 10.95
tot_sleeping_duration: 737762.9218400012
tot_uptimes: 192
tot_uptimes_duration: 11460.012159998703
