comms_cons: 13.791884799535293
finished_reconf: true
global_termination_time: 108134.021
local_termination_time: 1169.64712
node_cons: 2184.145091195507
tot_aggregated_send: 522
tot_msg_rcv: 681
tot_msg_sent: 895
tot_reconf_duration: 10.96
tot_sleeping_duration: 106513.96020000335
tot_uptimes: 28
tot_uptimes_duration: 1620.060799996645
