comms_cons: 10.975359999794687
finished_reconf: true
global_termination_time: 111837.941
local_termination_time: 7356.5
node_cons: 2255.7314644786015
tot_aggregated_send: 693
tot_msg_rcv: 385
tot_msg_sent: 591
tot_reconf_duration: 4.55
tot_sleeping_duration: 110157.91668000104
tot_uptimes: 29
tot_uptimes_duration: 1680.0243199989563
