comms_cons: 10.396390399864067
finished_reconf: true
global_termination_time: 111603.913
local_termination_time: 1087.9962400000002
node_cons: 2266.1446222391596
tot_aggregated_send: 870
tot_msg_rcv: 414
tot_msg_sent: 297
tot_reconf_duration: 12.23
tot_sleeping_duration: 109923.90084000063
tot_uptimes: 29
tot_uptimes_duration: 1680.0121599993727
