comms_cons: 96.50662399595949
finished_reconf: true
global_termination_time: 945492.598
local_termination_time: 364906.61360000004
node_cons: 19467.69902335506
tot_aggregated_send: 12760
tot_msg_rcv: 644
tot_msg_sent: 1264
tot_reconf_duration: 18.700000000000003
tot_sleeping_duration: 930972.5797600037
tot_uptimes: 243
tot_uptimes_duration: 14520.018239996338
