comms_cons: 65.17480960024734
finished_reconf: true
global_termination_time: 650397.851
local_termination_time: 450549.08936000004
node_cons: 13370.829964485727
tot_aggregated_send: 8468
tot_msg_rcv: 526
tot_msg_sent: 912
tot_reconf_duration: 25.299999999999997
tot_sleeping_duration: 640437.8266799957
tot_uptimes: 167
tot_uptimes_duration: 9960.024320004277
