comms_cons: 65.16697600081126
finished_reconf: true
global_termination_time: 650704.81
local_termination_time: 345219.3033600001
node_cons: 13342.980121121447
tot_aggregated_send: 9106
tot_msg_rcv: 280
tot_msg_sent: 519
tot_reconf_duration: 4.8100000000000005
tot_sleeping_duration: 640744.803919999
tot_uptimes: 167
tot_uptimes_duration: 9960.006080001069
