comms_cons: 420.59982083380464
finished_reconf: true
global_termination_time: 4212751.322
local_termination_time: 2236817.17036
node_cons: 86624.44556558211
tot_aggregated_send: 58870
tot_msg_rcv: 1567
tot_msg_sent: 3491
tot_reconf_duration: 13.17
tot_sleeping_duration: 4148071.2916000113
tot_uptimes: 1079
tot_uptimes_duration: 64680.030399988405
