comms_cons: 424.3318400745199
finished_reconf: true
global_termination_time: 4212169.803
local_termination_time: 1194549.34136
node_cons: 86618.95902625423
tot_aggregated_send: 58928
tot_msg_rcv: 1969
tot_msg_sent: 3598
tot_reconf_duration: 9.11
tot_sleeping_duration: 4147489.752480018
tot_uptimes: 1079
tot_uptimes_duration: 64680.05051998235
