comms_cons: 422.7875584571722
finished_reconf: true
global_termination_time: 4213497.131
local_termination_time: 555493.1773999982
node_cons: 86710.66389341894
tot_aggregated_send: 59160
tot_msg_rcv: 1683
tot_msg_sent: 3419
tot_reconf_duration: 15.110000000000001
tot_sleeping_duration: 4148754.678040014
tot_uptimes: 1080
tot_uptimes_duration: 64742.452959985996
