comms_cons: 422.5158784637737
finished_reconf: true
global_termination_time: 4215453.604
local_termination_time: 6009.987840000003
node_cons: 86717.71639340556
tot_aggregated_send: 58870
tot_msg_rcv: 1644
tot_msg_sent: 3705
tot_reconf_duration: 22.65
tot_sleeping_duration: 4150713.5310400245
tot_uptimes: 1080
tot_uptimes_duration: 64740.07295997598
