comms_cons: 420.32783366034977
finished_reconf: true
global_termination_time: 4212532.502
local_termination_time: 155001.57
node_cons: 86627.66047453746
tot_aggregated_send: 58749
tot_msg_rcv: 1587
tot_msg_sent: 3550
tot_reconf_duration: 12.629999999999999
tot_sleeping_duration: 4147849.522960015
tot_uptimes: 1079
tot_uptimes_duration: 64682.97903998487
