comms_cons: 427.0951808744444
finished_reconf: true
global_termination_time: 4211809.016119987
local_termination_time: 55809.35136000001
node_cons: 86701.34200419649
tot_aggregated_send: 57826
tot_msg_rcv: 2503
tot_msg_sent: 4584
tot_reconf_duration: 10.95
tot_sleeping_duration: 4147069.3059600177
tot_uptimes: 1079
tot_uptimes_duration: 64739.71015996921
