comms_cons: 420.61399046174097
finished_reconf: true
global_termination_time: 4211817.763
local_termination_time: 665416.9733199995
node_cons: 86692.89489005017
tot_aggregated_send: 58812
tot_msg_rcv: 1743
tot_msg_sent: 3374
tot_reconf_duration: 4.390000000000001
tot_sleeping_duration: 4147077.708280021
tot_uptimes: 1079
tot_uptimes_duration: 64740.05471997941
