comms_cons: 9.55299839998162
finished_reconf: true
global_termination_time: 3517.9086800000005
local_termination_time: 3517.8675600000006
node_cons: 1070.8124995200012
tot_aggregated_send: 0
tot_msg_rcv: 689
tot_msg_sent: 761
tot_reconf_duration: 24.59
tot_sleeping_duration: 2743.137
tot_uptimes: 12
tot_uptimes_duration: 774.7716800000004
