comms_cons: 0.7500287999975243
finished_reconf: true
global_termination_time: 4545.105
local_termination_time: 3161.6823600000002
node_cons: 87.26579999999987
tot_aggregated_send: 0
tot_msg_rcv: 60
tot_msg_sent: 54
tot_reconf_duration: 5.1
tot_sleeping_duration: 4485.105
tot_uptimes: 2
tot_uptimes_duration: 60.0
