comms_cons: 61.71547520358018
finished_reconf: true
global_termination_time: 520513.838
local_termination_time: 244404.27976000088
node_cons: 10721.623224734041
tot_aggregated_send: 4698
tot_msg_rcv: 2037
tot_msg_sent: 2644
tot_reconf_duration: 18.21
tot_sleeping_duration: 512525.11951998953
tot_uptimes: 134
tot_uptimes_duration: 7988.718480010488
