comms_cons: 52.98229760085803
finished_reconf: true
global_termination_time: 524017.95
local_termination_time: 372917.19536000007
node_cons: 10786.40800224291
tot_aggregated_send: 7076
tot_msg_rcv: 332
tot_msg_sent: 645
tot_reconf_duration: 15.34
tot_sleeping_duration: 515977.9378399979
tot_uptimes: 135
tot_uptimes_duration: 8040.0121600021375
