comms_cons: 54.36476160138351
finished_reconf: true
global_termination_time: 524584.78
local_termination_time: 261168.68136000008
node_cons: 10772.485800000022
tot_aggregated_send: 6786
tot_msg_rcv: 493
tot_msg_sent: 982
tot_reconf_duration: 5.1
tot_sleeping_duration: 516544.78
tot_uptimes: 135
tot_uptimes_duration: 8040.0
