comms_cons: 52.65656320129188
finished_reconf: true
global_termination_time: 519702.06124000036
local_termination_time: 30648.677320000003
node_cons: 10760.739220481895
tot_aggregated_send: 6612
tot_msg_rcv: 515
tot_msg_sent: 876
tot_reconf_duration: 22.65
tot_sleeping_duration: 511688.63291999896
tot_uptimes: 134
tot_uptimes_duration: 8013.428320001403
