comms_cons: 53.61513600078167
finished_reconf: true
global_termination_time: 522334.38
local_termination_time: 299911.96336000005
node_cons: 10692.593940000004
tot_aggregated_send: 6902
tot_msg_rcv: 493
tot_msg_sent: 754
tot_reconf_duration: 5.43
tot_sleeping_duration: 514354.38
tot_uptimes: 134
tot_uptimes_duration: 7980.0
