comms_cons: 291.28729601869514
finished_reconf: true
global_termination_time: 2898130.528
local_termination_time: 1029888.95636
node_cons: 59620.84894558372
tot_aggregated_send: 39556
tot_msg_rcv: 1578
tot_msg_sent: 3142
tot_reconf_duration: 6.279999999999999
tot_sleeping_duration: 2853610.4976000115
tot_uptimes: 743
tot_uptimes_duration: 44520.03039998864
