comms_cons: 674.2699016110281
finished_reconf: true
global_termination_time: 4648628.354
local_termination_time: 2896950.0506000007
node_cons: 95613.17708669994
tot_aggregated_send: 0
tot_msg_rcv: 51667
tot_msg_sent: 50817
tot_reconf_duration: 6.279999999999999
tot_sleeping_duration: 4577228.317520014
tot_uptimes: 1191
tot_uptimes_duration: 71400.03647998674
