comms_cons: 462.94001926094086
finished_reconf: true
global_termination_time: 4645790.648239989
local_termination_time: 184712.89099999997
node_cons: 95617.65864749019
tot_aggregated_send: 65650
tot_msg_rcv: 1564
tot_msg_sent: 3148
tot_reconf_duration: 11.899999999999999
tot_sleeping_duration: 4574392.96456001
tot_uptimes: 1190
tot_uptimes_duration: 71397.68367997973
