comms_cons: 462.3520640670507
finished_reconf: true
global_termination_time: 4649941.499
local_termination_time: 410141.28536000004
node_cons: 95610.61860781604
tot_aggregated_send: 64554
tot_msg_rcv: 1952
tot_msg_sent: 3768
tot_reconf_duration: 4.390000000000001
tot_sleeping_duration: 4578541.456440016
tot_uptimes: 1191
tot_uptimes_duration: 71400.04255998414
