comms_cons: 458.1157376329629
finished_reconf: true
global_termination_time: 4647559.889
local_termination_time: 556204.7453999993
node_cons: 95613.09560670033
tot_aggregated_send: 65424
tot_msg_rcv: 1592
tot_msg_sent: 2614
tot_reconf_duration: 6.22
tot_sleeping_duration: 4576159.852520013
tot_uptimes: 1191
tot_uptimes_duration: 71400.0364799872
