comms_cons: 74.38197119966489
finished_reconf: true
global_termination_time: 754060.93524
local_termination_time: 251293.72136000005
node_cons: 15549.409041602916
tot_aggregated_send: 10672
tot_msg_rcv: 204
tot_msg_sent: 429
tot_reconf_duration: 18.21
tot_sleeping_duration: 742466.7008399979
tot_uptimes: 194
tot_uptimes_duration: 11594.23440000217
