comms_cons: 38.01461760013475
finished_reconf: true
global_termination_time: 387505.5448800005
local_termination_time: 189226.88936000006
node_cons: 8006.536102320718
tot_aggregated_send: 5684
tot_msg_rcv: 15
tot_msg_sent: 78
tot_reconf_duration: 5.1
tot_sleeping_duration: 381531.228
tot_uptimes: 100
tot_uptimes_duration: 5974.316880000522
