comms_cons: 106.8264703954665
finished_reconf: true
global_termination_time: 1088463.202
local_termination_time: 695753.0113599999
node_cons: 22365.286841116897
tot_aggregated_send: 15196
tot_msg_rcv: 332
tot_msg_sent: 709
tot_reconf_duration: 22.65
tot_sleeping_duration: 1071783.1959200024
tot_uptimes: 279
tot_uptimes_duration: 16680.006079997635
