comms_cons: 109.54426879531461
finished_reconf: true
global_termination_time: 1093044.451
local_termination_time: 754704.5808799991
node_cons: 22420.821620000053
tot_aggregated_send: 15312
tot_msg_rcv: 471
tot_msg_sent: 866
tot_reconf_duration: 4.390000000000001
tot_sleeping_duration: 1076304.451
tot_uptimes: 280
tot_uptimes_duration: 16740.0
