comms_cons: 109.92715519495596
finished_reconf: true
global_termination_time: 1092767.716
local_termination_time: 604402.5780000001
node_cons: 22423.331183350652
tot_aggregated_send: 15131
tot_msg_rcv: 528
tot_msg_sent: 1051
tot_reconf_duration: 6.22
tot_sleeping_duration: 1076027.697760007
tot_uptimes: 280
tot_uptimes_duration: 16740.018239992904
