comms_cons: 589.8960251014024
finished_reconf: true
global_termination_time: 2023299.631
local_termination_time: 1401043.183639998
node_cons: 82658.2602889552
tot_aggregated_send: 0
tot_msg_rcv: 30034
tot_msg_sent: 59628
tot_reconf_duration: 18.21
tot_sleeping_duration: 1961586.7623600021
tot_uptimes: 1024
tot_uptimes_duration: 61712.86863999802
