comms_cons: 397.81853406284307
finished_reconf: true
global_termination_time: 2025890.601
local_termination_time: 1403190.604
node_cons: 41658.230206393746
tot_aggregated_send: 0
tot_msg_rcv: 30432
tot_msg_sent: 30034
tot_reconf_duration: 22.65
tot_sleeping_duration: 1994802.1234000043
tot_uptimes: 519
tot_uptimes_duration: 31088.477599995676
