comms_cons: 206.17975037843405
finished_reconf: true
global_termination_time: 2022478.617
local_termination_time: 873967.1003599998
node_cons: 41542.73022335014
tot_aggregated_send: 27550
tot_msg_rcv: 1351
tot_msg_sent: 2437
tot_reconf_duration: 5.1
tot_sleeping_duration: 1991458.5987600072
tot_uptimes: 518
tot_uptimes_duration: 31020.018239992904
