comms_cons: 202.2940671864599
finished_reconf: true
global_termination_time: 2024302.805
local_termination_time: 1184231.3843599998
node_cons: 41620.286323349916
tot_aggregated_send: 28536
tot_msg_rcv: 700
tot_msg_sent: 1511
tot_reconf_duration: 3.05
tot_sleeping_duration: 1993222.786760007
tot_uptimes: 519
tot_uptimes_duration: 31080.018239992904
