comms_cons: 201.7706879863309
finished_reconf: true
global_termination_time: 2021998.94848
local_termination_time: 224545.86732000063
node_cons: 41563.41516558822
tot_aggregated_send: 28420
tot_msg_rcv: 673
tot_msg_sent: 1573
tot_reconf_duration: 6.22
tot_sleeping_duration: 1990964.6180800085
tot_uptimes: 518
tot_uptimes_duration: 31034.33039999145
