comms_cons: 98.15411199564963
finished_reconf: true
global_termination_time: 966951.718
local_termination_time: 146516.292
node_cons: 19881.82907991615
tot_aggregated_send: 13338
tot_msg_rcv: 601
tot_msg_sent: 979
tot_reconf_duration: 22.65
tot_sleeping_duration: 952126.4227200029
tot_uptimes: 248
tot_uptimes_duration: 14825.29527999711
