comms_cons: 95.77404159748482
finished_reconf: true
global_termination_time: 964908.816
local_termination_time: 310835.81336000003
node_cons: 19850.52012111686
tot_aggregated_send: 13398
tot_msg_rcv: 356
tot_msg_sent: 804
tot_reconf_duration: 4.8100000000000005
tot_sleeping_duration: 950088.8099200024
tot_uptimes: 248
tot_uptimes_duration: 14820.006079997635
