comms_cons: 365.9327679018493
finished_reconf: true
global_termination_time: 767723.238
local_termination_time: 257334.7602400005
node_cons: 46331.25311483562
tot_aggregated_send: 0
tot_msg_rcv: 22557
tot_msg_sent: 33065
tot_reconf_duration: 18.21
tot_sleeping_duration: 733140.3224400028
tot_uptimes: 566
tot_uptimes_duration: 34582.91555999711
