comms_cons: 78.93066239632486
finished_reconf: true
global_termination_time: 768917.958
local_termination_time: 276604.00036000006
node_cons: 15754.269188957682
tot_aggregated_send: 9802
tot_msg_rcv: 668
tot_msg_sent: 1527
tot_reconf_duration: 5.57
tot_sleeping_duration: 757157.9093600018
tot_uptimes: 197
tot_uptimes_duration: 11760.048639998247
