comms_cons: 79.44349439534157
finished_reconf: true
global_termination_time: 766874.6374799998
local_termination_time: 766874.5963599999
node_cons: 15815.882631034887
tot_aggregated_send: 9950
tot_msg_rcv: 707
tot_msg_sent: 1418
tot_reconf_duration: 37.410000000000004
tot_sleeping_duration: 755100.8661200036
tot_uptimes: 197
tot_uptimes_duration: 11773.771359996157
