comms_cons: 79.24646399567223
finished_reconf: true
global_termination_time: 767183.908
local_termination_time: 306445.9923600001
node_cons: 15750.871486714834
tot_aggregated_send: 9686
tot_msg_rcv: 841
tot_msg_sent: 1518
tot_reconf_duration: 3.08
tot_sleeping_duration: 755423.8715200039
tot_uptimes: 197
tot_uptimes_duration: 11760.03647999611
