comms_cons: 78.64180479734367
finished_reconf: true
global_termination_time: 768341.521
local_termination_time: 282718.30236000003
node_cons: 15755.119324471912
tot_aggregated_send: 10150
tot_msg_rcv: 612
tot_msg_sent: 1191
tot_reconf_duration: 6.22
tot_sleeping_duration: 756581.496680006
tot_uptimes: 197
tot_uptimes_duration: 11760.024319993972
