comms_cons: 105.6440959922574
finished_reconf: true
global_termination_time: 1035785.53
local_termination_time: 287144.4712800008
node_cons: 21313.100471509937
tot_aggregated_send: 13978
tot_msg_rcv: 690
tot_msg_sent: 1391
tot_reconf_duration: 15.34
tot_sleeping_duration: 1019883.9103200076
tot_uptimes: 266
tot_uptimes_duration: 15901.619679992436
