comms_cons: 102.35951999823601
finished_reconf: true
global_termination_time: 1035515.388
local_termination_time: 295828.18799999997
node_cons: 21324.465541121448
tot_aggregated_send: 15001
tot_msg_rcv: 212
tot_msg_sent: 345
tot_reconf_duration: 25.299999999999997
tot_sleeping_duration: 1019615.381919999
tot_uptimes: 266
tot_uptimes_duration: 15900.006080001069
