comms_cons: 102.84605439675376
finished_reconf: true
global_termination_time: 1038341.771
local_termination_time: 528915.5798399997
node_cons: 21310.61938000001
tot_aggregated_send: 14964
tot_msg_rcv: 276
tot_msg_sent: 392
tot_reconf_duration: 15.110000000000001
tot_sleeping_duration: 1022441.771
tot_uptimes: 266
tot_uptimes_duration: 15900.0
