comms_cons: 102.27429119943397
finished_reconf: true
global_termination_time: 1036667.902
local_termination_time: 821753.7585199982
node_cons: 21308.565795277587
tot_aggregated_send: 14964
tot_msg_rcv: 186
tot_msg_sent: 396
tot_reconf_duration: 12.629999999999999
tot_sleeping_duration: 1020766.9204800018
tot_uptimes: 266
tot_uptimes_duration: 15900.981519998168
