comms_cons: 103.9049599966948
finished_reconf: true
global_termination_time: 1036783.035
local_termination_time: 102853.41500000001
node_cons: 21306.260200000044
tot_aggregated_send: 14494
tot_msg_rcv: 433
tot_msg_sent: 866
tot_reconf_duration: 11.899999999999999
tot_sleeping_duration: 1020883.035
tot_uptimes: 266
tot_uptimes_duration: 15900.0
