comms_cons: 108.13635839214244
finished_reconf: true
global_termination_time: 1036935.259
local_termination_time: 21093.897600000004
node_cons: 21294.3314523059
tot_aggregated_send: 13804
tot_msg_rcv: 1055
tot_msg_sent: 1577
tot_reconf_duration: 3.05
tot_sleeping_duration: 1021035.1921200105
tot_uptimes: 266
tot_uptimes_duration: 15900.066879989448
