comms_cons: 107.15605759015602
finished_reconf: true
global_termination_time: 1037484.617
local_termination_time: 508113.4666000001
node_cons: 21305.491544467357
tot_aggregated_send: 13746
tot_msg_rcv: 920
tot_msg_sent: 1622
tot_reconf_duration: 11.31
tot_sleeping_duration: 1021584.5926800094
tot_uptimes: 266
tot_uptimes_duration: 15900.024319990538
