comms_cons: 105.4520447958497
finished_reconf: true
global_termination_time: 1037646.469
local_termination_time: 407123.75936
node_cons: 21297.514645588784
tot_aggregated_send: 14268
tot_msg_rcv: 654
tot_msg_sent: 1106
tot_reconf_duration: 5.43
tot_sleeping_duration: 1021746.4386000084
tot_uptimes: 266
tot_uptimes_duration: 15900.030399991607
