comms_cons: 898.3685010134307
finished_reconf: true
global_termination_time: 4568123.327439997
local_termination_time: 2409.830040000001
node_cons: 93972.62689950949
tot_aggregated_send: 0
tot_msg_rcv: 68739
tot_msg_sent: 67806
tot_reconf_duration: 18.21
tot_sleeping_duration: 4497960.595760004
tot_uptimes: 1170
tot_uptimes_duration: 70162.73167999409
