comms_cons: 453.0985024656869
finished_reconf: true
global_termination_time: 4569011.774
local_termination_time: 328901.08436000004
node_cons: 94004.38082670362
tot_aggregated_send: 63742
tot_msg_rcv: 1698
tot_msg_sent: 3428
tot_reconf_duration: 4.8100000000000005
tot_sleeping_duration: 4498811.73752001
tot_uptimes: 1171
tot_uptimes_duration: 70200.0364799897
