comms_cons: 452.51230086544416
finished_reconf: true
global_termination_time: 4571647.017
local_termination_time: 483328.2474800005
node_cons: 94003.80232558213
tot_aggregated_send: 63394
tot_msg_rcv: 1843
tot_msg_sent: 3542
tot_reconf_duration: 4.390000000000001
tot_sleeping_duration: 4501446.986600012
tot_uptimes: 1171
tot_uptimes_duration: 70200.03039998864
