comms_cons: 25.823052799997118
finished_reconf: true
global_termination_time: 272882.068
local_termination_time: 122371.99775999949
node_cons: 5554.079560000014
tot_aggregated_send: 3770
tot_msg_rcv: 42
tot_msg_sent: 112
tot_reconf_duration: 7.819999999999999
tot_sleeping_duration: 268742.068
tot_uptimes: 70
tot_uptimes_duration: 4140.0
