comms_cons: 88.81800319848182
finished_reconf: true
global_termination_time: 874404.008
local_termination_time: 182597.0533200002
node_cons: 17933.721142242903
tot_aggregated_send: 11774
tot_msg_rcv: 570
tot_msg_sent: 1155
tot_reconf_duration: 13.17
tot_sleeping_duration: 861023.9958399979
tot_uptimes: 224
tot_uptimes_duration: 13380.012160002138
