comms_cons: 88.48491520082963
finished_reconf: true
global_termination_time: 872644.162
local_termination_time: 481694.947
node_cons: 17927.86317304138
tot_aggregated_send: 11713
tot_msg_rcv: 578
tot_msg_sent: 1159
tot_reconf_duration: 8.09
tot_sleeping_duration: 859263.372639999
tot_uptimes: 224
tot_uptimes_duration: 13380.789360000985
