comms_cons: 90.12846079472132
finished_reconf: true
global_termination_time: 877407.172
local_termination_time: 268455.4480800001
node_cons: 18004.66374782241
tot_aggregated_send: 11368
tot_msg_rcv: 785
tot_msg_sent: 1546
tot_reconf_duration: 6.22
tot_sleeping_duration: 863967.1294400132
tot_uptimes: 225
tot_uptimes_duration: 13440.042559986876
