comms_cons: 296.27815681173803
finished_reconf: true
global_termination_time: 2947944.442
local_termination_time: 236831.18388000043
node_cons: 60597.232425588234
tot_aggregated_send: 40542
tot_msg_rcv: 1515
tot_msg_sent: 2973
tot_reconf_duration: 15.34
tot_sleeping_duration: 2902704.4116000077
tot_uptimes: 755
tot_uptimes_duration: 45240.03039999207
