comms_cons: 421.25364486409825
finished_reconf: true
global_termination_time: 4186175.264
local_termination_time: 1151009.5595599983
node_cons: 86128.67888781564
tot_aggregated_send: 57884
tot_msg_rcv: 2279
tot_msg_sent: 3865
tot_reconf_duration: 3.05
tot_sleeping_duration: 4121855.2214400163
tot_uptimes: 1073
tot_uptimes_duration: 64320.042559983674
