comms_cons: 312.55147520727814
finished_reconf: true
global_termination_time: 3193631.751
local_termination_time: 2026853.5083599999
node_cons: 65655.67300111568
tot_aggregated_send: 45820
tot_msg_rcv: 536
tot_msg_sent: 1150
tot_reconf_duration: 13.17
tot_sleeping_duration: 3144611.7449200023
tot_uptimes: 818
tot_uptimes_duration: 49020.00607999787
