comms_cons: 274.4315903918309
finished_reconf: true
global_termination_time: 2707111.959
local_termination_time: 677364.8133599999
node_cons: 55706.403123349584
tot_aggregated_send: 36946
tot_msg_rcv: 1535
tot_msg_sent: 3231
tot_reconf_duration: 22.65
tot_sleeping_duration: 2665531.940760007
tot_uptimes: 694
tot_uptimes_duration: 41580.0182399929
