comms_cons: 274.7529984184928
finished_reconf: true
global_termination_time: 2709011.33
local_termination_time: 10886.53748
node_cons: 55686.28840670956
tot_aggregated_send: 37294
tot_msg_rcv: 1565
tot_msg_sent: 2902
tot_reconf_duration: 7.819999999999999
tot_sleeping_duration: 2667431.2935200073
tot_uptimes: 694
tot_uptimes_duration: 41580.03647999291
