comms_cons: 1309.9755140377993
finished_reconf: true
global_termination_time: 2705506.0335999997
local_termination_time: 2705505.9924799995
node_cons: 164633.0031438213
tot_aggregated_send: 0
tot_msg_rcv: 80338
tot_msg_sent: 118771
tot_reconf_duration: 24.59
tot_sleeping_duration: 2582578.767040009
tot_uptimes: 2016
tot_uptimes_duration: 122927.26655999034
