comms_cons: 155.70693759018747
finished_reconf: true
global_termination_time: 1548259.511
local_termination_time: 717914.07636
node_cons: 31821.22082670112
tot_aggregated_send: 21576
tot_msg_rcv: 696
tot_msg_sent: 1394
tot_reconf_duration: 4.8100000000000005
tot_sleeping_duration: 1524499.4745200141
tot_uptimes: 397
tot_uptimes_duration: 23760.036479985807
