comms_cons: 2.2698239999924996
finished_reconf: true
global_termination_time: 14132.355
local_termination_time: 5958.39336
node_cons: 253.81236000000013
tot_aggregated_send: 0
tot_msg_rcv: 178
tot_msg_sent: 166
tot_reconf_duration: 9.42
tot_sleeping_duration: 13952.355
tot_uptimes: 4
tot_uptimes_duration: 180.0
