comms_cons: 283.25429761772114
finished_reconf: true
global_termination_time: 2807791.204
local_termination_time: 6272.637
node_cons: 57861.473468935204
tot_aggregated_send: 38905
tot_msg_rcv: 1471
tot_msg_sent: 2677
tot_reconf_duration: 12.23
tot_sleeping_duration: 2764591.1553600174
tot_uptimes: 720
tot_uptimes_duration: 43200.04863998224
