comms_cons: 251.57256318916674
finished_reconf: true
global_termination_time: 2471094.986
local_termination_time: 1138029.972239998
node_cons: 50784.729672291556
tot_aggregated_send: 32886
tot_msg_rcv: 1746
tot_msg_sent: 3606
tot_reconf_duration: 6.279999999999999
tot_sleeping_duration: 2433173.999120021
tot_uptimes: 633
tot_uptimes_duration: 37920.98687997926
