comms_cons: 244.70676480540428
finished_reconf: true
global_termination_time: 2471035.776
local_termination_time: 639406.939119999
node_cons: 50785.866219999225
tot_aggregated_send: 35438
tot_msg_rcv: 545
tot_msg_sent: 1211
tot_reconf_duration: 8.09
tot_sleeping_duration: 2433115.776
tot_uptimes: 633
tot_uptimes_duration: 37920.0
