comms_cons: 546.4340540853163
finished_reconf: true
global_termination_time: 1129745.9624799998
local_termination_time: 1129745.9213599998
node_cons: 68699.26707791134
tot_aggregated_send: 0
tot_msg_rcv: 33524
tot_msg_sent: 49529
tot_reconf_duration: 37.410000000000004
tot_sleeping_duration: 1078477.5052000051
tot_uptimes: 845
tot_uptimes_duration: 51268.45727999462
