comms_cons: 111.36611839170808
finished_reconf: true
global_termination_time: 1130510.812
local_termination_time: 573637.348879999
node_cons: 23225.21836447193
tot_aggregated_send: 14384
tot_msg_rcv: 915
tot_msg_sent: 1628
tot_reconf_duration: 5.1
tot_sleeping_duration: 1113170.7876800061
tot_uptimes: 290
tot_uptimes_duration: 17340.024319993972
