comms_cons: 112.5801535914252
finished_reconf: true
global_termination_time: 1132144.572
local_termination_time: 687492.3512799992
node_cons: 23229.28692558875
tot_aggregated_send: 14848
tot_msg_rcv: 906
tot_msg_sent: 1358
tot_reconf_duration: 8.09
tot_sleeping_duration: 1114804.5416000083
tot_uptimes: 290
tot_uptimes_duration: 17340.030399991607
