comms_cons: 110.9583679955043
finished_reconf: true
global_termination_time: 1134381.628
local_termination_time: 682425.0663599998
node_cons: 23310.99580335051
tot_aggregated_send: 14790
tot_msg_rcv: 738
tot_msg_sent: 1336
tot_reconf_duration: 9.11
tot_sleeping_duration: 1116981.6097600071
tot_uptimes: 291
tot_uptimes_duration: 17400.018239992904
