comms_cons: 112.43130879648517
finished_reconf: true
global_termination_time: 1129825.049
local_termination_time: 625831.2047999983
node_cons: 23238.78752111685
tot_aggregated_send: 15196
tot_msg_rcv: 734
tot_msg_sent: 1159
tot_reconf_duration: 15.110000000000001
tot_sleeping_duration: 1112485.0429200025
tot_uptimes: 290
tot_uptimes_duration: 17340.006079997635
