comms_cons: 114.75896319466997
finished_reconf: true
global_termination_time: 1130536.983
local_termination_time: 266271.39336000005
node_cons: 23235.4522456026
tot_aggregated_send: 15022
tot_msg_rcv: 912
tot_msg_sent: 1509
tot_reconf_duration: 12.629999999999999
tot_sleeping_duration: 1113196.952599998
tot_uptimes: 290
tot_uptimes_duration: 17340.03040000191
