comms_cons: 116.70239998919794
finished_reconf: true
global_termination_time: 1131989.291
local_termination_time: 166715.22736000005
node_cons: 23233.70853230358
tot_aggregated_send: 14616
tot_msg_rcv: 1127
tot_msg_sent: 1995
tot_reconf_duration: 11.31
tot_sleeping_duration: 1114649.2241200123
tot_uptimes: 290
tot_uptimes_duration: 17340.066879987717
