comms_cons: 2.1777151999945694
finished_reconf: true
global_termination_time: 12625.506
local_termination_time: 763.0617199999999
node_cons: 256.37898000000007
tot_aggregated_send: 0
tot_msg_rcv: 164
tot_msg_sent: 166
tot_reconf_duration: 11.31
tot_sleeping_duration: 12445.506
tot_uptimes: 4
tot_uptimes_duration: 180.0
