comms_cons: 40.06732800011324
finished_reconf: true
global_termination_time: 412744.75520000025
local_termination_time: 151447.738
node_cons: 8497.655796800404
tot_aggregated_send: 6011
tot_msg_rcv: 15
tot_msg_sent: 64
tot_reconf_duration: 25.299999999999997
tot_sleeping_duration: 406424.144
tot_uptimes: 106
tot_uptimes_duration: 6320.611200000276
