comms_cons: 41.27132160041281
finished_reconf: true
global_termination_time: 415497.26
local_termination_time: 63852.45748000002
node_cons: 8522.00162000002
tot_aggregated_send: 5916
tot_msg_rcv: 128
tot_msg_sent: 229
tot_reconf_duration: 4.390000000000001
tot_sleeping_duration: 409137.26
tot_uptimes: 107
tot_uptimes_duration: 6360.0
