comms_cons: 40.71929600008712
finished_reconf: true
global_termination_time: 415638.24
local_termination_time: 29063.122
node_cons: 8536.87986112144
tot_aggregated_send: 5958
tot_msg_rcv: 56
tot_msg_sent: 175
tot_reconf_duration: 15.34
tot_sleeping_duration: 409278.2339199989
tot_uptimes: 107
tot_uptimes_duration: 6360.006080001069
