comms_cons: 257.66778879604345
finished_reconf: true
global_termination_time: 2809317.327
local_termination_time: 6499.615999999999
node_cons: 57852.7796011158
tot_aggregated_send: 38622
tot_msg_rcv: 205
tot_msg_sent: 337
tot_reconf_duration: 5.87
tot_sleeping_duration: 2766117.3209200026
tot_uptimes: 720
tot_uptimes_duration: 43200.006079997635
