comms_cons: 275.4452416271919
finished_reconf: true
global_termination_time: 2808091.53
local_termination_time: 6090.035
node_cons: 57850.23737005205
tot_aggregated_send: 38623
tot_msg_rcv: 1138
tot_msg_sent: 2104
tot_reconf_duration: 3.95
tot_sleeping_duration: 2764891.47528002
tot_uptimes: 720
tot_uptimes_duration: 43200.054719979875
