comms_cons: 281.48118400265224
finished_reconf: true
global_termination_time: 2808502.663
local_termination_time: 5524.617
node_cons: 57848.61864781742
tot_aggregated_send: 39668
tot_msg_rcv: 1134
tot_msg_sent: 1981
tot_reconf_duration: 2.77
tot_sleeping_duration: 2765302.620440016
tot_uptimes: 720
tot_uptimes_duration: 43200.04255998391
