comms_cons: 272.5762560173099
finished_reconf: true
global_termination_time: 2811062.021
local_termination_time: 5071.617
node_cons: 57852.763250052354
tot_aggregated_send: 39086
tot_msg_rcv: 799
tot_msg_sent: 1545
tot_reconf_duration: 5.8100000000000005
tot_sleeping_duration: 2767861.9662800203
tot_uptimes: 720
tot_uptimes_duration: 43200.05471998011
