comms_cons: 279.19285761962186
finished_reconf: true
global_termination_time: 2810292.541
local_termination_time: 5547.099000000001
node_cons: 57853.62795390061
tot_aggregated_send: 38566
tot_msg_rcv: 1271
tot_msg_sent: 2599
tot_reconf_duration: 6.46
tot_sleeping_duration: 2767092.4997200137
tot_uptimes: 720
tot_uptimes_duration: 43200.04127998628
