comms_cons: 26.29706240037956
finished_reconf: true
global_termination_time: 258594.883
local_termination_time: 84819.31987999973
node_cons: 5308.980121121433
tot_aggregated_send: 3422
tot_msg_rcv: 172
tot_msg_sent: 403
tot_reconf_duration: 4.8100000000000005
tot_sleeping_duration: 254634.87691999893
tot_uptimes: 67
tot_uptimes_duration: 3960.0060800010688
