comms_cons: 33.896665599824004
finished_reconf: true
global_termination_time: 345586.8821200004
local_termination_time: 161317.23836000005
node_cons: 7140.845209680477
tot_aggregated_send: 4814
tot_msg_rcv: 104
tot_msg_sent: 234
tot_reconf_duration: 15.34
tot_sleeping_duration: 340269.471
tot_uptimes: 89
tot_uptimes_duration: 5317.411120000354
