comms_cons: 35.32372480063866
finished_reconf: true
global_termination_time: 346557.714
local_termination_time: 158712.85160000008
node_cons: 7078.448240000005
tot_aggregated_send: 4698
tot_msg_rcv: 270
tot_msg_sent: 401
tot_reconf_duration: 6.279999999999999
tot_sleeping_duration: 341277.714
tot_uptimes: 89
tot_uptimes_duration: 5280.0
