comms_cons: 68.55989760757744
finished_reconf: true
global_termination_time: 348754.699
local_termination_time: 864.0750399999995
node_cons: 7181.018700000008
tot_aggregated_send: 0
tot_msg_rcv: 5277
tot_msg_sent: 5143
tot_reconf_duration: 22.65
tot_sleeping_duration: 343414.699
tot_uptimes: 90
tot_uptimes_duration: 5340.0
