comms_cons: 35.75795200045279
finished_reconf: true
global_termination_time: 347973.846
local_termination_time: 128983.76335999997
node_cons: 7156.800121121436
tot_aggregated_send: 4640
tot_msg_rcv: 276
tot_msg_sent: 519
tot_reconf_duration: 4.8100000000000005
tot_sleeping_duration: 342633.83991999895
tot_uptimes: 90
tot_uptimes_duration: 5340.006080001069
