comms_cons: 1.5263743999970687
finished_reconf: true
global_termination_time: 14642.313
local_termination_time: 4100.78936
node_cons: 248.58405999999954
tot_aggregated_send: 0
tot_msg_rcv: 119
tot_msg_sent: 113
tot_reconf_duration: 5.57
tot_sleeping_duration: 14462.313
tot_uptimes: 4
tot_uptimes_duration: 179.99999999999994
