comms_cons: 1.546111999998749
finished_reconf: true
global_termination_time: 12947.499
local_termination_time: 6770.82136
node_cons: 245.20263999999992
tot_aggregated_send: 0
tot_msg_rcv: 119
tot_msg_sent: 116
tot_reconf_duration: 3.08
tot_sleeping_duration: 12767.499
tot_uptimes: 4
tot_uptimes_duration: 180.0
