comms_cons: 0.9013504000012449
finished_reconf: true
global_termination_time: 11845.833
local_termination_time: 7146.618480000001
node_cons: 247.55198000000178
tot_aggregated_send: 0
tot_msg_rcv: 71
tot_msg_sent: 66
tot_reconf_duration: 4.8100000000000005
tot_sleeping_duration: 11665.833
tot_uptimes: 4
tot_uptimes_duration: 180.0
