comms_cons: 1.552691199999055
finished_reconf: true
global_termination_time: 13781.341
local_termination_time: 5619.805359999999
node_cons: 246.98161999999923
tot_aggregated_send: 0
tot_msg_rcv: 122
tot_msg_sent: 114
tot_reconf_duration: 4.390000000000001
tot_sleeping_duration: 13601.341
tot_uptimes: 4
tot_uptimes_duration: 180.0
