comms_cons: 1.532953599997047
finished_reconf: true
global_termination_time: 12565.098
local_termination_time: 5093.54636
node_cons: 249.46676000000033
tot_aggregated_send: 0
tot_msg_rcv: 120
tot_msg_sent: 113
tot_reconf_duration: 6.22
tot_sleeping_duration: 12385.098
tot_uptimes: 4
tot_uptimes_duration: 180.0
