comms_cons: 1.5066367999992436
finished_reconf: true
global_termination_time: 12424.495
local_termination_time: 5254.786360000001
node_cons: 256.3789800000005
tot_aggregated_send: 0
tot_msg_rcv: 121
tot_msg_sent: 108
tot_reconf_duration: 11.31
tot_sleeping_duration: 12244.495
tot_uptimes: 4
tot_uptimes_duration: 180.0
