comms_cons: 146.93355516254883
finished_reconf: true
global_termination_time: 748812.681
local_termination_time: 251497.04436000003
node_cons: 15355.579270071701
tot_aggregated_send: 0
tot_msg_rcv: 11257
tot_msg_sent: 11077
tot_reconf_duration: 7.819999999999999
tot_sleeping_duration: 737352.6662800062
tot_uptimes: 192
tot_uptimes_duration: 11460.014719993807
