comms_cons: 611.6232828095691
finished_reconf: true
global_termination_time: 1345961.971
local_termination_time: 892296.9322799982
node_cons: 81462.58786657709
tot_aggregated_send: 0
tot_msg_rcv: 37612
tot_msg_sent: 55353
tot_reconf_duration: 18.21
tot_sleeping_duration: 1285142.0616000155
tot_uptimes: 995
tot_uptimes_duration: 60819.90939998435
