comms_cons: 134.3801599927172
finished_reconf: true
global_termination_time: 1344631.98924
local_termination_time: 792191.61836
node_cons: 27665.831544633882
tot_aggregated_send: 19024
tot_msg_rcv: 525
tot_msg_sent: 875
tot_reconf_duration: 6.22
tot_sleeping_duration: 1323976.7354800047
tot_uptimes: 345
tot_uptimes_duration: 20655.25375999531
