comms_cons: 141.0928192128593
finished_reconf: true
global_termination_time: 289277.40784000105
local_termination_time: 289277.40784000105
node_cons: 17750.207344366027
tot_aggregated_send: 0
tot_msg_rcv: 8675
tot_msg_sent: 12770
tot_reconf_duration: 24.59
tot_sleeping_duration: 276046.03059999656
tot_uptimes: 215
tot_uptimes_duration: 13231.377240004475
