comms_cons: 127.01866239022503
finished_reconf: true
global_termination_time: 1262807.962
local_termination_time: 398446.53036000003
node_cons: 25957.449188943905
tot_aggregated_send: 15950
tot_msg_rcv: 1199
tot_msg_sent: 2157
tot_reconf_duration: 5.57
tot_sleeping_duration: 1243427.913360012
tot_uptimes: 324
tot_uptimes_duration: 19380.048639987945
