comms_cons: 126.35303038649073
finished_reconf: true
global_termination_time: 1262468.074
local_termination_time: 479967.29936
node_cons: 25958.34817118212
tot_aggregated_send: 15718
tot_msg_rcv: 1177
tot_msg_sent: 2309
tot_reconf_duration: 6.22
tot_sleeping_duration: 1243088.0132000134
tot_uptimes: 324
tot_uptimes_duration: 19380.060799986648
