comms_cons: 1.5461119999986765
finished_reconf: true
global_termination_time: 13782.954
local_termination_time: 6225.58936
node_cons: 246.98161999999937
tot_aggregated_send: 0
tot_msg_rcv: 121
tot_msg_sent: 114
tot_reconf_duration: 4.390000000000001
tot_sleeping_duration: 13602.954
tot_uptimes: 4
tot_uptimes_duration: 180.0000000000001
