comms_cons: 62.59646080385616
finished_reconf: true
global_termination_time: 572759.8
local_termination_time: 44183.875920000144
node_cons: 11754.572708030082
tot_aggregated_send: 4002
tot_msg_rcv: 2080
tot_msg_sent: 3437
tot_reconf_duration: 18.21
tot_sleeping_duration: 563999.6479999776
tot_uptimes: 147
tot_uptimes_duration: 8760.152000022463
