comms_cons: 56.384371199887674
finished_reconf: true
global_termination_time: 572527.0777999985
local_termination_time: 572527.0366799985
node_cons: 11849.47754943933
tot_aggregated_send: 8094
tot_msg_rcv: 83
tot_msg_sent: 393
tot_reconf_duration: 37.410000000000004
tot_sleeping_duration: 563715.520839999
tot_uptimes: 147
tot_uptimes_duration: 8811.556959999478
