comms_cons: 57.16071680065678
finished_reconf: true
global_termination_time: 574316.561
local_termination_time: 340030.85424000095
node_cons: 11819.772684482637
tot_aggregated_send: 7656
tot_msg_rcv: 395
tot_msg_sent: 638
tot_reconf_duration: 6.279999999999999
tot_sleeping_duration: 565495.616679998
tot_uptimes: 148
tot_uptimes_duration: 8820.944320001989
