comms_cons: 54.9363200008217
finished_reconf: true
global_termination_time: 572642.34
local_termination_time: 426968.02944000025
node_cons: 11737.212201121456
tot_aggregated_send: 7482
tot_msg_rcv: 291
tot_msg_sent: 577
tot_reconf_duration: 5.57
tot_sleeping_duration: 563882.333919999
tot_uptimes: 147
tot_uptimes_duration: 8760.006080001069
