comms_cons: 56.219891200484454
finished_reconf: true
global_termination_time: 572570.439
local_termination_time: 303094.60436000006
node_cons: 11750.159379999997
tot_aggregated_send: 8062
tot_msg_rcv: 147
tot_msg_sent: 336
tot_reconf_duration: 15.110000000000001
tot_sleeping_duration: 563810.439
tot_uptimes: 147
tot_uptimes_duration: 8760.0
