comms_cons: 55.69292800019304
finished_reconf: true
global_termination_time: 577277.316
local_termination_time: 268374.54248000006
node_cons: 11826.140199999969
tot_aggregated_send: 8120
tot_msg_rcv: 117
tot_msg_sent: 228
tot_reconf_duration: 11.899999999999999
tot_sleeping_duration: 568457.316
tot_uptimes: 148
tot_uptimes_duration: 8820.0
