comms_cons: 129.71676159036164
finished_reconf: true
global_termination_time: 1268392.257
local_termination_time: 230733.81236000004
node_cons: 26051.024284476563
tot_aggregated_send: 17342
tot_msg_rcv: 929
tot_msg_sent: 1447
tot_reconf_duration: 15.34
tot_sleeping_duration: 1248952.2326800027
tot_uptimes: 325
tot_uptimes_duration: 19440.024319997407
