comms_cons: 125.47850239802968
finished_reconf: true
global_termination_time: 1270076.714
local_termination_time: 236675.2895200004
node_cons: 26118.06406000005
tot_aggregated_send: 18270
tot_msg_rcv: 283
tot_msg_sent: 519
tot_reconf_duration: 5.57
tot_sleeping_duration: 1250576.714
tot_uptimes: 326
tot_uptimes_duration: 19500.0
