comms_cons: 125.38639359496484
finished_reconf: true
global_termination_time: 1268049.035
local_termination_time: 633017.5053599998
node_cons: 26041.146219999995
tot_aggregated_send: 18328
tot_msg_rcv: 273
tot_msg_sent: 457
tot_reconf_duration: 8.09
tot_sleeping_duration: 1248609.035
tot_uptimes: 325
tot_uptimes_duration: 19440.0
