comms_cons: 125.80088319511336
finished_reconf: true
global_termination_time: 1268218.277
local_termination_time: 230780.36936000007
node_cons: 26047.319681116882
tot_aggregated_send: 18328
tot_msg_rcv: 340
tot_msg_sent: 453
tot_reconf_duration: 12.629999999999999
tot_sleeping_duration: 1248778.2709200024
tot_uptimes: 325
tot_uptimes_duration: 19440.006079997635
