comms_cons: 125.27454719687762
finished_reconf: true
global_termination_time: 1269690.051
local_termination_time: 1000538.4774799988
node_cons: 26125.37009999998
tot_aggregated_send: 18328
tot_msg_rcv: 201
tot_msg_sent: 512
tot_reconf_duration: 10.95
tot_sleeping_duration: 1250190.051
tot_uptimes: 326
tot_uptimes_duration: 19500.0
