comms_cons: 124.36661759666517
finished_reconf: true
global_termination_time: 1272462.72
local_termination_time: 267478.26436000003
node_cons: 26126.660199999995
tot_aggregated_send: 18270
tot_msg_rcv: 227
tot_msg_sent: 406
tot_reconf_duration: 11.899999999999999
tot_sleeping_duration: 1252962.72
tot_uptimes: 326
tot_uptimes_duration: 19500.0
