comms_cons: 1.4980351999944754
finished_reconf: true
global_termination_time: 12348.237
local_termination_time: 4080.1093600000004
node_cons: 258.17154000000016
tot_aggregated_send: 0
tot_msg_rcv: 121
tot_msg_sent: 107
tot_reconf_duration: 12.629999999999999
tot_sleeping_duration: 12168.237
tot_uptimes: 4
tot_uptimes_duration: 180.0
