comms_cons: 1.861913599993848
finished_reconf: true
global_termination_time: 13234.428
local_termination_time: 5564.00936
node_cons: 255.89009999999976
tot_aggregated_send: 0
tot_msg_rcv: 175
tot_msg_sent: 108
tot_reconf_duration: 10.95
tot_sleeping_duration: 13054.428
tot_uptimes: 4
tot_uptimes_duration: 180.0
