comms_cons: 1.486899199995088
finished_reconf: true
global_termination_time: 10988.112
local_termination_time: 5810.525360000001
node_cons: 176.84020000000075
tot_aggregated_send: 0
tot_msg_rcv: 121
tot_msg_sent: 105
tot_reconf_duration: 11.899999999999999
tot_sleeping_duration: 10868.112
tot_uptimes: 3
tot_uptimes_duration: 120.0
