comms_cons: 704.5099770998403
finished_reconf: true
global_termination_time: 2140500.787
local_termination_time: 637917.3334799998
node_cons: 129679.98332969684
tot_aggregated_send: 0
tot_msg_rcv: 43331
tot_msg_sent: 63749
tot_reconf_duration: 18.21
tot_sleeping_duration: 2043670.8735200143
tot_uptimes: 1583
tot_uptimes_duration: 96829.91347998567
