comms_cons: 207.44217599333308
finished_reconf: true
global_termination_time: 2141378.655
local_termination_time: 1279517.6048799988
node_cons: 44046.83937999939
tot_aggregated_send: 30392
tot_msg_rcv: 356
tot_msg_sent: 782
tot_reconf_duration: 15.110000000000001
tot_sleeping_duration: 2108498.655
tot_uptimes: 549
tot_uptimes_duration: 32880.0
