comms_cons: 292.275391793713
finished_reconf: true
global_termination_time: 2140500.787
local_termination_time: 639497.91736
node_cons: 44032.884544466964
tot_aggregated_send: 0
tot_msg_rcv: 22719
tot_msg_sent: 21706
tot_reconf_duration: 4.8100000000000005
tot_sleeping_duration: 2107620.7626800095
tot_uptimes: 549
tot_uptimes_duration: 32880.02431999054
