comms_cons: 209.14681599557565
finished_reconf: true
global_termination_time: 2141632.147
local_termination_time: 939911.007
node_cons: 44047.76148351335
tot_aggregated_send: 30794
tot_msg_rcv: 252
tot_msg_sent: 743
tot_reconf_duration: 10.95
tot_sleeping_duration: 2108747.2393200044
tot_uptimes: 549
tot_uptimes_duration: 32884.907679995405
