comms_cons: 210.81072639496023
finished_reconf: true
global_termination_time: 2140722.332
local_termination_time: 1056146.2230399984
node_cons: 44042.48019999975
tot_aggregated_send: 30914
tot_msg_rcv: 383
tot_msg_sent: 745
tot_reconf_duration: 11.899999999999999
tot_sleeping_duration: 2107842.332
tot_uptimes: 549
tot_uptimes_duration: 32880.0
