comms_cons: 213.54815357906182
finished_reconf: true
global_termination_time: 2143215.856
local_termination_time: 520618.36692000023
node_cons: 44032.34674893416
tot_aggregated_send: 28710
tot_msg_rcv: 1286
tot_msg_sent: 2461
tot_reconf_duration: 4.390000000000001
tot_sleeping_duration: 2110335.807360019
tot_uptimes: 549
tot_uptimes_duration: 32880.048639981076
