comms_cons: 210.32752638131643
finished_reconf: true
global_termination_time: 2140551.378
local_termination_time: 862263.2204799999
node_cons: 44030.49446446695
tot_aggregated_send: 28652
tot_msg_rcv: 1190
tot_msg_sent: 2127
tot_reconf_duration: 3.05
tot_sleeping_duration: 2107671.3536800095
tot_uptimes: 549
tot_uptimes_duration: 32880.02431999054
