comms_cons: 212.81071358295972
finished_reconf: true
global_termination_time: 2142662.008
local_termination_time: 811283.1799199984
node_cons: 44034.81560670068
tot_aggregated_send: 28014
tot_msg_rcv: 1482
tot_msg_sent: 2849
tot_reconf_duration: 6.22
tot_sleeping_duration: 2109781.971520014
tot_uptimes: 549
tot_uptimes_duration: 32880.03647998581
