comms_cons: 207.88956157946333
finished_reconf: true
global_termination_time: 2141695.839
local_termination_time: 1109621.20336
node_cons: 44047.19242558383
tot_aggregated_send: 28072
tot_msg_rcv: 1293
tot_msg_sent: 2233
tot_reconf_duration: 15.34
tot_sleeping_duration: 2108815.8086000117
tot_uptimes: 549
tot_uptimes_duration: 32880.03039998817
