comms_cons: 111.79439359483347
finished_reconf: true
global_termination_time: 1108512.9858399997
local_termination_time: 1108512.9447199998
node_cons: 22809.6279922408
tot_aggregated_send: 15460
tot_msg_rcv: 587
tot_msg_sent: 945
tot_reconf_duration: 37.410000000000004
tot_sleeping_duration: 1091516.1036799992
tot_uptimes: 284
tot_uptimes_duration: 16996.88216000056
