comms_cons: 109.32992639578289
finished_reconf: true
global_termination_time: 1109724.343
local_termination_time: 578173.5794399985
node_cons: 22841.970882238234
tot_aggregated_send: 14964
tot_msg_rcv: 503
tot_msg_sent: 1149
tot_reconf_duration: 18.700000000000003
tot_sleeping_duration: 1092684.3308400013
tot_uptimes: 285
tot_uptimes_duration: 17040.012159998703
