comms_cons: 111.07560319799822
finished_reconf: true
global_termination_time: 1108513.86524
local_termination_time: 66881.8970799999
node_cons: 22760.79857495803
tot_aggregated_send: 15254
tot_msg_rcv: 627
tot_msg_sent: 1000
tot_reconf_duration: 3.05
tot_sleeping_duration: 1091518.6026000013
tot_uptimes: 284
tot_uptimes_duration: 16995.262639998517
