comms_cons: 60.27925760148976
finished_reconf: true
global_termination_time: 590376.23824
local_termination_time: 73150.46447999997
node_cons: 12175.169747207803
tot_aggregated_send: 7192
tot_msg_rcv: 592
tot_msg_sent: 1377
tot_reconf_duration: 18.21
tot_sleeping_duration: 581301.9734399942
tot_uptimes: 152
tot_uptimes_duration: 9074.26480000581
