comms_cons: 157.45341439648735
finished_reconf: true
global_termination_time: 1609988.419
local_termination_time: 462654.5709200003
node_cons: 33130.8468411215
tot_aggregated_send: 22736
tot_msg_rcv: 406
tot_msg_sent: 790
tot_reconf_duration: 22.65
tot_sleeping_duration: 1585268.412919999
tot_uptimes: 413
tot_uptimes_duration: 24720.00608000107
