comms_cons: 165.51356158241518
finished_reconf: true
global_termination_time: 1609183.3330799986
local_termination_time: 1609183.2919599987
node_cons: 33194.10399694297
tot_aggregated_send: 21794
tot_msg_rcv: 1230
tot_msg_sent: 2133
tot_reconf_duration: 24.59
tot_sleeping_duration: 1584418.0524400112
tot_uptimes: 413
tot_uptimes_duration: 24765.28063998725
