comms_cons: 159.65086719454305
finished_reconf: true
global_termination_time: 1609296.068
local_termination_time: 690813.4073599998
node_cons: 33115.4389799999
tot_aggregated_send: 23200
tot_msg_rcv: 380
tot_msg_sent: 686
tot_reconf_duration: 11.31
tot_sleeping_duration: 1584576.068
tot_uptimes: 413
tot_uptimes_duration: 24719.999999999956
