comms_cons: 207.98824959259662
finished_reconf: true
global_termination_time: 2108020.053
local_termination_time: 1344167.4729599985
node_cons: 43310.1857999994
tot_aggregated_send: 30508
tot_msg_rcv: 355
tot_msg_sent: 750
tot_reconf_duration: 5.1
tot_sleeping_duration: 2075680.0529999998
tot_uptimes: 540
tot_uptimes_duration: 32340.0
