comms_cons: 205.71089278416716
finished_reconf: true
global_termination_time: 2110705.314
local_termination_time: 1394252.0079599996
node_cons: 43392.07932446688
tot_aggregated_send: 28246
tot_msg_rcv: 924
tot_msg_sent: 2097
tot_reconf_duration: 6.22
tot_sleeping_duration: 2078305.2896800092
tot_uptimes: 541
tot_uptimes_duration: 32400.024319990538
