comms_cons: 207.49480959183643
finished_reconf: true
global_termination_time: 2110098.795
local_termination_time: 622098.9859999999
node_cons: 43390.98208111633
tot_aggregated_send: 30502
tot_msg_rcv: 337
tot_msg_sent: 699
tot_reconf_duration: 5.43
tot_sleeping_duration: 2077698.7889200023
tot_uptimes: 541
tot_uptimes_duration: 32400.006079997635
