comms_cons: 194.1314815839589
finished_reconf: true
global_termination_time: 1926920.987
local_termination_time: 170760.44956000024
node_cons: 39638.50081676602
tot_aggregated_send: 25636
tot_msg_rcv: 1257
tot_msg_sent: 2614
tot_reconf_duration: 22.65
tot_sleeping_duration: 1897340.8958000252
tot_uptimes: 494
tot_uptimes_duration: 29580.09119997482
