comms_cons: 188.67234559086216
finished_reconf: true
global_termination_time: 1923186.721
local_termination_time: 943244.1663599999
node_cons: 39545.17300111665
tot_aggregated_send: 27202
tot_msg_rcv: 498
tot_msg_sent: 977
tot_reconf_duration: 13.17
tot_sleeping_duration: 1893666.7149200023
tot_uptimes: 493
tot_uptimes_duration: 29520.006079997635
