comms_cons: 195.21144317697826
finished_reconf: true
global_termination_time: 1924821.752
local_termination_time: 651327.7398799991
node_cons: 39531.49517005131
tot_aggregated_send: 25984
tot_msg_rcv: 1237
tot_msg_sent: 2450
tot_reconf_duration: 3.05
tot_sleeping_duration: 1895301.6972800214
tot_uptimes: 493
tot_uptimes_duration: 29520.05471997871
