comms_cons: 231.9586176333593
finished_reconf: true
global_termination_time: 480576.8652800008
local_termination_time: 480576.8241600008
node_cons: 29166.287715642564
tot_aggregated_send: 0
tot_msg_rcv: 14245
tot_msg_sent: 21010
tot_reconf_duration: 24.59
tot_sleeping_duration: 458819.6625199989
tot_uptimes: 356
tot_uptimes_duration: 21757.202760001877
