comms_cons: 48.31764480056853
finished_reconf: true
global_termination_time: 480664.913
local_termination_time: 92585.43759999995
node_cons: 9888.36012112144
tot_aggregated_send: 6612
tot_msg_rcv: 209
tot_msg_sent: 523
tot_reconf_duration: 4.8100000000000005
tot_sleeping_duration: 473284.90691999893
tot_uptimes: 124
tot_uptimes_duration: 7380.006080001069
