comms_cons: 47.69822720041799
finished_reconf: true
global_termination_time: 480773.92
local_termination_time: 21445.5076
node_cons: 9887.789761120293
tot_aggregated_send: 6844
tot_msg_rcv: 119
tot_msg_sent: 286
tot_reconf_duration: 4.390000000000001
tot_sleeping_duration: 473393.9139199998
tot_uptimes: 124
tot_uptimes_duration: 7380.00608000021
