comms_cons: 92.26732799817279
finished_reconf: true
global_termination_time: 931770.982
local_termination_time: 305474.6694000008
node_cons: 19139.434725601088
tot_aggregated_send: 13398
tot_msg_rcv: 232
tot_msg_sent: 395
tot_reconf_duration: 13.17
tot_sleeping_duration: 917490.5115999992
tot_uptimes: 239
tot_uptimes_duration: 14280.470400000806
