comms_cons: 76.64830719915031
finished_reconf: true
global_termination_time: 745146.91
local_termination_time: 516135.4653600001
node_cons: 15285.456143355152
tot_aggregated_send: 9918
tot_msg_rcv: 670
tot_msg_sent: 1062
tot_reconf_duration: 15.34
tot_sleeping_duration: 733746.8917600038
tot_uptimes: 191
tot_uptimes_duration: 11400.018239996338
