comms_cons: 148.02799998563165
finished_reconf: true
global_termination_time: 1458408.08
local_termination_time: 464031.7703600001
node_cons: 29977.463983350553
tot_aggregated_send: 19662
tot_msg_rcv: 976
tot_msg_sent: 1860
tot_reconf_duration: 7.819999999999999
tot_sleeping_duration: 1436028.0617600072
tot_uptimes: 374
tot_uptimes_duration: 22380.018239992904
