comms_cons: 309.2223997692979
finished_reconf: true
global_termination_time: 1573119.8
local_termination_time: 421397.7462400005
node_cons: 32327.44684111692
tot_aggregated_send: 0
tot_msg_rcv: 23701
tot_msg_sent: 23299
tot_reconf_duration: 22.65
tot_sleeping_duration: 1548999.7939200024
tot_uptimes: 403
tot_uptimes_duration: 24120.006079997635
