comms_cons: 157.1146623921173
finished_reconf: true
global_termination_time: 1569177.204
local_termination_time: 405813.2314400007
node_cons: 32222.88826223831
tot_aggregated_send: 21808
tot_msg_rcv: 622
tot_msg_sent: 1450
tot_reconf_duration: 4.8100000000000005
tot_sleeping_duration: 1545117.1918400011
tot_uptimes: 402
tot_uptimes_duration: 24060.012159998703
