comms_cons: 88.83298559948986
finished_reconf: true
global_termination_time: 901217.9
local_termination_time: 277393.39520000014
node_cons: 18486.728239999982
tot_aggregated_send: 12934
tot_msg_rcv: 177
tot_msg_sent: 391
tot_reconf_duration: 6.279999999999999
tot_sleeping_duration: 887417.9
tot_uptimes: 231
tot_uptimes_duration: 13799.999999999996
