comms_cons: 88.17506559894652
finished_reconf: true
global_termination_time: 900372.851
local_termination_time: 176972.75860000055
node_cons: 18485.764060000038
tot_aggregated_send: 12876
tot_msg_rcv: 181
tot_msg_sent: 345
tot_reconf_duration: 5.57
tot_sleeping_duration: 886572.851
tot_uptimes: 231
tot_uptimes_duration: 13800.0
