comms_cons: 87.72047359828089
finished_reconf: true
global_termination_time: 901700.199
local_termination_time: 829892.4667199998
node_cons: 18512.557400000092
tot_aggregated_send: 12934
tot_msg_rcv: 156
tot_msg_sent: 243
tot_reconf_duration: 25.299999999999997
tot_sleeping_duration: 887900.199
tot_uptimes: 231
tot_uptimes_duration: 13800.0
