comms_cons: 89.29948159821416
finished_reconf: true
global_termination_time: 903199.311
local_termination_time: 99722.43515999954
node_cons: 18565.92208112147
tot_aggregated_send: 13050
tot_msg_rcv: 179
tot_msg_sent: 344
tot_reconf_duration: 5.43
tot_sleeping_duration: 889339.3049199989
tot_uptimes: 232
tot_uptimes_duration: 13860.006080001069
