comms_cons: 0.6842367999977418
finished_reconf: true
global_termination_time: 7426.275
local_termination_time: 3236.5963600000005
node_cons: 105.06918000000005
tot_aggregated_send: 0
tot_msg_rcv: 63
tot_msg_sent: 41
tot_reconf_duration: 18.21
tot_sleeping_duration: 7366.275
tot_uptimes: 2
tot_uptimes_duration: 60.0
