comms_cons: 77.32001279870573
finished_reconf: true
global_termination_time: 759572.13324
local_termination_time: 35922.753000000004
node_cons: 15629.781606085235
tot_aggregated_send: 10132
tot_msg_rcv: 560
tot_msg_sent: 1060
tot_reconf_duration: 18.21
tot_sleeping_duration: 747917.8745199961
tot_uptimes: 195
tot_uptimes_duration: 11654.25872000389
