comms_cons: 541.2264895618845
finished_reconf: true
global_termination_time: 760248.639
local_termination_time: 139128.05148000008
node_cons: 75756.94593116766
tot_aggregated_send: 0
tot_msg_rcv: 37181
tot_msg_sent: 45079
tot_reconf_duration: 15.34
tot_sleeping_duration: 703686.940559993
tot_uptimes: 918
tot_uptimes_duration: 56561.69844000694
