comms_cons: 173.26323199742703
finished_reconf: true
global_termination_time: 1779663.555
local_termination_time: 1334117.877119999
node_cons: 36561.625799999696
tot_aggregated_send: 25752
tot_msg_rcv: 147
tot_msg_sent: 436
tot_reconf_duration: 5.1
tot_sleeping_duration: 1752363.555
tot_uptimes: 456
tot_uptimes_duration: 27300.0
