comms_cons: 155.6234623869347
finished_reconf: true
global_termination_time: 1537379.996
local_termination_time: 111671.8984399996
node_cons: 31579.606043350548
tot_aggregated_send: 20880
tot_msg_rcv: 859
tot_msg_sent: 1915
tot_reconf_duration: 4.390000000000001
tot_sleeping_duration: 1513799.9777600071
tot_uptimes: 394
tot_uptimes_duration: 23580.018239992904
