comms_cons: 154.45987839018989
finished_reconf: true
global_termination_time: 1533302.5114799999
local_termination_time: 1533302.47036
node_cons: 31545.056083191776
tot_aggregated_send: 21214
tot_msg_rcv: 742
tot_msg_sent: 1520
tot_reconf_duration: 24.59
tot_sleeping_duration: 1509768.7826800062
tot_uptimes: 393
tot_uptimes_duration: 23533.728799993813
