comms_cons: 369.48689282890916
finished_reconf: true
global_termination_time: 3735861.019
local_termination_time: 1953512.0585599996
node_cons: 76813.58452223249
tot_aggregated_send: 51330
tot_msg_rcv: 1478
tot_msg_sent: 3350
tot_reconf_duration: 6.279999999999999
tot_sleeping_duration: 3678501.006840004
tot_uptimes: 957
tot_uptimes_duration: 57360.012159995735
