comms_cons: 32.655910400051575
finished_reconf: true
global_termination_time: 321480.753
local_termination_time: 20274.452040000004
node_cons: 6605.773001120301
tot_aggregated_send: 4350
tot_msg_rcv: 217
tot_msg_sent: 397
tot_reconf_duration: 13.17
tot_sleeping_duration: 316560.74691999983
tot_uptimes: 83
tot_uptimes_duration: 4920.0060800002175
