comms_cons: 34.29630720101676
finished_reconf: true
global_termination_time: 322819.722
local_termination_time: 156572.40336000005
node_cons: 6595.270222242858
tot_aggregated_send: 3828
tot_msg_rcv: 458
tot_msg_sent: 927
tot_reconf_duration: 5.43
tot_sleeping_duration: 317899.7098399979
tot_uptimes: 83
tot_uptimes_duration: 4920.0121600021375
