comms_cons: 23.369318399936468
finished_reconf: true
global_termination_time: 230016.738
local_termination_time: 41543.34036000001
node_cons: 4667.300342238306
tot_aggregated_send: 2958
tot_msg_rcv: 191
tot_msg_sent: 403
tot_reconf_duration: 5.57
tot_sleeping_duration: 226536.72584000128
tot_uptimes: 59
tot_uptimes_duration: 3480.0121599987324
