comms_cons: 23.435110400376594
finished_reconf: true
global_termination_time: 231799.916
local_termination_time: 23654.941720000003
node_cons: 4751.070643364296
tot_aggregated_send: 3132
tot_msg_rcv: 144
tot_msg_sent: 286
tot_reconf_duration: 8.09
tot_sleeping_duration: 228259.8977599968
tot_uptimes: 60
tot_uptimes_duration: 3540.0182400032063
