comms_cons: 114.38722560537971
finished_reconf: true
global_termination_time: 566307.7207199998
local_termination_time: 566307.6795999998
node_cons: 11701.218767051128
tot_aggregated_send: 0
tot_msg_rcv: 8959
tot_msg_sent: 8427
tot_reconf_duration: 24.59
tot_sleeping_duration: 557593.8853599915
tot_uptimes: 146
tot_uptimes_duration: 8713.835360008292
