comms_cons: 1360.0361254766165
finished_reconf: true
global_termination_time: 9041704.163
local_termination_time: 2648850.84836
node_cons: 185994.09092893035
tot_aggregated_send: 0
tot_msg_rcv: 104163
tot_msg_sent: 102553
tot_reconf_duration: 5.1
tot_sleeping_duration: 8902804.114360018
tot_uptimes: 2316
tot_uptimes_duration: 138900.0486399827
