comms_cons: 84.12227839813926
finished_reconf: true
global_termination_time: 842968.801
local_termination_time: 491597.57636000006
node_cons: 17303.87498224292
tot_aggregated_send: 11484
tot_msg_rcv: 476
tot_msg_sent: 826
tot_reconf_duration: 22.65
tot_sleeping_duration: 830068.7888399978
tot_uptimes: 216
tot_uptimes_duration: 12900.012160002138
