comms_cons: 86.35920639667034
finished_reconf: true
global_termination_time: 842357.952
local_termination_time: 81372.19735999996
node_cons: 17281.677086728607
tot_aggregated_send: 11020
tot_msg_rcv: 709
tot_msg_sent: 1397
tot_reconf_duration: 6.279999999999999
tot_sleeping_duration: 829457.9155199936
tot_uptimes: 216
tot_uptimes_duration: 12900.036480006413
