comms_cons: 434.05907843561334
finished_reconf: true
global_termination_time: 4372178.042
local_termination_time: 2733893.88384
node_cons: 89925.18917999753
tot_aggregated_send: 62988
tot_msg_rcv: 1089
tot_msg_sent: 1897
tot_reconf_duration: 18.21
tot_sleeping_duration: 4305038.042
tot_uptimes: 1120
tot_uptimes_duration: 67140.0
