comms_cons: 859.3468432399759
finished_reconf: true
global_termination_time: 4369751.004719997
local_termination_time: 2707.97336
node_cons: 89965.24402901344
tot_aggregated_send: 0
tot_msg_rcv: 65667
tot_msg_sent: 64946
tot_reconf_duration: 5.57
tot_sleeping_duration: 4302568.271360015
tot_uptimes: 1120
tot_uptimes_duration: 67182.73335998197
