comms_cons: 445.799334515401
finished_reconf: true
global_termination_time: 4372935.269
local_termination_time: 1888805.35336
node_cons: 89917.66852781746
tot_aggregated_send: 59566
tot_msg_rcv: 2856
tot_msg_sent: 5334
tot_reconf_duration: 12.629999999999999
tot_sleeping_duration: 4305795.226440015
tot_uptimes: 1120
tot_uptimes_duration: 67140.04255998484
