comms_cons: 437.424691246939
finished_reconf: true
global_termination_time: 4370129.31
local_termination_time: 1986196.69536
node_cons: 89915.35452334926
tot_aggregated_send: 61538
tot_msg_rcv: 1589
tot_msg_sent: 3359
tot_reconf_duration: 10.95
tot_sleeping_duration: 4302989.291760006
tot_uptimes: 1120
tot_uptimes_duration: 67140.0182399936
