comms_cons: 443.5565056791458
finished_reconf: true
global_termination_time: 4370295.289
local_termination_time: 2264120.84036
node_cons: 89906.47046670002
tot_aggregated_send: 60378
tot_msg_rcv: 2512
tot_msg_sent: 4528
tot_reconf_duration: 4.390000000000001
tot_sleeping_duration: 4303155.252520013
tot_uptimes: 1120
tot_uptimes_duration: 67140.03647998674
