comms_cons: 438.90761604802964
finished_reconf: true
global_termination_time: 4371802.553
local_termination_time: 1250812.7423999982
node_cons: 89908.97188893409
tot_aggregated_send: 61364
tot_msg_rcv: 1801
tot_msg_sent: 3544
tot_reconf_duration: 6.22
tot_sleeping_duration: 4304662.504360017
tot_uptimes: 1120
tot_uptimes_duration: 67140.04863998247
