comms_cons: 67.29863679967283
finished_reconf: true
global_termination_time: 676512.569
local_termination_time: 6661.647
node_cons: 13904.363342240602
tot_aggregated_send: 9624
tot_msg_rcv: 197
tot_msg_sent: 408
tot_reconf_duration: 4.07
tot_sleeping_duration: 666132.5568399995
tot_uptimes: 174
tot_uptimes_duration: 10380.012160000435
