comms_cons: 66.96435200054403
finished_reconf: true
global_termination_time: 674666.41
local_termination_time: 6379.929
node_cons: 13828.545482242882
tot_aggregated_send: 9562
tot_msg_rcv: 208
tot_msg_sent: 408
tot_reconf_duration: 7.3999999999999995
tot_sleeping_duration: 664346.3978399979
tot_uptimes: 173
tot_uptimes_duration: 10320.012160002138
