comms_cons: 34.922393600484476
finished_reconf: true
global_termination_time: 371480.884
local_termination_time: 5583.433999999999
node_cons: 7661.7658633643005
tot_aggregated_send: 4793
tot_msg_rcv: 154
tot_msg_sent: 361
tot_reconf_duration: 21.68
tot_sleeping_duration: 365780.8657599968
tot_uptimes: 96
tot_uptimes_duration: 5700.018240003206
