comms_cons: 72.53515519925156
finished_reconf: true
global_termination_time: 706230.834
local_termination_time: 181184.0124800001
node_cons: 14495.598105607198
tot_aggregated_send: 9280
tot_msg_rcv: 602
tot_msg_sent: 1143
tot_reconf_duration: 25.299999999999997
tot_sleeping_duration: 695430.8035999947
tot_uptimes: 181
tot_uptimes_duration: 10800.030400005344
