comms_cons: 70.90403839949424
finished_reconf: true
global_termination_time: 703241.615
local_termination_time: 373137.58992000076
node_cons: 14482.048002242916
tot_aggregated_send: 9802
tot_msg_rcv: 349
tot_msg_sent: 626
tot_reconf_duration: 15.34
tot_sleeping_duration: 692441.6028399979
tot_uptimes: 181
tot_uptimes_duration: 10800.012160002138
