comms_cons: 46.832652802284635
finished_reconf: true
global_termination_time: 199214.78416000077
local_termination_time: 199214.74304000076
node_cons: 4218.752106330217
tot_aggregated_send: 0
tot_msg_rcv: 4078
tot_msg_sent: 3042
tot_reconf_duration: 37.410000000000004
tot_sleeping_duration: 196102.05127999315
tot_uptimes: 52
tot_uptimes_duration: 3112.7328800076193
