comms_cons: 105.03247361561945
finished_reconf: true
global_termination_time: 526312.262
local_termination_time: 296982.7193200007
node_cons: 10796.334982242906
tot_aggregated_send: 0
tot_msg_rcv: 8206
tot_msg_sent: 7758
tot_reconf_duration: 22.65
tot_sleeping_duration: 518272.24983999785
tot_uptimes: 135
tot_uptimes_duration: 8040.0121600021375
