comms_cons: 54.725785602254675
finished_reconf: true
global_termination_time: 526222.927
local_termination_time: 229538.49136000007
node_cons: 10772.526505607175
tot_aggregated_send: 6554
tot_msg_rcv: 555
tot_msg_sent: 1209
tot_reconf_duration: 5.1
tot_sleeping_duration: 518182.8965999947
tot_uptimes: 135
tot_uptimes_duration: 8040.030400005344
