comms_cons: 51.817779200780194
finished_reconf: true
global_termination_time: 521923.474
local_termination_time: 23507.058440000008
node_cons: 10703.121142242879
tot_aggregated_send: 7134
tot_msg_rcv: 248
tot_msg_sent: 493
tot_reconf_duration: 13.17
tot_sleeping_duration: 513943.46183999785
tot_uptimes: 134
tot_uptimes_duration: 7980.0121600021375
