comms_cons: 55.70567680188867
finished_reconf: true
global_termination_time: 525343.848
local_termination_time: 302123.33536
node_cons: 10772.116403364304
tot_aggregated_send: 6496
tot_msg_rcv: 693
tot_msg_sent: 1277
tot_reconf_duration: 4.8100000000000005
tot_sleeping_duration: 517303.8297599968
tot_uptimes: 135
tot_uptimes_duration: 8040.018240003206
