comms_cons: 50.80458240084312
finished_reconf: true
global_termination_time: 522616.157
local_termination_time: 316355.48936000007
node_cons: 10700.587121121442
tot_aggregated_send: 6902
tot_msg_rcv: 299
tot_msg_sent: 521
tot_reconf_duration: 11.31
tot_sleeping_duration: 514636.15091999894
tot_uptimes: 134
tot_uptimes_duration: 7980.006080001069
