comms_cons: 56.32453120074425
finished_reconf: true
global_termination_time: 577410.959
local_termination_time: 429921.488120001
node_cons: 11814.12190000008
tot_aggregated_send: 7772
tot_msg_rcv: 207
tot_msg_sent: 582
tot_reconf_duration: 3.05
tot_sleeping_duration: 568590.959
tot_uptimes: 148
tot_uptimes_duration: 8820.0
