comms_cons: 110.69017600793231
finished_reconf: true
global_termination_time: 556239.257
local_termination_time: 2946.35936
node_cons: 11415.89290672632
tot_aggregated_send: 0
tot_msg_rcv: 8580
tot_msg_sent: 8242
tot_reconf_duration: 5.57
tot_sleeping_duration: 547719.2205199953
tot_uptimes: 143
tot_uptimes_duration: 8520.03648000471
