comms_cons: 56.02909440009472
finished_reconf: true
global_termination_time: 556272.058
local_termination_time: 266653.81892000075
node_cons: 11453.879536880988
tot_aggregated_send: 7656
tot_msg_rcv: 293
tot_msg_sent: 568
tot_reconf_duration: 25.299999999999997
tot_sleeping_duration: 547743.6620799992
tot_uptimes: 143
tot_uptimes_duration: 8528.395920000738
