comms_cons: 57.37062399956714
finished_reconf: true
global_termination_time: 555815.673
local_termination_time: 1133.7377600000038
node_cons: 11420.692085601147
tot_aggregated_send: 7192
tot_msg_rcv: 487
tot_msg_sent: 1041
tot_reconf_duration: 9.11
tot_sleeping_duration: 547295.6425999991
tot_uptimes: 143
tot_uptimes_duration: 8520.030400000847
