comms_cons: 56.46394880113026
finished_reconf: true
global_termination_time: 556157.372
local_termination_time: 277677.993
node_cons: 11430.825996085634
tot_aggregated_send: 7419
tot_msg_rcv: 351
tot_msg_sent: 813
tot_reconf_duration: 12.629999999999999
tot_sleeping_duration: 547633.3432799957
tot_uptimes: 143
tot_uptimes_duration: 8524.028720004193
