comms_cons: 55.910054401026855
finished_reconf: true
global_termination_time: 554199.818
local_termination_time: 199290.29584000015
node_cons: 11353.350882242892
tot_aggregated_send: 7482
tot_msg_rcv: 333
tot_msg_sent: 683
tot_reconf_duration: 18.700000000000003
tot_sleeping_duration: 545739.8058399978
tot_uptimes: 142
tot_uptimes_duration: 8460.012160002138
