comms_cons: 55.726451199732885
finished_reconf: true
global_termination_time: 554017.571
local_termination_time: 255100.77960000007
node_cons: 11344.108341121439
tot_aggregated_send: 7540
tot_msg_rcv: 299
tot_msg_sent: 632
tot_reconf_duration: 11.899999999999999
tot_sleeping_duration: 545557.5649199989
tot_uptimes: 142
tot_uptimes_duration: 8460.006080001069
