comms_cons: 56.45016319963561
finished_reconf: true
global_termination_time: 557877.595
local_termination_time: 337161.2263600001
node_cons: 11418.94026560258
tot_aggregated_send: 7540
tot_msg_rcv: 347
tot_msg_sent: 693
tot_reconf_duration: 7.819999999999999
tot_sleeping_duration: 549357.5645999981
tot_uptimes: 143
tot_uptimes_duration: 8520.03040000191
