comms_cons: 213.2324991893206
finished_reconf: true
global_termination_time: 2123866.1052399976
local_termination_time: 2123866.1052399976
node_cons: 43745.32234006179
tot_aggregated_send: 29682
tot_msg_rcv: 868
tot_msg_sent: 1861
tot_reconf_duration: 24.59
tot_sleeping_duration: 2091220.9005200106
tot_uptimes: 544
tot_uptimes_duration: 32645.20471998694
