comms_cons: 211.7976063881878
finished_reconf: true
global_termination_time: 2125249.437
local_termination_time: 1596264.93636
node_cons: 43715.57955999967
tot_aggregated_send: 29290
tot_msg_rcv: 985
tot_msg_sent: 1917
tot_reconf_duration: 7.819999999999999
tot_sleeping_duration: 2092609.437
tot_uptimes: 545
tot_uptimes_duration: 32640.000000000007
