comms_cons: 155.1891967908043
finished_reconf: true
global_termination_time: 1564424.43
local_termination_time: 674746.2523599999
node_cons: 32166.774982233746
tot_aggregated_send: 21460
tot_msg_rcv: 625
tot_msg_sent: 1503
tot_reconf_duration: 22.65
tot_sleeping_duration: 1540424.4178400047
tot_uptimes: 401
tot_uptimes_duration: 24000.01215999527
