comms_cons: 606.5943553555921
finished_reconf: true
global_termination_time: 6001584.157239997
local_termination_time: 159607.78844000018
node_cons: 123446.11045276486
tot_aggregated_send: 83230
tot_msg_rcv: 3222
tot_msg_sent: 5745
tot_reconf_duration: 18.21
tot_sleeping_duration: 5909409.8620400205
tot_uptimes: 1537
tot_uptimes_duration: 92174.29519997665
