comms_cons: 590.678912077552
finished_reconf: true
global_termination_time: 6002233.738
local_termination_time: 4021307.96188
node_cons: 123503.12380334802
tot_aggregated_send: 84100
tot_msg_rcv: 2095
tot_msg_sent: 3584
tot_reconf_duration: 15.110000000000001
tot_sleeping_duration: 5910013.719760006
tot_uptimes: 1538
tot_uptimes_duration: 92220.0182399936
