comms_cons: 589.4371072506922
finished_reconf: true
global_termination_time: 6003587.467
local_termination_time: 4159102.5996000003
node_cons: 123498.740199996
tot_aggregated_send: 86304
tot_msg_rcv: 1132
tot_msg_sent: 2155
tot_reconf_duration: 11.899999999999999
tot_sleeping_duration: 5911367.467
tot_uptimes: 1538
tot_uptimes_duration: 92220.0
