comms_cons: 596.3093824947072
finished_reconf: true
global_termination_time: 6004598.843
local_termination_time: 1455243.1691199979
node_cons: 123488.59860781537
tot_aggregated_send: 84506
tot_msg_rcv: 2003
tot_msg_sent: 4126
tot_reconf_duration: 4.390000000000001
tot_sleeping_duration: 5912378.800440016
tot_uptimes: 1538
tot_uptimes_duration: 92220.0425599846
