comms_cons: 45.75959040058373
finished_reconf: true
global_termination_time: 445973.811
local_termination_time: 283294.3063600001
node_cons: 9183.521744483483
tot_aggregated_send: 5916
tot_msg_rcv: 375
tot_msg_sent: 664
tot_reconf_duration: 18.21
tot_sleeping_duration: 439133.7866799974
tot_uptimes: 115
tot_uptimes_duration: 6840.0243200025725
