comms_cons: 44.86481920049645
finished_reconf: true
global_termination_time: 446479.092
local_termination_time: 83988.58735999996
node_cons: 9166.356624481166
tot_aggregated_send: 6090
tot_msg_rcv: 208
tot_msg_sent: 521
tot_reconf_duration: 5.57
tot_sleeping_duration: 439639.06767999916
tot_uptimes: 115
tot_uptimes_duration: 6840.02432000087
