comms_cons: 44.475392000711025
finished_reconf: true
global_termination_time: 446704.434
local_termination_time: 276278.0505600002
node_cons: 9164.737902242812
tot_aggregated_send: 6264
tot_msg_rcv: 150
tot_msg_sent: 346
tot_reconf_duration: 4.390000000000001
tot_sleeping_duration: 439864.42183999787
tot_uptimes: 115
tot_uptimes_duration: 6840.0121600021375
