comms_cons: 45.96194560123059
finished_reconf: true
global_termination_time: 448675.335
local_termination_time: 10916.830120000004
node_cons: 9171.331179285748
tot_aggregated_send: 5742
tot_msg_rcv: 372
tot_msg_sent: 871
tot_reconf_duration: 7.819999999999999
tot_sleeping_duration: 441833.8774799957
tot_uptimes: 115
tot_uptimes_duration: 6841.4575200042855
