comms_cons: 406.23144967634164
finished_reconf: true
global_termination_time: 4017499.791
local_termination_time: 1390521.6740799998
node_cons: 82601.97279116792
tot_aggregated_send: 55680
tot_msg_rcv: 2118
tot_msg_sent: 3946
tot_reconf_duration: 9.11
tot_sleeping_duration: 3955819.730200023
tot_uptimes: 1029
tot_uptimes_duration: 61680.06079997751
