comms_cons: 29.027430400275232
finished_reconf: true
global_termination_time: 293347.70548000006
local_termination_time: 293347.66436000005
node_cons: 6077.243518720117
tot_aggregated_send: 4220
tot_msg_rcv: 69
tot_msg_sent: 122
tot_reconf_duration: 24.59
tot_sleeping_duration: 288834.001
tot_uptimes: 76
tot_uptimes_duration: 4513.704480000073
