comms_cons: 39.64688640144948
finished_reconf: true
global_termination_time: 295454.705
local_termination_time: 141759.26736000006
node_cons: 6050.237321121426
tot_aggregated_send: 0
tot_msg_rcv: 3023
tot_msg_sent: 3003
tot_reconf_duration: 18.21
tot_sleeping_duration: 290954.69891999895
tot_uptimes: 76
tot_uptimes_duration: 4500.006080001069
