comms_cons: 29.21164799984623
finished_reconf: true
global_termination_time: 293443.398
local_termination_time: 147272.3912000006
node_cons: 6036.1195599999755
tot_aggregated_send: 4060
tot_msg_rcv: 152
tot_msg_sent: 228
tot_reconf_duration: 7.819999999999999
tot_sleeping_duration: 288943.398
tot_uptimes: 76
tot_uptimes_duration: 4500.0
