comms_cons: 94.7207424036642
finished_reconf: true
global_termination_time: 194611.14940000093
local_termination_time: 2928.287040000001
node_cons: 12002.532477199824
tot_aggregated_send: 0
tot_msg_rcv: 5770
tot_msg_sent: 8626
tot_reconf_duration: 18.21
tot_sleeping_duration: 185665.81460000106
tot_uptimes: 148
tot_uptimes_duration: 8945.334799999857
