comms_cons: 899.6852795351115
finished_reconf: true
global_termination_time: 1043762.065
local_termination_time: 306498.0511600008
node_cons: 103660.65514641345
tot_aggregated_send: 0
tot_msg_rcv: 61958
tot_msg_sent: 74791
tot_reconf_duration: 5.57
tot_sleeping_duration: 966351.2426800476
tot_uptimes: 1240
tot_uptimes_duration: 77410.82231995225
