comms_cons: 207.3754558936141
finished_reconf: true
global_termination_time: 1044712.81
local_termination_time: 310434.00536000007
node_cons: 21461.798784476592
tot_aggregated_send: 0
tot_msg_rcv: 16033
tot_msg_sent: 15487
tot_reconf_duration: 8.09
tot_sleeping_duration: 1028692.7856800026
tot_uptimes: 268
tot_uptimes_duration: 16020.024319997407
