comms_cons: 104.92639999162576
finished_reconf: true
global_termination_time: 1043934.926
local_termination_time: 266184.78336000006
node_cons: 21481.59568782249
tot_aggregated_send: 13978
tot_msg_rcv: 550
tot_msg_sent: 1420
tot_reconf_duration: 22.65
tot_sleeping_duration: 1027914.883440013
tot_uptimes: 268
tot_uptimes_duration: 16020.042559986876
