comms_cons: 87.87006079779626
finished_reconf: true
global_termination_time: 860942.801
local_termination_time: 233224.07336000007
node_cons: 17683.27932448583
tot_aggregated_send: 11194
tot_msg_rcv: 709
tot_msg_sent: 1452
tot_reconf_duration: 6.22
tot_sleeping_duration: 847742.7766799956
tot_uptimes: 221
tot_uptimes_duration: 13200.024320004333
