comms_cons: 86.24396800048325
finished_reconf: true
global_termination_time: 860302.724
local_termination_time: 118860.60835999998
node_cons: 17690.215967850057
tot_aggregated_send: 10846
tot_msg_rcv: 750
tot_msg_sent: 1513
tot_reconf_duration: 11.31
tot_sleeping_duration: 847102.6814399926
tot_uptimes: 221
tot_uptimes_duration: 13200.042560007481
