comms_cons: 909.1198850305175
finished_reconf: true
global_termination_time: 9120250.771
local_termination_time: 3616996.4653199995
node_cons: 187600.89907004774
tot_aggregated_send: 126266
tot_msg_rcv: 4136
tot_msg_sent: 7779
tot_reconf_duration: 5.1
tot_sleeping_duration: 8980150.716280019
tot_uptimes: 2336
tot_uptimes_duration: 140100.0547199808
