comms_cons: 904.4103554114185
finished_reconf: true
global_termination_time: 9120770.398
local_termination_time: 3678047.4163599997
node_cons: 187628.3225289302
tot_aggregated_send: 126324
tot_msg_rcv: 3940
tot_msg_sent: 7201
tot_reconf_duration: 25.299999999999997
tot_sleeping_duration: 8980670.349360017
tot_uptimes: 2336
tot_uptimes_duration: 140100.04863998294
