comms_cons: 894.2261633478192
finished_reconf: true
global_termination_time: 9121654.193
local_termination_time: 4351018.65036
node_cons: 187606.3120855795
tot_aggregated_send: 127368
tot_msg_rcv: 2863
tot_msg_sent: 5686
tot_reconf_duration: 9.11
tot_sleeping_duration: 8981554.16260001
tot_uptimes: 2336
tot_uptimes_duration: 140100.03039998934
