comms_cons: 11.336588800068508
finished_reconf: true
global_termination_time: 85414.662
local_termination_time: 22248.948560000004
node_cons: 1695.7008044800282
tot_aggregated_send: 464
tot_msg_rcv: 503
tot_msg_sent: 756
tot_reconf_duration: 6.279999999999999
tot_sleeping_duration: 84154.63767999997
tot_uptimes: 22
tot_uptimes_duration: 1260.0243200000186
