comms_cons: 11.733849599980529
finished_reconf: true
global_termination_time: 79506.1325999999
local_termination_time: 17248.092119999998
node_cons: 1673.9956091198942
tot_aggregated_send: 464
tot_msg_rcv: 608
tot_msg_sent: 712
tot_reconf_duration: 18.700000000000003
tot_sleeping_duration: 78274.91451999998
tot_uptimes: 21
tot_uptimes_duration: 1231.2180799999242
