comms_cons: 13.416870400091248
finished_reconf: true
global_termination_time: 82740.357
local_termination_time: 49567.87436000001
node_cons: 1702.0589467206032
tot_aggregated_send: 290
tot_msg_rcv: 821
tot_msg_sent: 929
tot_reconf_duration: 10.95
tot_sleeping_duration: 81480.32051999956
tot_uptimes: 22
tot_uptimes_duration: 1260.0364800004536
