comms_cons: 65.94990079752016
finished_reconf: true
global_termination_time: 665470.366
local_termination_time: 600700.0553599988
node_cons: 13682.5373211168
tot_aggregated_send: 9454
tot_msg_rcv: 180
tot_msg_sent: 390
tot_reconf_duration: 18.21
tot_sleeping_duration: 655270.3599200024
tot_uptimes: 171
tot_uptimes_duration: 10200.006079997635
