comms_cons: 68.4039423971146
finished_reconf: true
global_termination_time: 669975.599
local_termination_time: 227021.0272000002
node_cons: 13768.898700000012
tot_aggregated_send: 9164
tot_msg_rcv: 498
tot_msg_sent: 735
tot_reconf_duration: 22.65
tot_sleeping_duration: 659715.599
tot_uptimes: 172
tot_uptimes_duration: 10260.0
