comms_cons: 574.1216383263453
finished_reconf: true
global_termination_time: 664723.9663599989
local_termination_time: 664723.925239999
node_cons: 66068.91084034523
tot_aggregated_send: 0
tot_msg_rcv: 39608
tot_msg_sent: 47655
tot_reconf_duration: 37.410000000000004
tot_sleeping_duration: 615419.9274799792
tot_uptimes: 797
tot_uptimes_duration: 49304.03888001973
