comms_cons: 69.06248959665807
finished_reconf: true
global_termination_time: 666582.724
local_termination_time: 67130.27735999996
node_cons: 13675.725565595772
tot_aggregated_send: 8758
tot_msg_rcv: 641
tot_msg_sent: 1098
tot_reconf_duration: 13.17
tot_sleeping_duration: 656382.6936000031
tot_uptimes: 171
tot_uptimes_duration: 10200.030399996831
