comms_cons: 69.29223039952439
finished_reconf: true
global_termination_time: 665557.582
local_termination_time: 59267.691840000116
node_cons: 13662.023345602565
tot_aggregated_send: 8584
tot_msg_rcv: 661
tot_msg_sent: 1286
tot_reconf_duration: 3.08
tot_sleeping_duration: 655357.5515999981
tot_uptimes: 171
tot_uptimes_duration: 10200.03040000191
