comms_cons: 67.57496319800384
finished_reconf: true
global_termination_time: 666930.577
local_termination_time: 75838.83163999976
node_cons: 13678.351944478865
tot_aggregated_send: 8874
tot_msg_rcv: 419
tot_msg_sent: 978
tot_reconf_duration: 15.110000000000001
tot_sleeping_duration: 656730.5526800009
tot_uptimes: 171
tot_uptimes_duration: 10200.024319999138
