comms_cons: 68.01635199837976
finished_reconf: true
global_termination_time: 669519.27
local_termination_time: 146760.13736000008
node_cons: 13744.142325602594
tot_aggregated_send: 8874
tot_msg_rcv: 417
tot_msg_sent: 1047
tot_reconf_duration: 4.390000000000001
tot_sleeping_duration: 659259.2395999981
tot_uptimes: 172
tot_uptimes_duration: 10260.03040000191
