comms_cons: 66.0294784005791
finished_reconf: true
global_termination_time: 668126.255
local_termination_time: 164183.818
node_cons: 13742.984714324228
tot_aggregated_send: 9394
tot_msg_rcv: 118
tot_msg_sent: 524
tot_reconf_duration: 3.05
tot_sleeping_duration: 657865.7301199968
tot_uptimes: 172
tot_uptimes_duration: 10260.524880003155
