comms_cons: 66.30517759844005
finished_reconf: true
global_termination_time: 667256.056
local_termination_time: 147765.08336000002
node_cons: 13668.42770112142
tot_aggregated_send: 9222
tot_msg_rcv: 266
tot_msg_sent: 590
tot_reconf_duration: 7.819999999999999
tot_sleeping_duration: 657056.049919999
tot_uptimes: 171
tot_uptimes_duration: 10200.006080001069
