comms_cons: 66.5229183988202
finished_reconf: true
global_termination_time: 667330.561
local_termination_time: 206298.265
node_cons: 13678.656143359707
tot_aggregated_send: 9209
tot_msg_rcv: 261
tot_msg_sent: 642
tot_reconf_duration: 15.34
tot_sleeping_duration: 657130.5427600002
tot_uptimes: 171
tot_uptimes_duration: 10200.018239999772
