comms_cons: 30.389952000242594
finished_reconf: true
global_termination_time: 303779.167
local_termination_time: 110023.70991999956
node_cons: 6192.720121121434
tot_aggregated_send: 4176
tot_msg_rcv: 154
tot_msg_sent: 290
tot_reconf_duration: 4.8100000000000005
tot_sleeping_duration: 299159.16091999895
tot_uptimes: 78
tot_uptimes_duration: 4620.006080001069
