comms_cons: 313.9462655936111
finished_reconf: true
global_termination_time: 3200447.225
local_termination_time: 596219.1965199992
node_cons: 65802.63446446601
tot_aggregated_send: 44138
tot_msg_rcv: 1096
tot_msg_sent: 2484
tot_reconf_duration: 3.05
tot_sleeping_duration: 3151307.2006800096
tot_uptimes: 820
tot_uptimes_duration: 49140.02431999054
