comms_cons: 310.6829823913556
finished_reconf: true
global_termination_time: 3200743.73
local_termination_time: 744691.8156799985
node_cons: 65809.09803819023
tot_aggregated_send: 44544
tot_msg_rcv: 824
tot_msg_sent: 1854
tot_reconf_duration: 7.819999999999999
tot_sleeping_duration: 3151603.716200006
tot_uptimes: 820
tot_uptimes_duration: 49140.01379999367
