comms_cons: 310.9344319959036
finished_reconf: true
global_termination_time: 3200597.192
local_termination_time: 2122026.96
node_cons: 65809.971463192
tot_aggregated_send: 44715
tot_msg_rcv: 748
tot_msg_sent: 1797
tot_reconf_duration: 6.22
tot_sleeping_duration: 3151454.9032000047
tot_uptimes: 820
tot_uptimes_duration: 49142.288799995324
