comms_cons: 469.4514496205245
finished_reconf: true
global_termination_time: 4815381.843
local_termination_time: 2785082.73136
node_cons: 99066.80034223157
tot_aggregated_send: 66874
tot_msg_rcv: 1563
tot_msg_sent: 2916
tot_reconf_duration: 5.57
tot_sleeping_duration: 4741401.830840006
tot_uptimes: 1234
tot_uptimes_duration: 73980.0121599955
