comms_cons: 324.42160615292744
finished_reconf: true
global_termination_time: 1766624.087
local_termination_time: 336136.7436000001
node_cons: 36344.48754670552
tot_aggregated_send: 0
tot_msg_rcv: 25118
tot_msg_sent: 24194
tot_reconf_duration: 22.65
tot_sleeping_duration: 1739504.050520011
tot_uptimes: 453
tot_uptimes_duration: 27120.03647998924
