comms_cons: 175.21644159274436
finished_reconf: true
global_termination_time: 1768411.434
local_termination_time: 379977.88736000005
node_cons: 36320.60579999987
tot_aggregated_send: 25172
tot_msg_rcv: 450
tot_msg_sent: 1009
tot_reconf_duration: 5.1
tot_sleeping_duration: 1741291.434
tot_uptimes: 453
tot_uptimes_duration: 27120.0
