comms_cons: 174.09221119387888
finished_reconf: true
global_termination_time: 1764597.758
local_termination_time: 919986.3673199986
node_cons: 36271.918570711765
tot_aggregated_send: 25462
tot_msg_rcv: 323
tot_msg_sent: 676
tot_reconf_duration: 25.299999999999997
tot_sleeping_duration: 1737534.605520006
tot_uptimes: 452
tot_uptimes_duration: 27063.152479993878
