comms_cons: 173.78361599722246
finished_reconf: true
global_termination_time: 1767885.777
local_termination_time: 1098660.593
node_cons: 36336.516053513544
tot_aggregated_send: 25745
tot_msg_rcv: 207
tot_msg_sent: 462
tot_reconf_duration: 13.17
tot_sleeping_duration: 1740762.0793200047
tot_uptimes: 453
tot_uptimes_duration: 27123.697679995326
