comms_cons: 180.62275838175842
finished_reconf: true
global_termination_time: 1763396.529
local_termination_time: 367106.8793600001
node_cons: 36244.057253415696
tot_aggregated_send: 23142
tot_msg_rcv: 1460
tot_msg_sent: 2851
tot_reconf_duration: 7.819999999999999
tot_sleeping_duration: 1736336.456040018
tot_uptimes: 452
tot_uptimes_duration: 27060.072959981917
