comms_cons: 18.731609599795178
finished_reconf: true
global_termination_time: 183913.751
local_termination_time: 26840.025560000005
node_cons: 3800.709180000001
tot_aggregated_send: 2494
tot_msg_rcv: 137
tot_msg_sent: 216
tot_reconf_duration: 18.21
tot_sleeping_duration: 181093.751
tot_uptimes: 48
tot_uptimes_duration: 2820.0
