comms_cons: 18.591846400263112
finished_reconf: true
global_termination_time: 181444.604
local_termination_time: 44792.61960000001
node_cons: 3711.00712112143
tot_aggregated_send: 2378
tot_msg_rcv: 166
tot_msg_sent: 282
tot_reconf_duration: 11.31
tot_sleeping_duration: 178684.59791999892
tot_uptimes: 47
tot_uptimes_duration: 2760.0060800010688
