comms_cons: 17.896678399960003
finished_reconf: true
global_termination_time: 12897.900240000003
local_termination_time: 2637.539040000001
node_cons: 2206.9156079600357
tot_aggregated_send: 0
tot_msg_rcv: 1282
tot_msg_sent: 1437
tot_reconf_duration: 4.390000000000001
tot_sleeping_duration: 11254.170599999974
tot_uptimes: 26
tot_uptimes_duration: 1643.7296400000273
