comms_cons: 89.0794624120132
finished_reconf: true
global_termination_time: 443955.0673200003
local_termination_time: 1742.1393600000004
node_cons: 9138.208969842419
tot_aggregated_send: 0
tot_msg_rcv: 6985
tot_msg_sent: 6551
tot_reconf_duration: 22.65
tot_sleeping_duration: 437153.3867599985
tot_uptimes: 114
tot_uptimes_duration: 6801.680560001798
