comms_cons: 45.85391360028981
finished_reconf: true
global_termination_time: 446502.529
local_termination_time: 33095.491600000016
node_cons: 9165.291980000009
tot_aggregated_send: 5974
tot_msg_rcv: 357
tot_msg_sent: 637
tot_reconf_duration: 4.8100000000000005
tot_sleeping_duration: 439662.529
tot_uptimes: 115
tot_uptimes_duration: 6840.0
