comms_cons: 38.92912640002501
finished_reconf: true
global_termination_time: 397244.311
local_termination_time: 103853.26135999997
node_cons: 8121.265800000019
tot_aggregated_send: 5742
tot_msg_rcv: 63
tot_msg_sent: 112
tot_reconf_duration: 5.1
tot_sleeping_duration: 391184.311
tot_uptimes: 102
tot_uptimes_duration: 6060.000000000001
