comms_cons: 38.9291264001717
finished_reconf: true
global_termination_time: 396779.451
local_termination_time: 50392.03388000018
node_cons: 8138.4926654416795
tot_aggregated_send: 5742
tot_msg_rcv: 67
tot_msg_sent: 108
tot_reconf_duration: 13.17
tot_sleeping_duration: 390714.77003999875
tot_uptimes: 102
tot_uptimes_duration: 6064.680960001249
