comms_cons: 39.10676480012328
finished_reconf: true
global_termination_time: 400121.339
local_termination_time: 300237.98460000055
node_cons: 8207.051379999992
tot_aggregated_send: 5858
tot_msg_rcv: 36
tot_msg_sent: 50
tot_reconf_duration: 9.11
tot_sleeping_duration: 394001.339
tot_uptimes: 103
tot_uptimes_duration: 6120.0
