comms_cons: 39.16500480012294
finished_reconf: true
global_termination_time: 399172.611
local_termination_time: 11006.10692
node_cons: 8215.633216001437
tot_aggregated_send: 5684
tot_msg_rcv: 50
tot_msg_sent: 218
tot_reconf_duration: 15.110000000000001
tot_sleeping_duration: 393052.2869999989
tot_uptimes: 103
tot_uptimes_duration: 6120.324000001068
