comms_cons: 33.77103360040281
finished_reconf: true
global_termination_time: 338580.156
local_termination_time: 116221.32599999999
node_cons: 6915.7801211214355
tot_aggregated_send: 4637
tot_msg_rcv: 150
tot_msg_sent: 346
tot_reconf_duration: 4.8100000000000005
tot_sleeping_duration: 333420.14991999895
tot_uptimes: 87
tot_uptimes_duration: 5160.006080001069
