comms_cons: 34.0280767996333
finished_reconf: true
global_termination_time: 339017.782
local_termination_time: 9223.759479999999
node_cons: 6917.694901121438
tot_aggregated_send: 4292
tot_msg_rcv: 244
tot_msg_sent: 635
tot_reconf_duration: 6.22
tot_sleeping_duration: 333857.77591999894
tot_uptimes: 87
tot_uptimes_duration: 5160.006080001069
