comms_cons: 128.72455678915532
finished_reconf: true
global_termination_time: 1264560.8857199997
local_termination_time: 1264560.8445999997
node_cons: 26021.861248145018
tot_aggregated_send: 17316
tot_msg_rcv: 835
tot_msg_sent: 1416
tot_reconf_duration: 37.410000000000004
tot_sleeping_duration: 1245165.024280011
tot_uptimes: 324
tot_uptimes_duration: 19395.861439988774
