comms_cons: 124.78173439775607
finished_reconf: true
global_termination_time: 1264765.881
local_termination_time: 350199.278
node_cons: 25959.811292081435
tot_aggregated_send: 18209
tot_msg_rcv: 236
tot_msg_sent: 522
tot_reconf_duration: 5.57
tot_sleeping_duration: 1245384.0682799988
tot_uptimes: 324
tot_uptimes_duration: 19381.812720001035
