comms_cons: 124.74163199682673
finished_reconf: true
global_termination_time: 1264593.104
local_termination_time: 530440.6593599999
node_cons: 26048.044860000096
tot_aggregated_send: 18328
tot_msg_rcv: 180
tot_msg_sent: 452
tot_reconf_duration: 13.17
tot_sleeping_duration: 1245153.104
tot_uptimes: 324
tot_uptimes_duration: 19440.0
