comms_cons: 125.35412479277039
finished_reconf: true
global_termination_time: 1268527.192
local_termination_time: 533278.0889999999
node_cons: 26052.75311607436
tot_aggregated_send: 18035
tot_msg_rcv: 320
tot_msg_sent: 698
tot_reconf_duration: 15.110000000000001
tot_sleeping_duration: 1249085.6432800044
tot_uptimes: 325
tot_uptimes_duration: 19441.54871999577
