comms_cons: 1.5000575999971557
finished_reconf: true
global_termination_time: 13547.826
local_termination_time: 6991.31036
node_cons: 255.89009999999976
tot_aggregated_send: 0
tot_msg_rcv: 120
tot_msg_sent: 108
tot_reconf_duration: 10.95
tot_sleeping_duration: 13367.826
tot_uptimes: 4
tot_uptimes_duration: 180.0
