comms_cons: 2.269823999996684
finished_reconf: true
global_termination_time: 13919.032
local_termination_time: 6199.620360000001
node_cons: 257.18020000000075
tot_aggregated_send: 0
tot_msg_rcv: 181
tot_msg_sent: 163
tot_reconf_duration: 11.899999999999999
tot_sleeping_duration: 13739.032
tot_uptimes: 4
tot_uptimes_duration: 180.0
