comms_cons: 480.99215362155024
finished_reconf: true
global_termination_time: 4898393.869
local_termination_time: 1948014.2729599988
node_cons: 100753.94848334801
tot_aggregated_send: 68846
tot_msg_rcv: 1471
tot_msg_sent: 2791
tot_reconf_duration: 5.57
tot_sleeping_duration: 4823153.850760007
tot_uptimes: 1255
tot_uptimes_duration: 75240.01823999314
