comms_cons: 490.8334977043933
finished_reconf: true
global_termination_time: 4898679.41
local_termination_time: 272916.1660800006
node_cons: 100752.96525005398
tot_aggregated_send: 67918
tot_msg_rcv: 2302
tot_msg_sent: 4381
tot_reconf_duration: 4.8100000000000005
tot_sleeping_duration: 4823439.3552800175
tot_uptimes: 1255
tot_uptimes_duration: 75240.05471998273
