comms_cons: 74.43111679933286
finished_reconf: true
global_termination_time: 720158.138
local_termination_time: 309406.9799200003
node_cons: 14803.424284481182
tot_aggregated_send: 9338
tot_msg_rcv: 760
tot_msg_sent: 1215
tot_reconf_duration: 15.34
tot_sleeping_duration: 709118.1136799993
tot_uptimes: 185
tot_uptimes_duration: 11040.02432000084
