comms_cons: 71.4632703991445
finished_reconf: true
global_termination_time: 720226.057
local_termination_time: 464961.9808000007
node_cons: 14800.453001116832
tot_aggregated_send: 10092
tot_msg_rcv: 257
tot_msg_sent: 513
tot_reconf_duration: 13.17
tot_sleeping_duration: 709186.0509200024
tot_uptimes: 185
tot_uptimes_duration: 11040.006079997635
