comms_cons: 74.62634239640181
finished_reconf: true
global_termination_time: 725559.885
local_termination_time: 115564.74891999956
node_cons: 14878.291544481162
tot_aggregated_send: 9686
tot_msg_rcv: 613
tot_msg_sent: 1044
tot_reconf_duration: 11.31
tot_sleeping_duration: 714459.8606799991
tot_uptimes: 186
tot_uptimes_duration: 11100.02432000084
