comms_cons: 272.50388482689607
finished_reconf: true
global_termination_time: 2810849.624
local_termination_time: 5260.708
node_cons: 57877.32406558408
tot_aggregated_send: 39185
tot_msg_rcv: 829
tot_msg_sent: 1405
tot_reconf_duration: 23.919999999999998
tot_sleeping_duration: 2767649.593600011
tot_uptimes: 720
tot_uptimes_duration: 43200.03039998887
