comms_cons: 514.5282881098184
finished_reconf: true
global_termination_time: 5097326.508239997
local_termination_time: 51957.630480000014
node_cons: 104888.88213717169
tot_aggregated_send: 70934
tot_msg_rcv: 2533
tot_msg_sent: 4738
tot_reconf_duration: 18.21
tot_sleeping_duration: 5019011.233440015
tot_uptimes: 1306
tot_uptimes_duration: 78315.27479998115
