comms_cons: 504.32257925900495
finished_reconf: true
global_termination_time: 5097786.592
local_termination_time: 2589854.551279999
node_cons: 104851.2966244653
tot_aggregated_send: 70702
tot_msg_rcv: 2163
tot_msg_sent: 3788
tot_reconf_duration: 5.57
tot_sleeping_duration: 5019486.56768001
tot_uptimes: 1306
tot_uptimes_duration: 78300.024319991
