comms_cons: 510.49761928917655
finished_reconf: true
global_termination_time: 5101502.08
local_termination_time: 1326800.6397999993
node_cons: 104928.23888781575
tot_aggregated_send: 71282
tot_msg_rcv: 2109
tot_msg_sent: 4200
tot_reconf_duration: 3.05
tot_sleeping_duration: 5023142.037440016
tot_uptimes: 1307
tot_uptimes_duration: 78360.04255998437
