comms_cons: 506.25843847884113
finished_reconf: true
global_termination_time: 5098315.5
local_termination_time: 1879855.3532799983
node_cons: 104851.11464558194
tot_aggregated_send: 70586
tot_msg_rcv: 2106
tot_msg_sent: 4255
tot_reconf_duration: 5.43
tot_sleeping_duration: 5020015.469600012
tot_uptimes: 1306
tot_uptimes_duration: 78300.03039998887
