comms_cons: 99.8594687980709
finished_reconf: true
global_termination_time: 993377.32524
local_termination_time: 5246.0289999999995
node_cons: 20435.577496081794
tot_aggregated_send: 13623
tot_msg_rcv: 544
tot_msg_sent: 1010
tot_reconf_duration: 6.46
tot_sleeping_duration: 978122.0565199987
tot_uptimes: 255
tot_uptimes_duration: 15255.268720001317
