comms_cons: 39.825151998058615
finished_reconf: true
global_termination_time: 135705.88060000064
local_termination_time: 3423.944040000001
node_cons: 5606.301760400852
tot_aggregated_send: 0
tot_msg_rcv: 2024
tot_msg_sent: 4028
tot_reconf_duration: 6.22
tot_sleeping_duration: 131525.257
tot_uptimes: 70
tot_uptimes_duration: 4180.623600000632
