comms_cons: 141.6999999962899
finished_reconf: true
global_termination_time: 1427675.638
local_termination_time: 448436.1893600001
node_cons: 29335.08622000008
tot_aggregated_send: 20474
tot_msg_rcv: 374
tot_msg_sent: 689
tot_reconf_duration: 8.09
tot_sleeping_duration: 1405775.638
tot_uptimes: 366
tot_uptimes_duration: 21900.0
