comms_cons: 281.0022334026358
finished_reconf: true
global_termination_time: 1424251.3823999984
local_termination_time: 3087.21948
node_cons: 29351.39411783143
tot_aggregated_send: 0
tot_msg_rcv: 21558
tot_msg_sent: 21150
tot_reconf_duration: 22.65
tot_sleeping_duration: 1402353.9698400048
tot_uptimes: 365
tot_uptimes_duration: 21897.412559993565
