comms_cons: 1.8230655999932681
finished_reconf: true
global_termination_time: 11071.261480000001
local_termination_time: 11071.220360000001
node_cons: 229.83307872000086
tot_aggregated_send: 0
tot_msg_rcv: 176
tot_msg_sent: 100
tot_reconf_duration: 37.410000000000004
tot_sleeping_duration: 10937.557
tot_uptimes: 3
tot_uptimes_duration: 133.70448000000033
