comms_cons: 1.9277055999936306
finished_reconf: true
global_termination_time: 14357.603
local_termination_time: 6894.224999999999
node_cons: 263.7582417600056
tot_aggregated_send: 0
tot_msg_rcv: 186
tot_msg_sent: 107
tot_reconf_duration: 15.34
tot_sleeping_duration: 14176.179159999996
tot_uptimes: 4
tot_uptimes_duration: 181.42384000000447
