comms_cons: 1.708569599995936
finished_reconf: true
global_termination_time: 11075.84
local_termination_time: 5011.17936
node_cons: 177.8315400000001
tot_aggregated_send: 0
tot_msg_rcv: 154
tot_msg_sent: 105
tot_reconf_duration: 12.629999999999999
tot_sleeping_duration: 10955.84
tot_uptimes: 3
tot_uptimes_duration: 119.99999999999997
