comms_cons: 1.69875839999403
finished_reconf: true
global_termination_time: 12456.124
local_termination_time: 5083.25636
node_cons: 255.89009999999976
tot_aggregated_send: 0
tot_msg_rcv: 150
tot_msg_sent: 108
tot_reconf_duration: 10.95
tot_sleeping_duration: 12276.124
tot_uptimes: 4
tot_uptimes_duration: 180.0
