comms_cons: 84.84991999462171
finished_reconf: true
global_termination_time: 831098.42
local_termination_time: 451767.0899200003
node_cons: 17049.27224559798
tot_aggregated_send: 11078
tot_msg_rcv: 663
tot_msg_sent: 1156
tot_reconf_duration: 12.629999999999999
tot_sleeping_duration: 818378.3896000016
tot_uptimes: 213
tot_uptimes_duration: 12720.030399998468
