comms_cons: 562.5803776638181
finished_reconf: true
global_termination_time: 5676808.09
local_termination_time: 1905885.93136
node_cons: 116754.88428446448
tot_aggregated_send: 79228
tot_msg_rcv: 2051
tot_msg_sent: 4229
tot_reconf_duration: 15.34
tot_sleeping_duration: 5589628.065680009
tot_uptimes: 1454
tot_uptimes_duration: 87180.024319991
