comms_cons: 564.7883712750835
finished_reconf: true
global_termination_time: 5673502.964
local_termination_time: 1960952.9373599999
node_cons: 116661.26034223079
tot_aggregated_send: 79170
tot_msg_rcv: 2379
tot_msg_sent: 4295
tot_reconf_duration: 5.57
tot_sleeping_duration: 5586382.951840004
tot_uptimes: 1453
tot_uptimes_duration: 87120.01215999573
