comms_cons: 572.0670785332361
finished_reconf: true
global_termination_time: 5676909.556
local_termination_time: 553723.6310399984
node_cons: 116740.05489004917
tot_aggregated_send: 79054
tot_msg_rcv: 2818
tot_msg_sent: 5080
tot_reconf_duration: 4.390000000000001
tot_sleeping_duration: 5589729.50128002
tot_uptimes: 1454
tot_uptimes_duration: 87180.05471997964
