comms_cons: 564.1918401104818
finished_reconf: true
global_termination_time: 5671960.134
local_termination_time: 1232027.430719999
node_cons: 116664.34840669876
tot_aggregated_send: 78996
tot_msg_rcv: 2231
tot_msg_sent: 4526
tot_reconf_duration: 7.819999999999999
tot_sleeping_duration: 5584840.097520013
tot_uptimes: 1453
tot_uptimes_duration: 87120.03647998674
