comms_cons: 5.447577599995454
finished_reconf: true
global_termination_time: 3452.4066800000005
local_termination_time: 3452.3655600000006
node_cons: 704.4808455200009
tot_aggregated_send: 0
tot_msg_rcv: 347
tot_msg_sent: 479
tot_reconf_duration: 24.59
tot_sleeping_duration: 2951.221
tot_uptimes: 9
tot_uptimes_duration: 501.1856800000005
