comms_cons: 189.19805438393072
finished_reconf: true
global_termination_time: 1879436.106
local_termination_time: 90588.25147999996
node_cons: 38668.33430893907
tot_aggregated_send: 25868
tot_msg_rcv: 865
tot_msg_sent: 2024
tot_reconf_duration: 18.21
tot_sleeping_duration: 1850576.0573600153
tot_uptimes: 482
tot_uptimes_duration: 28860.04863998451
