comms_cons: 186.2497599862042
finished_reconf: true
global_termination_time: 1880646.219
local_termination_time: 1179391.3749999981
node_cons: 38674.968887347844
tot_aggregated_send: 25810
tot_msg_rcv: 845
tot_msg_sent: 1655
tot_reconf_duration: 15.34
tot_sleeping_duration: 1851778.304760009
tot_uptimes: 482
tot_uptimes_duration: 28867.91423999099
