comms_cons: 190.41583358465613
finished_reconf: true
global_termination_time: 1881302.286
local_termination_time: 1178283.6670399993
node_cons: 38649.51790223332
tot_aggregated_send: 25868
tot_msg_rcv: 1043
tot_msg_sent: 2032
tot_reconf_duration: 4.390000000000001
tot_sleeping_duration: 1852442.2738400048
tot_uptimes: 482
tot_uptimes_duration: 28860.01215999527
