comms_cons: 334.8734848057809
finished_reconf: true
global_termination_time: 3398009.75
local_termination_time: 2386118.919239998
node_cons: 69902.75836446653
tot_aggregated_send: 46168
tot_msg_rcv: 1535
tot_msg_sent: 3195
tot_reconf_duration: 5.1
tot_sleeping_duration: 3345809.725680009
tot_uptimes: 871
tot_uptimes_duration: 52200.024319991004
