comms_cons: 337.77543680974316
finished_reconf: true
global_termination_time: 3400173.209
local_termination_time: 1580672.3495199983
node_cons: 69908.1958033494
tot_aggregated_send: 47850
tot_msg_rcv: 1341
tot_msg_sent: 2149
tot_reconf_duration: 9.11
tot_sleeping_duration: 3347973.1907600067
tot_uptimes: 871
tot_uptimes_duration: 52200.01823999314
