comms_cons: 338.65232000451005
finished_reconf: true
global_termination_time: 3398878.655
local_termination_time: 1820087.68536
node_cons: 69911.20782670015
tot_aggregated_send: 47212
tot_msg_rcv: 1459
tot_msg_sent: 2802
tot_reconf_duration: 11.31
tot_sleeping_duration: 3346678.6185200135
tot_uptimes: 871
tot_uptimes_duration: 52200.03647998627
