comms_cons: 62.98926079886836
finished_reconf: true
global_termination_time: 629022.803
local_termination_time: 128034.40471999995
node_cons: 12965.50684112146
tot_aggregated_send: 8874
tot_msg_rcv: 257
tot_msg_sent: 443
tot_reconf_duration: 22.65
tot_sleeping_duration: 619362.796919999
tot_uptimes: 162
tot_uptimes_duration: 9660.006080001069
