comms_cons: 61.87079680086863
finished_reconf: true
global_termination_time: 630172.895
local_termination_time: 423787.4102400009
node_cons: 12944.370864482644
tot_aggregated_send: 8526
tot_msg_rcv: 322
tot_msg_sent: 556
tot_reconf_duration: 6.22
tot_sleeping_duration: 620512.010679998
tot_uptimes: 162
tot_uptimes_duration: 9660.884320001991
