comms_cons: 136.23211517664038
finished_reconf: true
global_termination_time: 748572.292
local_termination_time: 283775.76736000006
node_cons: 15375.723123359747
tot_aggregated_send: 0
tot_msg_rcv: 10544
tot_msg_sent: 10162
tot_reconf_duration: 22.65
tot_sleeping_duration: 737112.2737600004
tot_uptimes: 192
tot_uptimes_duration: 11460.018239999772
