comms_cons: 76.29898239717161
finished_reconf: true
global_termination_time: 751971.357
local_termination_time: 235644.06360000008
node_cons: 15429.421900000007
tot_aggregated_send: 10208
tot_msg_rcv: 463
tot_msg_sent: 926
tot_reconf_duration: 3.05
tot_sleeping_duration: 740451.357
tot_uptimes: 193
tot_uptimes_duration: 11520.0
