comms_cons: 77.84425599671661
finished_reconf: true
global_termination_time: 751132.39
local_termination_time: 10819.23336
node_cons: 15440.704108962269
tot_aggregated_send: 9686
tot_msg_rcv: 690
tot_msg_sent: 1454
tot_reconf_duration: 11.31
tot_sleeping_duration: 739612.3413599983
tot_uptimes: 193
tot_uptimes_duration: 11520.048640001682
