comms_cons: 262.9245696143628
finished_reconf: true
global_termination_time: 2625698.2094799997
local_termination_time: 2625698.1683599995
node_cons: 54040.29678878194
tot_aggregated_send: 36816
tot_msg_rcv: 982
tot_msg_sent: 2164
tot_reconf_duration: 24.59
tot_sleeping_duration: 2585364.4502800126
tot_uptimes: 673
tot_uptimes_duration: 40333.759199987384
