comms_cons: 257.59248638546893
finished_reconf: true
global_termination_time: 2627174.204
local_termination_time: 1687451.54072
node_cons: 54009.33614334974
tot_aggregated_send: 36540
tot_msg_rcv: 937
tot_msg_sent: 1675
tot_reconf_duration: 15.34
tot_sleeping_duration: 2586854.1857600072
tot_uptimes: 673
tot_uptimes_duration: 40320.0182399929
