comms_cons: 265.5751039953102
finished_reconf: true
global_termination_time: 2627522.366
local_termination_time: 465434.0193600001
node_cons: 53992.662605583355
tot_aggregated_send: 36134
tot_msg_rcv: 1382
tot_msg_sent: 2849
tot_reconf_duration: 3.05
tot_sleeping_duration: 2587202.3356000115
tot_uptimes: 673
tot_uptimes_duration: 40320.03039998817
