comms_cons: 258.24821118852014
finished_reconf: true
global_termination_time: 2625850.919
local_termination_time: 540227.7873599998
node_cons: 53995.87836334954
tot_aggregated_send: 36656
tot_msg_rcv: 964
tot_msg_sent: 1633
tot_reconf_duration: 5.43
tot_sleeping_duration: 2585530.9007600076
tot_uptimes: 673
tot_uptimes_duration: 40320.0182399929
