comms_cons: 46.416832000237974
finished_reconf: true
global_termination_time: 468232.641
local_termination_time: 12761.79736
node_cons: 9575.818980000011
tot_aggregated_send: 6554
tot_msg_rcv: 163
tot_msg_sent: 338
tot_reconf_duration: 11.31
tot_sleeping_duration: 461092.641
tot_uptimes: 120
tot_uptimes_duration: 7140.0
