comms_cons: 368.85722881740145
finished_reconf: true
global_termination_time: 3725555.169
local_termination_time: 1308454.8706799985
node_cons: 76687.14463751619
tot_aggregated_send: 53418
tot_msg_rcv: 854
tot_msg_sent: 1793
tot_reconf_duration: 25.299999999999997
tot_sleeping_duration: 3668308.875320002
tot_uptimes: 955
tot_uptimes_duration: 57246.29367999849
