comms_cons: 369.30441603027197
finished_reconf: true
global_termination_time: 3725510.747
local_termination_time: 1024321.52036
node_cons: 76650.94896781669
tot_aggregated_send: 50634
tot_msg_rcv: 1833
tot_msg_sent: 3665
tot_reconf_duration: 4.8100000000000005
tot_sleeping_duration: 3668270.704440016
tot_uptimes: 955
tot_uptimes_duration: 57240.04255998391
