comms_cons: 368.89722880042285
finished_reconf: true
global_termination_time: 3726362.687
local_termination_time: 1250323.91336
node_cons: 76655.04468893354
tot_aggregated_send: 50982
tot_msg_rcv: 1713
tot_msg_sent: 3374
tot_reconf_duration: 7.819999999999999
tot_sleeping_duration: 3669122.6383600184
tot_uptimes: 955
tot_uptimes_duration: 57240.04863998154
