comms_cons: 1.5461119999970125
finished_reconf: true
global_termination_time: 10746.207
local_termination_time: 5171.876359999999
node_cons: 164.821899999999
tot_aggregated_send: 0
tot_msg_rcv: 121
tot_msg_sent: 114
tot_reconf_duration: 3.05
tot_sleeping_duration: 10626.207
tot_uptimes: 3
tot_uptimes_duration: 119.99999999999997
