comms_cons: 98.03665919812715
finished_reconf: true
global_termination_time: 984567.636
local_termination_time: 641003.9133599998
node_cons: 20253.24405999996
tot_aggregated_send: 14152
tot_msg_rcv: 290
tot_msg_sent: 459
tot_reconf_duration: 5.57
tot_sleeping_duration: 969447.636
tot_uptimes: 253
tot_uptimes_duration: 15120.0
