comms_cons: 96.85898239873363
finished_reconf: true
global_termination_time: 987101.129
local_termination_time: 459211.55468000023
node_cons: 20280.037400000012
tot_aggregated_send: 14384
tot_msg_rcv: 130
tot_msg_sent: 208
tot_reconf_duration: 25.299999999999997
tot_sleeping_duration: 971981.129
tot_uptimes: 253
tot_uptimes_duration: 15120.0
