comms_cons: 195.19891190740523
finished_reconf: true
global_termination_time: 982181.419
local_termination_time: 1122.0533600000003
node_cons: 20196.123123355126
tot_aggregated_send: 0
tot_msg_rcv: 15119
tot_msg_sent: 14549
tot_reconf_duration: 22.65
tot_sleeping_duration: 967121.4007600036
tot_uptimes: 252
tot_uptimes_duration: 15060.018239996338
