comms_cons: 102.04194559349253
finished_reconf: true
global_termination_time: 985118.285
local_termination_time: 199.68547999999998
node_cons: 20252.244544481153
tot_aggregated_send: 12934
tot_msg_rcv: 897
tot_msg_sent: 1680
tot_reconf_duration: 4.8100000000000005
tot_sleeping_duration: 969998.2606799992
tot_uptimes: 253
tot_uptimes_duration: 15120.02432000084
