comms_cons: 98.19455999811714
finished_reconf: true
global_termination_time: 984916.396
local_termination_time: 272223.8865600007
node_cons: 20261.038980000027
tot_aggregated_send: 14036
tot_msg_rcv: 319
tot_msg_sent: 570
tot_reconf_duration: 11.31
tot_sleeping_duration: 969796.396
tot_uptimes: 253
tot_uptimes_duration: 15120.0
