comms_cons: 97.57611519809483
finished_reconf: true
global_termination_time: 982925.114
local_termination_time: 264599.4872800008
node_cons: 20172.71394000002
tot_aggregated_send: 14094
tot_msg_rcv: 278
tot_msg_sent: 459
tot_reconf_duration: 5.43
tot_sleeping_duration: 967865.114
tot_uptimes: 252
tot_uptimes_duration: 15060.0
