comms_cons: 0.15132159999950093
finished_reconf: true
global_termination_time: 3333.8309600000025
local_termination_time: 3319.48536
node_cons: 38.45339744000273
tot_aggregated_send: 0
tot_msg_rcv: 14
tot_msg_sent: 8
tot_reconf_duration: 5.57
tot_sleeping_duration: 3310.762
tot_uptimes: 1
tot_uptimes_duration: 23.068960000002335
