comms_cons: 1.4061311999950632
finished_reconf: true
global_termination_time: 5137.663
local_termination_time: 2604.1183600000004
node_cons: 105.06918000000005
tot_aggregated_send: 0
tot_msg_rcv: 168
tot_msg_sent: 44
tot_reconf_duration: 18.21
tot_sleeping_duration: 5077.663
tot_uptimes: 2
tot_uptimes_duration: 60.0
