comms_cons: 1.032934399996589
finished_reconf: true
global_termination_time: 7071.083
local_termination_time: 2889.90236
node_cons: 100.85937999999956
tot_aggregated_send: 0
tot_msg_rcv: 112
tot_msg_sent: 44
tot_reconf_duration: 15.110000000000001
tot_sleeping_duration: 7011.083
tot_uptimes: 2
tot_uptimes_duration: 60.0
