comms_cons: 11.368857599940831
finished_reconf: true
global_termination_time: 100862.82
local_termination_time: 61315.261360000004
node_cons: 2039.2749822382941
tot_aggregated_send: 986
tot_msg_rcv: 297
tot_msg_sent: 445
tot_reconf_duration: 22.65
tot_sleeping_duration: 99362.80784000127
tot_uptimes: 26
tot_uptimes_duration: 1500.0121599987324
