comms_cons: 1.513215999995001
finished_reconf: true
global_termination_time: 5656.758
local_termination_time: 2869.3433600000003
node_cons: 92.71138000000016
tot_aggregated_send: 0
tot_msg_rcv: 174
tot_msg_sent: 54
tot_reconf_duration: 9.11
tot_sleeping_duration: 5596.758
tot_uptimes: 2
tot_uptimes_duration: 60.0
