comms_cons: 0.8947711999970457
finished_reconf: true
global_termination_time: 7098.346
local_termination_time: 2810.3733600000005
node_cons: 96.50020000000012
tot_aggregated_send: 0
tot_msg_rcv: 86
tot_msg_sent: 49
tot_reconf_duration: 11.899999999999999
tot_sleeping_duration: 7038.346
tot_uptimes: 2
tot_uptimes_duration: 60.0
