comms_cons: 269.3853440002547
finished_reconf: true
global_termination_time: 2692594.268
local_termination_time: 466873.79336
node_cons: 55360.25418446634
tot_aggregated_send: 37642
tot_msg_rcv: 1083
tot_msg_sent: 2220
tot_reconf_duration: 4.390000000000001
tot_sleeping_duration: 2651254.2436800096
tot_uptimes: 690
tot_uptimes_duration: 41340.02431999054
