comms_cons: 266.3654911820807
finished_reconf: true
global_termination_time: 2688215.093
local_termination_time: 555938.4703599999
node_cons: 55278.08632334964
tot_aggregated_send: 37700
tot_msg_rcv: 866
tot_msg_sent: 1920
tot_reconf_duration: 3.05
tot_sleeping_duration: 2646935.074760007
tot_uptimes: 689
tot_uptimes_duration: 41280.0182399929
