comms_cons: 92.51759359625878
finished_reconf: true
global_termination_time: 917209.7532400005
local_termination_time: 21853.602520000004
node_cons: 18885.729787199158
tot_aggregated_send: 12354
tot_msg_rcv: 532
tot_msg_sent: 1176
tot_reconf_duration: 5.57
tot_sleeping_duration: 903111.0484400011
tot_uptimes: 235
tot_uptimes_duration: 14098.704799999352
