comms_cons: 93.94895359337639
finished_reconf: true
global_termination_time: 919596.455
local_termination_time: 99548.80635999996
node_cons: 18897.100386710204
tot_aggregated_send: 12296
tot_msg_rcv: 655
tot_msg_sent: 1329
tot_reconf_duration: 12.629999999999999
tot_sleeping_duration: 905496.4185200073
tot_uptimes: 236
tot_uptimes_duration: 14100.036479992676
