comms_cons: 93.45753599329113
finished_reconf: true
global_termination_time: 921044.95
local_termination_time: 457155.93436
node_cons: 18896.076482238244
tot_aggregated_send: 12412
tot_msg_rcv: 584
tot_msg_sent: 1209
tot_reconf_duration: 11.899999999999999
tot_sleeping_duration: 906944.9378400012
tot_uptimes: 236
tot_uptimes_duration: 14100.012159998703
