comms_cons: 94.88522239313951
finished_reconf: true
global_termination_time: 918301.221
local_termination_time: 212198.53972000012
node_cons: 18895.33225006071
tot_aggregated_send: 12238
tot_msg_rcv: 789
tot_msg_sent: 1395
tot_reconf_duration: 11.31
tot_sleeping_duration: 904201.1662800144
tot_uptimes: 236
tot_uptimes_duration: 14100.05471998558
