comms_cons: 60.38155519970506
finished_reconf: true
global_termination_time: 582812.96
local_termination_time: 264187.71599999996
node_cons: 11990.70557752702
tot_aggregated_send: 7591
tot_msg_rcv: 542
tot_msg_sent: 1045
tot_reconf_duration: 13.17
tot_sleeping_duration: 573871.3463199948
tot_uptimes: 150
tot_uptimes_duration: 8941.613680005248
