comms_cons: 59.87368320084603
finished_reconf: true
global_termination_time: 584503.382
local_termination_time: 271955.3163600001
node_cons: 11974.810041121511
tot_aggregated_send: 7830
tot_msg_rcv: 505
tot_msg_sent: 764
tot_reconf_duration: 3.05
tot_sleeping_duration: 575563.3759199989
tot_uptimes: 150
tot_uptimes_duration: 8940.006080001069
