comms_cons: 422.2928192585705
finished_reconf: true
global_termination_time: 4159917.403
local_termination_time: 1756008.1983599998
node_cons: 85574.94934781674
tot_aggregated_send: 57014
tot_msg_rcv: 2415
tot_msg_sent: 4757
tot_reconf_duration: 9.42
tot_sleeping_duration: 4096017.360440016
tot_uptimes: 1066
tot_uptimes_duration: 63900.04255998437
