comms_cons: 419.35162886417305
finished_reconf: true
global_termination_time: 4161716.634
local_termination_time: 1078570.9915199983
node_cons: 85577.53225005121
tot_aggregated_send: 58116
tot_msg_rcv: 1968
tot_msg_sent: 3655
tot_reconf_duration: 11.31
tot_sleeping_duration: 4097816.5792800197
tot_uptimes: 1066
tot_uptimes_duration: 63900.05471998011
