comms_cons: 167.76124159302591
finished_reconf: true
global_termination_time: 1693896.571
local_termination_time: 579611.7134799989
node_cons: 34817.97869999999
tot_aggregated_send: 24186
tot_msg_rcv: 460
tot_msg_sent: 851
tot_reconf_duration: 22.65
tot_sleeping_duration: 1667916.571
tot_uptimes: 434
tot_uptimes_duration: 25980.0
