comms_cons: 168.25708799197412
finished_reconf: true
global_termination_time: 1693290.548
local_termination_time: 345311.54600000003
node_cons: 34794.15394112136
tot_aggregated_send: 24064
tot_msg_rcv: 505
tot_msg_sent: 1005
tot_reconf_duration: 5.1
tot_sleeping_duration: 1667310.541919999
tot_uptimes: 434
tot_uptimes_duration: 25980.00608000107
