comms_cons: 167.64522239588732
finished_reconf: true
global_termination_time: 1695072.638
local_termination_time: 280412.5286800007
node_cons: 34910.352778642315
tot_aggregated_send: 24418
tot_msg_rcv: 327
tot_msg_sent: 736
tot_reconf_duration: 25.299999999999997
tot_sleeping_duration: 1669026.338239998
tot_uptimes: 435
tot_uptimes_duration: 26046.29976000177
