comms_cons: 165.31618559980365
finished_reconf: true
global_termination_time: 1694062.648
local_termination_time: 689131.4863599999
node_cons: 34802.09824111991
tot_aggregated_send: 24882
tot_msg_rcv: 61
tot_msg_sent: 184
tot_reconf_duration: 10.95
tot_sleeping_duration: 1668082.64192
tot_uptimes: 434
tot_uptimes_duration: 25980.006080000006
