comms_cons: 167.23073279493087
finished_reconf: true
global_termination_time: 1694403.845
local_termination_time: 513142.3743600001
node_cons: 34806.783341116825
tot_aggregated_send: 24418
tot_msg_rcv: 317
tot_msg_sent: 683
tot_reconf_duration: 14.4
tot_sleeping_duration: 1668423.8389200023
tot_uptimes: 434
tot_uptimes_duration: 25980.006079997635
