comms_cons: 167.1552959940881
finished_reconf: true
global_termination_time: 1693077.991
local_termination_time: 306014.00476000085
node_cons: 34791.78287999995
tot_aggregated_send: 24128
tot_msg_rcv: 409
tot_msg_sent: 869
tot_reconf_duration: 3.3600000000000003
tot_sleeping_duration: 1667097.991
tot_uptimes: 434
tot_uptimes_duration: 25980.0
