comms_cons: 32.106496000427185
finished_reconf: true
global_termination_time: 327250.895
local_termination_time: 136035.63948000007
node_cons: 6689.059861121434
tot_aggregated_send: 4582
tot_msg_rcv: 79
tot_msg_sent: 219
tot_reconf_duration: 15.34
tot_sleeping_duration: 322270.88891999895
tot_uptimes: 84
tot_uptimes_duration: 4980.006080001069
