comms_cons: 363.435570905053
finished_reconf: true
global_termination_time: 2101041.737
local_termination_time: 1513401.1744799998
node_cons: 43233.555842233356
tot_aggregated_send: 0
tot_msg_rcv: 27747
tot_msg_sent: 27493
tot_reconf_duration: 7.819999999999999
tot_sleeping_duration: 2068761.724840005
tot_uptimes: 539
tot_uptimes_duration: 32280.01215999527
