comms_cons: 579.6053056958187
finished_reconf: true
global_termination_time: 5848494.952
local_termination_time: 1949210.18836
node_cons: 120289.84428446494
tot_aggregated_send: 81142
tot_msg_rcv: 2317
tot_msg_sent: 4637
tot_reconf_duration: 15.34
tot_sleeping_duration: 5758674.927680008
tot_uptimes: 1498
tot_uptimes_duration: 89820.02431999147
