comms_cons: 570.8957056782479
finished_reconf: true
global_termination_time: 5848145.976
local_termination_time: 3250843.081399998
node_cons: 120275.93836446464
tot_aggregated_send: 79576
tot_msg_rcv: 2260
tot_msg_sent: 4937
tot_reconf_duration: 5.1
tot_sleeping_duration: 5758325.951680008
tot_uptimes: 1498
tot_uptimes_duration: 89820.02431999124
