comms_cons: 584.2564801299865
finished_reconf: true
global_termination_time: 5847438.851
local_termination_time: 629021.80936
node_cons: 120273.19517004969
tot_aggregated_send: 81490
tot_msg_rcv: 2545
tot_msg_sent: 4769
tot_reconf_duration: 3.05
tot_sleeping_duration: 5757618.79628002
tot_uptimes: 1498
tot_uptimes_duration: 89820.05471998011
