comms_cons: 577.9181888949081
finished_reconf: true
global_termination_time: 5848636.789
local_termination_time: 1772571.88636
node_cons: 120277.49188893245
tot_aggregated_send: 81200
tot_msg_rcv: 2166
tot_msg_sent: 4474
tot_reconf_duration: 6.22
tot_sleeping_duration: 5758816.740360017
tot_uptimes: 1498
tot_uptimes_duration: 89820.04863998224
