comms_cons: 143.81473279586376
finished_reconf: true
global_termination_time: 1452251.332
local_termination_time: 269776.4598400001
node_cons: 29824.024860000027
tot_aggregated_send: 20938
tot_msg_rcv: 353
tot_msg_sent: 568
tot_reconf_duration: 13.17
tot_sleeping_duration: 1429991.332
tot_uptimes: 372
tot_uptimes_duration: 22260.0
