comms_cons: 143.86078719553666
finished_reconf: true
global_termination_time: 1450496.001
local_termination_time: 397030.061
node_cons: 29815.930891761465
tot_aggregated_send: 20880
tot_msg_rcv: 350
tot_msg_sent: 636
tot_reconf_duration: 4.8100000000000005
tot_sleeping_duration: 1428233.567159999
tot_uptimes: 372
tot_uptimes_duration: 22262.43384000106
