comms_cons: 142.14054399783274
finished_reconf: true
global_termination_time: 1447362.3936399992
local_termination_time: 1447362.3525199993
node_cons: 29802.902036318577
tot_aggregated_send: 21040
tot_msg_rcv: 132
tot_msg_sent: 432
tot_reconf_duration: 24.59
tot_sleeping_duration: 1425129.7507600002
tot_uptimes: 371
tot_uptimes_duration: 22232.642879998893
