comms_cons: 782.4182017462967
finished_reconf: true
global_termination_time: 7870573.892039999
local_termination_time: 7870573.850919999
node_cons: 161972.5824890258
tot_aggregated_send: 112436
tot_msg_rcv: 2055
tot_msg_sent: 4431
tot_reconf_duration: 37.410000000000004
tot_sleeping_duration: 7749646.498680006
tot_uptimes: 2016
tot_uptimes_duration: 120927.39335999376
