comms_cons: 1294.5160675734742
finished_reconf: true
global_termination_time: 7874001.141
local_termination_time: 3426492.16736
node_cons: 161972.39836446283
tot_aggregated_send: 0
tot_msg_rcv: 99124
tot_msg_sent: 97635
tot_reconf_duration: 5.1
tot_sleeping_duration: 7753041.116680008
tot_uptimes: 2017
tot_uptimes_duration: 120960.02431999124
