comms_cons: 772.2277569568568
finished_reconf: true
global_termination_time: 7873799.821
local_termination_time: 4869917.784999999
node_cons: 161978.2744581407
tot_aggregated_send: 108460
tot_msg_rcv: 3135
tot_msg_sent: 5778
tot_reconf_duration: 9.42
tot_sleeping_duration: 7752839.789560011
tot_uptimes: 2017
tot_uptimes_duration: 120960.0314399898
