comms_cons: 771.2795457309966
finished_reconf: true
global_termination_time: 7874845.967
local_termination_time: 5232295.203719998
node_cons: 161990.86716446202
tot_aggregated_send: 109214
tot_msg_rcv: 2630
tot_msg_sent: 5386
tot_reconf_duration: 18.700000000000003
tot_sleeping_duration: 7753885.942680009
tot_uptimes: 2017
tot_uptimes_duration: 120960.02431999147
