comms_cons: 787.4635138106513
finished_reconf: true
global_termination_time: 7875246.687
local_termination_time: 556204.7453999993
node_cons: 161973.96003004917
tot_aggregated_send: 109446
tot_msg_rcv: 3737
tot_msg_sent: 6505
tot_reconf_duration: 6.22
tot_sleeping_duration: 7754286.632280019
tot_uptimes: 2017
tot_uptimes_duration: 120960.05471998104
