comms_cons: 546.6111360596748
finished_reconf: true
global_termination_time: 5517974.087
local_termination_time: 2765160.3053599996
node_cons: 113545.15732111364
tot_aggregated_send: 79518
tot_msg_rcv: 1142
tot_msg_sent: 2420
tot_reconf_duration: 18.21
tot_sleeping_duration: 5433194.080920002
tot_uptimes: 1414
tot_uptimes_duration: 84780.00607999787
