comms_cons: 559.0218497339278
finished_reconf: true
global_termination_time: 5516093.56412
local_termination_time: 5516093.523
node_cons: 113505.1572698021
tot_aggregated_send: 75954
tot_msg_rcv: 3077
tot_msg_sent: 5937
tot_reconf_duration: 37.410000000000004
tot_sleeping_duration: 5431362.903560026
tot_uptimes: 1413
tot_uptimes_duration: 84730.66055997448
