comms_cons: 556.9294913240446
finished_reconf: true
global_termination_time: 5516134.532
local_termination_time: 2431295.8655599984
node_cons: 113444.29517004997
tot_aggregated_send: 76444
tot_msg_rcv: 2741
tot_msg_sent: 5462
tot_reconf_duration: 3.05
tot_sleeping_duration: 5431414.477280019
tot_uptimes: 1413
tot_uptimes_duration: 84720.05471998034
