comms_cons: 557.5289921463975
finished_reconf: true
global_termination_time: 5520749.744
local_termination_time: 783163.227879999
node_cons: 113535.86853228444
tot_aggregated_send: 76444
tot_msg_rcv: 2783
tot_msg_sent: 5513
tot_reconf_duration: 11.31
tot_sleeping_duration: 5435969.677120024
tot_uptimes: 1414
tot_uptimes_duration: 84780.06687997608
