comms_cons: 555.0919809199619
finished_reconf: true
global_termination_time: 5517971.961
local_termination_time: 632122.0213199995
node_cons: 113527.88349228412
tot_aggregated_send: 76966
tot_msg_rcv: 2406
tot_msg_sent: 4996
tot_reconf_duration: 5.43
tot_sleeping_duration: 5433191.894120024
tot_uptimes: 1414
tot_uptimes_duration: 84780.06687997584
