comms_cons: 375.5819454912951
finished_reconf: true
global_termination_time: 776387.5882799992
local_termination_time: 776387.5471599993
node_cons: 47248.653660402844
tot_aggregated_send: 0
tot_msg_rcv: 23024
tot_msg_sent: 34062
tot_reconf_duration: 24.59
tot_sleeping_duration: 741126.0046799966
tot_uptimes: 580
tot_uptimes_duration: 35261.58360000253
