comms_cons: 10.811660800232733
finished_reconf: true
global_termination_time: 88539.488
local_termination_time: 65034.74536000001
node_cons: 1783.6483411191527
tot_aggregated_send: 696
tot_msg_rcv: 371
tot_msg_sent: 577
tot_reconf_duration: 11.899999999999999
tot_sleeping_duration: 87219.48192000063
tot_uptimes: 23
tot_uptimes_duration: 1320.0060799993662
