comms_cons: 54.5906240033952
finished_reconf: true
global_termination_time: 240981.33208000025
local_termination_time: 2135.6544800000024
node_cons: 4996.940608083831
tot_aggregated_send: 0
tot_msg_rcv: 4664
tot_msg_sent: 3626
tot_reconf_duration: 18.21
tot_sleeping_duration: 237267.95535999737
tot_uptimes: 62
tot_uptimes_duration: 3713.3767200028597
