comms_cons: 25.69303040006708
finished_reconf: true
global_termination_time: 243772.578
local_termination_time: 114569.11471999994
node_cons: 4988.030223362026
tot_aggregated_send: 3132
tot_msg_rcv: 308
tot_msg_sent: 465
tot_reconf_duration: 5.1
tot_sleeping_duration: 240052.5597599985
tot_uptimes: 63
tot_uptimes_duration: 3720.0182400015037
