comms_cons: 24.205504000281984
finished_reconf: true
global_termination_time: 241720.359
local_termination_time: 23436.529
node_cons: 4909.444704960587
tot_aggregated_send: 3187
tot_msg_rcv: 146
tot_msg_sent: 346
tot_reconf_duration: 6.22
tot_sleeping_duration: 238060.16635999957
tot_uptimes: 62
tot_uptimes_duration: 3660.1926400004377
