comms_cons: 826.9828226005418
finished_reconf: true
global_termination_time: 8297094.545
local_termination_time: 1819321.61036
node_cons: 170663.05684893072
tot_aggregated_send: 114260
tot_msg_rcv: 3719
tot_msg_sent: 7716
tot_reconf_duration: 15.34
tot_sleeping_duration: 8169654.496360017
tot_uptimes: 2125
tot_uptimes_duration: 127440.04863998247
