comms_cons: 813.6026369863815
finished_reconf: true
global_termination_time: 8297767.469
local_termination_time: 2207215.58084
node_cons: 170660.07742446256
tot_aggregated_send: 115536
tot_msg_rcv: 2760
tot_msg_sent: 5365
tot_reconf_duration: 13.17
tot_sleeping_duration: 8170327.444680008
tot_uptimes: 2125
tot_uptimes_duration: 127440.02431999147
