comms_cons: 830.0108354200216
finished_reconf: true
global_termination_time: 8296454.528
local_termination_time: 498253.11536000005
node_cons: 170673.0082522811
tot_aggregated_send: 115594
tot_msg_rcv: 3433
tot_msg_sent: 7129
tot_reconf_duration: 22.65
tot_sleeping_duration: 8169014.461120024
tot_uptimes: 2125
tot_uptimes_duration: 127440.06687997538
