comms_cons: 811.8211841128622
finished_reconf: true
global_termination_time: 8301005.235
local_termination_time: 4455836.059799999
node_cons: 170735.32492446253
tot_aggregated_send: 116000
tot_msg_rcv: 2502
tot_msg_sent: 4889
tot_reconf_duration: 9.42
tot_sleeping_duration: 8173505.210680009
tot_uptimes: 2126
tot_uptimes_duration: 127500.02431999147
