comms_cons: 808.1303616685722
finished_reconf: true
global_termination_time: 8296463.232
local_termination_time: 4694230.392399997
node_cons: 170658.32019999332
tot_aggregated_send: 119016
tot_msg_rcv: 1213
tot_msg_sent: 2601
tot_reconf_duration: 11.899999999999999
tot_sleeping_duration: 8169023.232
tot_uptimes: 2125
tot_uptimes_duration: 127440.0
