comms_cons: 828.4952002099269
finished_reconf: true
global_termination_time: 8299081.035
local_termination_time: 694335.0241599984
node_cons: 170733.17654781352
tot_aggregated_send: 115188
tot_msg_rcv: 3714
tot_msg_sent: 7023
tot_reconf_duration: 7.819999999999999
tot_sleeping_duration: 8171580.992440015
tot_uptimes: 2126
tot_uptimes_duration: 127500.0425599846
