comms_cons: 40.84824320119133
finished_reconf: true
global_termination_time: 194769.09904000038
local_termination_time: 1074.2323600000002
node_cons: 3994.8151190416706
tot_aggregated_send: 0
tot_msg_rcv: 3333
tot_msg_sent: 2874
tot_reconf_duration: 18.21
tot_sleeping_duration: 191804.13567999913
tot_uptimes: 50
tot_uptimes_duration: 2964.9633600012457
