comms_cons: 19.152051200132973
finished_reconf: true
global_termination_time: 194769.08676000053
local_termination_time: 194753.73116000034
node_cons: 3997.577532640709
tot_aggregated_send: 2668
tot_msg_rcv: 46
tot_msg_sent: 197
tot_reconf_duration: 5.57
tot_sleeping_duration: 191789.241
tot_uptimes: 50
tot_uptimes_duration: 2979.8457600005204
