comms_cons: 20.606681599755362
finished_reconf: true
global_termination_time: 197117.795
local_termination_time: 77634.25679999955
node_cons: 4061.2083694399744
tot_aggregated_send: 2378
tot_msg_rcv: 245
tot_msg_sent: 510
tot_reconf_duration: 25.299999999999997
tot_sleeping_duration: 194110.43804
tot_uptimes: 51
tot_uptimes_duration: 3007.35695999999
