comms_cons: 19.790233600277844
finished_reconf: true
global_termination_time: 194769.2958400007
local_termination_time: 141624.22772000055
node_cons: 4009.907160882348
tot_aggregated_send: 2668
tot_msg_rcv: 140
tot_msg_sent: 200
tot_reconf_duration: 7.819999999999999
tot_sleeping_duration: 191782.52391999893
tot_uptimes: 50
tot_uptimes_duration: 2986.7719200017746
