comms_cons: 2603.241113440843
finished_reconf: true
global_termination_time: 6690941.441
local_termination_time: 2216417.36748
node_cons: 406202.5331786447
tot_aggregated_send: 0
tot_msg_rcv: 159980
tot_msg_sent: 235698
tot_reconf_duration: 5.57
tot_sleeping_duration: 6387584.481240021
tot_uptimes: 4967
tot_uptimes_duration: 303356.9597599778
