comms_cons: 653.8711488304945
finished_reconf: true
global_termination_time: 6691125.009
local_termination_time: 4589880.16336
node_cons: 137638.58019999476
tot_aggregated_send: 96628
tot_msg_rcv: 951
tot_msg_sent: 1805
tot_reconf_duration: 11.899999999999999
tot_sleeping_duration: 6588345.009
tot_uptimes: 1714
tot_uptimes_duration: 102780.0
