comms_cons: 674.0780417998351
finished_reconf: true
global_termination_time: 6691488.638
local_termination_time: 459258.43868000025
node_cons: 137629.0171089314
tot_aggregated_send: 92394
tot_msg_rcv: 3446
tot_msg_sent: 6615
tot_reconf_duration: 4.8100000000000005
tot_sleeping_duration: 6588708.589360018
tot_uptimes: 1714
tot_uptimes_duration: 102780.04863998201
