comms_cons: 671.7840257564899
finished_reconf: true
global_termination_time: 6690810.84
local_termination_time: 822685.7174799999
node_cons: 137633.10468893213
tot_aggregated_send: 92974
tot_msg_rcv: 3046
tot_msg_sent: 6085
tot_reconf_duration: 7.819999999999999
tot_sleeping_duration: 6588030.791360017
tot_uptimes: 1714
tot_uptimes_duration: 102780.04863998247
