comms_cons: 258.37834239184826
finished_reconf: true
global_termination_time: 2538747.753
local_termination_time: 335374.6881200005
node_cons: 52245.7943089385
tot_aggregated_send: 34452
tot_msg_rcv: 1579
tot_msg_sent: 3241
tot_reconf_duration: 18.21
tot_sleeping_duration: 2499747.7043600157
tot_uptimes: 651
tot_uptimes_duration: 39000.04863998451
