comms_cons: 249.90496000123306
finished_reconf: true
global_termination_time: 2542836.645
local_termination_time: 730689.2901599982
node_cons: 52322.280147353704
tot_aggregated_send: 37120
tot_msg_rcv: 302
tot_msg_sent: 562
tot_reconf_duration: 15.110000000000001
tot_sleeping_duration: 2503776.330760004
tot_uptimes: 652
tot_uptimes_duration: 39060.3142399959
