comms_cons: 259.9452416082027
finished_reconf: true
global_termination_time: 2545515.357
local_termination_time: 1032335.6783599999
node_cons: 52307.97165512445
tot_aggregated_send: 34162
tot_msg_rcv: 1739
tot_msg_sent: 3608
tot_reconf_duration: 4.8100000000000005
tot_sleeping_duration: 2506455.282560026
tot_uptimes: 652
tot_uptimes_duration: 39060.07443997398
