comms_cons: 259.9361215967826
finished_reconf: true
global_termination_time: 2538558.558119997
local_termination_time: 82752.08691999983
node_cons: 52247.424646446474
tot_aggregated_send: 34104
tot_msg_rcv: 1846
tot_msg_sent: 3558
tot_reconf_duration: 4.390000000000001
tot_sleeping_duration: 2499543.2758000214
tot_uptimes: 651
tot_uptimes_duration: 39015.28231997555
