comms_cons: 258.78375040808686
finished_reconf: true
global_termination_time: 2538682.617
local_termination_time: 1089804.9053599997
node_cons: 52229.544453401795
tot_aggregated_send: 34278
tot_msg_rcv: 1623
tot_msg_sent: 3433
tot_reconf_duration: 6.22
tot_sleeping_duration: 2499682.544040028
tot_uptimes: 651
tot_uptimes_duration: 39000.07295997208
