comms_cons: 259.2093887980274
finished_reconf: true
global_termination_time: 2544245.846
local_termination_time: 251932.82336000004
node_cons: 52308.81977452785
tot_aggregated_send: 34336
tot_msg_rcv: 1685
tot_msg_sent: 3378
tot_reconf_duration: 5.43
tot_sleeping_duration: 2505185.7669600234
tot_uptimes: 652
tot_uptimes_duration: 39060.07903997658
