comms_cons: 18.317119999696533
finished_reconf: true
global_termination_time: 174410.529
local_termination_time: 22367.12668000001
node_cons: 3539.1523535162178
tot_aggregated_send: 1392
tot_msg_rcv: 508
tot_msg_sent: 884
tot_reconf_duration: 3.05
tot_sleeping_duration: 171770.49132000282
tot_uptimes: 45
tot_uptimes_duration: 2640.037679997171
