comms_cons: 13.730790399678238
finished_reconf: true
global_termination_time: 127297.616
local_termination_time: 29507.31936
node_cons: 2591.7605667160497
tot_aggregated_send: 986
tot_msg_rcv: 387
tot_msg_sent: 714
tot_reconf_duration: 15.34
tot_sleeping_duration: 125377.57952000294
tot_uptimes: 33
tot_uptimes_duration: 1920.0364799970484
