comms_cons: 13.855795199661415
finished_reconf: true
global_termination_time: 129359.379
local_termination_time: 43563.29100000009
node_cons: 2659.772877597915
tot_aggregated_send: 1334
tot_msg_rcv: 250
tot_msg_sent: 522
tot_reconf_duration: 6.279999999999999
tot_sleeping_duration: 127379.36060000156
tot_uptimes: 34
tot_uptimes_duration: 1980.0183999984438
