comms_cons: 13.053747199771738
finished_reconf: true
global_termination_time: 129830.194
local_termination_time: 87764.74619999962
node_cons: 2657.7682622383
tot_aggregated_send: 1218
tot_msg_rcv: 223
tot_msg_sent: 543
tot_reconf_duration: 4.8100000000000005
tot_sleeping_duration: 127850.18184000127
tot_uptimes: 34
tot_uptimes_duration: 1980.0121599987324
