comms_cons: 14.172569599627446
finished_reconf: true
global_termination_time: 128049.582
local_termination_time: 36862.01836000002
node_cons: 2576.8741844766146
tot_aggregated_send: 1160
tot_msg_rcv: 349
tot_msg_sent: 645
tot_reconf_duration: 4.390000000000001
tot_sleeping_duration: 126129.55768000253
tot_uptimes: 33
tot_uptimes_duration: 1920.0243199974648
