comms_cons: 13.447884799820438
finished_reconf: true
global_termination_time: 131040.489
local_termination_time: 7097.292479999999
node_cons: 2666.5952622383047
tot_aggregated_send: 1102
tot_msg_rcv: 362
tot_msg_sent: 580
tot_reconf_duration: 11.31
tot_sleeping_duration: 129060.47684000127
tot_uptimes: 34
tot_uptimes_duration: 1980.0121599987324
