comms_cons: 71.54879999941076
finished_reconf: true
global_termination_time: 725321.445
local_termination_time: 7015.885
node_cons: 14866.669801121452
tot_aggregated_send: 10090
tot_msg_rcv: 259
tot_msg_sent: 526
tot_reconf_duration: 2.77
tot_sleeping_duration: 714221.4389199989
tot_uptimes: 186
tot_uptimes_duration: 11100.006080001069
