comms_cons: 268.9182208175802
finished_reconf: true
global_termination_time: 2808796.455
local_termination_time: 6914.958
node_cons: 57855.06918223263
tot_aggregated_send: 39026
tot_msg_rcv: 610
tot_msg_sent: 1238
tot_reconf_duration: 7.55
tot_sleeping_duration: 2765596.442840005
tot_uptimes: 720
tot_uptimes_duration: 43200.01215999527
