comms_cons: 269.4445568155052
finished_reconf: true
global_termination_time: 2810520.558
local_termination_time: 4025.774
node_cons: 57870.612843350405
tot_aggregated_send: 39363
tot_msg_rcv: 629
tot_msg_sent: 962
tot_reconf_duration: 18.990000000000002
tot_sleeping_duration: 2767320.5397600066
tot_uptimes: 720
tot_uptimes_duration: 43200.0182399936
