comms_cons: 65.29260799901768
finished_reconf: true
global_termination_time: 652640.6758399977
local_termination_time: 652640.6758399977
node_cons: 13544.495165116688
tot_aggregated_send: 9324
tot_msg_rcv: 186
tot_msg_sent: 414
tot_reconf_duration: 24.59
tot_sleeping_duration: 642550.2337600002
tot_uptimes: 168
tot_uptimes_duration: 10090.442079997505
