comms_cons: 271.2445504167494
finished_reconf: true
global_termination_time: 653115.753
local_termination_time: 556730.7945999998
node_cons: 39683.94617712079
tot_aggregated_send: 0
tot_msg_rcv: 16657
tot_msg_sent: 24571
tot_reconf_duration: 4.390000000000001
tot_sleeping_duration: 623483.2029199993
tot_uptimes: 480
tot_uptimes_duration: 29632.550080000743
