comms_cons: 69.80924800013878
finished_reconf: true
global_termination_time: 706221.054
local_termination_time: 641914.3414799989
node_cons: 14495.573682242943
tot_aggregated_send: 9570
tot_msg_rcv: 425
tot_msg_sent: 615
tot_reconf_duration: 25.299999999999997
tot_sleeping_duration: 695421.0418399979
tot_uptimes: 181
tot_uptimes_duration: 10800.012160002138
