comms_cons: 881.104404934424
finished_reconf: true
global_termination_time: 4473484.992679997
local_termination_time: 3134.46148
node_cons: 92047.29808109853
tot_aggregated_send: 0
tot_msg_rcv: 67500
tot_msg_sent: 66420
tot_reconf_duration: 18.21
tot_sleeping_duration: 4404760.146600011
tot_uptimes: 1146
tot_uptimes_duration: 68724.84607998584
