comms_cons: 446.00396805882156
finished_reconf: true
global_termination_time: 4476901.283
local_termination_time: 1059292.8853599997
node_cons: 92073.82260558201
tot_aggregated_send: 62524
tot_msg_rcv: 1720
tot_msg_sent: 3546
tot_reconf_duration: 3.05
tot_sleeping_duration: 4408141.252600011
tot_uptimes: 1147
tot_uptimes_duration: 68760.03039998864
