comms_cons: 253.39042560379627
finished_reconf: true
global_termination_time: 2565123.1184799997
local_termination_time: 2565123.0773599995
node_cons: 52754.799800956935
tot_aggregated_send: 36932
tot_msg_rcv: 470
tot_msg_sent: 1110
tot_reconf_duration: 24.59
tot_sleeping_duration: 2525749.4018400013
tot_uptimes: 657
tot_uptimes_duration: 39373.71663999854
