comms_cons: 110.58335359092649
finished_reconf: true
global_termination_time: 1102594.1374799998
local_termination_time: 1102594.0963599999
node_cons: 22707.672365433198
tot_aggregated_send: 14892
tot_msg_rcv: 448
tot_msg_sent: 1468
tot_reconf_duration: 24.59
tot_sleeping_duration: 1085660.3965200048
tot_uptimes: 283
tot_uptimes_duration: 16933.740959994888
