comms_cons: 112.30757119312364
finished_reconf: true
global_termination_time: 1103640.919
local_termination_time: 317617.71836
node_cons: 22664.35118335509
tot_aggregated_send: 15080
tot_msg_rcv: 713
tot_msg_sent: 1278
tot_reconf_duration: 6.22
tot_sleeping_duration: 1086720.9007600036
tot_uptimes: 283
tot_uptimes_duration: 16920.018239996338
