comms_cons: 111.20931839144684
finished_reconf: true
global_termination_time: 1104141.87
local_termination_time: 8007.322480000001
node_cons: 22671.279685593392
tot_aggregated_send: 15022
tot_msg_rcv: 549
tot_msg_sent: 1332
tot_reconf_duration: 11.31
tot_sleeping_duration: 1087221.8396000052
tot_uptimes: 283
tot_uptimes_duration: 16920.03039999504
