comms_cons: 223.25178239326038
finished_reconf: true
global_termination_time: 2217080.274
local_termination_time: 973223.7614799979
node_cons: 45556.97074670086
tot_aggregated_send: 30508
tot_msg_rcv: 1039
tot_msg_sent: 2385
tot_reconf_duration: 3.05
tot_sleeping_duration: 2183060.237520014
tot_uptimes: 568
tot_uptimes_duration: 34020.03647998604
