comms_cons: 225.64682237918262
finished_reconf: true
global_termination_time: 2214849.1384799997
local_termination_time: 2214849.0973599995
node_cons: 45604.588647653654
tot_aggregated_send: 30668
tot_msg_rcv: 1408
tot_msg_sent: 2220
tot_reconf_duration: 24.59
tot_sleeping_duration: 2180815.385360019
tot_uptimes: 568
tot_uptimes_duration: 34033.75311998092
