comms_cons: 270.3168640077487
finished_reconf: true
global_termination_time: 2808559.522
local_termination_time: 6441.781
node_cons: 57850.2210878217
tot_aggregated_send: 39319
tot_msg_rcv: 520
tot_msg_sent: 1247
tot_reconf_duration: 3.95
tot_sleeping_duration: 2765359.479440013
tot_uptimes: 720
tot_uptimes_duration: 43200.04255998711
