comms_cons: 268.93858561539037
finished_reconf: true
global_termination_time: 2810642.0
local_termination_time: 6602.508
node_cons: 57861.44090446661
tot_aggregated_send: 39485
tot_msg_rcv: 497
tot_msg_sent: 896
tot_reconf_duration: 12.23
tot_sleeping_duration: 2767441.9756800095
tot_uptimes: 720
tot_uptimes_duration: 43200.02431999077
