comms_cons: 258.56913919808784
finished_reconf: true
global_termination_time: 2809650.055
local_termination_time: 3996.8949999999995
node_cons: 57853.58896223263
tot_aggregated_send: 38447
tot_msg_rcv: 272
tot_msg_sent: 582
tot_reconf_duration: 6.46
tot_sleeping_duration: 2766450.042840005
tot_uptimes: 720
tot_uptimes_duration: 43200.01215999527
