comms_cons: 12.8438527999892
finished_reconf: true
global_termination_time: 119066.441
local_termination_time: 39685.76144000014
node_cons: 2434.945462240581
tot_aggregated_send: 1334
tot_msg_rcv: 226
tot_msg_sent: 393
tot_reconf_duration: 18.21
tot_sleeping_duration: 117266.42883999957
tot_uptimes: 31
tot_uptimes_duration: 1800.012160000435
