comms_cons: 11.816243199995593
finished_reconf: true
global_termination_time: 116697.739
local_termination_time: 34345.97760000001
node_cons: 2336.400121119148
tot_aggregated_send: 1392
tot_msg_rcv: 116
tot_msg_sent: 288
tot_reconf_duration: 4.8100000000000005
tot_sleeping_duration: 114957.73292000064
tot_uptimes: 30
tot_uptimes_duration: 1740.0060799993662
