comms_cons: 12.257049599899606
finished_reconf: true
global_termination_time: 115912.9472399999
local_termination_time: 44725.54536000001
node_cons: 2354.4222927184774
tot_aggregated_send: 1218
tot_msg_rcv: 227
tot_msg_sent: 417
tot_reconf_duration: 3.05
tot_sleeping_duration: 114157.69676000104
tot_uptimes: 30
tot_uptimes_duration: 1755.25047999886
