comms_cons: 201.20338558962217
finished_reconf: true
global_termination_time: 2018200.992
local_termination_time: 635803.711879999
node_cons: 41476.28800223329
tot_aggregated_send: 27956
tot_msg_rcv: 946
tot_msg_sent: 1680
tot_reconf_duration: 15.34
tot_sleeping_duration: 1987240.9798400048
tot_uptimes: 517
tot_uptimes_duration: 30960.01215999527
