comms_cons: 202.10896638943785
finished_reconf: true
global_termination_time: 2017782.07012
local_termination_time: 178685.81536000007
node_cons: 41510.19529751144
tot_aggregated_send: 28246
tot_msg_rcv: 823
tot_msg_sent: 1649
tot_reconf_duration: 25.299999999999997
tot_sleeping_duration: 1986806.8364400063
tot_uptimes: 517
tot_uptimes_duration: 30975.233679993835
