comms_cons: 198.40673918809898
finished_reconf: true
global_termination_time: 2018010.6
local_termination_time: 256042.77624000047
node_cons: 41459.62260558842
tot_aggregated_send: 27898
tot_msg_rcv: 743
tot_msg_sent: 1516
tot_reconf_duration: 3.05
tot_sleeping_duration: 1987050.5696000084
tot_uptimes: 517
tot_uptimes_duration: 30960.030399991607
