comms_cons: 96.37054721195229
finished_reconf: true
global_termination_time: 422505.25912000093
local_termination_time: 422505.25912000093
node_cons: 8810.882492831579
tot_aggregated_send: 0
tot_msg_rcv: 8284
tot_msg_sent: 6368
tot_reconf_duration: 37.410000000000004
tot_sleeping_duration: 415963.0039199774
tot_uptimes: 109
tot_uptimes_duration: 6542.255200023574
