comms_cons: 43.041126400844625
finished_reconf: true
global_termination_time: 422816.499
local_termination_time: 91685.72547999996
node_cons: 8692.08712112146
tot_aggregated_send: 5684
tot_msg_rcv: 287
tot_msg_sent: 571
tot_reconf_duration: 11.31
tot_sleeping_duration: 416336.49291999894
tot_uptimes: 109
tot_uptimes_duration: 6480.006080001069
