comms_cons: 43.449664000643104
finished_reconf: true
global_termination_time: 428715.398
local_termination_time: 56900.86936000001
node_cons: 8764.442081121442
tot_aggregated_send: 5800
tot_msg_rcv: 286
tot_msg_sent: 518
tot_reconf_duration: 5.43
tot_sleeping_duration: 422175.3919199989
tot_uptimes: 110
tot_uptimes_duration: 6540.006080001069
