comms_cons: 343.03651201281366
finished_reconf: true
global_termination_time: 3500613.043
local_termination_time: 1450217.6958399988
node_cons: 72005.49614334959
tot_aggregated_send: 48778
tot_msg_rcv: 1101
tot_msg_sent: 2260
tot_reconf_duration: 15.34
tot_sleeping_duration: 3446853.024760007
tot_uptimes: 897
tot_uptimes_duration: 53760.01823999337
