comms_cons: 342.9962047995446
finished_reconf: true
global_termination_time: 3503517.993
local_termination_time: 2321860.486
node_cons: 72103.61159510564
tot_aggregated_send: 48409
tot_msg_rcv: 1147
tot_msg_sent: 2578
tot_reconf_duration: 25.299999999999997
tot_sleeping_duration: 3449694.800920009
tot_uptimes: 898
tot_uptimes_duration: 53823.192079990695
