comms_cons: 110.47480319437597
finished_reconf: true
global_termination_time: 1081375.395
local_termination_time: 77469.44675999974
node_cons: 22177.9981822406
tot_aggregated_send: 14848
tot_msg_rcv: 782
tot_msg_sent: 1161
tot_reconf_duration: 3.05
tot_sleeping_duration: 1064815.3828399996
tot_uptimes: 277
tot_uptimes_duration: 16560.012160000435
