comms_cons: 0.6842367999996346
finished_reconf: true
global_termination_time: 7280.868
local_termination_time: 529.23036
node_cons: 101.17172000000012
tot_aggregated_send: 0
tot_msg_rcv: 60
tot_msg_sent: 44
tot_reconf_duration: 15.34
tot_sleeping_duration: 7220.868
tot_uptimes: 2
tot_uptimes_duration: 60.00000000000006
