comms_cons: 70.86645759980075
finished_reconf: true
global_termination_time: 694067.4262400003
local_termination_time: 33201.17348000001
node_cons: 14280.613671598638
tot_aggregated_send: 9106
tot_msg_rcv: 557
tot_msg_sent: 1107
tot_reconf_duration: 5.57
tot_sleeping_duration: 683407.9418400013
tot_uptimes: 178
tot_uptimes_duration: 10659.484399998968
