comms_cons: 70.54183679756439
finished_reconf: true
global_termination_time: 695649.259
local_termination_time: 342082.54136000003
node_cons: 14318.421142238261
tot_aggregated_send: 9396
tot_msg_rcv: 407
tot_msg_sent: 920
tot_reconf_duration: 13.17
tot_sleeping_duration: 684969.2468400012
tot_uptimes: 179
tot_uptimes_duration: 10680.012159998703
