comms_cons: 72.27966719795941
finished_reconf: true
global_termination_time: 696188.434
local_termination_time: 213447.20324000093
node_cons: 14304.74334560254
tot_aggregated_send: 8932
tot_msg_rcv: 657
tot_msg_sent: 1397
tot_reconf_duration: 3.08
tot_sleeping_duration: 685508.4035999981
tot_uptimes: 179
tot_uptimes_duration: 10680.030400001895
