comms_cons: 70.60700159640008
finished_reconf: true
global_termination_time: 697388.52
local_termination_time: 483217.90836000006
node_cons: 14321.055662238265
tot_aggregated_send: 9338
tot_msg_rcv: 419
tot_msg_sent: 974
tot_reconf_duration: 15.110000000000001
tot_sleeping_duration: 686708.5078400013
tot_uptimes: 179
tot_uptimes_duration: 10680.012159998703
