comms_cons: 69.15459199868563
finished_reconf: true
global_termination_time: 694259.286
local_termination_time: 475414.3416800007
node_cons: 14232.980501121428
tot_aggregated_send: 9744
tot_msg_rcv: 251
tot_msg_sent: 516
tot_reconf_duration: 9.42
tot_sleeping_duration: 683639.279919999
tot_uptimes: 178
tot_uptimes_duration: 10620.006080001069
