comms_cons: 71.46389759733562
finished_reconf: true
global_termination_time: 694131.793
local_termination_time: 227163.7574800001
node_cons: 14245.615305593394
tot_aggregated_send: 9048
tot_msg_rcv: 605
tot_msg_sent: 1210
tot_reconf_duration: 18.700000000000003
tot_sleeping_duration: 683511.7626000049
tot_uptimes: 178
tot_uptimes_duration: 10620.030399995041
