comms_cons: 65.72894080103141
finished_reconf: true
global_termination_time: 645338.261
local_termination_time: 418800.54436000006
node_cons: 13263.05836448571
tot_aggregated_send: 8352
tot_msg_rcv: 475
tot_msg_sent: 1162
tot_reconf_duration: 5.1
tot_sleeping_duration: 635438.2366799958
tot_uptimes: 166
tot_uptimes_duration: 9900.024320004275
