comms_cons: 65.31829760097891
finished_reconf: true
global_termination_time: 645917.593
local_termination_time: 374282.6403600001
node_cons: 13262.640121121445
tot_aggregated_send: 8874
tot_msg_rcv: 361
tot_msg_sent: 693
tot_reconf_duration: 4.8100000000000005
tot_sleeping_duration: 636017.5869199989
tot_uptimes: 166
tot_uptimes_duration: 9900.006080001069
