comms_cons: 217.15965439410667
finished_reconf: true
global_termination_time: 2209722.181
local_termination_time: 2036642.7753599999
node_cons: 45396.282639999605
tot_aggregated_send: 31784
tot_msg_rcv: 404
tot_msg_sent: 819
tot_reconf_duration: 3.08
tot_sleeping_duration: 2175822.181
tot_uptimes: 566
tot_uptimes_duration: 33900.0
