comms_cons: 216.10005748154714
finished_reconf: true
global_termination_time: 1100422.1645199982
local_termination_time: 3504.26636
node_cons: 22659.7682052777
tot_aggregated_send: 0
tot_msg_rcv: 16501
tot_msg_sent: 16344
tot_reconf_duration: 4.390000000000001
tot_sleeping_duration: 1083503.713
tot_uptimes: 282
tot_uptimes_duration: 16918.451519998256
