comms_cons: 218.43967987866253
finished_reconf: true
global_termination_time: 1103194.817
local_termination_time: 2936.90248
node_cons: 22660.04632335513
tot_aggregated_send: 0
tot_msg_rcv: 16838
tot_msg_sent: 16362
tot_reconf_duration: 3.05
tot_sleeping_duration: 1086274.7987600036
tot_uptimes: 283
tot_uptimes_duration: 16920.018239996338
