comms_cons: 112.43834239440346
finished_reconf: true
global_termination_time: 1104628.314
local_termination_time: 109588.0991999999
node_cons: 22666.52398335054
tot_aggregated_send: 15196
tot_msg_rcv: 736
tot_msg_sent: 1157
tot_reconf_duration: 7.819999999999999
tot_sleeping_duration: 1087708.295760007
tot_uptimes: 283
tot_uptimes_duration: 16920.018239992904
