comms_cons: 84.96939520007537
finished_reconf: true
global_termination_time: 872887.206
local_termination_time: 386311.11848000006
node_cons: 17946.58684112149
tot_aggregated_send: 12238
tot_msg_rcv: 181
tot_msg_sent: 495
tot_reconf_duration: 22.65
tot_sleeping_duration: 859507.199919999
tot_uptimes: 224
tot_uptimes_duration: 13380.006080001069
