comms_cons: 83.91055359938309
finished_reconf: true
global_termination_time: 874330.358
local_termination_time: 315117.5654800001
node_cons: 17919.97004112152
tot_aggregated_send: 11484
tot_msg_rcv: 389
tot_msg_sent: 880
tot_reconf_duration: 3.05
tot_sleeping_duration: 860950.3519199989
tot_uptimes: 224
tot_uptimes_duration: 13380.006080001069
