comms_cons: 20.09350400005684
finished_reconf: true
global_termination_time: 205773.71
local_termination_time: 25857.946
node_cons: 4199.0904725605615
tot_aggregated_send: 2836
tot_msg_rcv: 44
tot_msg_sent: 174
tot_reconf_duration: 11.899999999999999
tot_sleeping_duration: 202649.78895999957
tot_uptimes: 53
tot_uptimes_duration: 3123.9210400004195
