comms_cons: 63.3698816067004
finished_reconf: true
global_termination_time: 321910.87360000017
local_termination_time: 3569.9843600000004
node_cons: 6633.178469521686
tot_aggregated_send: 0
tot_msg_rcv: 4882
tot_msg_sent: 4748
tot_reconf_duration: 18.21
tot_sleeping_duration: 316975.5119199989
tot_uptimes: 83
tot_uptimes_duration: 4935.361680001253
