comms_cons: 33.10653440071602
finished_reconf: true
global_termination_time: 323632.935
local_termination_time: 72386.98959999994
node_cons: 6593.849761121477
tot_aggregated_send: 4176
tot_msg_rcv: 332
tot_msg_sent: 524
tot_reconf_duration: 4.390000000000001
tot_sleeping_duration: 318712.9289199989
tot_uptimes: 83
tot_uptimes_duration: 4920.006080001098
