comms_cons: 33.192064000312925
finished_reconf: true
global_termination_time: 324229.171
local_termination_time: 55633.47808000004
node_cons: 6672.370041121442
tot_aggregated_send: 4350
tot_msg_rcv: 232
tot_msg_sent: 463
tot_reconf_duration: 3.05
tot_sleeping_duration: 319249.1649199989
tot_uptimes: 84
tot_uptimes_duration: 4980.006080001069
