comms_cons: 736.8854090896053
finished_reconf: true
global_termination_time: 3730904.006879997
local_termination_time: 3305.2743600000003
node_cons: 76788.21988013724
tot_aggregated_send: 0
tot_msg_rcv: 56581
tot_msg_sent: 55421
tot_reconf_duration: 11.899999999999999
tot_sleeping_duration: 3673568.637440013
tot_uptimes: 956
tot_uptimes_duration: 57335.36943998438
