comms_cons: 75.64106240026558
finished_reconf: true
global_termination_time: 748808.727
local_termination_time: 408313.7728800004
node_cons: 15352.51220112146
tot_aggregated_send: 10498
tot_msg_rcv: 422
tot_msg_sent: 577
tot_reconf_duration: 5.57
tot_sleeping_duration: 737348.720919999
tot_uptimes: 192
tot_uptimes_duration: 11460.006080001069
