comms_cons: 73.61299200067991
finished_reconf: true
global_termination_time: 744154.955
local_termination_time: 416829.220600001
node_cons: 15292.172802401361
tot_aggregated_send: 10150
tot_msg_rcv: 338
tot_msg_sent: 700
tot_reconf_duration: 11.31
tot_sleeping_duration: 732745.833399999
tot_uptimes: 191
tot_uptimes_duration: 11409.121600001003
