comms_cons: 79.83201280072156
finished_reconf: true
global_termination_time: 841630.438
local_termination_time: 498218.46924000053
node_cons: 17277.258182242913
tot_aggregated_send: 11426
tot_msg_rcv: 291
tot_msg_sent: 417
tot_reconf_duration: 3.05
tot_sleeping_duration: 828730.4258399978
tot_uptimes: 216
tot_uptimes_duration: 12900.012160002108
