comms_cons: 81.45770240068649
finished_reconf: true
global_termination_time: 840780.464
local_termination_time: 405531.64736000006
node_cons: 17288.475262242882
tot_aggregated_send: 11484
tot_msg_rcv: 349
tot_msg_sent: 548
tot_reconf_duration: 11.31
tot_sleeping_duration: 827880.4518399979
tot_uptimes: 216
tot_uptimes_duration: 12900.012160002138
