comms_cons: 66.05579519849988
finished_reconf: true
global_termination_time: 647044.519
local_termination_time: 148458.78644000067
node_cons: 13287.602862637421
tot_aggregated_send: 8584
tot_msg_rcv: 482
tot_msg_sent: 975
tot_reconf_duration: 22.65
tot_sleeping_duration: 637143.9632400018
tot_uptimes: 166
tot_uptimes_duration: 9900.555759998068
