comms_cons: 70.39452160856452
finished_reconf: true
global_termination_time: 358389.687
local_termination_time: 126.6810400000002
node_cons: 7345.321823362879
tot_aggregated_send: 0
tot_msg_rcv: 5435
tot_msg_sent: 5262
tot_reconf_duration: 25.299999999999997
tot_sleeping_duration: 352929.6687599979
tot_uptimes: 92
tot_uptimes_duration: 5460.018240002144
