comms_cons: 37.021158400753635
finished_reconf: true
global_termination_time: 357544.092
local_termination_time: 291768.7664800001
node_cons: 7315.0900411215225
tot_aggregated_send: 4640
tot_msg_rcv: 347
tot_msg_sent: 640
tot_reconf_duration: 3.05
tot_sleeping_duration: 352084.08591999894
tot_uptimes: 92
tot_uptimes_duration: 5460.006080001083
