comms_cons: 71.51810560749522
finished_reconf: true
global_termination_time: 355446.42240000045
local_termination_time: 2396.8763600000007
node_cons: 7361.067794722053
tot_aggregated_send: 0
tot_msg_rcv: 5564
tot_msg_sent: 5303
tot_reconf_duration: 6.22
tot_sleeping_duration: 349955.2939199989
tot_uptimes: 92
tot_uptimes_duration: 5491.128480001527
