comms_cons: 35.85068800027811
finished_reconf: true
global_termination_time: 358233.181
local_termination_time: 36675.90768000014
node_cons: 7326.315262240587
tot_aggregated_send: 4872
tot_msg_rcv: 179
tot_msg_sent: 398
tot_reconf_duration: 11.31
tot_sleeping_duration: 352773.16883999953
tot_uptimes: 92
tot_uptimes_duration: 5460.012160000435
