comms_cons: 146.7615231635036
finished_reconf: true
global_termination_time: 751657.5415999999
local_termination_time: 237.13403999999997
node_cons: 15470.570328399881
tot_aggregated_send: 0
tot_msg_rcv: 11178
tot_msg_sent: 11128
tot_reconf_duration: 18.21
tot_sleeping_duration: 740122.186
tot_uptimes: 193
tot_uptimes_duration: 11535.355599999893
