comms_cons: 74.50348799777773
finished_reconf: true
global_termination_time: 751657.2871200005
local_termination_time: 98188.981
node_cons: 15543.179106081423
tot_aggregated_send: 10612
tot_msg_rcv: 233
tot_msg_sent: 479
tot_reconf_duration: 22.65
tot_sleeping_duration: 740072.2083999994
tot_uptimes: 193
tot_uptimes_duration: 11585.078720001038
