comms_cons: 148.28069116101577
finished_reconf: true
global_termination_time: 757025.397
local_termination_time: 2503.59036
node_cons: 15520.987121121454
tot_aggregated_send: 0
tot_msg_rcv: 11348
tot_msg_sent: 11190
tot_reconf_duration: 11.31
tot_sleeping_duration: 745445.3909199989
tot_uptimes: 194
tot_uptimes_duration: 11580.006080001069
