comms_cons: 12.112934400233485
finished_reconf: true
global_termination_time: 87996.907
local_termination_time: 12594.910280000004
node_cons: 1798.2208615208983
tot_aggregated_send: 580
tot_msg_rcv: 564
tot_msg_sent: 698
tot_reconf_duration: 18.21
tot_sleeping_duration: 86672.41731999934
tot_uptimes: 23
tot_uptimes_duration: 1324.48968000067
