comms_cons: 11.009510400278405
finished_reconf: true
global_termination_time: 88205.189
local_termination_time: 54691.397
node_cons: 1818.0430455996868
tot_aggregated_send: 752
tot_msg_rcv: 401
tot_msg_sent: 522
tot_reconf_duration: 22.65
tot_sleeping_duration: 86870.39860000022
tot_uptimes: 23
tot_uptimes_duration: 1334.7903999997725
