comms_cons: 11.50952960007939
finished_reconf: true
global_termination_time: 89081.759
local_termination_time: 51800.18736000002
node_cons: 1784.6641044788914
tot_aggregated_send: 522
tot_msg_rcv: 479
tot_msg_sent: 750
tot_reconf_duration: 12.629999999999999
tot_sleeping_duration: 87761.73468000084
tot_uptimes: 23
tot_uptimes_duration: 1320.0243199991673
