comms_cons: 13.708563200059528
finished_reconf: true
global_termination_time: 90731.588
local_termination_time: 41860.130480000014
node_cons: 1852.0107467203284
tot_aggregated_send: 464
tot_msg_rcv: 738
tot_msg_sent: 882
tot_reconf_duration: 3.05
tot_sleeping_duration: 89351.55151999976
tot_uptimes: 24
tot_uptimes_duration: 1380.0364800002426
