comms_cons: 11.659596799945511
finished_reconf: true
global_termination_time: 86516.416
local_termination_time: 47112.08428000007
node_cons: 1775.9511833597353
tot_aggregated_send: 522
tot_msg_rcv: 494
tot_msg_sent: 757
tot_reconf_duration: 6.22
tot_sleeping_duration: 85196.3977600002
tot_uptimes: 23
tot_uptimes_duration: 1320.0182399998012
