comms_cons: 11.55870080010852
finished_reconf: true
global_termination_time: 91827.483
local_termination_time: 45265.43696000012
node_cons: 1863.195262239439
tot_aggregated_send: 522
tot_msg_rcv: 430
tot_msg_sent: 805
tot_reconf_duration: 11.31
tot_sleeping_duration: 90447.4708400004
tot_uptimes: 24
tot_uptimes_duration: 1380.0121599995837
