comms_cons: 121.15499518815312
finished_reconf: true
global_termination_time: 1181649.011
local_termination_time: 382799.7262000002
node_cons: 24283.650119018486
tot_aggregated_send: 15370
tot_msg_rcv: 971
tot_msg_sent: 2074
tot_reconf_duration: 15.34
tot_sleeping_duration: 1163528.9076400162
tot_uptimes: 303
tot_uptimes_duration: 18120.103359983885
