comms_cons: 120.15592959156648
finished_reconf: true
global_termination_time: 1178730.491
local_termination_time: 678221.392879999
node_cons: 24189.282082238267
tot_aggregated_send: 15660
tot_msg_rcv: 971
tot_msg_sent: 1632
tot_reconf_duration: 5.1
tot_sleeping_duration: 1160670.4788400014
tot_uptimes: 302
tot_uptimes_duration: 18060.012159998703
