comms_cons: 119.4522367913957
finished_reconf: true
global_termination_time: 1182586.665
local_termination_time: 265635.7523600001
node_cons: 24266.91959342508
tot_aggregated_send: 15080
tot_msg_rcv: 1085
tot_msg_sent: 1992
tot_reconf_duration: 3.05
tot_sleeping_duration: 1164466.5920400112
tot_uptimes: 303
tot_uptimes_duration: 18120.072959988785
