comms_cons: 121.02438399021099
finished_reconf: true
global_termination_time: 1177487.757
local_termination_time: 311551.27936000004
node_cons: 24193.057253420448
tot_aggregated_send: 15544
tot_msg_rcv: 1043
tot_msg_sent: 1808
tot_reconf_duration: 7.819999999999999
tot_sleeping_duration: 1159427.6840400146
tot_uptimes: 302
tot_uptimes_duration: 18060.072959985366
