comms_cons: 38.971827200087986
finished_reconf: true
global_termination_time: 400343.232
local_termination_time: 5840.71
node_cons: 8224.129581121439
tot_aggregated_send: 5605
tot_msg_rcv: 138
tot_msg_sent: 180
tot_reconf_duration: 21.68
tot_sleeping_duration: 394223.22591999895
tot_uptimes: 103
tot_uptimes_duration: 6120.006080001069
