comms_cons: 77.93062399888088
finished_reconf: true
global_termination_time: 783692.967
local_termination_time: 556129.5464399986
node_cons: 16085.901142238343
tot_aggregated_send: 10904
tot_msg_rcv: 297
tot_msg_sent: 644
tot_reconf_duration: 13.17
tot_sleeping_duration: 771692.9548400012
tot_uptimes: 201
tot_uptimes_duration: 12000.012159998703
