comms_cons: 79.254131197938
finished_reconf: true
global_termination_time: 781379.5762400004
local_termination_time: 100078.60035999997
node_cons: 16144.466397203689
tot_aggregated_send: 10498
tot_msg_rcv: 494
tot_msg_sent: 1055
tot_reconf_duration: 4.390000000000001
tot_sleeping_duration: 769326.9214399977
tot_uptimes: 201
tot_uptimes_duration: 12052.65480000274
