comms_cons: 77.50955519822503
finished_reconf: true
global_termination_time: 783168.42
local_termination_time: 74576.60211999944
node_cons: 16072.19310336101
tot_aggregated_send: 10440
tot_msg_rcv: 422
tot_msg_sent: 919
tot_reconf_duration: 3.05
tot_sleeping_duration: 771168.3817599993
tot_uptimes: 201
tot_uptimes_duration: 12000.038240000751
