comms_cons: 78.25203199660359
finished_reconf: true
global_termination_time: 787485.863
local_termination_time: 555430.24836
node_cons: 16156.794901116975
tot_aggregated_send: 10846
tot_msg_rcv: 302
tot_msg_sent: 746
tot_reconf_duration: 6.22
tot_sleeping_duration: 775425.8569200024
tot_uptimes: 202
tot_uptimes_duration: 12060.006079997635
