comms_cons: 78.96980479798565
finished_reconf: true
global_termination_time: 781686.452
local_termination_time: 301980.91508000065
node_cons: 16083.42410895767
tot_aggregated_send: 10614
tot_msg_rcv: 458
tot_msg_sent: 930
tot_reconf_duration: 11.31
tot_sleeping_duration: 769686.4033600017
tot_uptimes: 201
tot_uptimes_duration: 12000.048639998247
