comms_cons: 14.145279999655806
finished_reconf: true
global_termination_time: 118195.299
local_termination_time: 57084.939
node_cons: 2416.756403357451
tot_aggregated_send: 1160
tot_msg_rcv: 406
tot_msg_sent: 584
tot_reconf_duration: 4.8100000000000005
tot_sleeping_duration: 116395.2807600019
tot_uptimes: 31
tot_uptimes_duration: 1800.0182399980986
