comms_cons: 380.9883136217583
finished_reconf: true
global_termination_time: 3878566.623
local_termination_time: 2316791.7663600002
node_cons: 79785.20034223239
tot_aggregated_send: 53476
tot_msg_rcv: 1522
tot_msg_sent: 2910
tot_reconf_duration: 5.57
tot_sleeping_duration: 3818986.610840005
tot_uptimes: 994
tot_uptimes_duration: 59580.0121599955
