comms_cons: 392.1311424621253
finished_reconf: true
global_termination_time: 3882765.601
local_termination_time: 935930.61136
node_cons: 79864.51640334858
tot_aggregated_send: 53650
tot_msg_rcv: 1949
tot_msg_sent: 4002
tot_reconf_duration: 4.8100000000000005
tot_sleeping_duration: 3823125.582760007
tot_uptimes: 995
tot_uptimes_duration: 59640.0182399929
