comms_cons: 391.4763712712001
finished_reconf: true
global_termination_time: 3878040.6384799997
local_termination_time: 3878040.5973599995
node_cons: 79829.39608318514
tot_aggregated_send: 54042
tot_msg_rcv: 1907
tot_msg_sent: 3553
tot_reconf_duration: 24.59
tot_sleeping_duration: 3818446.909680009
tot_uptimes: 994
tot_uptimes_duration: 59593.72879999061
