comms_cons: 58.60814079965529
finished_reconf: true
global_termination_time: 565188.939
local_termination_time: 191850.96904000075
node_cons: 11589.832425602564
tot_aggregated_send: 7366
tot_msg_rcv: 562
tot_msg_sent: 981
tot_reconf_duration: 15.34
tot_sleeping_duration: 556548.9085999981
tot_uptimes: 145
tot_uptimes_duration: 8640.03040000191
