comms_cons: 56.1327616000467
finished_reconf: true
global_termination_time: 564277.692
local_termination_time: 498417.9094800001
node_cons: 11575.491980000013
tot_aggregated_send: 7888
tot_msg_rcv: 194
tot_msg_sent: 449
tot_reconf_duration: 4.8100000000000005
tot_sleeping_duration: 555637.692
tot_uptimes: 145
tot_uptimes_duration: 8640.0
