comms_cons: 111.64867840654965
finished_reconf: true
global_termination_time: 561881.1991199991
local_termination_time: 482.9641599999995
node_cons: 11544.69921167875
tot_aggregated_send: 0
tot_msg_rcv: 8647
tot_msg_sent: 8322
tot_reconf_duration: 4.390000000000001
tot_sleeping_duration: 553263.77
tot_uptimes: 144
tot_uptimes_duration: 8617.429119999055
