comms_cons: 833.3515586384809
finished_reconf: true
global_termination_time: 8323129.194
local_termination_time: 2261604.9433600004
node_cons: 171212.19361228272
tot_aggregated_send: 115072
tot_msg_rcv: 4094
tot_msg_sent: 7496
tot_reconf_duration: 5.57
tot_sleeping_duration: 8195269.127120024
tot_uptimes: 2132
tot_uptimes_duration: 127860.06687997631
