comms_cons: 63.42474240287252
finished_reconf: true
global_termination_time: 215503.88848000017
local_termination_time: 2071.901040000001
node_cons: 8942.855318720234
tot_aggregated_send: 0
tot_msg_rcv: 3200
tot_msg_sent: 6439
tot_reconf_duration: 4.390000000000001
tot_sleeping_duration: 208829.584
tot_uptimes: 112
tot_uptimes_duration: 6674.304480000166
