comms_cons: 366.7516224578075
finished_reconf: true
global_termination_time: 3645240.948
local_termination_time: 300385.85080000025
node_cons: 74975.16998893443
tot_aggregated_send: 50866
tot_msg_rcv: 1630
tot_msg_sent: 3246
tot_reconf_duration: 13.17
tot_sleeping_duration: 3589260.8993600174
tot_uptimes: 934
tot_uptimes_duration: 55980.04863998224
