comms_cons: 367.62256644599915
finished_reconf: true
global_termination_time: 3648653.996
local_termination_time: 1152822.3935199983
node_cons: 75048.61134893425
tot_aggregated_send: 50518
tot_msg_rcv: 1698
tot_msg_sent: 3659
tot_reconf_duration: 8.09
tot_sleeping_duration: 3592613.947360018
tot_uptimes: 935
tot_uptimes_duration: 56040.04863998201
