comms_cons: 74.09300480941592
finished_reconf: true
global_termination_time: 377686.7746000002
local_termination_time: 1182.7423600000002
node_cons: 7739.733128400257
tot_aggregated_send: 0
tot_msg_rcv: 5684
tot_msg_sent: 5575
tot_reconf_duration: 4.8100000000000005
tot_sleeping_duration: 371911.419
tot_uptimes: 97
tot_uptimes_duration: 5775.3556000001845
