comms_cons: 1.3684735999992659
finished_reconf: true
global_termination_time: 5748.446
local_termination_time: 539.0744799999999
node_cons: 98.22485999999995
tot_aggregated_send: 0
tot_msg_rcv: 161
tot_msg_sent: 47
tot_reconf_duration: 13.17
tot_sleeping_duration: 5688.446
tot_uptimes: 2
tot_uptimes_duration: 60.0
