comms_cons: 1.4449919999993972
finished_reconf: true
global_termination_time: 5298.947
local_termination_time: 520.5973599999999
node_cons: 90.95955999999991
tot_aggregated_send: 0
tot_msg_rcv: 165
tot_msg_sent: 54
tot_reconf_duration: 7.819999999999999
tot_sleeping_duration: 5238.947
tot_uptimes: 2
tot_uptimes_duration: 60.0
