comms_cons: 63.54094080118233
finished_reconf: true
global_termination_time: 631971.937
local_termination_time: 347182.4004000004
node_cons: 12942.30406000003
tot_aggregated_send: 8584
tot_msg_rcv: 437
tot_msg_sent: 637
tot_reconf_duration: 5.57
tot_sleeping_duration: 622311.937
tot_uptimes: 162
tot_uptimes_duration: 9660.0
