comms_cons: 64.8116992001659
finished_reconf: true
global_termination_time: 626562.873
local_termination_time: 158244.4457200001
node_cons: 12941.296403364307
tot_aggregated_send: 8410
tot_msg_rcv: 507
tot_msg_sent: 934
tot_reconf_duration: 4.8100000000000005
tot_sleeping_duration: 616902.8547599969
tot_uptimes: 161
tot_uptimes_duration: 9660.018240003206
