comms_cons: 105.49485439703018
finished_reconf: true
global_termination_time: 1057324.14
local_termination_time: 727628.1675999998
node_cons: 21709.68486000009
tot_aggregated_send: 14906
tot_msg_rcv: 386
tot_msg_sent: 742
tot_reconf_duration: 13.17
tot_sleeping_duration: 1041124.1399999999
tot_uptimes: 271
tot_uptimes_duration: 16200.0
