comms_cons: 108.74101759198574
finished_reconf: true
global_termination_time: 1056297.984
local_termination_time: 19550.11468
node_cons: 21697.818607831654
tot_aggregated_send: 14094
tot_msg_rcv: 861
tot_msg_sent: 1573
tot_reconf_duration: 4.390000000000001
tot_sleeping_duration: 1040097.9414400063
tot_uptimes: 271
tot_uptimes_duration: 16200.042559993744
