comms_cons: 103.85987839725031
finished_reconf: true
global_termination_time: 1055890.756
local_termination_time: 717225.8933599999
node_cons: 21707.16712111678
tot_aggregated_send: 15312
tot_msg_rcv: 135
tot_msg_sent: 339
tot_reconf_duration: 11.31
tot_sleeping_duration: 1039690.7499200024
tot_uptimes: 271
tot_uptimes_duration: 16200.006079997635
