comms_cons: 73.88295039990003
finished_reconf: true
global_termination_time: 727633.8743199996
local_termination_time: 727633.8331999996
node_cons: 15004.884513201154
tot_aggregated_send: 9846
tot_msg_rcv: 432
tot_msg_sent: 949
tot_reconf_duration: 24.59
tot_sleeping_duration: 716452.7755199987
tot_uptimes: 187
tot_uptimes_duration: 11181.098800000836
