comms_cons: 74.54821120030877
finished_reconf: true
global_termination_time: 729327.321
local_termination_time: 419859.1503600001
node_cons: 14964.136848966902
tot_aggregated_send: 9338
tot_msg_rcv: 698
tot_msg_sent: 1294
tot_reconf_duration: 15.34
tot_sleeping_duration: 718167.2723599949
tot_uptimes: 187
tot_uptimes_duration: 11160.048640005116
