comms_cons: 73.6522623981655
finished_reconf: true
global_termination_time: 729754.974
local_termination_time: 442433.97708000016
node_cons: 14951.792663359674
tot_aggregated_send: 9512
tot_msg_rcv: 617
tot_msg_sent: 1065
tot_reconf_duration: 6.279999999999999
tot_sleeping_duration: 718594.9557600003
tot_uptimes: 187
tot_uptimes_duration: 11160.018239999772
