comms_cons: 75.55456000148762
finished_reconf: true
global_termination_time: 731937.622
local_termination_time: 416318.07936000003
node_cons: 15031.002786723999
tot_aggregated_send: 9454
tot_msg_rcv: 744
tot_msg_sent: 1286
tot_reconf_duration: 5.43
tot_sleeping_duration: 720717.5855199969
tot_uptimes: 188
tot_uptimes_duration: 11220.036480002978
