comms_cons: 0.7631871999974807
finished_reconf: true
global_termination_time: 6514.497
local_termination_time: 3124.59136
node_cons: 105.73459999999974
tot_aggregated_send: 0
tot_msg_rcv: 72
tot_msg_sent: 43
tot_reconf_duration: 18.700000000000003
tot_sleeping_duration: 6454.497
tot_uptimes: 2
tot_uptimes_duration: 60.0
