comms_cons: 85.22750079698177
finished_reconf: true
global_termination_time: 834221.466
local_termination_time: 423305.55136000004
node_cons: 17123.055842233698
tot_aggregated_send: 11368
tot_msg_rcv: 602
tot_msg_sent: 984
tot_reconf_duration: 7.819999999999999
tot_sleeping_duration: 821441.4538400047
tot_uptimes: 214
tot_uptimes_duration: 12780.012159995269
