comms_cons: 145.38876159361743
finished_reconf: true
global_termination_time: 1494824.839
local_termination_time: 921903.7689599987
node_cons: 30696.428262233792
tot_aggregated_send: 20822
tot_msg_rcv: 459
tot_msg_sent: 817
tot_reconf_duration: 4.8100000000000005
tot_sleeping_duration: 1471904.8268400047
tot_uptimes: 383
tot_uptimes_duration: 22920.01215999527
