comms_cons: 147.66734719339277
finished_reconf: true
global_termination_time: 1493484.504
local_termination_time: 832089.6127999985
node_cons: 30694.038182233773
tot_aggregated_send: 20938
tot_msg_rcv: 400
tot_msg_sent: 1107
tot_reconf_duration: 3.05
tot_sleeping_duration: 1470564.4918400047
tot_uptimes: 383
tot_uptimes_duration: 22920.01215999527
