comms_cons: 148.2227967938456
finished_reconf: true
global_termination_time: 1492263.068
local_termination_time: 760218.2795199993
node_cons: 30700.507701116967
tot_aggregated_send: 21170
tot_msg_rcv: 377
tot_msg_sent: 982
tot_reconf_duration: 7.819999999999999
tot_sleeping_duration: 1469343.0619200023
tot_uptimes: 383
tot_uptimes_duration: 22920.006079997635
