comms_cons: 906.9003714228072
finished_reconf: true
global_termination_time: 9147537.246
local_termination_time: 1304614.82836
node_cons: 188177.18499004742
tot_aggregated_send: 125918
tot_msg_rcv: 3953
tot_msg_sent: 7970
tot_reconf_duration: 15.34
tot_sleeping_duration: 9007017.191280019
tot_uptimes: 2343
tot_uptimes_duration: 140520.05471998057
