comms_cons: 3649.6081517452308
finished_reconf: true
global_termination_time: 9144726.296
local_termination_time: 2585991.0500000003
node_cons: 554055.3615829877
tot_aggregated_send: 0
tot_msg_rcv: 224381
tot_msg_sent: 330341
tot_reconf_duration: 5.57
tot_sleeping_duration: 8730949.001360023
tot_uptimes: 6774
tot_uptimes_duration: 413777.29463997664
