comms_cons: 887.7107137503815
finished_reconf: true
global_termination_time: 9145527.228
local_termination_time: 5583758.15936
node_cons: 188171.16638222785
tot_aggregated_send: 126672
tot_msg_rcv: 2731
tot_msg_sent: 5523
tot_reconf_duration: 10.95
tot_sleeping_duration: 9005007.215840004
tot_uptimes: 2343
tot_uptimes_duration: 140520.01215999573
