comms_cons: 919.5504770866485
finished_reconf: true
global_termination_time: 9144756.68
local_termination_time: 576805.4822799983
node_cons: 188082.59409674836
tot_aggregated_send: 127194
tot_msg_rcv: 4204
tot_msg_sent: 8366
tot_reconf_duration: 4.8100000000000005
tot_sleeping_duration: 9004296.588800034
tot_uptimes: 2342
tot_uptimes_duration: 140460.09119996638
