comms_cons: 912.7236162474836
finished_reconf: true
global_termination_time: 9144740.124
local_termination_time: 830416.4425999998
node_cons: 188086.64911228136
tot_aggregated_send: 127136
tot_msg_rcv: 3637
tot_msg_sent: 7955
tot_reconf_duration: 7.819999999999999
tot_sleeping_duration: 9004280.057120023
tot_uptimes: 2342
tot_uptimes_duration: 140460.06687997608
