comms_cons: 912.5883138490558
finished_reconf: true
global_termination_time: 9144950.54
local_termination_time: 946961.03136
node_cons: 188084.47631228107
tot_aggregated_send: 127020
tot_msg_rcv: 3845
tot_msg_sent: 7842
tot_reconf_duration: 6.22
tot_sleeping_duration: 9004490.473120024
tot_uptimes: 2342
tot_uptimes_duration: 140460.06687997584
