comms_cons: 407.6603904167487
finished_reconf: true
global_termination_time: 4111470.226759998
local_termination_time: 4111470.185639998
node_cons: 84631.36758686863
tot_aggregated_send: 59378
tot_msg_rcv: 907
tot_msg_sent: 1676
tot_reconf_duration: 24.59
tot_sleeping_duration: 4048290.260840005
tot_uptimes: 1053
tot_uptimes_duration: 63179.96591999335
