comms_cons: 402.2782208076308
finished_reconf: true
global_termination_time: 4113035.66
local_termination_time: 2886402.28448
node_cons: 84615.90485999771
tot_aggregated_send: 59102
tot_msg_rcv: 601
tot_msg_sent: 1440
tot_reconf_duration: 13.17
tot_sleeping_duration: 4049855.66
tot_uptimes: 1054
tot_uptimes_duration: 63180.0
