comms_cons: 149.49258239432282
finished_reconf: true
global_termination_time: 1510397.318
local_termination_time: 686611.7917999994
node_cons: 31032.071720000007
tot_aggregated_send: 21808
tot_msg_rcv: 347
tot_msg_sent: 566
tot_reconf_duration: 15.34
tot_sleeping_duration: 1487237.318
tot_uptimes: 387
tot_uptimes_duration: 23160.0
