comms_cons: 149.7294335915081
finished_reconf: true
global_termination_time: 1508484.791
local_termination_time: 655478.9593599999
node_cons: 31018.80405999998
tot_aggregated_send: 21170
tot_msg_rcv: 542
tot_msg_sent: 1046
tot_reconf_duration: 5.57
tot_sleeping_duration: 1485324.791
tot_uptimes: 387
tot_uptimes_duration: 23160.0
