comms_cons: 145.60988159252506
finished_reconf: true
global_termination_time: 1457575.9544799998
local_termination_time: 1457575.91336
node_cons: 30036.013784313203
tot_aggregated_send: 20680
tot_msg_rcv: 509
tot_msg_sent: 941
tot_reconf_duration: 37.410000000000004
tot_sleeping_duration: 1435182.2196000048
tot_uptimes: 374
tot_uptimes_duration: 22393.73487999488
