comms_cons: 153.9964351786168
finished_reconf: true
global_termination_time: 1458401.025
local_termination_time: 765790.6813599998
node_cons: 29971.067768943845
tot_aggregated_send: 18676
tot_msg_rcv: 1778
tot_msg_sent: 2953
tot_reconf_duration: 3.08
tot_sleeping_duration: 1436020.9763600118
tot_uptimes: 374
tot_uptimes_duration: 22380.048639987945
