comms_cons: 149.70768638558036
finished_reconf: true
global_termination_time: 1459816.641
local_termination_time: 466643.30664000043
node_cons: 29997.651970056166
tot_aggregated_send: 19430
tot_msg_rcv: 1129
tot_msg_sent: 2194
tot_reconf_duration: 22.65
tot_sleeping_duration: 1437436.5862800179
tot_uptimes: 374
tot_uptimes_duration: 22380.054719982145
