comms_cons: 151.20835838027287
finished_reconf: true
global_termination_time: 1459083.979
local_termination_time: 780518.0333599999
node_cons: 29984.044810051542
tot_aggregated_send: 19198
tot_msg_rcv: 1351
tot_msg_sent: 2434
tot_reconf_duration: 12.629999999999999
tot_sleeping_duration: 1436703.9242800213
tot_uptimes: 374
tot_uptimes_duration: 22380.05471997871
