comms_cons: 144.87193598800047
finished_reconf: true
global_termination_time: 1458254.598
local_termination_time: 1223798.0753600001
node_cons: 29981.73894670589
tot_aggregated_send: 19430
tot_msg_rcv: 788
tot_msg_sent: 1801
tot_reconf_duration: 10.95
tot_sleeping_duration: 1435874.5615200107
tot_uptimes: 374
tot_uptimes_duration: 22380.03647998924
