comms_cons: 147.78979199036027
finished_reconf: true
global_termination_time: 1457576.22924
local_termination_time: 102682.30999999946
node_cons: 29994.13591943
tot_aggregated_send: 19778
tot_msg_rcv: 871
tot_msg_sent: 1814
tot_reconf_duration: 3.05
tot_sleeping_duration: 1435178.9222800075
tot_uptimes: 374
tot_uptimes_duration: 22397.306959992507
