comms_cons: 150.441241580076
finished_reconf: true
global_termination_time: 1458921.555
local_termination_time: 798915.4323599999
node_cons: 29982.260391172884
tot_aggregated_send: 18850
tot_msg_rcv: 1352
tot_msg_sent: 2666
tot_reconf_duration: 11.31
tot_sleeping_duration: 1436541.49420002
tot_uptimes: 374
tot_uptimes_duration: 22380.06079997978
