comms_cons: 0.7500288000016724
finished_reconf: true
global_termination_time: 6538.889
local_termination_time: 1317.3113600000001
node_cons: 90.95955999999991
tot_aggregated_send: 0
tot_msg_rcv: 63
tot_msg_sent: 51
tot_reconf_duration: 7.819999999999999
tot_sleeping_duration: 6478.889
tot_uptimes: 2
tot_uptimes_duration: 60.0
