comms_cons: 0.7237119999976113
finished_reconf: true
global_termination_time: 6304.192
local_termination_time: 2779.0883599999997
node_cons: 93.13235999999948
tot_aggregated_send: 0
tot_msg_rcv: 60
tot_msg_sent: 50
tot_reconf_duration: 9.42
tot_sleeping_duration: 6244.192
tot_uptimes: 2
tot_uptimes_duration: 60.0
