comms_cons: 46.35704320049255
finished_reconf: true
global_termination_time: 463503.721
local_termination_time: 72196.95671999967
node_cons: 9504.849180000021
tot_aggregated_send: 6380
tot_msg_rcv: 219
tot_msg_sent: 447
tot_reconf_duration: 18.21
tot_sleeping_duration: 456423.721
tot_uptimes: 119
tot_uptimes_duration: 7080.0
