comms_cons: 46.1850112004461
finished_reconf: true
global_termination_time: 461747.2434800002
local_termination_time: 90633.32935999997
node_cons: 9530.04868096311
tot_aggregated_send: 6380
tot_msg_rcv: 190
tot_msg_sent: 449
tot_reconf_duration: 22.65
tot_sleeping_duration: 454652.9268399979
tot_uptimes: 119
tot_uptimes_duration: 7094.316640002304
