comms_cons: 48.03806080110013
finished_reconf: true
global_termination_time: 464020.831
local_termination_time: 10350.150240000003
node_cons: 9488.591183362023
tot_aggregated_send: 6032
tot_msg_rcv: 454
tot_msg_sent: 813
tot_reconf_duration: 6.22
tot_sleeping_duration: 456940.8127599985
tot_uptimes: 119
tot_uptimes_duration: 7080.018240001504
