comms_cons: 11.651763199976541
finished_reconf: true
global_termination_time: 8595.951240000002
local_termination_time: 2999.624040000001
node_cons: 1478.260837480009
tot_aggregated_send: 0
tot_msg_rcv: 828
tot_msg_sent: 942
tot_reconf_duration: 4.390000000000001
tot_sleeping_duration: 7496.399919999995
tot_uptimes: 18
tot_uptimes_duration: 1099.5513200000069
