comms_cons: 210.6822847779163
finished_reconf: true
global_termination_time: 2088313.464
local_termination_time: 984374.7277599982
node_cons: 42908.11640335019
tot_aggregated_send: 28710
tot_msg_rcv: 1048
tot_msg_sent: 2263
tot_reconf_duration: 4.8100000000000005
tot_sleeping_duration: 2056273.445760007
tot_uptimes: 535
tot_uptimes_duration: 32040.018239992904
