comms_cons: 211.4225919788122
finished_reconf: true
global_termination_time: 2092755.39
local_termination_time: 161320.18036000003
node_cons: 42992.56026558374
tot_aggregated_send: 28942
tot_msg_rcv: 1105
tot_msg_sent: 2088
tot_reconf_duration: 7.819999999999999
tot_sleeping_duration: 2060655.3596000117
tot_uptimes: 536
tot_uptimes_duration: 32100.030399988173
