comms_cons: 209.49560318723132
finished_reconf: true
global_termination_time: 2092068.61
local_termination_time: 144801.44348000007
node_cons: 42997.32410893886
tot_aggregated_send: 29174
tot_msg_rcv: 999
tot_msg_sent: 1669
tot_reconf_duration: 11.31
tot_sleeping_duration: 2059968.5613600155
tot_uptimes: 536
tot_uptimes_duration: 32100.04863998451
