comms_cons: 113.19513599770963
finished_reconf: true
global_termination_time: 1140586.2694799998
local_termination_time: 1140586.2283599998
node_cons: 23506.476920960424
tot_aggregated_send: 16461
tot_msg_rcv: 271
tot_msg_sent: 472
tot_reconf_duration: 21.23
tot_sleeping_duration: 1123052.5528399996
tot_uptimes: 293
tot_uptimes_duration: 17533.71664000028
