comms_cons: 234.7968191867683
finished_reconf: true
global_termination_time: 2314611.12
local_termination_time: 282515.7338800009
node_cons: 47571.95654782676
tot_aggregated_send: 31436
tot_msg_rcv: 1348
tot_msg_sent: 2904
tot_reconf_duration: 7.819999999999999
tot_sleeping_duration: 2279091.0774400095
tot_uptimes: 593
tot_uptimes_duration: 35520.04255999054
