comms_cons: 79.9307007996855
finished_reconf: true
global_termination_time: 786763.817
local_termination_time: 957.5041200000001
node_cons: 16177.838427840841
tot_aggregated_send: 10324
tot_msg_rcv: 634
tot_msg_sent: 1191
tot_reconf_duration: 21.68
tot_sleeping_duration: 774703.7744399995
tot_uptimes: 202
tot_uptimes_duration: 12060.042560000613
