comms_cons: 60.97070080120008
finished_reconf: true
global_termination_time: 597048.982
local_termination_time: 165528.69636000006
node_cons: 12242.479405607162
tot_aggregated_send: 7714
tot_msg_rcv: 466
tot_msg_sent: 1088
tot_reconf_duration: 22.65
tot_sleeping_duration: 587928.9515999947
tot_uptimes: 153
tot_uptimes_duration: 9120.030400005344
