comms_cons: 119.65139839796788
finished_reconf: true
global_termination_time: 593867.92
local_termination_time: 3385.72536
node_cons: 12219.276624481141
tot_aggregated_send: 0
tot_msg_rcv: 9356
tot_msg_sent: 8826
tot_reconf_duration: 5.57
tot_sleeping_duration: 584747.8956799991
tot_uptimes: 153
tot_uptimes_duration: 9120.02432000084
