comms_cons: 59.75793920034556
finished_reconf: true
global_termination_time: 596592.792
local_termination_time: 178326.03848000005
node_cons: 12224.480501121416
tot_aggregated_send: 8294
tot_msg_rcv: 270
tot_msg_sent: 519
tot_reconf_duration: 9.42
tot_sleeping_duration: 587472.785919999
tot_uptimes: 153
tot_uptimes_duration: 9120.006080001061
