comms_cons: 59.89045760043357
finished_reconf: true
global_termination_time: 596036.817
local_termination_time: 226766.14308000062
node_cons: 12227.84020000001
tot_aggregated_send: 8120
tot_msg_rcv: 319
tot_msg_sent: 664
tot_reconf_duration: 11.899999999999999
tot_sleeping_duration: 586916.817
tot_uptimes: 153
tot_uptimes_duration: 9120.0
