comms_cons: 60.88885760037488
finished_reconf: true
global_termination_time: 596017.23
local_termination_time: 173581.21336000008
node_cons: 12217.666043364326
tot_aggregated_send: 8004
tot_msg_rcv: 437
tot_msg_sent: 813
tot_reconf_duration: 4.390000000000001
tot_sleeping_duration: 586897.2117599968
tot_uptimes: 153
tot_uptimes_duration: 9120.018240003206
