comms_cons: 59.47001599919478
finished_reconf: true
global_termination_time: 596254.469
local_termination_time: 249601.18432000064
node_cons: 12222.307701121419
tot_aggregated_send: 8352
tot_msg_rcv: 228
tot_msg_sent: 460
tot_reconf_duration: 7.819999999999999
tot_sleeping_duration: 587134.462919999
tot_uptimes: 153
tot_uptimes_duration: 9120.006080001069
