comms_cons: 580.2198019936618
finished_reconf: true
global_termination_time: 3387542.692
local_termination_time: 1694867.501119998
node_cons: 69663.36522781705
tot_aggregated_send: 0
tot_msg_rcv: 44392
tot_msg_sent: 43798
tot_reconf_duration: 6.279999999999999
tot_sleeping_duration: 3335522.649440016
tot_uptimes: 868
tot_uptimes_duration: 52020.042559983965
