comms_cons: 579.9620931909519
finished_reconf: true
global_termination_time: 3388461.172
local_termination_time: 1697447.8474799998
node_cons: 69661.7546466999
tot_aggregated_send: 0
tot_msg_rcv: 44379
tot_msg_sent: 43771
tot_reconf_duration: 5.1
tot_sleeping_duration: 3336441.1355200135
tot_uptimes: 868
tot_uptimes_duration: 52020.03647998627
