comms_cons: 347.54686725088226
finished_reconf: true
global_termination_time: 3391931.556
local_termination_time: 322448.0633600001
node_cons: 69765.9682522892
tot_aggregated_send: 46052
tot_msg_rcv: 2488
tot_msg_sent: 4286
tot_reconf_duration: 22.65
tot_sleeping_duration: 3339851.4891200215
tot_uptimes: 869
tot_uptimes_duration: 52080.06687997811
