comms_cons: 338.6921728251919
finished_reconf: true
global_termination_time: 3386991.604
local_termination_time: 485377.92936000007
node_cons: 69671.98038670437
tot_aggregated_send: 47212
tot_msg_rcv: 1474
tot_msg_sent: 2793
tot_reconf_duration: 12.629999999999999
tot_sleeping_duration: 3334971.5675200103
tot_uptimes: 868
tot_uptimes_duration: 52020.036479989474
