comms_cons: 339.25644801277315
finished_reconf: true
global_termination_time: 3388837.403
local_termination_time: 1462929.6810799986
node_cons: 69662.19464558316
tot_aggregated_send: 46922
tot_msg_rcv: 1501
tot_msg_sent: 3142
tot_reconf_duration: 5.43
tot_sleeping_duration: 3336817.372600011
tot_uptimes: 868
tot_uptimes_duration: 52020.03039998864
