comms_cons: 128.1481151900731
finished_reconf: true
global_termination_time: 1254498.96
local_termination_time: 428794.428
node_cons: 25813.279478467088
tot_aggregated_send: 16749
tot_msg_rcv: 977
tot_msg_sent: 1751
tot_reconf_duration: 15.34
tot_sleeping_duration: 1235236.4896800097
tot_uptimes: 322
tot_uptimes_duration: 19262.4703199903
