comms_cons: 127.4271999913306
finished_reconf: true
global_termination_time: 1253721.05
local_termination_time: 473981.7433600001
node_cons: 25796.74476558421
tot_aggregated_send: 16298
tot_msg_rcv: 918
tot_msg_sent: 2154
tot_reconf_duration: 5.57
tot_sleeping_duration: 1234461.0196000119
tot_uptimes: 322
tot_uptimes_duration: 19260.030399988173
