comms_cons: 431.58612484220293
finished_reconf: true
global_termination_time: 4333677.155
local_termination_time: 1402666.39436
node_cons: 89117.94056669965
tot_aggregated_send: 60320
tot_msg_rcv: 1786
tot_msg_sent: 3490
tot_reconf_duration: 15.34
tot_sleeping_duration: 4267137.118520013
tot_uptimes: 1110
tot_uptimes_duration: 66540.0364799865
