comms_cons: 432.5335680605329
finished_reconf: true
global_termination_time: 4333810.208
local_termination_time: 3107841.7200399996
node_cons: 89104.0020822317
tot_aggregated_send: 59972
tot_msg_rcv: 1831
tot_msg_sent: 3938
tot_reconf_duration: 5.1
tot_sleeping_duration: 4267270.195840004
tot_uptimes: 1110
tot_uptimes_duration: 66540.0121599955
