comms_cons: 36.448768000258
finished_reconf: true
global_termination_time: 370138.019
local_termination_time: 55718.77716000006
node_cons: 7558.491980000006
tot_aggregated_send: 5278
tot_msg_rcv: 92
tot_msg_sent: 170
tot_reconf_duration: 4.8100000000000005
tot_sleeping_duration: 364498.019
tot_uptimes: 95
tot_uptimes_duration: 5640.0
