comms_cons: 36.73790720008251
finished_reconf: true
global_termination_time: 371509.37
local_termination_time: 62590.95648000002
node_cons: 7638.269761121449
tot_aggregated_send: 5336
tot_msg_rcv: 77
tot_msg_sent: 170
tot_reconf_duration: 4.390000000000001
tot_sleeping_duration: 365809.3639199989
tot_uptimes: 96
tot_uptimes_duration: 5700.006080001069
