comms_cons: 173.12506879158337
finished_reconf: true
global_termination_time: 1738490.864
local_termination_time: 957782.4353599999
node_cons: 35838.59022335038
tot_aggregated_send: 23896
tot_msg_rcv: 732
tot_msg_sent: 1686
tot_reconf_duration: 5.1
tot_sleeping_duration: 1711730.8457600072
tot_uptimes: 446
tot_uptimes_duration: 26760.018239992904
