comms_cons: 342.1312125290489
finished_reconf: true
global_termination_time: 1739466.658
local_termination_time: 2292.34648
node_cons: 35759.77118335502
tot_aggregated_send: 0
tot_msg_rcv: 26189
tot_msg_sent: 25813
tot_reconf_duration: 6.22
tot_sleeping_duration: 1712766.639760004
tot_uptimes: 446
tot_uptimes_duration: 26700.018239996338
