comms_cons: 153.01245439043194
finished_reconf: true
global_termination_time: 1513057.265
local_termination_time: 635535.2133599999
node_cons: 31100.043042233832
tot_aggregated_send: 20822
tot_msg_rcv: 812
tot_msg_sent: 1623
tot_reconf_duration: 6.22
tot_sleeping_duration: 1489837.2528400046
tot_uptimes: 388
tot_uptimes_duration: 23220.01215999527
