comms_cons: 151.01237759278047
finished_reconf: true
global_termination_time: 1517098.273
local_termination_time: 778300.4933599998
node_cons: 31179.306955074157
tot_aggregated_send: 21460
tot_msg_rcv: 454
tot_msg_sent: 1039
tot_reconf_duration: 5.43
tot_sleeping_duration: 1493818.2632800045
tot_uptimes: 389
tot_uptimes_duration: 23280.009719995665
