comms_cons: 333.1377920161151
finished_reconf: true
global_termination_time: 3370405.086
local_termination_time: 1082397.24936
node_cons: 69341.9482399985
tot_aggregated_send: 48720
tot_msg_rcv: 700
tot_msg_sent: 1215
tot_reconf_duration: 6.279999999999999
tot_sleeping_duration: 3318625.086
tot_uptimes: 864
tot_uptimes_duration: 51780.0
