comms_cons: 334.20362240893854
finished_reconf: true
global_termination_time: 3369525.8956399993
local_termination_time: 3369525.854519999
node_cons: 69330.17389519527
tot_aggregated_send: 48648
tot_msg_rcv: 788
tot_msg_sent: 1360
tot_reconf_duration: 24.59
tot_sleeping_duration: 3317773.2588400017
tot_uptimes: 863
tot_uptimes_duration: 51752.636799997825
