comms_cons: 335.93557760444594
finished_reconf: true
global_termination_time: 3373436.571
local_termination_time: 1269216.3833599999
node_cons: 69340.02787449257
tot_aggregated_send: 45414
tot_msg_rcv: 1980
tot_msg_sent: 3666
tot_reconf_duration: 4.8100000000000005
tot_sleeping_duration: 3321656.514320019
tot_uptimes: 864
tot_uptimes_duration: 51780.0566799806
