comms_cons: 342.586150440847
finished_reconf: true
global_termination_time: 3370541.253
local_termination_time: 421342.9980000009
node_cons: 69339.4711722888
tot_aggregated_send: 45240
tot_msg_rcv: 2134
tot_msg_sent: 4698
tot_reconf_duration: 4.390000000000001
tot_sleeping_duration: 3318761.186120022
tot_uptimes: 864
tot_uptimes_duration: 51780.06687997788
