comms_cons: 239.8842111961825
finished_reconf: true
global_termination_time: 2406857.198
local_termination_time: 682107.7990799986
node_cons: 49500.42621999928
tot_aggregated_send: 34336
tot_msg_rcv: 740
tot_msg_sent: 1385
tot_reconf_duration: 8.09
tot_sleeping_duration: 2369897.198
tot_uptimes: 617
tot_uptimes_duration: 36960.0
