comms_cons: 244.4382719834211
finished_reconf: true
global_termination_time: 2408477.079
local_termination_time: 772074.289
node_cons: 49495.75729292502
tot_aggregated_send: 32710
tot_msg_rcv: 1526
tot_msg_sent: 2918
tot_reconf_duration: 3.05
tot_sleeping_duration: 2371515.4543600255
tot_uptimes: 617
tot_uptimes_duration: 36961.624639974325
