comms_cons: 242.33167358023564
finished_reconf: true
global_termination_time: 2407505.415
local_termination_time: 808830.21936
node_cons: 49497.95188893872
tot_aggregated_send: 31900
tot_msg_rcv: 1557
tot_msg_sent: 3376
tot_reconf_duration: 6.22
tot_sleeping_duration: 2370545.3663600152
tot_uptimes: 617
tot_uptimes_duration: 36960.04863998451
