comms_cons: 572.3772416438457
finished_reconf: true
global_termination_time: 5765081.009919998
local_termination_time: 5765080.968799998
node_cons: 118685.68358022434
tot_aggregated_send: 82984
tot_msg_rcv: 1357
tot_msg_sent: 2656
tot_reconf_duration: 24.59
tot_sleeping_duration: 5676468.395760006
tot_uptimes: 1477
tot_uptimes_duration: 88612.61415999127
