comms_cons: 566.788032070662
finished_reconf: true
global_termination_time: 5769705.162
local_termination_time: 2747668.475519999
node_cons: 118683.06056669867
tot_aggregated_send: 80620
tot_msg_rcv: 1782
tot_msg_sent: 3745
tot_reconf_duration: 15.34
tot_sleeping_duration: 5681085.125520012
tot_uptimes: 1478
tot_uptimes_duration: 88620.03647998697
