comms_cons: 576.8933377299411
finished_reconf: true
global_termination_time: 5765332.572
local_termination_time: 1295888.76636
node_cons: 118592.51654781582
tot_aggregated_send: 79808
tot_msg_rcv: 2613
tot_msg_sent: 5263
tot_reconf_duration: 7.819999999999999
tot_sleeping_duration: 5676772.529440015
tot_uptimes: 1477
tot_uptimes_duration: 88560.0425599846
