comms_cons: 83.01438720002922
finished_reconf: true
global_termination_time: 807011.532
local_termination_time: 87091.23831999963
node_cons: 16565.431544481165
tot_aggregated_send: 10730
tot_msg_rcv: 703
tot_msg_sent: 1185
tot_reconf_duration: 11.31
tot_sleeping_duration: 794651.5076799991
tot_uptimes: 207
tot_uptimes_duration: 12360.02432000084
