comms_cons: 82.10165119966436
finished_reconf: true
global_termination_time: 806658.863
local_termination_time: 338274.39536
node_cons: 16557.462786723998
tot_aggregated_send: 10904
tot_msg_rcv: 529
tot_msg_sent: 1045
tot_reconf_duration: 5.43
tot_sleeping_duration: 794298.826519997
tot_uptimes: 207
tot_uptimes_duration: 12360.036480002978
