comms_cons: 237.50254078959085
finished_reconf: true
global_termination_time: 2368277.7404799997
local_termination_time: 2368277.6993599995
node_cons: 48737.88121213027
tot_aggregated_send: 33162
tot_msg_rcv: 942
tot_msg_sent: 1994
tot_reconf_duration: 24.59
tot_sleeping_duration: 2331903.963040021
tot_uptimes: 607
tot_uptimes_duration: 36373.7774399785
