comms_cons: 54.521830400479814
finished_reconf: true
global_termination_time: 543598.785
local_termination_time: 24829.345839999998
node_cons: 11182.618980000012
tot_aggregated_send: 7772
tot_msg_rcv: 235
tot_msg_sent: 280
tot_reconf_duration: 11.31
tot_sleeping_duration: 535258.785
tot_uptimes: 140
tot_uptimes_duration: 8340.0
