comms_cons: 185.33182722333524
finished_reconf: true
global_termination_time: 383049.7216000001
local_termination_time: 383049.6804800001
node_cons: 23328.631098119902
tot_aggregated_send: 0
tot_msg_rcv: 11367
tot_msg_sent: 16801
tot_reconf_duration: 24.59
tot_sleeping_duration: 365652.2325200002
tot_uptimes: 286
tot_uptimes_duration: 17397.48907999989
