comms_cons: 76.02168320934737
finished_reconf: true
global_termination_time: 383050.3216000002
local_termination_time: 2337.11236
node_cons: 7918.642892883696
tot_aggregated_send: 0
tot_msg_rcv: 5874
tot_msg_sent: 5679
tot_reconf_duration: 18.21
tot_sleeping_duration: 377154.9416799974
tot_uptimes: 99
tot_uptimes_duration: 5895.379920002753
