comms_cons: 269.4780800139415
finished_reconf: true
global_termination_time: 2808328.54
local_termination_time: 2780.6962399999998
node_cons: 57851.6660067006
tot_aggregated_send: 39150
tot_msg_rcv: 609
tot_msg_sent: 1201
tot_reconf_duration: 5.02
tot_sleeping_duration: 2765128.5035200138
tot_uptimes: 720
tot_uptimes_duration: 43200.03647998627
