comms_cons: 325.3062656132097
finished_reconf: true
global_termination_time: 3279736.566919999
local_termination_time: 3279736.525799999
node_cons: 67491.3268982325
tot_aggregated_send: 47128
tot_msg_rcv: 785
tot_msg_sent: 1531
tot_reconf_duration: 37.410000000000004
tot_sleeping_duration: 3229370.2307600034
tot_uptimes: 840
tot_uptimes_duration: 50366.3361599957
