comms_cons: 323.6512128041386
finished_reconf: true
global_termination_time: 3280827.332
local_termination_time: 573005.324
node_cons: 67496.59436111533
tot_aggregated_send: 47383
tot_msg_rcv: 535
tot_msg_sent: 1275
tot_reconf_duration: 8.09
tot_sleeping_duration: 3230427.3259200025
tot_uptimes: 841
tot_uptimes_duration: 50400.006079997635
