comms_cons: 325.63819520297415
finished_reconf: true
global_termination_time: 3282612.993
local_termination_time: 603081.5033599999
node_cons: 67497.97952111535
tot_aggregated_send: 47038
tot_msg_rcv: 896
tot_msg_sent: 1561
tot_reconf_duration: 9.11
tot_sleeping_duration: 3232212.9869200024
tot_uptimes: 841
tot_uptimes_duration: 50400.006079997635
