comms_cons: 328.003596817428
finished_reconf: true
global_termination_time: 3283421.379
local_termination_time: 1036073.8403599979
node_cons: 67492.93323755723
tot_aggregated_send: 45066
tot_msg_rcv: 1521
tot_msg_sent: 3266
tot_reconf_duration: 4.8100000000000005
tot_sleeping_duration: 3233020.7806000314
tot_uptimes: 841
tot_uptimes_duration: 50400.59839996905
