comms_cons: 335.7013888400937
finished_reconf: true
global_termination_time: 3283604.801
local_termination_time: 1109212.2967999983
node_cons: 67489.84773451838
tot_aggregated_send: 43964
tot_msg_rcv: 2497
tot_msg_sent: 4563
tot_reconf_duration: 3.05
tot_sleeping_duration: 3233204.72196003
tot_uptimes: 841
tot_uptimes_duration: 50400.07903997018
