comms_cons: 328.9443072155308
finished_reconf: true
global_termination_time: 3280782.896
local_termination_time: 1497091.01448
node_cons: 67496.29283005172
tot_aggregated_send: 44892
tot_msg_rcv: 1582
tot_msg_sent: 3523
tot_reconf_duration: 7.819999999999999
tot_sleeping_duration: 3230382.8412800203
tot_uptimes: 841
tot_uptimes_duration: 50400.054719979875
