comms_cons: 136.72235519529576
finished_reconf: true
global_termination_time: 1387748.026
local_termination_time: 965861.6221199989
node_cons: 28527.625800000013
tot_aggregated_send: 20184
tot_msg_rcv: 195
tot_msg_sent: 402
tot_reconf_duration: 5.1
tot_sleeping_duration: 1366448.026
tot_uptimes: 356
tot_uptimes_duration: 21300.0
