comms_cons: 139.07833598866142
finished_reconf: true
global_termination_time: 1389186.619
local_termination_time: 145969.30544000067
node_cons: 28527.272685584205
tot_aggregated_send: 19140
tot_msg_rcv: 657
tot_msg_sent: 1342
tot_reconf_duration: 4.8100000000000005
tot_sleeping_duration: 1367886.5886000118
tot_uptimes: 356
tot_uptimes_duration: 21300.030399988173
