comms_cons: 137.24680319376267
finished_reconf: true
global_termination_time: 1388574.332
local_termination_time: 565454.984879999
node_cons: 28536.05897999996
tot_aggregated_send: 19952
tot_msg_rcv: 280
tot_msg_sent: 628
tot_reconf_duration: 11.31
tot_sleeping_duration: 1367274.332
tot_uptimes: 356
tot_uptimes_duration: 21300.0
