comms_cons: 2.3158783999923473
finished_reconf: true
global_termination_time: 11817.931240000009
local_termination_time: 9341.17636
node_cons: 303.6858693600101
tot_aggregated_send: 0
tot_msg_rcv: 181
tot_msg_sent: 171
tot_reconf_duration: 6.22
tot_sleeping_duration: 11597.439
tot_uptimes: 4
tot_uptimes_duration: 220.49224000000822
