comms_cons: 184.47481598123355
finished_reconf: true
global_termination_time: 1807313.96648
local_termination_time: 1807313.92536
node_cons: 37168.93749438153
tot_aggregated_send: 24288
tot_msg_rcv: 1237
tot_msg_sent: 2514
tot_reconf_duration: 24.59
tot_sleeping_duration: 1779580.1768800137
tot_uptimes: 463
tot_uptimes_duration: 27733.789599986296
