comms_cons: 184.37089918232547
finished_reconf: true
global_termination_time: 1810652.426
local_termination_time: 29828.535240000005
node_cons: 37239.45302342401
tot_aggregated_send: 24534
tot_msg_rcv: 1164
tot_msg_sent: 2325
tot_reconf_duration: 18.21
tot_sleeping_duration: 1782859.5030400117
tot_uptimes: 464
tot_uptimes_duration: 27792.922959988166
