comms_cons: 181.73191678347666
finished_reconf: true
global_termination_time: 1810291.328
local_termination_time: 129053.75135999995
node_cons: 37231.8523839829
tot_aggregated_send: 24534
tot_msg_rcv: 1067
tot_msg_sent: 2022
tot_reconf_duration: 25.299999999999997
tot_sleeping_duration: 1782511.2720000127
tot_uptimes: 464
tot_uptimes_duration: 27780.05599998735
