comms_cons: 175.2088447942969
finished_reconf: true
global_termination_time: 1811415.67
local_termination_time: 903932.05236
node_cons: 37201.57004111675
tot_aggregated_send: 24824
tot_msg_rcv: 577
tot_msg_sent: 1230
tot_reconf_duration: 3.05
tot_sleeping_duration: 1783635.6639200023
tot_uptimes: 464
tot_uptimes_duration: 27780.006079997635
