comms_cons: 240.9829374527773
finished_reconf: true
global_termination_time: 1779071.812
local_termination_time: 255361.69448000006
node_cons: 36561.27268559324
tot_aggregated_send: 0
tot_msg_rcv: 18525
tot_msg_sent: 18103
tot_reconf_duration: 4.8100000000000005
tot_sleeping_duration: 1751771.7816000048
tot_uptimes: 456
tot_uptimes_duration: 27300.03039999504
