comms_cons: 168.68410879610028
finished_reconf: true
global_termination_time: 1779106.965
local_termination_time: 939443.659119999
node_cons: 36563.14676000001
tot_aggregated_send: 24592
tot_msg_rcv: 300
tot_msg_sent: 747
tot_reconf_duration: 6.22
tot_sleeping_duration: 1751806.965
tot_uptimes: 456
tot_uptimes_duration: 27300.0
