comms_cons: 198.66615038570922
finished_reconf: true
global_termination_time: 2089571.374
local_termination_time: 6193.745
node_cons: 43016.349723350104
tot_aggregated_send: 27757
tot_msg_rcv: 829
tot_msg_sent: 1611
tot_reconf_duration: 25.35
tot_sleeping_duration: 2057471.3557600072
tot_uptimes: 536
tot_uptimes_duration: 32100.018239992904
