comms_cons: 1.5197951999949793
finished_reconf: true
global_termination_time: 10752.338
local_termination_time: 5941.35936
node_cons: 169.12676000000033
tot_aggregated_send: 0
tot_msg_rcv: 120
tot_msg_sent: 111
tot_reconf_duration: 6.22
tot_sleeping_duration: 10632.338
tot_uptimes: 3
tot_uptimes_duration: 120.0
