comms_cons: 294.01364482362203
finished_reconf: true
global_termination_time: 2921334.252
local_termination_time: 1529445.1593599997
node_cons: 60101.72650446706
tot_aggregated_send: 40600
tot_msg_rcv: 1304
tot_msg_sent: 2785
tot_reconf_duration: 5.43
tot_sleeping_duration: 2876454.227680009
tot_uptimes: 749
tot_uptimes_duration: 44880.02431999124
