comms_cons: 419.4167292840386
finished_reconf: true
global_termination_time: 2140258.5815999974
local_termination_time: 1493.8024800000003
node_cons: 44071.626610629966
tot_aggregated_send: 0
tot_msg_rcv: 31970
tot_msg_sent: 31778
tot_reconf_duration: 18.21
tot_sleeping_duration: 2107363.2138400045
tot_uptimes: 549
tot_uptimes_duration: 32895.367759992834
