comms_cons: 210.28999679364557
finished_reconf: true
global_termination_time: 2143387.253
local_termination_time: 740052.5617599981
node_cons: 44036.955842233314
tot_aggregated_send: 29812
tot_msg_rcv: 758
tot_msg_sent: 1393
tot_reconf_duration: 7.819999999999999
tot_sleeping_duration: 2110507.2408400048
tot_uptimes: 549
tot_uptimes_duration: 32880.01215999527
