comms_cons: 137.0058879949997
finished_reconf: true
global_termination_time: 1379259.285
local_termination_time: 440598.38200000004
node_cons: 28376.66806208138
tot_aggregated_send: 19421
tot_msg_rcv: 360
tot_msg_sent: 1044
tot_reconf_duration: 11.31
tot_sleeping_duration: 1358078.3222799988
tot_uptimes: 354
tot_uptimes_duration: 21180.962720001
