comms_cons: 191.6217087841846
finished_reconf: true
global_termination_time: 1896010.6604799998
local_termination_time: 1896010.61936
node_cons: 39034.13861401725
tot_aggregated_send: 26364
tot_msg_rcv: 1001
tot_msg_sent: 1762
tot_reconf_duration: 37.410000000000004
tot_sleeping_duration: 1866896.8921200167
tot_uptimes: 486
tot_uptimes_duration: 29113.768359983165
