comms_cons: 187.8565247934078
finished_reconf: true
global_termination_time: 1897855.068
local_termination_time: 790821.3992799981
node_cons: 39049.42263999972
tot_aggregated_send: 27550
tot_msg_rcv: 366
tot_msg_sent: 638
tot_reconf_duration: 3.08
tot_sleeping_duration: 1868695.068
tot_uptimes: 487
tot_uptimes_duration: 29160.0
