comms_cons: 295.72507522540985
finished_reconf: true
global_termination_time: 2955567.756279997
local_termination_time: 32412.134480000008
node_cons: 60784.32079621182
tot_aggregated_send: 41122
tot_msg_rcv: 1072
tot_msg_sent: 2754
tot_reconf_duration: 5.1
tot_sleeping_duration: 2910177.618120017
tot_uptimes: 757
tot_uptimes_duration: 45390.13815997982
