comms_cons: 260.05134078730316
finished_reconf: true
global_termination_time: 2581647.267999998
local_termination_time: 2581647.267999998
node_cons: 53221.30761516912
tot_aggregated_send: 36004
tot_msg_rcv: 1134
tot_msg_sent: 2389
tot_reconf_duration: 24.59
tot_sleeping_duration: 2541925.15120002
tot_uptimes: 662
tot_uptimes_duration: 39722.11679997778
