comms_cons: 261.3473599908611
finished_reconf: true
global_termination_time: 2586195.745
local_termination_time: 525533.2113599998
node_cons: 53192.06278781728
tot_aggregated_send: 35786
tot_msg_rcv: 1322
tot_msg_sent: 2615
tot_reconf_duration: 5.1
tot_sleeping_duration: 2546475.7024400164
tot_uptimes: 663
tot_uptimes_duration: 39720.042559983674
