comms_cons: 73.38439679598022
finished_reconf: true
global_termination_time: 722993.977
local_termination_time: 387990.55148
node_cons: 14869.850223355084
tot_aggregated_send: 10034
tot_msg_rcv: 425
tot_msg_sent: 695
tot_reconf_duration: 5.1
tot_sleeping_duration: 711893.9587600037
tot_uptimes: 186
tot_uptimes_duration: 11100.018239996336
