comms_cons: 73.331763199589
finished_reconf: true
global_termination_time: 720805.209
local_termination_time: 282362.28624000045
node_cons: 14788.521619999961
tot_aggregated_send: 9686
tot_msg_rcv: 493
tot_msg_sent: 967
tot_reconf_duration: 4.390000000000001
tot_sleeping_duration: 709765.209
tot_uptimes: 185
tot_uptimes_duration: 11040.0
