comms_cons: 525.3228027782328
finished_reconf: true
global_termination_time: 1896256.733
local_termination_time: 607786.1025999999
node_cons: 77323.27970199824
tot_aggregated_send: 0
tot_msg_rcv: 26796
tot_msg_sent: 53050
tot_reconf_duration: 13.17
tot_sleeping_duration: 1838523.0550000002
tot_uptimes: 956
tot_uptimes_duration: 57733.67800000001
