comms_cons: 193.0929407763619
finished_reconf: true
global_termination_time: 1899673.35
local_termination_time: 481443.23436000006
node_cons: 39055.93283005128
tot_aggregated_send: 25694
tot_msg_rcv: 1155
tot_msg_sent: 2500
tot_reconf_duration: 7.819999999999999
tot_sleeping_duration: 1870513.2952800214
tot_uptimes: 487
tot_uptimes_duration: 29160.05471997871
