comms_cons: 194.67007357365873
finished_reconf: true
global_termination_time: 1898182.643
local_termination_time: 847740.5153599998
node_cons: 39060.6234033502
tot_aggregated_send: 25114
tot_msg_rcv: 1630
tot_msg_sent: 2844
tot_reconf_duration: 11.31
tot_sleeping_duration: 1869022.624760007
tot_uptimes: 487
tot_uptimes_duration: 29160.018239992904
