comms_cons: 59.936512000346575
finished_reconf: true
global_termination_time: 621503.996
local_termination_time: 11278.259600000001
node_cons: 12780.600121120026
tot_aggregated_send: 8410
tot_msg_rcv: 270
tot_msg_sent: 430
tot_reconf_duration: 4.8100000000000005
tot_sleeping_duration: 611963.9899200001
tot_uptimes: 160
tot_uptimes_duration: 9540.006080000005
