comms_cons: 61.79745279871729
finished_reconf: true
global_termination_time: 622346.803
local_termination_time: 76714.41063999949
node_cons: 12780.021620000018
tot_aggregated_send: 8874
tot_msg_rcv: 174
tot_msg_sent: 344
tot_reconf_duration: 4.390000000000001
tot_sleeping_duration: 612806.803
tot_uptimes: 160
tot_uptimes_duration: 9540.0
