comms_cons: 268.7011072009502
finished_reconf: true
global_termination_time: 2666283.559
local_termination_time: 1328931.1513599998
node_cons: 54822.654982232634
tot_aggregated_send: 37236
tot_msg_rcv: 1302
tot_msg_sent: 2303
tot_reconf_duration: 22.65
tot_sleeping_duration: 2625363.5468400046
tot_uptimes: 683
tot_uptimes_duration: 40920.01215999527
