comms_cons: 267.0363199953102
finished_reconf: true
global_termination_time: 2666490.256
local_termination_time: 549452.1663599998
node_cons: 54812.76056670068
tot_aggregated_send: 37294
tot_msg_rcv: 1036
tot_msg_sent: 2259
tot_reconf_duration: 15.34
tot_sleeping_duration: 2625570.219520014
tot_uptimes: 683
tot_uptimes_duration: 40920.03647998627
