comms_cons: 268.86727040572663
finished_reconf: true
global_termination_time: 2667724.441
local_termination_time: 911304.9143599998
node_cons: 54879.81662446667
tot_aggregated_send: 36656
tot_msg_rcv: 1251
tot_msg_sent: 2959
tot_reconf_duration: 5.57
tot_sleeping_duration: 2626744.416680009
tot_uptimes: 684
tot_uptimes_duration: 40980.02431999077
