comms_cons: 265.0019328086838
finished_reconf: true
global_termination_time: 2668683.718
local_termination_time: 1779876.3493599999
node_cons: 54890.104859998995
tot_aggregated_send: 38338
tot_msg_rcv: 675
tot_msg_sent: 1265
tot_reconf_duration: 13.17
tot_sleeping_duration: 2627703.718
tot_uptimes: 684
tot_uptimes_duration: 40980.0
