comms_cons: 268.1546624112806
finished_reconf: true
global_termination_time: 2670671.635
local_termination_time: 438912.96804000024
node_cons: 54878.214184466364
tot_aggregated_send: 37352
tot_msg_rcv: 1141
tot_msg_sent: 2264
tot_reconf_duration: 4.390000000000001
tot_sleeping_duration: 2629691.6106800092
tot_uptimes: 684
tot_uptimes_duration: 40980.02431999054
