comms_cons: 268.8128448035462
finished_reconf: true
global_termination_time: 2666506.271
local_termination_time: 111.36648000000002
node_cons: 54807.287826700405
tot_aggregated_send: 37062
tot_msg_rcv: 1302
tot_msg_sent: 2493
tot_reconf_duration: 11.31
tot_sleeping_duration: 2625586.2345200144
tot_uptimes: 683
tot_uptimes_duration: 40920.03647998604
