comms_cons: 290.2996480146703
finished_reconf: true
global_termination_time: 2926409.971
local_termination_time: 532384.6471599983
node_cons: 60196.269304054935
tot_aggregated_send: 41238
tot_msg_rcv: 1012
tot_msg_sent: 1873
tot_reconf_duration: 15.34
tot_sleeping_duration: 2881469.3902800176
tot_uptimes: 750
tot_uptimes_duration: 44940.58071998216
