comms_cons: 289.68217601455814
finished_reconf: true
global_termination_time: 2931886.983
local_termination_time: 1810701.2943599997
node_cons: 60272.88485999876
tot_aggregated_send: 42398
tot_msg_rcv: 542
tot_msg_sent: 1090
tot_reconf_duration: 13.17
tot_sleeping_duration: 2886886.983
tot_uptimes: 751
tot_uptimes_duration: 45000.0
