comms_cons: 292.6004864102135
finished_reconf: true
global_termination_time: 2925510.8481199914
local_termination_time: 118327.84235999998
node_cons: 60236.24972860673
tot_aggregated_send: 41122
tot_msg_rcv: 1118
tot_msg_sent: 2233
tot_reconf_duration: 5.43
tot_sleeping_duration: 2880530.3583600153
tot_uptimes: 750
tot_uptimes_duration: 44980.489759975986
