comms_cons: 136.40523519837183
finished_reconf: true
global_termination_time: 1388202.57848
local_termination_time: 1388202.53736
node_cons: 28572.451659836675
tot_aggregated_send: 20228
tot_msg_rcv: 148
tot_msg_sent: 356
tot_reconf_duration: 24.59
tot_sleeping_duration: 1366888.8679200024
tot_uptimes: 356
tot_uptimes_duration: 21313.710559997475
