comms_cons: 137.76810239494387
finished_reconf: true
global_termination_time: 1388202.9214800003
local_termination_time: 44183.59148000001
node_cons: 28597.064662075347
tot_aggregated_send: 19836
tot_msg_rcv: 357
tot_msg_sent: 745
tot_reconf_duration: 18.21
tot_sleeping_duration: 1366864.358760004
tot_uptimes: 356
tot_uptimes_duration: 21338.562719996495
