comms_cons: 139.1961343914247
finished_reconf: true
global_termination_time: 1392955.366
local_termination_time: 1049131.0067999994
node_cons: 28611.6758422338
tot_aggregated_send: 19546
tot_msg_rcv: 624
tot_msg_sent: 987
tot_reconf_duration: 7.819999999999999
tot_sleeping_duration: 1371595.3538400047
tot_uptimes: 357
tot_uptimes_duration: 21360.01215999527
