comms_cons: 139.11060479455273
finished_reconf: true
global_termination_time: 1389528.086
local_termination_time: 1055961.8788399997
node_cons: 28529.146760000007
tot_aggregated_send: 19430
tot_msg_rcv: 646
tot_msg_sent: 1068
tot_reconf_duration: 6.22
tot_sleeping_duration: 1368228.086
tot_uptimes: 356
tot_uptimes_duration: 21300.0
