comms_cons: 38.100147200238595
finished_reconf: true
global_termination_time: 373897.717
local_termination_time: 258602.49536000006
node_cons: 7638.840121121437
tot_aggregated_send: 5104
tot_msg_rcv: 284
tot_msg_sent: 403
tot_reconf_duration: 4.8100000000000005
tot_sleeping_duration: 368197.71091999894
tot_uptimes: 96
tot_uptimes_duration: 5700.006080001069
