comms_cons: 36.7187840001737
finished_reconf: true
global_termination_time: 375116.969
local_termination_time: 21920.52816
node_cons: 7718.609761121439
tot_aggregated_send: 4872
tot_msg_rcv: 242
tot_msg_sent: 467
tot_reconf_duration: 4.390000000000001
tot_sleeping_duration: 369356.9629199989
tot_uptimes: 97
tot_uptimes_duration: 5760.006080001069
