comms_cons: 39.652838401365315
finished_reconf: true
global_termination_time: 374285.098
local_termination_time: 172150.04848000008
node_cons: 7640.7711833643025
tot_aggregated_send: 4640
tot_msg_rcv: 516
tot_msg_sent: 871
tot_reconf_duration: 6.22
tot_sleeping_duration: 368585.0797599968
tot_uptimes: 96
tot_uptimes_duration: 5700.018240003206
