comms_cons: 275.56151661155866
finished_reconf: true
global_termination_time: 1886630.409
local_termination_time: 226968.63672000007
node_cons: 38835.04382894823
tot_aggregated_send: 0
tot_msg_rcv: 21232
tot_msg_sent: 20654
tot_reconf_duration: 22.65
tot_sleeping_duration: 1857650.3603600084
tot_uptimes: 484
tot_uptimes_duration: 28980.04863999138
