comms_cons: 184.5136639944283
finished_reconf: true
global_termination_time: 1887966.728
local_termination_time: 1363102.4488399988
node_cons: 38838.57739999985
tot_aggregated_send: 27202
tot_msg_rcv: 265
tot_msg_sent: 578
tot_reconf_duration: 25.299999999999997
tot_sleeping_duration: 1858986.728
tot_uptimes: 484
tot_uptimes_duration: 28980.0
