comms_cons: 275.36499181101516
finished_reconf: true
global_termination_time: 1886218.959
local_termination_time: 230703.12336000006
node_cons: 38810.80896782221
tot_aggregated_send: 0
tot_msg_rcv: 21170
tot_msg_sent: 20688
tot_reconf_duration: 4.8100000000000005
tot_sleeping_duration: 1857238.916440013
tot_uptimes: 484
tot_uptimes_duration: 28980.042559986876
