comms_cons: 189.32003838346205
finished_reconf: true
global_termination_time: 1889535.784
local_termination_time: 318761.1952000002
node_cons: 38814.920971172716
tot_aggregated_send: 25404
tot_msg_rcv: 1179
tot_msg_sent: 2193
tot_reconf_duration: 7.819999999999999
tot_sleeping_duration: 1860555.7232000204
tot_uptimes: 484
tot_uptimes_duration: 28980.06079997978
