comms_cons: 158.01825279706134
finished_reconf: true
global_termination_time: 1608230.498
local_termination_time: 376180.34936000005
node_cons: 33027.11394000003
tot_aggregated_send: 23142
tot_msg_rcv: 231
tot_msg_sent: 644
tot_reconf_duration: 5.43
tot_sleeping_duration: 1583570.498
tot_uptimes: 412
tot_uptimes_duration: 24660.0
