comms_cons: 158.27644159708618
finished_reconf: true
global_termination_time: 1607093.689
local_termination_time: 816419.0029999999
node_cons: 33040.57986111683
tot_aggregated_send: 23358
tot_msg_rcv: 234
tot_msg_sent: 465
tot_reconf_duration: 15.34
tot_sleeping_duration: 1582433.6829200024
tot_uptimes: 412
tot_uptimes_duration: 24660.006079997635
