comms_cons: 46.88960000063421
finished_reconf: true
global_termination_time: 468256.751
local_termination_time: 225678.7585600007
node_cons: 9568.914901121445
tot_aggregated_send: 6496
tot_msg_rcv: 227
tot_msg_sent: 403
tot_reconf_duration: 6.22
tot_sleeping_duration: 461116.7449199989
tot_uptimes: 120
tot_uptimes_duration: 7140.006080001069
