comms_cons: 47.009318400098515
finished_reconf: true
global_termination_time: 469332.997
local_termination_time: 386872.5124800001
node_cons: 9656.15898000001
tot_aggregated_send: 6670
tot_msg_rcv: 195
tot_msg_sent: 280
tot_reconf_duration: 11.31
tot_sleeping_duration: 462132.997
tot_uptimes: 121
tot_uptimes_duration: 7200.0
