comms_cons: 27.823436800296903
finished_reconf: true
global_termination_time: 276878.111
local_termination_time: 17051.411640000002
node_cons: 5658.157400000005
tot_aggregated_send: 3654
tot_msg_rcv: 193
tot_msg_sent: 382
tot_reconf_duration: 25.299999999999997
tot_sleeping_duration: 272678.111
tot_uptimes: 71
tot_uptimes_duration: 4200.0
