comms_cons: 28.955539200631655
finished_reconf: true
global_termination_time: 279425.508
local_termination_time: 233327.8654000004
node_cons: 5716.53580336318
tot_aggregated_send: 3770
tot_msg_rcv: 288
tot_msg_sent: 343
tot_reconf_duration: 9.11
tot_sleeping_duration: 275165.4897599976
tot_uptimes: 72
tot_uptimes_duration: 4260.018240002355
