comms_cons: 94.12948479704866
finished_reconf: true
global_termination_time: 931724.056
local_termination_time: 181361.7138400006
node_cons: 19129.36676000003
tot_aggregated_send: 12934
tot_msg_rcv: 504
tot_msg_sent: 869
tot_reconf_duration: 6.22
tot_sleeping_duration: 917444.056
tot_uptimes: 239
tot_uptimes_duration: 14280.0
