comms_cons: 2.091212799993597
finished_reconf: true
global_termination_time: 14420.74248
local_termination_time: 14420.701360000001
node_cons: 310.1730787199995
tot_aggregated_send: 0
tot_msg_rcv: 161
tot_msg_sent: 156
tot_reconf_duration: 37.410000000000004
tot_sleeping_duration: 14227.038
tot_uptimes: 4
tot_uptimes_duration: 193.70448000000033
