comms_cons: 564.0035841345601
finished_reconf: true
global_termination_time: 5643937.665
local_termination_time: 2307473.48336
node_cons: 116112.18870781593
tot_aggregated_send: 78474
tot_msg_rcv: 2426
tot_msg_sent: 4825
tot_reconf_duration: 15.34
tot_sleeping_duration: 5557237.622440015
tot_uptimes: 1446
tot_uptimes_duration: 86700.04255998484
