comms_cons: 2473.0815224588137
finished_reconf: true
global_termination_time: 5643757.743
local_termination_time: 1622965.21624
node_cons: 341930.8735300659
tot_aggregated_send: 0
tot_msg_rcv: 152090
tot_msg_sent: 223808
tot_reconf_duration: 6.22
tot_sleeping_duration: 5388401.188280022
tot_uptimes: 4182
tot_uptimes_duration: 255356.55471997822
