comms_cons: 1006.50482150714
finished_reconf: true
global_termination_time: 5644585.466
local_termination_time: 1622975.5618399999
node_cons: 116106.71596781591
tot_aggregated_send: 0
tot_msg_rcv: 76935
tot_msg_sent: 76044
tot_reconf_duration: 11.31
tot_sleeping_duration: 5557885.423440015
tot_uptimes: 1446
tot_uptimes_duration: 86700.0425599846
