comms_cons: 11.83911680002069
finished_reconf: true
global_termination_time: 91703.872
local_termination_time: 55150.05640000017
node_cons: 1879.952028958815
tot_aggregated_send: 580
tot_msg_rcv: 527
tot_msg_sent: 694
tot_reconf_duration: 18.21
tot_sleeping_duration: 90318.34336000089
tot_uptimes: 24
tot_uptimes_duration: 1385.5286399991164
