comms_cons: 12.633945600004445
finished_reconf: true
global_termination_time: 91664.203
local_termination_time: 24655.48236
node_cons: 1860.2158033605913
tot_aggregated_send: 580
tot_msg_rcv: 629
tot_msg_sent: 712
tot_reconf_duration: 9.11
tot_sleeping_duration: 90284.18475999955
tot_uptimes: 24
tot_uptimes_duration: 1380.0182400004414
