comms_cons: 11.173580800070177
finished_reconf: true
global_termination_time: 91592.415
local_termination_time: 8907.13348
node_cons: 1864.0046233597327
tot_aggregated_send: 696
tot_msg_rcv: 367
tot_msg_sent: 636
tot_reconf_duration: 11.899999999999999
tot_sleeping_duration: 90212.39676000019
tot_uptimes: 24
tot_uptimes_duration: 1380.0182399998012
