comms_cons: 204.76903029586975
finished_reconf: true
global_termination_time: 1035458.443
local_termination_time: 3090.36936
node_cons: 21314.86988559339
tot_aggregated_send: 0
tot_msg_rcv: 15758
tot_msg_sent: 15365
tot_reconf_duration: 18.21
tot_sleeping_duration: 1019558.4126000049
tot_uptimes: 266
tot_uptimes_duration: 15900.030399995041
