comms_cons: 104.15089279589336
finished_reconf: true
global_termination_time: 1031504.481
local_termination_time: 99088.74279999985
node_cons: 21230.632425598003
tot_aggregated_send: 14094
tot_msg_rcv: 523
tot_msg_sent: 1215
tot_reconf_duration: 15.34
tot_sleeping_duration: 1015664.4506000016
tot_uptimes: 265
tot_uptimes_duration: 15840.030399998475
