comms_cons: 102.82631679827249
finished_reconf: true
global_termination_time: 1034264.255
local_termination_time: 157649.6948000003
node_cons: 21230.27938000005
tot_aggregated_send: 14790
tot_msg_rcv: 331
tot_msg_sent: 508
tot_reconf_duration: 15.110000000000001
tot_sleeping_duration: 1018424.255
tot_uptimes: 265
tot_uptimes_duration: 15840.0
