comms_cons: 106.3899199930984
finished_reconf: true
global_termination_time: 1033774.944
local_termination_time: 273514.437480001
node_cons: 21213.97517006538
tot_aggregated_send: 13688
tot_msg_rcv: 845
tot_msg_sent: 1637
tot_reconf_duration: 3.05
tot_sleeping_duration: 1017934.8892800111
tot_uptimes: 265
tot_uptimes_duration: 15840.054719989013
