comms_cons: 106.00135039175771
finished_reconf: true
global_termination_time: 1034003.106
local_termination_time: 310947.36036000005
node_cons: 21225.17596783165
tot_aggregated_send: 13804
tot_msg_rcv: 798
tot_msg_sent: 1509
tot_reconf_duration: 11.31
tot_sleeping_duration: 1018163.0634400062
tot_uptimes: 265
tot_uptimes_duration: 15840.042559993744
