comms_cons: 115.76102399800932
finished_reconf: true
global_termination_time: 1175056.091
local_termination_time: 639086.7723199985
node_cons: 24117.358979999954
tot_aggregated_send: 16994
tot_msg_rcv: 205
tot_msg_sent: 396
tot_reconf_duration: 11.31
tot_sleeping_duration: 1157056.091
tot_uptimes: 301
tot_uptimes_duration: 18000.0
