comms_cons: 116.53334399870192
finished_reconf: true
global_termination_time: 681292.111
local_termination_time: 275781.0118400001
node_cons: 13987.704522233644
tot_aggregated_send: 0
tot_msg_rcv: 8950
tot_msg_sent: 8761
tot_reconf_duration: 6.279999999999999
tot_sleeping_duration: 670852.0988400048
tot_uptimes: 175
tot_uptimes_duration: 10440.012159995269
