comms_cons: 68.84474880101342
finished_reconf: true
global_termination_time: 680278.153
local_termination_time: 357953.90036
node_cons: 13985.700121121447
tot_aggregated_send: 9338
tot_msg_rcv: 416
tot_msg_sent: 710
tot_reconf_duration: 4.8100000000000005
tot_sleeping_duration: 669838.1469199989
tot_uptimes: 175
tot_uptimes_duration: 10440.006080001069
