comms_cons: 21.88241920016363
finished_reconf: true
global_termination_time: 220743.271
local_termination_time: 7394.66848
node_cons: 4529.798700000004
tot_aggregated_send: 3074
tot_msg_rcv: 98
tot_msg_sent: 154
tot_reconf_duration: 22.65
tot_sleeping_duration: 217383.271
tot_uptimes: 57
tot_uptimes_duration: 3360.0
