comms_cons: 21.74425600014206
finished_reconf: true
global_termination_time: 219971.507
local_termination_time: 16909.15064
node_cons: 4514.39898
tot_aggregated_send: 3132
tot_msg_rcv: 67
tot_msg_sent: 106
tot_reconf_duration: 11.31
tot_sleeping_duration: 216611.507
tot_uptimes: 57
tot_uptimes_duration: 3360.0
