comms_cons: 40.05875840178614
finished_reconf: true
global_termination_time: 294414.6927200001
local_termination_time: 294414.6516000001
node_cons: 6094.885314894761
tot_aggregated_send: 1972
tot_msg_rcv: 1684
tot_msg_sent: 2438
tot_reconf_duration: 37.410000000000004
tot_sleeping_duration: 289900.8147999891
tot_uptimes: 76
tot_uptimes_duration: 4513.877920011015
