comms_cons: 29.64546560043015
finished_reconf: true
global_termination_time: 295850.958
local_termination_time: 46923.932160000164
node_cons: 6046.440147361653
tot_aggregated_send: 4002
tot_msg_rcv: 168
tot_msg_sent: 336
tot_reconf_duration: 15.110000000000001
tot_sleeping_duration: 291350.6437599988
tot_uptimes: 76
tot_uptimes_duration: 4500.314240001229
