comms_cons: 30.52153599972469
finished_reconf: true
global_termination_time: 299032.297
local_termination_time: 14565.96136
node_cons: 6136.598700000006
tot_aggregated_send: 4002
tot_msg_rcv: 251
tot_msg_sent: 387
tot_reconf_duration: 22.65
tot_sleeping_duration: 294472.297
tot_uptimes: 77
tot_uptimes_duration: 4560.0
