comms_cons: 78.30369280980985
finished_reconf: true
global_termination_time: 397729.107
local_termination_time: 1059.9574800000003
node_cons: 8148.705541119161
tot_aggregated_send: 0
tot_msg_rcv: 6060
tot_msg_sent: 5840
tot_reconf_duration: 25.299999999999997
tot_sleeping_duration: 391669.10092000064
tot_uptimes: 102
tot_uptimes_duration: 6060.006079999366
