comms_cons: 79.09977601018161
finished_reconf: true
global_termination_time: 396259.474
local_termination_time: 3313.7633600000004
node_cons: 8122.797043519167
tot_aggregated_send: 0
tot_msg_rcv: 6161
tot_msg_sent: 5860
tot_reconf_duration: 6.22
tot_sleeping_duration: 390199.4663200006
tot_uptimes: 102
tot_uptimes_duration: 6060.00767999937
