comms_cons: 60.72006400036559
finished_reconf: true
global_termination_time: 610479.801
local_termination_time: 6151.4466
node_cons: 12540.604060000018
tot_aggregated_send: 8700
tot_msg_rcv: 186
tot_msg_sent: 343
tot_reconf_duration: 5.57
tot_sleeping_duration: 601119.801
tot_uptimes: 157
tot_uptimes_duration: 9360.0
