comms_cons: 176.76986879295256
finished_reconf: true
global_termination_time: 608212.8185999998
local_termination_time: 608212.7774799998
node_cons: 24737.7529640027
tot_aggregated_send: 0
tot_msg_rcv: 9064
tot_msg_sent: 17803
tot_reconf_duration: 37.410000000000004
tot_sleeping_duration: 589775.9625999978
tot_uptimes: 305
tot_uptimes_duration: 18436.85600000198
