comms_cons: 60.69969920048623
finished_reconf: true
global_termination_time: 609640.652
local_termination_time: 35273.091
node_cons: 12554.445973520573
tot_aggregated_send: 8752
tot_msg_rcv: 186
tot_msg_sent: 288
tot_reconf_duration: 11.899999999999999
tot_sleeping_duration: 600276.7343199996
tot_uptimes: 157
tot_uptimes_duration: 9363.917680000413
