comms_cons: 59.245695999409016
finished_reconf: true
global_termination_time: 608213.2637199998
local_termination_time: 578029.346
node_cons: 12484.428100476753
tot_aggregated_send: 8930
tot_msg_rcv: 14
tot_msg_sent: 61
tot_reconf_duration: 5.43
tot_sleeping_duration: 598895.0754000022
tot_uptimes: 156
tot_uptimes_duration: 9318.18831999763
