comms_cons: 123.32710399384892
finished_reconf: true
global_termination_time: 1224152.3334799998
local_termination_time: 1224152.2923599998
node_cons: 25198.204224322395
tot_aggregated_send: 17154
tot_msg_rcv: 591
tot_msg_sent: 999
tot_reconf_duration: 24.59
tot_sleeping_duration: 1205358.598599998
tot_uptimes: 314
tot_uptimes_duration: 18793.73488000175
