comms_cons: 120.59673599785732
finished_reconf: true
global_termination_time: 1224153.0572400002
local_termination_time: 64982.52792000006
node_cons: 25215.984699360404
tot_aggregated_send: 17632
tot_msg_rcv: 297
tot_msg_sent: 400
tot_reconf_duration: 11.31
tot_sleeping_duration: 1205332.575
tot_uptimes: 314
tot_uptimes_duration: 18820.482240000274
