comms_cons: 77.91088639905826
finished_reconf: true
global_termination_time: 788344.147
local_termination_time: 248942.77048000006
node_cons: 16154.871980000022
tot_aggregated_send: 11310
tot_msg_rcv: 188
tot_msg_sent: 344
tot_reconf_duration: 4.8100000000000005
tot_sleeping_duration: 776284.147
tot_uptimes: 202
tot_uptimes_duration: 12060.0
