comms_cons: 78.2257151980874
finished_reconf: true
global_termination_time: 787920.778
local_termination_time: 64156.360320000036
node_cons: 16169.17172000002
tot_aggregated_send: 11194
tot_msg_rcv: 245
tot_msg_sent: 450
tot_reconf_duration: 15.34
tot_sleeping_duration: 775860.778
tot_uptimes: 202
tot_uptimes_duration: 12060.0
