comms_cons: 39.975219200438545
finished_reconf: true
global_termination_time: 400563.026
local_termination_time: 63463.08336000001
node_cons: 8201.605800000003
tot_aggregated_send: 5684
tot_msg_rcv: 164
tot_msg_sent: 228
tot_reconf_duration: 5.1
tot_sleeping_duration: 394443.02600000007
tot_uptimes: 103
tot_uptimes_duration: 6119.999999999996
