comms_cons: 39.29098240024656
finished_reconf: true
global_termination_time: 400166.476
local_termination_time: 266814.4099600002
node_cons: 8214.235200000043
tot_aggregated_send: 5800
tot_msg_rcv: 69
tot_msg_sent: 103
tot_reconf_duration: 14.4
tot_sleeping_duration: 394046.476
tot_uptimes: 103
tot_uptimes_duration: 6120.0
