comms_cons: 39.883110399743245
finished_reconf: true
global_termination_time: 399814.037
local_termination_time: 53357.28036000001
node_cons: 8201.211980000007
tot_aggregated_send: 5684
tot_msg_rcv: 150
tot_msg_sent: 228
tot_reconf_duration: 4.8100000000000005
tot_sleeping_duration: 393694.037
tot_uptimes: 103
tot_uptimes_duration: 6120.0
