comms_cons: 185.4735359185454
finished_reconf: true
global_termination_time: 936090.0416799996
local_termination_time: 2061.6010400000014
node_cons: 19259.23365775307
tot_aggregated_send: 0
tot_msg_rcv: 14316
tot_msg_sent: 13874
tot_reconf_duration: 18.21
tot_sleeping_duration: 921725.2138400048
tot_uptimes: 240
tot_uptimes_duration: 14364.827839994803
