comms_cons: 95.57603839538243
finished_reconf: true
global_termination_time: 938788.131
local_termination_time: 90617.64475999949
node_cons: 19287.586043359723
tot_aggregated_send: 12586
tot_msg_rcv: 602
tot_msg_sent: 1339
tot_reconf_duration: 4.390000000000001
tot_sleeping_duration: 924388.1127600003
tot_uptimes: 241
tot_uptimes_duration: 14400.018239999772
