comms_cons: 31.077305601406565
finished_reconf: true
global_termination_time: 278594.5540400008
local_termination_time: 278594.51292000077
node_cons: 5809.407312167061
tot_aggregated_send: 3060
tot_msg_rcv: 564
tot_msg_sent: 1099
tot_reconf_duration: 24.59
tot_sleeping_duration: 274280.87659999554
tot_uptimes: 72
tot_uptimes_duration: 4313.67744000526
