comms_cons: 27.17867520027662
finished_reconf: true
global_termination_time: 281392.454
local_termination_time: 164050.879
node_cons: 5800.366971761356
tot_aggregated_send: 3882
tot_msg_rcv: 68
tot_msg_sent: 181
tot_reconf_duration: 7.819999999999999
tot_sleeping_duration: 277068.52015999897
tot_uptimes: 73
tot_uptimes_duration: 4323.933840001031
