comms_cons: 1.4217343999962693
finished_reconf: true
global_termination_time: 10227.03348
local_termination_time: 10226.99236
node_cons: 212.43165984000706
tot_aggregated_send: 0
tot_msg_rcv: 105
tot_msg_sent: 110
tot_reconf_duration: 24.59
tot_sleeping_duration: 10093.322919999995
tot_uptimes: 3
tot_uptimes_duration: 133.710560000005
