comms_cons: 856.5307449126203
finished_reconf: true
global_termination_time: 2483998.409
local_termination_time: 1560144.9575999998
node_cons: 150554.4203478623
tot_aggregated_send: 0
tot_msg_rcv: 52725
tot_msg_sent: 77463
tot_reconf_duration: 5.57
tot_sleeping_duration: 2371566.1040800097
tot_uptimes: 1841
tot_uptimes_duration: 112432.3049199903
