comms_cons: 623.6776069901017
finished_reconf: true
global_termination_time: 3169680.09
local_termination_time: 2058.73948
node_cons: 65180.52616781711
tot_aggregated_send: 0
tot_msg_rcv: 47758
tot_msg_sent: 47036
tot_reconf_duration: 18.21
tot_sleeping_duration: 3121020.047440016
tot_uptimes: 812
tot_uptimes_duration: 48660.04255998391
