comms_cons: 316.68321280446213
finished_reconf: true
global_termination_time: 3172123.52
local_termination_time: 1819799.8189199993
node_cons: 65243.478363349685
tot_aggregated_send: 43848
tot_msg_rcv: 1383
tot_msg_sent: 2903
tot_reconf_duration: 5.43
tot_sleeping_duration: 3123403.5017600064
tot_uptimes: 813
tot_uptimes_duration: 48720.01823999337
