comms_cons: 15.817023999959941
finished_reconf: true
global_termination_time: 9850.765360000014
local_termination_time: 2313.2730400000014
node_cons: 1915.8411924000366
tot_aggregated_send: 0
tot_msg_rcv: 1130
tot_msg_sent: 1274
tot_reconf_duration: 18.21
tot_sleeping_duration: 8438.433759999985
tot_uptimes: 23
tot_uptimes_duration: 1412.3316000000277
