comms_cons: 1.4019967999946603
finished_reconf: true
global_termination_time: 9850.369480000001
local_termination_time: 9850.328360000001
node_cons: 212.4316598400069
tot_aggregated_send: 0
tot_msg_rcv: 102
tot_msg_sent: 110
tot_reconf_duration: 24.59
tot_sleeping_duration: 9716.658919999996
tot_uptimes: 3
tot_uptimes_duration: 133.710560000005
