comms_cons: 287.085875219031
finished_reconf: true
global_termination_time: 2811146.817
local_termination_time: 2804837.9583599996
node_cons: 57879.17368223239
tot_aggregated_send: 38396
tot_msg_rcv: 1897
tot_msg_sent: 3342
tot_reconf_duration: 25.299999999999997
tot_sleeping_duration: 2767946.8048400045
tot_uptimes: 720
tot_uptimes_duration: 43200.01215999527
