comms_cons: 283.28719362012936
finished_reconf: false
global_termination_time: 2811108.862
local_termination_time: 0
node_cons: 57844.80814111611
tot_aggregated_send: 38976
tot_msg_rcv: 1297
tot_msg_sent: 2785
tot_reconf_duration: 0
tot_sleeping_duration: 2767908.8559200023
tot_uptimes: 720
tot_uptimes_duration: 43200.00607999787
