comms_cons: 282.31368961748666
finished_reconf: true
global_termination_time: 2807869.011
local_termination_time: 332957.52400000085
node_cons: 57850.79418446655
tot_aggregated_send: 39092
tot_msg_rcv: 1144
tot_msg_sent: 2674
tot_reconf_duration: 4.390000000000001
tot_sleeping_duration: 2764668.986680009
tot_uptimes: 720
tot_uptimes_duration: 43200.02431999077
