comms_cons: 284.9359808307438
finished_reconf: true
global_termination_time: 2809471.3
local_termination_time: 1563330.8493599999
node_cons: 57853.27932446689
tot_aggregated_send: 38976
tot_msg_rcv: 1546
tot_msg_sent: 2786
tot_reconf_duration: 6.22
tot_sleeping_duration: 2766271.275680009
tot_uptimes: 720
tot_uptimes_duration: 43200.024319991004
