comms_cons: 284.6617600094248
finished_reconf: true
global_termination_time: 2807765.948
local_termination_time: 1649828.5008399987
node_cons: 57860.191544467
tot_aggregated_send: 38976
tot_msg_rcv: 1511
tot_msg_sent: 2780
tot_reconf_duration: 11.31
tot_sleeping_duration: 2764565.923680009
tot_uptimes: 720
tot_uptimes_duration: 43200.024319991004
