comms_cons: 41.66369280053474
finished_reconf: true
global_termination_time: 407128.14
local_termination_time: 108919.97335999996
node_cons: 8361.32976112144
tot_aggregated_send: 5336
tot_msg_rcv: 301
tot_msg_sent: 695
tot_reconf_duration: 4.390000000000001
tot_sleeping_duration: 400888.13391999895
tot_uptimes: 105
tot_uptimes_duration: 6240.006080001069
