comms_cons: 41.16668160052911
finished_reconf: true
global_termination_time: 407295.421
local_termination_time: 80519.633
node_cons: 8364.06470495753
tot_aggregated_send: 5565
tot_msg_rcv: 230
tot_msg_sent: 462
tot_reconf_duration: 6.22
tot_sleeping_duration: 401055.2283600018
tot_uptimes: 105
tot_uptimes_duration: 6240.192639998146
