comms_cons: 391.6362304817978
finished_reconf: true
global_termination_time: 3859252.002
local_termination_time: 181880.88236000008
node_cons: 79393.89441229397
tot_aggregated_send: 52954
tot_msg_rcv: 2218
tot_msg_sent: 4354
tot_reconf_duration: 13.17
tot_sleeping_duration: 3799971.9351200177
tot_uptimes: 989
tot_uptimes_duration: 59280.06687998201
