comms_cons: 393.5184640852296
finished_reconf: true
global_termination_time: 3855742.052
local_termination_time: 2579611.53236
node_cons: 79302.16896781782
tot_aggregated_send: 52374
tot_msg_rcv: 2561
tot_msg_sent: 4877
tot_reconf_duration: 4.8100000000000005
tot_sleeping_duration: 3796522.009440015
tot_uptimes: 988
tot_uptimes_duration: 59220.04255998484
