comms_cons: 394.16187528086397
finished_reconf: true
global_termination_time: 3856856.028
local_termination_time: 2465206.91848
node_cons: 79312.772245583
tot_aggregated_send: 53128
tot_msg_rcv: 2667
tot_msg_sent: 4114
tot_reconf_duration: 12.629999999999999
tot_sleeping_duration: 3797635.997600011
tot_uptimes: 988
tot_uptimes_duration: 59220.03039998887
