comms_cons: 231.75930878180546
finished_reconf: true
global_termination_time: 2317138.596
local_termination_time: 150682.04736000006
node_cons: 47672.48453452741
tot_aggregated_send: 31204
tot_msg_rcv: 1295
tot_msg_sent: 2726
tot_reconf_duration: 22.65
tot_sleeping_duration: 2281558.516960024
tot_uptimes: 594
tot_uptimes_duration: 35580.07903997612
