comms_cons: 229.80487679324287
finished_reconf: true
global_termination_time: 2315200.437
local_termination_time: 99550.56691999982
node_cons: 47565.46263999941
tot_aggregated_send: 33060
tot_msg_rcv: 595
tot_msg_sent: 1274
tot_reconf_duration: 3.08
tot_sleeping_duration: 2279680.437
tot_uptimes: 593
tot_uptimes_duration: 35520.0
