comms_cons: 233.08097278267678
finished_reconf: true
global_termination_time: 2313797.233
local_termination_time: 341615.9673600001
node_cons: 47565.49517005096
tot_aggregated_send: 31436
tot_msg_rcv: 1298
tot_msg_sent: 2694
tot_reconf_duration: 3.05
tot_sleeping_duration: 2278277.1782800215
tot_uptimes: 593
tot_uptimes_duration: 35520.05471997871
