comms_cons: 229.87421437960487
finished_reconf: true
global_termination_time: 2314711.208
local_termination_time: 1067006.1745199992
node_cons: 47571.96468893416
tot_aggregated_send: 31204
tot_msg_rcv: 1328
tot_msg_sent: 2407
tot_reconf_duration: 7.819999999999999
tot_sleeping_duration: 2279191.159360019
tot_uptimes: 593
tot_uptimes_duration: 35520.048639981076
