comms_cons: 235.39477117574722
finished_reconf: true
global_termination_time: 2316770.604
local_termination_time: 1054873.4743599999
node_cons: 47650.13188893402
tot_aggregated_send: 30798
tot_msg_rcv: 1893
tot_msg_sent: 3089
tot_reconf_duration: 6.22
tot_sleeping_duration: 2281190.5553600187
tot_uptimes: 594
tot_uptimes_duration: 35580.048639981076
