comms_cons: 56.633753600419375
finished_reconf: true
global_termination_time: 574375.047
local_termination_time: 331189.44936
node_cons: 11827.873001121425
tot_aggregated_send: 8004
tot_msg_rcv: 205
tot_msg_sent: 399
tot_reconf_duration: 13.17
tot_sleeping_duration: 565555.040919999
tot_uptimes: 148
tot_uptimes_duration: 8820.006080001069
