comms_cons: 1.184256000001839
finished_reconf: true
global_termination_time: 13370.061
local_termination_time: 6843.898360000001
node_cons: 251.63956000000084
tot_aggregated_send: 0
tot_msg_rcv: 115
tot_msg_sent: 65
tot_reconf_duration: 7.819999999999999
tot_sleeping_duration: 13190.061
tot_uptimes: 4
tot_uptimes_duration: 180.0
