comms_cons: 130.0839423958783
finished_reconf: true
global_termination_time: 1311455.145
local_termination_time: 412895.7480000004
node_cons: 26920.82580000005
tot_aggregated_send: 18676
tot_msg_rcv: 345
tot_msg_sent: 751
tot_reconf_duration: 5.1
tot_sleeping_duration: 1291355.1449999998
tot_uptimes: 336
tot_uptimes_duration: 20100.00000000003
