comms_cons: 129.50559999425946
finished_reconf: true
global_termination_time: 1307258.126
local_termination_time: 837054.91036
node_cons: 26846.36050111693
tot_aggregated_send: 18618
tot_msg_rcv: 320
tot_msg_sent: 746
tot_reconf_duration: 9.42
tot_sleeping_duration: 1287218.1199200023
tot_uptimes: 335
tot_uptimes_duration: 20040.006079997635
