comms_cons: 133.74197758531528
finished_reconf: true
global_termination_time: 1307719.738
local_termination_time: 354169.08284000057
node_cons: 26844.228406705643
tot_aggregated_send: 17342
tot_msg_rcv: 950
tot_msg_sent: 2036
tot_reconf_duration: 7.819999999999999
tot_sleeping_duration: 1287679.7015200106
tot_uptimes: 335
tot_uptimes_duration: 20040.03647998924
