comms_cons: 258.1032702301065
finished_reconf: true
global_termination_time: 1307713.763
local_termination_time: 402578.504
node_cons: 26843.719073198172
tot_aggregated_send: 0
tot_msg_rcv: 19856
tot_msg_sent: 19375
tot_reconf_duration: 6.22
tot_sleeping_duration: 1287672.4842000015
tot_uptimes: 335
tot_uptimes_duration: 20041.278799998632
