comms_cons: 405.85914246303724
finished_reconf: true
global_termination_time: 4017841.471
local_termination_time: 1767398.33336
node_cons: 82614.94716446579
tot_aggregated_send: 55042
tot_msg_rcv: 2074
tot_msg_sent: 4571
tot_reconf_duration: 18.700000000000003
tot_sleeping_duration: 3956161.446680009
tot_uptimes: 1029
tot_uptimes_duration: 61680.02431999077
