comms_cons: 404.94260488593847
finished_reconf: true
global_termination_time: 4015021.547
local_termination_time: 1115757.50636
node_cons: 82604.93596781736
tot_aggregated_send: 56318
tot_msg_rcv: 1926
tot_msg_sent: 3304
tot_reconf_duration: 11.31
tot_sleeping_duration: 3953341.504440015
tot_uptimes: 1029
tot_uptimes_duration: 61680.042559984606
