comms_cons: 260.5757951826953
finished_reconf: true
global_termination_time: 2685263.281
local_termination_time: 939133.0835599995
node_cons: 55197.7626055833
tot_aggregated_send: 35902
tot_msg_rcv: 1253
tot_msg_sent: 2451
tot_reconf_duration: 3.05
tot_sleeping_duration: 2644043.250600012
tot_uptimes: 688
tot_uptimes_duration: 41220.03039998817
