comms_cons: 269.78250239069587
finished_reconf: true
global_termination_time: 2682064.7312399913
local_termination_time: 17488.26048
node_cons: 55182.87796940369
tot_aggregated_send: 36888
tot_msg_rcv: 1322
tot_msg_sent: 2794
tot_reconf_duration: 11.31
tot_sleeping_duration: 2640864.1942800176
tot_uptimes: 687
tot_uptimes_duration: 41200.53695997357
