comms_cons: 83.89048319859266
finished_reconf: true
global_termination_time: 853294.284
local_termination_time: 570827.0683599998
node_cons: 17521.045799999993
tot_aggregated_send: 12238
tot_msg_rcv: 110
tot_msg_sent: 402
tot_reconf_duration: 5.1
tot_sleeping_duration: 840214.284
tot_uptimes: 219
tot_uptimes_duration: 13080.0
