comms_cons: 81.7274495994072
finished_reconf: true
global_termination_time: 820499.333
local_termination_time: 50194.878480000014
node_cons: 16879.854901120318
tot_aggregated_send: 11774
tot_msg_rcv: 246
tot_msg_sent: 402
tot_reconf_duration: 6.22
tot_sleeping_duration: 807899.3269199998
tot_uptimes: 211
tot_uptimes_duration: 12600.006080000217
