comms_cons: 82.0557823987418
finished_reconf: true
global_termination_time: 828805.36
local_termination_time: 494064.9176800007
node_cons: 17044.87236
tot_aggregated_send: 11774
tot_msg_rcv: 184
tot_msg_sent: 514
tot_reconf_duration: 9.42
tot_sleeping_duration: 816085.36
tot_uptimes: 213
tot_uptimes_duration: 12720.0
