comms_cons: 81.9044607987845
finished_reconf: true
global_termination_time: 828670.709
local_termination_time: 645677.12136
node_cons: 17042.699560000114
tot_aggregated_send: 11948
tot_msg_rcv: 160
tot_msg_sent: 341
tot_reconf_duration: 7.819999999999999
tot_sleeping_duration: 815950.709
tot_uptimes: 213
tot_uptimes_duration: 12720.0
