comms_cons: 33.698662400186244
finished_reconf: true
global_termination_time: 339030.66
local_termination_time: 279341.38700000005
node_cons: 6944.249757201023
tot_aggregated_send: 4638
tot_msg_rcv: 152
tot_msg_sent: 332
tot_reconf_duration: 22.65
tot_sleeping_duration: 333867.48519999924
tot_uptimes: 87
tot_uptimes_duration: 5163.174800000736
