comms_cons: 34.51448320070419
finished_reconf: true
global_termination_time: 338077.335
local_termination_time: 244273.20336000004
node_cons: 6924.615262242865
tot_aggregated_send: 4408
tot_msg_rcv: 284
tot_msg_sent: 554
tot_reconf_duration: 11.31
tot_sleeping_duration: 332917.3228399979
tot_uptimes: 87
tot_uptimes_duration: 5160.0121600021375
