comms_cons: 15.655622399977016
finished_reconf: true
global_termination_time: 104355.63247999996
local_termination_time: 104355.59135999996
node_cons: 2199.281683196542
tot_aggregated_send: 348
tot_msg_rcv: 913
tot_msg_sent: 1119
tot_reconf_duration: 67.79
tot_sleeping_duration: 102781.90368000254
tot_uptimes: 27
tot_uptimes_duration: 1573.7287999974214
