comms_cons: 13.8110143999718
finished_reconf: true
global_termination_time: 104356.33623999971
local_termination_time: 538.46112
node_cons: 2167.180661599062
tot_aggregated_send: 406
tot_msg_rcv: 810
tot_msg_sent: 887
tot_reconf_duration: 5.8100000000000005
tot_sleeping_duration: 102743.7218400004
tot_uptimes: 27
tot_uptimes_duration: 1612.6143999993
