comms_cons: 11.519206399982512
finished_reconf: true
global_termination_time: 107011.563
local_termination_time: 4382.901
node_cons: 2178.8109222402986
tot_aggregated_send: 978
tot_msg_rcv: 244
tot_msg_sent: 529
tot_reconf_duration: 7.08
tot_sleeping_duration: 105391.55083999978
tot_uptimes: 28
tot_uptimes_duration: 1620.012160000224
