comms_cons: 81.25969919950516
finished_reconf: true
global_termination_time: 810457.7010399983
local_termination_time: 810457.6599199984
node_cons: 16735.631029917484
tot_aggregated_send: 11426
tot_msg_rcv: 308
tot_msg_sent: 616
tot_reconf_duration: 24.59
tot_sleeping_duration: 797984.0357600002
tot_uptimes: 208
tot_uptimes_duration: 12473.665279998095
