comms_cons: 135.00817277766652
finished_reconf: true
global_termination_time: 815528.765
local_termination_time: 686144.0243599999
node_cons: 16717.2519800001
tot_aggregated_send: 0
tot_msg_rcv: 10312
tot_msg_sent: 10208
tot_reconf_duration: 4.8100000000000005
tot_sleeping_duration: 803048.765
tot_uptimes: 209
tot_uptimes_duration: 12480.0
