comms_cons: 51.054592000065945
finished_reconf: true
global_termination_time: 520309.49372000067
local_termination_time: 520295.1481200005
node_cons: 10753.995020080878
tot_aggregated_send: 7714
tot_msg_rcv: 14
tot_msg_sent: 31
tot_reconf_duration: 4.8100000000000005
tot_sleeping_duration: 512283.009
tot_uptimes: 134
tot_uptimes_duration: 8026.484720000648
