comms_cons: 149.24193278508054
finished_reconf: true
global_termination_time: 1464388.898
local_termination_time: 175862.98836000005
node_cons: 30134.105250060733
tot_aggregated_send: 19894
tot_msg_rcv: 925
tot_msg_sent: 1864
tot_reconf_duration: 4.8100000000000005
tot_sleeping_duration: 1441888.8432800146
tot_uptimes: 376
tot_uptimes_duration: 22500.05471998558
