comms_cons: 224.88005747013491
finished_reconf: true
global_termination_time: 1141370.678
local_termination_time: 512860.148360001
node_cons: 23471.92873415816
tot_aggregated_send: 0
tot_msg_rcv: 17244
tot_msg_sent: 16938
tot_reconf_duration: 7.819999999999999
tot_sleeping_duration: 1123849.1625600015
tot_uptimes: 293
tot_uptimes_duration: 17521.51543999859
