comms_cons: 29.36954880002304
finished_reconf: true
global_termination_time: 297140.059
local_termination_time: 2809.619800000003
node_cons: 6116.459560000007
tot_aggregated_send: 4292
tot_msg_rcv: 61
tot_msg_sent: 111
tot_reconf_duration: 7.819999999999999
tot_sleeping_duration: 292580.059
tot_uptimes: 77
tot_uptimes_duration: 4560.0
