comms_cons: 376.0617472307727
finished_reconf: true
global_termination_time: 3788788.86648
local_termination_time: 3788788.8253599997
node_cons: 77981.55980095125
tot_aggregated_send: 54564
tot_msg_rcv: 904
tot_msg_sent: 1692
tot_reconf_duration: 24.59
tot_sleeping_duration: 3730575.1498400047
tot_uptimes: 971
tot_uptimes_duration: 58213.71663999511
