comms_cons: 377.14788482931306
finished_reconf: true
global_termination_time: 3791407.362
local_termination_time: 640891.8073599999
node_cons: 77960.61568782087
tot_aggregated_send: 52606
tot_msg_rcv: 1481
tot_msg_sent: 3237
tot_reconf_duration: 22.65
tot_sleeping_duration: 3733207.319440013
tot_uptimes: 971
tot_uptimes_duration: 58200.04255998711
