comms_cons: 1328.8249989318324
finished_reconf: true
global_termination_time: 3791791.046
local_termination_time: 1397515.8815999997
node_cons: 229996.91706585654
tot_aggregated_send: 0
tot_msg_rcv: 81681
tot_msg_sent: 120294
tot_reconf_duration: 6.22
tot_sleeping_duration: 3620029.6790800113
tot_uptimes: 2810
tot_uptimes_duration: 171761.36691998853
