comms_cons: 41.22526720053027
finished_reconf: true
global_termination_time: 408461.903
local_termination_time: 97696.25187999947
node_cons: 8361.900121121436
tot_aggregated_send: 5568
tot_msg_rcv: 237
tot_msg_sent: 461
tot_reconf_duration: 4.8100000000000005
tot_sleeping_duration: 402221.8969199989
tot_uptimes: 105
tot_uptimes_duration: 6240.006080001069
