comms_cons: 40.83709440073092
finished_reconf: true
global_termination_time: 407693.859
local_termination_time: 132274.49040000033
node_cons: 8365.98770112141
tot_aggregated_send: 5568
tot_msg_rcv: 181
tot_msg_sent: 458
tot_reconf_duration: 7.819999999999999
tot_sleeping_duration: 401453.8529199989
tot_uptimes: 105
tot_uptimes_duration: 6240.006080001069
