comms_cons: 698.2327870652633
finished_reconf: true
global_termination_time: 2399481.6613199995
local_termination_time: 2399481.6201999993
node_cons: 97769.08846059286
tot_aggregated_send: 0
tot_msg_rcv: 35632
tot_msg_sent: 70495
tot_reconf_duration: 37.410000000000004
tot_sleeping_duration: 2326503.105920003
tot_uptimes: 1204
tot_uptimes_duration: 72978.55539999685
