comms_cons: 238.33214718768966
finished_reconf: true
global_termination_time: 2399909.272
local_termination_time: 159079.78836000006
node_cons: 49341.13952111619
tot_aggregated_send: 34394
tot_msg_rcv: 620
tot_msg_sent: 1211
tot_reconf_duration: 9.11
tot_sleeping_duration: 2363069.2659200025
tot_uptimes: 615
tot_uptimes_duration: 36840.006079997635
