comms_cons: 281.21103359346773
finished_reconf: true
global_termination_time: 2814475.62
local_termination_time: 1181227.794879998
node_cons: 57882.57810990073
tot_aggregated_send: 38918
tot_msg_rcv: 1359
tot_msg_sent: 2465
tot_reconf_duration: 18.21
tot_sleeping_duration: 2771265.8747200137
tot_uptimes: 721
tot_uptimes_duration: 43209.74527998641
