comms_cons: 279.19857920528034
finished_reconf: true
global_termination_time: 2814702.9
local_termination_time: 1818439.71536
node_cons: 57879.15739999903
tot_aggregated_send: 40426
tot_msg_rcv: 700
tot_msg_sent: 1310
tot_reconf_duration: 25.299999999999997
tot_sleeping_duration: 2771502.9
tot_uptimes: 721
tot_uptimes_duration: 43200.0
