comms_cons: 278.79360000393916
finished_reconf: true
global_termination_time: 2813624.797
local_termination_time: 1027343.9061599983
node_cons: 57855.78621999892
tot_aggregated_send: 40194
tot_msg_rcv: 729
tot_msg_sent: 1452
tot_reconf_duration: 8.09
tot_sleeping_duration: 2770424.797
tot_uptimes: 721
tot_uptimes_duration: 43200.0
