comms_cons: 277.42575360292795
finished_reconf: true
global_termination_time: 2813633.83
local_termination_time: 1186593.7813600001
node_cons: 57870.20274111636
tot_aggregated_send: 40426
tot_msg_rcv: 538
tot_msg_sent: 1203
tot_reconf_duration: 18.700000000000003
tot_sleeping_duration: 2770433.823920002
tot_uptimes: 721
tot_uptimes_duration: 43200.00607999787
