comms_cons: 74.62191359873194
finished_reconf: true
global_termination_time: 747780.599
local_termination_time: 325998.12636000005
node_cons: 15375.731264476584
tot_aggregated_send: 10208
tot_msg_rcv: 337
tot_msg_sent: 797
tot_reconf_duration: 22.65
tot_sleeping_duration: 736320.5746800026
tot_uptimes: 192
tot_uptimes_duration: 11460.02431999741
