comms_cons: 74.8169216004626
finished_reconf: true
global_termination_time: 747379.054
local_termination_time: 204233.79424000048
node_cons: 15349.138922242866
tot_aggregated_send: 9918
tot_msg_rcv: 518
tot_msg_sent: 936
tot_reconf_duration: 3.08
tot_sleeping_duration: 735919.0418399979
tot_uptimes: 192
tot_uptimes_duration: 11460.012160002138
