comms_cons: 74.45085439669195
finished_reconf: true
global_termination_time: 743702.877
local_termination_time: 396680.07820000063
node_cons: 15277.424924476525
tot_aggregated_send: 10382
tot_msg_rcv: 300
tot_msg_sent: 634
tot_reconf_duration: 9.42
tot_sleeping_duration: 732302.8526800026
tot_uptimes: 191
tot_uptimes_duration: 11400.024319997407
