comms_cons: 77.5962175951815
finished_reconf: true
global_termination_time: 743206.922
local_termination_time: 245061.86248000007
node_cons: 15290.043446710228
tot_aggregated_send: 9628
tot_msg_rcv: 780
tot_msg_sent: 1385
tot_reconf_duration: 18.700000000000003
tot_sleeping_duration: 731806.8855200073
tot_uptimes: 191
tot_uptimes_duration: 11400.036479992676
