comms_cons: 75.8196223971634
finished_reconf: true
global_termination_time: 743118.464
local_termination_time: 251459.48636000004
node_cons: 15268.758182238269
tot_aggregated_send: 10034
tot_msg_rcv: 501
tot_msg_sent: 988
tot_reconf_duration: 3.05
tot_sleeping_duration: 731718.4518400013
tot_uptimes: 191
tot_uptimes_duration: 11400.012159998703
