comms_cons: 74.91923199743015
finished_reconf: true
global_termination_time: 743906.051
local_termination_time: 262313.06636000006
node_cons: 15275.252124481156
tot_aggregated_send: 9744
tot_msg_rcv: 508
tot_msg_sent: 1136
tot_reconf_duration: 7.819999999999999
tot_sleeping_duration: 732506.0266799992
tot_uptimes: 191
tot_uptimes_duration: 11400.02432000084
