comms_cons: 369.61742720322735
finished_reconf: true
global_termination_time: 3756286.853
local_termination_time: 1546042.2313599999
node_cons: 77227.57986111507
tot_aggregated_send: 52722
tot_msg_rcv: 1260
tot_msg_sent: 2196
tot_reconf_duration: 15.34
tot_sleeping_duration: 3698626.8469200023
tot_uptimes: 962
tot_uptimes_duration: 57660.006079997635
