comms_cons: 366.83766398166404
finished_reconf: true
global_termination_time: 3757766.251
local_termination_time: 1609542.7980799996
node_cons: 77295.62452223182
tot_aggregated_send: 52142
tot_msg_rcv: 1292
tot_msg_sent: 2323
tot_reconf_duration: 6.279999999999999
tot_sleeping_duration: 3700046.238840005
tot_uptimes: 963
tot_uptimes_duration: 57720.01215999527
