comms_cons: 364.1619903884003
finished_reconf: true
global_termination_time: 3755977.196
local_termination_time: 1887808.5363599998
node_cons: 77224.62485999803
tot_aggregated_send: 53534
tot_msg_rcv: 648
tot_msg_sent: 1167
tot_reconf_duration: 13.17
tot_sleeping_duration: 3698317.196
tot_uptimes: 962
tot_uptimes_duration: 57660.0
