comms_cons: 374.6810688230042
finished_reconf: true
global_termination_time: 3756252.432
local_termination_time: 1092564.6443599998
node_cons: 77212.74232558248
tot_aggregated_send: 52200
tot_msg_rcv: 1533
tot_msg_sent: 3216
tot_reconf_duration: 4.390000000000001
tot_sleeping_duration: 3698592.4016000116
tot_uptimes: 962
tot_uptimes_duration: 57660.03039998842
