comms_cons: 197.65008637854194
finished_reconf: true
global_termination_time: 1948105.984
local_termination_time: 191852.8463200002
node_cons: 40015.92525006042
tot_aggregated_send: 26332
tot_msg_rcv: 1149
tot_msg_sent: 2561
tot_reconf_duration: 4.8100000000000005
tot_sleeping_duration: 1918225.9292800142
tot_uptimes: 499
tot_uptimes_duration: 29880.05471998558
