comms_cons: 78.50477439367901
finished_reconf: true
global_termination_time: 764859.47
local_termination_time: 263195.516
node_cons: 15691.622117994744
tot_aggregated_send: 9797
tot_msg_rcv: 621
tot_msg_sent: 1515
tot_reconf_duration: 12.629999999999999
tot_sleeping_duration: 753153.3680000039
tot_uptimes: 196
tot_uptimes_duration: 11706.101999996055
