comms_cons: 78.30626559719241
finished_reconf: true
global_termination_time: 764051.846
local_termination_time: 520617.51520000066
node_cons: 15670.458182233751
tot_aggregated_send: 10498
tot_msg_rcv: 592
tot_msg_sent: 812
tot_reconf_duration: 3.05
tot_sleeping_duration: 752351.8338400048
tot_uptimes: 196
tot_uptimes_duration: 11700.012159995269
