comms_cons: 294.78263682195876
finished_reconf: true
global_termination_time: 2919420.417
local_termination_time: 1198981.509
node_cons: 60061.68936878361
tot_aggregated_send: 40134
tot_msg_rcv: 1484
tot_msg_sent: 3190
tot_reconf_duration: 22.65
tot_sleeping_duration: 2874587.757800011
tot_uptimes: 748
tot_uptimes_duration: 44832.6591999887
