comms_cons: 294.24876801847824
finished_reconf: true
global_termination_time: 2917522.062
local_termination_time: 596627.8713599999
node_cons: 60022.5489455837
tot_aggregated_send: 40774
tot_msg_rcv: 1395
tot_msg_sent: 2556
tot_reconf_duration: 6.279999999999999
tot_sleeping_duration: 2872702.031600011
tot_uptimes: 748
tot_uptimes_duration: 44820.03039998864
