comms_cons: 292.78606081606625
finished_reconf: true
global_termination_time: 2918142.929
local_termination_time: 314568.29436000006
node_cons: 60021.402786705396
tot_aggregated_send: 41180
tot_msg_rcv: 1171
tot_msg_sent: 2150
tot_reconf_duration: 5.43
tot_sleeping_duration: 2873322.89252001
tot_uptimes: 748
tot_uptimes_duration: 44820.03647998994
