comms_cons: 69.08062720107847
finished_reconf: true
global_termination_time: 716387.452
local_termination_time: 145966.81536000004
node_cons: 14723.068002242879
tot_aggregated_send: 9570
tot_msg_rcv: 301
tot_msg_sent: 628
tot_reconf_duration: 15.34
tot_sleeping_duration: 705407.4398399979
tot_uptimes: 184
tot_uptimes_duration: 10980.012160002138
