comms_cons: 403.11541725878186
finished_reconf: true
global_termination_time: 2049106.696
local_termination_time: 1076318.033
node_cons: 42150.122354153355
tot_aggregated_send: 0
tot_msg_rcv: 30881
tot_msg_sent: 30391
tot_reconf_duration: 22.65
tot_sleeping_duration: 2017650.8605600046
tot_uptimes: 525
tot_uptimes_duration: 31455.835439995397
