comms_cons: 206.38377597862393
finished_reconf: true
global_termination_time: 2045758.305
local_termination_time: 709712.7703599998
node_cons: 42038.708707817445
tot_aggregated_send: 28246
tot_msg_rcv: 1040
tot_msg_sent: 2083
tot_reconf_duration: 15.34
tot_sleeping_duration: 2014378.2624400165
tot_uptimes: 524
tot_uptimes_duration: 31380.04255998344
