comms_cons: 206.01574397903386
finished_reconf: true
global_termination_time: 2045027.155
local_termination_time: 95227.55507999992
node_cons: 42033.260391172604
tot_aggregated_send: 28014
tot_msg_rcv: 978
tot_msg_sent: 2322
tot_reconf_duration: 11.31
tot_sleeping_duration: 2013647.0942000202
tot_uptimes: 524
tot_uptimes_duration: 31380.06079997978
