comms_cons: 205.42843518386448
finished_reconf: true
global_termination_time: 2046556.695
local_termination_time: 199603.39136000097
node_cons: 42107.124671975595
tot_aggregated_send: 28536
tot_msg_rcv: 825
tot_msg_sent: 1863
tot_reconf_duration: 5.43
tot_sleeping_duration: 2015115.507000018
tot_uptimes: 525
tot_uptimes_duration: 31441.187999982038
