comms_cons: 108.9824639939084
finished_reconf: true
global_termination_time: 1098812.244
local_termination_time: 560179.0358399977
node_cons: 22587.93580335051
tot_aggregated_send: 14210
tot_msg_rcv: 766
tot_msg_sent: 1589
tot_reconf_duration: 9.11
tot_sleeping_duration: 1081952.225760007
tot_uptimes: 282
tot_uptimes_duration: 16860.018239992904
