comms_cons: 109.47193599170473
finished_reconf: true
global_termination_time: 1098998.718
local_termination_time: 729518.5903599999
node_cons: 22596.083803350513
tot_aggregated_send: 14674
tot_msg_rcv: 588
tot_msg_sent: 1377
tot_reconf_duration: 15.110000000000001
tot_sleeping_duration: 1082138.6997600072
tot_uptimes: 282
tot_uptimes_duration: 16860.018239992904
