comms_cons: 111.1694463932707
finished_reconf: true
global_termination_time: 1098310.984
local_termination_time: 195992.183
node_cons: 22606.34754671941
tot_aggregated_send: 14767
tot_msg_rcv: 615
tot_msg_sent: 1514
tot_reconf_duration: 22.65
tot_sleeping_duration: 1081450.9475200004
tot_uptimes: 282
tot_uptimes_duration: 16860.036479999544
