comms_cons: 109.13514879272006
finished_reconf: true
global_termination_time: 1099104.011
local_termination_time: 595131.504
node_cons: 22594.18286638759
tot_aggregated_send: 14264
tot_msg_rcv: 779
tot_msg_sent: 1544
tot_reconf_duration: 10.95
tot_sleeping_duration: 1082241.193400009
tot_uptimes: 282
tot_uptimes_duration: 16862.817599990754
