comms_cons: 106.79357439695256
finished_reconf: true
global_termination_time: 1097999.459
local_termination_time: 611639.13536
node_cons: 22591.708341116897
tot_aggregated_send: 14848
tot_msg_rcv: 405
tot_msg_sent: 979
tot_reconf_duration: 11.899999999999999
tot_sleeping_duration: 1081139.4529200024
tot_uptimes: 282
tot_uptimes_duration: 16860.006079997635
