comms_cons: 108.35086079282351
finished_reconf: true
global_termination_time: 1098087.605
local_termination_time: 283164.95388000086
node_cons: 22581.51790223364
tot_aggregated_send: 15138
tot_msg_rcv: 457
tot_msg_sent: 873
tot_reconf_duration: 4.390000000000001
tot_sleeping_duration: 1081227.5928400047
tot_uptimes: 282
tot_uptimes_duration: 16860.01215999527
