comms_cons: 114.67687679428465
finished_reconf: true
global_termination_time: 1098815.882
local_termination_time: 143992.27
node_cons: 22586.26539455561
tot_aggregated_send: 14206
tot_msg_rcv: 1230
tot_msg_sent: 1995
tot_reconf_duration: 7.819999999999999
tot_sleeping_duration: 1081955.8029600033
tot_uptimes: 282
tot_uptimes_duration: 16860.079039996723
