comms_cons: 10.015257600078534
finished_reconf: true
global_termination_time: 75606.775
local_termination_time: 14740.98156
node_cons: 1530.6589222394423
tot_aggregated_send: 464
tot_msg_rcv: 462
tot_msg_sent: 597
tot_reconf_duration: 3.08
tot_sleeping_duration: 74466.7628400004
tot_uptimes: 20
tot_uptimes_duration: 1140.0121599995837
