comms_cons: 10.647027200078789
finished_reconf: true
global_termination_time: 77788.25
local_termination_time: 14746.28472
node_cons: 1541.2074174408726
tot_aggregated_send: 406
tot_msg_rcv: 622
tot_msg_sent: 591
tot_reconf_duration: 8.09
tot_sleeping_duration: 76645.44103999935
tot_uptimes: 20
tot_uptimes_duration: 1142.8089600006515
