comms_cons: 11.902681600086215
finished_reconf: true
global_termination_time: 75736.789
local_termination_time: 20648.485360000002
node_cons: 1539.2930656011758
tot_aggregated_send: 290
tot_msg_rcv: 703
tot_msg_sent: 817
tot_reconf_duration: 9.42
tot_sleeping_duration: 74596.75859999913
tot_uptimes: 20
tot_uptimes_duration: 1140.0304000008764
