comms_cons: 11.18714880012621
finished_reconf: true
global_termination_time: 75583.288
local_termination_time: 28657.72648
node_cons: 1534.9496080008942
tot_aggregated_send: 348
tot_msg_rcv: 647
tot_msg_sent: 706
tot_reconf_duration: 6.22
tot_sleeping_duration: 74443.25599999932
tot_uptimes: 20
tot_uptimes_duration: 1140.0320000006705
