comms_cons: 694.9923131087118
finished_reconf: true
global_termination_time: 1436543.4145999998
local_termination_time: 1436543.3734799998
node_cons: 87359.61499711526
tot_aggregated_send: 0
tot_msg_rcv: 42639
tot_msg_sent: 62996
tot_reconf_duration: 37.410000000000004
tot_sleeping_duration: 1371338.9245200017
tot_uptimes: 1070
tot_uptimes_duration: 65204.4900799981
