comms_cons: 131.93108479653256
finished_reconf: true
global_termination_time: 1342291.623
local_termination_time: 383022.2753600001
node_cons: 27567.247701116885
tot_aggregated_send: 18444
tot_msg_rcv: 564
tot_msg_sent: 1044
tot_reconf_duration: 7.819999999999999
tot_sleeping_duration: 1321711.6169200023
tot_uptimes: 344
tot_uptimes_duration: 20580.006079997635
