comms_cons: 85.92256639869389
finished_reconf: true
global_termination_time: 864452.694
local_termination_time: 169676.08336000005
node_cons: 17767.932360000003
tot_aggregated_send: 12354
tot_msg_rcv: 249
tot_msg_sent: 456
tot_reconf_duration: 9.42
tot_sleeping_duration: 851192.694
tot_uptimes: 222
tot_uptimes_duration: 13260.0
