comms_cons: 59.061478400356485
finished_reconf: true
global_termination_time: 597853.694
local_termination_time: 7236.113
node_cons: 12302.29732335971
tot_aggregated_send: 8170
tot_msg_rcv: 228
tot_msg_sent: 579
tot_reconf_duration: 7.55
tot_sleeping_duration: 588673.6757600002
tot_uptimes: 154
tot_uptimes_duration: 9180.018239999772
