comms_cons: 60.38737920005462
finished_reconf: true
global_termination_time: 595578.0455999998
local_termination_time: 595578.0044799999
node_cons: 12298.181072881336
tot_aggregated_send: 8119
tot_msg_rcv: 391
tot_msg_sent: 668
tot_reconf_duration: 50.129999999999995
tot_sleeping_duration: 586444.2856799988
tot_uptimes: 153
tot_uptimes_duration: 9133.759920000964
