comms_cons: 121.87310079806157
finished_reconf: true
global_termination_time: 1231987.836
local_termination_time: 46411.46136000001
node_cons: 25337.858700000033
tot_aggregated_send: 17690
tot_msg_rcv: 275
tot_msg_sent: 559
tot_reconf_duration: 22.65
tot_sleeping_duration: 1213087.836
tot_uptimes: 316
tot_uptimes_duration: 18900.0
