comms_cons: 122.28759039588971
finished_reconf: true
global_termination_time: 1233531.033
local_termination_time: 156974.3992400005
node_cons: 25314.025800000047
tot_aggregated_send: 17574
tot_msg_rcv: 321
tot_msg_sent: 692
tot_reconf_duration: 5.1
tot_sleeping_duration: 1214631.033
tot_uptimes: 316
tot_uptimes_duration: 18900.0
