comms_cons: 120.91911679783085
finished_reconf: true
global_termination_time: 1232767.093
local_termination_time: 274881.6937200006
node_cons: 25311.241900000103
tot_aggregated_send: 17922
tot_msg_rcv: 111
tot_msg_sent: 346
tot_reconf_duration: 3.05
tot_sleeping_duration: 1213867.093
tot_uptimes: 316
tot_uptimes_duration: 18900.0
