comms_cons: 24.22586880010676
finished_reconf: true
global_termination_time: 232161.102
local_termination_time: 106662.65935999998
node_cons: 4760.908002238321
tot_aggregated_send: 2900
tot_msg_rcv: 269
tot_msg_sent: 513
tot_reconf_duration: 15.34
tot_sleeping_duration: 228621.08984000128
tot_uptimes: 60
tot_uptimes_duration: 3540.0121599987324
