comms_cons: 23.97523200027457
finished_reconf: true
global_termination_time: 236258.944
local_termination_time: 44787.671360000204
node_cons: 4826.510945280868
tot_aggregated_send: 3132
tot_msg_rcv: 166
tot_msg_sent: 347
tot_reconf_duration: 4.390000000000001
tot_sleeping_duration: 232658.83247999934
tot_uptimes: 61
tot_uptimes_duration: 3600.111520000639
