comms_cons: 70.331648000177
finished_reconf: true
global_termination_time: 703148.674
local_termination_time: 52454.495360000015
node_cons: 14467.186043359725
tot_aggregated_send: 9860
tot_msg_rcv: 304
tot_msg_sent: 526
tot_reconf_duration: 4.390000000000001
tot_sleeping_duration: 692348.6557600002
tot_uptimes: 181
tot_uptimes_duration: 10800.018239999772
