comms_cons: 108.02451201098155
finished_reconf: true
global_termination_time: 705467.181
local_termination_time: 358235.87299999996
node_cons: 14475.814064805742
tot_aggregated_send: 0
tot_msg_rcv: 8349
tot_msg_sent: 8070
tot_reconf_duration: 7.819999999999999
tot_sleeping_duration: 694664.1977999958
tot_uptimes: 181
tot_uptimes_duration: 10802.983200004266
