comms_cons: 69.5026176005684
finished_reconf: true
global_termination_time: 704822.99
local_termination_time: 259773.76284000013
node_cons: 14469.654901121454
tot_aggregated_send: 9686
tot_msg_rcv: 297
tot_msg_sent: 580
tot_reconf_duration: 6.22
tot_sleeping_duration: 694022.983919999
tot_uptimes: 181
tot_uptimes_duration: 10800.006080001069
