comms_cons: 207.160659189004
finished_reconf: true
global_termination_time: 2072828.871
local_termination_time: 49713.117
node_cons: 42601.072425592974
tot_aggregated_send: 28523
tot_msg_rcv: 982
tot_msg_sent: 1984
tot_reconf_duration: 15.34
tot_sleeping_duration: 2041028.8406000051
tot_uptimes: 531
tot_uptimes_duration: 31800.03039999504
