comms_cons: 208.21852158608232
finished_reconf: true
global_termination_time: 2068846.05
local_termination_time: 463418.0739200003
node_cons: 42507.45662446697
tot_aggregated_send: 28710
tot_msg_rcv: 992
tot_msg_sent: 1946
tot_reconf_duration: 5.57
tot_sleeping_duration: 2037106.0256800095
tot_uptimes: 530
tot_uptimes_duration: 31740.024319990538
