comms_cons: 207.98218878499995
finished_reconf: true
global_termination_time: 2067959.262
local_termination_time: 515520.31796000013
node_cons: 42506.8102233501
tot_aggregated_send: 28594
tot_msg_rcv: 928
tot_msg_sent: 2089
tot_reconf_duration: 5.1
tot_sleeping_duration: 2036219.2437600072
tot_uptimes: 530
tot_uptimes_duration: 31740.018239992904
