comms_cons: 207.23714558726127
finished_reconf: true
global_termination_time: 2067871.433
local_termination_time: 310767.84984000056
node_cons: 42506.41640335472
tot_aggregated_send: 29058
tot_msg_rcv: 815
tot_msg_sent: 1625
tot_reconf_duration: 4.8100000000000005
tot_sleeping_duration: 2036131.4147600036
tot_uptimes: 530
tot_uptimes_duration: 31740.018239996338
