comms_cons: 207.50138878840121
finished_reconf: true
global_termination_time: 2068885.161
local_termination_time: 207759.47536000007
node_cons: 42505.86232558841
tot_aggregated_send: 29000
tot_msg_rcv: 854
tot_msg_sent: 1685
tot_reconf_duration: 4.390000000000001
tot_sleeping_duration: 2037145.1306000086
tot_uptimes: 530
tot_uptimes_duration: 31740.030399991607
