comms_cons: 407.0843260522482
finished_reconf: true
global_termination_time: 2070478.048
local_termination_time: 1420.7670400000015
node_cons: 42588.67932446929
tot_aggregated_send: 0
tot_msg_rcv: 31127
tot_msg_sent: 30747
tot_reconf_duration: 6.22
tot_sleeping_duration: 2038678.0236800076
tot_uptimes: 531
tot_uptimes_duration: 31800.024319992277
