comms_cons: 997.2959223449811
finished_reconf: true
global_termination_time: 2067175.2173199996
local_termination_time: 2067175.1761999996
node_cons: 124976.75253842823
tot_aggregated_send: 0
tot_msg_rcv: 61437
tot_msg_sent: 90146
tot_reconf_duration: 24.59
tot_sleeping_duration: 1973864.2693600056
tot_uptimes: 1525
tot_uptimes_duration: 93310.94795999394
