comms_cons: 878.196313786217
finished_reconf: true
global_termination_time: 8854023.097
local_termination_time: 3285082.7083599996
node_cons: 182165.21067004759
tot_aggregated_send: 122844
tot_msg_rcv: 3453
tot_msg_sent: 7182
tot_reconf_duration: 25.299999999999997
tot_sleeping_duration: 8718003.042280018
tot_uptimes: 2268
tot_uptimes_duration: 136020.0547199808
