comms_cons: 879.8936450001934
finished_reconf: true
global_termination_time: 8852097.391
local_termination_time: 3486179.845999999
node_cons: 182054.68776893083
tot_aggregated_send: 122438
tot_msg_rcv: 3576
tot_msg_sent: 7723
tot_reconf_duration: 3.08
tot_sleeping_duration: 8716137.342360018
tot_uptimes: 2267
tot_uptimes_duration: 135960.04863998294
