comms_cons: 880.9828673999288
finished_reconf: true
global_termination_time: 8852781.459
local_termination_time: 3489962.0663599987
node_cons: 182141.82320781337
tot_aggregated_send: 122322
tot_msg_rcv: 3990
tot_msg_sent: 7592
tot_reconf_duration: 8.09
tot_sleeping_duration: 8716761.416440016
tot_uptimes: 2268
tot_uptimes_duration: 136020.04255998507
