comms_cons: 876.484569747149
finished_reconf: true
global_termination_time: 8851547.888
local_termination_time: 5104456.3618
node_cons: 182062.86022669697
tot_aggregated_send: 122728
tot_msg_rcv: 3614
tot_msg_sent: 6878
tot_reconf_duration: 9.11
tot_sleeping_duration: 8715587.851520013
tot_uptimes: 2267
tot_uptimes_duration: 135960.03647998726
