comms_cons: 887.9135042388815
finished_reconf: true
global_termination_time: 8853676.7
local_termination_time: 230068.3996400004
node_cons: 182161.66081674886
tot_aggregated_send: 122902
tot_msg_rcv: 3945
tot_msg_sent: 8109
tot_reconf_duration: 22.65
tot_sleeping_duration: 8717656.608800033
tot_uptimes: 2268
tot_uptimes_duration: 136020.0911999666
