comms_cons: 871.0552705523545
finished_reconf: true
global_termination_time: 8851544.5
local_termination_time: 6027074.28336
node_cons: 182067.62410446198
tot_aggregated_send: 123250
tot_msg_rcv: 3055
tot_msg_sent: 6089
tot_reconf_duration: 12.629999999999999
tot_sleeping_duration: 8715584.475680009
tot_uptimes: 2267
tot_uptimes_duration: 135960.02431999147
