comms_cons: 884.1127170397327
finished_reconf: true
global_termination_time: 8851518.21
local_termination_time: 2872736.9862799994
node_cons: 182057.88721004777
tot_aggregated_send: 122322
tot_msg_rcv: 3988
tot_msg_sent: 8070
tot_reconf_duration: 5.43
tot_sleeping_duration: 8715558.155280022
tot_uptimes: 2267
tot_uptimes_duration: 135960.05471998057
