comms_cons: 69.94796159612373
finished_reconf: true
global_termination_time: 665080.533
local_termination_time: 177491.22584000012
node_cons: 13662.007063359695
tot_aggregated_send: 8120
tot_msg_rcv: 765
tot_msg_sent: 1745
tot_reconf_duration: 3.08
tot_sleeping_duration: 654880.5147600003
tot_uptimes: 171
tot_uptimes_duration: 10200.018239999772
