comms_cons: 68.3219711986895
finished_reconf: true
global_termination_time: 662945.341
local_termination_time: 188616.91644000067
node_cons: 13594.635963364317
tot_aggregated_send: 8758
tot_msg_rcv: 587
tot_msg_sent: 1039
tot_reconf_duration: 12.629999999999999
tot_sleeping_duration: 652805.3227599968
tot_uptimes: 170
tot_uptimes_duration: 10140.018240003206
