comms_cons: 67.34496639872879
finished_reconf: true
global_termination_time: 666570.614
local_termination_time: 483490.539
node_cons: 13680.491323198281
tot_aggregated_send: 9151
tot_msg_rcv: 388
tot_msg_sent: 697
tot_reconf_duration: 15.34
tot_sleeping_duration: 656369.2252000013
tot_uptimes: 171
tot_uptimes_duration: 10201.388799998676
