comms_cons: 181.05551358863977
finished_reconf: true
global_termination_time: 1808480.7476799984
local_termination_time: 1808480.7065599984
node_cons: 37298.46496311574
tot_aggregated_send: 25448
tot_msg_rcv: 631
tot_msg_sent: 1442
tot_reconf_duration: 24.59
tot_sleeping_duration: 1780650.2236000013
tot_uptimes: 464
tot_uptimes_duration: 27830.524079996918
