comms_cons: 182.09314558552046
finished_reconf: true
global_termination_time: 1810481.571
local_termination_time: 444415.9894000003
node_cons: 37205.90746558858
tot_aggregated_send: 25230
tot_msg_rcv: 822
tot_msg_sent: 1626
tot_reconf_duration: 6.22
tot_sleeping_duration: 1782701.5406000083
tot_uptimes: 464
tot_uptimes_duration: 27780.030399991607
