comms_cons: 28.921446400243166
finished_reconf: true
global_termination_time: 290437.884
local_termination_time: 56426.062440000045
node_cons: 5951.691980000003
tot_aggregated_send: 4118
tot_msg_rcv: 107
tot_msg_sent: 170
tot_reconf_duration: 4.8100000000000005
tot_sleeping_duration: 285997.884
tot_uptimes: 75
tot_uptimes_duration: 4440.0
