comms_cons: 11.40958720016016
finished_reconf: true
global_termination_time: 73452.246
local_termination_time: 25085.188000000002
node_cons: 1462.288341120288
tot_aggregated_send: 348
tot_msg_rcv: 698
tot_msg_sent: 689
tot_reconf_duration: 11.899999999999999
tot_sleeping_duration: 72372.23991999977
tot_uptimes: 19
tot_uptimes_duration: 1080.0060800002175
