comms_cons: 156.2975807817142
finished_reconf: true
global_termination_time: 1500704.344
local_termination_time: 449827.1553600001
node_cons: 30875.378732285233
tot_aggregated_send: 19836
tot_msg_rcv: 1487
tot_msg_sent: 2433
tot_reconf_duration: 18.21
tot_sleeping_duration: 1477664.277120026
tot_uptimes: 385
tot_uptimes_duration: 23040.06687997398
