comms_cons: 149.15464959743417
finished_reconf: true
global_termination_time: 1498923.988
local_termination_time: 548320.1947199977
node_cons: 30774.40612139969
tot_aggregated_send: 21344
tot_msg_rcv: 455
tot_msg_sent: 871
tot_reconf_duration: 3.08
tot_sleeping_duration: 1475943.9854000001
tot_uptimes: 384
tot_uptimes_duration: 22980.002599999774
