comms_cons: 153.0525567831119
finished_reconf: true
global_termination_time: 1499193.482
local_termination_time: 405178.6843600001
node_cons: 30780.904688943912
tot_aggregated_send: 20010
tot_msg_rcv: 1045
tot_msg_sent: 2209
tot_reconf_duration: 7.819999999999999
tot_sleeping_duration: 1476213.433360012
tot_uptimes: 384
tot_uptimes_duration: 22980.048639987945
