comms_cons: 151.19847679096756
finished_reconf: true
global_termination_time: 1499927.179
local_termination_time: 611794.050639998
node_cons: 30857.98278670095
tot_aggregated_send: 20822
tot_msg_rcv: 706
tot_msg_sent: 1455
tot_reconf_duration: 5.43
tot_sleeping_duration: 1476887.1425200142
tot_uptimes: 385
tot_uptimes_duration: 23040.036479985807
