comms_cons: 34.10187520025987
finished_reconf: true
global_termination_time: 338820.262
local_termination_time: 73555.05015999953
node_cons: 6915.201620000007
tot_aggregated_send: 4582
tot_msg_rcv: 197
tot_msg_sent: 404
tot_reconf_duration: 4.390000000000001
tot_sleeping_duration: 333660.262
tot_uptimes: 87
tot_uptimes_duration: 5160.0
