comms_cons: 11.375436799949131
finished_reconf: true
global_termination_time: 103097.82
local_termination_time: 70844.00599999946
node_cons: 2097.3845222394402
tot_aggregated_send: 928
tot_msg_rcv: 279
tot_msg_sent: 522
tot_reconf_duration: 6.279999999999999
tot_sleeping_duration: 101537.80784000043
tot_uptimes: 27
tot_uptimes_duration: 1560.0121599995837
