comms_cons: 12.947865599677975
finished_reconf: true
global_termination_time: 103486.695
local_termination_time: 22861.30772
node_cons: 2123.246246717186
tot_aggregated_send: 696
tot_msg_rcv: 474
tot_msg_sent: 798
tot_reconf_duration: 25.299999999999997
tot_sleeping_duration: 101926.6585200021
tot_uptimes: 27
tot_uptimes_duration: 1560.0364799978997
