comms_cons: 176.16465919386098
finished_reconf: true
global_termination_time: 1783671.7894799998
local_termination_time: 1783671.7483599999
node_cons: 36686.78351871968
tot_aggregated_send: 25796
tot_msg_rcv: 335
tot_msg_sent: 644
tot_reconf_duration: 24.59
tot_sleeping_duration: 1756298.085
tot_uptimes: 457
tot_uptimes_duration: 27373.70447999984
