comms_cons: 247.16738544429407
finished_reconf: true
global_termination_time: 1788006.119
local_termination_time: 576805.5233999982
node_cons: 36721.92826223362
tot_aggregated_send: 0
tot_msg_rcv: 18946
tot_msg_sent: 18622
tot_reconf_duration: 4.8100000000000005
tot_sleeping_duration: 1760586.1068400047
tot_uptimes: 458
tot_uptimes_duration: 27420.01215999527
