comms_cons: 175.585689598241
finished_reconf: true
global_termination_time: 1787114.905
local_termination_time: 830416.4425999998
node_cons: 36725.99955999997
tot_aggregated_send: 24766
tot_msg_rcv: 648
tot_msg_sent: 1274
tot_reconf_duration: 7.819999999999999
tot_sleeping_duration: 1759694.905
tot_uptimes: 458
tot_uptimes_duration: 27420.0
