comms_cons: 35.968486400104645
finished_reconf: true
global_termination_time: 369539.516
local_termination_time: 133458.1954000008
node_cons: 7558.491980000006
tot_aggregated_send: 5394
tot_msg_rcv: 19
tot_msg_sent: 54
tot_reconf_duration: 4.8100000000000005
tot_sleeping_duration: 363899.516
tot_uptimes: 95
tot_uptimes_duration: 5640.0
