comms_cons: 283.9441408178268
finished_reconf: true
global_termination_time: 2809671.309
local_termination_time: 1301964.2043599999
node_cons: 57865.64800223306
tot_aggregated_send: 39150
tot_msg_rcv: 1407
tot_msg_sent: 2601
tot_reconf_duration: 15.34
tot_sleeping_duration: 2766471.296840004
tot_uptimes: 720
tot_uptimes_duration: 43200.0121599955
