comms_cons: 285.37204481314456
finished_reconf: true
global_termination_time: 2811022.959
local_termination_time: 534212.84536
node_cons: 57849.44429116838
tot_aggregated_send: 38686
tot_msg_rcv: 1605
tot_msg_sent: 3083
tot_reconf_duration: 3.3600000000000003
tot_sleeping_duration: 2767822.8982000225
tot_uptimes: 720
tot_uptimes_duration: 43200.060799977044
