comms_cons: 285.0802047998945
finished_reconf: true
global_termination_time: 2810766.563
local_termination_time: 107146.59147999997
node_cons: 57857.9508100511
tot_aggregated_send: 38860
tot_msg_rcv: 1566
tot_msg_sent: 2904
tot_reconf_duration: 9.629999999999999
tot_sleeping_duration: 2767566.508280021
tot_uptimes: 720
tot_uptimes_duration: 43200.054719979176
