comms_cons: 286.56564482538306
finished_reconf: true
global_termination_time: 2809190.574
local_termination_time: 728048.0305999998
node_cons: 57850.81860781745
tot_aggregated_send: 38744
tot_msg_rcv: 1790
tot_msg_sent: 3022
tot_reconf_duration: 4.390000000000001
tot_sleeping_duration: 2765990.5314400163
tot_uptimes: 720
tot_uptimes_duration: 43200.04255998391
