comms_cons: 0.7171327999996169
finished_reconf: true
global_termination_time: 5962.56
local_termination_time: 983.0943599999999
node_cons: 105.73460000000006
tot_aggregated_send: 0
tot_msg_rcv: 68
tot_msg_sent: 41
tot_reconf_duration: 18.700000000000003
tot_sleeping_duration: 5902.56
tot_uptimes: 2
tot_uptimes_duration: 60.0
