comms_cons: 0.7039744000015697
finished_reconf: true
global_termination_time: 5481.675
local_termination_time: 1604.7604800000004
node_cons: 95.69897999999992
tot_aggregated_send: 0
tot_msg_rcv: 59
tot_msg_sent: 48
tot_reconf_duration: 11.31
tot_sleeping_duration: 5421.675
tot_uptimes: 2
tot_uptimes_duration: 60.0
