comms_cons: 619.5930363141358
finished_reconf: true
global_termination_time: 2124824.467519998
local_termination_time: 2124824.426399998
node_cons: 86781.48321534498
tot_aggregated_send: 0
tot_msg_rcv: 31602
tot_msg_sent: 62571
tot_reconf_duration: 37.410000000000004
tot_sleeping_duration: 2060051.7412800074
tot_uptimes: 1071
tot_uptimes_duration: 64772.72623999066
