comms_cons: 211.731468788663
finished_reconf: true
global_termination_time: 2126549.024
local_termination_time: 149788.00136000005
node_cons: 43709.15078112099
tot_aggregated_send: 30160
tot_msg_rcv: 631
tot_msg_sent: 1390
tot_reconf_duration: 3.08
tot_sleeping_duration: 2093909.017919999
tot_uptimes: 545
tot_uptimes_duration: 32640.00608000107
