comms_cons: 209.88305919318717
finished_reconf: true
global_termination_time: 2126965.95
local_termination_time: 1064038.0561199991
node_cons: 43715.94621999973
tot_aggregated_send: 30566
tot_msg_rcv: 356
tot_msg_sent: 979
tot_reconf_duration: 8.09
tot_sleeping_duration: 2094325.9500000002
tot_uptimes: 545
tot_uptimes_duration: 32640.00000000003
