comms_cons: 209.98536959425294
finished_reconf: true
global_termination_time: 2127869.265
local_termination_time: 865872.9013599999
node_cons: 43722.119681116434
tot_aggregated_send: 30740
tot_msg_rcv: 373
tot_msg_sent: 801
tot_reconf_duration: 12.629999999999999
tot_sleeping_duration: 2095229.2589200025
tot_uptimes: 545
tot_uptimes_duration: 32640.00607999765
