comms_cons: 211.71865598976984
finished_reconf: true
global_termination_time: 2126950.04
local_termination_time: 1037123.0223599998
node_cons: 43730.35459999951
tot_aggregated_send: 30334
tot_msg_rcv: 645
tot_msg_sent: 1201
tot_reconf_duration: 18.700000000000003
tot_sleeping_duration: 2094310.04
tot_uptimes: 545
tot_uptimes_duration: 32640.0
