comms_cons: 213.46527998246813
finished_reconf: true
global_termination_time: 2126547.802
local_termination_time: 1188258.7723599998
node_cons: 43713.43118335003
tot_aggregated_send: 28478
tot_msg_rcv: 1282
tot_msg_sent: 2689
tot_reconf_duration: 6.22
tot_sleeping_duration: 2093907.7837600072
tot_uptimes: 545
tot_uptimes_duration: 32640.018239992904
