comms_cons: 463.18511371690124
finished_reconf: true
global_termination_time: 4554903.939
local_termination_time: 565650.7313599979
node_cons: 93739.02662643825
tot_aggregated_send: 62060
tot_msg_rcv: 2761
tot_msg_sent: 5581
tot_reconf_duration: 25.299999999999997
tot_sleeping_duration: 4484922.85668003
tot_uptimes: 1167
tot_uptimes_duration: 69981.08231997071
