comms_cons: 459.1231744652382
finished_reconf: true
global_termination_time: 4556729.627
local_termination_time: 887765.4293599998
node_cons: 93688.86836781648
tot_aggregated_send: 63162
tot_msg_rcv: 2155
tot_msg_sent: 4467
tot_reconf_duration: 9.11
tot_sleeping_duration: 4486769.584440016
tot_uptimes: 1167
tot_uptimes_duration: 69960.04255998437
