comms_cons: 456.7609600710721
finished_reconf: true
global_termination_time: 4552633.485
local_termination_time: 2293834.55536
node_cons: 93602.08604334903
tot_aggregated_send: 63684
tot_msg_rcv: 1854
tot_msg_sent: 3887
tot_reconf_duration: 4.390000000000001
tot_sleeping_duration: 4482733.466760007
tot_uptimes: 1166
tot_uptimes_duration: 69900.0182399936
