comms_cons: 457.978112080483
finished_reconf: true
global_termination_time: 4553252.777
local_termination_time: 1123268.80936
node_cons: 93697.36127228456
tot_aggregated_send: 62988
tot_msg_rcv: 2273
tot_msg_sent: 4349
tot_reconf_duration: 15.34
tot_sleeping_duration: 4483292.710120024
tot_uptimes: 1167
tot_uptimes_duration: 69960.06687997538
