comms_cons: 256.9371519888433
finished_reconf: true
global_termination_time: 2596244.554
local_termination_time: 856268.6987199998
node_cons: 53389.18724378445
tot_aggregated_send: 36308
tot_msg_rcv: 918
tot_msg_sent: 1827
tot_reconf_duration: 18.21
tot_sleeping_duration: 2556390.589800011
tot_uptimes: 665
tot_uptimes_duration: 39853.964199989045
