comms_cons: 262.03700479187955
finished_reconf: true
global_termination_time: 2594622.4262399925
local_termination_time: 115906.57847999997
node_cons: 53409.98026828847
tot_aggregated_send: 35902
tot_msg_rcv: 1390
tot_msg_sent: 2536
tot_reconf_duration: 11.31
tot_sleeping_duration: 2554745.9353600154
tot_uptimes: 665
tot_uptimes_duration: 39876.490879977064
