comms_cons: 258.3137600050121
finished_reconf: true
global_termination_time: 2595666.712
local_termination_time: 402808.2913600001
node_cons: 53366.59171999919
tot_aggregated_send: 37004
tot_msg_rcv: 775
tot_msg_sent: 1483
tot_reconf_duration: 15.34
tot_sleeping_duration: 2555826.712
tot_uptimes: 665
tot_uptimes_duration: 39840.0
