comms_cons: 282.29373440104706
finished_reconf: true
global_termination_time: 2807791.996
local_termination_time: 4772.961
node_cons: 57861.48975116856
tot_aggregated_send: 39485
tot_msg_rcv: 1321
tot_msg_sent: 2101
tot_reconf_duration: 12.23
tot_sleeping_duration: 2764591.9352000225
tot_uptimes: 720
tot_uptimes_duration: 43200.06079997728
