comms_cons: 110.54371839880645
finished_reconf: true
global_termination_time: 1129834.826
local_termination_time: 633512.1556799994
node_cons: 23222.475204481103
tot_aggregated_send: 14906
tot_msg_rcv: 589
tot_msg_sent: 1308
tot_reconf_duration: 3.08
tot_sleeping_duration: 1112494.8016799989
tot_uptimes: 290
tot_uptimes_duration: 17340.02432000084
