comms_cons: 116.02481919060476
finished_reconf: true
global_termination_time: 1129097.055
local_termination_time: 335112.9676400004
node_cons: 23230.680226714805
tot_aggregated_send: 14906
tot_msg_rcv: 982
tot_msg_sent: 1748
tot_reconf_duration: 9.11
tot_sleeping_duration: 1111757.0185200039
tot_uptimes: 290
tot_uptimes_duration: 17340.03647999611
