comms_cons: 115.32311679335135
finished_reconf: true
global_termination_time: 1128913.395
local_termination_time: 344213.35460000054
node_cons: 23224.81640335513
tot_aggregated_send: 15254
tot_msg_rcv: 762
tot_msg_sent: 1513
tot_reconf_duration: 4.8100000000000005
tot_sleeping_duration: 1111573.3767600036
tot_uptimes: 290
tot_uptimes_duration: 17340.018239996338
