comms_cons: 157.80211198359473
finished_reconf: true
global_termination_time: 1544960.434
local_termination_time: 1140888.6573599998
node_cons: 31742.852663350583
tot_aggregated_send: 20880
tot_msg_rcv: 1075
tot_msg_sent: 2030
tot_reconf_duration: 6.279999999999999
tot_sleeping_duration: 1521260.415760007
tot_uptimes: 396
tot_uptimes_duration: 23700.018239992904
