comms_cons: 153.84193919042127
finished_reconf: true
global_termination_time: 1544972.443
local_termination_time: 376211.08504000073
node_cons: 31741.25836446735
tot_aggregated_send: 21692
tot_msg_rcv: 525
tot_msg_sent: 1165
tot_reconf_duration: 5.1
tot_sleeping_duration: 1521272.4186800094
tot_uptimes: 396
tot_uptimes_duration: 23700.024319990538
