comms_cons: 153.62028159182418
finished_reconf: true
global_termination_time: 1549352.399
local_termination_time: 125675.89235999997
node_cons: 31832.57370670564
tot_aggregated_send: 21866
tot_msg_rcv: 498
tot_msg_sent: 985
tot_reconf_duration: 13.17
tot_sleeping_duration: 1525592.3625200107
tot_uptimes: 397
tot_uptimes_duration: 23760.03647998924
