comms_cons: 721.7711354746859
finished_reconf: true
global_termination_time: 1544373.331
local_termination_time: 853186.4595999978
node_cons: 93847.94851962781
tot_aggregated_send: 0
tot_msg_rcv: 44312
tot_msg_sent: 65393
tot_reconf_duration: 6.22
tot_sleeping_duration: 1474291.5522400073
tot_uptimes: 1146
tot_uptimes_duration: 70081.77875999265
