comms_cons: 246.69132803526583
finished_reconf: true
global_termination_time: 512886.5396000001
local_termination_time: 512886.49848000007
node_cons: 30868.84024836877
tot_aggregated_send: 0
tot_msg_rcv: 15252
tot_msg_sent: 22243
tot_reconf_duration: 24.59
tot_sleeping_duration: 489857.82635999355
tot_uptimes: 376
tot_uptimes_duration: 23028.71324000651
