comms_cons: 50.12692480047483
finished_reconf: true
global_termination_time: 514853.628
local_termination_time: 304891.87736000004
node_cons: 10558.91368224058
tot_aggregated_send: 7076
tot_msg_rcv: 213
tot_msg_sent: 330
tot_reconf_duration: 25.299999999999997
tot_sleeping_duration: 506993.6158399996
tot_uptimes: 132
tot_uptimes_duration: 7860.012160000435
