comms_cons: 51.34407680070734
finished_reconf: true
global_termination_time: 515914.054
local_termination_time: 275993.71736000007
node_cons: 10611.420121121442
tot_aggregated_send: 7192
tot_msg_rcv: 207
tot_msg_sent: 405
tot_reconf_duration: 4.8100000000000005
tot_sleeping_duration: 507994.04791999893
tot_uptimes: 133
tot_uptimes_duration: 7920.006080001069
