comms_cons: 17.619097599939153
finished_reconf: true
global_termination_time: 182333.627
local_termination_time: 91035.19499999945
node_cons: 3702.171979999999
tot_aggregated_send: 2610
tot_msg_rcv: 14
tot_msg_sent: 54
tot_reconf_duration: 4.8100000000000005
tot_sleeping_duration: 179573.627
tot_uptimes: 47
tot_uptimes_duration: 2760.0
