comms_cons: 22.85614080014537
finished_reconf: true
global_termination_time: 232606.82856000034
local_termination_time: 56838.076360000014
node_cons: 4782.500305840427
tot_aggregated_send: 3306
tot_msg_rcv: 45
tot_msg_sent: 122
tot_reconf_duration: 7.819999999999999
tot_sleeping_duration: 229043.06400000004
tot_uptimes: 60
tot_uptimes_duration: 3563.764560000316
