comms_cons: 125.82152321549766
finished_reconf: true
global_termination_time: 431365.3926400005
local_termination_time: 2521.189480000002
node_cons: 17566.331193960643
tot_aggregated_send: 0
tot_msg_rcv: 6463
tot_msg_sent: 12659
tot_reconf_duration: 5.57
tot_sleeping_duration: 418252.049
tot_uptimes: 217
tot_uptimes_duration: 13113.343640000463
