comms_cons: 42.66078719997634
finished_reconf: true
global_termination_time: 433561.306
local_termination_time: 207969.72136000005
node_cons: 8935.63300112146
tot_aggregated_send: 6264
tot_msg_rcv: 57
tot_msg_sent: 163
tot_reconf_duration: 13.17
tot_sleeping_duration: 426901.2999199989
tot_uptimes: 112
tot_uptimes_duration: 6660.006080001069
