comms_cons: 701.0475657419822
finished_reconf: true
global_termination_time: 3570831.627
local_termination_time: 1668.4593600000003
node_cons: 73438.34848334941
tot_aggregated_send: 0
tot_msg_rcv: 53537
tot_msg_sent: 53020
tot_reconf_duration: 5.57
tot_sleeping_duration: 3515991.6087600063
tot_uptimes: 915
tot_uptimes_duration: 54840.01823999337
