comms_cons: 360.50160645073095
finished_reconf: true
global_termination_time: 3571612.331
local_termination_time: 1840791.42636
node_cons: 73437.33268558347
tot_aggregated_send: 49474
tot_msg_rcv: 1779
tot_msg_sent: 3541
tot_reconf_duration: 4.8100000000000005
tot_sleeping_duration: 3516772.300600011
tot_uptimes: 915
tot_uptimes_duration: 54840.03039998887
