comms_cons: 95.68788479681662
finished_reconf: true
global_termination_time: 969892.357
local_termination_time: 698519.0533599999
node_cons: 19931.245799999997
tot_aggregated_send: 14036
tot_msg_rcv: 164
tot_msg_sent: 344
tot_reconf_duration: 5.1
tot_sleeping_duration: 955012.357
tot_uptimes: 249
tot_uptimes_duration: 14880.0
