comms_cons: 96.31921279614633
finished_reconf: true
global_termination_time: 967697.4823199997
local_termination_time: 125522.5490799999
node_cons: 19882.22260647951
tot_aggregated_send: 13746
tot_msg_rcv: 306
tot_msg_sent: 587
tot_reconf_duration: 4.8100000000000005
tot_sleeping_duration: 952853.8
tot_uptimes: 248
tot_uptimes_duration: 14843.682319999614
