comms_cons: 52.56843520132095
finished_reconf: true
global_termination_time: 510724.524
local_termination_time: 165757.474
node_cons: 10497.555449769892
tot_aggregated_send: 6552
tot_msg_rcv: 449
tot_msg_sent: 989
tot_reconf_duration: 22.65
tot_sleeping_duration: 502907.6481599926
tot_uptimes: 131
tot_uptimes_duration: 7816.875840007386
