comms_cons: 51.95685120164252
finished_reconf: true
global_termination_time: 505443.40112
local_termination_time: 505443.36
node_cons: 10411.454439772928
tot_aggregated_send: 6308
tot_msg_rcv: 411
tot_msg_sent: 1181
tot_reconf_duration: 24.59
tot_sleeping_duration: 497692.79527999036
tot_uptimes: 130
tot_uptimes_duration: 7750.605840009637
