comms_cons: 50.90452480065569
finished_reconf: true
global_termination_time: 510614.372
local_termination_time: 120620.91635999997
node_cons: 10465.04800224289
tot_aggregated_send: 6728
tot_msg_rcv: 314
tot_msg_sent: 696
tot_reconf_duration: 15.34
tot_sleeping_duration: 502814.35983999784
tot_uptimes: 131
tot_uptimes_duration: 7800.0121600021375
