comms_cons: 255.79334398434895
finished_reconf: true
global_termination_time: 2601923.457
local_termination_time: 928736.765879999
node_cons: 53510.61446446654
tot_aggregated_send: 36192
tot_msg_rcv: 921
tot_msg_sent: 1767
tot_reconf_duration: 3.05
tot_sleeping_duration: 2561963.4326800094
tot_uptimes: 667
tot_uptimes_duration: 39960.02431999054
