comms_cons: 2.1908735999969813
finished_reconf: true
global_termination_time: 16798.9
local_termination_time: 6764.38136
node_cons: 355.7174000000002
tot_aggregated_send: 0
tot_msg_rcv: 180
tot_msg_sent: 153
tot_reconf_duration: 25.299999999999997
tot_sleeping_duration: 16558.9
tot_uptimes: 5
tot_uptimes_duration: 240.0
