comms_cons: 1.9803391999934565
finished_reconf: true
global_termination_time: 13695.73
local_termination_time: 6325.72436
node_cons: 258.9048600000001
tot_aggregated_send: 0
tot_msg_rcv: 194
tot_msg_sent: 107
tot_reconf_duration: 13.17
tot_sleeping_duration: 13515.73
tot_uptimes: 4
tot_uptimes_duration: 180.0
