comms_cons: 1.5132159999992219
finished_reconf: true
global_termination_time: 17844.015
local_termination_time: 7307.96236
node_cons: 331.97956000000084
tot_aggregated_send: 0
tot_msg_rcv: 119
tot_msg_sent: 111
tot_reconf_duration: 7.819999999999999
tot_sleeping_duration: 17604.015
tot_uptimes: 5
tot_uptimes_duration: 240.0
