comms_cons: 2.1908735999927607
finished_reconf: true
global_termination_time: 19044.827
local_termination_time: 8398.180359999998
node_cons: 328.7339399999979
tot_aggregated_send: 0
tot_msg_rcv: 210
tot_msg_sent: 123
tot_reconf_duration: 5.43
tot_sleeping_duration: 18804.827
tot_uptimes: 5
tot_uptimes_duration: 240.0
