comms_cons: 82.02288639929905
finished_reconf: true
global_termination_time: 838397.784
local_termination_time: 291896.0313600001
node_cons: 17217.505462242916
tot_aggregated_send: 11832
tot_msg_rcv: 183
tot_msg_sent: 452
tot_reconf_duration: 18.21
tot_sleeping_duration: 825557.7718399978
tot_uptimes: 215
tot_uptimes_duration: 12840.012160002138
