comms_cons: 79.9043840012178
finished_reconf: true
global_termination_time: 839155.11
local_termination_time: 342251.119
node_cons: 17223.526841121486
tot_aggregated_send: 11055
tot_msg_rcv: 384
tot_msg_sent: 706
tot_reconf_duration: 22.65
tot_sleeping_duration: 826315.1039199989
tot_uptimes: 215
tot_uptimes_duration: 12840.006080001069
