comms_cons: 70.6207871977979
finished_reconf: true
global_termination_time: 681369.986
local_termination_time: 101957.91359999968
node_cons: 13985.740826710207
tot_aggregated_send: 8816
tot_msg_rcv: 639
tot_msg_sent: 1278
tot_reconf_duration: 4.8100000000000005
tot_sleeping_duration: 670929.9495200074
tot_uptimes: 175
tot_uptimes_duration: 10440.036479992676
