comms_cons: 70.58265599802957
finished_reconf: true
global_termination_time: 685801.626
local_termination_time: 59917.56784000012
node_cons: 14066.9472100837
tot_aggregated_send: 8874
tot_msg_rcv: 572
tot_msg_sent: 1282
tot_reconf_duration: 5.43
tot_sleeping_duration: 675301.5712799972
tot_uptimes: 176
tot_uptimes_duration: 10500.05472000275
