comms_cons: 202.0538111931401
finished_reconf: true
global_termination_time: 2055344.439
local_termination_time: 1006809.7037199978
node_cons: 42262.9818999997
tot_aggregated_send: 29464
tot_msg_rcv: 383
tot_msg_sent: 864
tot_reconf_duration: 3.05
tot_sleeping_duration: 2023784.439
tot_uptimes: 527
tot_uptimes_duration: 31560.0
