comms_cons: 182.9629951965871
finished_reconf: true
global_termination_time: 1874073.449
local_termination_time: 1502776.6916399992
node_cons: 38498.21897999988
tot_aggregated_send: 27086
tot_msg_rcv: 233
tot_msg_sent: 490
tot_reconf_duration: 11.31
tot_sleeping_duration: 1845333.449
tot_uptimes: 480
tot_uptimes_duration: 28740.0
