comms_cons: 292.43214718988656
finished_reconf: true
global_termination_time: 603091.5072399969
local_termination_time: 603091.466119997
node_cons: 36764.068456313005
tot_aggregated_send: 0
tot_msg_rcv: 17945
tot_msg_sent: 26501
tot_reconf_duration: 24.59
tot_sleeping_duration: 575660.0843600021
tot_uptimes: 449
tot_uptimes_duration: 27431.422879994843
