comms_cons: 119.88051199435965
finished_reconf: true
global_termination_time: 606065.057
local_termination_time: 1493.8024800000003
node_cons: 12477.43732111685
tot_aggregated_send: 0
tot_msg_rcv: 9236
tot_msg_sent: 8982
tot_reconf_duration: 18.21
tot_sleeping_duration: 596765.0509200024
tot_uptimes: 156
tot_uptimes_duration: 9300.006079997635
