comms_cons: 62.534579199545966
finished_reconf: true
global_termination_time: 603758.063
local_termination_time: 265060.0410800006
node_cons: 12379.32650560486
tot_aggregated_send: 7830
tot_msg_rcv: 571
tot_msg_sent: 1104
tot_reconf_duration: 5.1
tot_sleeping_duration: 594518.0325999963
tot_uptimes: 155
tot_uptimes_duration: 9240.030400003641
