comms_cons: 61.81221119865934
finished_reconf: true
global_termination_time: 608579.503
local_termination_time: 368741.84336000006
node_cons: 12487.081823359695
tot_aggregated_send: 8120
tot_msg_rcv: 425
tot_msg_sent: 851
tot_reconf_duration: 25.299999999999997
tot_sleeping_duration: 599279.4847600003
tot_uptimes: 156
tot_uptimes_duration: 9300.018239999772
