comms_cons: 60.72789759826105
finished_reconf: true
global_termination_time: 603490.041
local_termination_time: 424499.6206000001
node_cons: 12390.253001116827
tot_aggregated_send: 8352
tot_msg_rcv: 304
tot_msg_sent: 576
tot_reconf_duration: 13.17
tot_sleeping_duration: 594250.0349200023
tot_uptimes: 155
tot_uptimes_duration: 9240.006079997635
