comms_cons: 62.21795199919776
finished_reconf: true
global_termination_time: 603092.11536
local_termination_time: 39582.84264000008
node_cons: 12409.538681282876
tot_aggregated_send: 8120
tot_msg_rcv: 523
tot_msg_sent: 812
tot_reconf_duration: 11.31
tot_sleeping_duration: 593835.8198399979
tot_uptimes: 155
tot_uptimes_duration: 9256.295520002139
