comms_cons: 273.33022701364405
finished_reconf: true
global_termination_time: 1386556.9400399984
local_termination_time: 2440.7883600000005
node_cons: 28611.229787674758
tot_aggregated_send: 0
tot_msg_rcv: 20915
tot_msg_sent: 20628
tot_reconf_duration: 13.17
tot_sleeping_duration: 1365202.6869200023
tot_uptimes: 356
tot_uptimes_duration: 21354.25311999605
