comms_cons: 139.9715071933541
finished_reconf: true
global_termination_time: 1388572.091
local_termination_time: 579071.7713599999
node_cons: 28524.866323350605
tot_aggregated_send: 19314
tot_msg_rcv: 681
tot_msg_sent: 1279
tot_reconf_duration: 3.05
tot_sleeping_duration: 1367272.072760007
tot_uptimes: 356
tot_uptimes_duration: 21300.018239992904
