comms_cons: 140.95559038987562
finished_reconf: true
global_termination_time: 1387412.023
local_termination_time: 772287.08536
node_cons: 28529.179324467492
tot_aggregated_send: 19024
tot_msg_rcv: 835
tot_msg_sent: 1565
tot_reconf_duration: 6.22
tot_sleeping_duration: 1366111.9986800095
tot_uptimes: 356
tot_uptimes_duration: 21300.024319990538
