comms_cons: 130.72440321029003
finished_reconf: true
global_termination_time: 269905.1286000001
local_termination_time: 269905.0874800001
node_cons: 16474.39507572054
tot_aggregated_send: 0
tot_msg_rcv: 8002
tot_msg_sent: 11865
tot_reconf_duration: 24.59
tot_sleeping_duration: 257626.56111999974
tot_uptimes: 203
tot_uptimes_duration: 12278.567480000378
