comms_cons: 26.63288319979652
finished_reconf: true
global_termination_time: 271563.623
local_termination_time: 136786.14748000007
node_cons: 5561.353001121453
tot_aggregated_send: 3770
tot_msg_rcv: 56
tot_msg_sent: 222
tot_reconf_duration: 13.17
tot_sleeping_duration: 267423.61691999895
tot_uptimes: 70
tot_uptimes_duration: 4140.006080001069
