comms_cons: 28.07344640049108
finished_reconf: true
global_termination_time: 269932.293
local_termination_time: 15719.66444
node_cons: 5549.437902242866
tot_aggregated_send: 3654
tot_msg_rcv: 264
tot_msg_sent: 349
tot_reconf_duration: 4.390000000000001
tot_sleeping_duration: 265792.28083999787
tot_uptimes: 70
tot_uptimes_duration: 4140.0121600021375
