comms_cons: 18.599398400152094
finished_reconf: true
global_termination_time: 200616.76124000017
local_termination_time: 4549.887
node_cons: 4148.537940480522
tot_aggregated_send: 2647
tot_msg_rcv: 55
tot_msg_sent: 124
tot_reconf_duration: 21.68
tot_sleeping_duration: 197540.51291999978
tot_uptimes: 52
tot_uptimes_duration: 3076.248320000388
