comms_cons: 59.70028800063429
finished_reconf: true
global_termination_time: 597840.91
local_termination_time: 6051.691280000004
node_cons: 12341.850027039174
tot_aggregated_send: 8468
tot_msg_rcv: 213
tot_msg_sent: 393
tot_reconf_duration: 25.299999999999997
tot_sleeping_duration: 588649.3546400006
tot_uptimes: 154
tot_uptimes_duration: 9191.55535999937
