comms_cons: 59.61389439959524
finished_reconf: true
global_termination_time: 599818.698
local_termination_time: 55948.53048000002
node_cons: 12297.981620000026
tot_aggregated_send: 8468
tot_msg_rcv: 190
tot_msg_sent: 402
tot_reconf_duration: 4.390000000000001
tot_sleeping_duration: 590638.698
tot_uptimes: 154
tot_uptimes_duration: 9180.0
