comms_cons: 58.94305280028813
finished_reconf: true
global_termination_time: 599968.011
local_termination_time: 276323.79596000066
node_cons: 12296.161900000081
tot_aggregated_send: 8758
tot_msg_rcv: 87
tot_msg_sent: 114
tot_reconf_duration: 3.05
tot_sleeping_duration: 590788.011
tot_uptimes: 154
tot_uptimes_duration: 9180.0
