comms_cons: 59.96940799989768
finished_reconf: true
global_termination_time: 600488.656
local_termination_time: 123739.82995999992
node_cons: 12302.639560000027
tot_aggregated_send: 8410
tot_msg_rcv: 248
tot_msg_sent: 457
tot_reconf_duration: 7.819999999999999
tot_sleeping_duration: 591308.656
tot_uptimes: 154
tot_uptimes_duration: 9180.0
