comms_cons: 91.67165441265148
finished_reconf: true
global_termination_time: 464914.238
local_termination_time: 3330.3553600000005
node_cons: 9585.197321120304
tot_aggregated_send: 0
tot_msg_rcv: 7042
tot_msg_sent: 6890
tot_reconf_duration: 18.21
tot_sleeping_duration: 457774.23191999976
tot_uptimes: 120
tot_uptimes_duration: 7140.0060800002175
