comms_cons: 47.166284801083705
finished_reconf: true
global_termination_time: 463645.159
local_termination_time: 44571.002200000046
node_cons: 9486.114184484604
tot_aggregated_send: 6090
tot_msg_rcv: 377
tot_msg_sent: 702
tot_reconf_duration: 4.390000000000001
tot_sleeping_duration: 456565.1346799966
tot_uptimes: 119
tot_uptimes_duration: 7080.024320003424
