comms_cons: 45.56096000105992
finished_reconf: true
global_termination_time: 464160.969
local_termination_time: 339950.3443600001
node_cons: 9484.270041121506
tot_aggregated_send: 5916
tot_msg_rcv: 351
tot_msg_sent: 658
tot_reconf_duration: 3.05
tot_sleeping_duration: 457080.9629199989
tot_uptimes: 119
tot_uptimes_duration: 7080.006080001069
