comms_cons: 248.85692159647456
finished_reconf: true
global_termination_time: 2471317.792
local_termination_time: 526136.5733599999
node_cons: 50779.07888781779
tot_aggregated_send: 34394
tot_msg_rcv: 1160
tot_msg_sent: 2272
tot_reconf_duration: 3.05
tot_sleeping_duration: 2433397.7494400158
tot_uptimes: 633
tot_uptimes_duration: 37920.04255998391
