comms_cons: 108.55724801073133
finished_reconf: true
global_termination_time: 540551.408
local_termination_time: 958.8693599999999
node_cons: 11097.930643362028
tot_aggregated_send: 0
tot_msg_rcv: 8488
tot_msg_sent: 8013
tot_reconf_duration: 8.09
tot_sleeping_duration: 532271.3897599985
tot_uptimes: 139
tot_uptimes_duration: 8280.018240001504
