comms_cons: 107.03909121137563
finished_reconf: true
global_termination_time: 540834.529
local_termination_time: 1161.4173600000001
node_cons: 11102.303403364307
tot_aggregated_send: 0
tot_msg_rcv: 8255
tot_msg_sent: 8010
tot_reconf_duration: 11.31
tot_sleeping_duration: 532554.5107599967
tot_uptimes: 139
tot_uptimes_duration: 8280.018240003206
