comms_cons: 54.62612480115922
finished_reconf: true
global_termination_time: 540115.079
local_termination_time: 44998.60748000001
node_cons: 11094.326504485738
tot_aggregated_send: 7250
tot_msg_rcv: 297
tot_msg_sent: 755
tot_reconf_duration: 5.43
tot_sleeping_duration: 531835.0546799958
tot_uptimes: 139
tot_uptimes_duration: 8280.024320004275
