comms_cons: 92.41670401270002
finished_reconf: true
global_termination_time: 463071.914
local_termination_time: 177381.34472000008
node_cons: 9484.278182240578
tot_aggregated_send: 0
tot_msg_rcv: 7196
tot_msg_sent: 6853
tot_reconf_duration: 3.05
tot_sleeping_duration: 455991.90183999954
tot_uptimes: 119
tot_uptimes_duration: 7080.012160000435
