comms_cons: 398.1982592087407
finished_reconf: true
global_termination_time: 4014424.605
local_termination_time: 2773463.3823599997
node_cons: 82607.42253479053
tot_aggregated_send: 55158
tot_msg_rcv: 1949
tot_msg_sent: 3416
tot_reconf_duration: 13.17
tot_sleeping_duration: 3952744.5918000056
tot_uptimes: 1029
tot_uptimes_duration: 61680.01319999457
