comms_cons: 402.8359488605431
finished_reconf: true
global_termination_time: 4012113.891
local_termination_time: 1403405.276
node_cons: 82540.2422375027
tot_aggregated_send: 55213
tot_msg_rcv: 2067
tot_msg_sent: 3949
tot_reconf_duration: 15.110000000000001
tot_sleeping_duration: 3950486.017320011
tot_uptimes: 1028
tot_uptimes_duration: 61627.873679988785
