comms_cons: 404.03178886571175
finished_reconf: true
global_termination_time: 4013303.041
local_termination_time: 878696.1473599998
node_cons: 82526.38038669953
tot_aggregated_send: 55158
tot_msg_rcv: 2250
tot_msg_sent: 4002
tot_reconf_duration: 12.629999999999999
tot_sleeping_duration: 3951683.004520014
tot_uptimes: 1028
tot_uptimes_duration: 61620.03647998627
