comms_cons: 404.98112648846455
finished_reconf: true
global_termination_time: 4014602.632
local_termination_time: 55317.102480000016
node_cons: 82605.7817497233
tot_aggregated_send: 55506
tot_msg_rcv: 2037
tot_msg_sent: 4009
tot_reconf_duration: 11.899999999999999
tot_sleeping_duration: 3952922.556160026
tot_uptimes: 1029
tot_uptimes_duration: 61680.07583997416
