comms_cons: 675.7767688189235
finished_reconf: true
global_termination_time: 3434035.16
local_termination_time: 2105.4674800000003
node_cons: 70643.6298855924
tot_aggregated_send: 0
tot_msg_rcv: 51729
tot_msg_sent: 50984
tot_reconf_duration: 18.21
tot_sleeping_duration: 3381295.1296000048
tot_uptimes: 880
tot_uptimes_duration: 52740.03039999551
