comms_cons: 342.5526272260124
finished_reconf: true
global_termination_time: 3434974.304
local_termination_time: 1817682.9736
node_cons: 70639.72428446649
tot_aggregated_send: 47966
tot_msg_rcv: 1378
tot_msg_sent: 2722
tot_reconf_duration: 15.34
tot_sleeping_duration: 3382234.279680009
tot_uptimes: 880
tot_uptimes_duration: 52740.024319991004
