comms_cons: 345.1982208464322
finished_reconf: true
global_termination_time: 3431435.415
local_termination_time: 430552.40996000054
node_cons: 70544.57117228906
tot_aggregated_send: 47502
tot_msg_rcv: 1534
tot_msg_sent: 3432
tot_reconf_duration: 4.390000000000001
tot_sleeping_duration: 3378755.3481200216
tot_uptimes: 879
tot_uptimes_duration: 52680.06687997811
