comms_cons: 345.58626562978907
finished_reconf: true
global_termination_time: 3434032.621
local_termination_time: 1096920.391
node_cons: 70629.55283005095
tot_aggregated_send: 47958
tot_msg_rcv: 1542
tot_msg_sent: 3027
tot_reconf_duration: 7.819999999999999
tot_sleeping_duration: 3381292.5662800204
tot_uptimes: 880
tot_uptimes_duration: 52740.05471997941
