comms_cons: 200.34979839323
finished_reconf: true
global_termination_time: 2049474.81
local_termination_time: 515520.3143600001
node_cons: 42105.74034223332
tot_aggregated_send: 28420
tot_msg_rcv: 638
tot_msg_sent: 1394
tot_reconf_duration: 5.57
tot_sleeping_duration: 2018034.7978400048
tot_uptimes: 525
tot_uptimes_duration: 31440.01215999527
