comms_cons: 203.7963263882091
finished_reconf: true
global_termination_time: 2048539.074
local_termination_time: 508179.5046400008
node_cons: 42105.11836446694
tot_aggregated_send: 28362
tot_msg_rcv: 810
tot_msg_sent: 1803
tot_reconf_duration: 5.1
tot_sleeping_duration: 2017099.0496800095
tot_uptimes: 525
tot_uptimes_duration: 31440.024319990538
