comms_cons: 202.74513278892414
finished_reconf: true
global_termination_time: 2050760.766
local_termination_time: 767217.2588799992
node_cons: 42186.96304223342
tot_aggregated_send: 28188
tot_msg_rcv: 944
tot_msg_sent: 1682
tot_reconf_duration: 6.22
tot_sleeping_duration: 2019260.7538400048
tot_uptimes: 526
tot_uptimes_duration: 31500.01215999527
