comms_cons: 200.59103998965742
finished_reconf: true
global_termination_time: 2050580.792
local_termination_time: 1463326.1371599983
node_cons: 42185.873939999554
tot_aggregated_send: 27492
tot_msg_rcv: 1008
tot_msg_sent: 1988
tot_reconf_duration: 5.43
tot_sleeping_duration: 2019080.792
tot_uptimes: 526
tot_uptimes_duration: 31500.0
