comms_cons: 537.279935699314
finished_reconf: true
global_termination_time: 1107242.8114399984
local_termination_time: 1107242.7703199985
node_cons: 67624.66029787845
tot_aggregated_send: 0
tot_msg_rcv: 32899
tot_msg_sent: 48765
tot_reconf_duration: 24.59
tot_sleeping_duration: 1056763.8965199986
tot_uptimes: 826
tot_uptimes_duration: 50478.91491999983
