comms_cons: 219.17752307619207
finished_reconf: true
global_termination_time: 1107243.4114399985
local_termination_time: 2565.53036
node_cons: 22832.594520396444
tot_aggregated_send: 0
tot_msg_rcv: 16875
tot_msg_sent: 16436
tot_reconf_duration: 22.65
tot_sleeping_duration: 1090214.4078400014
tot_uptimes: 284
tot_uptimes_duration: 17029.00359999732
