comms_cons: 108.2428032002323
finished_reconf: true
global_termination_time: 1107243.7280000004
local_termination_time: 729349.8393599999
node_cons: 22798.912630000388
tot_aggregated_send: 16008
tot_msg_rcv: 154
tot_msg_sent: 290
tot_reconf_duration: 11.31
tot_sleeping_duration: 1090228.378
tot_uptimes: 284
tot_uptimes_duration: 17015.350000000326
