comms_cons: 32.88284160049071
finished_reconf: true
global_termination_time: 323554.44
local_termination_time: 25782.455479999997
node_cons: 6596.343042240585
tot_aggregated_send: 4408
tot_msg_rcv: 245
tot_msg_sent: 345
tot_reconf_duration: 6.22
tot_sleeping_duration: 318634.4278399996
tot_uptimes: 83
tot_uptimes_duration: 4920.012160000435
