comms_cons: 1809.6917530887436
finished_reconf: true
global_termination_time: 3743082.5066399993
local_termination_time: 3743082.465519999
node_cons: 227147.30168924172
tot_aggregated_send: 0
tot_msg_rcv: 111200
tot_msg_sent: 163860
tot_reconf_duration: 37.410000000000004
tot_sleeping_duration: 3573480.9391200216
tot_uptimes: 2782
tot_uptimes_duration: 169601.56751997763
