comms_cons: 737.9270154915154
finished_reconf: true
global_termination_time: 3744949.037
local_termination_time: 3125.9693600000005
node_cons: 77070.8461678218
tot_aggregated_send: 0
tot_msg_rcv: 56541
tot_msg_sent: 55618
tot_reconf_duration: 18.21
tot_sleeping_duration: 3687408.994440012
tot_uptimes: 960
tot_uptimes_duration: 57540.04255998781
