comms_cons: 376.25916161153947
finished_reconf: true
global_termination_time: 3743329.058
local_termination_time: 1781441.3041199981
node_cons: 76969.95148669988
tot_aggregated_send: 51098
tot_msg_rcv: 2224
tot_msg_sent: 3867
tot_reconf_duration: 3.08
tot_sleeping_duration: 3685849.021520014
tot_uptimes: 959
tot_uptimes_duration: 57480.03647998627
