comms_cons: 374.6631488432232
finished_reconf: true
global_termination_time: 3746296.867
local_termination_time: 460165.22464000084
node_cons: 77065.99023277838
tot_aggregated_send: 51910
tot_msg_rcv: 1552
tot_msg_sent: 3482
tot_reconf_duration: 12.629999999999999
tot_sleeping_duration: 3688754.7918000147
tot_uptimes: 960
tot_uptimes_duration: 57542.07519998524
