comms_cons: 375.25090565084224
finished_reconf: true
global_termination_time: 3747969.672
local_termination_time: 106250.87243999988
node_cons: 77071.51158781692
tot_aggregated_send: 52316
tot_msg_rcv: 1593
tot_msg_sent: 3128
tot_reconf_duration: 18.700000000000003
tot_sleeping_duration: 3690429.6294400156
tot_uptimes: 960
tot_uptimes_duration: 57540.04255998414
