comms_cons: 114.56455681591383
finished_reconf: true
global_termination_time: 517577.9488400001
local_termination_time: 517577.9077200001
node_cons: 10674.442491399659
tot_aggregated_send: 0
tot_msg_rcv: 9681
tot_msg_sent: 7738
tot_reconf_duration: 37.410000000000004
tot_sleeping_duration: 509643.9385999705
tot_uptimes: 133
tot_uptimes_duration: 7934.010240029609
