comms_cons: 51.7322496007181
finished_reconf: true
global_termination_time: 522677.861
local_termination_time: 103821.93435999998
node_cons: 10706.051720000029
tot_aggregated_send: 7250
tot_msg_rcv: 163
tot_msg_sent: 450
tot_reconf_duration: 15.34
tot_sleeping_duration: 514697.861
tot_uptimes: 134
tot_uptimes_duration: 7980.0
