comms_cons: 51.23285760006931
finished_reconf: true
global_termination_time: 522489.5
local_termination_time: 61440.70728000007
node_cons: 10693.748240000012
tot_aggregated_send: 7540
tot_msg_rcv: 78
tot_msg_sent: 169
tot_reconf_duration: 6.279999999999999
tot_sleeping_duration: 514509.5
tot_uptimes: 134
tot_uptimes_duration: 7980.0
