comms_cons: 50.87037440035838
finished_reconf: true
global_termination_time: 517968.52
local_termination_time: 268425.0898800009
node_cons: 10609.062640000035
tot_aggregated_send: 7482
tot_msg_rcv: 78
tot_msg_sent: 172
tot_reconf_duration: 3.08
tot_sleeping_duration: 510048.52
tot_uptimes: 133
tot_uptimes_duration: 7920.0
