comms_cons: 50.62694400013905
finished_reconf: true
global_termination_time: 517578.6583600002
local_termination_time: 355953.93336
node_cons: 10630.51061904022
tot_aggregated_send: 7598
tot_msg_rcv: 39
tot_msg_sent: 57
tot_reconf_duration: 4.8100000000000005
tot_sleeping_duration: 509644.395
tot_uptimes: 133
tot_uptimes_duration: 7934.263360000157
