comms_cons: 70.23295999607049
finished_reconf: true
global_termination_time: 696292.452
local_termination_time: 555844.1173599999
node_cons: 14331.294982233716
tot_aggregated_send: 9570
tot_msg_rcv: 370
tot_msg_sent: 735
tot_reconf_duration: 22.65
tot_sleeping_duration: 685612.4398400048
tot_uptimes: 179
tot_uptimes_duration: 10680.012159995269
