comms_cons: 73.74213119548341
finished_reconf: true
global_termination_time: 692580.9454799999
local_termination_time: 692580.9043599999
node_cons: 14289.430772153997
tot_aggregated_send: 8674
tot_msg_rcv: 943
tot_msg_sent: 1590
tot_reconf_duration: 37.410000000000004
tot_sleeping_duration: 681947.1680400044
tot_uptimes: 178
tot_uptimes_duration: 10633.777439995494
