comms_cons: 70.95667199575338
finished_reconf: true
global_termination_time: 694408.906
local_termination_time: 361648.84732000064
node_cons: 14232.624650074484
tot_aggregated_send: 9048
tot_msg_rcv: 513
tot_msg_sent: 1223
tot_reconf_duration: 9.11
tot_sleeping_duration: 683788.851280004
tot_uptimes: 178
tot_uptimes_duration: 10620.054719995882
