comms_cons: 70.77308160008442
finished_reconf: true
global_termination_time: 694548.897
local_termination_time: 313422.01672000013
node_cons: 14235.074523355132
tot_aggregated_send: 9222
tot_msg_rcv: 496
tot_msg_sent: 1040
tot_reconf_duration: 10.95
tot_sleeping_duration: 683928.8787600036
tot_uptimes: 178
tot_uptimes_duration: 10620.018239996338
