comms_cons: 69.64410239990224
finished_reconf: true
global_termination_time: 696424.989
local_termination_time: 484485.0164000008
node_cons: 14316.680199999972
tot_aggregated_send: 9686
tot_msg_rcv: 272
tot_msg_sent: 627
tot_reconf_duration: 11.899999999999999
tot_sleeping_duration: 685744.989
tot_uptimes: 179
tot_uptimes_duration: 10680.0
