comms_cons: 70.68880639875356
finished_reconf: true
global_termination_time: 694321.144
local_termination_time: 9250.415359999999
node_cons: 14235.571544479722
tot_aggregated_send: 9338
tot_msg_rcv: 477
tot_msg_sent: 932
tot_reconf_duration: 11.31
tot_sleeping_duration: 683701.1196800002
tot_uptimes: 178
tot_uptimes_duration: 10620.024319999779
