comms_cons: 158.27507838423688
finished_reconf: true
global_termination_time: 1568966.566
local_termination_time: 225817.259
node_cons: 32255.686081895146
tot_aggregated_send: 20762
tot_msg_rcv: 1084
tot_msg_sent: 2211
tot_reconf_duration: 22.65
tot_sleeping_duration: 1544900.1527200188
tot_uptimes: 402
tot_uptimes_duration: 24066.41327998141
