comms_cons: 155.498924794265
finished_reconf: true
global_termination_time: 1572935.735
local_termination_time: 946367.8388399996
node_cons: 32304.244059999983
tot_aggregated_send: 22504
tot_msg_rcv: 437
tot_msg_sent: 693
tot_reconf_duration: 5.57
tot_sleeping_duration: 1548815.735
tot_uptimes: 403
tot_uptimes_duration: 24120.0
