comms_cons: 157.04983679252626
finished_reconf: true
global_termination_time: 1568062.517
local_termination_time: 635610.4541999997
node_cons: 32224.8193244675
tot_aggregated_send: 21518
tot_msg_rcv: 822
tot_msg_sent: 1530
tot_reconf_duration: 6.22
tot_sleeping_duration: 1544002.4926800095
tot_uptimes: 402
tot_uptimes_duration: 24060.024319990538
