comms_cons: 244.61953279761875
finished_reconf: true
global_termination_time: 2411875.458
local_termination_time: 1293538.01436
node_cons: 49577.384765584204
tot_aggregated_send: 33002
tot_msg_rcv: 1391
tot_msg_sent: 2786
tot_reconf_duration: 5.57
tot_sleeping_duration: 2374855.4276000117
tot_uptimes: 618
tot_uptimes_duration: 37020.03039998864
