comms_cons: 245.31267838992878
finished_reconf: true
global_termination_time: 2415287.802
local_termination_time: 1514101.195759999
node_cons: 49656.6764033499
tot_aggregated_send: 33350
tot_msg_rcv: 1442
tot_msg_sent: 2495
tot_reconf_duration: 4.8100000000000005
tot_sleeping_duration: 2378207.783760007
tot_uptimes: 619
tot_uptimes_duration: 37080.0182399929
