comms_cons: 243.58830078877102
finished_reconf: true
global_termination_time: 2415388.036
local_termination_time: 512858.3613600001
node_cons: 49654.28632334988
tot_aggregated_send: 33640
tot_msg_rcv: 1177
tot_msg_sent: 2207
tot_reconf_duration: 3.05
tot_sleeping_duration: 2378308.017760007
tot_uptimes: 619
tot_uptimes_duration: 37080.0182399929
