comms_cons: 96.25369599808708
finished_reconf: true
global_termination_time: 969933.097
local_termination_time: 658162.4343599998
node_cons: 19949.04917999998
tot_aggregated_send: 13978
tot_msg_rcv: 263
tot_msg_sent: 389
tot_reconf_duration: 18.21
tot_sleeping_duration: 955053.097
tot_uptimes: 249
tot_uptimes_duration: 14880.0
