comms_cons: 343.2085504353819
finished_reconf: true
global_termination_time: 3414489.471
local_termination_time: 1869948.3905599995
node_cons: 70228.17974854325
tot_aggregated_send: 47618
tot_msg_rcv: 1529
tot_msg_sent: 3017
tot_reconf_duration: 8.09
tot_sleeping_duration: 3362049.4459600113
tot_uptimes: 875
tot_uptimes_duration: 52440.02503998857
