comms_cons: 342.3317120339368
finished_reconf: true
global_termination_time: 3413526.034
local_termination_time: 94234.95235999998
node_cons: 70248.01639341516
tot_aggregated_send: 46748
tot_msg_rcv: 1654
tot_msg_sent: 3629
tot_reconf_duration: 22.65
tot_sleeping_duration: 3361085.9610400177
tot_uptimes: 875
tot_uptimes_duration: 52440.072959982615
