comms_cons: 341.18415363209544
finished_reconf: true
global_termination_time: 3414888.231
local_termination_time: 250100.20636000004
node_cons: 70223.77339117261
tot_aggregated_send: 47386
tot_msg_rcv: 1463
tot_msg_sent: 3009
tot_reconf_duration: 4.8100000000000005
tot_sleeping_duration: 3362448.1702000196
tot_uptimes: 875
tot_uptimes_duration: 52440.06079998071
