comms_cons: 246.87462399040874
finished_reconf: true
global_termination_time: 2476742.004
local_termination_time: 1055282.4595199982
node_cons: 50941.55418446646
tot_aggregated_send: 33814
tot_msg_rcv: 1268
tot_msg_sent: 2441
tot_reconf_duration: 4.390000000000001
tot_sleeping_duration: 2438701.9796800097
tot_uptimes: 635
tot_uptimes_duration: 38040.02431999054
