comms_cons: 311.683020765105
finished_reconf: true
global_termination_time: 649634.738
local_termination_time: 282443.4664000004
node_cons: 39032.79093448562
tot_aggregated_send: 0
tot_msg_rcv: 19237
tot_msg_sent: 28137
tot_reconf_duration: 18.21
tot_sleeping_duration: 620502.5036799958
tot_uptimes: 481
tot_uptimes_duration: 29132.23432000434
