comms_cons: 67.24600319807048
finished_reconf: true
global_termination_time: 648566.147
local_termination_time: 320612.8841200009
node_cons: 13359.374818162309
tot_aggregated_send: 8642
tot_msg_rcv: 592
tot_msg_sent: 987
tot_reconf_duration: 13.17
tot_sleeping_duration: 638602.3755599982
tot_uptimes: 167
tot_uptimes_duration: 9963.771440001728
