comms_cons: 65.79200000090468
finished_reconf: true
global_termination_time: 648516.344
local_termination_time: 467381.69536
node_cons: 13352.608341121402
tot_aggregated_send: 8932
tot_msg_rcv: 382
tot_msg_sent: 686
tot_reconf_duration: 11.899999999999999
tot_sleeping_duration: 638556.337919999
tot_uptimes: 167
tot_uptimes_duration: 9960.006080001069
