comms_cons: 66.33149440022345
finished_reconf: true
global_termination_time: 651217.128
local_termination_time: 474532.08336
node_cons: 13342.426043359652
tot_aggregated_send: 8816
tot_msg_rcv: 455
tot_msg_sent: 811
tot_reconf_duration: 4.390000000000001
tot_sleeping_duration: 641257.1097600003
tot_uptimes: 167
tot_uptimes_duration: 9960.018239999772
