comms_cons: 12.000460799900953
finished_reconf: true
global_termination_time: 108406.4742399999
local_termination_time: 70569.59435999997
node_cons: 2215.8253904790176
tot_aggregated_send: 870
tot_msg_rcv: 402
tot_msg_sent: 551
tot_reconf_duration: 15.34
tot_sleeping_duration: 106767.19592000064
tot_uptimes: 28
tot_uptimes_duration: 1639.2783199992555
