comms_cons: 14.41879039984795
finished_reconf: true
global_termination_time: 111410.795
local_termination_time: 16158.852160000002
node_cons: 2258.072663359732
tot_aggregated_send: 754
tot_msg_rcv: 651
tot_msg_sent: 788
tot_reconf_duration: 6.279999999999999
tot_sleeping_duration: 109730.7767600002
tot_uptimes: 29
tot_uptimes_duration: 1680.0182399998012
