comms_cons: 12.718220799620244
finished_reconf: true
global_termination_time: 112891.888
local_termination_time: 47277.92536000001
node_cons: 2274.9390233597296
tot_aggregated_send: 754
tot_msg_rcv: 489
tot_msg_sent: 690
tot_reconf_duration: 18.700000000000003
tot_sleeping_duration: 111211.8697600002
tot_uptimes: 29
tot_uptimes_duration: 1680.0182399998012
