comms_cons: 14.757433600041452
finished_reconf: true
global_termination_time: 112590.621
local_termination_time: 50917.91248000001
node_cons: 2256.09268560003
tot_aggregated_send: 754
tot_msg_rcv: 610
tot_msg_sent: 879
tot_reconf_duration: 4.8100000000000005
tot_sleeping_duration: 110910.59059999997
tot_uptimes: 29
tot_uptimes_duration: 1680.030400000025
