comms_cons: 14.169062399287489
finished_reconf: true
global_termination_time: 110151.818
local_termination_time: 69926.53871999995
node_cons: 2256.942786714918
tot_aggregated_send: 812
tot_msg_rcv: 581
tot_msg_sent: 761
tot_reconf_duration: 5.43
tot_sleeping_duration: 108471.7815200038
tot_uptimes: 29
tot_uptimes_duration: 1680.0364799961972
