comms_cons: 50.78951680360774
finished_reconf: true
global_termination_time: 412743.5097200001
local_termination_time: 412743.4686000001
node_cons: 8487.734992258014
tot_aggregated_send: 3190
tot_msg_rcv: 1578
tot_msg_sent: 2951
tot_reconf_duration: 24.59
tot_sleeping_duration: 406429.5875599866
tot_uptimes: 106
tot_uptimes_duration: 6313.922160013441
