comms_cons: 41.060787200146905
finished_reconf: true
global_termination_time: 414263.237
local_termination_time: 4071.2244800000026
node_cons: 8524.48676000001
tot_aggregated_send: 5916
tot_msg_rcv: 98
tot_msg_sent: 227
tot_reconf_duration: 6.22
tot_sleeping_duration: 407903.237
tot_uptimes: 107
tot_uptimes_duration: 6360.0
