comms_cons: 76.48319999991865
finished_reconf: true
global_termination_time: 774597.513
local_termination_time: 177973.57136000006
node_cons: 15941.677400000048
tot_aggregated_send: 11136
tot_msg_rcv: 165
tot_msg_sent: 324
tot_reconf_duration: 25.299999999999997
tot_sleeping_duration: 762717.513
tot_uptimes: 199
tot_uptimes_duration: 11880.0
