comms_cons: 225.08540153645316
finished_reconf: true
global_termination_time: 773261.3705599996
local_termination_time: 2599.0660400000015
node_cons: 31448.920027839493
tot_aggregated_send: 0
tot_msg_rcv: 11533
tot_msg_sent: 22677
tot_reconf_duration: 6.22
tot_sleeping_duration: 749780.808
tot_uptimes: 388
tot_uptimes_duration: 23480.562559999584
