comms_cons: 140.64355839563325
finished_reconf: true
global_termination_time: 1423284.529
local_termination_time: 669468.2013599998
node_cons: 29251.324059999977
tot_aggregated_send: 20590
tot_msg_rcv: 269
tot_msg_sent: 518
tot_reconf_duration: 5.57
tot_sleeping_duration: 1401444.529
tot_uptimes: 365
tot_uptimes_duration: 21840.0
