comms_cons: 140.19617279496333
finished_reconf: true
global_termination_time: 1420888.731
local_termination_time: 435515.91036000004
node_cons: 29170.345800000017
tot_aggregated_send: 20416
tot_msg_rcv: 259
tot_msg_sent: 634
tot_reconf_duration: 5.1
tot_sleeping_duration: 1399108.731
tot_uptimes: 364
tot_uptimes_duration: 21780.0
