comms_cons: 141.71237759478785
finished_reconf: true
global_termination_time: 1424656.364
local_termination_time: 828345.8130000001
node_cons: 29266.58791239717
tot_aggregated_send: 20235
tot_msg_rcv: 436
tot_msg_sent: 869
tot_reconf_duration: 13.17
tot_sleeping_duration: 1402812.6724000021
tot_uptimes: 365
tot_uptimes_duration: 21843.69159999781
