comms_cons: 145.77315198621832
finished_reconf: true
global_termination_time: 1422170.99
local_termination_time: 186593.89560000008
node_cons: 29254.44468894387
tot_aggregated_send: 18908
tot_msg_rcv: 1040
tot_msg_sent: 2209
tot_reconf_duration: 7.819999999999999
tot_sleeping_duration: 1400330.941360012
tot_uptimes: 365
tot_uptimes_duration: 21840.048639987945
