comms_cons: 27.51484160055024
finished_reconf: true
global_termination_time: 263566.474
local_termination_time: 57848.93592000015
node_cons: 5398.138980000001
tot_aggregated_send: 3364
tot_msg_rcv: 304
tot_msg_sent: 514
tot_reconf_duration: 11.31
tot_sleeping_duration: 259546.474
tot_uptimes: 68
tot_uptimes_duration: 4020.0
