comms_cons: 625.6297409140059
finished_reconf: true
global_termination_time: 6371576.926
local_termination_time: 4428358.007839999
node_cons: 131051.71596334706
tot_aggregated_send: 87928
tot_msg_rcv: 2448
tot_msg_sent: 4716
tot_reconf_duration: 12.629999999999999
tot_sleeping_duration: 6273716.907760006
tot_uptimes: 1632
tot_uptimes_duration: 97860.0182399936
