comms_cons: 631.4107073291188
finished_reconf: true
global_termination_time: 6370651.448
local_termination_time: 1757937.7215999998
node_cons: 131043.06217244608
tot_aggregated_send: 88798
tot_msg_rcv: 2346
tot_msg_sent: 4825
tot_reconf_duration: 6.22
tot_sleeping_duration: 6272791.391680022
tot_uptimes: 1632
tot_uptimes_duration: 97860.05631997786
