comms_cons: 439.1004672764267
finished_reconf: true
global_termination_time: 4352191.305
local_termination_time: 2968489.8820799985
node_cons: 89529.53498223145
tot_aggregated_send: 60088
tot_msg_rcv: 2144
tot_msg_sent: 4508
tot_reconf_duration: 22.65
tot_sleeping_duration: 4285351.292840004
tot_uptimes: 1115
tot_uptimes_duration: 66840.0121599955
