comms_cons: 438.0768768667445
finished_reconf: true
global_termination_time: 4349862.126
local_termination_time: 284349.81736000004
node_cons: 89436.38627117238
tot_aggregated_send: 60494
tot_msg_rcv: 2026
tot_msg_sent: 4065
tot_reconf_duration: 13.17
tot_sleeping_duration: 4283082.065200019
tot_uptimes: 1114
tot_uptimes_duration: 66780.06079998118
