comms_cons: 439.55976327405165
finished_reconf: true
global_termination_time: 4348964.743
local_termination_time: 2209041.20236
node_cons: 89443.86344670011
tot_aggregated_send: 60146
tot_msg_rcv: 2264
tot_msg_sent: 4399
tot_reconf_duration: 18.700000000000003
tot_sleeping_duration: 4282184.706520013
tot_uptimes: 1114
tot_uptimes_duration: 66780.03647998674
