comms_cons: 438.71463688193074
finished_reconf: true
global_termination_time: 4353489.688
local_termination_time: 2286262.2593199997
node_cons: 89513.67080558231
tot_aggregated_send: 60668
tot_msg_rcv: 2073
tot_msg_sent: 3941
tot_reconf_duration: 10.95
tot_sleeping_duration: 4286649.657600012
tot_uptimes: 1115
tot_uptimes_duration: 66840.03039998887
