comms_cons: 431.15540483958944
finished_reconf: true
global_termination_time: 4350724.812
local_termination_time: 2363850.2315999996
node_cons: 89514.92019999746
tot_aggregated_send: 63046
tot_msg_rcv: 932
tot_msg_sent: 1555
tot_reconf_duration: 11.899999999999999
tot_sleeping_duration: 4283884.812
tot_uptimes: 1115
tot_uptimes_duration: 66840.0
