comms_cons: 435.7544832559021
finished_reconf: true
global_termination_time: 4351415.879
local_termination_time: 745462.0615999999
node_cons: 89507.25560669963
tot_aggregated_send: 61132
tot_msg_rcv: 1614
tot_msg_sent: 3487
tot_reconf_duration: 6.22
tot_sleeping_duration: 4284575.842520013
tot_uptimes: 1115
tot_uptimes_duration: 66840.0364799865
