comms_cons: 204.87727358823395
finished_reconf: true
global_termination_time: 2057151.806
local_termination_time: 260184.14736000006
node_cons: 42264.84232559302
tot_aggregated_send: 28768
tot_msg_rcv: 801
tot_msg_sent: 1571
tot_reconf_duration: 4.390000000000001
tot_sleeping_duration: 2025591.775600005
tot_uptimes: 527
tot_uptimes_duration: 31560.03039999504
