comms_cons: 200.28599039151132
finished_reconf: true
global_termination_time: 2060664.146
local_termination_time: 1200493.82036
node_cons: 42354.55526223338
tot_aggregated_send: 28536
tot_msg_rcv: 514
tot_msg_sent: 1392
tot_reconf_duration: 11.31
tot_sleeping_duration: 2029044.1338400047
tot_uptimes: 528
tot_uptimes_duration: 31620.01215999527
