comms_cons: 190.2037631821002
finished_reconf: true
global_termination_time: 1906827.062
local_termination_time: 534422.8183599999
node_cons: 39212.54967341103
tot_aggregated_send: 24882
tot_msg_rcv: 1342
tot_msg_sent: 2685
tot_reconf_duration: 4.8100000000000005
tot_sleeping_duration: 1877546.9890400213
tot_uptimes: 489
tot_uptimes_duration: 29280.072959978483
