comms_cons: 195.11275517170208
finished_reconf: true
global_termination_time: 1908717.232
local_termination_time: 655026.252
node_cons: 39212.261716275636
tot_aggregated_send: 25112
tot_msg_rcv: 1491
tot_msg_sent: 3053
tot_reconf_duration: 3.05
tot_sleeping_duration: 1879435.5891200332
tot_uptimes: 489
tot_uptimes_duration: 29281.642879966996
