comms_cons: 188.3428927844139
finished_reconf: true
global_termination_time: 1907572.242
local_termination_time: 772596.1192399979
node_cons: 39219.93933452549
tot_aggregated_send: 25694
tot_msg_rcv: 881
tot_msg_sent: 2053
tot_reconf_duration: 7.819999999999999
tot_sleeping_duration: 1878289.7029600258
tot_uptimes: 489
tot_uptimes_duration: 29282.539039974334
