comms_cons: 51.49408000448522
finished_reconf: true
global_termination_time: 260488.276
local_termination_time: 698.4450399999994
node_cons: 5336.813682242867
tot_aggregated_send: 0
tot_msg_rcv: 4015
tot_msg_sent: 3811
tot_reconf_duration: 25.299999999999997
tot_sleeping_duration: 256528.26383999788
tot_uptimes: 67
tot_uptimes_duration: 3960.0121600021375
