comms_cons: 53.06124800068654
finished_reconf: true
global_termination_time: 530502.56
local_termination_time: 94538.52359999994
node_cons: 10863.801142242874
tot_aggregated_send: 7366
tot_msg_rcv: 245
tot_msg_sent: 454
tot_reconf_duration: 13.17
tot_sleeping_duration: 522402.5478399979
tot_uptimes: 136
tot_uptimes_duration: 8100.0121600021375
