comms_cons: 53.53683200078058
finished_reconf: true
global_termination_time: 530086.16
local_termination_time: 311645.32548000006
node_cons: 10856.560265607179
tot_aggregated_send: 6960
tot_msg_rcv: 384
tot_msg_sent: 794
tot_reconf_duration: 7.819999999999999
tot_sleeping_duration: 521986.1295999947
tot_uptimes: 136
tot_uptimes_duration: 8100.030400005344
