comms_cons: 353.42948483940864
finished_reconf: true
global_termination_time: 3518956.597
local_termination_time: 484414.28336
node_cons: 72492.17229340643
tot_aggregated_send: 49184
tot_msg_rcv: 1403
tot_msg_sent: 3131
tot_reconf_duration: 18.700000000000003
tot_sleeping_duration: 3464836.524040024
tot_uptimes: 902
tot_uptimes_duration: 54120.07295997621
