comms_cons: 692.1179272983625
finished_reconf: true
global_termination_time: 3520107.479
local_termination_time: 1702.2904800000022
node_cons: 72402.55718781712
tot_aggregated_send: 0
tot_msg_rcv: 52934
tot_msg_sent: 52267
tot_reconf_duration: 11.899999999999999
tot_sleeping_duration: 3466047.4364400157
tot_uptimes: 902
tot_uptimes_duration: 54060.04255998414
