comms_cons: 351.8287680096176
finished_reconf: true
global_termination_time: 3524364.648
local_termination_time: 674076.7546799985
node_cons: 72470.8788878178
tot_aggregated_send: 49010
tot_msg_rcv: 1496
tot_msg_sent: 2969
tot_reconf_duration: 3.05
tot_sleeping_duration: 3470244.6054400154
tot_uptimes: 903
tot_uptimes_duration: 54120.042559984606
