comms_cons: 340.5525503932749
finished_reconf: true
global_termination_time: 3520241.812
local_termination_time: 2275706.05236
node_cons: 72393.7220811154
tot_aggregated_send: 49184
tot_msg_rcv: 703
tot_msg_sent: 1875
tot_reconf_duration: 5.43
tot_sleeping_duration: 3466181.805920002
tot_uptimes: 902
tot_uptimes_duration: 54060.006079997635
