comms_cons: 227.49048319521805
finished_reconf: true
global_termination_time: 2299034.323
local_termination_time: 1035789.5914799998
node_cons: 47257.80485999948
tot_aggregated_send: 33118
tot_msg_rcv: 485
tot_msg_sent: 974
tot_reconf_duration: 13.17
tot_sleeping_duration: 2263754.323
tot_uptimes: 589
tot_uptimes_duration: 35280.0
