comms_cons: 230.1213055969181
finished_reconf: true
global_termination_time: 2296372.135
local_termination_time: 687806.2163599998
node_cons: 47252.2913799994
tot_aggregated_send: 32596
tot_msg_rcv: 880
tot_msg_sent: 1502
tot_reconf_duration: 9.11
tot_sleeping_duration: 2261092.135
tot_uptimes: 589
tot_uptimes_duration: 35280.0
