comms_cons: 28.5866240004852
finished_reconf: true
global_termination_time: 286104.211
local_termination_time: 30672.927480000002
node_cons: 5871.351980000003
tot_aggregated_send: 3944
tot_msg_rcv: 115
tot_msg_sent: 286
tot_reconf_duration: 4.8100000000000005
tot_sleeping_duration: 281724.211
tot_uptimes: 74
tot_uptimes_duration: 4379.999999999996
