comms_cons: 121.40115199517254
finished_reconf: true
global_termination_time: 1221749.9274799998
local_termination_time: 1221749.88636
node_cons: 25135.24121983667
tot_aggregated_send: 17374
tot_msg_rcv: 370
tot_msg_sent: 707
tot_reconf_duration: 37.410000000000004
tot_sleeping_duration: 1203016.2169200024
tot_uptimes: 313
tot_uptimes_duration: 18733.710559997475
