comms_cons: 122.33278078985374
finished_reconf: true
global_termination_time: 1223751.58
local_termination_time: 696177.2543199996
node_cons: 25166.996367822445
tot_aggregated_send: 16066
tot_msg_rcv: 823
tot_msg_sent: 1704
tot_reconf_duration: 15.110000000000001
tot_sleeping_duration: 1204971.5374400131
tot_uptimes: 314
tot_uptimes_duration: 18780.042559986876
