comms_cons: 121.6874943961406
finished_reconf: true
global_termination_time: 1222388.183
local_termination_time: 724169.9775199982
node_cons: 25164.934641983145
tot_aggregated_send: 16472
tot_msg_rcv: 687
tot_msg_sent: 1337
tot_reconf_duration: 12.629999999999999
tot_sleeping_duration: 1203607.1650000126
tot_uptimes: 314
tot_uptimes_duration: 18781.01799998738
