comms_cons: 123.77448959353775
finished_reconf: true
global_termination_time: 1224228.645
local_termination_time: 760133.9694799999
node_cons: 25162.596482233734
tot_aggregated_send: 16646
tot_msg_rcv: 782
tot_msg_sent: 1385
tot_reconf_duration: 11.899999999999999
tot_sleeping_duration: 1205448.6328400047
tot_uptimes: 314
tot_uptimes_duration: 18780.01215999527
