comms_cons: 139.34933758808864
finished_reconf: true
global_termination_time: 1369758.495
local_termination_time: 62755.56856000004
node_cons: 28139.89684895313
tot_aggregated_send: 18328
tot_msg_rcv: 884
tot_msg_sent: 1971
tot_reconf_duration: 15.34
tot_sleeping_duration: 1348758.4463600053
tot_uptimes: 351
tot_uptimes_duration: 21000.048639994842
