comms_cons: 137.3342207912449
finished_reconf: true
global_termination_time: 1368698.101
local_termination_time: 644495.0533599999
node_cons: 28129.98622
tot_aggregated_send: 19140
tot_msg_rcv: 581
tot_msg_sent: 1153
tot_reconf_duration: 8.09
tot_sleeping_duration: 1347698.101
tot_uptimes: 351
tot_uptimes_duration: 21000.0
