comms_cons: 135.8604799986121
finished_reconf: true
global_termination_time: 1368111.233
local_termination_time: 258984.62736000004
node_cons: 28133.870100000022
tot_aggregated_send: 19488
tot_msg_rcv: 360
tot_msg_sent: 802
tot_reconf_duration: 10.95
tot_sleeping_duration: 1347111.233
tot_uptimes: 351
tot_uptimes_duration: 21000.0
