comms_cons: 140.69694718827893
finished_reconf: true
global_termination_time: 1368583.201
local_termination_time: 82301.49135999997
node_cons: 28126.430927824797
tot_aggregated_send: 18560
tot_msg_rcv: 1078
tot_msg_sent: 1749
tot_reconf_duration: 5.43
tot_sleeping_duration: 1347583.1584400113
tot_uptimes: 351
tot_uptimes_duration: 21000.042559988608
