comms_cons: 98.9445887941848
finished_reconf: true
global_termination_time: 992587.1354799998
local_termination_time: 992587.0943599999
node_cons: 20458.119800953493
tot_aggregated_send: 14080
tot_msg_rcv: 310
tot_msg_sent: 648
tot_reconf_duration: 24.59
tot_sleeping_duration: 977333.4188400047
tot_uptimes: 255
tot_uptimes_duration: 15253.71663999511
