comms_cons: 272.1354496068727
finished_reconf: true
global_termination_time: 2810132.992
local_termination_time: 6422.629
node_cons: 57850.68013999896
tot_aggregated_send: 40479
tot_msg_rcv: 302
tot_msg_sent: 582
tot_reconf_duration: 4.33
tot_sleeping_duration: 2766932.992
tot_uptimes: 720
tot_uptimes_duration: 43200.0
