comms_cons: 75.0733440014109
finished_reconf: true
global_termination_time: 590707.9634799989
local_termination_time: 590707.9223599989
node_cons: 12215.768508747342
tot_aggregated_send: 5046
tot_msg_rcv: 2569
tot_msg_sent: 3799
tot_reconf_duration: 24.59
tot_sleeping_duration: 581609.8489999784
tot_uptimes: 152
tot_uptimes_duration: 9098.114480020406
