comms_cons: 58.90357760037462
finished_reconf: true
global_termination_time: 596353.39
local_termination_time: 29795.73048
node_cons: 12217.641620000017
tot_aggregated_send: 8526
tot_msg_rcv: 141
tot_msg_sent: 286
tot_reconf_duration: 4.390000000000001
tot_sleeping_duration: 587233.39
tot_uptimes: 153
tot_uptimes_duration: 9120.0
