comms_cons: 311.19615983303197
finished_reconf: true
global_termination_time: 1071214.345879999
local_termination_time: 277987.88860000006
node_cons: 43522.29195731828
tot_aggregated_send: 0
tot_msg_rcv: 15917
tot_msg_sent: 31383
tot_reconf_duration: 13.17
tot_sleeping_duration: 1038724.124
tot_uptimes: 535
tot_uptimes_duration: 32490.221879999008
