comms_cons: 35.781836800762
finished_reconf: true
global_termination_time: 192037.027
local_termination_time: 41101.06536000001
node_cons: 3961.3891800000015
tot_aggregated_send: 0
tot_msg_rcv: 2783
tot_msg_sent: 2655
tot_reconf_duration: 18.21
tot_sleeping_duration: 189097.027
tot_uptimes: 50
tot_uptimes_duration: 2940.0
