comms_cons: 61.45630719955641
finished_reconf: true
global_termination_time: 609781.143
local_termination_time: 216647.86736000006
node_cons: 12567.397400000042
tot_aggregated_send: 8468
tot_msg_rcv: 317
tot_msg_sent: 556
tot_reconf_duration: 25.299999999999997
tot_sleeping_duration: 600421.143
tot_uptimes: 157
tot_uptimes_duration: 9360.0
