comms_cons: 139.67544319403822
finished_reconf: true
global_termination_time: 1447851.844
local_termination_time: 516016.89052000036
node_cons: 29760.181823355128
tot_aggregated_send: 19430
tot_msg_rcv: 540
tot_msg_sent: 1260
tot_reconf_duration: 25.299999999999997
tot_sleeping_duration: 1425651.8257600036
tot_uptimes: 371
tot_uptimes_duration: 22200.018239996338
