comms_cons: 143.54749438984638
finished_reconf: true
global_termination_time: 1447773.307
local_termination_time: 303914.63200000045
node_cons: 29743.725565597982
tot_aggregated_send: 18966
tot_msg_rcv: 995
tot_msg_sent: 1861
tot_reconf_duration: 13.17
tot_sleeping_duration: 1425573.2766000014
tot_uptimes: 371
tot_uptimes_duration: 22200.030399998475
