comms_cons: 148.80977278273545
finished_reconf: true
global_termination_time: 1446037.3121200004
local_termination_time: 55265.44660000002
node_cons: 29789.258535278423
tot_aggregated_send: 19198
tot_msg_rcv: 1211
tot_msg_sent: 2209
tot_reconf_duration: 7.819999999999999
tot_sleeping_duration: 1423797.8506000014
tot_uptimes: 371
tot_uptimes_duration: 22239.46151999879
