comms_cons: 147.24195197715042
finished_reconf: true
global_termination_time: 1446808.017
local_termination_time: 103411.32443999987
node_cons: 29734.328171182166
tot_aggregated_send: 18038
tot_msg_rcv: 1487
tot_msg_sent: 2855
tot_reconf_duration: 6.22
tot_sleeping_duration: 1424607.9562000134
tot_uptimes: 371
tot_uptimes_duration: 22200.060799986648
