comms_cons: 266.20175348528
finished_reconf: true
global_termination_time: 916997.0125999998
local_termination_time: 916996.9714799998
node_cons: 37293.92511039968
tot_aggregated_send: 0
tot_msg_rcv: 13580
tot_msg_sent: 26881
tot_reconf_duration: 24.59
tot_sleeping_duration: 889169.879
tot_uptimes: 463
tot_uptimes_duration: 27827.133599999856
