comms_cons: 12.316889599678857
finished_reconf: true
global_termination_time: 104367.002
local_termination_time: 21762.85636
node_cons: 2095.4289678374803
tot_aggregated_send: 754
tot_msg_rcv: 358
tot_msg_sent: 761
tot_reconf_duration: 4.8100000000000005
tot_sleeping_duration: 102806.95944000187
tot_uptimes: 27
tot_uptimes_duration: 1560.0425599981172
