comms_cons: 14.014476799969206
finished_reconf: true
global_termination_time: 108977.581
local_termination_time: 49321.70636000001
node_cons: 2184.5715444788816
tot_aggregated_send: 638
tot_msg_rcv: 565
tot_msg_sent: 928
tot_reconf_duration: 11.31
tot_sleeping_duration: 107357.55668000084
tot_uptimes: 28
tot_uptimes_duration: 1620.0243199991673
