comms_cons: 169.16752641909187
finished_reconf: true
global_termination_time: 352541.2434800002
local_termination_time: 1037.2850399999995
node_cons: 21116.972112800628
tot_aggregated_send: 0
tot_msg_rcv: 10510
tot_msg_sent: 15202
tot_reconf_duration: 18.21
tot_sleeping_duration: 336789.0082799997
tot_uptimes: 257
tot_uptimes_duration: 15752.235200000447
