comms_cons: 237.48280305439724
finished_reconf: true
global_termination_time: 1208987.304
local_termination_time: 250157.17460000006
node_cons: 24835.68770111684
tot_aggregated_send: 0
tot_msg_rcv: 18177
tot_msg_sent: 17919
tot_reconf_duration: 7.819999999999999
tot_sleeping_duration: 1190447.2979200024
tot_uptimes: 310
tot_uptimes_duration: 18540.006079997635
