comms_cons: 118.80474879704448
finished_reconf: true
global_termination_time: 1204889.395
local_termination_time: 770218.9396799986
node_cons: 24753.16676000016
tot_aggregated_send: 17400
tot_msg_rcv: 198
tot_msg_sent: 459
tot_reconf_duration: 6.22
tot_sleeping_duration: 1186409.395
tot_uptimes: 309
tot_uptimes_duration: 18480.0
