comms_cons: 351.0990077854928
finished_reconf: true
global_termination_time: 1204866.054
local_termination_time: 250161.63348000008
node_cons: 49139.8679199993
tot_aggregated_send: 0
tot_msg_rcv: 17919
tot_msg_sent: 35446
tot_reconf_duration: 11.31
tot_sleeping_duration: 1168178.594
tot_uptimes: 608
tot_uptimes_duration: 36687.45999999996
