comms_cons: 131.20898559808293
finished_reconf: true
global_termination_time: 1343770.154
local_termination_time: 1006586.6483599999
node_cons: 27642.921620000063
tot_aggregated_send: 18792
tot_msg_rcv: 365
tot_msg_sent: 786
tot_reconf_duration: 4.390000000000001
tot_sleeping_duration: 1323130.154
tot_uptimes: 345
tot_uptimes_duration: 20640.0
