comms_cons: 133.19102718841592
finished_reconf: true
global_termination_time: 1293243.226
local_termination_time: 80852.08335999998
node_cons: 26617.339236463235
tot_aggregated_send: 17226
tot_msg_rcv: 1051
tot_msg_sent: 1967
tot_reconf_duration: 18.21
tot_sleeping_duration: 1273383.1736800126
tot_uptimes: 332
tot_uptimes_duration: 19860.052319987444
