comms_cons: 700.6849789716287
finished_reconf: true
global_termination_time: 896453.246
local_termination_time: 407625.05348000006
node_cons: 88985.69729355571
tot_aggregated_send: 0
tot_msg_rcv: 48236
tot_msg_sent: 58263
tot_reconf_duration: 5.57
tot_sleeping_duration: 830002.0636000315
tot_uptimes: 1073
tot_uptimes_duration: 66451.1823999685
