comms_cons: 91.88984959183962
finished_reconf: true
global_termination_time: 899315.405
local_termination_time: 601772.458
node_cons: 18503.66821686687
tot_aggregated_send: 11716
tot_msg_rcv: 740
tot_msg_sent: 1510
tot_reconf_duration: 15.110000000000001
tot_sleeping_duration: 885511.7090800098
tot_uptimes: 231
tot_uptimes_duration: 13803.69591999019
