comms_cons: 90.24688639587326
finished_reconf: true
global_termination_time: 901671.08
local_termination_time: 601787.6447199997
node_cons: 18494.360200000057
tot_aggregated_send: 12644
tot_msg_rcv: 386
tot_msg_sent: 687
tot_reconf_duration: 11.899999999999999
tot_sleeping_duration: 887871.08
tot_uptimes: 231
tot_uptimes_duration: 13800.0
