comms_cons: 91.98442239328311
finished_reconf: true
global_termination_time: 897321.013
local_termination_time: 667400.18736
node_cons: 18404.440826705693
tot_aggregated_send: 11948
tot_msg_rcv: 696
tot_msg_sent: 1336
tot_reconf_duration: 4.8100000000000005
tot_sleeping_duration: 883580.9765200107
tot_uptimes: 230
tot_uptimes_duration: 13740.036479989241
