comms_cons: 91.92341119197128
finished_reconf: true
global_termination_time: 896325.84224
local_termination_time: 36207.037000000004
node_cons: 18421.764575916877
tot_aggregated_send: 11598
tot_msg_rcv: 693
tot_msg_sent: 1681
tot_reconf_duration: 3.05
tot_sleeping_duration: 882571.0829600024
tot_uptimes: 230
tot_uptimes_duration: 13754.759279997648
