comms_cons: 91.51399679444407
finished_reconf: true
global_termination_time: 897278.351
local_termination_time: 574794.3706799984
node_cons: 18405.2502222336
tot_aggregated_send: 12064
tot_msg_rcv: 625
tot_msg_sent: 1221
tot_reconf_duration: 5.43
tot_sleeping_duration: 883538.3388400048
tot_uptimes: 230
tot_uptimes_duration: 13740.012159995269
