comms_cons: 686.6130632598068
finished_reconf: true
global_termination_time: 3477796.933
local_termination_time: 3395.32136
node_cons: 71510.1884833495
tot_aggregated_send: 0
tot_msg_rcv: 52729
tot_msg_sent: 51628
tot_reconf_duration: 5.57
tot_sleeping_duration: 3424396.914760007
tot_uptimes: 891
tot_uptimes_duration: 53400.01823999337
