comms_cons: 350.960588842289
finished_reconf: true
global_termination_time: 3477530.736
local_termination_time: 1630286.8490799987
node_cons: 71515.02836781822
tot_aggregated_send: 47966
tot_msg_rcv: 1724
tot_msg_sent: 3653
tot_reconf_duration: 9.11
tot_sleeping_duration: 3424130.6934400154
tot_uptimes: 891
tot_uptimes_duration: 53400.04255998484
