comms_cons: 350.15258243467315
finished_reconf: true
global_termination_time: 3479661.427
local_termination_time: 2455435.7133599995
node_cons: 71597.81824111514
tot_aggregated_send: 48720
tot_msg_rcv: 1548
tot_msg_sent: 2952
tot_reconf_duration: 10.95
tot_sleeping_duration: 3426201.4209200023
tot_uptimes: 892
tot_uptimes_duration: 53460.00607999787
