comms_cons: 351.46681605384856
finished_reconf: true
global_termination_time: 3478920.642
local_termination_time: 1521331.5313599997
node_cons: 71506.79074670037
tot_aggregated_send: 48082
tot_msg_rcv: 1794
tot_msg_sent: 3544
tot_reconf_duration: 3.05
tot_sleeping_duration: 3425520.6055200133
tot_uptimes: 891
tot_uptimes_duration: 53400.03647998674
