comms_cons: 352.3850752480924
finished_reconf: true
global_termination_time: 3477614.624
local_termination_time: 473647.3512000002
node_cons: 71523.52127228942
tot_aggregated_send: 47850
tot_msg_rcv: 1941
tot_msg_sent: 3769
tot_reconf_duration: 15.34
tot_sleeping_duration: 3424214.5571200214
tot_uptimes: 891
tot_uptimes_duration: 53400.066879978345
