comms_cons: 160.32933758585577
finished_reconf: true
global_termination_time: 1601232.974
local_termination_time: 99382.05235999996
node_cons: 32973.78996446734
tot_aggregated_send: 21518
tot_msg_rcv: 1006
tot_msg_sent: 1845
tot_reconf_duration: 25.299999999999997
tot_sleeping_duration: 1576632.9496800094
tot_uptimes: 411
tot_uptimes_duration: 24600.024319990524
