comms_cons: 157.10739198705957
finished_reconf: true
global_termination_time: 1599948.092
local_termination_time: 289430.6289600001
node_cons: 32865.640826710216
tot_aggregated_send: 21460
tot_msg_rcv: 811
tot_msg_sent: 1608
tot_reconf_duration: 4.8100000000000005
tot_sleeping_duration: 1575408.0555200074
tot_uptimes: 410
tot_uptimes_duration: 24540.03647999266
