comms_cons: 155.88161279579668
finished_reconf: true
global_termination_time: 1602645.827
local_termination_time: 354885.83436000004
node_cons: 32945.38604335968
tot_aggregated_send: 21750
tot_msg_rcv: 748
tot_msg_sent: 1195
tot_reconf_duration: 4.390000000000001
tot_sleeping_duration: 1578045.8087600004
tot_uptimes: 411
tot_uptimes_duration: 24600.018239999772
