comms_cons: 160.3573503861463
finished_reconf: true
global_termination_time: 1603372.07
local_termination_time: 314872.19
node_cons: 32950.06026560261
tot_aggregated_send: 21166
tot_msg_rcv: 1049
tot_msg_sent: 2162
tot_reconf_duration: 7.819999999999999
tot_sleeping_duration: 1578772.0395999982
tot_uptimes: 411
tot_uptimes_duration: 24600.03040000191
