comms_cons: 160.5531391905682
finished_reconf: true
global_termination_time: 1607146.622
local_termination_time: 1154329.5091999995
node_cons: 33027.12208111678
tot_aggregated_send: 22446
tot_msg_rcv: 785
tot_msg_sent: 1172
tot_reconf_duration: 5.43
tot_sleeping_duration: 1582486.6159200023
tot_uptimes: 412
tot_uptimes_duration: 24660.006079997635
