comms_cons: 9.625996800144149
finished_reconf: true
global_termination_time: 89411.403
local_termination_time: 37704.140360000005
node_cons: 1798.2631233597256
tot_aggregated_send: 696
tot_msg_rcv: 316
tot_msg_sent: 451
tot_reconf_duration: 22.65
tot_sleeping_duration: 88091.3847600002
tot_uptimes: 23
tot_uptimes_duration: 1320.0182399998012
