comms_cons: 12.481728000033504
finished_reconf: true
global_termination_time: 92728.267
local_termination_time: 17084.837360000005
node_cons: 1857.5303475197434
tot_aggregated_send: 522
tot_msg_rcv: 614
tot_msg_sent: 762
tot_reconf_duration: 6.22
tot_sleeping_duration: 91347.3233200002
tot_uptimes: 24
tot_uptimes_duration: 1380.9436799998111
