comms_cons: 769.0686593356508
finished_reconf: true
global_termination_time: 7815953.87
local_termination_time: 3782520.4323599995
node_cons: 160771.37506669713
tot_aggregated_send: 109910
tot_msg_rcv: 2297
tot_msg_sent: 4688
tot_reconf_duration: 8.09
tot_sleeping_duration: 7695893.833520013
tot_uptimes: 2002
tot_uptimes_duration: 120060.0364799872
