comms_cons: 768.2752449273594
finished_reconf: true
global_termination_time: 7815993.007
local_termination_time: 4960145.770199998
node_cons: 160773.15678334582
tot_aggregated_send: 108112
tot_msg_rcv: 2742
tot_msg_sent: 5920
tot_reconf_duration: 9.42
tot_sleeping_duration: 7695932.988760007
tot_uptimes: 2002
tot_uptimes_duration: 120060.0182399936
