comms_cons: 765.7223425475598
finished_reconf: true
global_termination_time: 7815285.858
local_termination_time: 5378204.39336
node_cons: 160775.23452334618
tot_aggregated_send: 108170
tot_msg_rcv: 2819
tot_msg_sent: 5393
tot_reconf_duration: 10.95
tot_sleeping_duration: 7695225.839760006
tot_uptimes: 2002
tot_uptimes_duration: 120060.0182399936
