comms_cons: 785.840109023511
finished_reconf: true
global_termination_time: 7816951.19
local_termination_time: 875048.9333599999
node_cons: 160771.0409711651
tot_aggregated_send: 108344
tot_msg_rcv: 3766
tot_msg_sent: 7330
tot_reconf_duration: 7.819999999999999
tot_sleeping_duration: 7696891.129200022
tot_uptimes: 2002
tot_uptimes_duration: 120060.06079997797
