comms_cons: 283.61454080888666
finished_reconf: true
global_termination_time: 2808050.501
local_termination_time: 2533613.375959999
node_cons: 57849.371021115934
tot_aggregated_send: 39324
tot_msg_rcv: 1345
tot_msg_sent: 2438
tot_reconf_duration: 3.3600000000000003
tot_sleeping_duration: 2764850.4949200023
tot_uptimes: 720
tot_uptimes_duration: 43200.00607999787
