comms_cons: 284.84670083271516
finished_reconf: true
global_termination_time: 2811165.915
local_termination_time: 1988803.3895199993
node_cons: 57855.46026558448
tot_aggregated_send: 38976
tot_msg_rcv: 1534
tot_msg_sent: 2784
tot_reconf_duration: 7.819999999999999
tot_sleeping_duration: 2767965.884600011
tot_uptimes: 720
tot_uptimes_duration: 43200.030399989104
