comms_cons: 0.13816319999954432
finished_reconf: true
global_termination_time: 2788.8019600000025
local_termination_time: 2775.4663600000003
node_cons: 35.05128744000308
tot_aggregated_send: 0
tot_msg_rcv: 12
tot_msg_sent: 8
tot_reconf_duration: 4.8100000000000005
tot_sleeping_duration: 2767.503
tot_uptimes: 1
tot_uptimes_duration: 21.298960000002353
