comms_cons: 548.2315776229551
finished_reconf: true
global_termination_time: 5593534.204
local_termination_time: 4092896.63936
node_cons: 115064.76485999637
tot_aggregated_send: 80562
tot_msg_rcv: 902
tot_msg_sent: 1864
tot_reconf_duration: 13.17
tot_sleeping_duration: 5507614.204
tot_uptimes: 1433
tot_uptimes_duration: 85920.0
