comms_cons: 676.8639867318249
finished_reconf: true
global_termination_time: 1518091.209
local_termination_time: 351644.0537600009
node_cons: 92476.93272759693
tot_aggregated_send: 0
tot_msg_rcv: 41455
tot_msg_sent: 61426
tot_reconf_duration: 18.21
tot_sleeping_duration: 1449045.5006000006
tot_uptimes: 1137
tot_uptimes_duration: 69045.70839999951
