comms_cons: 152.19507839224198
finished_reconf: true
global_termination_time: 1517515.629
local_termination_time: 356102.92136000004
node_cons: 31182.539560000063
tot_aggregated_send: 21344
tot_msg_rcv: 648
tot_msg_sent: 1140
tot_reconf_duration: 7.819999999999999
tot_sleeping_duration: 1494235.629
tot_uptimes: 389
tot_uptimes_duration: 23280.0
