comms_cons: 114.55233278964806
finished_reconf: true
global_termination_time: 1131019.488
local_termination_time: 7482.840999999999
node_cons: 23223.75532197756
tot_aggregated_send: 14321
tot_msg_rcv: 1067
tot_msg_sent: 2024
tot_reconf_duration: 3.95
tot_sleeping_duration: 1113679.3900000167
tot_uptimes: 290
tot_uptimes_duration: 17340.09799998322
