comms_cons: 114.56999678763512
finished_reconf: true
global_termination_time: 1130653.479
local_termination_time: 5938.526
node_cons: 23250.824771182153
tot_aggregated_send: 15115
tot_msg_rcv: 834
tot_msg_sent: 1465
tot_reconf_duration: 23.919999999999998
tot_sleeping_duration: 1113313.4182000135
tot_uptimes: 290
tot_uptimes_duration: 17340.060799986648
