comms_cons: 113.00496639001594
finished_reconf: true
global_termination_time: 1131955.817
local_termination_time: 7354.628
node_cons: 23237.155115677073
tot_aggregated_send: 14602
tot_msg_rcv: 893
tot_msg_sent: 1681
tot_reconf_duration: 13.83
tot_sleeping_duration: 1114615.7318800022
tot_uptimes: 290
tot_uptimes_duration: 17340.08511999779
