comms_cons: 87.5906048019538
finished_reconf: true
global_termination_time: 180776.7546000001
local_termination_time: 180776.7134800001
node_cons: 11046.633620244182
tot_aggregated_send: 0
tot_msg_rcv: 5372
tot_msg_sent: 7939
tot_reconf_duration: 24.59
tot_sleeping_duration: 172551.780439997
tot_uptimes: 136
tot_uptimes_duration: 8224.974160003105
