comms_cons: 18.751347200174468
finished_reconf: true
global_termination_time: 185384.463
local_termination_time: 23436.529
node_cons: 3784.676563839154
tot_aggregated_send: 2433
tot_msg_rcv: 130
tot_msg_sent: 287
tot_reconf_duration: 6.22
tot_sleeping_duration: 182564.27644000063
tot_uptimes: 48
tot_uptimes_duration: 2820.186559999369
