comms_cons: 98.207635211885
finished_reconf: true
global_termination_time: 436189.87112000055
local_termination_time: 1049.7076000000004
node_cons: 8991.413486345395
tot_aggregated_send: 0
tot_msg_rcv: 8383
tot_msg_sent: 6539
tot_reconf_duration: 18.21
tot_sleeping_duration: 429493.3182399816
tot_uptimes: 112
tot_uptimes_duration: 6696.552880018964
