comms_cons: 43.139814399918016
finished_reconf: true
global_termination_time: 440837.292
local_termination_time: 1077.315200000001
node_cons: 9028.838700000011
tot_aggregated_send: 6380
tot_msg_rcv: 81
tot_msg_sent: 96
tot_reconf_duration: 22.65
tot_sleeping_duration: 434117.292
tot_uptimes: 113
tot_uptimes_duration: 6720.0
