comms_cons: 42.51479040028383
finished_reconf: true
global_termination_time: 436526.235
local_termination_time: 258989.116600001
node_cons: 8928.572573522804
tot_aggregated_send: 6264
tot_msg_rcv: 26
tot_msg_sent: 172
tot_reconf_duration: 5.1
tot_sleeping_duration: 429863.3173199979
tot_uptimes: 112
tot_uptimes_duration: 6662.91768000208
