comms_cons: 43.208051200173024
finished_reconf: true
global_termination_time: 440473.791
local_termination_time: 60697.385600000016
node_cons: 9015.96486000001
tot_aggregated_send: 6322
tot_msg_rcv: 83
tot_msg_sent: 162
tot_reconf_duration: 13.17
tot_sleeping_duration: 433753.791
tot_uptimes: 113
tot_uptimes_duration: 6720.0
