comms_cons: 42.51541759994803
finished_reconf: true
global_termination_time: 436189.76584000024
local_termination_time: 436174.45136000006
node_cons: 8967.038107760281
tot_aggregated_send: 6380
tot_msg_rcv: 17
tot_msg_sent: 65
tot_reconf_duration: 9.11
tot_sleeping_duration: 429502.188
tot_uptimes: 112
tot_uptimes_duration: 6687.577840000216
