comms_cons: 43.44858240005882
finished_reconf: true
global_termination_time: 438904.705
local_termination_time: 130948.72147999995
node_cons: 9002.221899999995
tot_aggregated_send: 6264
tot_msg_rcv: 109
tot_msg_sent: 230
tot_reconf_duration: 3.05
tot_sleeping_duration: 432184.705
tot_uptimes: 113
tot_uptimes_duration: 6720.0
