comms_cons: 177.88558718467712
finished_reconf: true
global_termination_time: 1760154.912
local_termination_time: 945524.7854799998
node_cons: 36161.552663350434
tot_aggregated_send: 24186
tot_msg_rcv: 936
tot_msg_sent: 1915
tot_reconf_duration: 6.279999999999999
tot_sleeping_duration: 1733154.893760007
tot_uptimes: 451
tot_uptimes_duration: 27000.018239992904
