comms_cons: 174.52111359063318
finished_reconf: true
global_termination_time: 1759597.879
local_termination_time: 1063384.0363599998
node_cons: 36157.18260558381
tot_aggregated_send: 24418
tot_msg_rcv: 651
tot_msg_sent: 1458
tot_reconf_duration: 3.05
tot_sleeping_duration: 1732597.8486000118
tot_uptimes: 451
tot_uptimes_duration: 27000.030399988173
