comms_cons: 76.30280320870257
finished_reconf: true
global_termination_time: 365533.7006000001
local_termination_time: 365533.6594800001
node_cons: 7523.48370736474
tot_aggregated_send: 0
tot_msg_rcv: 6175
tot_msg_sent: 5424
tot_reconf_duration: 24.59
tot_sleeping_duration: 359939.9063599966
tot_uptimes: 94
tot_uptimes_duration: 5593.7942400035245
