comms_cons: 37.52180480054112
finished_reconf: true
global_termination_time: 368924.338
local_termination_time: 73805.682
node_cons: 7566.3582017591825
tot_aggregated_send: 4988
tot_msg_rcv: 253
tot_msg_sent: 462
tot_reconf_duration: 6.279999999999999
tot_sleeping_duration: 363279.9541600006
tot_uptimes: 95
tot_uptimes_duration: 5644.383839999384
