comms_cons: 201.34695679481578
finished_reconf: true
global_termination_time: 2054887.189
local_termination_time: 556281.6783599999
node_cons: 42269.826219999595
tot_aggregated_send: 29580
tot_msg_rcv: 326
tot_msg_sent: 697
tot_reconf_duration: 8.09
tot_sleeping_duration: 2023327.189
tot_uptimes: 527
tot_uptimes_duration: 31560.0
