comms_cons: 199.42213119677234
finished_reconf: true
global_termination_time: 2056756.82
local_termination_time: 516664.03260000004
node_cons: 42271.21137999962
tot_aggregated_send: 29522
tot_msg_rcv: 213
tot_msg_sent: 576
tot_reconf_duration: 9.11
tot_sleeping_duration: 2025196.82
tot_uptimes: 527
tot_uptimes_duration: 31560.0
