comms_cons: 199.6602367926968
finished_reconf: true
global_termination_time: 2054651.23
local_termination_time: 593998.15536
node_cons: 42269.492124467055
tot_aggregated_send: 27260
tot_msg_rcv: 1051
tot_msg_sent: 2038
tot_reconf_duration: 7.819999999999999
tot_sleeping_duration: 2023091.2056800094
tot_uptimes: 527
tot_uptimes_duration: 31560.024319990538
