comms_cons: 138.5589055891618
finished_reconf: true
global_termination_time: 1373200.278
local_termination_time: 199587.63836000004
node_cons: 28203.555170065312
tot_aggregated_send: 18734
tot_msg_rcv: 691
tot_msg_sent: 1635
tot_reconf_duration: 3.05
tot_sleeping_duration: 1352140.223280011
tot_uptimes: 352
tot_uptimes_duration: 21060.054719989013
