comms_cons: 130.26060799397592
finished_reconf: true
global_termination_time: 1308727.21212
local_termination_time: 194368.87460000007
node_cons: 26940.781030796996
tot_aggregated_send: 18096
tot_msg_rcv: 481
tot_msg_sent: 1222
tot_reconf_duration: 4.8100000000000005
tot_sleeping_duration: 1288612.0149200023
tot_uptimes: 336
tot_uptimes_duration: 20115.197199997725
