comms_cons: 257.6263102314201
finished_reconf: true
global_termination_time: 1308727.5152799992
local_termination_time: 2761.72336
node_cons: 26960.127063919153
tot_aggregated_send: 0
tot_msg_rcv: 19705
tot_msg_sent: 19449
tot_reconf_duration: 4.390000000000001
tot_sleeping_duration: 1288597.444
tot_uptimes: 336
tot_uptimes_duration: 20130.071279999334
