comms_cons: 632.1666747863782
finished_reconf: true
global_termination_time: 1308726.9152799991
local_termination_time: 1308726.8741599992
node_cons: 79326.45681051385
tot_aggregated_send: 0
tot_msg_rcv: 38881
tot_msg_sent: 57205
tot_reconf_duration: 24.59
tot_sleeping_duration: 1249508.7946000025
tot_uptimes: 970
tot_uptimes_duration: 59218.12067999679
