comms_cons: 257.50215023230646
finished_reconf: true
global_termination_time: 1309649.133
local_termination_time: 2206.4684800000005
node_cons: 26918.041900000044
tot_aggregated_send: 0
tot_msg_rcv: 19704
tot_msg_sent: 19434
tot_reconf_duration: 3.05
tot_sleeping_duration: 1289549.133
tot_uptimes: 336
tot_uptimes_duration: 20100.0
