comms_cons: 68.30103040337843
finished_reconf: true
global_termination_time: 605665.5072400002
local_termination_time: 79501.88047999996
node_cons: 12511.495589543676
tot_aggregated_send: 5742
tot_msg_rcv: 1781
tot_msg_sent: 2862
tot_reconf_duration: 18.21
tot_sleeping_duration: 596340.0655599826
tot_uptimes: 156
tot_uptimes_duration: 9325.44168001767
