comms_cons: 60.252940799649586
finished_reconf: true
global_termination_time: 605664.6484799999
local_termination_time: 605664.6073599999
node_cons: 12504.459800962679
tot_aggregated_send: 8628
tot_msg_rcv: 172
tot_msg_sent: 358
tot_reconf_duration: 24.59
tot_sleeping_duration: 596350.9318399979
tot_uptimes: 156
tot_uptimes_duration: 9313.716640001978
