comms_cons: 93.83255039508917
finished_reconf: true
global_termination_time: 931386.1811200001
local_termination_time: 43784.771600000015
node_cons: 19162.1170530387
tot_aggregated_send: 12760
tot_msg_rcv: 536
tot_msg_sent: 966
tot_reconf_duration: 15.34
tot_sleeping_duration: 917090.971760001
tot_uptimes: 239
tot_uptimes_duration: 14295.209359999011
