comms_cons: 96.53397759450942
finished_reconf: true
global_termination_time: 936304.185
local_termination_time: 578279.7754799998
node_cons: 19213.69650894386
tot_aggregated_send: 12238
tot_msg_rcv: 807
tot_msg_sent: 1627
tot_reconf_duration: 9.11
tot_sleeping_duration: 921964.1363600121
tot_uptimes: 240
tot_uptimes_duration: 14340.048639987945
