comms_cons: 96.41082879333345
finished_reconf: true
global_termination_time: 935210.379
local_termination_time: 518529.3413600001
node_cons: 19218.452245584198
tot_aggregated_send: 12354
tot_msg_rcv: 798
tot_msg_sent: 1502
tot_reconf_duration: 12.629999999999999
tot_sleeping_duration: 920870.3486000118
tot_uptimes: 240
tot_uptimes_duration: 14340.030399988173
