comms_cons: 41.475276800947555
finished_reconf: true
global_termination_time: 383238.099
local_termination_time: 33537.066160000155
node_cons: 7880.253941121399
tot_aggregated_send: 4756
tot_msg_rcv: 623
tot_msg_sent: 925
tot_reconf_duration: 5.1
tot_sleeping_duration: 377358.0929199989
tot_uptimes: 99
tot_uptimes_duration: 5880.00608000104
