comms_cons: 36.05464320036929
finished_reconf: true
global_termination_time: 366114.739
local_termination_time: 15313.39336
node_cons: 7487.788341121439
tot_aggregated_send: 5162
tot_msg_rcv: 95
tot_msg_sent: 222
tot_reconf_duration: 11.899999999999999
tot_sleeping_duration: 360534.73291999893
tot_uptimes: 94
tot_uptimes_duration: 5580.006080001069
