comms_cons: 74.14758399992884
finished_reconf: true
global_termination_time: 752370.761
local_termination_time: 73411.07443999987
node_cons: 15431.836403364312
tot_aggregated_send: 10150
tot_msg_rcv: 304
tot_msg_sent: 816
tot_reconf_duration: 4.8100000000000005
tot_sleeping_duration: 740850.7427599968
tot_uptimes: 193
tot_uptimes_duration: 11520.018240003206
