comms_cons: 72.21329920096186
finished_reconf: true
global_termination_time: 752664.864
local_termination_time: 369882.44856000016
node_cons: 15431.249761121393
tot_aggregated_send: 9860
tot_msg_rcv: 413
tot_msg_sent: 703
tot_reconf_duration: 4.390000000000001
tot_sleeping_duration: 741144.8579199988
tot_uptimes: 193
tot_uptimes_duration: 11520.006080001069
