comms_cons: 74.48275199993455
finished_reconf: true
global_termination_time: 750325.025
local_termination_time: 86548.33367999959
node_cons: 15435.907701121463
tot_aggregated_send: 10556
tot_msg_rcv: 190
tot_msg_sent: 574
tot_reconf_duration: 7.819999999999999
tot_sleeping_duration: 738805.0189199989
tot_uptimes: 193
tot_uptimes_duration: 11520.006080001069
