comms_cons: 15.125580799987404
finished_reconf: true
global_termination_time: 3496.5680400000006
local_termination_time: 3496.5269200000007
node_cons: 1617.5747675600023
tot_aggregated_send: 0
tot_msg_rcv: 1140
tot_msg_sent: 1157
tot_reconf_duration: 37.410000000000004
tot_sleeping_duration: 2326.4619999999995
tot_uptimes: 17
tot_uptimes_duration: 1170.106040000001
