comms_cons: 1.1776767999961104
finished_reconf: true
global_termination_time: 5873.106
local_termination_time: 2458.71736
node_cons: 100.85937999999956
tot_aggregated_send: 0
tot_msg_rcv: 131
tot_msg_sent: 46
tot_reconf_duration: 15.110000000000001
tot_sleeping_duration: 5813.106
tot_uptimes: 2
tot_uptimes_duration: 60.0
