comms_cons: 1.2303103999993403
finished_reconf: true
global_termination_time: 6759.609
local_termination_time: 944.6893599999999
node_cons: 93.13235999999995
tot_aggregated_send: 0
tot_msg_rcv: 137
tot_msg_sent: 50
tot_reconf_duration: 9.42
tot_sleeping_duration: 6699.609
tot_uptimes: 2
tot_uptimes_duration: 60.0
