comms_cons: 1.085567999996415
finished_reconf: true
global_termination_time: 6271.763
local_termination_time: 2127.3663600000004
node_cons: 84.48190000000025
tot_aggregated_send: 0
tot_msg_rcv: 109
tot_msg_sent: 56
tot_reconf_duration: 3.05
tot_sleeping_duration: 6211.763
tot_uptimes: 2
tot_uptimes_duration: 60.0
