comms_cons: 74.1212671999746
finished_reconf: true
global_termination_time: 730441.316
local_termination_time: 200996.97452000086
node_cons: 15029.566043364333
tot_aggregated_send: 9744
tot_msg_rcv: 442
tot_msg_sent: 1080
tot_reconf_duration: 4.390000000000001
tot_sleeping_duration: 719221.2977599968
tot_uptimes: 188
tot_uptimes_duration: 11220.018240003206
