comms_cons: 71.75969919829932
finished_reconf: true
global_termination_time: 732881.794
local_termination_time: 344227.8813600001
node_cons: 15027.738182242947
tot_aggregated_send: 9744
tot_msg_rcv: 344
tot_msg_sent: 818
tot_reconf_duration: 3.05
tot_sleeping_duration: 721661.7818399979
tot_uptimes: 188
tot_uptimes_duration: 11220.012160002138
