comms_cons: 72.25277439860606
finished_reconf: true
global_termination_time: 732144.328
local_termination_time: 454419.6883600001
node_cons: 15034.19956000001
tot_aggregated_send: 10266
tot_msg_rcv: 264
tot_msg_sent: 452
tot_reconf_duration: 7.819999999999999
tot_sleeping_duration: 720924.328
tot_uptimes: 188
tot_uptimes_duration: 11219.999999999985
