comms_cons: 845.6652353948868
finished_reconf: true
global_termination_time: 8556391.74
local_termination_time: 2631429.9612799995
node_cons: 176031.91464669653
tot_aggregated_send: 118378
tot_msg_rcv: 3307
tot_msg_sent: 6850
tot_reconf_duration: 5.1
tot_sleeping_duration: 8424931.703520013
tot_uptimes: 2192
tot_uptimes_duration: 131460.03647998697
