comms_cons: 84.95686399676629
finished_reconf: true
global_termination_time: 844137.2624799998
local_termination_time: 844137.2213599999
node_cons: 17405.23236543319
tot_aggregated_send: 11818
tot_msg_rcv: 386
tot_msg_sent: 708
tot_reconf_duration: 24.59
tot_sleeping_duration: 831163.521520005
tot_uptimes: 217
tot_uptimes_duration: 12973.740959994886
