comms_cons: 231.88390392777723
finished_reconf: true
global_termination_time: 844787.19
local_termination_time: 796922.6734799998
node_cons: 34354.202779000065
tot_aggregated_send: 0
tot_msg_rcv: 11846
tot_msg_sent: 23399
tot_reconf_duration: 11.31
tot_sleeping_duration: 819142.0489999999
tot_uptimes: 425
tot_uptimes_duration: 25645.141000000123
