comms_cons: 362.68448002002384
finished_reconf: true
global_termination_time: 3672352.447
local_termination_time: 2148788.25336
node_cons: 75528.15266334968
tot_aggregated_send: 51214
tot_msg_rcv: 1298
tot_msg_sent: 2613
tot_reconf_duration: 6.279999999999999
tot_sleeping_duration: 3615952.428760007
tot_uptimes: 941
tot_uptimes_duration: 56400.01823999337
