comms_cons: 613.4078405326077
finished_reconf: true
global_termination_time: 3676838.324
local_termination_time: 759054.3172799983
node_cons: 75610.60840670022
tot_aggregated_send: 0
tot_msg_rcv: 47059
tot_msg_sent: 46175
tot_reconf_duration: 7.819999999999999
tot_sleeping_duration: 3620378.2875200133
tot_uptimes: 942
tot_uptimes_duration: 56460.036479986506
