comms_cons: 2.1849215999962563
finished_reconf: true
global_termination_time: 18288.591
local_termination_time: 6157.6323600000005
node_cons: 352.1187000000008
tot_aggregated_send: 0
tot_msg_rcv: 177
tot_msg_sent: 155
tot_reconf_duration: 22.65
tot_sleeping_duration: 18048.591
tot_uptimes: 5
tot_uptimes_duration: 240.0
