comms_cons: 27.08061439864711
finished_reconf: true
global_termination_time: 170901.3772400002
local_termination_time: 68906.20035999916
node_cons: 3506.5152404794353
tot_aggregated_send: 0
tot_msg_rcv: 2149
tot_msg_sent: 1967
tot_reconf_duration: 18.21
tot_sleeping_duration: 168301.08892000062
tot_uptimes: 44
tot_uptimes_duration: 2600.2883199995704
