comms_cons: 58.43426560468317
finished_reconf: true
global_termination_time: 289627.3246800002
local_termination_time: 289627.2835600002
node_cons: 6005.592878882324
tot_aggregated_send: 0
tot_msg_rcv: 4566
tot_msg_sent: 4314
tot_reconf_duration: 24.59
tot_sleeping_duration: 285167.13075999846
tot_uptimes: 75
tot_uptimes_duration: 4460.193920001722
