comms_cons: 84.3221632073805
finished_reconf: true
global_termination_time: 289627.80132000026
local_termination_time: 3534.0290400000013
node_cons: 11812.593209480408
tot_aggregated_send: 0
tot_msg_rcv: 4308
tot_msg_sent: 8507
tot_reconf_duration: 4.390000000000001
tot_sleeping_duration: 280810.30199999997
tot_uptimes: 145
tot_uptimes_duration: 8817.499320000294
