comms_cons: 78.49548159882053
finished_reconf: true
global_termination_time: 799802.063
local_termination_time: 94068.39659999995
node_cons: 16397.888240000022
tot_aggregated_send: 11658
tot_msg_rcv: 103
tot_msg_sent: 170
tot_reconf_duration: 6.279999999999999
tot_sleeping_duration: 787562.063
tot_uptimes: 205
tot_uptimes_duration: 12240.0
