comms_cons: 884.214734544761
finished_reconf: true
global_termination_time: 4485252.693
local_termination_time: 1042.0793600000002
node_cons: 92237.92476558655
tot_aggregated_send: 0
tot_msg_rcv: 67799
tot_msg_sent: 66600
tot_reconf_duration: 5.57
tot_sleeping_duration: 4416372.662600008
tot_uptimes: 1149
tot_uptimes_duration: 68880.03039999184
