comms_cons: 2169.347914671659
finished_reconf: true
global_termination_time: 4482429.718479998
local_termination_time: 4482429.677359998
node_cons: 272465.3707894277
tot_aggregated_send: 0
tot_msg_rcv: 133156
tot_msg_sent: 196573
tot_reconf_duration: 37.410000000000004
tot_sleeping_duration: 4278983.439160032
tot_uptimes: 3346
tot_uptimes_duration: 203446.27931996592
