comms_cons: 446.38681606887394
finished_reconf: true
global_termination_time: 4482500.82
local_termination_time: 1233655.9499599987
node_cons: 92162.44093228529
tot_aggregated_send: 62930
tot_msg_rcv: 1662
tot_msg_sent: 3258
tot_reconf_duration: 9.11
tot_sleeping_duration: 4413680.753120025
tot_uptimes: 1148
tot_uptimes_duration: 68820.06687997584
