comms_cons: 452.62026888860953
finished_reconf: true
global_termination_time: 4486070.32
local_termination_time: 1557121.8989999988
node_cons: 92236.33860781674
tot_aggregated_send: 62350
tot_msg_rcv: 2205
tot_msg_sent: 4240
tot_reconf_duration: 4.390000000000001
tot_sleeping_duration: 4417190.277440015
tot_uptimes: 1149
tot_uptimes_duration: 68880.0425599846
