comms_cons: 452.97820166288136
finished_reconf: true
global_termination_time: 4485940.229
local_termination_time: 992663.7702399988
node_cons: 92245.76039116667
tot_aggregated_send: 62408
tot_msg_rcv: 2260
tot_msg_sent: 4182
tot_reconf_duration: 11.31
tot_sleeping_duration: 4417060.168200023
tot_uptimes: 1149
tot_uptimes_duration: 68880.06079997704
