comms_cons: 452.25750406791985
finished_reconf: true
global_termination_time: 4484265.077
local_termination_time: 479675.6016800007
node_cons: 92237.79977451786
tot_aggregated_send: 62408
tot_msg_rcv: 2146
tot_msg_sent: 4186
tot_reconf_duration: 5.43
tot_sleeping_duration: 4415384.997960029
tot_uptimes: 1149
tot_uptimes_duration: 68880.07903997041
