comms_cons: 455.93656970135953
finished_reconf: true
global_termination_time: 4483228.21
local_termination_time: 179174.12836000006
node_cons: 92251.26569563929
tot_aggregated_send: 61828
tot_msg_rcv: 2711
tot_msg_sent: 4759
tot_reconf_duration: 15.34
tot_sleeping_duration: 4414348.124880029
tot_uptimes: 1149
tot_uptimes_duration: 68880.08511997148
