comms_cons: 234.59235838533036
finished_reconf: true
global_termination_time: 2376631.882
local_termination_time: 638812.6969199993
node_cons: 48867.59242558807
tot_aggregated_send: 33176
tot_msg_rcv: 821
tot_msg_sent: 1659
tot_reconf_duration: 15.34
tot_sleeping_duration: 2340151.8516000086
tot_uptimes: 609
tot_uptimes_duration: 36480.03039999161
