comms_cons: 233.33790719290118
finished_reconf: true
global_termination_time: 2375369.941
local_termination_time: 1558971.4593599997
node_cons: 48864.60485999925
tot_aggregated_send: 34220
tot_msg_rcv: 415
tot_msg_sent: 831
tot_reconf_duration: 13.17
tot_sleeping_duration: 2338889.941
tot_uptimes: 609
tot_uptimes_duration: 36480.0
