comms_cons: 241.17587199404971
finished_reconf: true
global_termination_time: 2376132.942
local_termination_time: 591690.1003599999
node_cons: 48853.27640335024
tot_aggregated_send: 32654
tot_msg_rcv: 1392
tot_msg_sent: 2611
tot_reconf_duration: 4.8100000000000005
tot_sleeping_duration: 2339652.9237600067
tot_uptimes: 609
tot_uptimes_duration: 36480.01823999314
