comms_cons: 241.28605439112653
finished_reconf: true
global_termination_time: 2375498.858
local_termination_time: 420128.0203600001
node_cons: 48850.90260558818
tot_aggregated_send: 32654
tot_msg_rcv: 1404
tot_msg_sent: 2615
tot_reconf_duration: 3.05
tot_sleeping_duration: 2339018.8276000083
tot_uptimes: 609
tot_uptimes_duration: 36480.03039999161
