comms_cons: 19.73948160016304
finished_reconf: true
global_termination_time: 170959.8444800001
local_termination_time: 170959.80336000008
node_cons: 3506.387942080701
tot_aggregated_send: 1784
tot_msg_rcv: 495
tot_msg_sent: 722
tot_reconf_duration: 24.59
tot_sleeping_duration: 168366.12175999957
tot_uptimes: 44
tot_uptimes_duration: 2593.7227200005127
