comms_cons: 85.41775359774338
finished_reconf: true
global_termination_time: 849914.519
local_termination_time: 119341.53835999998
node_cons: 17458.549885602588
tot_aggregated_send: 11658
tot_msg_rcv: 520
tot_msg_sent: 805
tot_reconf_duration: 18.21
tot_sleeping_duration: 836894.4885999981
tot_uptimes: 218
tot_uptimes_duration: 13020.03040000191
