comms_cons: 83.3196159990851
finished_reconf: true
global_termination_time: 848646.898
local_termination_time: 346233.012360001
node_cons: 17443.065264158173
tot_aggregated_send: 11658
tot_msg_rcv: 294
tot_msg_sent: 713
tot_reconf_duration: 5.57
tot_sleeping_duration: 835625.6125600014
tot_uptimes: 218
tot_uptimes_duration: 13021.28543999861
