comms_cons: 113.52200320407152
finished_reconf: true
global_termination_time: 848733.408
local_termination_time: 233184.52636000008
node_cons: 17468.13740000005
tot_aggregated_send: 0
tot_msg_rcv: 8745
tot_msg_sent: 8508
tot_reconf_duration: 25.299999999999997
tot_sleeping_duration: 835713.408
tot_uptimes: 218
tot_uptimes_duration: 13020.0
