comms_cons: 82.9900287980342
finished_reconf: true
global_termination_time: 849624.425
local_termination_time: 261096.04836000004
node_cons: 17440.328262238305
tot_aggregated_send: 11484
tot_msg_rcv: 376
tot_msg_sent: 754
tot_reconf_duration: 4.8100000000000005
tot_sleeping_duration: 836604.4128400013
tot_uptimes: 218
tot_uptimes_duration: 13020.012159998718
