comms_cons: 81.34522879864062
finished_reconf: true
global_termination_time: 848781.842
local_termination_time: 300756.86960000056
node_cons: 17449.13898000002
tot_aggregated_send: 11832
tot_msg_rcv: 190
tot_msg_sent: 342
tot_reconf_duration: 11.31
tot_sleeping_duration: 835761.842
tot_uptimes: 218
tot_uptimes_duration: 13020.0
