comms_cons: 306.2995069737103
finished_reconf: true
global_termination_time: 1551418.043
local_termination_time: 287.18747999999954
node_cons: 31919.749885584213
tot_aggregated_send: 0
tot_msg_rcv: 23523
tot_msg_sent: 23034
tot_reconf_duration: 18.21
tot_sleeping_duration: 1527598.012600012
tot_uptimes: 398
tot_uptimes_duration: 23820.030399988173
