comms_cons: 155.99080958667471
finished_reconf: true
global_termination_time: 1551023.889
local_termination_time: 674022.6349599997
node_cons: 31912.131540000057
tot_aggregated_send: 21750
tot_msg_rcv: 695
tot_msg_sent: 1265
tot_reconf_duration: 12.629999999999999
tot_sleeping_duration: 1527203.889
tot_uptimes: 398
tot_uptimes_duration: 23820.0
