comms_cons: 37.06063360051115
finished_reconf: true
global_termination_time: 366658.159
local_termination_time: 181127.97636000006
node_cons: 7492.459861121433
tot_aggregated_send: 4872
tot_msg_rcv: 252
tot_msg_sent: 509
tot_reconf_duration: 15.34
tot_sleeping_duration: 361078.1529199989
tot_uptimes: 94
tot_uptimes_duration: 5580.006080001069
