comms_cons: 36.48291839982884
finished_reconf: true
global_termination_time: 369198.166
local_termination_time: 229077.01440000083
node_cons: 7570.474725601146
tot_aggregated_send: 5220
tot_msg_rcv: 140
tot_msg_sent: 186
tot_reconf_duration: 13.17
tot_sleeping_duration: 363557.6955999992
tot_uptimes: 95
tot_uptimes_duration: 5640.470400000835
