comms_cons: 53.53495040060638
finished_reconf: true
global_termination_time: 541628.882
local_termination_time: 323531.7740800002
node_cons: 11107.75172000005
tot_aggregated_send: 7714
tot_msg_rcv: 147
tot_msg_sent: 276
tot_reconf_duration: 15.34
tot_sleeping_duration: 533348.882
tot_uptimes: 139
tot_uptimes_duration: 8280.0
