comms_cons: 53.65995520051303
finished_reconf: true
global_termination_time: 542384.855
local_termination_time: 400804.67472000007
node_cons: 11095.448239999974
tot_aggregated_send: 7656
tot_msg_rcv: 213
tot_msg_sent: 287
tot_reconf_duration: 6.279999999999999
tot_sleeping_duration: 534104.855
tot_uptimes: 139
tot_uptimes_duration: 8280.0
