comms_cons: 54.2222592005468
finished_reconf: true
global_termination_time: 543532.838
local_termination_time: 145580.68536000006
node_cons: 11174.824060000024
tot_aggregated_send: 7656
tot_msg_rcv: 213
tot_msg_sent: 372
tot_reconf_duration: 5.57
tot_sleeping_duration: 535192.838
tot_uptimes: 140
tot_uptimes_duration: 8340.0
