comms_cons: 53.528371200355515
finished_reconf: true
global_termination_time: 545206.009
local_termination_time: 156365.02836000005
node_cons: 11171.41004112143
tot_aggregated_send: 7888
tot_msg_rcv: 76
tot_msg_sent: 172
tot_reconf_duration: 3.05
tot_sleeping_duration: 536866.0029199988
tot_uptimes: 140
tot_uptimes_duration: 8340.006080001069
