comms_cons: 53.17309440036057
finished_reconf: true
global_termination_time: 542068.631
local_termination_time: 224177.00360000055
node_cons: 11095.366760000017
tot_aggregated_send: 7772
tot_msg_rcv: 83
tot_msg_sent: 227
tot_reconf_duration: 6.22
tot_sleeping_duration: 533788.631
tot_uptimes: 139
tot_uptimes_duration: 8280.0
