comms_cons: 107.44579839636754
finished_reconf: true
global_termination_time: 1057536.112
local_termination_time: 530095.679
node_cons: 21701.99163767055
tot_aggregated_send: 14207
tot_msg_rcv: 667
tot_msg_sent: 1458
tot_reconf_duration: 6.22
tot_sleeping_duration: 1041334.8088800071
tot_uptimes: 271
tot_uptimes_duration: 16201.30311999283
