comms_cons: 104.07636479736105
finished_reconf: true
global_termination_time: 1056033.449
local_termination_time: 99693.53135999998
node_cons: 21699.173940000044
tot_aggregated_send: 15080
tot_msg_rcv: 220
tot_msg_sent: 519
tot_reconf_duration: 5.43
tot_sleeping_duration: 1039833.449
tot_uptimes: 271
tot_uptimes_duration: 16200.0
