comms_cons: 2.2237695999959985
finished_reconf: true
global_termination_time: 17191.99
local_termination_time: 8014.760360000001
node_cons: 346.75460000000123
tot_aggregated_send: 0
tot_msg_rcv: 179
tot_msg_sent: 159
tot_reconf_duration: 18.700000000000003
tot_sleeping_duration: 16951.99
tot_uptimes: 5
tot_uptimes_duration: 240.00000000000023
