comms_cons: 17.113753599963808
finished_reconf: true
global_termination_time: 15207.213240000003
local_termination_time: 1639.561080000005
node_cons: 2739.8884899600353
tot_aggregated_send: 0
tot_msg_rcv: 1229
tot_msg_sent: 1372
tot_reconf_duration: 4.390000000000001
tot_sleeping_duration: 13165.445599999975
tot_uptimes: 31
tot_uptimes_duration: 2041.767640000026
