comms_cons: 1592.8307174548409
finished_reconf: true
global_termination_time: 5465530.3136
local_termination_time: 5465530.27248
node_cons: 223064.77553918937
tot_aggregated_send: 0
tot_msg_rcv: 81139
tot_msg_sent: 160962
tot_reconf_duration: 24.59
tot_sleeping_duration: 5298964.680800002
tot_uptimes: 2752
tot_uptimes_duration: 166565.63279999825
