comms_cons: 533.2187904187017
finished_reconf: true
global_termination_time: 5467159.69
local_termination_time: 3874864.589279998
node_cons: 112493.88485999648
tot_aggregated_send: 78706
tot_msg_rcv: 789
tot_msg_sent: 1550
tot_reconf_duration: 13.17
tot_sleeping_duration: 5383159.69
tot_uptimes: 1401
tot_uptimes_duration: 84000.0
