comms_cons: 547.6609921367054
finished_reconf: true
global_termination_time: 5470344.558
local_termination_time: 924529.4483599999
node_cons: 112486.6684066986
tot_aggregated_send: 75690
tot_msg_rcv: 2415
tot_msg_sent: 5136
tot_reconf_duration: 7.819999999999999
tot_sleeping_duration: 5386344.521520014
tot_uptimes: 1401
tot_uptimes_duration: 84000.0364799865
