comms_cons: 526.9516929597652
finished_reconf: true
global_termination_time: 4584076.899
local_termination_time: 2685478.1333600003
node_cons: 94247.37266334855
tot_aggregated_send: 0
tot_msg_rcv: 40232
tot_msg_sent: 39861
tot_reconf_duration: 6.279999999999999
tot_sleeping_duration: 4513696.880760007
tot_uptimes: 1174
tot_uptimes_duration: 70380.01823999314
