comms_cons: 448.1205760403692
finished_reconf: true
global_termination_time: 4582331.772
local_termination_time: 2417655.0793199996
node_cons: 94243.04334558197
tot_aggregated_send: 62872
tot_msg_rcv: 1824
tot_msg_sent: 3415
tot_reconf_duration: 3.08
tot_sleeping_duration: 4511951.7416000115
tot_uptimes: 1174
tot_uptimes_duration: 70380.0303999884
