comms_cons: 455.2255424194292
finished_reconf: true
global_termination_time: 4581094.618
local_termination_time: 2296905.8105999976
node_cons: 94260.5245313297
tot_aggregated_send: 63684
tot_msg_rcv: 1899
tot_msg_sent: 3608
tot_reconf_duration: 9.11
tot_sleeping_duration: 4510707.647760021
tot_uptimes: 1174
tot_uptimes_duration: 70386.97023997945
