comms_cons: 457.29830404427815
finished_reconf: true
global_termination_time: 4581362.84
local_termination_time: 807680.624
node_cons: 94262.76723276789
tot_aggregated_send: 63389
tot_msg_rcv: 2046
tot_msg_sent: 4071
tot_reconf_duration: 12.629999999999999
tot_sleeping_duration: 4510977.764800022
tot_uptimes: 1174
tot_uptimes_duration: 70385.07519997796
