comms_cons: 455.0284928473612
finished_reconf: true
global_termination_time: 4581376.44
local_termination_time: 594552.3723599998
node_cons: 94264.28787004975
tot_aggregated_send: 63916
tot_msg_rcv: 1731
tot_msg_sent: 3514
tot_reconf_duration: 18.700000000000003
tot_sleeping_duration: 4510996.385280021
tot_uptimes: 1174
tot_uptimes_duration: 70380.05471997941
