comms_cons: 453.93128962053424
finished_reconf: true
global_termination_time: 4581532.352
local_termination_time: 1155214.8146799994
node_cons: 94243.01931629324
tot_aggregated_send: 63974
tot_msg_rcv: 1819
tot_msg_sent: 3200
tot_reconf_duration: 3.05
tot_sleeping_duration: 4511152.309120018
tot_uptimes: 1174
tot_uptimes_duration: 70380.04287998215
