comms_cons: 453.6555776077248
finished_reconf: true
global_termination_time: 4581310.571
local_termination_time: 1309860.3681999987
node_cons: 94249.4884066991
tot_aggregated_send: 63974
tot_msg_rcv: 1784
tot_msg_sent: 3195
tot_reconf_duration: 7.819999999999999
tot_sleeping_duration: 4510930.534520014
tot_uptimes: 1174
tot_uptimes_duration: 70380.03647998627
