comms_cons: 49.43673600027574
finished_reconf: true
global_termination_time: 496517.906
local_termination_time: 11074.640000000001
node_cons: 10236.798589761454
tot_aggregated_send: 7016
tot_msg_rcv: 167
tot_msg_sent: 331
tot_reconf_duration: 22.65
tot_sleeping_duration: 488895.7701599989
tot_uptimes: 128
tot_uptimes_duration: 7622.135840001077
