comms_cons: 51.70593280128662
finished_reconf: true
global_termination_time: 494342.4946000001
local_termination_time: 494342.4534800001
node_cons: 10174.719989608458
tot_aggregated_send: 6148
tot_msg_rcv: 542
tot_msg_sent: 1168
tot_reconf_duration: 24.59
tot_sleeping_duration: 486768.6881999938
tot_uptimes: 127
tot_uptimes_duration: 7573.8064000063005
