comms_cons: 48.9959296003766
finished_reconf: true
global_termination_time: 495266.282
local_termination_time: 125657.84787999948
node_cons: 10141.968104319336
tot_aggregated_send: 6902
tot_msg_rcv: 147
tot_msg_sent: 399
tot_reconf_duration: 11.31
tot_sleeping_duration: 487703.46712000057
tot_uptimes: 127
tot_uptimes_duration: 7562.8148799994815
