comms_cons: 88.20538881188745
finished_reconf: true
global_termination_time: 442052.937
local_termination_time: 1793.0893600000002
node_cons: 9086.000342242873
tot_aggregated_send: 0
tot_msg_rcv: 6844
tot_msg_sent: 6561
tot_reconf_duration: 5.57
tot_sleeping_duration: 435272.92483999784
tot_uptimes: 114
tot_uptimes_duration: 6780.0121600021375
