comms_cons: 45.17404160055783
finished_reconf: true
global_termination_time: 441759.693
local_termination_time: 165139.82328000083
node_cons: 9128.266309285427
tot_aggregated_send: 5974
tot_msg_rcv: 321
tot_msg_sent: 571
tot_reconf_duration: 25.299999999999997
tot_sleeping_duration: 434968.125479996
tot_uptimes: 114
tot_uptimes_duration: 6791.567520004028
