comms_cons: 89.24581121158654
finished_reconf: true
global_termination_time: 443886.874
local_termination_time: 3533.44936
node_cons: 9093.803403364303
tot_aggregated_send: 0
tot_msg_rcv: 7010
tot_msg_sent: 6554
tot_reconf_duration: 11.31
tot_sleeping_duration: 437106.8557599968
tot_uptimes: 114
tot_uptimes_duration: 6780.018240003206
