comms_cons: 170.96720638914866
finished_reconf: true
global_termination_time: 1748046.082
local_termination_time: 826913.4297199998
node_cons: 35924.375803355
tot_aggregated_send: 22678
tot_msg_rcv: 1156
tot_msg_sent: 2153
tot_reconf_duration: 9.11
tot_sleeping_duration: 1721226.0637600038
tot_uptimes: 448
tot_uptimes_duration: 26820.018239996338
