comms_cons: 170.64938239014555
finished_reconf: true
global_termination_time: 1747014.607
local_termination_time: 746799.5253599999
node_cons: 35937.40716447178
tot_aggregated_send: 23258
tot_msg_rcv: 831
tot_msg_sent: 1849
tot_reconf_duration: 18.700000000000003
tot_sleeping_duration: 1720194.582680006
tot_uptimes: 448
tot_uptimes_duration: 26820.024319993972
