comms_cons: 179.2606399796867
finished_reconf: true
global_termination_time: 1752201.874
local_termination_time: 60094.931400000074
node_cons: 35996.50260558868
tot_aggregated_send: 23490
tot_msg_rcv: 1330
tot_msg_sent: 2428
tot_reconf_duration: 3.05
tot_sleeping_duration: 1725321.8436000084
tot_uptimes: 449
tot_uptimes_duration: 26880.030399991607
