comms_cons: 179.20259198013576
finished_reconf: true
global_termination_time: 1749477.597
local_termination_time: 282515.6243600001
node_cons: 36003.037253424896
tot_aggregated_send: 22910
tot_msg_rcv: 1449
tot_msg_sent: 2877
tot_reconf_duration: 7.819999999999999
tot_sleeping_duration: 1722597.5240400112
tot_uptimes: 449
tot_uptimes_duration: 26880.072959988785
