comms_cons: 71.79223040085867
finished_reconf: true
global_termination_time: 724711.918
local_termination_time: 7404.344
node_cons: 14877.243182242883
tot_aggregated_send: 10313
tot_msg_rcv: 191
tot_msg_sent: 408
tot_reconf_duration: 10.55
tot_sleeping_duration: 713611.9058399978
tot_uptimes: 186
tot_uptimes_duration: 11100.012160002138
