comms_cons: 206.7513599936246
finished_reconf: true
global_termination_time: 2092209.859
local_termination_time: 375266.7713600001
node_cons: 42992.886219999644
tot_aggregated_send: 30160
tot_msg_rcv: 402
tot_msg_sent: 863
tot_reconf_duration: 8.09
tot_sleeping_duration: 2060109.859
tot_uptimes: 536
tot_uptimes_duration: 32100.0
