comms_cons: 214.93651197310282
finished_reconf: true
global_termination_time: 2093104.671
local_termination_time: 74944.79659999996
node_cons: 43093.1208167705
tot_aggregated_send: 28130
tot_msg_rcv: 1581
tot_msg_sent: 2959
tot_reconf_duration: 22.65
tot_sleeping_duration: 2060944.5798000218
tot_uptimes: 537
tot_uptimes_duration: 32160.091199978255
