comms_cons: 211.58707198128877
finished_reconf: true
global_termination_time: 2096313.275
local_termination_time: 290633.33312000096
node_cons: 43068.86153228477
tot_aggregated_send: 28536
tot_msg_rcv: 1237
tot_msg_sent: 2387
tot_reconf_duration: 4.8100000000000005
tot_sleeping_duration: 2064153.208120026
tot_uptimes: 537
tot_uptimes_duration: 32160.06687997398
