comms_cons: 210.38433278697786
finished_reconf: true
global_termination_time: 2093278.754
local_termination_time: 313120.12536000006
node_cons: 43077.68039117252
tot_aggregated_send: 28942
tot_msg_rcv: 936
tot_msg_sent: 2100
tot_reconf_duration: 11.31
tot_sleeping_duration: 2061118.6932000201
tot_uptimes: 537
tot_uptimes_duration: 32160.06079997978
