comms_cons: 238.22124799548735
finished_reconf: true
global_termination_time: 2355496.673
local_termination_time: 230068.3996400004
node_cons: 48475.83568781719
tot_aggregated_send: 32422
tot_msg_rcv: 1302
tot_msg_sent: 2484
tot_reconf_duration: 22.65
tot_sleeping_duration: 2319316.6304400167
tot_uptimes: 604
tot_uptimes_duration: 36180.04255998344
