comms_cons: 1.6513791999945442
finished_reconf: true
global_termination_time: 12917.022
local_termination_time: 11075.28136
node_cons: 247.55198000000178
tot_aggregated_send: 0
tot_msg_rcv: 128
tot_msg_sent: 123
tot_reconf_duration: 4.8100000000000005
tot_sleeping_duration: 12737.022
tot_uptimes: 4
tot_uptimes_duration: 180.0
