comms_cons: 133.03170559617482
finished_reconf: true
global_termination_time: 1333869.726
local_termination_time: 642938.1233599999
node_cons: 27426.72312335057
tot_aggregated_send: 18560
tot_msg_rcv: 571
tot_msg_sent: 1089
tot_reconf_duration: 22.65
tot_sleeping_duration: 1313409.7077600071
tot_uptimes: 342
tot_uptimes_duration: 20460.018239992904
