comms_cons: 131.31327999712195
finished_reconf: true
global_termination_time: 1338311.285
local_termination_time: 429757.54936000006
node_cons: 27482.828262233706
tot_aggregated_send: 18966
tot_msg_rcv: 275
tot_msg_sent: 718
tot_reconf_duration: 4.8100000000000005
tot_sleeping_duration: 1317791.2728400046
tot_uptimes: 343
tot_uptimes_duration: 20520.01215999527
