comms_cons: 2.164556799997032
finished_reconf: true
global_termination_time: 15308.332
local_termination_time: 4487.124360000001
node_cons: 271.77870000000075
tot_aggregated_send: 0
tot_msg_rcv: 175
tot_msg_sent: 153
tot_reconf_duration: 22.65
tot_sleeping_duration: 15128.332
tot_uptimes: 4
tot_uptimes_duration: 180.0
