comms_cons: 1.6579583999945224
finished_reconf: true
global_termination_time: 14732.391
local_termination_time: 9889.317360000001
node_cons: 247.55198000000178
tot_aggregated_send: 0
tot_msg_rcv: 129
tot_msg_sent: 123
tot_reconf_duration: 4.8100000000000005
tot_sleeping_duration: 14552.391
tot_uptimes: 4
tot_uptimes_duration: 180.0
