comms_cons: 40.1989120002781
finished_reconf: true
global_termination_time: 409641.326
local_termination_time: 148026.41016000032
node_cons: 8365.97955999998
tot_aggregated_send: 5916
tot_msg_rcv: 85
tot_msg_sent: 109
tot_reconf_duration: 7.819999999999999
tot_sleeping_duration: 403401.326
tot_uptimes: 105
tot_uptimes_duration: 6240.0
