comms_cons: 1999.2948899209039
finished_reconf: true
global_termination_time: 4547091.514
local_termination_time: 1137121.826239998
node_cons: 276069.275020331
tot_aggregated_send: 0
tot_msg_rcv: 122770
tot_msg_sent: 181112
tot_reconf_duration: 6.22
tot_sleeping_duration: 4340922.112760019
tot_uptimes: 3384
tot_uptimes_duration: 206169.4012399823
