comms_cons: 366.8502400022192
finished_reconf: true
global_termination_time: 3801056.651
local_termination_time: 2228100.72636
node_cons: 78178.40034223215
tot_aggregated_send: 53418
tot_msg_rcv: 716
tot_msg_sent: 1626
tot_reconf_duration: 5.57
tot_sleeping_duration: 3742676.638840005
tot_uptimes: 974
tot_uptimes_duration: 58380.01215999527
