comms_cons: 370.8468095993649
finished_reconf: true
global_termination_time: 3801602.979
local_termination_time: 2330186.1423199996
node_cons: 78205.1936822315
tot_aggregated_send: 53070
tot_msg_rcv: 1140
tot_msg_sent: 2156
tot_reconf_duration: 25.299999999999997
tot_sleeping_duration: 3743222.9668400045
tot_uptimes: 974
tot_uptimes_duration: 58380.01215999527
