comms_cons: 380.74551043324135
finished_reconf: true
global_termination_time: 3796726.149
local_termination_time: 990473.7540799987
node_cons: 78094.66260558723
tot_aggregated_send: 53128
tot_msg_rcv: 1720
tot_msg_sent: 3024
tot_reconf_duration: 3.05
tot_sleeping_duration: 3738406.1186000085
tot_uptimes: 973
tot_uptimes_duration: 58320.03039999184
