comms_cons: 376.4612736077414
finished_reconf: true
global_termination_time: 3796723.6869999887
local_termination_time: 1326868.8065199992
node_cons: 78166.86653557181
tot_aggregated_send: 52606
tot_msg_rcv: 1591
tot_msg_sent: 3022
tot_reconf_duration: 5.43
tot_sleeping_duration: 3738352.146600008
tot_uptimes: 973
tot_uptimes_duration: 58371.54039998044
