comms_cons: 13.14649600006108
finished_reconf: true
global_termination_time: 135282.659
local_termination_time: 86214.42135999998
node_cons: 2762.326841119164
tot_aggregated_send: 1740
tot_msg_rcv: 46
tot_msg_sent: 213
tot_reconf_duration: 22.65
tot_sleeping_duration: 133242.65292000066
tot_uptimes: 35
tot_uptimes_duration: 2040.0060799993662
