comms_cons: 94.35592319590829
finished_reconf: true
global_termination_time: 924047.328
local_termination_time: 333658.05436000007
node_cons: 18981.120566719448
tot_aggregated_send: 12122
tot_msg_rcv: 659
tot_msg_sent: 1559
tot_reconf_duration: 15.34
tot_sleeping_duration: 909887.2915200004
tot_uptimes: 237
tot_uptimes_duration: 14160.036479999544
