comms_cons: 696.1796605726028
finished_reconf: true
global_termination_time: 924618.353
local_termination_time: 311450.7574800001
node_cons: 91547.1290953708
tot_aggregated_send: 0
tot_msg_rcv: 48017
tot_msg_sent: 57797
tot_reconf_duration: 5.57
tot_sleeping_duration: 856254.2267599903
tot_uptimes: 1108
tot_uptimes_duration: 68364.12624000973
