comms_cons: 92.33109759485325
finished_reconf: true
global_termination_time: 928370.574
local_termination_time: 441629.76736000006
node_cons: 19057.731540000037
tot_aggregated_send: 12760
tot_msg_rcv: 469
tot_msg_sent: 806
tot_reconf_duration: 12.629999999999999
tot_sleeping_duration: 914150.574
tot_uptimes: 238
tot_uptimes_duration: 14220.0
