comms_cons: 92.29955839852796
finished_reconf: true
global_termination_time: 924959.746
local_termination_time: 264067.89236000006
node_cons: 18966.79640336432
tot_aggregated_send: 12354
tot_msg_rcv: 570
tot_msg_sent: 1104
tot_reconf_duration: 4.8100000000000005
tot_sleeping_duration: 910799.7277599968
tot_uptimes: 237
tot_uptimes_duration: 14160.018240003206
