comms_cons: 160.9910783488681
finished_reconf: true
global_termination_time: 924618.353
local_termination_time: 314053.71936000005
node_cons: 18968.743747840806
tot_aggregated_send: 0
tot_msg_rcv: 12502
tot_msg_sent: 11967
tot_reconf_duration: 6.22
tot_sleeping_duration: 910458.3104399993
tot_uptimes: 237
tot_uptimes_duration: 14160.042560000613
