comms_cons: 200.84684797464305
finished_reconf: true
global_termination_time: 1949468.436
local_termination_time: 441595.0803600001
node_cons: 40110.55684893902
tot_aggregated_send: 25984
tot_msg_rcv: 1585
tot_msg_sent: 2956
tot_reconf_duration: 15.34
tot_sleeping_duration: 1919528.3873600154
tot_uptimes: 500
tot_uptimes_duration: 29940.04863998451
