comms_cons: 193.84954879268517
finished_reconf: true
global_termination_time: 1949624.07
local_termination_time: 633597.7065999998
node_cons: 40105.82019999992
tot_aggregated_send: 28130
tot_msg_rcv: 533
tot_msg_sent: 801
tot_reconf_duration: 11.899999999999999
tot_sleeping_duration: 1919684.0699999998
tot_uptimes: 500
tot_uptimes_duration: 29940.000000000116
