comms_cons: 192.93055999092508
finished_reconf: true
global_termination_time: 1950110.014
local_termination_time: 699704.10636
node_cons: 40098.15560671004
tot_aggregated_send: 26390
tot_msg_rcv: 1126
tot_msg_sent: 1809
tot_reconf_duration: 6.22
tot_sleeping_duration: 1920169.9775200074
tot_uptimes: 500
tot_uptimes_duration: 29940.036479992676
