comms_cons: 87.68883199597796
finished_reconf: true
global_termination_time: 833169.6388399997
local_termination_time: 833169.5977199997
node_cons: 17168.483561196976
tot_aggregated_send: 10600
tot_msg_rcv: 961
tot_msg_sent: 1767
tot_reconf_duration: 24.59
tot_sleeping_duration: 820372.7080400019
tot_uptimes: 214
tot_uptimes_duration: 12796.930799997715
