comms_cons: 84.61571839572446
finished_reconf: true
global_termination_time: 834947.998
local_termination_time: 236894.97112000047
node_cons: 17119.00082671941
tot_aggregated_send: 11194
tot_msg_rcv: 505
tot_msg_sent: 1162
tot_reconf_duration: 4.8100000000000005
tot_sleeping_duration: 822167.9615200005
tot_uptimes: 214
tot_uptimes_duration: 12780.036479999544
