comms_cons: 83.1808255967977
finished_reconf: true
global_termination_time: 834133.625
local_termination_time: 257817.02336000005
node_cons: 17116.57004112144
tot_aggregated_send: 11426
tot_msg_rcv: 429
tot_msg_sent: 788
tot_reconf_duration: 3.05
tot_sleeping_duration: 821353.6189199989
tot_uptimes: 214
tot_uptimes_duration: 12780.006080001069
