comms_cons: 84.42554879434907
finished_reconf: true
global_termination_time: 834776.796
local_termination_time: 212286.22348000004
node_cons: 17123.07212448112
tot_aggregated_send: 10788
tot_msg_rcv: 760
tot_msg_sent: 1285
tot_reconf_duration: 7.819999999999999
tot_sleeping_duration: 821996.7716799991
tot_uptimes: 214
tot_uptimes_duration: 12780.02432000084
