comms_cons: 705.4077377582264
finished_reconf: true
global_termination_time: 7128776.068
local_termination_time: 2684232.983439999
node_cons: 146624.7314866981
tot_aggregated_send: 98774
tot_msg_rcv: 2835
tot_msg_sent: 5608
tot_reconf_duration: 3.08
tot_sleeping_duration: 7019276.031520013
tot_uptimes: 1826
tot_uptimes_duration: 109500.0364799872
