comms_cons: 708.1295169375358
finished_reconf: true
global_termination_time: 7128980.11
local_termination_time: 2904090.1283600004
node_cons: 146641.0600855813
tot_aggregated_send: 98600
tot_msg_rcv: 3117
tot_msg_sent: 5912
tot_reconf_duration: 15.110000000000001
tot_sleeping_duration: 7019480.079600011
tot_uptimes: 1826
tot_uptimes_duration: 109500.03039998934
