comms_cons: 34.942131200215655
finished_reconf: true
global_termination_time: 342176.08
local_termination_time: 258620.33536000006
node_cons: 7020.346841121432
tot_aggregated_send: 4640
tot_msg_rcv: 285
tot_msg_sent: 386
tot_reconf_duration: 22.65
tot_sleeping_duration: 336956.07391999895
tot_uptimes: 88
tot_uptimes_duration: 5220.006080001069
