comms_cons: 153.2251520227923
finished_reconf: true
global_termination_time: 524569.9454799999
local_termination_time: 1237.6594800000023
node_cons: 21416.92005971994
tot_aggregated_send: 0
tot_msg_rcv: 7848
tot_msg_sent: 15439
tot_reconf_duration: 5.57
tot_sleeping_duration: 508580.8819999999
tot_uptimes: 265
tot_uptimes_duration: 15989.063479999933
