comms_cons: 464.71169281599185
finished_reconf: true
global_termination_time: 4700394.601
local_termination_time: 2574293.58648
node_cons: 96656.60034223198
tot_aggregated_send: 65830
tot_msg_rcv: 1586
tot_msg_sent: 3216
tot_reconf_duration: 5.57
tot_sleeping_duration: 4628214.588840004
tot_uptimes: 1204
tot_uptimes_duration: 72180.01215999573
