comms_cons: 469.320307285254
finished_reconf: true
global_termination_time: 4698465.043
local_termination_time: 218856.57036000004
node_cons: 96679.86011117605
tot_aggregated_send: 65424
tot_msg_rcv: 1883
tot_msg_sent: 4027
tot_reconf_duration: 22.65
tot_sleeping_duration: 4626284.982200015
tot_uptimes: 1204
tot_uptimes_duration: 72180.06079998414
