comms_cons: 467.65970565869804
finished_reconf: true
global_termination_time: 4700215.104
local_termination_time: 1455243.1691199979
node_cons: 96655.03860781653
tot_aggregated_send: 66178
tot_msg_rcv: 1589
tot_msg_sent: 3314
tot_reconf_duration: 4.390000000000001
tot_sleeping_duration: 4628035.061440016
tot_uptimes: 1204
tot_uptimes_duration: 72180.0425599846
