comms_cons: 462.9596416513691
finished_reconf: true
global_termination_time: 4700934.491
local_termination_time: 1674814.2984799999
node_cons: 96657.5318889338
tot_aggregated_send: 64844
tot_msg_rcv: 1744
tot_msg_sent: 3779
tot_reconf_duration: 6.22
tot_sleeping_duration: 4628754.442360018
tot_uptimes: 1204
tot_uptimes_duration: 72180.04863998247
