comms_cons: 462.6055744482434
finished_reconf: true
global_termination_time: 4698384.421
local_termination_time: 1686201.677599998
node_cons: 96676.64164909706
tot_aggregated_send: 65308
tot_msg_rcv: 1611
tot_msg_sent: 3397
tot_reconf_duration: 11.31
tot_sleeping_duration: 4626195.262920015
tot_uptimes: 1204
tot_uptimes_duration: 72189.15807998483
