comms_cons: 311.2553727946863
finished_reconf: true
global_termination_time: 3153961.038
local_termination_time: 2307517.2859999985
node_cons: 64842.908239998986
tot_aggregated_send: 43442
tot_msg_rcv: 1281
tot_msg_sent: 2586
tot_reconf_duration: 6.279999999999999
tot_sleeping_duration: 3105541.038
tot_uptimes: 808
tot_uptimes_duration: 48419.999999999985
