comms_cons: 226.29158398875367
finished_reconf: true
global_termination_time: 2293676.23
local_termination_time: 1495263.8943599998
node_cons: 47168.05118334988
tot_aggregated_send: 31842
tot_msg_rcv: 904
tot_msg_sent: 1650
tot_reconf_duration: 6.22
tot_sleeping_duration: 2258456.2117600073
tot_uptimes: 588
tot_uptimes_duration: 35220.0182399929
