comms_cons: 22.27934720019768
finished_reconf: true
global_termination_time: 221841.515
local_termination_time: 32991.76072000002
node_cons: 4511.419521121435
tot_aggregated_send: 2958
tot_msg_rcv: 145
tot_msg_sent: 283
tot_reconf_duration: 9.11
tot_sleeping_duration: 218481.50891999895
tot_uptimes: 57
tot_uptimes_duration: 3360.0060800010688
