comms_cons: 229.462758389331
finished_reconf: true
global_termination_time: 2318820.598
local_termination_time: 502740.21336000005
node_cons: 47645.80263999943
tot_aggregated_send: 32828
tot_msg_rcv: 661
tot_msg_sent: 1388
tot_reconf_duration: 3.08
tot_sleeping_duration: 2283240.598
tot_uptimes: 594
tot_uptimes_duration: 35580.0
