comms_cons: 229.71934720077383
finished_reconf: true
global_termination_time: 2319155.283
local_termination_time: 904129.8643599999
node_cons: 47662.14752111622
tot_aggregated_send: 33408
tot_msg_rcv: 535
tot_msg_sent: 973
tot_reconf_duration: 15.110000000000001
tot_sleeping_duration: 2283575.2769200024
tot_uptimes: 594
tot_uptimes_duration: 35580.006079997635
