comms_cons: 229.4668735795703
finished_reconf: true
global_termination_time: 2320072.848
local_termination_time: 1279435.7283599998
node_cons: 47730.43932446669
tot_aggregated_send: 31320
tot_msg_rcv: 1285
tot_msg_sent: 2272
tot_reconf_duration: 6.22
tot_sleeping_duration: 2284432.8236800097
tot_uptimes: 595
tot_uptimes_duration: 35640.02431999054
