comms_cons: 17.072051200185477
finished_reconf: true
global_termination_time: 165492.463
local_termination_time: 7504.3214000000025
node_cons: 3384.8995600000026
tot_aggregated_send: 2204
tot_msg_rcv: 165
tot_msg_sent: 225
tot_reconf_duration: 7.819999999999999
tot_sleeping_duration: 162972.463
tot_uptimes: 43
tot_uptimes_duration: 2520.0
