comms_cons: 32.669164800359724
finished_reconf: true
global_termination_time: 166770.637
local_termination_time: 2766.7003600000007
node_cons: 3382.726760000002
tot_aggregated_send: 0
tot_msg_rcv: 2531
tot_msg_sent: 2433
tot_reconf_duration: 6.22
tot_sleeping_duration: 164250.637
tot_uptimes: 43
tot_uptimes_duration: 2520.0
