comms_cons: 351.37349123560796
finished_reconf: true
global_termination_time: 3550193.779
local_termination_time: 2564138.1212799996
node_cons: 73036.640342233
tot_aggregated_send: 49184
tot_msg_rcv: 1318
tot_msg_sent: 2903
tot_reconf_duration: 5.57
tot_sleeping_duration: 3495653.7668400044
tot_uptimes: 910
tot_uptimes_duration: 54540.012159995735
