comms_cons: 347.79067521274493
finished_reconf: true
global_termination_time: 3550243.89
local_termination_time: 2661548.7253599996
node_cons: 73063.41739999806
tot_aggregated_send: 49706
tot_msg_rcv: 1071
tot_msg_sent: 2085
tot_reconf_duration: 25.299999999999997
tot_sleeping_duration: 3495703.89
tot_uptimes: 910
tot_uptimes_duration: 54540.0
