comms_cons: 354.15078402816295
finished_reconf: true
global_termination_time: 3550046.626
local_termination_time: 276164.84836000006
node_cons: 73035.65710894279
tot_aggregated_send: 49706
tot_msg_rcv: 1245
tot_msg_sent: 2877
tot_reconf_duration: 4.8100000000000005
tot_sleeping_duration: 3495506.5773600116
tot_uptimes: 910
tot_uptimes_duration: 54540.04863998841
