comms_cons: 184.48076799689778
finished_reconf: true
global_termination_time: 1881807.596
local_termination_time: 1008110.6104799989
node_cons: 38650.465799999765
tot_aggregated_send: 27144
tot_msg_rcv: 318
tot_msg_sent: 578
tot_reconf_duration: 5.1
tot_sleeping_duration: 1852947.596
tot_uptimes: 482
tot_uptimes_duration: 28860.0
