comms_cons: 190.19402238402168
finished_reconf: true
global_termination_time: 1884705.841
local_termination_time: 324905.21536000003
node_cons: 38729.88232558849
tot_aggregated_send: 25520
tot_msg_rcv: 1246
tot_msg_sent: 2145
tot_reconf_duration: 4.390000000000001
tot_sleeping_duration: 1855785.8106000083
tot_uptimes: 483
tot_uptimes_duration: 28920.030399991607
