comms_cons: 289.9848192034162
finished_reconf: true
global_termination_time: 2893225.228
local_termination_time: 511707.0986000001
node_cons: 59458.156403349385
tot_aggregated_send: 39614
tot_msg_rcv: 1492
tot_msg_sent: 2970
tot_reconf_duration: 4.8100000000000005
tot_sleeping_duration: 2848825.209760007
tot_uptimes: 741
tot_uptimes_duration: 44400.0182399929
