comms_cons: 281.6107519828031
finished_reconf: true
global_termination_time: 2892347.57
local_termination_time: 844615.7475599985
node_cons: 59460.054901115844
tot_aggregated_send: 39962
tot_msg_rcv: 926
tot_msg_sent: 1916
tot_reconf_duration: 6.22
tot_sleeping_duration: 2847947.5639200024
tot_uptimes: 741
tot_uptimes_duration: 44400.006079997635
