comms_cons: 126.76785919187687
finished_reconf: true
global_termination_time: 1252317.62548
local_termination_time: 1252317.58436
node_cons: 25804.626044474087
tot_aggregated_send: 17283
tot_msg_rcv: 738
tot_msg_sent: 1246
tot_reconf_duration: 52.92999999999999
tot_sleeping_duration: 1233099.7411600042
tot_uptimes: 321
tot_uptimes_duration: 19217.884319995588
