comms_cons: 120.82325119124016
finished_reconf: true
global_termination_time: 1256024.21
local_termination_time: 5025.793
node_cons: 25797.135883350536
tot_aggregated_send: 16698
tot_msg_rcv: 473
tot_msg_sent: 1192
tot_reconf_duration: 5.87
tot_sleeping_duration: 1236764.191760007
tot_uptimes: 322
tot_uptimes_duration: 19260.018239992904
