comms_cons: 144.14369279772654
finished_reconf: true
global_termination_time: 1461706.663
local_termination_time: 1013913.0073599998
node_cons: 30067.99172
tot_aggregated_send: 21286
tot_msg_rcv: 231
tot_msg_sent: 392
tot_reconf_duration: 15.34
tot_sleeping_duration: 1439266.663
tot_uptimes: 375
tot_uptimes_duration: 22440.0
