comms_cons: 150.6376447851749
finished_reconf: true
global_termination_time: 1458498.97
local_termination_time: 12963.73548
node_cons: 29997.676393414687
tot_aggregated_send: 19662
tot_msg_rcv: 1265
tot_msg_sent: 1969
tot_reconf_duration: 22.65
tot_sleeping_duration: 1436118.8970400188
tot_uptimes: 374
tot_uptimes_duration: 22380.072959981066
