comms_cons: 150.75785598485962
finished_reconf: true
global_termination_time: 1463465.54
local_termination_time: 432138.06976000045
node_cons: 30051.358887822535
tot_aggregated_send: 19546
tot_msg_rcv: 1211
tot_msg_sent: 2158
tot_reconf_duration: 3.05
tot_sleeping_duration: 1441025.4974400133
tot_uptimes: 375
tot_uptimes_duration: 22440.042559986876
