comms_cons: 150.59528318369723
finished_reconf: true
global_termination_time: 1457249.93
local_termination_time: 443559.51884000015
node_cons: 30057.86097116838
tot_aggregated_send: 19662
tot_msg_rcv: 1191
tot_msg_sent: 2037
tot_reconf_duration: 7.819999999999999
tot_sleeping_duration: 1434809.8692000236
tot_uptimes: 374
tot_uptimes_duration: 22440.060799976345
