comms_cons: 63.67475200583175
finished_reconf: true
global_termination_time: 303166.4997600004
local_termination_time: 303166.4586400004
node_cons: 6260.697444965457
tot_aggregated_send: 0
tot_msg_rcv: 5165
tot_msg_sent: 4510
tot_reconf_duration: 24.59
tot_sleeping_duration: 298515.7871199963
tot_uptimes: 78
tot_uptimes_duration: 4650.712640004063
