comms_cons: 55.08826880093206
finished_reconf: true
global_termination_time: 538149.655
local_termination_time: 509494.9007600009
node_cons: 11042.918095762676
tot_aggregated_send: 7192
tot_msg_rcv: 434
tot_msg_sent: 747
tot_reconf_duration: 18.21
tot_sleeping_duration: 529920.9851599981
tot_uptimes: 138
tot_uptimes_duration: 8228.669840001967
