comms_cons: 55.34485760154374
finished_reconf: true
global_termination_time: 536189.877
local_termination_time: 138954.97092000075
node_cons: 11010.827768971441
tot_aggregated_send: 7134
tot_msg_rcv: 458
tot_msg_sent: 820
tot_reconf_duration: 3.08
tot_sleeping_duration: 527969.8283599914
tot_uptimes: 138
tot_uptimes_duration: 8220.04864000855
