comms_cons: 45.54786560071355
finished_reconf: true
global_termination_time: 448640.686
local_termination_time: 181339.78704000032
node_cons: 9179.599861121436
tot_aggregated_send: 6148
tot_msg_rcv: 324
tot_msg_sent: 451
tot_reconf_duration: 15.34
tot_sleeping_duration: 441800.6799199989
tot_uptimes: 115
tot_uptimes_duration: 6840.006080001069
