comms_cons: 299.4391296001385
finished_reconf: true
global_termination_time: 3048197.05
local_termination_time: 1714868.1103599998
node_cons: 62699.55739999882
tot_aggregated_send: 44138
tot_msg_rcv: 458
tot_msg_sent: 917
tot_reconf_duration: 25.299999999999997
tot_sleeping_duration: 3001397.05
tot_uptimes: 781
tot_uptimes_duration: 46800.0
