comms_cons: 301.5106048012003
finished_reconf: true
global_termination_time: 3048192.071
local_termination_time: 1229069.5560799998
node_cons: 62677.571379998895
tot_aggregated_send: 44254
tot_msg_rcv: 595
tot_msg_sent: 978
tot_reconf_duration: 9.11
tot_sleeping_duration: 3001392.071
tot_uptimes: 781
tot_uptimes_duration: 46800.0
