comms_cons: 304.12352001732256
finished_reconf: true
global_termination_time: 3047240.862
local_termination_time: 1299672.579399998
node_cons: 62677.99235999865
tot_aggregated_send: 43500
tot_msg_rcv: 993
tot_msg_sent: 1732
tot_reconf_duration: 9.42
tot_sleeping_duration: 3000440.862
tot_uptimes: 781
tot_uptimes_duration: 46800.0
