comms_cons: 309.3404800098967
finished_reconf: true
global_termination_time: 3048953.637
local_termination_time: 158038.54932000022
node_cons: 62671.25931341518
tot_aggregated_send: 41528
tot_msg_rcv: 2005
tot_msg_sent: 3485
tot_reconf_duration: 4.390000000000001
tot_sleeping_duration: 3002153.564040018
tot_uptimes: 781
tot_uptimes_duration: 46800.07295998238
