comms_cons: 308.1027904178072
finished_reconf: true
global_termination_time: 3049182.401
local_termination_time: 848312.6754799999
node_cons: 62669.398887816635
tot_aggregated_send: 40658
tot_msg_rcv: 2230
tot_msg_sent: 3943
tot_reconf_duration: 3.05
tot_sleeping_duration: 3002382.358440017
tot_uptimes: 781
tot_uptimes_duration: 46800.04255998344
