comms_cons: 304.41893120070006
finished_reconf: true
global_termination_time: 3047213.377
local_termination_time: 1391154.2291599994
node_cons: 62675.88468893352
tot_aggregated_send: 40716
tot_msg_rcv: 1936
tot_msg_sent: 3617
tot_reconf_duration: 7.819999999999999
tot_sleeping_duration: 3000413.328360019
tot_uptimes: 781
tot_uptimes_duration: 46800.048639981076
