comms_cons: 313.433836809144
finished_reconf: true
global_termination_time: 3044772.263
local_termination_time: 219196.75232000064
node_cons: 62592.32349230262
tot_aggregated_send: 40774
tot_msg_rcv: 2447
tot_msg_sent: 4420
tot_reconf_duration: 5.43
tot_sleeping_duration: 2998032.1961200116
tot_uptimes: 780
tot_uptimes_duration: 46740.06687998795
