comms_cons: 313.27257604033497
finished_reconf: true
global_termination_time: 3048730.888
local_termination_time: 927330.9650799996
node_cons: 62686.06428446604
tot_aggregated_send: 40310
tot_msg_rcv: 2704
tot_msg_sent: 4602
tot_reconf_duration: 15.34
tot_sleeping_duration: 3001930.8636800093
tot_uptimes: 781
tot_uptimes_duration: 46800.02431999054
