comms_cons: 143.9923711976204
finished_reconf: true
global_termination_time: 1464974.319
local_termination_time: 785985.4483999982
node_cons: 30146.022866714586
tot_aggregated_send: 21402
tot_msg_rcv: 148
tot_msg_sent: 336
tot_reconf_duration: 13.17
tot_sleeping_duration: 1442473.8425200041
tot_uptimes: 376
tot_uptimes_duration: 22500.47647999588
