comms_cons: 146.87852798931195
finished_reconf: true
global_termination_time: 1462254.21824
local_termination_time: 71898.10047999998
node_cons: 30103.225222710804
tot_aggregated_send: 20010
tot_msg_rcv: 686
tot_msg_sent: 1626
tot_reconf_duration: 11.31
tot_sleeping_duration: 1439783.817760007
tot_uptimes: 375
tot_uptimes_duration: 22470.400479993084
