comms_cons: 51.56147200021989
finished_reconf: true
global_termination_time: 523851.511
local_termination_time: 7354.208
node_cons: 10795.009581119166
tot_aggregated_send: 7461
tot_msg_rcv: 89
tot_msg_sent: 287
tot_reconf_duration: 21.68
tot_sleeping_duration: 515811.5049200006
tot_uptimes: 135
tot_uptimes_duration: 8040.006079999366
