comms_cons: 2.3224575999953467
finished_reconf: true
global_termination_time: 12642.345
local_termination_time: 6177.35436
node_cons: 261.85172000000006
tot_aggregated_send: 0
tot_msg_rcv: 193
tot_msg_sent: 160
tot_reconf_duration: 15.34
tot_sleeping_duration: 12462.345
tot_uptimes: 4
tot_uptimes_duration: 179.9999999999999
