comms_cons: 1.485593599997658
finished_reconf: true
global_termination_time: 11114.525
local_termination_time: 4739.39736
node_cons: 173.05137999999954
tot_aggregated_send: 0
tot_msg_rcv: 117
tot_msg_sent: 108
tot_reconf_duration: 9.11
tot_sleeping_duration: 10994.525
tot_uptimes: 3
tot_uptimes_duration: 120.0
