comms_cons: 958.8400769940928
finished_reconf: true
global_termination_time: 9762931.37
local_termination_time: 3765257.23936
node_cons: 200854.22334557827
tot_aggregated_send: 136010
tot_msg_rcv: 3217
tot_msg_sent: 6512
tot_reconf_duration: 3.08
tot_sleeping_duration: 9612931.33960001
tot_uptimes: 2501
tot_uptimes_duration: 150000.0303999891
