comms_cons: 948.8851201762579
finished_reconf: true
global_termination_time: 9765746.649
local_termination_time: 6309886.854719999
node_cons: 200875.41088222605
tot_aggregated_send: 134734
tot_msg_rcv: 3294
tot_msg_sent: 6197
tot_reconf_duration: 18.700000000000003
tot_sleeping_duration: 9615746.636840004
tot_uptimes: 2501
tot_uptimes_duration: 150000.01215999573
