comms_cons: 283.5180927883224
finished_reconf: true
global_termination_time: 2856230.585
local_termination_time: 1127243.6713599998
node_cons: 58753.31802670018
tot_aggregated_send: 39962
tot_msg_rcv: 1105
tot_msg_sent: 2027
tot_reconf_duration: 18.21
tot_sleeping_duration: 2812370.548520014
tot_uptimes: 732
tot_uptimes_duration: 43860.03647998604
