comms_cons: 288.924646401324
finished_reconf: true
global_termination_time: 2856366.327
local_termination_time: 1102077.45336
node_cons: 58737.11708670028
tot_aggregated_send: 38106
tot_msg_rcv: 1852
tot_msg_sent: 3957
tot_reconf_duration: 6.279999999999999
tot_sleeping_duration: 2812506.2905200142
tot_uptimes: 732
tot_uptimes_duration: 43860.03647998604
