comms_cons: 281.14982400049445
finished_reconf: true
global_termination_time: 2857082.485
local_termination_time: 1584099.4923999992
node_cons: 58749.05937999875
tot_aggregated_send: 41122
tot_msg_rcv: 547
tot_msg_sent: 1064
tot_reconf_duration: 15.110000000000001
tot_sleeping_duration: 2813222.485
tot_uptimes: 732
tot_uptimes_duration: 43860.0
