comms_cons: 284.73828479695493
finished_reconf: true
global_termination_time: 2857669.047
local_termination_time: 1976407.5140000002
node_cons: 58769.01752447336
tot_aggregated_send: 40598
tot_msg_rcv: 887
tot_msg_sent: 1793
tot_reconf_duration: 18.700000000000003
tot_sleeping_duration: 2813797.7826800044
tot_uptimes: 732
tot_uptimes_duration: 43871.26431999565
