comms_cons: 281.82707840687107
finished_reconf: true
global_termination_time: 2856812.186
local_termination_time: 1413249.03736
node_cons: 58743.41009999918
tot_aggregated_send: 41122
tot_msg_rcv: 446
tot_msg_sent: 1266
tot_reconf_duration: 10.95
tot_sleeping_duration: 2812952.186
tot_uptimes: 732
tot_uptimes_duration: 43860.0
