comms_cons: 56.258739200257324
finished_reconf: true
global_termination_time: 571758.4912399999
local_termination_time: 157622.9645200004
node_cons: 11751.692149359938
tot_aggregated_send: 8352
tot_msg_rcv: 93
tot_msg_sent: 106
tot_reconf_duration: 13.17
tot_sleeping_duration: 562995.379
tot_uptimes: 147
tot_uptimes_duration: 8763.11223999993
