comms_cons: 56.53506560040399
finished_reconf: true
global_termination_time: 573026.061
local_termination_time: 98420.62307999963
node_cons: 11740.626220000011
tot_aggregated_send: 8178
tot_msg_rcv: 132
tot_msg_sent: 283
tot_reconf_duration: 8.09
tot_sleeping_duration: 564266.061
tot_uptimes: 147
tot_uptimes_duration: 8760.0
