comms_cons: 337.5997440233607
finished_reconf: true
global_termination_time: 3396407.553
local_termination_time: 2489832.607399998
node_cons: 69839.84349782961
tot_aggregated_send: 47154
tot_msg_rcv: 1472
tot_msg_sent: 2688
tot_reconf_duration: 15.34
tot_sleeping_duration: 3344264.9004400065
tot_uptimes: 870
tot_uptimes_duration: 52142.652559993556
