comms_cons: 532.1328385708042
finished_reconf: true
global_termination_time: 3396285.422
local_termination_time: 2340141.81948
node_cons: 69822.41836446685
tot_aggregated_send: 0
tot_msg_rcv: 40854
tot_msg_sent: 40026
tot_reconf_duration: 5.1
tot_sleeping_duration: 3344145.397680009
tot_uptimes: 870
tot_uptimes_duration: 52140.02431999124
