comms_cons: 342.0028928466306
finished_reconf: true
global_termination_time: 3395492.154
local_termination_time: 105592.25347999997
node_cons: 69831.70161118089
tot_aggregated_send: 47154
tot_msg_rcv: 1578
tot_msg_sent: 3251
tot_reconf_duration: 11.899999999999999
tot_sleeping_duration: 3343352.0932000135
tot_uptimes: 870
tot_uptimes_duration: 52140.06079998688
