comms_cons: 336.1140096256935
finished_reconf: true
global_termination_time: 3393678.247
local_termination_time: 597739.5187199998
node_cons: 69821.4704667001
tot_aggregated_send: 47328
tot_msg_rcv: 1178
tot_msg_sent: 2581
tot_reconf_duration: 4.390000000000001
tot_sleeping_duration: 3341538.2105200137
tot_uptimes: 870
tot_uptimes_duration: 52140.03647998627
