comms_cons: 334.38024321012745
finished_reconf: true
global_termination_time: 3393826.266
local_termination_time: 1398303.195
node_cons: 69826.10398334934
tot_aggregated_send: 47614
tot_msg_rcv: 999
tot_msg_sent: 2209
tot_reconf_duration: 7.819999999999999
tot_sleeping_duration: 3341686.2477600067
tot_uptimes: 870
tot_uptimes_duration: 52140.01823999314
