comms_cons: 335.67005440624695
finished_reconf: true
global_termination_time: 3393546.063
local_termination_time: 2577902.75472
node_cons: 69830.8352622325
tot_aggregated_send: 46690
tot_msg_rcv: 1492
tot_msg_sent: 2836
tot_reconf_duration: 11.31
tot_sleeping_duration: 3341406.050840005
tot_uptimes: 870
tot_uptimes_duration: 52140.0121599955
