comms_cons: 37.942873600851925
finished_reconf: true
global_termination_time: 367318.914
local_termination_time: 139097.14236000006
node_cons: 7560.512663364298
tot_aggregated_send: 4582
tot_msg_rcv: 373
tot_msg_sent: 812
tot_reconf_duration: 6.279999999999999
tot_sleeping_duration: 361678.8957599968
tot_uptimes: 95
tot_uptimes_duration: 5640.018240003206
