comms_cons: 36.507980800262075
finished_reconf: true
global_termination_time: 367495.461
local_termination_time: 80223.52651999977
node_cons: 7569.8448600000065
tot_aggregated_send: 5220
tot_msg_rcv: 109
tot_msg_sent: 220
tot_reconf_duration: 13.17
tot_sleeping_duration: 361855.461
tot_uptimes: 95
tot_uptimes_duration: 5640.0
