comms_cons: 36.547456000426976
finished_reconf: true
global_termination_time: 364179.4221200002
local_termination_time: 71866.23479999957
node_cons: 7502.596751923079
tot_aggregated_send: 5046
tot_msg_rcv: 168
tot_msg_sent: 341
tot_reconf_duration: 7.819999999999999
tot_sleeping_duration: 358584.2188399979
tot_uptimes: 94
tot_uptimes_duration: 5595.203280002286
