comms_cons: 36.77772800041798
finished_reconf: true
global_termination_time: 366681.833
local_termination_time: 152893.33
node_cons: 7488.276203202814
tot_aggregated_send: 4747
tot_msg_rcv: 280
tot_msg_sent: 563
tot_reconf_duration: 11.31
tot_sleeping_duration: 361100.8641999979
tot_uptimes: 94
tot_uptimes_duration: 5580.968800002098
