comms_cons: 79.68727039632532
finished_reconf: true
global_termination_time: 800543.155
local_termination_time: 551975.0073999992
node_cons: 16494.437321116806
tot_aggregated_send: 11310
tot_msg_rcv: 238
tot_msg_sent: 564
tot_reconf_duration: 18.21
tot_sleeping_duration: 788243.1489200024
tot_uptimes: 206
tot_uptimes_duration: 12300.006079997635
