comms_cons: 82.12808959451587
finished_reconf: true
global_termination_time: 803410.747
local_termination_time: 145143.98236000008
node_cons: 16504.10624671024
tot_aggregated_send: 10324
tot_msg_rcv: 605
tot_msg_sent: 1555
tot_reconf_duration: 25.299999999999997
tot_sleeping_duration: 791110.7105200073
tot_uptimes: 206
tot_uptimes_duration: 12300.036479992676
