comms_cons: 81.42417919858232
finished_reconf: true
global_termination_time: 800740.602
local_termination_time: 266742.04036
node_cons: 16475.70232559792
tot_aggregated_send: 10730
tot_msg_rcv: 483
tot_msg_sent: 1163
tot_reconf_duration: 4.390000000000001
tot_sleeping_duration: 788440.5716000015
tot_uptimes: 206
tot_uptimes_duration: 12300.030399998475
