comms_cons: 129.4023615936829
finished_reconf: true
global_termination_time: 1299595.834
local_termination_time: 112561.79535999971
node_cons: 26703.66312335515
tot_aggregated_send: 18212
tot_msg_rcv: 484
tot_msg_sent: 972
tot_reconf_duration: 22.65
tot_sleeping_duration: 1279675.8157600036
tot_uptimes: 333
tot_uptimes_duration: 19920.018239996338
