comms_cons: 131.6644927909535
finished_reconf: true
global_termination_time: 1296821.129
local_termination_time: 700432.3893599999
node_cons: 26683.523983355244
tot_aggregated_send: 17980
tot_msg_rcv: 758
tot_msg_sent: 1274
tot_reconf_duration: 7.819999999999999
tot_sleeping_duration: 1276901.1107600036
tot_uptimes: 333
tot_uptimes_duration: 19920.018239996352
