comms_cons: 55.64029440015842
finished_reconf: true
global_termination_time: 548934.514
local_termination_time: 194034.13772000012
node_cons: 11272.337321121435
tot_aggregated_send: 7482
tot_msg_rcv: 350
tot_msg_sent: 625
tot_reconf_duration: 18.21
tot_sleeping_duration: 540534.5079199988
tot_uptimes: 141
tot_uptimes_duration: 8400.006080001069
