comms_cons: 95.29359359393725
finished_reconf: true
global_termination_time: 931752.9694799999
local_termination_time: 931752.9283599999
node_cons: 19218.39158422316
tot_aggregated_send: 12354
tot_msg_rcv: 687
tot_msg_sent: 1442
tot_reconf_duration: 47.51
tot_sleeping_duration: 917448.3593200125
tot_uptimes: 239
tot_uptimes_duration: 14304.61015998738
