comms_cons: 92.8199807958164
finished_reconf: true
global_termination_time: 932167.055
local_termination_time: 7445.787
node_cons: 19153.484771182146
tot_aggregated_send: 12679
tot_msg_rcv: 408
tot_msg_sent: 1022
tot_reconf_duration: 23.919999999999998
tot_sleeping_duration: 917886.9942000135
tot_uptimes: 239
tot_uptimes_duration: 14280.060799986648
