comms_cons: 95.92872959508077
finished_reconf: true
global_termination_time: 934363.372
local_termination_time: 6726.359000000001
node_cons: 19211.58617007683
tot_aggregated_send: 12520
tot_msg_rcv: 720
tot_msg_sent: 1340
tot_reconf_duration: 7.55
tot_sleeping_duration: 920023.3172800023
tot_uptimes: 240
tot_uptimes_duration: 14340.054719997614
