comms_cons: 94.85232639563048
finished_reconf: true
global_termination_time: 933590.547
local_termination_time: 7138.205
node_cons: 19210.90720447513
tot_aggregated_send: 12984
tot_msg_rcv: 559
tot_msg_sent: 874
tot_reconf_duration: 7.08
tot_sleeping_duration: 919250.5226800037
tot_uptimes: 240
tot_uptimes_duration: 14340.024319996344
