comms_cons: 103.27948798897738
finished_reconf: true
global_termination_time: 1006101.78
local_termination_time: 270676.0006000001
node_cons: 20651.64405118677
tot_aggregated_send: 12934
tot_msg_rcv: 865
tot_msg_sent: 1899
tot_reconf_duration: 3.08
tot_sleeping_duration: 990681.71920001
tot_uptimes: 258
tot_uptimes_duration: 15420.060799990082
