comms_cons: 103.58355198974172
finished_reconf: true
global_termination_time: 1008211.839
local_termination_time: 298316.22760000004
node_cons: 20748.296367831634
tot_aggregated_send: 13224
tot_msg_rcv: 784
tot_msg_sent: 1736
tot_reconf_duration: 15.110000000000001
tot_sleeping_duration: 992731.7964400062
tot_uptimes: 259
tot_uptimes_duration: 15480.042559993744
