comms_cons: 101.8551039908385
finished_reconf: true
global_termination_time: 1004881.335
local_termination_time: 48986.72636000001
node_cons: 20662.795967830512
tot_aggregated_send: 13224
tot_msg_rcv: 689
tot_msg_sent: 1571
tot_reconf_duration: 11.31
tot_sleeping_duration: 989461.2924400071
tot_uptimes: 258
tot_uptimes_duration: 15420.042559992893
