comms_cons: 120.74915839327637
finished_reconf: true
global_termination_time: 1199289.134
local_termination_time: 59581.86856000013
node_cons: 24670.952685597993
tot_aggregated_send: 16124
tot_msg_rcv: 708
tot_msg_sent: 1521
tot_reconf_duration: 4.8100000000000005
tot_sleeping_duration: 1180869.1036000017
tot_uptimes: 308
tot_uptimes_duration: 18420.030399998475
