comms_cons: 221.15980799019619
finished_reconf: true
global_termination_time: 2246553.907
local_termination_time: 857698.7528399996
node_cons: 46220.26174446671
tot_aggregated_send: 30624
tot_msg_rcv: 1083
tot_msg_sent: 1908
tot_reconf_duration: 18.21
tot_sleeping_duration: 2212053.8826800096
tot_uptimes: 576
tot_uptimes_duration: 34500.02431999051
