comms_cons: 222.88051839562462
finished_reconf: true
global_termination_time: 2246972.453
local_termination_time: 705225.7103599998
node_cons: 46206.49436111625
tot_aggregated_send: 32422
tot_msg_rcv: 531
tot_msg_sent: 922
tot_reconf_duration: 8.09
tot_sleeping_duration: 2212472.4469200023
tot_uptimes: 576
tot_uptimes_duration: 34500.006079997635
