comms_cons: 79.33567361028297
finished_reconf: true
global_termination_time: 396382.8047200001
local_termination_time: 396382.76360000006
node_cons: 8166.218061443014
tot_aggregated_send: 0
tot_msg_rcv: 6193
tot_msg_sent: 5860
tot_reconf_duration: 24.59
tot_sleeping_duration: 390308.9997599979
tot_uptimes: 102
tot_uptimes_duration: 6073.804960002235
