comms_cons: 270.76102400236425
finished_reconf: true
global_termination_time: 2755603.051
local_termination_time: 575367.2584799979
node_cons: 56659.94009383292
tot_aggregated_send: 39846
tot_msg_rcv: 378
tot_msg_sent: 930
tot_reconf_duration: 9.11
tot_sleeping_duration: 2713297.1744400044
tot_uptimes: 706
tot_uptimes_duration: 42305.876559995464
