comms_cons: 271.97159679853246
finished_reconf: true
global_termination_time: 2754981.395
local_termination_time: 840759.762
node_cons: 56666.50732399634
tot_aggregated_send: 39553
tot_msg_rcv: 572
tot_msg_sent: 1214
tot_reconf_duration: 15.110000000000001
tot_sleeping_duration: 2712676.6990000024
tot_uptimes: 706
tot_uptimes_duration: 42304.69599999802
