comms_cons: 273.9907839982567
finished_reconf: true
global_termination_time: 2754695.689
local_termination_time: 833277.071999999
node_cons: 56665.09459999895
tot_aggregated_send: 39556
tot_msg_rcv: 772
tot_msg_sent: 1317
tot_reconf_duration: 18.700000000000003
tot_sleeping_duration: 2712395.689
tot_uptimes: 706
tot_uptimes_duration: 42300.0
