comms_cons: 271.78650240121976
finished_reconf: true
global_termination_time: 2754387.852
local_termination_time: 1591063.29536
node_cons: 56654.57009999927
tot_aggregated_send: 39614
tot_msg_rcv: 570
tot_msg_sent: 1125
tot_reconf_duration: 10.95
tot_sleeping_duration: 2712087.852
tot_uptimes: 706
tot_uptimes_duration: 42300.0
