comms_cons: 274.2278719994689
finished_reconf: true
global_termination_time: 2754562.153
local_termination_time: 534641.2784799997
node_cons: 56647.1390689339
tot_aggregated_send: 38222
tot_msg_rcv: 1120
tot_msg_sent: 2341
tot_reconf_duration: 5.43
tot_sleeping_duration: 2712262.104360019
tot_uptimes: 706
tot_uptimes_duration: 42300.04863998131
