comms_cons: 228.87720959182022
finished_reconf: true
global_termination_time: 2322267.751
local_termination_time: 1093897.4413599998
node_cons: 47730.48823999944
tot_aggregated_send: 33234
tot_msg_rcv: 524
tot_msg_sent: 1030
tot_reconf_duration: 6.279999999999999
tot_sleeping_duration: 2286627.751
tot_uptimes: 595
tot_uptimes_duration: 35640.0
