comms_cons: 223.99544319744342
finished_reconf: true
global_termination_time: 2320413.181
local_termination_time: 1528435.2033999984
node_cons: 47729.52405999949
tot_aggregated_send: 33640
tot_msg_rcv: 125
tot_msg_sent: 281
tot_reconf_duration: 5.57
tot_sleeping_duration: 2284773.181
tot_uptimes: 595
tot_uptimes_duration: 35640.0
