comms_cons: 227.62183679647137
finished_reconf: true
global_termination_time: 2323080.259
local_termination_time: 1467510.19336
node_cons: 47739.853001116135
tot_aggregated_send: 33524
tot_msg_rcv: 386
tot_msg_sent: 687
tot_reconf_duration: 13.17
tot_sleeping_duration: 2287440.2529200027
tot_uptimes: 595
tot_uptimes_duration: 35640.006079997635
