comms_cons: 234.4504191803236
finished_reconf: true
global_termination_time: 2307261.436119997
local_termination_time: 111932.41347999996
node_cons: 47426.98394085729
tot_aggregated_send: 30682
tot_msg_rcv: 1519
tot_msg_sent: 3435
tot_reconf_duration: 4.390000000000001
tot_sleeping_duration: 2271846.1842000135
tot_uptimes: 591
tot_uptimes_duration: 35415.25191998348
