comms_cons: 267.1023615902063
finished_reconf: true
global_termination_time: 2693960.379
local_termination_time: 1039264.2474799998
node_cons: 55361.18579999903
tot_aggregated_send: 38338
tot_msg_rcv: 811
tot_msg_sent: 1449
tot_reconf_duration: 5.1
tot_sleeping_duration: 2652620.379
tot_uptimes: 690
tot_uptimes_duration: 41340.0
