comms_cons: 782.3036674456145
finished_reconf: true
global_termination_time: 2689905.8356
local_termination_time: 2689905.7944799997
node_cons: 109536.80062251768
tot_aggregated_send: 0
tot_msg_rcv: 39916
tot_msg_sent: 78989
tot_reconf_duration: 37.410000000000004
tot_sleeping_duration: 2608138.846919999
tot_uptimes: 1349
tot_uptimes_duration: 81766.98868000085
