comms_cons: 267.64185600658374
finished_reconf: true
global_termination_time: 2691311.091
local_termination_time: 727192.8746799984
node_cons: 55365.246219998866
tot_aggregated_send: 38280
tot_msg_rcv: 725
tot_msg_sent: 1675
tot_reconf_duration: 8.09
tot_sleeping_duration: 2649971.091
tot_uptimes: 690
tot_uptimes_duration: 41339.99999999988
