comms_cons: 271.77672958714976
finished_reconf: true
global_termination_time: 2691305.948
local_termination_time: 683626.70636
node_cons: 55358.491452284296
tot_aggregated_send: 35612
tot_msg_rcv: 2004
tot_msg_sent: 3692
tot_reconf_duration: 3.05
tot_sleeping_duration: 2649965.8811200256
tot_uptimes: 690
tot_uptimes_duration: 41340.06687997398
