comms_cons: 217.11920638366604
finished_reconf: true
global_termination_time: 2167985.605
local_termination_time: 904296.9094799998
node_cons: 44596.28848334996
tot_aggregated_send: 30276
tot_msg_rcv: 993
tot_msg_sent: 1732
tot_reconf_duration: 5.57
tot_sleeping_duration: 2134685.5867600073
tot_uptimes: 556
tot_uptimes_duration: 33300.0182399929
