comms_cons: 408.9828092501225
finished_reconf: true
global_termination_time: 2169997.354
local_termination_time: 1584262.10036
node_cons: 44604.0752622333
tot_aggregated_send: 0
tot_msg_rcv: 31257
tot_msg_sent: 30906
tot_reconf_duration: 11.31
tot_sleeping_duration: 2136697.3418400045
tot_uptimes: 556
tot_uptimes_duration: 33300.01215999528
