comms_cons: 307.2068671894291
finished_reconf: true
global_termination_time: 3065021.943
local_termination_time: 1841751.43236
node_cons: 62995.15336893345
tot_aggregated_send: 41180
tot_msg_rcv: 1742
tot_msg_sent: 3772
tot_reconf_duration: 6.279999999999999
tot_sleeping_duration: 3017981.894360019
tot_uptimes: 785
tot_uptimes_duration: 47040.048639981076
