comms_cons: 303.665740802755
finished_reconf: true
global_termination_time: 3066213.739
local_termination_time: 785241.9275999998
node_cons: 63079.27137999871
tot_aggregated_send: 44022
tot_msg_rcv: 742
tot_msg_sent: 1391
tot_reconf_duration: 9.11
tot_sleeping_duration: 3019113.739
tot_uptimes: 786
tot_uptimes_duration: 47100.0
