comms_cons: 110.01089280777337
finished_reconf: true
global_termination_time: 647382.447
local_termination_time: 273005.70336000004
node_cons: 13264.652663359671
tot_aggregated_send: 0
tot_msg_rcv: 8480
tot_msg_sent: 8240
tot_reconf_duration: 6.279999999999999
tot_sleeping_duration: 637482.4287600003
tot_uptimes: 166
tot_uptimes_duration: 9900.018239999772
