comms_cons: 38.85738240015902
finished_reconf: true
global_termination_time: 392545.714
local_termination_time: 108677.39335999997
node_cons: 8040.925800000018
tot_aggregated_send: 5568
tot_msg_rcv: 110
tot_msg_sent: 228
tot_reconf_duration: 5.1
tot_sleeping_duration: 386545.714
tot_uptimes: 101
tot_uptimes_duration: 6000.0
