comms_cons: 408.1748224429426
finished_reconf: true
global_termination_time: 4052036.3764799996
local_termination_time: 4052036.3353599994
node_cons: 83381.86333659547
tot_aggregated_send: 56408
tot_msg_rcv: 1892
tot_msg_sent: 3741
tot_reconf_duration: 37.410000000000004
tot_sleeping_duration: 3989802.5747200307
tot_uptimes: 1038
tot_uptimes_duration: 62233.801759968555
