comms_cons: 400.89004801830635
finished_reconf: true
global_termination_time: 4052444.918
local_termination_time: 2773053.04836
node_cons: 83333.44428446531
tot_aggregated_send: 56144
tot_msg_rcv: 1662
tot_msg_sent: 3126
tot_reconf_duration: 15.34
tot_sleeping_duration: 3990224.893680009
tot_uptimes: 1038
tot_uptimes_duration: 62220.02431999077
