comms_cons: 401.64417924291905
finished_reconf: true
global_termination_time: 4052048.234
local_termination_time: 1739172.880519998
node_cons: 83332.54288086062
tot_aggregated_send: 56550
tot_msg_rcv: 1504
tot_msg_sent: 2994
tot_reconf_duration: 13.17
tot_sleeping_duration: 3989826.682080013
tot_uptimes: 1038
tot_uptimes_duration: 62221.55191998719
