comms_cons: 406.0195264405794
finished_reconf: true
global_termination_time: 4052808.183
local_termination_time: 1410942.90036
node_cons: 83325.00836781709
tot_aggregated_send: 56202
tot_msg_rcv: 1741
tot_msg_sent: 3770
tot_reconf_duration: 9.11
tot_sleeping_duration: 3990588.140440016
tot_uptimes: 1038
tot_uptimes_duration: 62220.04255998437
