comms_cons: 412.1073024888013
finished_reconf: true
global_termination_time: 4052579.102
local_termination_time: 420274.60148000007
node_cons: 83327.5803578694
tot_aggregated_send: 55564
tot_msg_rcv: 2484
tot_msg_sent: 4589
tot_reconf_duration: 10.95
tot_sleeping_duration: 3990359.0047200364
tot_uptimes: 1038
tot_uptimes_duration: 62220.09727996378
