comms_cons: 404.21148164719045
finished_reconf: true
global_termination_time: 4052381.281
local_termination_time: 1366884.61836
node_cons: 83327.99596781735
tot_aggregated_send: 55912
tot_msg_rcv: 1931
tot_msg_sent: 3594
tot_reconf_duration: 11.31
tot_sleeping_duration: 3990161.2384400154
tot_uptimes: 1038
tot_uptimes_duration: 62220.04255998461
