comms_cons: 154.54540799707067
finished_reconf: true
global_termination_time: 1555721.291
local_termination_time: 693634.7333599998
node_cons: 32000.04918
tot_aggregated_send: 22272
tot_msg_rcv: 423
tot_msg_sent: 795
tot_reconf_duration: 18.21
tot_sleeping_duration: 1531841.291
tot_uptimes: 399
tot_uptimes_duration: 23880.0
