comms_cons: 156.8339967886051
finished_reconf: true
global_termination_time: 1557236.127
local_termination_time: 17222.11448
node_cons: 31981.89268559345
tot_aggregated_send: 21344
tot_msg_rcv: 750
tot_msg_sent: 1743
tot_reconf_duration: 4.8100000000000005
tot_sleeping_duration: 1533356.0966000052
tot_uptimes: 399
tot_uptimes_duration: 23880.03039999507
