comms_cons: 74.77918720020176
finished_reconf: true
global_termination_time: 721551.864
local_termination_time: 271148.78844000027
node_cons: 14803.43242560721
tot_aggregated_send: 9454
tot_msg_rcv: 723
tot_msg_sent: 1189
tot_reconf_duration: 15.34
tot_sleeping_duration: 710511.8335999947
tot_uptimes: 185
tot_uptimes_duration: 11040.030400005344
