comms_cons: 71.9172351975181
finished_reconf: true
global_termination_time: 720294.428
local_termination_time: 310426.95136000006
node_cons: 14789.100121116851
tot_aggregated_send: 10092
tot_msg_rcv: 262
tot_msg_sent: 577
tot_reconf_duration: 4.8100000000000005
tot_sleeping_duration: 709254.4219200023
tot_uptimes: 185
tot_uptimes_duration: 11040.006079997635
