comms_cons: 128.78149119248917
finished_reconf: true
global_termination_time: 1277739.38412
local_termination_time: 219262.14664000084
node_cons: 26302.181175273494
tot_aggregated_send: 17690
tot_msg_rcv: 669
tot_msg_sent: 1216
tot_reconf_duration: 7.819999999999999
tot_sleeping_duration: 1258104.162600005
tot_uptimes: 328
tot_uptimes_duration: 19635.22151999513
