comms_cons: 139.32113919436557
finished_reconf: true
global_termination_time: 1397486.8
local_termination_time: 630415.6114799998
node_cons: 28701.899380000028
tot_aggregated_send: 19952
tot_msg_rcv: 484
tot_msg_sent: 740
tot_reconf_duration: 15.110000000000001
tot_sleeping_duration: 1376066.8
tot_uptimes: 358
tot_uptimes_duration: 21420.0
