comms_cons: 142.40412798962953
finished_reconf: true
global_termination_time: 1393531.387
local_termination_time: 20122.518480000002
node_cons: 28631.912675657266
tot_aggregated_send: 18734
tot_msg_rcv: 999
tot_msg_sent: 1912
tot_reconf_duration: 22.65
tot_sleeping_duration: 1372171.3018800172
tot_uptimes: 357
tot_uptimes_duration: 21360.085119982992
