comms_cons: 144.67074558275155
finished_reconf: true
global_termination_time: 1396810.827
local_termination_time: 283368.17436000006
node_cons: 28688.794645584196
tot_aggregated_send: 18676
tot_msg_rcv: 1278
tot_msg_sent: 2035
tot_reconf_duration: 5.43
tot_sleeping_duration: 1375390.7966000119
tot_uptimes: 358
tot_uptimes_duration: 21420.030399988173
