comms_cons: 47.259020800542785
finished_reconf: true
global_termination_time: 472149.10660000006
local_termination_time: 472149.06548000005
node_cons: 9692.639284002447
tot_aggregated_send: 6424
tot_msg_rcv: 223
tot_msg_sent: 536
tot_reconf_duration: 24.59
tot_sleeping_duration: 464935.33059999824
tot_uptimes: 121
tot_uptimes_duration: 7213.77600000181
