comms_cons: 71.38766080330885
finished_reconf: true
global_termination_time: 688530.5692400003
local_termination_time: 72091.79147999997
node_cons: 14232.404633932283
tot_aggregated_send: 6264
tot_msg_rcv: 1763
tot_msg_sent: 2827
tot_reconf_duration: 18.21
tot_sleeping_duration: 677919.9079599911
tot_uptimes: 177
tot_uptimes_duration: 10610.661280009153
