comms_cons: 40.87656960059535
finished_reconf: true
global_termination_time: 407270.914
local_termination_time: 306273.42436000006
node_cons: 8362.94034224288
tot_aggregated_send: 5684
tot_msg_rcv: 184
tot_msg_sent: 345
tot_reconf_duration: 5.57
tot_sleeping_duration: 401030.90183999785
tot_uptimes: 105
tot_uptimes_duration: 6240.0121600021375
