comms_cons: 278.3813440020768
finished_reconf: true
global_termination_time: 2809176.773
local_termination_time: 582666.1783599999
node_cons: 57851.75477594996
tot_aggregated_send: 38860
tot_msg_rcv: 1127
tot_msg_sent: 2324
tot_reconf_duration: 5.1
tot_sleeping_duration: 2765976.7513600066
tot_uptimes: 720
tot_uptimes_duration: 43200.0216399933
