comms_cons: 277.90552959878494
finished_reconf: true
global_termination_time: 2808738.748
local_termination_time: 661857.2409599997
node_cons: 57879.173682232686
tot_aggregated_send: 38570
tot_msg_rcv: 1288
tot_msg_sent: 2381
tot_reconf_duration: 25.299999999999997
tot_sleeping_duration: 2765538.735840005
tot_uptimes: 720
tot_uptimes_duration: 43200.01215999527
