comms_cons: 276.1487615970536
finished_reconf: true
global_termination_time: 2809966.673
local_termination_time: 2337836.33036
node_cons: 57862.684859998866
tot_aggregated_send: 40020
tot_msg_rcv: 612
tot_msg_sent: 1341
tot_reconf_duration: 13.17
tot_sleeping_duration: 2766766.673
tot_uptimes: 720
tot_uptimes_duration: 43200.0
