comms_cons: 284.8398848178711
finished_reconf: true
global_termination_time: 2807791.204
local_termination_time: 1212858.3983599998
node_cons: 57850.8023255833
tot_aggregated_send: 38918
tot_msg_rcv: 1531
tot_msg_sent: 2845
tot_reconf_duration: 4.390000000000001
tot_sleeping_duration: 2764591.1736000115
tot_uptimes: 720
tot_uptimes_duration: 43200.030399988405
