comms_cons: 84.41239039711296
finished_reconf: true
global_termination_time: 853545.2072400001
local_termination_time: 15911.39048
node_cons: 17570.741217188333
tot_aggregated_send: 11600
tot_msg_rcv: 369
tot_msg_sent: 860
tot_reconf_duration: 22.65
tot_sleeping_duration: 840445.8924400088
tot_uptimes: 219
tot_uptimes_duration: 13099.314799991269
