comms_cons: 83.81900799956246
finished_reconf: true
global_termination_time: 857244.361
local_termination_time: 98349.9276399995
node_cons: 17605.087701119188
tot_aggregated_send: 11542
tot_msg_rcv: 396
tot_msg_sent: 802
tot_reconf_duration: 7.819999999999999
tot_sleeping_duration: 844104.3549200007
tot_uptimes: 220
tot_uptimes_duration: 13140.006079999366
