comms_cons: 52.286156800485806
finished_reconf: true
global_termination_time: 527327.348
local_termination_time: 134237.25648000007
node_cons: 10852.448262242873
tot_aggregated_send: 7076
tot_msg_rcv: 285
tot_msg_sent: 586
tot_reconf_duration: 4.8100000000000005
tot_sleeping_duration: 519227.33583999786
tot_uptimes: 136
tot_uptimes_duration: 8100.0121600021375
