comms_cons: 97.24057599784825
finished_reconf: true
global_termination_time: 982563.173
local_termination_time: 178162.97804000077
node_cons: 20180.698980000026
tot_aggregated_send: 14094
tot_msg_rcv: 259
tot_msg_sent: 427
tot_reconf_duration: 11.31
tot_sleeping_duration: 967503.173
tot_uptimes: 252
tot_uptimes_duration: 15060.0
