comms_cons: 197.93523199355718
finished_reconf: true
global_termination_time: 2016974.011
local_termination_time: 1662630.8463599999
node_cons: 41463.00405999977
tot_aggregated_send: 29174
tot_msg_rcv: 324
tot_msg_sent: 587
tot_reconf_duration: 5.57
tot_sleeping_duration: 1986014.011
tot_uptimes: 517
tot_uptimes_duration: 30960.0
