comms_cons: 199.4287103918613
finished_reconf: true
global_termination_time: 2017180.933
local_termination_time: 1083868.6683599998
node_cons: 41473.32485999957
tot_aggregated_send: 28942
tot_msg_rcv: 396
tot_msg_sent: 974
tot_reconf_duration: 13.17
tot_sleeping_duration: 1986220.933
tot_uptimes: 517
tot_uptimes_duration: 30960.0
