comms_cons: 205.08793597636458
finished_reconf: true
global_termination_time: 2020444.987
local_termination_time: 560328.9455599994
node_cons: 41541.831172284845
tot_aggregated_send: 27028
tot_msg_rcv: 1245
tot_msg_sent: 2899
tot_reconf_duration: 4.390000000000001
tot_sleeping_duration: 1989424.920120026
tot_uptimes: 518
tot_uptimes_duration: 31020.06687997398
