comms_cons: 205.7379199774354
finished_reconf: true
global_termination_time: 2020052.452
local_termination_time: 616640.0622799994
node_cons: 41544.28374781762
tot_aggregated_send: 27608
tot_msg_rcv: 1277
tot_msg_sent: 2385
tot_reconf_duration: 6.22
tot_sleeping_duration: 1989032.4094400166
tot_uptimes: 518
tot_uptimes_duration: 31020.04255998344
