comms_cons: 428.1072960516345
finished_reconf: true
global_termination_time: 4278743.593
local_termination_time: 2141657.819239999
node_cons: 87976.54776893462
tot_aggregated_send: 59334
tot_msg_rcv: 1894
tot_msg_sent: 3840
tot_reconf_duration: 3.08
tot_sleeping_duration: 4213043.544360017
tot_uptimes: 1096
tot_uptimes_duration: 65700.0486399827
