comms_cons: 432.0170112840936
finished_reconf: true
global_termination_time: 4281865.559
local_termination_time: 516733.3290400008
node_cons: 88067.59151116756
tot_aggregated_send: 59450
tot_msg_rcv: 2094
tot_msg_sent: 4120
tot_reconf_duration: 10.95
tot_sleeping_duration: 4216105.498200023
tot_uptimes: 1097
tot_uptimes_duration: 65760.06079997751
