comms_cons: 425.38602884971937
finished_reconf: true
global_termination_time: 4279173.591
local_termination_time: 1101786.4963599998
node_cons: 87976.50702893395
tot_aggregated_send: 59682
tot_msg_rcv: 1655
tot_msg_sent: 3318
tot_reconf_duration: 3.05
tot_sleeping_duration: 4213473.542360018
tot_uptimes: 1096
tot_uptimes_duration: 65700.04863998247
