comms_cons: 374.65975042237073
finished_reconf: true
global_termination_time: 3786399.356
local_termination_time: 2602253.92236
node_cons: 77856.41022334936
tot_aggregated_send: 52722
tot_msg_rcv: 1379
tot_msg_sent: 2846
tot_reconf_duration: 5.1
tot_sleeping_duration: 3728259.337760007
tot_uptimes: 970
tot_uptimes_duration: 58140.01823999337
