comms_cons: 373.2978560187287
finished_reconf: true
global_termination_time: 3784858.821
local_termination_time: 2716411.9093599995
node_cons: 77883.8418233493
tot_aggregated_send: 52780
tot_msg_rcv: 1272
tot_msg_sent: 2687
tot_reconf_duration: 25.299999999999997
tot_sleeping_duration: 3726718.8027600064
tot_uptimes: 970
tot_uptimes_duration: 58140.0182399936
