comms_cons: 378.6585408489207
finished_reconf: true
global_termination_time: 3785945.137
local_termination_time: 550821.8060799987
node_cons: 77856.04896781662
tot_aggregated_send: 52548
tot_msg_rcv: 1632
tot_msg_sent: 3373
tot_reconf_duration: 4.8100000000000005
tot_sleeping_duration: 3727805.0944400164
tot_uptimes: 970
tot_uptimes_duration: 58140.04255998391
