comms_cons: 379.18841605217733
finished_reconf: true
global_termination_time: 3783274.005
local_termination_time: 657811.0844399985
node_cons: 77775.11418446607
tot_aggregated_send: 52780
tot_msg_rcv: 1716
tot_msg_sent: 3138
tot_reconf_duration: 4.390000000000001
tot_sleeping_duration: 3725193.980680009
tot_uptimes: 969
tot_uptimes_duration: 58080.024319991004
