comms_cons: 1675.3555540746495
finished_reconf: true
global_termination_time: 3785725.203
local_termination_time: 1096997.2653199986
node_cons: 229568.4117319767
tot_aggregated_send: 0
tot_msg_rcv: 102899
tot_msg_sent: 151747
tot_reconf_duration: 6.22
tot_sleeping_duration: 3614283.8550000116
tot_uptimes: 2806
tot_uptimes_duration: 171441.34799998865
