comms_cons: 92.31493758994695
finished_reconf: true
global_termination_time: 640768.9094799978
local_termination_time: 640768.9094799978
node_cons: 13312.90642752014
tot_aggregated_send: 3828
tot_msg_rcv: 4381
tot_msg_sent: 5831
tot_reconf_duration: 37.410000000000004
tot_sleeping_duration: 630864.4257999978
tot_uptimes: 165
tot_uptimes_duration: 9904.483680000092
