comms_cons: 63.06883839873607
finished_reconf: true
global_termination_time: 643474.911
local_termination_time: 26883.768
node_cons: 13199.752424640024
tot_aggregated_send: 9219
tot_msg_rcv: 86
tot_msg_sent: 282
tot_reconf_duration: 15.110000000000001
tot_sleeping_duration: 633632.3172399999
tot_uptimes: 165
tot_uptimes_duration: 9842.593760000003
