comms_cons: 63.312268799520545
finished_reconf: true
global_termination_time: 643923.808
local_termination_time: 231754.99336000005
node_cons: 13192.919681121457
tot_aggregated_send: 9222
tot_msg_rcv: 122
tot_msg_sent: 279
tot_reconf_duration: 12.629999999999999
tot_sleeping_duration: 634083.801919999
tot_uptimes: 165
tot_uptimes_duration: 9840.006080001069
