comms_cons: 64.08266240038569
finished_reconf: true
global_termination_time: 642533.529
local_termination_time: 104966.18167999957
node_cons: 13182.291980000015
tot_aggregated_send: 9048
tot_msg_rcv: 232
tot_msg_sent: 460
tot_reconf_duration: 4.8100000000000005
tot_sleeping_duration: 632693.529
tot_uptimes: 165
tot_uptimes_duration: 9840.0
