comms_cons: 441.44061449110893
finished_reconf: true
global_termination_time: 4351160.754
local_termination_time: 32970.42948000001
node_cons: 89505.78349340147
tot_aggregated_send: 59566
tot_msg_rcv: 2474
tot_msg_sent: 5057
tot_reconf_duration: 5.1
tot_sleeping_duration: 4284320.681040026
tot_uptimes: 1115
tot_uptimes_duration: 66840.07295997301
