comms_cons: 434.694323270525
finished_reconf: true
global_termination_time: 4351025.183
local_termination_time: 1276348.9153599998
node_cons: 89502.94260558211
tot_aggregated_send: 59740
tot_msg_rcv: 2286
tot_msg_sent: 4045
tot_reconf_duration: 3.05
tot_sleeping_duration: 4284185.152600012
tot_uptimes: 1115
tot_uptimes_duration: 66840.03039998864
