comms_cons: 73.06201599902744
finished_reconf: true
global_termination_time: 738573.267
local_termination_time: 516177.0413600001
node_cons: 15194.87956000003
tot_aggregated_send: 10614
tot_msg_rcv: 206
tot_msg_sent: 285
tot_reconf_duration: 7.819999999999999
tot_sleeping_duration: 727233.267
tot_uptimes: 190
tot_uptimes_duration: 11340.0
