comms_cons: 72.60805120014761
finished_reconf: true
global_termination_time: 740409.602
local_termination_time: 403855.04736
node_cons: 15199.61898000002
tot_aggregated_send: 10730
tot_msg_rcv: 140
tot_msg_sent: 166
tot_reconf_duration: 11.31
tot_sleeping_duration: 729069.602
tot_uptimes: 190
tot_uptimes_duration: 11340.0
