comms_cons: 52.290508800932805
finished_reconf: true
global_termination_time: 516675.211360001
local_termination_time: 516675.211360001
node_cons: 10726.949084162767
tot_aggregated_send: 7178
tot_msg_rcv: 245
tot_msg_sent: 524
tot_reconf_duration: 24.59
tot_sleeping_duration: 508688.98591999896
tot_uptimes: 133
tot_uptimes_duration: 7986.2254400020465
