comms_cons: 54.16693760132878
finished_reconf: true
global_termination_time: 519485.537
local_termination_time: 179121.79936000006
node_cons: 10691.214184485756
tot_aggregated_send: 6612
tot_msg_rcv: 513
tot_msg_sent: 1108
tot_reconf_duration: 4.390000000000001
tot_sleeping_duration: 511505.51267999574
tot_uptimes: 134
tot_uptimes_duration: 7980.024320004275
