comms_cons: 52.98292480059197
finished_reconf: true
global_termination_time: 518430.095
local_termination_time: 227104.28036000003
node_cons: 10609.05446448572
tot_aggregated_send: 6786
tot_msg_rcv: 394
tot_msg_sent: 875
tot_reconf_duration: 3.05
tot_sleeping_duration: 510510.0706799957
tot_uptimes: 133
tot_uptimes_duration: 7920.024320004275
