comms_cons: 84.02296319965264
finished_reconf: true
global_termination_time: 852862.556
local_termination_time: 6166.867
node_cons: 17519.492241119176
tot_aggregated_send: 12349
tot_msg_rcv: 135
tot_msg_sent: 287
tot_reconf_duration: 3.95
tot_sleeping_duration: 839782.5499200006
tot_uptimes: 219
tot_uptimes_duration: 13080.006079999366
