comms_cons: 83.91111679872071
finished_reconf: true
global_termination_time: 852371.842
local_termination_time: 4711.189
node_cons: 17522.107742238288
tot_aggregated_send: 12464
tot_msg_rcv: 114
tot_msg_sent: 176
tot_reconf_duration: 5.87
tot_sleeping_duration: 839291.8298400013
tot_uptimes: 219
tot_uptimes_duration: 13080.012159998703
