comms_cons: 84.93809919837099
finished_reconf: true
global_termination_time: 851857.735
local_termination_time: 4954.164000000001
node_cons: 17522.59662223601
tot_aggregated_send: 12057
tot_msg_rcv: 271
tot_msg_sent: 582
tot_reconf_duration: 6.23
tot_sleeping_duration: 838777.722840003
tot_uptimes: 219
tot_uptimes_duration: 13080.012159997
