comms_cons: 84.15236479955716
finished_reconf: true
global_termination_time: 853565.911
local_termination_time: 6072.854
node_cons: 17519.260494836868
tot_aggregated_send: 12349
tot_msg_rcv: 149
tot_msg_sent: 292
tot_reconf_duration: 3.77
tot_sleeping_duration: 840485.8954400023
tot_uptimes: 219
tot_uptimes_duration: 13080.015559997642
