comms_cons: 138.35399679495998
finished_reconf: true
global_termination_time: 1396797.509
local_termination_time: 694682.1493599999
node_cons: 28699.2648600001
tot_aggregated_send: 20010
tot_msg_rcv: 335
tot_msg_sent: 684
tot_reconf_duration: 13.17
tot_sleeping_duration: 1375377.509
tot_uptimes: 358
tot_uptimes_duration: 21420.0
