comms_cons: 136.98350079754962
finished_reconf: true
global_termination_time: 1396083.84
local_termination_time: 1092929.34336
node_cons: 28698.531540000207
tot_aggregated_send: 20474
tot_msg_rcv: 126
tot_msg_sent: 221
tot_reconf_duration: 12.629999999999999
tot_sleeping_duration: 1374663.84
tot_uptimes: 358
tot_uptimes_duration: 21420.0
