comms_cons: 138.40663039656354
finished_reconf: true
global_termination_time: 1397347.061
local_termination_time: 383163.7317200001
node_cons: 28696.250100000063
tot_aggregated_send: 20068
tot_msg_rcv: 341
tot_msg_sent: 628
tot_reconf_duration: 10.95
tot_sleeping_duration: 1375927.061
tot_uptimes: 358
tot_uptimes_duration: 21420.0
