comms_cons: 144.94662398085194
finished_reconf: true
global_termination_time: 1396627.195
local_termination_time: 232037.66012000045
node_cons: 28685.603311172952
tot_aggregated_send: 18386
tot_msg_rcv: 1309
tot_msg_sent: 2336
tot_reconf_duration: 3.05
tot_sleeping_duration: 1375207.1342000202
tot_uptimes: 358
tot_uptimes_duration: 21420.06079997978
