comms_cons: 49.20583680041524
finished_reconf: true
global_termination_time: 490186.396
local_termination_time: 231074.52936000004
node_cons: 10050.946760000015
tot_aggregated_send: 6322
tot_msg_rcv: 448
tot_msg_sent: 709
tot_reconf_duration: 6.22
tot_sleeping_duration: 482686.396
tot_uptimes: 126
tot_uptimes_duration: 7500.0
