comms_cons: 47.77201279987023
finished_reconf: true
global_termination_time: 12464.684240000002
local_termination_time: 2216.1148800000037
node_cons: 4749.186512320052
tot_aggregated_send: 0
tot_msg_rcv: 3954
tot_msg_sent: 3306
tot_reconf_duration: 5.57
tot_sleeping_duration: 8923.517359999963
tot_uptimes: 45
tot_uptimes_duration: 3541.1668800000393
