comms_cons: 3.9415679999888114
finished_reconf: true
global_termination_time: 13154.806
local_termination_time: 5853.8124800000005
node_cons: 251.64770112000707
tot_aggregated_send: 0
tot_msg_rcv: 426
tot_msg_sent: 173
tot_reconf_duration: 7.819999999999999
tot_sleeping_duration: 12974.799919999996
tot_uptimes: 4
tot_uptimes_duration: 180.00608000000466
