comms_cons: 2.9283711999938347
finished_reconf: true
global_termination_time: 13210.19
local_termination_time: 5891.6633600000005
node_cons: 256.3871211200068
tot_aggregated_send: 0
tot_msg_rcv: 280
tot_msg_sent: 165
tot_reconf_duration: 11.31
tot_sleeping_duration: 13030.183919999996
tot_uptimes: 4
tot_uptimes_duration: 180.00608000000466
