comms_cons: 353.1931328396475
finished_reconf: true
global_termination_time: 3473219.039
local_termination_time: 786706.774999998
node_cons: 71430.85336893403
tot_aggregated_send: 46980
tot_msg_rcv: 2254
tot_msg_sent: 4449
tot_reconf_duration: 6.279999999999999
tot_sleeping_duration: 3419878.990360018
tot_uptimes: 890
tot_uptimes_duration: 53340.048639981775
