comms_cons: 344.7513728168568
finished_reconf: true
global_termination_time: 3471034.442
local_termination_time: 1565101.477759998
node_cons: 71364.66521575245
tot_aggregated_send: 49764
tot_msg_rcv: 905
tot_msg_sent: 1731
tot_reconf_duration: 13.17
tot_sleeping_duration: 3417750.8121600044
tot_uptimes: 889
tot_uptimes_duration: 53283.62983999564
