comms_cons: 91.49344000018358
finished_reconf: true
global_termination_time: 929533.214
local_termination_time: 667386.6214799997
node_cons: 19128.48405999996
tot_aggregated_send: 13108
tot_msg_rcv: 301
tot_msg_sent: 497
tot_reconf_duration: 5.57
tot_sleeping_duration: 915253.214
tot_uptimes: 239
tot_uptimes_duration: 14280.0
