comms_cons: 95.16395519472539
finished_reconf: true
global_termination_time: 932310.894
local_termination_time: 380280.55596000014
node_cons: 19138.81300111684
tot_aggregated_send: 12528
tot_msg_rcv: 670
tot_msg_sent: 1266
tot_reconf_duration: 13.17
tot_sleeping_duration: 918030.8879200023
tot_uptimes: 239
tot_uptimes_duration: 14280.006079997635
