comms_cons: 95.95829119503948
finished_reconf: true
global_termination_time: 929968.535
local_termination_time: 326805.36848000006
node_cons: 19129.391183359683
tot_aggregated_send: 12470
tot_msg_rcv: 779
tot_msg_sent: 1336
tot_reconf_duration: 6.22
tot_sleeping_duration: 915688.5167600003
tot_uptimes: 239
tot_uptimes_duration: 14280.018239999772
