comms_cons: 48.99203840178782
finished_reconf: true
global_termination_time: 442965.65992000076
local_termination_time: 442965.61880000075
node_cons: 9222.647078250242
tot_aggregated_send: 5045
tot_msg_rcv: 876
tot_msg_sent: 1525
tot_reconf_duration: 51.19
tot_sleeping_duration: 436129.8637599931
tot_uptimes: 114
tot_uptimes_duration: 6835.796160007652
