comms_cons: 108.11642239593763
finished_reconf: true
global_termination_time: 1090632.264
local_termination_time: 403359.2486800003
node_cons: 22435.691720000068
tot_aggregated_send: 15660
tot_msg_rcv: 265
tot_msg_sent: 508
tot_reconf_duration: 15.34
tot_sleeping_duration: 1073892.264
tot_uptimes: 280
tot_uptimes_duration: 16740.0
