comms_cons: 53.68413440063409
finished_reconf: true
global_termination_time: 532725.746
local_termination_time: 57627.15736000001
node_cons: 10933.804060000015
tot_aggregated_send: 7424
tot_msg_rcv: 275
tot_msg_sent: 460
tot_reconf_duration: 5.57
tot_sleeping_duration: 524565.746
tot_uptimes: 137
tot_uptimes_duration: 8160.0
