comms_cons: 52.60070400004542
finished_reconf: true
global_termination_time: 534378.178
local_termination_time: 6016.5967200000005
node_cons: 10938.611380000015
tot_aggregated_send: 7714
tot_msg_rcv: 114
tot_msg_sent: 167
tot_reconf_duration: 9.11
tot_sleeping_duration: 526218.178
tot_uptimes: 137
tot_uptimes_duration: 8160.0
