comms_cons: 195.45032318122261
finished_reconf: true
global_termination_time: 1931327.2758399998
local_termination_time: 1931327.2347199998
node_cons: 39761.4331211637
tot_aggregated_send: 26654
tot_msg_rcv: 1055
tot_msg_sent: 1996
tot_reconf_duration: 37.410000000000004
tot_sleeping_duration: 1901670.3450400266
tot_uptimes: 495
tot_uptimes_duration: 29656.930799973066
