comms_cons: 197.55788157553974
finished_reconf: true
global_termination_time: 1932615.585
local_termination_time: 786715.834999998
node_cons: 39718.06092069797
tot_aggregated_send: 25868
tot_msg_rcv: 1374
tot_msg_sent: 2786
tot_reconf_duration: 15.34
tot_sleeping_duration: 1902968.662520016
tot_uptimes: 495
tot_uptimes_duration: 29646.92247998377
