comms_cons: 191.4284031942177
finished_reconf: true
global_termination_time: 1932477.325
local_termination_time: 1064944.7886799995
node_cons: 39695.524059999836
tot_aggregated_send: 27898
tot_msg_rcv: 449
tot_msg_sent: 749
tot_reconf_duration: 5.57
tot_sleeping_duration: 1902837.325
tot_uptimes: 495
tot_uptimes_duration: 29640.0
