comms_cons: 192.15869439125007
finished_reconf: true
global_termination_time: 1936089.722
local_termination_time: 529263.3769199994
node_cons: 39802.65739999981
tot_aggregated_send: 27724
tot_msg_rcv: 521
tot_msg_sent: 962
tot_reconf_duration: 25.299999999999997
tot_sleeping_duration: 1906389.722
tot_uptimes: 496
tot_uptimes_duration: 29700.0
