comms_cons: 197.36927357981813
finished_reconf: true
global_termination_time: 1935366.229
local_termination_time: 612389.9505199982
node_cons: 39776.82817117278
tot_aggregated_send: 26100
tot_msg_rcv: 1279
tot_msg_sent: 2619
tot_reconf_duration: 6.22
tot_sleeping_duration: 1905666.1682000202
tot_uptimes: 496
tot_uptimes_duration: 29700.06079997978
