comms_cons: 206.93277439534154
finished_reconf: true
global_termination_time: 2089958.238
local_termination_time: 934781.636239999
node_cons: 42990.428239999645
tot_aggregated_send: 30102
tot_msg_rcv: 427
tot_msg_sent: 923
tot_reconf_duration: 6.279999999999999
tot_sleeping_duration: 2057858.238
tot_uptimes: 536
tot_uptimes_duration: 32100.0
