comms_cons: 206.24476159281502
finished_reconf: true
global_termination_time: 2091407.594
local_termination_time: 1132789.5499599988
node_cons: 42989.4640599997
tot_aggregated_send: 30102
tot_msg_rcv: 437
tot_msg_sent: 809
tot_reconf_duration: 5.57
tot_sleeping_duration: 2059307.594
tot_uptimes: 536
tot_uptimes_duration: 32100.0
