comms_cons: 207.14736639042823
finished_reconf: true
global_termination_time: 2091169.407
local_termination_time: 836542.7563599999
node_cons: 43002.739861116395
tot_aggregated_send: 29696
tot_msg_rcv: 564
tot_msg_sent: 1225
tot_reconf_duration: 15.34
tot_sleeping_duration: 2059069.4009200023
tot_uptimes: 536
tot_uptimes_duration: 32100.006079997635
