comms_cons: 32.30387200035077
finished_reconf: true
global_termination_time: 325588.455
local_termination_time: 22724.18636
node_cons: 6684.388341121435
tot_aggregated_send: 4524
tot_msg_rcv: 106
tot_msg_sent: 280
tot_reconf_duration: 11.899999999999999
tot_sleeping_duration: 320608.44891999895
tot_uptimes: 84
tot_uptimes_duration: 4980.006080001069
