comms_cons: 153.89925119419306
finished_reconf: true
global_termination_time: 1558910.233
local_termination_time: 775268.6053599999
node_cons: 32072.811540000057
tot_aggregated_send: 22330
tot_msg_rcv: 260
tot_msg_sent: 801
tot_reconf_duration: 12.629999999999999
tot_sleeping_duration: 1534970.233
tot_uptimes: 400
tot_uptimes_duration: 23940.0
