comms_cons: 79.25659520842622
finished_reconf: true
global_termination_time: 339126.5597200002
local_termination_time: 2637.2053600000004
node_cons: 6954.707504891185
tot_aggregated_send: 0
tot_msg_rcv: 6986
tot_msg_sent: 5058
tot_reconf_duration: 18.21
tot_sleeping_duration: 333951.0717999919
tot_uptimes: 87
tot_uptimes_duration: 5175.487920008351
