comms_cons: 35.41548800116243
finished_reconf: true
global_termination_time: 341407.99
local_termination_time: 6730.1784800000005
node_cons: 7007.481142241448
tot_aggregated_send: 4350
tot_msg_rcv: 347
tot_msg_sent: 685
tot_reconf_duration: 13.17
tot_sleeping_duration: 336187.9778399989
tot_uptimes: 88
tot_uptimes_duration: 5220.012160001075
