comms_cons: 35.78552320038561
finished_reconf: true
global_termination_time: 340132.864
local_termination_time: 31539.698960000005
node_cons: 6995.017229440019
tot_aggregated_send: 4350
tot_msg_rcv: 393
tot_msg_sent: 698
tot_reconf_duration: 3.08
tot_sleeping_duration: 334911.92704
tot_uptimes: 88
tot_uptimes_duration: 5220.936960000006
