comms_cons: 84.30649600003863
finished_reconf: true
global_termination_time: 835352.418
local_termination_time: 458612.2776800007
node_cons: 17120.964522242844
tot_aggregated_send: 11194
tot_msg_rcv: 572
tot_msg_sent: 1049
tot_reconf_duration: 6.279999999999999
tot_sleeping_duration: 822572.4058399978
tot_uptimes: 214
tot_uptimes_duration: 12780.012160002138
