comms_cons: 84.0248447974088
finished_reconf: true
global_termination_time: 830602.7251200001
local_termination_time: 161781.53036000003
node_cons: 17056.611656399517
tot_aggregated_send: 10904
tot_msg_rcv: 583
tot_msg_sent: 1284
tot_reconf_duration: 3.05
tot_sleeping_duration: 817867.4975200004
tot_uptimes: 213
tot_uptimes_duration: 12735.227599999635
