comms_cons: 55.21125120342322
finished_reconf: true
global_termination_time: 509956.708
local_termination_time: 269737.8594800001
node_cons: 10468.978026728624
tot_aggregated_send: 4002
tot_msg_rcv: 1741
tot_msg_sent: 2650
tot_reconf_duration: 18.21
tot_sleeping_duration: 502156.6715199936
tot_uptimes: 131
tot_uptimes_duration: 7800.036480006413
