comms_cons: 50.10718720069096
finished_reconf: true
global_termination_time: 509855.742
local_termination_time: 350752.59736
node_cons: 10462.093001121422
tot_aggregated_send: 7134
tot_msg_rcv: 190
tot_msg_sent: 292
tot_reconf_duration: 13.17
tot_sleeping_duration: 502055.73591999896
tot_uptimes: 131
tot_uptimes_duration: 7800.006080001069
