comms_cons: 79.48456959537081
finished_reconf: true
global_termination_time: 781162.214359998
local_termination_time: 15286.9806
node_cons: 16165.496968401703
tot_aggregated_send: 10672
tot_msg_rcv: 447
tot_msg_sent: 964
tot_reconf_duration: 15.34
tot_sleeping_duration: 769104.9587599967
tot_uptimes: 201
tot_uptimes_duration: 12057.255600001256
