comms_cons: 77.7858815979601
finished_reconf: true
global_termination_time: 783863.137
local_termination_time: 463101.5882800008
node_cons: 16084.168341116809
tot_aggregated_send: 11020
tot_msg_rcv: 233
tot_msg_sent: 570
tot_reconf_duration: 11.899999999999999
tot_sleeping_duration: 771863.1309200024
tot_uptimes: 201
tot_uptimes_duration: 12000.006079997635
