comms_cons: 80.64188159764048
finished_reconf: true
global_termination_time: 784098.165
local_termination_time: 282025.92628000036
node_cons: 16074.564544485744
tot_aggregated_send: 10440
tot_msg_rcv: 654
tot_msg_sent: 1164
tot_reconf_duration: 4.8100000000000005
tot_sleeping_duration: 772098.1406799958
tot_uptimes: 201
tot_uptimes_duration: 12000.024320004275
