comms_cons: 795.6339405559974
finished_reconf: true
global_termination_time: 4035468.6491599972
local_termination_time: 3409.5753600000003
node_cons: 83054.83159758504
tot_aggregated_send: 0
tot_msg_rcv: 61002
tot_msg_sent: 59926
tot_reconf_duration: 18.21
tot_sleeping_duration: 3973459.6107600066
tot_uptimes: 1034
tot_uptimes_duration: 62009.038399990415
