comms_cons: 396.94023042816167
finished_reconf: true
global_termination_time: 4040042.692
local_termination_time: 2604894.041079999
node_cons: 83080.11266334935
tot_aggregated_send: 55970
tot_msg_rcv: 1455
tot_msg_sent: 2904
tot_reconf_duration: 6.279999999999999
tot_sleeping_duration: 3978002.6737600067
tot_uptimes: 1035
tot_uptimes_duration: 62040.01823999337
