comms_cons: 396.31784961544037
finished_reconf: true
global_termination_time: 4035484.555
local_termination_time: 2699614.3880000003
node_cons: 83107.38483686234
tot_aggregated_send: 55891
tot_msg_rcv: 1557
tot_msg_sent: 2790
tot_reconf_duration: 25.299999999999997
tot_sleeping_duration: 3973443.4590800116
tot_uptimes: 1034
tot_uptimes_duration: 62041.095919988584
