comms_cons: 397.3040512059575
finished_reconf: true
global_termination_time: 4036551.196
local_termination_time: 1638966.2284399995
node_cons: 82995.41892223165
tot_aggregated_send: 55564
tot_msg_rcv: 1571
tot_msg_sent: 3253
tot_reconf_duration: 3.08
tot_sleeping_duration: 3974571.1838400047
tot_uptimes: 1034
tot_uptimes_duration: 61980.01215999527
