comms_cons: 405.5273344738438
finished_reconf: true
global_termination_time: 4038541.269
local_termination_time: 270111.26999999996
node_cons: 83098.05257997157
tot_aggregated_send: 56200
tot_msg_rcv: 1724
tot_msg_sent: 3714
tot_reconf_duration: 18.700000000000003
tot_sleeping_duration: 3976500.449000019
tot_uptimes: 1035
tot_uptimes_duration: 62040.81999998039
