comms_cons: 404.69183365723694
finished_reconf: true
global_termination_time: 4035920.786
local_termination_time: 778599.19448
node_cons: 82997.8008266999
tot_aggregated_send: 56608
tot_msg_rcv: 1762
tot_msg_sent: 3140
tot_reconf_duration: 4.8100000000000005
tot_sleeping_duration: 3973940.749520013
tot_uptimes: 1034
tot_uptimes_duration: 61980.036479986506
