comms_cons: 28.80865920044562
finished_reconf: true
global_termination_time: 280391.6540800002
local_termination_time: 280391.6129600002
node_cons: 5775.161941602954
tot_aggregated_send: 3537
tot_msg_rcv: 272
tot_msg_sent: 568
tot_reconf_duration: 33.589999999999996
tot_sleeping_duration: 276112.679679998
tot_uptimes: 72
tot_uptimes_duration: 4278.974400002189
