comms_cons: 1.5132159999992219
finished_reconf: true
global_termination_time: 15884.46
local_termination_time: 7152.012360000001
node_cons: 336.71898000000056
tot_aggregated_send: 0
tot_msg_rcv: 122
tot_msg_sent: 108
tot_reconf_duration: 11.31
tot_sleeping_duration: 15644.46
tot_uptimes: 5
tot_uptimes_duration: 240.0
