comms_cons: 103.17501439599798
finished_reconf: true
global_termination_time: 1041253.129
local_termination_time: 208104.57336000007
node_cons: 21388.32486000005
tot_aggregated_send: 14790
tot_msg_rcv: 318
tot_msg_sent: 574
tot_reconf_duration: 13.17
tot_sleeping_duration: 1025293.129
tot_uptimes: 267
tot_uptimes_duration: 15960.0
