comms_cons: 102.86579199788778
finished_reconf: true
global_termination_time: 1040057.981
local_termination_time: 346215.77736000007
node_cons: 21376.97198000003
tot_aggregated_send: 14906
tot_msg_rcv: 267
tot_msg_sent: 462
tot_reconf_duration: 4.8100000000000005
tot_sleeping_duration: 1024097.981
tot_uptimes: 267
tot_uptimes_duration: 15960.0
