comms_cons: 100.58183679986406
finished_reconf: true
global_termination_time: 1040997.637
local_termination_time: 495157.69636
node_cons: 21376.40161999997
tot_aggregated_send: 15080
tot_msg_rcv: 32
tot_msg_sent: 175
tot_reconf_duration: 4.390000000000001
tot_sleeping_duration: 1025037.637
tot_uptimes: 267
tot_uptimes_duration: 15960.0
