comms_cons: 102.2190207970404
finished_reconf: true
global_termination_time: 1041648.007
local_termination_time: 600427.0545999989
node_cons: 21381.05956000012
tot_aggregated_send: 15022
tot_msg_rcv: 171
tot_msg_sent: 343
tot_reconf_duration: 7.819999999999999
tot_sleeping_duration: 1025688.007
tot_uptimes: 267
tot_uptimes_duration: 15960.0
