comms_cons: 103.18817279837403
finished_reconf: true
global_termination_time: 1041540.003
local_termination_time: 233791.68736000004
node_cons: 21377.82208112003
tot_aggregated_send: 14964
tot_msg_rcv: 260
tot_msg_sent: 460
tot_reconf_duration: 5.43
tot_sleeping_duration: 1025579.9969200001
tot_uptimes: 267
tot_uptimes_duration: 15960.006080000005
