comms_cons: 57.78974720496264
finished_reconf: true
global_termination_time: 291535.721
local_termination_time: 5463.875360000001
node_cons: 5975.926841119158
tot_aggregated_send: 0
tot_msg_rcv: 4510
tot_msg_sent: 4273
tot_reconf_duration: 22.65
tot_sleeping_duration: 287095.71492000064
tot_uptimes: 75
tot_uptimes_duration: 4440.006079999366
