comms_cons: 160.77556481738324
finished_reconf: true
global_termination_time: 625627.8990000002
local_termination_time: 185209.8850000009
node_cons: 37962.9940993655
tot_aggregated_send: 0
tot_msg_rcv: 9817
tot_msg_sent: 14621
tot_reconf_duration: 18.21
tot_sleeping_duration: 597294.616759996
tot_uptimes: 462
tot_uptimes_duration: 28333.282240004228
