comms_cons: 103.96952319439183
finished_reconf: true
global_termination_time: 1042061.978
local_termination_time: 174130.9208400006
node_cons: 21376.980121116863
tot_aggregated_send: 14558
tot_msg_rcv: 375
tot_msg_sent: 869
tot_reconf_duration: 4.8100000000000005
tot_sleeping_duration: 1026101.9719200024
tot_uptimes: 267
tot_uptimes_duration: 15960.006079997635
