comms_cons: 104.99087358778702
finished_reconf: true
global_termination_time: 1040789.174
local_termination_time: 160829.1860000009
node_cons: 21374.67145230816
tot_aggregated_send: 13514
tot_msg_rcv: 775
tot_msg_sent: 1669
tot_reconf_duration: 3.05
tot_sleeping_duration: 1024829.1071200089
tot_uptimes: 267
tot_uptimes_duration: 15960.066879991151
