comms_cons: 106.45673599043072
finished_reconf: true
global_termination_time: 1040373.568
local_termination_time: 557799.2083599999
node_cons: 21381.11654783174
tot_aggregated_send: 13746
tot_msg_rcv: 750
tot_msg_sent: 1684
tot_reconf_duration: 7.819999999999999
tot_sleeping_duration: 1024413.5254400062
tot_uptimes: 267
tot_uptimes_duration: 15960.042559993744
