comms_cons: 101.91901439689528
finished_reconf: true
global_termination_time: 1042037.602
local_termination_time: 501804.69048000005
node_cons: 21385.815262233693
tot_aggregated_send: 13920
tot_msg_rcv: 531
tot_msg_sent: 1041
tot_reconf_duration: 11.31
tot_sleeping_duration: 1026077.5898400047
tot_uptimes: 267
tot_uptimes_duration: 15960.012159995269
