comms_cons: 101.5242623961546
finished_reconf: true
global_termination_time: 1038970.203
local_termination_time: 452429.98208000016
node_cons: 21377.85619884365
tot_aggregated_send: 13282
tot_msg_rcv: 772
tot_msg_sent: 1378
tot_reconf_duration: 5.43
tot_sleeping_duration: 1023010.1714399973
tot_uptimes: 267
tot_uptimes_duration: 15960.03156000271
