comms_cons: 543.6922432130627
finished_reconf: true
global_termination_time: 5570366.977
local_termination_time: 2950364.294479998
node_cons: 114574.28954718214
tot_aggregated_send: 77546
tot_msg_rcv: 1549
tot_msg_sent: 3543
tot_reconf_duration: 5.1
tot_sleeping_duration: 5484805.092200011
tot_uptimes: 1427
tot_uptimes_duration: 85561.88479998917
