comms_cons: 561.1905921171239
finished_reconf: true
global_termination_time: 5569902.263
local_termination_time: 281691.28004000074
node_cons: 114571.44525006272
tot_aggregated_send: 76618
tot_msg_rcv: 3154
tot_msg_sent: 5525
tot_reconf_duration: 4.8100000000000005
tot_sleeping_duration: 5484342.20828001
tot_uptimes: 1427
tot_uptimes_duration: 85560.05471998971
