comms_cons: 552.0228352704393
finished_reconf: true
global_termination_time: 5569041.742
local_termination_time: 888840.48136
node_cons: 114573.33560669856
tot_aggregated_send: 78010
tot_msg_rcv: 1829
tot_msg_sent: 4066
tot_reconf_duration: 6.22
tot_sleeping_duration: 5483481.705520013
tot_uptimes: 1427
tot_uptimes_duration: 85560.0364799865
