comms_cons: 549.9189248787383
finished_reconf: true
global_termination_time: 5567920.854
local_termination_time: 2026866.37236
node_cons: 114499.90782669882
tot_aggregated_send: 77198
tot_msg_rcv: 2035
tot_msg_sent: 4351
tot_reconf_duration: 11.31
tot_sleeping_duration: 5482420.817520013
tot_uptimes: 1426
tot_uptimes_duration: 85500.03647998674
