comms_cons: 87.91127039518621
finished_reconf: true
global_termination_time: 864997.163
local_termination_time: 432568.5858800009
node_cons: 17761.696403355156
tot_aggregated_send: 11600
tot_msg_rcv: 543
tot_msg_sent: 1219
tot_reconf_duration: 4.8100000000000005
tot_sleeping_duration: 851737.1447600035
tot_uptimes: 222
tot_uptimes_duration: 13260.018239996367
