comms_cons: 86.38552319958575
finished_reconf: true
global_termination_time: 864544.807
local_termination_time: 673854.906879998
node_cons: 17769.187056555784
tot_aggregated_send: 12180
tot_msg_rcv: 318
tot_msg_sent: 634
tot_reconf_duration: 9.42
tot_sleeping_duration: 851283.8699600033
tot_uptimes: 222
tot_uptimes_duration: 13260.937039996788
