comms_cons: 88.87183359335948
finished_reconf: true
global_termination_time: 864963.357
local_termination_time: 394566.8061600003
node_cons: 17765.808406710228
tot_aggregated_send: 11600
tot_msg_rcv: 691
tot_msg_sent: 1217
tot_reconf_duration: 7.819999999999999
tot_sleeping_duration: 851703.3205200073
tot_uptimes: 222
tot_uptimes_duration: 13260.036479992676
