comms_cons: 50.08087040070416
finished_reconf: true
global_termination_time: 503258.094
local_termination_time: 126772.73735999997
node_cons: 10290.893940000024
tot_aggregated_send: 6960
tot_msg_rcv: 193
tot_msg_sent: 459
tot_reconf_duration: 5.43
tot_sleeping_duration: 495578.094
tot_uptimes: 129
tot_uptimes_duration: 7680.0
