comms_cons: 431.6284160223981
finished_reconf: true
global_termination_time: 4375198.706
local_termination_time: 2730376.0213599997
node_cons: 90005.52917999752
tot_aggregated_send: 62640
tot_msg_rcv: 892
tot_msg_sent: 2073
tot_reconf_duration: 18.21
tot_sleeping_duration: 4307998.706
tot_uptimes: 1121
tot_uptimes_duration: 67200.0
