comms_cons: 2113.103485635478
finished_reconf: true
global_termination_time: 4374896.8696
local_termination_time: 4374896.82848
node_cons: 265109.57412875665
tot_aggregated_send: 0
tot_msg_rcv: 129937
tot_msg_sent: 191242
tot_reconf_duration: 37.410000000000004
tot_sleeping_duration: 4176944.0904000257
tot_uptimes: 3240
tot_uptimes_duration: 197952.77919997423
