comms_cons: 436.74264325888225
finished_reconf: true
global_termination_time: 4375565.455
local_termination_time: 2597527.5577599993
node_cons: 89987.35640334876
tot_aggregated_send: 60262
tot_msg_rcv: 2112
tot_msg_sent: 4006
tot_reconf_duration: 4.8100000000000005
tot_sleeping_duration: 4308365.436760007
tot_uptimes: 1121
tot_uptimes_duration: 67200.01823999337
