comms_cons: 440.1024256636546
finished_reconf: true
global_termination_time: 4375753.785
local_termination_time: 2107505.8883599997
node_cons: 89995.68638223149
tot_aggregated_send: 61016
tot_msg_rcv: 1939
tot_msg_sent: 3938
tot_reconf_duration: 10.95
tot_sleeping_duration: 4308553.772840004
tot_uptimes: 1121
tot_uptimes_duration: 67200.01215999573
