comms_cons: 435.52701445847543
finished_reconf: true
global_termination_time: 4376249.422
local_termination_time: 2326665.340279999
node_cons: 89991.4521244656
tot_aggregated_send: 60668
tot_msg_rcv: 1931
tot_msg_sent: 3599
tot_reconf_duration: 7.819999999999999
tot_sleeping_duration: 4309049.397680009
tot_uptimes: 1121
tot_uptimes_duration: 67200.02431999124
