comms_cons: 647.8679105205817
finished_reconf: true
global_termination_time: 6512183.817
local_termination_time: 1541175.793879998
node_cons: 133933.74650558087
tot_aggregated_send: 90654
tot_msg_rcv: 2663
tot_msg_sent: 5156
tot_reconf_duration: 5.1
tot_sleeping_duration: 6412163.786600011
tot_uptimes: 1668
tot_uptimes_duration: 100020.0303999891
