comms_cons: 638.9407041052663
finished_reconf: true
global_termination_time: 6511435.946
local_termination_time: 4093795.9676000006
node_cons: 133947.3156622304
tot_aggregated_send: 90074
tot_msg_rcv: 2404
tot_msg_sent: 4635
tot_reconf_duration: 15.110000000000001
tot_sleeping_duration: 6411415.933840005
tot_uptimes: 1668
tot_uptimes_duration: 100020.01215999573
