comms_cons: 657.3775361824588
finished_reconf: true
global_termination_time: 6510617.283119997
local_termination_time: 82902.11051999978
node_cons: 133977.97253624085
tot_aggregated_send: 90132
tot_msg_rcv: 3367
tot_msg_sent: 6418
tot_reconf_duration: 22.65
tot_sleeping_duration: 6410582.022600023
tot_uptimes: 1668
tot_uptimes_duration: 100035.26051997399
