comms_cons: 639.3358336918791
finished_reconf: true
global_termination_time: 6513231.294
local_termination_time: 4093803.91104
node_cons: 133939.59817590888
tot_aggregated_send: 89842
tot_msg_rcv: 2386
tot_msg_sent: 4947
tot_reconf_duration: 9.42
tot_sleeping_duration: 6413211.274720005
tot_uptimes: 1668
tot_uptimes_duration: 100020.01927999454
