comms_cons: 411.2026304637483
finished_reconf: true
global_termination_time: 4069886.088
local_termination_time: 2676123.48636
node_cons: 83745.04684111486
tot_aggregated_send: 56492
tot_msg_rcv: 2080
tot_msg_sent: 3929
tot_reconf_duration: 22.65
tot_sleeping_duration: 4007366.081920002
tot_uptimes: 1043
tot_uptimes_duration: 62520.00607999787
