comms_cons: 409.591827264775
finished_reconf: true
global_termination_time: 4070974.509
local_termination_time: 1317161.5238799981
node_cons: 83718.50334558335
tot_aggregated_send: 56492
tot_msg_rcv: 1809
tot_msg_sent: 3952
tot_reconf_duration: 3.08
tot_sleeping_duration: 4008454.478600011
tot_uptimes: 1043
tot_uptimes_duration: 62520.030399989104
