comms_cons: 48.995302401437584
finished_reconf: true
global_termination_time: 470499.007
local_termination_time: 90193.96859999995
node_cons: 9658.69300112144
tot_aggregated_send: 6090
tot_msg_rcv: 497
tot_msg_sent: 860
tot_reconf_duration: 13.17
tot_sleeping_duration: 463299.0009199989
tot_uptimes: 121
tot_uptimes_duration: 7200.006080001069
