comms_cons: 48.88939520078588
finished_reconf: true
global_termination_time: 471491.262
local_termination_time: 20156.966800000002
node_cons: 9647.331980000014
tot_aggregated_send: 6090
tot_msg_rcv: 474
tot_msg_sent: 866
tot_reconf_duration: 4.8100000000000005
tot_sleeping_duration: 464291.262
tot_uptimes: 121
tot_uptimes_duration: 7200.0
