comms_cons: 47.71235840102021
finished_reconf: true
global_termination_time: 471002.027
local_termination_time: 8615.835880000004
node_cons: 9651.419560000011
tot_aggregated_send: 6090
tot_msg_rcv: 299
tot_msg_sent: 863
tot_reconf_duration: 7.819999999999999
tot_sleeping_duration: 463802.027
tot_uptimes: 121
tot_uptimes_duration: 7200.0
