comms_cons: 357.76091521728324
finished_reconf: true
global_termination_time: 3594792.564
local_termination_time: 1311353.95736
node_cons: 73937.53732111504
tot_aggregated_send: 51388
tot_msg_rcv: 1032
tot_msg_sent: 1956
tot_reconf_duration: 18.21
tot_sleeping_duration: 3539592.557920002
tot_uptimes: 921
tot_uptimes_duration: 55200.006079997635
