comms_cons: 1.0000383999966977
finished_reconf: true
global_termination_time: 9898.593
local_termination_time: 7393.912360000001
node_cons: 191.43870000000075
tot_aggregated_send: 0
tot_msg_rcv: 87
tot_msg_sent: 65
tot_reconf_duration: 22.65
tot_sleeping_duration: 9778.593
tot_uptimes: 3
tot_uptimes_duration: 120.0
