comms_cons: 40.39628800023796
finished_reconf: true
global_termination_time: 412641.423
local_termination_time: 137758.20836000008
node_cons: 8453.584860000026
tot_aggregated_send: 5974
tot_msg_rcv: 62
tot_msg_sent: 104
tot_reconf_duration: 13.17
tot_sleeping_duration: 406341.423
tot_uptimes: 106
tot_uptimes_duration: 6300.0
