comms_cons: 216.13031668152172
finished_reconf: true
global_termination_time: 1086942.612
local_termination_time: 1742.8714800000025
node_cons: 22359.289885593393
tot_aggregated_send: 0
tot_msg_rcv: 16726
tot_msg_sent: 16123
tot_reconf_duration: 18.21
tot_sleeping_duration: 1070262.581600005
tot_uptimes: 279
tot_uptimes_duration: 16680.03039999504
