comms_cons: 110.45160959663897
finished_reconf: true
global_termination_time: 1088857.788
local_termination_time: 171272.31136000005
node_cons: 22343.031888962283
tot_aggregated_send: 14442
tot_msg_rcv: 831
tot_msg_sent: 1515
tot_reconf_duration: 6.22
tot_sleeping_duration: 1072177.7393599984
tot_uptimes: 279
tot_uptimes_duration: 16680.04864000168
