comms_cons: 204.90260478508424
finished_reconf: true
global_termination_time: 2028462.746
local_termination_time: 272167.3993600001
node_cons: 41727.275687826725
tot_aggregated_send: 28246
tot_msg_rcv: 1055
tot_msg_sent: 1843
tot_reconf_duration: 22.65
tot_sleeping_duration: 1997322.7034400098
tot_uptimes: 520
tot_uptimes_duration: 31140.04255999031
