comms_cons: 196.66544639482663
finished_reconf: true
global_termination_time: 2029697.779
local_termination_time: 1265800.305399999
node_cons: 41703.85022223324
tot_aggregated_send: 28362
tot_msg_rcv: 401
tot_msg_sent: 1129
tot_reconf_duration: 5.43
tot_sleeping_duration: 1998557.7668400048
tot_uptimes: 520
tot_uptimes_duration: 31140.01215999527
