comms_cons: 53.31846400124635
finished_reconf: true
global_termination_time: 518406.1306000001
local_termination_time: 518406.0894800001
node_cons: 10656.735566250154
tot_aggregated_send: 6830
tot_msg_rcv: 441
tot_msg_sent: 833
tot_reconf_duration: 24.59
tot_sleeping_duration: 510472.3424399925
tot_uptimes: 133
tot_uptimes_duration: 7933.788160007563
