comms_cons: 52.370432000985026
finished_reconf: true
global_termination_time: 522032.355
local_termination_time: 333912.61136000004
node_cons: 10692.186505604857
tot_aggregated_send: 6786
tot_msg_rcv: 358
tot_msg_sent: 816
tot_reconf_duration: 5.1
tot_sleeping_duration: 514052.3245999963
tot_uptimes: 134
tot_uptimes_duration: 7980.030400003641
