comms_cons: 101.80779521502203
finished_reconf: true
global_termination_time: 518640.475
local_termination_time: 240574.05936000004
node_cons: 10609.021899999998
tot_aggregated_send: 0
tot_msg_rcv: 7818
tot_msg_sent: 7658
tot_reconf_duration: 3.05
tot_sleeping_duration: 510720.475
tot_uptimes: 133
tot_uptimes_duration: 7920.0
