comms_cons: 98.60904959515358
finished_reconf: true
global_termination_time: 965887.816
local_termination_time: 4660.217000000001
node_cons: 19850.837865597987
tot_aggregated_send: 12987
tot_msg_rcv: 718
tot_msg_sent: 1283
tot_reconf_duration: 5.02
tot_sleeping_duration: 951067.7856000015
tot_uptimes: 248
tot_uptimes_duration: 14820.030399998475
