comms_cons: 98.65510399091038
finished_reconf: true
global_termination_time: 963968.104
local_termination_time: 6905.656999999999
node_cons: 19773.336051186743
tot_aggregated_send: 12810
tot_msg_rcv: 783
tot_msg_sent: 1402
tot_reconf_duration: 7.08
tot_sleeping_duration: 949208.04320001
tot_uptimes: 247
tot_uptimes_duration: 14760.060799990082
