comms_cons: 321.08155523373415
finished_reconf: true
global_termination_time: 3181712.4957199995
local_termination_time: 3181712.4545999994
node_cons: 65468.825671502294
tot_aggregated_send: 44286
tot_msg_rcv: 1591
tot_msg_sent: 2926
tot_reconf_duration: 37.410000000000004
tot_sleeping_duration: 3132856.6160400114
tot_uptimes: 815
tot_uptimes_duration: 48855.87967998801
