comms_cons: 318.9279488188968
finished_reconf: true
global_termination_time: 3181712.843239997
local_termination_time: 37209.040680000144
node_cons: 65440.622311646264
tot_aggregated_send: 44544
tot_msg_rcv: 1275
tot_msg_sent: 2654
tot_reconf_duration: 18.21
tot_sleeping_duration: 3132858.554120021
tot_uptimes: 815
tot_uptimes_duration: 48854.289119975816
