comms_cons: 81.1688447956012
finished_reconf: true
global_termination_time: 795027.666
local_termination_time: 254791.5129200003
node_cons: 16315.970223350529
tot_aggregated_send: 10382
tot_msg_rcv: 618
tot_msg_sent: 1339
tot_reconf_duration: 5.1
tot_sleeping_duration: 782847.6477600071
tot_uptimes: 204
tot_uptimes_duration: 12180.018239992904
