comms_cons: 81.16821759707956
finished_reconf: true
global_termination_time: 800028.739
local_termination_time: 391118.39636
node_cons: 16409.91194447653
tot_aggregated_send: 10614
tot_msg_rcv: 567
tot_msg_sent: 1156
tot_reconf_duration: 15.110000000000001
tot_sleeping_duration: 787788.7146800025
tot_uptimes: 205
tot_uptimes_duration: 12240.024319997407
