comms_cons: 79.78595839944869
finished_reconf: true
global_termination_time: 794571.541
local_termination_time: 277671.83036
node_cons: 16395.337902238225
tot_aggregated_send: 11252
tot_msg_rcv: 295
tot_msg_sent: 580
tot_reconf_duration: 4.390000000000001
tot_sleeping_duration: 782331.5288400013
tot_uptimes: 204
tot_uptimes_duration: 12240.012159998703
