comms_cons: 52.15331840053616
finished_reconf: true
global_termination_time: 525855.3744799999
local_termination_time: 525855.3333599999
node_cons: 10834.713078719815
tot_aggregated_send: 7514
tot_msg_rcv: 174
tot_msg_sent: 238
tot_reconf_duration: 37.410000000000004
tot_sleeping_duration: 517801.67000000004
tot_uptimes: 135
tot_uptimes_duration: 8053.70447999984
