comms_cons: 51.55386880078478
finished_reconf: true
global_termination_time: 525998.678
local_termination_time: 305546.08204000077
node_cons: 10772.485799999988
tot_aggregated_send: 7192
tot_msg_rcv: 224
tot_msg_sent: 419
tot_reconf_duration: 5.1
tot_sleeping_duration: 517958.67799999996
tot_uptimes: 135
tot_uptimes_duration: 8040.000000000004
