comms_cons: 50.87037440045046
finished_reconf: true
global_termination_time: 526698.808
local_termination_time: 375116.2287600004
node_cons: 10790.954599999952
tot_aggregated_send: 7192
tot_msg_rcv: 206
tot_msg_sent: 334
tot_reconf_duration: 18.700000000000003
tot_sleeping_duration: 518658.80799999996
tot_uptimes: 135
tot_uptimes_duration: 8040.0
