comms_cons: 52.40332800135754
finished_reconf: true
global_termination_time: 526306.454
local_termination_time: 304710.2093600001
node_cons: 10769.710041121507
tot_aggregated_send: 7018
tot_msg_rcv: 307
tot_msg_sent: 640
tot_reconf_duration: 3.05
tot_sleeping_duration: 518266.44791999896
tot_uptimes: 135
tot_uptimes_duration: 8040.006080001069
