comms_cons: 26.11942400012041
finished_reconf: true
global_termination_time: 268661.828
local_termination_time: 182044.49220000065
node_cons: 5470.0458000000135
tot_aggregated_send: 3886
tot_msg_rcv: 30
tot_msg_sent: 54
tot_reconf_duration: 5.1
tot_sleeping_duration: 264581.828
tot_uptimes: 69
tot_uptimes_duration: 4080.0
