comms_cons: 111.2467199929083
finished_reconf: true
global_termination_time: 1106022.682
local_termination_time: 173980.8568400001
node_cons: 22742.77640335513
tot_aggregated_send: 15370
tot_msg_rcv: 495
tot_msg_sent: 1043
tot_reconf_duration: 4.8100000000000005
tot_sleeping_duration: 1089042.6637600036
tot_uptimes: 284
tot_uptimes_duration: 16980.018239996338
