comms_cons: 173.839942386732
finished_reconf: true
global_termination_time: 1746019.975
local_termination_time: 617361.4299599997
node_cons: 35918.55268558415
tot_aggregated_send: 23838
tot_msg_rcv: 894
tot_msg_sent: 1691
tot_reconf_duration: 4.8100000000000005
tot_sleeping_duration: 1719199.944600012
tot_uptimes: 448
tot_uptimes_duration: 26820.030399988173
