comms_cons: 17.954636800087442
finished_reconf: true
global_termination_time: 184470.788
local_termination_time: 182668.81392000074
node_cons: 3782.5119799999993
tot_aggregated_send: 2668
tot_msg_rcv: 16
tot_msg_sent: 45
tot_reconf_duration: 4.8100000000000005
tot_sleeping_duration: 181650.788
tot_uptimes: 48
tot_uptimes_duration: 2820.0
