comms_cons: 17.644441599932208
finished_reconf: true
global_termination_time: 182606.1416000002
local_termination_time: 163582.724600001
node_cons: 3724.0855184002585
tot_aggregated_send: 2610
tot_msg_rcv: 13
tot_msg_sent: 58
tot_reconf_duration: 4.8100000000000005
tot_sleeping_duration: 179829.776
tot_uptimes: 47
tot_uptimes_duration: 2776.365600000194
