comms_cons: 183.89521918678977
finished_reconf: true
global_termination_time: 1842065.107
local_termination_time: 1527686.20236
node_cons: 37855.51526223357
tot_aggregated_send: 25346
tot_msg_rcv: 854
tot_msg_sent: 1751
tot_reconf_duration: 11.31
tot_sleeping_duration: 1813805.0948400048
tot_uptimes: 472
tot_uptimes_duration: 28260.01215999527
