comms_cons: 95.50429439825648
finished_reconf: true
global_termination_time: 967332.503
local_termination_time: 220867.56336000003
node_cons: 19848.170781121444
tot_aggregated_send: 13804
tot_msg_rcv: 192
tot_msg_sent: 520
tot_reconf_duration: 3.08
tot_sleeping_duration: 952512.496919999
tot_uptimes: 248
tot_uptimes_duration: 14820.006080001069
