comms_cons: 94.9713792003193
finished_reconf: true
global_termination_time: 968074.777
local_termination_time: 195554.41836000004
node_cons: 19850.52012112146
tot_aggregated_send: 14094
tot_msg_rcv: 113
tot_msg_sent: 228
tot_reconf_duration: 4.8100000000000005
tot_sleeping_duration: 953254.770919999
tot_uptimes: 248
tot_uptimes_duration: 14820.006080001069
