comms_cons: 95.18786559716547
finished_reconf: true
global_termination_time: 970982.628
local_termination_time: 277981.52236000006
node_cons: 19934.93956000004
tot_aggregated_send: 13862
tot_msg_rcv: 147
tot_msg_sent: 459
tot_reconf_duration: 7.819999999999999
tot_sleeping_duration: 956102.628
tot_uptimes: 249
tot_uptimes_duration: 14880.0
