comms_cons: 437.3767360423728
finished_reconf: true
global_termination_time: 4368544.377999999
local_termination_time: 4368544.377999999
node_cons: 89952.74478517799
tot_aggregated_send: 61280
tot_msg_rcv: 1591
tot_msg_sent: 3605
tot_reconf_duration: 37.410000000000004
tot_sleeping_duration: 4301403.271200012
tot_uptimes: 1119
tot_uptimes_duration: 67141.10679998557
