comms_cons: 90.51068159698049
finished_reconf: true
global_termination_time: 879713.555
local_termination_time: 215237.32036000004
node_cons: 18107.283123359713
tot_aggregated_send: 11948
tot_msg_rcv: 724
tot_msg_sent: 1086
tot_reconf_duration: 22.65
tot_sleeping_duration: 866213.5367600003
tot_uptimes: 226
tot_uptimes_duration: 13500.018239999772
