comms_cons: 0.6842367999996346
finished_reconf: true
global_termination_time: 5647.22
local_termination_time: 896.7353599999999
node_cons: 105.73460000000006
tot_aggregated_send: 0
tot_msg_rcv: 63
tot_msg_sent: 41
tot_reconf_duration: 18.700000000000003
tot_sleeping_duration: 5587.22
tot_uptimes: 2
tot_uptimes_duration: 60.0
