comms_cons: 356.2849920339332
finished_reconf: true
global_termination_time: 3558975.997119995
local_termination_time: 17780.5766
node_cons: 73253.05182526076
tot_aggregated_send: 49764
tot_msg_rcv: 1441
tot_msg_sent: 2947
tot_reconf_duration: 22.65
tot_sleeping_duration: 3504291.6856000083
tot_uptimes: 912
tot_uptimes_duration: 54684.31151998689
