comms_cons: 346.8554239937822
finished_reconf: true
global_termination_time: 3560535.149
local_termination_time: 1947427.61536
node_cons: 73205.09897999838
tot_aggregated_send: 51678
tot_msg_rcv: 397
tot_msg_sent: 645
tot_reconf_duration: 11.31
tot_sleeping_duration: 3505875.149
tot_uptimes: 912
tot_uptimes_duration: 54660.0
