comms_cons: 129.95893759572084
finished_reconf: true
global_termination_time: 1313286.398
local_termination_time: 720505.4983599999
node_cons: 27025.014982238336
tot_aggregated_send: 18270
tot_msg_rcv: 453
tot_msg_sent: 1030
tot_reconf_duration: 22.65
tot_sleeping_duration: 1293126.3858400015
tot_uptimes: 337
tot_uptimes_duration: 20160.012159998703
