comms_cons: 70.39461119928585
finished_reconf: true
global_termination_time: 711326.62
local_termination_time: 362510.4233600001
node_cons: 14629.286504481135
tot_aggregated_send: 9744
tot_msg_rcv: 296
tot_msg_sent: 659
tot_reconf_duration: 5.43
tot_sleeping_duration: 700406.5956799992
tot_uptimes: 183
tot_uptimes_duration: 10920.02432000084
