comms_cons: 392.6822528401374
finished_reconf: true
global_termination_time: 3901471.97748
local_termination_time: 3901471.9363599997
node_cons: 80328.9433366007
tot_aggregated_send: 54378
tot_msg_rcv: 1743
tot_msg_sent: 3564
tot_reconf_duration: 37.410000000000004
tot_sleeping_duration: 3841518.175720027
tot_uptimes: 1000
tot_uptimes_duration: 59953.801759972375
