comms_cons: 381.27662720176227
finished_reconf: true
global_termination_time: 3903554.622
local_termination_time: 2313932.2636
node_cons: 80263.86706334891
tot_aggregated_send: 54810
tot_msg_rcv: 1091
tot_msg_sent: 2052
tot_reconf_duration: 3.08
tot_sleeping_duration: 3843614.603760007
tot_uptimes: 1000
tot_uptimes_duration: 59940.01823999314
