comms_cons: 147.9302527808332
finished_reconf: true
global_termination_time: 1436498.635
local_termination_time: 64501.545
node_cons: 29491.36896782247
tot_aggregated_send: 19018
tot_msg_rcv: 1190
tot_msg_sent: 2277
tot_reconf_duration: 4.8100000000000005
tot_sleeping_duration: 1414478.592440013
tot_uptimes: 368
tot_uptimes_duration: 22020.042559986876
