comms_cons: 147.49482238725864
finished_reconf: true
global_termination_time: 1435244.449
local_termination_time: 67692.20247999996
node_cons: 29490.79860782707
tot_aggregated_send: 19256
tot_msg_rcv: 1124
tot_msg_sent: 2038
tot_reconf_duration: 4.390000000000001
tot_sleeping_duration: 1413224.4064400096
tot_uptimes: 368
tot_uptimes_duration: 22020.04255999031
