comms_cons: 12.291199999802755
finished_reconf: true
global_termination_time: 127288.749
local_termination_time: 98376.81247999996
node_cons: 2577.4201211191485
tot_aggregated_send: 1334
tot_msg_rcv: 242
tot_msg_sent: 292
tot_reconf_duration: 4.8100000000000005
tot_sleeping_duration: 125368.74292000063
tot_uptimes: 33
tot_uptimes_duration: 1920.0060799993662
