comms_cons: 404.3391488183655
finished_reconf: true
global_termination_time: 4066832.425
local_termination_time: 2774829.52936
node_cons: 83640.88208223227
tot_aggregated_send: 56724
tot_msg_rcv: 1665
tot_msg_sent: 3069
tot_reconf_duration: 5.1
tot_sleeping_duration: 4004372.412840004
tot_uptimes: 1042
tot_uptimes_duration: 62460.012159995735
