comms_cons: 406.79003525452896
finished_reconf: true
global_termination_time: 4063073.233
local_termination_time: 266184.78336000006
node_cons: 83584.41568782063
tot_aggregated_send: 56492
tot_msg_rcv: 1749
tot_msg_sent: 3588
tot_reconf_duration: 22.65
tot_sleeping_duration: 4000673.190440013
tot_uptimes: 1041
tot_uptimes_duration: 62400.04255998711
