comms_cons: 191.42159362338643
finished_reconf: true
global_termination_time: 393973.9796000001
local_termination_time: 393973.93848000007
node_cons: 24205.531486125878
tot_aggregated_send: 0
tot_msg_rcv: 11654
tot_msg_sent: 17439
tot_reconf_duration: 24.59
tot_sleeping_duration: 375921.5985199957
tot_uptimes: 299
tot_uptimes_duration: 18052.381080004354
