comms_cons: 40.534451200622286
finished_reconf: true
global_termination_time: 397733.729
local_termination_time: 307805.9873600001
node_cons: 8121.904060000018
tot_aggregated_send: 5452
tot_msg_rcv: 308
tot_msg_sent: 401
tot_reconf_duration: 5.57
tot_sleeping_duration: 391673.729
tot_uptimes: 102
tot_uptimes_duration: 6060.0
