comms_cons: 39.323878400919284
finished_reconf: true
global_termination_time: 395585.312
local_termination_time: 307781.33560000005
node_cons: 8121.27394112141
tot_aggregated_send: 5220
tot_msg_rcv: 348
tot_msg_sent: 409
tot_reconf_duration: 5.1
tot_sleeping_duration: 389525.3059199989
tot_uptimes: 102
tot_uptimes_duration: 6060.006080001069
