comms_cons: 41.87848960080112
finished_reconf: true
global_termination_time: 393974.6221200003
local_termination_time: 179983.54736000003
node_cons: 8089.327913042415
tot_aggregated_send: 4756
tot_msg_rcv: 586
tot_msg_sent: 1025
tot_reconf_duration: 7.819999999999999
tot_sleeping_duration: 387941.2327599985
tot_uptimes: 101
tot_uptimes_duration: 6033.38936000182
