comms_cons: 29.547187200382684
finished_reconf: true
global_termination_time: 296252.008
local_termination_time: 49695.92936000001
node_cons: 6034.036381121436
tot_aggregated_send: 4060
tot_msg_rcv: 145
tot_msg_sent: 286
tot_reconf_duration: 6.279999999999999
tot_sleeping_duration: 291752.0019199989
tot_uptimes: 76
tot_uptimes_duration: 4500.006080001069
