comms_cons: 29.718873600280137
finished_reconf: true
global_termination_time: 294948.545
local_termination_time: 75275.88535999996
node_cons: 6033.10476560487
tot_aggregated_send: 3886
tot_msg_rcv: 167
tot_msg_sent: 464
tot_reconf_duration: 5.57
tot_sleeping_duration: 290448.5145999963
tot_uptimes: 76
tot_uptimes_duration: 4500.030400003641
