comms_cons: 29.906201600210654
finished_reconf: true
global_termination_time: 294702.9985200005
local_termination_time: 225077.56036000006
node_cons: 6073.197714402083
tot_aggregated_send: 3944
tot_msg_rcv: 176
tot_msg_sent: 424
tot_reconf_duration: 4.390000000000001
tot_sleeping_duration: 290171.82891999895
tot_uptimes: 76
tot_uptimes_duration: 4531.169600001536
