comms_cons: 708.0260602917086
finished_reconf: true
global_termination_time: 1519791.36
local_termination_time: 915223.5876799995
node_cons: 92075.63569369294
tot_aggregated_send: 0
tot_msg_rcv: 43498
tot_msg_sent: 64119
tot_reconf_duration: 6.22
tot_sleeping_duration: 1451033.1905200186
tot_uptimes: 1127
tot_uptimes_duration: 68758.16947998146
