comms_cons: 92.32664319634226
finished_reconf: true
global_termination_time: 905305.45
local_termination_time: 102990.83815999953
node_cons: 18567.15907775562
tot_aggregated_send: 11774
tot_msg_rcv: 795
tot_msg_sent: 1463
tot_reconf_duration: 6.279999999999999
tot_sleeping_duration: 891445.3821600032
tot_uptimes: 232
tot_uptimes_duration: 13860.067839996715
