comms_cons: 90.74815999216347
finished_reconf: true
global_termination_time: 905331.891
local_termination_time: 411318.2536000001
node_cons: 18569.56692558882
tot_aggregated_send: 11948
tot_msg_rcv: 673
tot_msg_sent: 1172
tot_reconf_duration: 8.09
tot_sleeping_duration: 891471.8606000084
tot_uptimes: 232
tot_uptimes_duration: 13860.030399991607
