comms_cons: 91.73975679474054
finished_reconf: true
global_termination_time: 902768.35
local_termination_time: 347863.34500000044
node_cons: 18565.08012111686
tot_aggregated_send: 12238
tot_msg_rcv: 548
tot_msg_sent: 1158
tot_reconf_duration: 4.8100000000000005
tot_sleeping_duration: 888908.3439200023
tot_uptimes: 232
tot_uptimes_duration: 13860.006079997635
