comms_cons: 91.22060799747545
finished_reconf: true
global_termination_time: 902574.7
local_termination_time: 385966.9636
node_cons: 18564.501619999966
tot_aggregated_send: 12644
tot_msg_rcv: 469
tot_msg_sent: 752
tot_reconf_duration: 4.390000000000001
tot_sleeping_duration: 888714.7
tot_uptimes: 232
tot_uptimes_duration: 13860.0
