comms_cons: 94.22538879576798
finished_reconf: true
global_termination_time: 902539.3251200003
local_termination_time: 133321.16336000006
node_cons: 18613.12077312376
tot_aggregated_send: 11716
tot_msg_rcv: 979
tot_msg_sent: 1627
tot_reconf_duration: 6.22
tot_sleeping_duration: 888644.8710399976
tot_uptimes: 232
tot_uptimes_duration: 13894.45408000279
