comms_cons: 92.11563519363052
finished_reconf: true
global_termination_time: 906031.779
local_termination_time: 180340.98272000012
node_cons: 18654.320391191337
tot_aggregated_send: 11716
tot_msg_rcv: 716
tot_msg_sent: 1569
tot_reconf_duration: 11.31
tot_sleeping_duration: 892111.7182000064
tot_uptimes: 233
tot_uptimes_duration: 13920.060799993516
