comms_cons: 275.25731201356155
finished_reconf: true
global_termination_time: 565869.8253199985
local_termination_time: 338901.18280000024
node_cons: 34701.23982772093
tot_aggregated_send: 0
tot_msg_rcv: 16797
tot_msg_sent: 25040
tot_reconf_duration: 4.390000000000001
tot_sleeping_duration: 539958.4898399977
tot_uptimes: 428
tot_uptimes_duration: 25911.33548000076
