comms_cons: 56.351475200907714
finished_reconf: true
global_termination_time: 565869.5922400001
local_termination_time: 198141.60148000007
node_cons: 11614.206102724447
tot_aggregated_send: 7656
tot_msg_rcv: 270
tot_msg_sent: 638
tot_reconf_duration: 11.31
tot_sleeping_duration: 557207.2717599969
tot_uptimes: 145
tot_uptimes_duration: 8662.320480003313
