comms_cons: 66.11438079905304
finished_reconf: true
global_termination_time: 657603.672
local_termination_time: 514837.8654800005
node_cons: 13515.013001116851
tot_aggregated_send: 9048
tot_msg_rcv: 316
tot_msg_sent: 685
tot_reconf_duration: 13.17
tot_sleeping_duration: 647523.6659200024
tot_uptimes: 169
tot_uptimes_duration: 10080.006079997649
