comms_cons: 69.12107519651593
finished_reconf: true
global_termination_time: 660114.542
local_termination_time: 466019.37636000005
node_cons: 13585.923042238242
tot_aggregated_send: 8700
tot_msg_rcv: 705
tot_msg_sent: 1101
tot_reconf_duration: 6.22
tot_sleeping_duration: 649974.5298400014
tot_uptimes: 170
tot_uptimes_duration: 10140.012159998703
