comms_cons: 68.86475519896155
finished_reconf: true
global_termination_time: 659166.36
local_termination_time: 88726.98547999997
node_cons: 13512.535967843174
tot_aggregated_send: 8410
tot_msg_rcv: 723
tot_msg_sent: 1334
tot_reconf_duration: 11.31
tot_sleeping_duration: 649086.3174399976
tot_uptimes: 169
tot_uptimes_duration: 10080.042560002345
