comms_cons: 67.98350079767847
finished_reconf: true
global_termination_time: 682335.498
local_termination_time: 5525.387
node_cons: 13989.445464476545
tot_aggregated_send: 9272
tot_msg_rcv: 377
tot_msg_sent: 684
tot_reconf_duration: 7.55
tot_sleeping_duration: 671895.4736800026
tot_uptimes: 175
tot_uptimes_duration: 10440.024319997407
