comms_cons: 259.9441920138389
finished_reconf: true
global_termination_time: 2587479.59048
local_termination_time: 2587479.5493599996
node_cons: 53236.90492989882
tot_aggregated_send: 36178
tot_msg_rcv: 1109
tot_msg_sent: 2222
tot_reconf_duration: 24.59
tot_sleeping_duration: 2547745.825200015
tot_uptimes: 663
tot_uptimes_duration: 39733.76527998502
