comms_cons: 260.53756799460183
finished_reconf: true
global_termination_time: 2587479.5562399896
local_termination_time: 9727.889160000002
node_cons: 53274.91253829345
tot_aggregated_send: 35844
tot_msg_rcv: 1299
tot_msg_sent: 2455
tot_reconf_duration: 18.21
tot_sleeping_duration: 2547710.9353600084
tot_uptimes: 663
tot_uptimes_duration: 39768.620879980794
