comms_cons: 256.55815038450874
finished_reconf: true
global_termination_time: 2591601.383
local_termination_time: 1984821.96048
node_cons: 53286.276143350085
tot_aggregated_send: 35380
tot_msg_rcv: 1299
tot_msg_sent: 2315
tot_reconf_duration: 15.34
tot_sleeping_duration: 2551821.364760007
tot_uptimes: 664
tot_uptimes_duration: 39780.01823999314
