comms_cons: 303.668172576936
finished_reconf: true
global_termination_time: 1543843.820999999
local_termination_time: 2657.6693600000003
node_cons: 31807.747463115673
tot_aggregated_send: 0
tot_msg_rcv: 23229
tot_msg_sent: 22927
tot_reconf_duration: 18.21
tot_sleeping_duration: 1520107.4369200023
tot_uptimes: 396
tot_uptimes_duration: 23736.38407999673
