comms_cons: 155.79669758857406
finished_reconf: true
global_termination_time: 1549096.384
local_termination_time: 1217787.8190399983
node_cons: 31830.007121116963
tot_aggregated_send: 21460
tot_msg_rcv: 714
tot_msg_sent: 1506
tot_reconf_duration: 11.31
tot_sleeping_duration: 1525336.3779200024
tot_uptimes: 397
tot_uptimes_duration: 23760.006079997635
