comms_cons: 159.48789759798868
finished_reconf: true
global_termination_time: 1619363.666
local_termination_time: 463606.0256800007
node_cons: 33276.11898000003
tot_aggregated_send: 23374
tot_msg_rcv: 238
tot_msg_sent: 629
tot_reconf_duration: 11.31
tot_sleeping_duration: 1594523.666
tot_uptimes: 415
tot_uptimes_duration: 24840.0
