comms_cons: 160.69100799064316
finished_reconf: true
global_termination_time: 1616307.8375999997
local_termination_time: 1616307.7964799998
node_cons: 33233.5872506369
tot_aggregated_send: 22954
tot_msg_rcv: 475
tot_msg_sent: 995
tot_reconf_duration: 24.59
tot_sleeping_duration: 1591513.069840002
tot_uptimes: 414
tot_uptimes_duration: 24794.767759997652
