comms_cons: 56.94360320512557
finished_reconf: true
global_termination_time: 294591.84624000016
local_termination_time: 42299.87036000001
node_cons: 6052.436090481644
tot_aggregated_send: 0
tot_msg_rcv: 4416
tot_msg_sent: 4239
tot_reconf_duration: 4.8100000000000005
tot_sleeping_duration: 290076.60791999893
tot_uptimes: 76
tot_uptimes_duration: 4515.238320001226
