comms_cons: 56.60148480527098
finished_reconf: true
global_termination_time: 296210.356
local_termination_time: 40722.03436000001
node_cons: 6029.650041121441
tot_aggregated_send: 0
tot_msg_rcv: 4348
tot_msg_sent: 4256
tot_reconf_duration: 3.05
tot_sleeping_duration: 291710.34991999896
tot_uptimes: 76
tot_uptimes_duration: 4500.006080001069
