comms_cons: 57.54195200077845
finished_reconf: true
global_termination_time: 579262.571
local_termination_time: 1953.5134800000003
node_cons: 11905.695262242878
tot_aggregated_send: 8062
tot_msg_rcv: 168
tot_msg_sent: 516
tot_reconf_duration: 11.31
tot_sleeping_duration: 570382.5588399979
tot_uptimes: 149
tot_uptimes_duration: 8880.012160002138
