comms_cons: 114.94278400334063
finished_reconf: true
global_termination_time: 575998.6735999999
local_termination_time: 3116.9313600000005
node_cons: 11851.413574007029
tot_aggregated_send: 0
tot_msg_rcv: 8938
tot_msg_sent: 8529
tot_reconf_duration: 15.34
tot_sleeping_duration: 567163.2875999947
tot_uptimes: 148
tot_uptimes_duration: 8835.386000005237
