comms_cons: 59.25788159933311
finished_reconf: true
global_termination_time: 601592.951
local_termination_time: 1796.3895200000038
node_cons: 12378.321620000017
tot_aggregated_send: 8642
tot_msg_rcv: 77
tot_msg_sent: 287
tot_reconf_duration: 4.390000000000001
tot_sleeping_duration: 592352.951
tot_uptimes: 155
tot_uptimes_duration: 9240.0
