comms_cons: 1.3822591999980725
finished_reconf: true
global_termination_time: 9101.883
local_termination_time: 1946.1959200000033
node_cons: 204.93528800001067
tot_aggregated_send: 0
tot_msg_rcv: 110
tot_msg_sent: 100
tot_reconf_duration: 25.299999999999997
tot_sleeping_duration: 8974.49099999999
tot_uptimes: 3
tot_uptimes_duration: 127.39200000000801
