comms_cons: 41.61406720079428
finished_reconf: true
global_termination_time: 415346.026
local_termination_time: 44742.128000000004
node_cons: 8522.026043362031
tot_aggregated_send: 5621
tot_msg_rcv: 179
tot_msg_sent: 525
tot_reconf_duration: 4.390000000000001
tot_sleeping_duration: 408986.0077599985
tot_uptimes: 107
tot_uptimes_duration: 6360.018240001504
