comms_cons: 42.3766272009228
finished_reconf: true
global_termination_time: 415596.358
local_termination_time: 634.8483599999998
node_cons: 8526.683983364312
tot_aggregated_send: 5510
tot_msg_rcv: 297
tot_msg_sent: 634
tot_reconf_duration: 7.819999999999999
tot_sleeping_duration: 409236.33975999674
tot_uptimes: 107
tot_uptimes_duration: 6360.018240003214
