comms_cons: 120.9444096147603
finished_reconf: true
global_termination_time: 411893.4426000002
local_termination_time: 2988.9814800000017
node_cons: 16959.60078240028
tot_aggregated_send: 0
tot_msg_rcv: 6156
tot_msg_sent: 12224
tot_reconf_duration: 5.57
tot_sleeping_duration: 399233.221
tot_uptimes: 211
tot_uptimes_duration: 12660.221600000194
