comms_cons: 40.462080000070685
finished_reconf: true
global_termination_time: 412989.627
local_termination_time: 119723.59935999996
node_cons: 8444.146760000012
tot_aggregated_send: 5974
tot_msg_rcv: 65
tot_msg_sent: 111
tot_reconf_duration: 6.22
tot_sleeping_duration: 406689.627
tot_uptimes: 106
tot_uptimes_duration: 6300.0
