comms_cons: 530.4573695744084
finished_reconf: true
global_termination_time: 903131.731
local_termination_time: 318812.2614800001
node_cons: 90245.15934566014
tot_aggregated_send: 0
tot_msg_rcv: 36475
tot_msg_sent: 44151
tot_reconf_duration: 15.34
tot_sleeping_duration: 835749.8582399834
tot_uptimes: 1088
tot_uptimes_duration: 67381.87276001665
