comms_cons: 121.23742719414878
finished_reconf: true
global_termination_time: 903434.053
local_termination_time: 319225.31136000005
node_cons: 18565.913940000017
tot_aggregated_send: 0
tot_msg_rcv: 9318
tot_msg_sent: 9112
tot_reconf_duration: 5.43
tot_sleeping_duration: 889574.053
tot_uptimes: 232
tot_uptimes_duration: 13860.0
