comms_cons: 308.4993152040547
finished_reconf: true
global_termination_time: 3083597.63
local_termination_time: 2015800.00636
node_cons: 63489.46428446679
tot_aggregated_send: 43152
tot_msg_rcv: 1242
tot_msg_sent: 2496
tot_reconf_duration: 15.34
tot_sleeping_duration: 3036197.605680009
tot_uptimes: 790
tot_uptimes_duration: 47400.024319991004
