comms_cons: 308.4401344138828
finished_reconf: true
global_termination_time: 3083780.364
local_termination_time: 790681.09136
node_cons: 63398.91212446678
tot_aggregated_send: 43326
tot_msg_rcv: 1234
tot_msg_sent: 2321
tot_reconf_duration: 7.819999999999999
tot_sleeping_duration: 3036440.339680009
tot_uptimes: 790
tot_uptimes_duration: 47340.024319991004
