comms_cons: 304.2727551913574
finished_reconf: true
global_termination_time: 3084142.372
local_termination_time: 2113618.41236
node_cons: 63403.63526223246
tot_aggregated_send: 42746
tot_msg_rcv: 1125
tot_msg_sent: 2376
tot_reconf_duration: 11.31
tot_sleeping_duration: 3036802.3598400047
tot_uptimes: 790
tot_uptimes_duration: 47340.01215999527
