comms_cons: 304.4524799892419
finished_reconf: true
global_termination_time: 3086256.36
local_termination_time: 2357271.3386399993
node_cons: 63475.990222232605
tot_aggregated_send: 43268
tot_msg_rcv: 976
tot_msg_sent: 2031
tot_reconf_duration: 5.43
tot_sleeping_duration: 3038856.3478400046
tot_uptimes: 791
tot_uptimes_duration: 47400.01215999527
