comms_cons: 35.23882240052431
finished_reconf: true
global_termination_time: 358862.59312000015
local_termination_time: 217852.94848000008
node_cons: 7337.821030801635
tot_aggregated_send: 4872
tot_msg_rcv: 134
tot_msg_sent: 350
tot_reconf_duration: 4.8100000000000005
tot_sleeping_duration: 353387.39591999893
tot_uptimes: 92
tot_uptimes_duration: 5475.197200001217
