comms_cons: 36.17244160034778
finished_reconf: true
global_termination_time: 362650.051
local_termination_time: 46185.94760000002
node_cons: 7395.421900000012
tot_aggregated_send: 5162
tot_msg_rcv: 164
tot_msg_sent: 172
tot_reconf_duration: 3.05
tot_sleeping_duration: 357130.051
tot_uptimes: 93
tot_uptimes_duration: 5520.0
