comms_cons: 210.6468735824683
finished_reconf: true
global_termination_time: 2086443.947
local_termination_time: 495252.854
node_cons: 42908.140826700605
tot_aggregated_send: 28704
tot_msg_rcv: 1043
tot_msg_sent: 2270
tot_reconf_duration: 4.8100000000000005
tot_sleeping_duration: 2054403.9105200141
tot_uptimes: 535
tot_uptimes_duration: 32040.036479985807
