comms_cons: 209.39745278635422
finished_reconf: true
global_termination_time: 2087462.849
local_termination_time: 901399.2913599999
node_cons: 42907.54604335013
tot_aggregated_send: 29174
tot_msg_rcv: 854
tot_msg_sent: 1801
tot_reconf_duration: 4.390000000000001
tot_sleeping_duration: 2055422.830760007
tot_uptimes: 535
tot_uptimes_duration: 32040.018239992904
