comms_cons: 176.2837119925753
finished_reconf: true
global_termination_time: 1776123.01
local_termination_time: 572355.0793599999
node_cons: 36485.354361116675
tot_aggregated_send: 25462
tot_msg_rcv: 469
tot_msg_sent: 863
tot_reconf_duration: 8.09
tot_sleeping_duration: 1748883.0039200024
tot_uptimes: 455
tot_uptimes_duration: 27240.006079997635
