comms_cons: 177.33763838937278
finished_reconf: true
global_termination_time: 1779291.35
local_termination_time: 616314.00036
node_cons: 36561.27268558872
tot_aggregated_send: 24244
tot_msg_rcv: 909
tot_msg_sent: 1803
tot_reconf_duration: 4.8100000000000005
tot_sleeping_duration: 1751991.3196000084
tot_uptimes: 456
tot_uptimes_duration: 27300.030399991607
