comms_cons: 175.82254079674598
finished_reconf: true
global_termination_time: 1777424.236
local_termination_time: 1363761.35336
node_cons: 36569.570100000135
tot_aggregated_send: 25520
tot_msg_rcv: 438
tot_msg_sent: 766
tot_reconf_duration: 10.95
tot_sleeping_duration: 1750124.236
tot_uptimes: 456
tot_uptimes_duration: 27300.0
