comms_cons: 140.25745279925945
finished_reconf: true
global_termination_time: 1427635.478
local_termination_time: 1355502.8273599998
node_cons: 29348.829179999993
tot_aggregated_send: 20822
tot_msg_rcv: 198
tot_msg_sent: 297
tot_reconf_duration: 18.21
tot_sleeping_duration: 1405735.478
tot_uptimes: 366
tot_uptimes_duration: 21900.0
