comms_cons: 12.559692800006236
finished_reconf: true
global_termination_time: 124629.225
local_termination_time: 25871.00632
node_cons: 2499.003042240579
tot_aggregated_send: 1566
tot_msg_rcv: 114
tot_msg_sent: 229
tot_reconf_duration: 6.22
tot_sleeping_duration: 122769.21283999957
tot_uptimes: 32
tot_uptimes_duration: 1860.012160000435
