comms_cons: 228.62082560083374
finished_reconf: true
global_termination_time: 2298125.263
local_termination_time: 1397215.0153599998
node_cons: 47257.80485999932
tot_aggregated_send: 32944
tot_msg_rcv: 656
tot_msg_sent: 1148
tot_reconf_duration: 13.17
tot_sleeping_duration: 2262845.263
tot_uptimes: 589
tot_uptimes_duration: 35280.0
