comms_cons: 232.0352255903933
finished_reconf: true
global_termination_time: 2294871.109
local_termination_time: 466768.129
node_cons: 47165.864728461915
tot_aggregated_send: 31550
tot_msg_rcv: 1271
tot_msg_sent: 2447
tot_reconf_duration: 3.05
tot_sleeping_duration: 2259649.5086800135
tot_uptimes: 588
tot_uptimes_duration: 35221.60031998687
