comms_cons: 231.96579838977163
finished_reconf: true
global_termination_time: 2294058.2685999973
local_termination_time: 13818.51648
node_cons: 47239.28135510138
tot_aggregated_send: 31784
tot_msg_rcv: 1218
tot_msg_sent: 2255
tot_reconf_duration: 7.819999999999999
tot_sleeping_duration: 2258786.6765200105
tot_uptimes: 588
tot_uptimes_duration: 35271.59207998653
