comms_cons: 1108.4143675539983
finished_reconf: true
global_termination_time: 2294057.6585999997
local_termination_time: 2294057.6174799995
node_cons: 139067.53907680875
tot_aggregated_send: 0
tot_msg_rcv: 68159
tot_msg_sent: 100313
tot_reconf_duration: 24.59
tot_sleeping_duration: 2190223.3450400196
tot_uptimes: 1700
tot_uptimes_duration: 103834.31355998009
