comms_cons: 384.77135363845605
finished_reconf: true
global_termination_time: 3815951.523
local_termination_time: 1634893.85936
node_cons: 78503.20692558298
tot_aggregated_send: 52374
tot_msg_rcv: 2046
tot_msg_sent: 4063
tot_reconf_duration: 8.09
tot_sleeping_duration: 3757331.4926000116
tot_uptimes: 978
tot_uptimes_duration: 58620.03039998864
