comms_cons: 384.98619525399374
finished_reconf: true
global_termination_time: 3818416.443
local_termination_time: 841344.6776399992
node_cons: 78505.02120669944
tot_aggregated_send: 52780
tot_msg_rcv: 1848
tot_msg_sent: 3887
tot_reconf_duration: 9.42
tot_sleeping_duration: 3759796.4065200137
tot_uptimes: 978
tot_uptimes_duration: 58620.03647998604
