comms_cons: 377.7686208233987
finished_reconf: true
global_termination_time: 3817214.273
local_termination_time: 1022326.7433599998
node_cons: 78507.57968558278
tot_aggregated_send: 52896
tot_msg_rcv: 1622
tot_msg_sent: 2900
tot_reconf_duration: 11.31
tot_sleeping_duration: 3758594.2426000116
tot_uptimes: 978
tot_uptimes_duration: 58620.03039998864
