comms_cons: 3067.965403545868
finished_reconf: true
global_termination_time: 8742964.045
local_termination_time: 3773080.4234800003
node_cons: 529105.144342483
tot_aggregated_send: 0
tot_msg_rcv: 188920
tot_msg_sent: 277396
tot_reconf_duration: 5.57
tot_sleeping_duration: 8347820.221040019
tot_uptimes: 6470
tot_uptimes_duration: 395143.82395998115
