comms_cons: 848.1350209099085
finished_reconf: true
global_termination_time: 8745060.884
local_termination_time: 5007016.98636
node_cons: 179896.13824110982
tot_aggregated_send: 121510
tot_msg_rcv: 2540
tot_msg_sent: 4861
tot_reconf_duration: 10.95
tot_sleeping_duration: 8610720.877920002
tot_uptimes: 2240
tot_uptimes_duration: 134340.00607999694
