comms_cons: 865.7466626248288
finished_reconf: true
global_termination_time: 8742783.743
local_termination_time: 1580668.9965999997
node_cons: 179896.6922500471
tot_aggregated_send: 120582
tot_msg_rcv: 3517
tot_msg_sent: 7489
tot_reconf_duration: 11.31
tot_sleeping_duration: 8608443.68828002
tot_uptimes: 2239
tot_uptimes_duration: 134340.0547199801
