comms_cons: 42.8832256005304
finished_reconf: true
global_termination_time: 435045.88952000096
local_termination_time: 251785.56832000066
node_cons: 8942.282261281303
tot_aggregated_send: 6148
tot_msg_rcv: 97
tot_msg_sent: 272
tot_reconf_duration: 3.05
tot_sleeping_duration: 428370.654
tot_uptimes: 112
tot_uptimes_duration: 6675.235520000977
