comms_cons: 66.04200960712126
finished_reconf: true
global_termination_time: 317946.8386000001
local_termination_time: 317946.79748000007
node_cons: 6559.3711428858505
tot_aggregated_send: 0
tot_msg_rcv: 5328
tot_msg_sent: 4708
tot_reconf_duration: 24.59
tot_sleeping_duration: 313073.0686799957
tot_uptimes: 82
tot_uptimes_duration: 4873.769920004357
