comms_cons: 166.65834238839787
finished_reconf: true
global_termination_time: 1659260.0741599994
local_termination_time: 1659260.0330399994
node_cons: 34135.65666094696
tot_aggregated_send: 23128
tot_msg_rcv: 725
tot_msg_sent: 1478
tot_reconf_duration: 24.59
tot_sleeping_duration: 1633791.6175200092
tot_uptimes: 425
tot_uptimes_duration: 25468.456639990254
