comms_cons: 162.4667647926181
finished_reconf: true
global_termination_time: 1659795.894
local_termination_time: 1259748.0153599996
node_cons: 34148.65004111657
tot_aggregated_send: 23548
tot_msg_rcv: 438
tot_msg_sent: 708
tot_reconf_duration: 3.05
tot_sleeping_duration: 1634295.8879200025
tot_uptimes: 426
tot_uptimes_duration: 25500.006079997635
