comms_cons: 165.1319679866564
finished_reconf: true
global_termination_time: 1659260.77424
local_termination_time: 103044.24707999991
node_cons: 34099.931231593735
tot_aggregated_send: 23084
tot_msg_rcv: 673
tot_msg_sent: 1341
tot_reconf_duration: 11.31
tot_sleeping_duration: 1633805.5298400046
tot_uptimes: 425
tot_uptimes_duration: 25455.24439999531
