comms_cons: 151.14298879356343
finished_reconf: true
global_termination_time: 1516335.7487999995
local_termination_time: 1516335.7076799995
node_cons: 31237.8419219129
tot_aggregated_send: 21504
tot_msg_rcv: 456
tot_msg_sent: 1012
tot_reconf_duration: 24.59
tot_sleeping_duration: 1493031.4555200047
tot_uptimes: 389
tot_uptimes_duration: 23304.29327999465
