comms_cons: 149.23599359732745
finished_reconf: true
global_termination_time: 1518402.761
local_termination_time: 998150.3849199993
node_cons: 31187.278979999966
tot_aggregated_send: 22098
tot_msg_rcv: 189
tot_msg_sent: 396
tot_reconf_duration: 11.31
tot_sleeping_duration: 1495122.761
tot_uptimes: 389
tot_uptimes_duration: 23280.0
