comms_cons: 52.304640004365794
finished_reconf: true
global_termination_time: 266080.001
local_termination_time: 803.3480399999994
node_cons: 5471.566760000005
tot_aggregated_send: 0
tot_msg_rcv: 4006
tot_msg_sent: 3944
tot_reconf_duration: 6.22
tot_sleeping_duration: 262000.001
tot_uptimes: 69
tot_uptimes_duration: 4080.0
