comms_cons: 76.14233599586672
finished_reconf: true
global_termination_time: 736013.499999999
local_termination_time: 736013.458879999
node_cons: 15185.28509096412
tot_aggregated_send: 9672
tot_msg_rcv: 642
tot_msg_sent: 1259
tot_reconf_duration: 24.59
tot_sleeping_duration: 724697.6733599959
tot_uptimes: 189
tot_uptimes_duration: 11315.826640003053
