comms_cons: 72.42446080016741
finished_reconf: true
global_termination_time: 737034.907
local_termination_time: 468901.25036000006
node_cons: 15114.53956000003
tot_aggregated_send: 10440
tot_msg_rcv: 221
tot_msg_sent: 347
tot_reconf_duration: 7.819999999999999
tot_sleeping_duration: 725754.907
tot_uptimes: 189
tot_uptimes_duration: 11280.0
