comms_cons: 240.00382719771645
finished_reconf: true
global_termination_time: 2397741.278
local_termination_time: 164477.234
node_cons: 49338.599738471225
tot_aggregated_send: 32941
tot_msg_rcv: 1097
tot_msg_sent: 2442
tot_reconf_duration: 4.8100000000000005
tot_sleeping_duration: 2360898.807680006
tot_uptimes: 615
tot_uptimes_duration: 36842.47031999394
