comms_cons: 240.02300159023383
finished_reconf: true
global_termination_time: 2394816.361
local_termination_time: 389513.28976000036
node_cons: 49254.40604334978
tot_aggregated_send: 32770
tot_msg_rcv: 1271
tot_msg_sent: 2442
tot_reconf_duration: 4.390000000000001
tot_sleeping_duration: 2358036.342760007
tot_uptimes: 614
tot_uptimes_duration: 36780.0182399929
