comms_cons: 329.58652799105994
finished_reconf: true
global_termination_time: 3392485.427
local_termination_time: 2084074.4853999983
node_cons: 69743.68894558359
tot_aggregated_send: 46574
tot_msg_rcv: 1024
tot_msg_sent: 2497
tot_reconf_duration: 6.279999999999999
tot_sleeping_duration: 3340405.3966000113
tot_uptimes: 869
tot_uptimes_duration: 52080.03039998887
