comms_cons: 342.7133568521836
finished_reconf: true
global_termination_time: 3391343.243
local_termination_time: 16186.366
node_cons: 69784.31415909104
tot_aggregated_send: 46804
tot_msg_rcv: 1737
tot_msg_sent: 3550
tot_reconf_duration: 22.65
tot_sleeping_duration: 3339249.4749200204
tot_uptimes: 869
tot_uptimes_duration: 52093.76807997952
