comms_cons: 336.4154880056569
finished_reconf: true
global_termination_time: 3391210.0041199964
local_termination_time: 166809.89599999998
node_cons: 69781.12667037011
tot_aggregated_send: 47556
tot_msg_rcv: 1186
tot_msg_sent: 2392
tot_reconf_duration: 10.95
tot_sleeping_duration: 3339106.750520018
tot_uptimes: 869
tot_uptimes_duration: 52103.25359997884
