comms_cons: 344.75768323966867
finished_reconf: true
global_termination_time: 3391465.721
local_termination_time: 253259.87484000012
node_cons: 69741.74153228915
tot_aggregated_send: 46400
tot_msg_rcv: 2046
tot_msg_sent: 3956
tot_reconf_duration: 4.8100000000000005
tot_sleeping_duration: 3339385.654120022
tot_uptimes: 869
tot_uptimes_duration: 52080.06687997811
