comms_cons: 342.9236032316422
finished_reconf: true
global_termination_time: 3396814.009
local_termination_time: 370370.76736
node_cons: 69821.50303116797
tot_aggregated_send: 46748
tot_msg_rcv: 1886
tot_msg_sent: 3489
tot_reconf_duration: 4.390000000000001
tot_sleeping_duration: 3344673.948200023
tot_uptimes: 870
tot_uptimes_duration: 52140.06079997728
