comms_cons: 336.7938816190709
finished_reconf: true
global_termination_time: 3392238.176
local_termination_time: 1772571.88636
node_cons: 69743.61560670036
tot_aggregated_send: 47154
tot_msg_rcv: 1361
tot_msg_sent: 2674
tot_reconf_duration: 6.22
tot_sleeping_duration: 3340158.1395200132
tot_uptimes: 869
tot_uptimes_duration: 52080.036479986506
