comms_cons: 11.616678400066732
finished_reconf: true
global_termination_time: 100461.863
local_termination_time: 1170.79112
node_cons: 2016.4144033591679
tot_aggregated_send: 406
tot_msg_rcv: 576
tot_msg_sent: 786
tot_reconf_duration: 5.8100000000000005
tot_sleeping_duration: 98961.84476000062
tot_uptimes: 26
tot_uptimes_duration: 1500.0182399993791
