comms_cons: 54.015859199738614
finished_reconf: true
global_termination_time: 534282.5674799999
local_termination_time: 534282.5263599999
node_cons: 10977.999800962676
tot_aggregated_send: 7410
tot_msg_rcv: 324
tot_msg_sent: 474
tot_reconf_duration: 24.59
tot_sleeping_duration: 526108.8508399979
tot_uptimes: 137
tot_uptimes_duration: 8173.716640001978
