comms_cons: 29.98799359994951
finished_reconf: true
global_termination_time: 299006.772
local_termination_time: 122794.54571999967
node_cons: 6136.60684111917
tot_aggregated_send: 4002
tot_msg_rcv: 170
tot_msg_sent: 386
tot_reconf_duration: 22.65
tot_sleeping_duration: 294446.7659200007
tot_uptimes: 77
tot_uptimes_duration: 4560.006079999366
