comms_cons: 460.1161725913752
finished_reconf: true
global_termination_time: 947668.5853599979
local_termination_time: 947668.5853599979
node_cons: 57897.75488522367
tot_aggregated_send: 0
tot_msg_rcv: 28172
tot_msg_sent: 41758
tot_reconf_duration: 24.59
tot_sleeping_duration: 904453.9762000095
tot_uptimes: 711
tot_uptimes_duration: 43214.60915998854
