comms_cons: 94.51020799535111
finished_reconf: true
global_termination_time: 948298.545
local_termination_time: 562815.94936
node_cons: 19476.63740000009
tot_aggregated_send: 13398
tot_msg_rcv: 353
tot_msg_sent: 614
tot_reconf_duration: 25.299999999999997
tot_sleeping_duration: 933778.545
tot_uptimes: 243
tot_uptimes_duration: 14520.0
