comms_cons: 96.07804159643341
finished_reconf: true
global_termination_time: 947668.85336
local_termination_time: 5103.929560000003
node_cons: 19469.287432395115
tot_aggregated_send: 12876
tot_msg_rcv: 560
tot_msg_sent: 1167
tot_reconf_duration: 4.8100000000000005
tot_sleeping_duration: 933133.5617600037
tot_uptimes: 243
tot_uptimes_duration: 14535.29159999633
