comms_cons: 705.5155649703551
finished_reconf: true
global_termination_time: 7082292.687
local_termination_time: 3000890.83736
node_cons: 145677.3412722829
tot_aggregated_send: 97846
tot_msg_rcv: 3295
tot_msg_sent: 6092
tot_reconf_duration: 15.34
tot_sleeping_duration: 6973512.620120024
tot_uptimes: 1814
tot_uptimes_duration: 108780.06687997608
