comms_cons: 702.7380929346369
finished_reconf: true
global_termination_time: 7086093.267
local_termination_time: 3547641.6981999986
node_cons: 145754.67742446362
tot_aggregated_send: 97962
tot_msg_rcv: 3168
tot_msg_sent: 5682
tot_reconf_duration: 13.17
tot_sleeping_duration: 6977253.2426800085
tot_uptimes: 1815
tot_uptimes_duration: 108840.02431999147
