comms_cons: 699.2066561033429
finished_reconf: true
global_termination_time: 7086056.351
local_termination_time: 4179096.98336
node_cons: 145753.92782222928
tot_aggregated_send: 99818
tot_msg_rcv: 2064
tot_msg_sent: 4393
tot_reconf_duration: 12.629999999999999
tot_sleeping_duration: 6977216.338840004
tot_uptimes: 1815
tot_uptimes_duration: 108840.01215999573
