comms_cons: 693.6192192943739
finished_reconf: true
global_termination_time: 7087017.302
local_termination_time: 4794458.59436
node_cons: 145751.6300999954
tot_aggregated_send: 98890
tot_msg_rcv: 2212
tot_msg_sent: 4323
tot_reconf_duration: 10.95
tot_sleeping_duration: 6978177.302
tot_uptimes: 1815
tot_uptimes_duration: 108840.0
