comms_cons: 708.8024705786104
finished_reconf: true
global_termination_time: 7087125.808
local_termination_time: 725098.11836
node_cons: 145741.01587563366
tot_aggregated_send: 97382
tot_msg_rcv: 3432
tot_msg_sent: 6919
tot_reconf_duration: 3.05
tot_sleeping_duration: 6978285.722880032
tot_uptimes: 1815
tot_uptimes_duration: 108840.08511996898
