comms_cons: 16.53603839970683
finished_reconf: true
global_termination_time: 147670.893
local_termination_time: 5692.545
node_cons: 2982.865464481166
tot_aggregated_send: 1210
tot_msg_rcv: 601
tot_msg_sent: 705
tot_reconf_duration: 7.55
tot_sleeping_duration: 145450.86867999914
tot_uptimes: 38
tot_uptimes_duration: 2220.02432000087
