comms_cons: 400.2897856392407
finished_reconf: true
global_termination_time: 3956768.305
local_termination_time: 642627.548119999
node_cons: 81390.42232558275
tot_aggregated_send: 54636
tot_msg_rcv: 2080
tot_msg_sent: 4123
tot_reconf_duration: 4.390000000000001
tot_sleeping_duration: 3895988.2746000118
tot_uptimes: 1014
tot_uptimes_duration: 60780.03039998864
