comms_cons: 35.41016319993049
finished_reconf: true
global_termination_time: 156585.76864000084
local_termination_time: 156585.72752000083
node_cons: 3321.84739055888
tot_aggregated_send: 0
tot_msg_rcv: 2992
tot_msg_sent: 2388
tot_reconf_duration: 24.59
tot_sleeping_duration: 154129.8656000017
tot_uptimes: 41
tot_uptimes_duration: 2455.9030399991534
