comms_cons: 15.90850560005764
finished_reconf: true
global_termination_time: 156746.958
local_termination_time: 16872.251360000002
node_cons: 3220.5258000000044
tot_aggregated_send: 2204
tot_msg_rcv: 102
tot_msg_sent: 112
tot_reconf_duration: 5.1
tot_sleeping_duration: 154346.958
tot_uptimes: 41
tot_uptimes_duration: 2400.0
