comms_cons: 113.49783040376896
finished_reconf: true
global_termination_time: 566367.253
local_termination_time: 887.7444799999992
node_cons: 11656.258364483458
tot_aggregated_send: 0
tot_msg_rcv: 8822
tot_msg_sent: 8427
tot_reconf_duration: 5.1
tot_sleeping_duration: 557667.2286799975
tot_uptimes: 146
tot_uptimes_duration: 8700.024320002572
