comms_cons: 57.62909439984927
finished_reconf: true
global_termination_time: 569568.235
local_termination_time: 253129.15248000008
node_cons: 11683.681823364332
tot_aggregated_send: 7772
tot_msg_rcv: 368
tot_msg_sent: 620
tot_reconf_duration: 25.299999999999997
tot_sleeping_duration: 560868.2167599967
tot_uptimes: 146
tot_uptimes_duration: 8700.018240003206
