comms_cons: 57.88570240017596
finished_reconf: true
global_termination_time: 567144.457
local_termination_time: 294835.96736
node_cons: 11655.31046672394
tot_aggregated_send: 7598
tot_msg_rcv: 385
tot_msg_sent: 815
tot_reconf_duration: 4.390000000000001
tot_sleeping_duration: 558444.4205199971
tot_uptimes: 146
tot_uptimes_duration: 8700.036480002978
