comms_cons: 57.733107200309696
finished_reconf: true
global_termination_time: 568084.647
local_termination_time: 282496.5011600004
node_cons: 11653.450041116912
tot_aggregated_send: 7830
tot_msg_rcv: 365
tot_msg_sent: 581
tot_reconf_duration: 3.05
tot_sleeping_duration: 559384.6409200024
tot_uptimes: 146
tot_uptimes_duration: 8700.006079997635
