comms_cons: 59.26043520000401
finished_reconf: true
global_termination_time: 569270.492
local_termination_time: 16516.66448
node_cons: 11656.71464560717
tot_aggregated_send: 7192
tot_msg_rcv: 592
tot_msg_sent: 1224
tot_reconf_duration: 5.43
tot_sleeping_duration: 560570.4615999946
tot_uptimes: 146
tot_uptimes_duration: 8700.030400005344
