comms_cons: 0.9474048000021122
finished_reconf: true
global_termination_time: 6165.617
local_termination_time: 1399.8603600000001
node_cons: 95.69897999999992
tot_aggregated_send: 0
tot_msg_rcv: 94
tot_msg_sent: 50
tot_reconf_duration: 11.31
tot_sleeping_duration: 6105.617
tot_uptimes: 2
tot_uptimes_duration: 60.0
