comms_cons: 88.6152448004064
finished_reconf: true
global_termination_time: 905237.367
local_termination_time: 373926.36436
node_cons: 18567.068239999986
tot_aggregated_send: 13166
tot_msg_rcv: 132
tot_msg_sent: 171
tot_reconf_duration: 6.279999999999999
tot_sleeping_duration: 891377.367
tot_uptimes: 232
tot_uptimes_duration: 13860.0
