comms_cons: 90.17451519671539
finished_reconf: true
global_termination_time: 907750.91
local_termination_time: 185753.70628000083
node_cons: 18651.25138000005
tot_aggregated_send: 12934
tot_msg_rcv: 258
tot_msg_sent: 514
tot_reconf_duration: 9.11
tot_sleeping_duration: 893830.91
tot_uptimes: 233
tot_uptimes_duration: 13920.0
