comms_cons: 67.16047359996449
finished_reconf: true
global_termination_time: 675855.774
local_termination_time: 6472.26
node_cons: 13903.955942242881
tot_aggregated_send: 9739
tot_msg_rcv: 177
tot_msg_sent: 292
tot_reconf_duration: 3.77
tot_sleeping_duration: 665475.7618399978
tot_uptimes: 174
tot_uptimes_duration: 10380.012160002138
