comms_cons: 40.995622400849406
finished_reconf: true
global_termination_time: 404992.9704800002
local_termination_time: 162188.15936000005
node_cons: 8302.644882084525
tot_aggregated_send: 5452
tot_msg_rcv: 252
tot_msg_sent: 526
tot_reconf_duration: 6.22
tot_sleeping_duration: 398798.6477599968
tot_uptimes: 104
tot_uptimes_duration: 6194.3227200033725
