comms_cons: 66.21306879863593
finished_reconf: true
global_termination_time: 664461.606
local_termination_time: 409015.0256000006
node_cons: 13665.364060000027
tot_aggregated_send: 9570
tot_msg_rcv: 209
tot_msg_sent: 285
tot_reconf_duration: 5.57
tot_sleeping_duration: 654261.606
tot_uptimes: 171
tot_uptimes_duration: 10200.0
