comms_cons: 76.83189759952305
finished_reconf: true
global_termination_time: 783871.331
local_termination_time: 423441.6625200008
node_cons: 16074.531980000022
tot_aggregated_send: 11426
tot_msg_rcv: 82
tot_msg_sent: 170
tot_reconf_duration: 4.8100000000000005
tot_sleeping_duration: 771871.331
tot_uptimes: 201
tot_uptimes_duration: 12000.0
