comms_cons: 77.62140160017685
finished_reconf: true
global_termination_time: 779014.421
local_termination_time: 126805.42475999976
node_cons: 15998.287701121464
tot_aggregated_send: 11136
tot_msg_rcv: 262
tot_msg_sent: 400
tot_reconf_duration: 7.819999999999999
tot_sleeping_duration: 767074.414919999
tot_uptimes: 200
tot_uptimes_duration: 11940.006080001069
