comms_cons: 126.96728319124477
finished_reconf: true
global_termination_time: 1244748.174
local_termination_time: 41948.96696000003
node_cons: 25572.91430895769
tot_aggregated_send: 16936
tot_msg_rcv: 861
tot_msg_sent: 1503
tot_reconf_duration: 18.21
tot_sleeping_duration: 1225668.1253600018
tot_uptimes: 319
tot_uptimes_duration: 19080.048639998247
