comms_cons: 127.65026558896002
finished_reconf: true
global_termination_time: 1247542.794
local_termination_time: 254902.98536000005
node_cons: 25637.061510060725
tot_aggregated_send: 16240
tot_msg_rcv: 1119
tot_msg_sent: 2045
tot_reconf_duration: 6.279999999999999
tot_sleeping_duration: 1228402.7392800145
tot_uptimes: 320
tot_uptimes_duration: 19140.05471998558
