comms_cons: 124.54404479350228
finished_reconf: true
global_termination_time: 1248767.975
local_termination_time: 333961.72868000023
node_cons: 25646.369283350512
tot_aggregated_send: 17168
tot_msg_rcv: 540
tot_msg_sent: 1221
tot_reconf_duration: 13.17
tot_sleeping_duration: 1229627.9567600072
tot_uptimes: 320
tot_uptimes_duration: 19140.018239992904
