comms_cons: 126.41337599043578
finished_reconf: true
global_termination_time: 1244885.913
local_termination_time: 575080.9004799998
node_cons: 25554.12232558422
tot_aggregated_send: 16994
tot_msg_rcv: 769
tot_msg_sent: 1451
tot_reconf_duration: 4.390000000000001
tot_sleeping_duration: 1225805.8826000118
tot_uptimes: 319
tot_uptimes_duration: 19080.030399988173
