comms_cons: 29.428416000685
finished_reconf: true
global_termination_time: 284228.99
local_termination_time: 67091.39747999996
node_cons: 5790.466043362018
tot_aggregated_send: 3596
tot_msg_rcv: 296
tot_msg_sent: 580
tot_reconf_duration: 4.390000000000001
tot_sleeping_duration: 279908.97175999853
tot_uptimes: 73
tot_uptimes_duration: 4320.018240001504
