comms_cons: 264.1425216283282
finished_reconf: true
global_termination_time: 2807793.158
local_termination_time: 4620.521000000001
node_cons: 57854.86548223326
tot_aggregated_send: 39142
tot_msg_rcv: 324
tot_msg_sent: 682
tot_reconf_duration: 7.3999999999999995
tot_sleeping_duration: 2764593.145840004
tot_uptimes: 720
tot_uptimes_duration: 43200.012159995735
