comms_cons: 262.4969216304881
finished_reconf: true
global_termination_time: 2811099.559
local_termination_time: 4472.474
node_cons: 57856.921501116114
tot_aggregated_send: 38851
tot_msg_rcv: 348
tot_msg_sent: 699
tot_reconf_duration: 8.92
tot_sleeping_duration: 2767899.552920002
tot_uptimes: 720
tot_uptimes_duration: 43200.00607999787
