comms_cons: 264.1483008072568
finished_reconf: true
global_termination_time: 2808363.565
local_termination_time: 4026.0170000000003
node_cons: 57854.69981999896
tot_aggregated_send: 39896
tot_msg_rcv: 97
tot_msg_sent: 156
tot_reconf_duration: 7.29
tot_sleeping_duration: 2765163.565
tot_uptimes: 720
tot_uptimes_duration: 43200.0
