comms_cons: 69.15397119927582
finished_reconf: true
global_termination_time: 664246.362
local_termination_time: 466186.78360000014
node_cons: 13661.958182238344
tot_aggregated_send: 8758
tot_msg_rcv: 651
tot_msg_sent: 1102
tot_reconf_duration: 3.05
tot_sleeping_duration: 654046.3498400012
tot_uptimes: 171
tot_uptimes_duration: 10200.012159998703
