comms_cons: 439.0792061348202
finished_reconf: true
global_termination_time: 2420169.814
local_termination_time: 852789.0956799994
node_cons: 49761.3082522845
tot_aggregated_send: 0
tot_msg_rcv: 34017
tot_msg_sent: 32724
tot_reconf_duration: 22.65
tot_sleeping_duration: 2383029.747120026
tot_uptimes: 620
tot_uptimes_duration: 37140.06687997398
