comms_cons: 241.2498175927792
finished_reconf: true
global_termination_time: 2419763.981
local_termination_time: 1474697.3293599996
node_cons: 49737.38579999912
tot_aggregated_send: 34104
tot_msg_rcv: 826
tot_msg_sent: 1738
tot_reconf_duration: 5.1
tot_sleeping_duration: 2382623.981
tot_uptimes: 620
tot_uptimes_duration: 37140.0
