comms_cons: 240.04211199444342
finished_reconf: true
global_termination_time: 2419667.779
local_termination_time: 1252535.6743199995
node_cons: 49750.97937999914
tot_aggregated_send: 34684
tot_msg_rcv: 597
tot_msg_sent: 1204
tot_reconf_duration: 15.110000000000001
tot_sleeping_duration: 2382527.779
tot_uptimes: 620
tot_uptimes_duration: 37140.0
