comms_cons: 242.7533696091752
finished_reconf: true
global_termination_time: 2423965.146
local_termination_time: 1532843.718119998
node_cons: 49834.334233676964
tot_aggregated_send: 34220
tot_msg_rcv: 943
tot_msg_sent: 1735
tot_reconf_duration: 11.899999999999999
tot_sleeping_duration: 2386759.6388800023
tot_uptimes: 621
tot_uptimes_duration: 37205.5071199981
