comms_cons: 1013.1217858393998
finished_reconf: true
global_termination_time: 10293897.303
local_termination_time: 4318064.006839999
node_cons: 211788.66022669562
tot_aggregated_send: 143376
tot_msg_rcv: 3498
tot_msg_sent: 7114
tot_reconf_duration: 9.11
tot_sleeping_duration: 10135737.26652001
tot_uptimes: 2637
tot_uptimes_duration: 158160.03647998723
