comms_cons: 1017.0698946934314
finished_reconf: true
global_termination_time: 10296163.544
local_termination_time: 6817240.536839999
node_cons: 211796.80822669432
tot_aggregated_send: 141926
tot_msg_rcv: 4333
tot_msg_sent: 8326
tot_reconf_duration: 15.110000000000001
tot_sleeping_duration: 10138003.507520013
tot_uptimes: 2637
tot_uptimes_duration: 158160.0364799872
