comms_cons: 1013.8977602252999
finished_reconf: true
global_termination_time: 10294906.675
local_termination_time: 7267474.95436
node_cons: 211791.12638222682
tot_aggregated_send: 143086
tot_msg_rcv: 3873
tot_msg_sent: 7147
tot_reconf_duration: 10.95
tot_sleeping_duration: 10136746.662840005
tot_uptimes: 2637
tot_uptimes_duration: 158160.01215999573
