comms_cons: 1040.7011779571433
finished_reconf: true
global_termination_time: 10295315.131
local_termination_time: 746450.5747599992
node_cons: 211786.94097116348
tot_aggregated_send: 141868
tot_msg_rcv: 5803
tot_msg_sent: 10506
tot_reconf_duration: 7.819999999999999
tot_sleeping_duration: 10137155.07020002
tot_uptimes: 2637
tot_uptimes_duration: 158160.06079997844
