comms_cons: 157.47973120011045
finished_reconf: true
global_termination_time: 1599122.437
local_termination_time: 1213911.9189199982
node_cons: 32876.94485999995
tot_aggregated_send: 23258
tot_msg_rcv: 224
tot_msg_sent: 453
tot_reconf_duration: 13.17
tot_sleeping_duration: 1574582.437
tot_uptimes: 410
tot_uptimes_duration: 24540.0
