comms_cons: 1884.4602846026141
finished_reconf: true
global_termination_time: 3887880.466239998
local_termination_time: 3887880.425119998
node_cons: 236951.38572288194
tot_aggregated_send: 0
tot_msg_rcv: 115489
tot_msg_sent: 170938
tot_reconf_duration: 37.410000000000004
tot_sleeping_duration: 3710956.95396002
tot_uptimes: 2901
tot_uptimes_duration: 176923.51227997802
