comms_cons: 387.24345603003803
finished_reconf: true
global_termination_time: 3889723.84
local_termination_time: 1782836.94248
node_cons: 80027.200804466
tot_aggregated_send: 53766
tot_msg_rcv: 1840
tot_msg_sent: 3253
tot_reconf_duration: 6.279999999999999
tot_sleeping_duration: 3829963.815680009
tot_uptimes: 997
tot_uptimes_duration: 59760.024319991004
