comms_cons: 389.4059840356445
finished_reconf: true
global_termination_time: 3888263.612
local_termination_time: 647605.7575199992
node_cons: 79963.76342457552
tot_aggregated_send: 53998
tot_msg_rcv: 1761
tot_msg_sent: 3428
tot_reconf_duration: 18.700000000000003
tot_sleeping_duration: 3828563.5606000167
tot_uptimes: 996
tot_uptimes_duration: 59700.05139998323
