comms_cons: 392.4895936386003
finished_reconf: true
global_termination_time: 3888418.866
local_termination_time: 161990.85736000005
node_cons: 79944.9133911725
tot_aggregated_send: 53824
tot_msg_rcv: 1936
tot_msg_sent: 3896
tot_reconf_duration: 4.8100000000000005
tot_sleeping_duration: 3828718.805200019
tot_uptimes: 996
tot_uptimes_duration: 59700.06079998094
