comms_cons: 3396.627830592782
finished_reconf: true
global_termination_time: 7993920.248
local_termination_time: 2259207.1129999985
node_cons: 484864.980686464
tot_aggregated_send: 0
tot_msg_rcv: 208770
tot_msg_sent: 307500
tot_reconf_duration: 5.57
tot_sleeping_duration: 7631816.128040024
tot_uptimes: 5936
tot_uptimes_duration: 362104.1199599751
