comms_cons: 789.3116545605077
finished_reconf: true
global_termination_time: 7994011.95
local_termination_time: 3263405.491239999
node_cons: 164467.0232078141
tot_aggregated_send: 111186
tot_msg_rcv: 2922
tot_msg_sent: 5861
tot_reconf_duration: 8.09
tot_sleeping_duration: 7871191.907440015
tot_uptimes: 2048
tot_uptimes_duration: 122820.04255998504
