comms_cons: 789.4295233206792
finished_reconf: true
global_termination_time: 7994539.45
local_termination_time: 3302157.0043599997
node_cons: 164468.400226697
tot_aggregated_send: 112172
tot_msg_rcv: 2718
tot_msg_sent: 5098
tot_reconf_duration: 9.11
tot_sleeping_duration: 7871719.413520013
tot_uptimes: 2048
tot_uptimes_duration: 122820.0364799872
