comms_cons: 803.9926658311035
finished_reconf: true
global_termination_time: 7994253.078
local_termination_time: 888524.9649599997
node_cons: 164462.00674893026
tot_aggregated_send: 110780
tot_msg_rcv: 3871
tot_msg_sent: 7551
tot_reconf_duration: 4.390000000000001
tot_sleeping_duration: 7871433.029360018
tot_uptimes: 2048
tot_uptimes_duration: 122820.04863998201
