comms_cons: 85.51376639745763
finished_reconf: true
global_termination_time: 854654.834
local_termination_time: 4754.278
node_cons: 17530.05204223715
tot_aggregated_send: 11878
tot_msg_rcv: 366
tot_msg_sent: 753
tot_reconf_duration: 11.719999999999999
tot_sleeping_duration: 841574.8218400022
tot_uptimes: 219
tot_uptimes_duration: 13080.012159997852
