comms_cons: 87.56915199674766
finished_reconf: true
global_termination_time: 856982.742
local_termination_time: 4917.504
node_cons: 17603.32223231395
tot_aggregated_send: 11132
tot_msg_rcv: 618
tot_msg_sent: 1560
tot_reconf_duration: 6.46
tot_sleeping_duration: 843842.6751200045
tot_uptimes: 220
tot_uptimes_duration: 13140.066879995466
