comms_cons: 47.72517119968027
finished_reconf: true
global_termination_time: 494996.458
local_termination_time: 253972.75836000004
node_cons: 10153.598700000006
tot_aggregated_send: 6844
tot_msg_rcv: 135
tot_msg_sent: 274
tot_reconf_duration: 22.65
tot_sleeping_duration: 487436.458
tot_uptimes: 127
tot_uptimes_duration: 7560.0
