comms_cons: 397.1025406668709
finished_reconf: true
global_termination_time: 823640.0437999994
local_termination_time: 823640.0026799995
node_cons: 49837.65188363678
tot_aggregated_send: 0
tot_msg_rcv: 24421
tot_msg_sent: 35935
tot_reconf_duration: 24.59
tot_sleeping_duration: 786444.9290400014
tot_uptimes: 611
tot_uptimes_duration: 37195.114759998076
