comms_cons: 80.68072959843184
finished_reconf: true
global_termination_time: 825621.052
local_termination_time: 270916.47836
node_cons: 16960.21932448111
tot_aggregated_send: 10846
tot_msg_rcv: 474
tot_msg_sent: 943
tot_reconf_duration: 6.22
tot_sleeping_duration: 812961.0276799991
tot_uptimes: 212
tot_uptimes_duration: 12660.02432000084
