comms_cons: 28.324083200155027
finished_reconf: true
global_termination_time: 280554.114
local_termination_time: 207702.41936000006
node_cons: 5738.513682240611
tot_aggregated_send: 3770
tot_msg_rcv: 208
tot_msg_sent: 328
tot_reconf_duration: 25.299999999999997
tot_sleeping_duration: 276294.10183999955
tot_uptimes: 72
tot_uptimes_duration: 4260.012160000435
