comms_cons: 28.40898560063588
finished_reconf: true
global_termination_time: 279226.309
local_termination_time: 232429.51576000042
node_cons: 5716.940501121414
tot_aggregated_send: 3712
tot_msg_rcv: 207
tot_msg_sent: 399
tot_reconf_duration: 9.42
tot_sleeping_duration: 274966.30291999894
tot_uptimes: 72
tot_uptimes_duration: 4260.006080001069
