comms_cons: 207.75763197374386
finished_reconf: true
global_termination_time: 2046814.962
local_termination_time: 1429794.27736
node_cons: 42105.78104781756
tot_aggregated_send: 26912
tot_msg_rcv: 1643
tot_msg_sent: 3023
tot_reconf_duration: 5.57
tot_sleeping_duration: 2015374.9194400166
tot_uptimes: 525
tot_uptimes_duration: 31440.04255998344
