comms_cons: 204.18691839379238
finished_reconf: true
global_termination_time: 2049694.958
local_termination_time: 864390.4413599998
node_cons: 42109.15436111643
tot_aggregated_send: 29406
tot_msg_rcv: 650
tot_msg_sent: 979
tot_reconf_duration: 8.09
tot_sleeping_duration: 2018254.9519200025
tot_uptimes: 525
tot_uptimes_duration: 31440.006079997635
