comms_cons: 207.1228799809386
finished_reconf: true
global_termination_time: 2046389.6161200004
local_termination_time: 77251.77035999997
node_cons: 42155.67333419888
tot_aggregated_send: 27782
tot_msg_rcv: 1187
tot_msg_sent: 2513
tot_reconf_duration: 4.390000000000001
tot_sleeping_duration: 2014911.1159600308
tot_uptimes: 525
tot_uptimes_duration: 31478.500159969553
