comms_cons: 269.8849151892418
finished_reconf: true
global_termination_time: 2747497.868
local_termination_time: 583704.8933599999
node_cons: 56486.608483349446
tot_aggregated_send: 38164
tot_msg_rcv: 995
tot_msg_sent: 1861
tot_reconf_duration: 5.57
tot_sleeping_duration: 2705317.849760007
tot_uptimes: 704
tot_uptimes_duration: 42180.0182399929
