comms_cons: 278.18205441512373
finished_reconf: true
global_termination_time: 2746675.933
local_termination_time: 412778.1157200005
node_cons: 56485.022325583435
tot_aggregated_send: 38048
tot_msg_rcv: 1505
tot_msg_sent: 2729
tot_reconf_duration: 4.390000000000001
tot_sleeping_duration: 2704495.902600012
tot_uptimes: 704
tot_uptimes_duration: 42180.030399988405
