comms_cons: 276.0105216031444
finished_reconf: true
global_termination_time: 2748722.54
local_termination_time: 8700.23348
node_cons: 56489.72911229887
tot_aggregated_send: 38454
tot_msg_rcv: 1168
tot_msg_sent: 2326
tot_reconf_duration: 7.819999999999999
tot_sleeping_duration: 2706542.473120015
tot_uptimes: 704
tot_uptimes_duration: 42180.06687998495
