comms_cons: 78.23784319904608
finished_reconf: true
global_termination_time: 770627.6754799999
local_termination_time: 770627.6343599999
node_cons: 15878.76422432584
tot_aggregated_send: 10484
tot_msg_rcv: 459
tot_msg_sent: 947
tot_reconf_duration: 24.59
tot_sleeping_duration: 758793.9405999954
tot_uptimes: 198
tot_uptimes_duration: 11833.734880004333
