comms_cons: 78.33360639716796
finished_reconf: true
global_termination_time: 775601.955
local_termination_time: 6885.196760000002
node_cons: 15941.701823355119
tot_aggregated_send: 10556
tot_msg_rcv: 437
tot_msg_sent: 912
tot_reconf_duration: 25.299999999999997
tot_sleeping_duration: 763721.9367600036
tot_uptimes: 199
tot_uptimes_duration: 11880.018239996338
