comms_cons: 150.31687036059026
finished_reconf: true
global_termination_time: 772624.254
local_termination_time: 162582.92236000006
node_cons: 15831.13004111684
tot_aggregated_send: 0
tot_msg_rcv: 11532
tot_msg_sent: 11314
tot_reconf_duration: 3.05
tot_sleeping_duration: 760804.2479200023
tot_uptimes: 198
tot_uptimes_duration: 11820.006079997635
