comms_cons: 165.37939841846247
finished_reconf: true
global_termination_time: 340464.07976000087
local_termination_time: 340464.03864000086
node_cons: 20818.655673799214
tot_aggregated_send: 0
tot_msg_rcv: 10136
tot_msg_sent: 15002
tot_reconf_duration: 24.59
tot_sleeping_duration: 324941.10556000145
tot_uptimes: 257
tot_uptimes_duration: 15522.974199999382
