comms_cons: 54.154022400764816
finished_reconf: true
global_termination_time: 529659.3533999992
local_termination_time: 529659.3122799993
node_cons: 10937.61297920383
tot_aggregated_send: 7108
tot_msg_rcv: 399
tot_msg_sent: 723
tot_reconf_duration: 37.410000000000004
tot_sleeping_duration: 521528.8005999964
tot_uptimes: 136
tot_uptimes_duration: 8130.552800002843
