comms_cons: 54.027148801622815
finished_reconf: true
global_termination_time: 532059.531
local_termination_time: 227434.18136000005
node_cons: 10947.120566728594
tot_aggregated_send: 6902
tot_msg_rcv: 441
tot_msg_sent: 868
tot_reconf_duration: 15.34
tot_sleeping_duration: 523899.49451999355
tot_uptimes: 137
tot_uptimes_duration: 8160.036480006413
