comms_cons: 53.23907200073105
finished_reconf: true
global_termination_time: 530076.059
local_termination_time: 261760.94852000038
node_cons: 10853.480342242885
tot_aggregated_send: 7018
tot_msg_rcv: 378
tot_msg_sent: 696
tot_reconf_duration: 5.57
tot_sleeping_duration: 521976.04683999787
tot_uptimes: 136
tot_uptimes_duration: 8100.0121600021375
