comms_cons: 52.363852800485205
finished_reconf: true
global_termination_time: 532382.727
local_termination_time: 301080.8530400008
node_cons: 10932.780121121443
tot_aggregated_send: 7424
tot_msg_rcv: 160
tot_msg_sent: 375
tot_reconf_duration: 4.8100000000000005
tot_sleeping_duration: 524222.7209199989
tot_uptimes: 137
tot_uptimes_duration: 8160.006080001069
