comms_cons: 82.21782399568558
finished_reconf: true
global_termination_time: 791201.934
local_termination_time: 287073.14036
node_cons: 16235.605799999994
tot_aggregated_send: 10440
tot_msg_rcv: 784
tot_msg_sent: 1272
tot_reconf_duration: 5.1
tot_sleeping_duration: 779081.934
tot_uptimes: 203
tot_uptimes_duration: 12120.0
