comms_cons: 79.00303359689484
finished_reconf: true
global_termination_time: 796286.704
local_termination_time: 490554.4414800005
node_cons: 16315.560121116852
tot_aggregated_send: 11136
tot_msg_rcv: 293
tot_msg_sent: 579
tot_reconf_duration: 4.8100000000000005
tot_sleeping_duration: 784106.6979200024
tot_uptimes: 204
tot_uptimes_duration: 12180.006079997635
