comms_cons: 82.554003197022
finished_reconf: true
global_termination_time: 794725.872
local_termination_time: 265635.7523600001
node_cons: 16313.210746714876
tot_aggregated_send: 10266
tot_msg_rcv: 818
tot_msg_sent: 1463
tot_reconf_duration: 3.05
tot_sleeping_duration: 782545.8355200038
tot_uptimes: 204
tot_uptimes_duration: 12180.03647999611
