comms_cons: 147.25802876499444
finished_reconf: true
global_termination_time: 795425.628
local_termination_time: 273941.9350000004
node_cons: 16316.426504481138
tot_aggregated_send: 0
tot_msg_rcv: 11468
tot_msg_sent: 10915
tot_reconf_duration: 5.43
tot_sleeping_duration: 783245.6036799991
tot_uptimes: 204
tot_uptimes_duration: 12180.02432000084
