comms_cons: 247.0444350461739
finished_reconf: true
global_termination_time: 1572853.246
local_termination_time: 729837.74136
node_cons: 32303.244544472054
tot_aggregated_send: 0
tot_msg_rcv: 19266
tot_msg_sent: 18282
tot_reconf_duration: 4.8100000000000005
tot_sleeping_duration: 1548733.2216800062
tot_uptimes: 403
tot_uptimes_duration: 24120.024319993972
