comms_cons: 153.69669119644578
finished_reconf: true
global_termination_time: 1569911.247
local_termination_time: 821120.0843599999
node_cons: 32317.511720000006
tot_aggregated_send: 22678
tot_msg_rcv: 231
tot_msg_sent: 452
tot_reconf_duration: 15.34
tot_sleeping_duration: 1545791.247
tot_uptimes: 403
tot_uptimes_duration: 24120.0
