comms_cons: 69.12828159947077
finished_reconf: true
global_termination_time: 699054.749
local_termination_time: 86687.57747999996
node_cons: 14401.699861119188
tot_aggregated_send: 10092
tot_msg_rcv: 138
tot_msg_sent: 277
tot_reconf_duration: 15.34
tot_sleeping_duration: 688314.7429200006
tot_uptimes: 180
tot_uptimes_duration: 10740.006079999366
