comms_cons: 34.38947840023629
finished_reconf: true
global_termination_time: 342450.315
local_termination_time: 10656.044080000001
node_cons: 6998.026760000007
tot_aggregated_send: 4756
tot_msg_rcv: 186
tot_msg_sent: 285
tot_reconf_duration: 6.22
tot_sleeping_duration: 337230.315
tot_uptimes: 88
tot_uptimes_duration: 5220.0
