comms_cons: 99.20328961068144
finished_reconf: true
global_termination_time: 341427.7212400005
local_termination_time: 341427.6801200005
node_cons: 13870.512421360652
tot_aggregated_send: 0
tot_msg_rcv: 5101
tot_msg_sent: 9978
tot_reconf_duration: 24.59
tot_sleeping_duration: 331093.80100000004
tot_uptimes: 171
tot_uptimes_duration: 10333.920240000465
