comms_cons: 242.60862723551574
finished_reconf: true
global_termination_time: 501671.6
local_termination_time: 123796.07659999996
node_cons: 30511.014551362066
tot_aggregated_send: 0
tot_msg_rcv: 14891
tot_msg_sent: 21984
tot_reconf_duration: 18.21
tot_sleeping_duration: 478903.6497599985
tot_uptimes: 370
tot_uptimes_duration: 22767.950240001504
