comms_cons: 51.466092801507166
finished_reconf: true
global_termination_time: 505469.124
local_termination_time: 219806.56536000007
node_cons: 10370.408262242872
tot_aggregated_send: 6670
tot_msg_rcv: 339
tot_msg_sent: 812
tot_reconf_duration: 4.8100000000000005
tot_sleeping_duration: 497729.1118399979
tot_uptimes: 130
tot_uptimes_duration: 7740.0121600021375
