comms_cons: 99.43802881452875
finished_reconf: true
global_termination_time: 506661.418
local_termination_time: 123779.90659999994
node_cons: 10368.018182242859
tot_aggregated_send: 0
tot_msg_rcv: 7629
tot_msg_sent: 7485
tot_reconf_duration: 3.05
tot_sleeping_duration: 498921.40583999787
tot_uptimes: 130
tot_uptimes_duration: 7740.0121600021375
