comms_cons: 79.05473279508479
finished_reconf: true
global_termination_time: 754069.664
local_termination_time: 54215.048360000015
node_cons: 15516.67949007451
tot_aggregated_send: 9802
tot_msg_rcv: 878
tot_msg_sent: 1336
tot_reconf_duration: 8.09
tot_sleeping_duration: 742489.609280004
tot_uptimes: 194
tot_uptimes_duration: 11580.054719995882
