comms_cons: 76.30556159709565
finished_reconf: true
global_termination_time: 754409.907
local_termination_time: 424280.81836000003
node_cons: 15521.788341116808
tot_aggregated_send: 10498
tot_msg_rcv: 413
tot_msg_sent: 686
tot_reconf_duration: 11.899999999999999
tot_sleeping_duration: 742829.9009200024
tot_uptimes: 194
tot_uptimes_duration: 11580.006079997635
