comms_cons: 76.41082879833411
finished_reconf: true
global_termination_time: 755452.841
local_termination_time: 576984.4723599999
node_cons: 15511.597902238304
tot_aggregated_send: 10382
tot_msg_rcv: 420
tot_msg_sent: 812
tot_reconf_duration: 4.390000000000001
tot_sleeping_duration: 743872.8288400014
tot_uptimes: 194
tot_uptimes_duration: 11580.012159998703
