comms_cons: 76.24697599805233
finished_reconf: true
global_termination_time: 753310.827
local_termination_time: 279932.845
node_cons: 15436.83216880072
tot_aggregated_send: 9451
tot_msg_rcv: 736
tot_msg_sent: 1403
tot_reconf_duration: 6.22
tot_sleeping_duration: 741788.5077999994
tot_uptimes: 193
tot_uptimes_duration: 11522.319200000551
