comms_cons: 79.55756799557776
finished_reconf: true
global_termination_time: 756301.241
local_termination_time: 102842.32811999973
node_cons: 15521.05225007912
tot_aggregated_send: 9628
tot_msg_rcv: 951
tot_msg_sent: 1515
tot_reconf_duration: 11.31
tot_sleeping_duration: 744721.1862800007
tot_uptimes: 194
tot_uptimes_duration: 11580.054719999316
