comms_cons: 494.98611207134576
finished_reconf: true
global_termination_time: 5032197.788
local_termination_time: 2803251.20036
node_cons: 103486.47266334847
tot_aggregated_send: 70064
tot_msg_rcv: 1746
tot_msg_sent: 3425
tot_reconf_duration: 6.279999999999999
tot_sleeping_duration: 4954917.769760006
tot_uptimes: 1289
tot_uptimes_duration: 77280.01823999337
