comms_cons: 495.58177925424303
finished_reconf: true
global_termination_time: 5028918.326
local_termination_time: 2830186.89936
node_cons: 103405.16034223168
tot_aggregated_send: 69484
tot_msg_rcv: 1835
tot_msg_sent: 4004
tot_reconf_duration: 5.57
tot_sleeping_duration: 4951698.313840005
tot_uptimes: 1288
tot_uptimes_duration: 77220.01215999573
