comms_cons: 491.8067904339089
finished_reconf: true
global_termination_time: 5027490.089
local_termination_time: 3052557.31872
node_cons: 103404.51394111426
tot_aggregated_send: 69716
tot_msg_rcv: 1664
tot_msg_sent: 3371
tot_reconf_duration: 5.1
tot_sleeping_duration: 4950270.082920002
tot_uptimes: 1288
tot_uptimes_duration: 77220.00607999787
