comms_cons: 878.8632849311089
finished_reconf: true
global_termination_time: 5029127.671
local_termination_time: 1276994.1058399996
node_cons: 103412.97968558248
tot_aggregated_send: 0
tot_msg_rcv: 67167
tot_msg_sent: 66415
tot_reconf_duration: 11.31
tot_sleeping_duration: 4951907.640600011
tot_uptimes: 1288
tot_uptimes_duration: 77220.0303999891
