comms_cons: 333.4357440418572
finished_reconf: true
global_termination_time: 3280753.612
local_termination_time: 1070035.9294799997
node_cons: 67491.59418446606
tot_aggregated_send: 45008
tot_msg_rcv: 1957
tot_msg_sent: 3715
tot_reconf_duration: 4.390000000000001
tot_sleeping_duration: 3230353.5876800097
tot_uptimes: 841
tot_uptimes_duration: 50400.02431999077
