comms_cons: 143.34187517020962
finished_reconf: true
global_termination_time: 723494.416
local_termination_time: 40109.860360000006
node_cons: 14893.707546724
tot_aggregated_send: 0
tot_msg_rcv: 11067
tot_msg_sent: 10721
tot_reconf_duration: 22.65
tot_sleeping_duration: 712394.3795199969
tot_uptimes: 186
tot_uptimes_duration: 11100.036480002978
