comms_cons: 417.95195525450083
finished_reconf: true
global_termination_time: 4183857.187
local_termination_time: 2000059.3809599988
node_cons: 86050.6882622321
tot_aggregated_send: 59218
tot_msg_rcv: 1406
tot_msg_sent: 2900
tot_reconf_duration: 4.8100000000000005
tot_sleeping_duration: 4119597.174840004
tot_uptimes: 1072
tot_uptimes_duration: 64260.012159995735
