comms_cons: 415.7731712575431
finished_reconf: true
global_termination_time: 4185006.992
local_termination_time: 1475209.0903599998
node_cons: 86056.94864223163
tot_aggregated_send: 58406
tot_msg_rcv: 1502
tot_msg_sent: 3288
tot_reconf_duration: 9.42
tot_sleeping_duration: 4120746.979840005
tot_uptimes: 1072
tot_uptimes_duration: 64260.0121599955
