comms_cons: 421.7023360590107
finished_reconf: true
global_termination_time: 4185552.148
local_termination_time: 1082584.599119999
node_cons: 86052.61932446536
tot_aggregated_send: 58638
tot_msg_rcv: 1974
tot_msg_sent: 3486
tot_reconf_duration: 6.22
tot_sleeping_duration: 4121292.123680009
tot_uptimes: 1072
tot_uptimes_duration: 64260.02431999077
