comms_cons: 422.8070912636962
finished_reconf: true
global_termination_time: 4185766.339
local_termination_time: 915720.3113599998
node_cons: 86059.54782669929
tot_aggregated_send: 58232
tot_msg_rcv: 2146
tot_msg_sent: 3886
tot_reconf_duration: 11.31
tot_sleeping_duration: 4121506.302520014
tot_uptimes: 1072
tot_uptimes_duration: 64260.03647998627
