comms_cons: 710.0069377551999
finished_reconf: true
global_termination_time: 7111946.541
local_termination_time: 2082559.1943599998
node_cons: 146320.02870781525
tot_aggregated_send: 99354
tot_msg_rcv: 2958
tot_msg_sent: 5604
tot_reconf_duration: 15.34
tot_sleeping_duration: 7002686.498440015
tot_uptimes: 1822
tot_uptimes_duration: 109260.04255998507
