comms_cons: 709.1352065705988
finished_reconf: true
global_termination_time: 7113361.07
local_termination_time: 2552320.31336
node_cons: 146303.36334558096
tot_aggregated_send: 98368
tot_msg_rcv: 3317
tot_msg_sent: 6099
tot_reconf_duration: 3.08
tot_sleeping_duration: 7004101.039600011
tot_uptimes: 1822
tot_uptimes_duration: 109260.03039998934
