comms_cons: 709.0885121569607
finished_reconf: true
global_termination_time: 7113727.64
local_termination_time: 4522847.033039998
node_cons: 146319.6919444629
tot_aggregated_send: 98020
tot_msg_rcv: 3265
tot_msg_sent: 6492
tot_reconf_duration: 15.110000000000001
tot_sleeping_duration: 7004467.615680008
tot_uptimes: 1822
tot_uptimes_duration: 109260.02431999147
