comms_cons: 146.08455679684835
finished_reconf: true
global_termination_time: 1463630.064
local_termination_time: 1078511.6763599997
node_cons: 30059.961893677093
tot_aggregated_send: 20764
tot_msg_rcv: 519
tot_msg_sent: 921
tot_reconf_duration: 9.42
tot_sleeping_duration: 1441190.0568800021
tot_uptimes: 375
tot_uptimes_duration: 22440.00711999787
