comms_cons: 150.87672318245515
finished_reconf: true
global_termination_time: 1463484.241
local_termination_time: 497943.26136
node_cons: 30053.20303116831
tot_aggregated_send: 19314
tot_msg_rcv: 1258
tot_msg_sent: 2363
tot_reconf_duration: 4.390000000000001
tot_sleeping_duration: 1441044.1802000236
tot_uptimes: 375
tot_uptimes_duration: 22440.060799976345
