comms_cons: 38.77248000014463
finished_reconf: true
global_termination_time: 388488.31892000086
local_termination_time: 152576.52936000007
node_cons: 8060.615409124035
tot_aggregated_send: 5394
tot_msg_rcv: 130
tot_msg_sent: 369
tot_reconf_duration: 25.299999999999997
tot_sleeping_duration: 382494.1008399979
tot_uptimes: 100
tot_uptimes_duration: 5994.218080002989
