comms_cons: 29.560345601136532
finished_reconf: true
global_termination_time: 279036.6296000005
local_termination_time: 279036.5884800005
node_cons: 5785.747824886411
tot_aggregated_send: 3234
tot_msg_rcv: 339
tot_msg_sent: 918
tot_reconf_duration: 24.59
tot_sleeping_duration: 274740.62167999573
tot_uptimes: 72
tot_uptimes_duration: 4296.007920004777
