comms_cons: 238.64311025744738
finished_reconf: true
global_termination_time: 1399035.685
local_termination_time: 312868.5107200001
node_cons: 28792.519405593433
tot_aggregated_send: 0
tot_msg_rcv: 18408
tot_msg_sent: 17866
tot_reconf_duration: 22.65
tot_sleeping_duration: 1377555.6546000051
tot_uptimes: 359
tot_uptimes_duration: 21480.03039999504
