comms_cons: 138.53163519522076
finished_reconf: true
global_termination_time: 1400013.49
local_termination_time: 906926.2693599999
node_cons: 28770.24824000008
tot_aggregated_send: 20184
tot_msg_rcv: 299
tot_msg_sent: 573
tot_reconf_duration: 6.279999999999999
tot_sleeping_duration: 1378533.49
tot_uptimes: 359
tot_uptimes_duration: 21480.0
