comms_cons: 136.32102399831874
finished_reconf: true
global_termination_time: 1397216.071
local_termination_time: 1117192.2639999979
node_cons: 28768.645799999853
tot_aggregated_send: 20068
tot_msg_rcv: 250
tot_msg_sent: 402
tot_reconf_duration: 5.1
tot_sleeping_duration: 1375736.071
tot_uptimes: 358
tot_uptimes_duration: 21480.0
