comms_cons: 138.71025919443971
finished_reconf: true
global_termination_time: 1398147.186
local_termination_time: 693422.9773999982
node_cons: 28779.6048600001
tot_aggregated_send: 20010
tot_msg_rcv: 376
tot_msg_sent: 697
tot_reconf_duration: 13.17
tot_sleeping_duration: 1376667.186
tot_uptimes: 359
tot_uptimes_duration: 21480.0
