comms_cons: 138.5776895915513
finished_reconf: true
global_termination_time: 1398840.643
local_termination_time: 906462.65736
node_cons: 28772.363983350628
tot_aggregated_send: 18850
tot_msg_rcv: 866
tot_msg_sent: 1347
tot_reconf_duration: 7.819999999999999
tot_sleeping_duration: 1377360.624760007
tot_uptimes: 359
tot_uptimes_duration: 21480.018239992904
