comms_cons: 95.97736960001694
finished_reconf: true
global_termination_time: 970634.672
local_termination_time: 236671.03836000006
node_cons: 19945.151720000027
tot_aggregated_send: 13920
tot_msg_rcv: 218
tot_msg_sent: 450
tot_reconf_duration: 15.34
tot_sleeping_duration: 955754.672
tot_uptimes: 249
tot_uptimes_duration: 14880.0
