comms_cons: 99.34085759344046
finished_reconf: true
global_termination_time: 967425.678
local_termination_time: 478303.9314800001
node_cons: 19850.577108934685
tot_aggregated_send: 12702
tot_msg_rcv: 765
tot_msg_sent: 1634
tot_reconf_duration: 4.8100000000000005
tot_sleeping_duration: 952605.6293600189
tot_uptimes: 248
tot_uptimes_duration: 14820.048639981076
