comms_cons: 845.9326329304788
finished_reconf: true
global_termination_time: 2200970.089
local_termination_time: 303348.9246000001
node_cons: 133074.98023059053
tot_aggregated_send: 0
tot_msg_rcv: 52086
tot_msg_sent: 76492
tot_reconf_duration: 18.21
tot_sleeping_duration: 2101604.7036000043
tot_uptimes: 1628
tot_uptimes_duration: 99365.38539999594
