comms_cons: 217.42940159558475
finished_reconf: true
global_termination_time: 2200901.539239999
local_termination_time: 2200901.4981199987
node_cons: 45315.54300247461
tot_aggregated_send: 31944
tot_msg_rcv: 377
tot_msg_sent: 726
tot_reconf_duration: 24.59
tot_sleeping_duration: 2167083.652920002
tot_uptimes: 564
tot_uptimes_duration: 33817.88631999656
