comms_cons: 11.849139200041943
finished_reconf: true
global_termination_time: 110678.423
local_termination_time: 75956.15935999996
node_cons: 2256.0519799999965
tot_aggregated_send: 1334
tot_msg_rcv: 181
tot_msg_sent: 286
tot_reconf_duration: 4.8100000000000005
tot_sleeping_duration: 108998.423
tot_uptimes: 29
tot_uptimes_duration: 1680.0
