comms_cons: 47.35708160086494
finished_reconf: true
global_termination_time: 467550.115
local_termination_time: 894.0768799999985
node_cons: 9596.853155440016
tot_aggregated_send: 6264
tot_msg_rcv: 303
tot_msg_sent: 630
tot_reconf_duration: 18.21
tot_sleeping_duration: 460401.40404
tot_uptimes: 120
tot_uptimes_duration: 7148.710960000003
