comms_cons: 53.42871039949255
finished_reconf: true
global_termination_time: 538242.68
local_termination_time: 244705.55536000006
node_cons: 11012.557902238297
tot_aggregated_send: 7598
tot_msg_rcv: 176
tot_msg_sent: 346
tot_reconf_duration: 4.390000000000001
tot_sleeping_duration: 530022.6678400014
tot_uptimes: 138
tot_uptimes_duration: 8220.012159998703
