comms_cons: 53.86391040043747
finished_reconf: true
global_termination_time: 537749.3
local_termination_time: 23915.044080000003
node_cons: 11013.953940000016
tot_aggregated_send: 7424
tot_msg_rcv: 299
tot_msg_sent: 464
tot_reconf_duration: 5.43
tot_sleeping_duration: 529529.3
tot_uptimes: 138
tot_uptimes_duration: 8220.0
