comms_cons: 155.21053439589278
finished_reconf: true
global_termination_time: 1605395.361
local_termination_time: 4987.082
node_cons: 33029.35464000004
tot_aggregated_send: 23018
tot_msg_rcv: 221
tot_msg_sent: 353
tot_reconf_duration: 7.08
tot_sleeping_duration: 1580735.361
tot_uptimes: 412
tot_uptimes_duration: 24660.0
