comms_cons: 373.9446784611878
finished_reconf: true
global_termination_time: 3671216.161
local_termination_time: 1267546.98036
node_cons: 75523.81520446658
tot_aggregated_send: 50402
tot_msg_rcv: 2311
tot_msg_sent: 4124
tot_reconf_duration: 3.08
tot_sleeping_duration: 3614816.136680009
tot_uptimes: 941
tot_uptimes_duration: 56400.02431999124
