comms_cons: 369.77450242315643
finished_reconf: true
global_termination_time: 3669866.168
local_termination_time: 946701.1575999998
node_cons: 75452.10934781704
tot_aggregated_send: 51040
tot_msg_rcv: 1740
tot_msg_sent: 3425
tot_reconf_duration: 9.42
tot_sleeping_duration: 3613526.125440016
tot_uptimes: 940
tot_uptimes_duration: 56340.04255998414
