comms_cons: 371.47836164952
finished_reconf: true
global_termination_time: 3671642.861
local_termination_time: 883965.329
node_cons: 75542.11535973732
tot_aggregated_send: 50861
tot_msg_rcv: 1940
tot_msg_sent: 3662
tot_reconf_duration: 12.629999999999999
tot_sleeping_duration: 3615238.8551600156
tot_uptimes: 941
tot_uptimes_duration: 56404.0058399844
