comms_cons: 363.6875904613654
finished_reconf: true
global_termination_time: 3605560.3924799976
local_termination_time: 43758.232720000015
node_cons: 74179.95648653874
tot_aggregated_send: 50054
tot_msg_rcv: 1732
tot_msg_sent: 3491
tot_reconf_duration: 5.1
tot_sleeping_duration: 3550166.045440012
tot_uptimes: 924
tot_uptimes_duration: 55394.34703998541
