comms_cons: 358.4808704229894
finished_reconf: true
global_termination_time: 3609970.246
local_termination_time: 2965669.24936
node_cons: 74250.32019999812
tot_aggregated_send: 51968
tot_msg_rcv: 906
tot_msg_sent: 1613
tot_reconf_duration: 11.899999999999999
tot_sleeping_duration: 3554530.246
tot_uptimes: 925
tot_uptimes_duration: 55440.0
