comms_cons: 366.27722246359076
finished_reconf: true
global_termination_time: 3606494.234
local_termination_time: 1792872.5783599997
node_cons: 74157.99564278778
tot_aggregated_send: 49648
tot_msg_rcv: 2134
tot_msg_sent: 3890
tot_reconf_duration: 3.05
tot_sleeping_duration: 3551114.2088000076
tot_uptimes: 924
tot_uptimes_duration: 55380.02519999235
