comms_cons: 311.2091072501116
finished_reconf: true
global_termination_time: 3048707.41
local_termination_time: 2408436.8633600003
node_cons: 62672.804765583634
tot_aggregated_send: 41122
tot_msg_rcv: 2054
tot_msg_sent: 4126
tot_reconf_duration: 5.57
tot_sleeping_duration: 3001907.3796000117
tot_uptimes: 781
tot_uptimes_duration: 46800.030399988405
