comms_cons: 888.9709703065955
finished_reconf: true
global_termination_time: 3047172.9486
local_termination_time: 3047172.9074799996
node_cons: 124591.136327756
tot_aggregated_send: 0
tot_msg_rcv: 45252
tot_msg_sent: 89864
tot_reconf_duration: 37.410000000000004
tot_sleeping_duration: 2954162.99076
tot_uptimes: 1540
tot_uptimes_duration: 93009.95784000008
