comms_cons: 309.6654528193129
finished_reconf: true
global_termination_time: 3051968.323
local_termination_time: 2180651.4165599984
node_cons: 62752.16967340239
tot_aggregated_send: 41064
tot_msg_rcv: 2104
tot_msg_sent: 3898
tot_reconf_duration: 4.8100000000000005
tot_sleeping_duration: 3005108.250040027
tot_uptimes: 782
tot_uptimes_duration: 46860.07295997278
