comms_cons: 305.6301568081304
finished_reconf: true
global_termination_time: 3047582.303
local_termination_time: 508290.15336
node_cons: 62690.59459999869
tot_aggregated_send: 42746
tot_msg_rcv: 1231
tot_msg_sent: 2477
tot_reconf_duration: 18.700000000000003
tot_sleeping_duration: 3000782.303
tot_uptimes: 781
tot_uptimes_duration: 46800.0
