comms_cons: 158.20344319663394
finished_reconf: true
global_termination_time: 1611894.846
local_termination_time: 1264474.5830399992
node_cons: 33117.96485999994
tot_aggregated_send: 23490
tot_msg_rcv: 177
tot_msg_sent: 379
tot_reconf_duration: 13.17
tot_sleeping_duration: 1587174.846
tot_uptimes: 413
tot_uptimes_duration: 24720.0
