comms_cons: 161.07001598412828
finished_reconf: true
global_termination_time: 1611802.771
local_termination_time: 518107.4666000005
node_cons: 33106.13931340196
tot_aggregated_send: 21576
tot_msg_rcv: 975
tot_msg_sent: 1931
tot_reconf_duration: 4.390000000000001
tot_sleeping_duration: 1587082.6980400283
tot_uptimes: 413
tot_uptimes_duration: 24720.072959971614
