comms_cons: 159.61201918940685
finished_reconf: true
global_termination_time: 1613869.216
local_termination_time: 1091703.037879999
node_cons: 33188.8911833505
tot_aggregated_send: 22040
tot_msg_rcv: 706
tot_msg_sent: 1514
tot_reconf_duration: 6.22
tot_sleeping_duration: 1589089.197760007
tot_uptimes: 414
tot_uptimes_duration: 24780.018239992904
