comms_cons: 305.31240937320223
finished_reconf: true
global_termination_time: 1554511.4996
local_termination_time: 3278.5596
node_cons: 32004.338191916748
tot_aggregated_send: 0
tot_msg_rcv: 23313
tot_msg_sent: 23090
tot_reconf_duration: 6.22
tot_sleeping_duration: 1530616.1363200024
tot_uptimes: 399
tot_uptimes_duration: 23895.36327999753
