comms_cons: 155.1309567912202
finished_reconf: true
global_termination_time: 1556364.975
local_termination_time: 936075.5557999983
node_cons: 31990.678979999968
tot_aggregated_send: 22156
tot_msg_rcv: 505
tot_msg_sent: 918
tot_reconf_duration: 11.31
tot_sleeping_duration: 1532484.975
tot_uptimes: 399
tot_uptimes_duration: 23880.0
