comms_cons: 57.259148800068154
finished_reconf: true
global_termination_time: 581494.68
local_termination_time: 44286.43
node_cons: 11911.725973521721
tot_aggregated_send: 8346
tot_msg_rcv: 126
tot_msg_sent: 230
tot_reconf_duration: 11.899999999999999
tot_sleeping_duration: 572610.7623199987
tot_uptimes: 149
tot_uptimes_duration: 8883.917680001272
