comms_cons: 325.433798150258
finished_reconf: true
global_termination_time: 1658863.2415999998
local_termination_time: 1277.4274800000005
node_cons: 34102.63043175495
tot_aggregated_send: 0
tot_msg_rcv: 24868
tot_msg_sent: 24593
tot_reconf_duration: 13.17
tot_sleeping_duration: 1633407.8677600035
tot_uptimes: 425
tot_uptimes_duration: 25455.37383999623
