comms_cons: 164.13120638930093
finished_reconf: true
global_termination_time: 1658878.487
local_termination_time: 449661.5652800004
node_cons: 34068.334464467385
tot_aggregated_send: 22968
tot_msg_rcv: 527
tot_msg_sent: 1452
tot_reconf_duration: 3.05
tot_sleeping_duration: 1633438.4626800094
tot_uptimes: 425
tot_uptimes_duration: 25440.024319990538
