comms_cons: 164.63029119106477
finished_reconf: true
global_termination_time: 1659955.855
local_termination_time: 1080438.64836
node_cons: 34159.8671211169
tot_aggregated_send: 22910
tot_msg_rcv: 723
tot_msg_sent: 1389
tot_reconf_duration: 11.31
tot_sleeping_duration: 1634455.8489200023
tot_uptimes: 426
tot_uptimes_duration: 25500.006079997635
