comms_cons: 86.15937919594165
finished_reconf: true
global_termination_time: 852366.5307599992
local_termination_time: 26201.456960000003
node_cons: 17567.924036003227
tot_aggregated_send: 11716
tot_msg_rcv: 428
tot_msg_sent: 950
tot_reconf_duration: 4.8100000000000005
tot_sleeping_duration: 839251.2267599968
tot_uptimes: 219
tot_uptimes_duration: 13115.30400000239
