comms_cons: 168.15212153749772
finished_reconf: true
global_termination_time: 852732.007
local_termination_time: 648.2353599999999
node_cons: 17518.27818223601
tot_aggregated_send: 0
tot_msg_rcv: 12908
tot_msg_sent: 12649
tot_reconf_duration: 3.05
tot_sleeping_duration: 839651.994840003
tot_uptimes: 219
tot_uptimes_duration: 13080.012159997
