comms_cons: 2.0263935999933045
finished_reconf: true
global_termination_time: 16140.027
local_termination_time: 5845.07636
node_cons: 342.19172000000026
tot_aggregated_send: 0
tot_msg_rcv: 163
tot_msg_sent: 145
tot_reconf_duration: 15.34
tot_sleeping_duration: 15900.027
tot_uptimes: 5
tot_uptimes_duration: 240.0
