comms_cons: 80.19947520038045
finished_reconf: true
global_termination_time: 797583.041
local_termination_time: 137142.92736000006
node_cons: 16395.916403364314
tot_aggregated_send: 11020
tot_msg_rcv: 356
tot_msg_sent: 813
tot_reconf_duration: 4.8100000000000005
tot_sleeping_duration: 785343.0227599967
tot_uptimes: 205
tot_uptimes_duration: 12240.018240003206
