comms_cons: 57.64757760052983
finished_reconf: true
global_termination_time: 554920.241
local_termination_time: 200167.41236000005
node_cons: 11412.47078112143
tot_aggregated_send: 7250
tot_msg_rcv: 524
tot_msg_sent: 989
tot_reconf_duration: 3.08
tot_sleeping_duration: 546400.2349199989
tot_uptimes: 143
tot_uptimes_duration: 8520.006080001069
