comms_cons: 57.97556480147808
finished_reconf: true
global_termination_time: 555621.951
local_termination_time: 235334.5604000004
node_cons: 11420.67580336433
tot_aggregated_send: 7134
tot_msg_rcv: 575
tot_msg_sent: 1104
tot_reconf_duration: 9.11
tot_sleeping_duration: 547101.9327599967
tot_uptimes: 143
tot_uptimes_duration: 8520.018240003206
