comms_cons: 56.32955520014197
finished_reconf: true
global_termination_time: 557063.172
local_termination_time: 287411.5394400002
node_cons: 11421.080501121423
tot_aggregated_send: 7714
tot_msg_rcv: 331
tot_msg_sent: 517
tot_reconf_duration: 9.42
tot_sleeping_duration: 548543.1659199989
tot_uptimes: 143
tot_uptimes_duration: 8520.006080001069
