comms_cons: 58.71719680068979
finished_reconf: true
global_termination_time: 555764.944
local_termination_time: 49155.598960000025
node_cons: 11423.687826721718
tot_aggregated_send: 6902
tot_msg_rcv: 681
tot_msg_sent: 1341
tot_reconf_duration: 11.31
tot_sleeping_duration: 547244.9075199987
tot_uptimes: 143
tot_uptimes_duration: 8520.036480001276
