comms_cons: 79.70105600021662
finished_reconf: true
global_termination_time: 815683.211
local_termination_time: 451715.36124000093
node_cons: 16717.653941121425
tot_aggregated_send: 11078
tot_msg_rcv: 387
tot_msg_sent: 649
tot_reconf_duration: 5.1
tot_sleeping_duration: 803203.2049199989
tot_uptimes: 209
tot_uptimes_duration: 12480.006080001069
