comms_cons: 82.31299839770041
finished_reconf: true
global_termination_time: 815426.706
local_termination_time: 173430.89236000006
node_cons: 16716.681620000043
tot_aggregated_send: 11252
tot_msg_rcv: 451
tot_msg_sent: 808
tot_reconf_duration: 4.390000000000001
tot_sleeping_duration: 802946.706
tot_uptimes: 209
tot_uptimes_duration: 12480.0
