comms_cons: 84.26639359424851
finished_reconf: true
global_termination_time: 812288.89924
local_termination_time: 164977.3154400002
node_cons: 16751.988394967226
tot_aggregated_send: 10556
tot_msg_rcv: 804
tot_msg_sent: 1447
tot_reconf_duration: 15.34
tot_sleeping_duration: 799793.6365999946
tot_uptimes: 209
tot_uptimes_duration: 12495.262640005385
