comms_cons: 9.31614719998536
finished_reconf: true
global_termination_time: 3295.2435200000073
local_termination_time: 3295.2024000000074
node_cons: 1031.2086822800102
tot_aggregated_send: 0
tot_msg_rcv: 678
tot_msg_sent: 735
tot_reconf_duration: 24.59
tot_sleeping_duration: 2550.049
tot_uptimes: 10
tot_uptimes_duration: 745.1945200000073
