comms_cons: 181.71778559159114
finished_reconf: true
global_termination_time: 1830545.844
local_termination_time: 1282722.2353599998
node_cons: 37623.84917999979
tot_aggregated_send: 25694
tot_msg_rcv: 603
tot_msg_sent: 1324
tot_reconf_duration: 18.21
tot_sleeping_duration: 1802465.844
tot_uptimes: 469
tot_uptimes_duration: 28080.0
