comms_cons: 181.37228159268304
finished_reconf: true
global_termination_time: 1830109.973
local_termination_time: 1700917.474399998
node_cons: 37603.26189999959
tot_aggregated_send: 26100
tot_msg_rcv: 481
tot_msg_sent: 986
tot_reconf_duration: 3.05
tot_sleeping_duration: 1802029.973
tot_uptimes: 469
tot_uptimes_duration: 28080.0
