comms_cons: 1113.5032859720975
finished_reconf: true
global_termination_time: 8018945.871
local_termination_time: 2157836.50836
node_cons: 164944.99464669684
tot_aggregated_send: 0
tot_msg_rcv: 85234
tot_msg_sent: 84012
tot_reconf_duration: 5.1
tot_sleeping_duration: 7895765.834520013
tot_uptimes: 2054
tot_uptimes_duration: 123180.03647998685
