comms_cons: 780.1392961051022
finished_reconf: true
global_termination_time: 8023301.428
local_termination_time: 3742160.1633599997
node_cons: 165030.76394446273
tot_aggregated_send: 111650
tot_msg_rcv: 2378
tot_msg_sent: 4547
tot_reconf_duration: 9.11
tot_sleeping_duration: 7900061.403680009
tot_uptimes: 2055
tot_uptimes_duration: 123240.02431999147
