comms_cons: 772.8581056673061
finished_reconf: true
global_termination_time: 8018953.835
local_termination_time: 3993522.36536
node_cons: 164963.42274111172
tot_aggregated_send: 111128
tot_msg_rcv: 2178
tot_msg_sent: 4163
tot_reconf_duration: 18.700000000000003
tot_sleeping_duration: 7895773.828920002
tot_uptimes: 2054
tot_uptimes_duration: 123180.00607999787
