comms_cons: 805.7325058218283
finished_reconf: true
global_termination_time: 8023512.426
local_termination_time: 530361.1223599999
node_cons: 165024.9815322814
tot_aggregated_send: 110954
tot_msg_rcv: 3857
tot_msg_sent: 7654
tot_reconf_duration: 4.8100000000000005
tot_sleeping_duration: 7900272.359120024
tot_uptimes: 2055
tot_uptimes_duration: 123240.06687997538
