comms_cons: 800.7785154082753
finished_reconf: true
global_termination_time: 8024333.311
local_termination_time: 604536.502999999
node_cons: 165024.41117228137
tot_aggregated_send: 110548
tot_msg_rcv: 3751
tot_msg_sent: 7413
tot_reconf_duration: 4.390000000000001
tot_sleeping_duration: 7901093.244120024
tot_uptimes: 2055
tot_uptimes_duration: 123240.06687997538
