comms_cons: 258.53624319488625
finished_reconf: true
global_termination_time: 2576732.634119997
local_termination_time: 176367.3366000001
node_cons: 52995.19217414685
tot_aggregated_send: 35960
tot_msg_rcv: 1143
tot_msg_sent: 2193
tot_reconf_duration: 22.65
tot_sleeping_duration: 2537177.4186800057
tot_uptimes: 660
tot_uptimes_duration: 39555.2154399908
