comms_cons: 115.28102400143324
finished_reconf: true
global_termination_time: 588129.738
local_termination_time: 1237.6323600000003
node_cons: 12056.961620000016
tot_aggregated_send: 0
tot_msg_rcv: 8821
tot_msg_sent: 8702
tot_reconf_duration: 4.390000000000001
tot_sleeping_duration: 579129.738
tot_uptimes: 151
tot_uptimes_duration: 9000.0
