comms_cons: 284.56812800130126
finished_reconf: true
global_termination_time: 587596.1297999994
local_termination_time: 587596.0886799995
node_cons: 35841.29703480145
tot_aggregated_send: 0
tot_msg_rcv: 17418
tot_msg_sent: 25833
tot_reconf_duration: 24.59
tot_sleeping_duration: 560853.8565999983
tot_uptimes: 440
tot_uptimes_duration: 26742.27320000114
