comms_cons: 57.515366400483515
finished_reconf: true
global_termination_time: 587596.3610000004
local_termination_time: 281361.44936
node_cons: 12117.607671121945
tot_aggregated_send: 8062
tot_msg_rcv: 214
tot_msg_sent: 466
tot_reconf_duration: 6.22
tot_sleeping_duration: 578552.924919999
tot_uptimes: 151
tot_uptimes_duration: 9043.43608000147
