comms_cons: 378.77756799492647
finished_reconf: true
global_termination_time: 3889849.902
local_termination_time: 1783658.06436
node_cons: 80107.52452223172
tot_aggregated_send: 53824
tot_msg_rcv: 1187
tot_msg_sent: 2558
tot_reconf_duration: 6.279999999999999
tot_sleeping_duration: 3830029.8898400045
tot_uptimes: 997
tot_uptimes_duration: 59820.01215999527
