comms_cons: 394.4796864315562
finished_reconf: true
global_termination_time: 3891775.263
local_termination_time: 443429.4153600001
node_cons: 80049.44754670394
tot_aggregated_send: 53824
tot_msg_rcv: 2316
tot_msg_sent: 3818
tot_reconf_duration: 22.65
tot_sleeping_duration: 3832015.2265200103
tot_uptimes: 997
tot_uptimes_duration: 59760.036479989474
