comms_cons: 390.6488960437108
finished_reconf: true
global_termination_time: 3889855.859
local_termination_time: 1041642.42436
node_cons: 80024.6423255825
tot_aggregated_send: 53708
tot_msg_rcv: 1948
tot_msg_sent: 3719
tot_reconf_duration: 4.390000000000001
tot_sleeping_duration: 3830095.8286000118
tot_uptimes: 997
tot_uptimes_duration: 59760.030399988405
