comms_cons: 96.4500223964549
finished_reconf: true
global_termination_time: 942908.646
local_termination_time: 169220.98836000005
node_cons: 19382.812425602577
tot_aggregated_send: 12412
tot_msg_rcv: 844
tot_msg_sent: 1403
tot_reconf_duration: 15.34
tot_sleeping_duration: 928448.615599998
tot_uptimes: 242
tot_uptimes_duration: 14460.03040000191
