comms_cons: 186.56773751674254
finished_reconf: true
global_termination_time: 937774.03048
local_termination_time: 793.0733599999999
node_cons: 19308.06770871995
tot_aggregated_send: 0
tot_msg_rcv: 14423
tot_msg_sent: 13930
tot_reconf_duration: 4.390000000000001
tot_sleeping_duration: 923358.716
tot_uptimes: 241
tot_uptimes_duration: 14415.314479999943
