comms_cons: 97.84270081281471
finished_reconf: true
global_termination_time: 462133.96560000005
local_termination_time: 462133.92448000005
node_cons: 9532.016271854454
tot_aggregated_send: 0
tot_msg_rcv: 7997
tot_msg_sent: 6877
tot_reconf_duration: 24.59
tot_sleeping_duration: 455040.1470399893
tot_uptimes: 119
tot_uptimes_duration: 7093.818560010781
