comms_cons: 46.82479360056007
finished_reconf: true
global_termination_time: 463959.017
local_termination_time: 169818.498
node_cons: 9496.031984281753
tot_aggregated_send: 6202
tot_msg_rcv: 319
tot_msg_sent: 597
tot_reconf_duration: 7.819999999999999
tot_sleeping_duration: 456875.06447999866
tot_uptimes: 119
tot_uptimes_duration: 7083.952520001323
