comms_cons: 145.36742399116892
finished_reconf: true
global_termination_time: 1456195.501
local_termination_time: 869959.6583599999
node_cons: 29892.45790223833
tot_aggregated_send: 20474
tot_msg_rcv: 519
tot_msg_sent: 1102
tot_reconf_duration: 4.390000000000001
tot_sleeping_duration: 1433875.4888400012
tot_uptimes: 373
tot_uptimes_duration: 22320.012159998703
