comms_cons: 141.95939840015222
finished_reconf: true
global_termination_time: 1458214.595
local_termination_time: 1089052.9783599996
node_cons: 29970.96189999979
tot_aggregated_send: 21228
tot_msg_rcv: 110
tot_msg_sent: 239
tot_reconf_duration: 3.05
tot_sleeping_duration: 1435834.595
tot_uptimes: 374
tot_uptimes_duration: 22380.0
