comms_cons: 51.29144320020069
finished_reconf: true
global_termination_time: 525727.795
local_termination_time: 463201.45236000005
node_cons: 10796.318700000047
tot_aggregated_send: 7656
tot_msg_rcv: 75
tot_msg_sent: 65
tot_reconf_duration: 22.65
tot_sleeping_duration: 517687.79500000004
tot_uptimes: 135
tot_uptimes_duration: 8040.0
