comms_cons: 51.841657600449814
finished_reconf: true
global_termination_time: 522457.8784800001
local_termination_time: 522457.83736000006
node_cons: 10732.416920962985
tot_aggregated_send: 7355
tot_msg_rcv: 167
tot_msg_sent: 357
tot_reconf_duration: 21.23
tot_sleeping_duration: 514464.16183999786
tot_uptimes: 134
tot_uptimes_duration: 7993.716640002211
