comms_cons: 792.5143373500588
finished_reconf: true
global_termination_time: 4032882.444
local_termination_time: 2056.97648
node_cons: 82917.8627878216
tot_aggregated_send: 0
tot_msg_rcv: 60588
tot_msg_sent: 59866
tot_reconf_duration: 5.1
tot_sleeping_duration: 3970962.4014400123
tot_uptimes: 1033
tot_uptimes_duration: 61920.042559987836
