comms_cons: 408.2839808864162
finished_reconf: true
global_termination_time: 4028915.423
local_termination_time: 1584577.0896799995
node_cons: 82847.71596334885
tot_aggregated_send: 55738
tot_msg_rcv: 2262
tot_msg_sent: 4056
tot_reconf_duration: 12.629999999999999
tot_sleeping_duration: 3967055.404760007
tot_uptimes: 1032
tot_uptimes_duration: 61860.01823999314
