comms_cons: 398.4758272288168
finished_reconf: true
global_termination_time: 4032785.281
local_termination_time: 1605344.64248
node_cons: 82927.04019999807
tot_aggregated_send: 58406
tot_msg_rcv: 720
tot_msg_sent: 1440
tot_reconf_duration: 11.899999999999999
tot_sleeping_duration: 3970865.281
tot_uptimes: 1033
tot_uptimes_duration: 61920.0
