comms_cons: 407.9323648460629
finished_reconf: true
global_termination_time: 4032081.189
local_termination_time: 582686.0334799998
node_cons: 82926.3041089337
tot_aggregated_send: 55912
tot_msg_rcv: 2198
tot_msg_sent: 3891
tot_reconf_duration: 11.31
tot_sleeping_duration: 3970161.140360018
tot_uptimes: 1033
tot_uptimes_duration: 61920.04863998201
