comms_cons: 142.47944956949507
finished_reconf: true
global_termination_time: 824976.693
local_termination_time: 181147.17860000007
node_cons: 16960.30080447195
tot_aggregated_send: 0
tot_msg_rcv: 11030
tot_msg_sent: 10628
tot_reconf_duration: 6.279999999999999
tot_sleeping_duration: 812316.668680006
tot_uptimes: 212
tot_uptimes_duration: 12660.024319993972
