comms_cons: 307.8012928101433
finished_reconf: true
global_termination_time: 3095804.11
local_termination_time: 75107.92475999949
node_cons: 63639.923983349225
tot_aggregated_send: 43790
tot_msg_rcv: 1020
tot_msg_sent: 1974
tot_reconf_duration: 7.819999999999999
tot_sleeping_duration: 3048284.0917600067
tot_uptimes: 793
tot_uptimes_duration: 47520.0182399929
