comms_cons: 71.7264383990304
finished_reconf: true
global_termination_time: 720894.206
local_termination_time: 202674.52884000057
node_cons: 14786.742640000006
tot_aggregated_send: 10266
tot_msg_rcv: 232
tot_msg_sent: 404
tot_reconf_duration: 3.08
tot_sleeping_duration: 709854.206
tot_uptimes: 185
tot_uptimes_duration: 11040.0
