comms_cons: 72.23366399965514
finished_reconf: true
global_termination_time: 719742.774
local_termination_time: 94451.84847999997
node_cons: 14797.918980000039
tot_aggregated_send: 10208
tot_msg_rcv: 316
tot_msg_sent: 455
tot_reconf_duration: 11.31
tot_sleeping_duration: 708702.774
tot_uptimes: 185
tot_uptimes_duration: 11040.0
