comms_cons: 302.7879423999882
finished_reconf: true
global_termination_time: 3017095.237
local_termination_time: 410229.39136000007
node_cons: 62029.07052105815
tot_aggregated_send: 41702
tot_msg_rcv: 1470
tot_msg_sent: 2850
tot_reconf_duration: 4.8100000000000005
tot_sleeping_duration: 2970775.1932800156
tot_uptimes: 773
tot_uptimes_duration: 46320.04371998459
