comms_cons: 599.945580422723
finished_reconf: true
global_termination_time: 1240577.870879998
local_termination_time: 1240577.870879998
node_cons: 75328.90878487703
tot_aggregated_send: 0
tot_msg_rcv: 36865
tot_msg_sent: 54322
tot_reconf_duration: 24.59
tot_sleeping_duration: 1184345.222959999
tot_uptimes: 918
tot_uptimes_duration: 56232.64791999902
