comms_cons: 122.65602559796247
finished_reconf: true
global_termination_time: 1244605.099
local_termination_time: 288462.97084000055
node_cons: 25582.477400000025
tot_aggregated_send: 17922
tot_msg_rcv: 223
tot_msg_sent: 498
tot_reconf_duration: 25.299999999999997
tot_sleeping_duration: 1225525.099
tot_uptimes: 319
tot_uptimes_duration: 19080.0
