comms_cons: 132.06695679220832
finished_reconf: true
global_termination_time: 1307707.3
local_termination_time: 611787.7834799998
node_cons: 26854.432425588755
tot_aggregated_send: 17690
tot_msg_rcv: 707
tot_msg_sent: 1679
tot_reconf_duration: 15.34
tot_sleeping_duration: 1287667.2696000086
tot_uptimes: 335
tot_uptimes_duration: 20040.030399991607
