comms_cons: 129.39375359764156
finished_reconf: true
global_termination_time: 1304946.451
local_termination_time: 543838.3956799984
node_cons: 26876.352778634915
tot_aggregated_send: 18850
tot_msg_rcv: 313
tot_msg_sent: 504
tot_reconf_duration: 25.299999999999997
tot_sleeping_duration: 1284900.1512400038
tot_uptimes: 335
tot_uptimes_duration: 20046.299759996124
