comms_cons: 129.21611519324875
finished_reconf: true
global_termination_time: 1303679.495
local_termination_time: 876950.65536
node_cons: 26766.0123600001
tot_aggregated_send: 18618
tot_msg_rcv: 333
tot_msg_sent: 690
tot_reconf_duration: 9.42
tot_sleeping_duration: 1283699.495
tot_uptimes: 334
tot_uptimes_duration: 19980.0
