comms_cons: 259.7435838290929
finished_reconf: true
global_termination_time: 1305658.718
local_termination_time: 319127.11572000006
node_cons: 26842.047465584164
tot_aggregated_send: 0
tot_msg_rcv: 20103
tot_msg_sent: 19378
tot_reconf_duration: 6.22
tot_sleeping_duration: 1285618.687600012
tot_uptimes: 335
tot_uptimes_duration: 20040.030399988173
