comms_cons: 249.28588799828822
finished_reconf: true
global_termination_time: 2526037.312
local_termination_time: 1363364.2932799982
node_cons: 51912.44189367627
tot_aggregated_send: 36482
tot_msg_rcv: 429
tot_msg_sent: 979
tot_reconf_duration: 9.42
tot_sleeping_duration: 2487277.304880002
tot_uptimes: 647
tot_uptimes_duration: 38760.00711999787
