comms_cons: 250.71651839084367
finished_reconf: true
global_termination_time: 2527522.092
local_termination_time: 1438492.4770000002
node_cons: 52005.26141239645
tot_aggregated_send: 36303
tot_msg_rcv: 587
tot_msg_sent: 1217
tot_reconf_duration: 12.629999999999999
tot_sleeping_duration: 2488696.0204000026
tot_uptimes: 648
tot_uptimes_duration: 38826.07159999781
