comms_cons: 256.9926527901023
finished_reconf: true
global_termination_time: 2524506.872239997
local_termination_time: 150720.01048000006
node_cons: 51934.148393883544
tot_aggregated_send: 34336
tot_msg_rcv: 1607
tot_msg_sent: 3116
tot_reconf_duration: 11.31
tot_sleeping_duration: 2485732.570960024
tot_uptimes: 647
tot_uptimes_duration: 38774.301279973355
