comms_cons: 252.6270143833478
finished_reconf: true
global_termination_time: 2529554.103
local_termination_time: 546047.9986799994
node_cons: 51987.41906893379
tot_aggregated_send: 33930
tot_msg_rcv: 1500
tot_msg_sent: 2968
tot_reconf_duration: 5.43
tot_sleeping_duration: 2490734.054360019
tot_uptimes: 648
tot_uptimes_duration: 38820.048639981076
