comms_cons: 501.58131813684855
finished_reconf: true
global_termination_time: 1040814.4299199984
local_termination_time: 1040814.3887999984
node_cons: 62834.88242447636
tot_aggregated_send: 0
tot_msg_rcv: 30930
tot_msg_sent: 45308
tot_reconf_duration: 24.59
tot_sleeping_duration: 993912.6456000002
tot_uptimes: 769
tot_uptimes_duration: 46901.78431999814
