comms_cons: 99.39855360037998
finished_reconf: true
global_termination_time: 1040814.5171200001
local_termination_time: 17147.8486
node_cons: 21397.312889680157
tot_aggregated_send: 14674
tot_msg_rcv: 133
tot_msg_sent: 301
tot_reconf_duration: 4.8100000000000005
tot_sleeping_duration: 1024839.326
tot_uptimes: 267
tot_uptimes_duration: 15975.19112000009
