comms_cons: 99.07617280014598
finished_reconf: true
global_termination_time: 1042782.193
local_termination_time: 319127.07460000005
node_cons: 21459.226759999994
tot_aggregated_send: 14906
tot_msg_rcv: 28
tot_msg_sent: 125
tot_reconf_duration: 6.22
tot_sleeping_duration: 1026762.193
tot_uptimes: 268
tot_uptimes_duration: 16020.0
