comms_cons: 213.10815358080998
finished_reconf: true
global_termination_time: 2124741.11
local_termination_time: 675163.9603599999
node_cons: 43711.91836446691
tot_aggregated_send: 29754
tot_msg_rcv: 835
tot_msg_sent: 1801
tot_reconf_duration: 5.1
tot_sleeping_duration: 2092101.0856800093
tot_uptimes: 545
tot_uptimes_duration: 32640.024319990567
