comms_cons: 210.04816638829845
finished_reconf: true
global_termination_time: 2124656.645
local_termination_time: 790681.09136
node_cons: 43715.59584223793
tot_aggregated_send: 29870
tot_msg_rcv: 677
tot_msg_sent: 1379
tot_reconf_duration: 7.819999999999999
tot_sleeping_duration: 2092016.6328400013
tot_uptimes: 545
tot_uptimes_duration: 32640.012159998703
