comms_cons: 2.2566655999941627
finished_reconf: true
global_termination_time: 13838.27248
local_termination_time: 13838.23136
node_cons: 310.1730787200008
tot_aggregated_send: 0
tot_msg_rcv: 183
tot_msg_sent: 158
tot_reconf_duration: 37.410000000000004
tot_sleeping_duration: 13644.568
tot_uptimes: 4
tot_uptimes_duration: 193.70448000000033
