comms_cons: 2.3092991999965897
finished_reconf: true
global_termination_time: 15828.638
local_termination_time: 4981.43936
node_cons: 339.24486000000013
tot_aggregated_send: 0
tot_msg_rcv: 185
tot_msg_sent: 166
tot_reconf_duration: 13.17
tot_sleeping_duration: 15588.638
tot_uptimes: 5
tot_uptimes_duration: 240.0
