comms_cons: 3.0139007999893312
finished_reconf: true
global_termination_time: 16912.893
local_termination_time: 6413.847360000001
node_cons: 346.76274112000726
tot_aggregated_send: 0
tot_msg_rcv: 297
tot_msg_sent: 161
tot_reconf_duration: 18.700000000000003
tot_sleeping_duration: 16672.886919999997
tot_uptimes: 5
tot_uptimes_duration: 240.00608000000466
