comms_cons: 40.435763200461295
finished_reconf: true
global_termination_time: 390577.73696000024
local_termination_time: 42313.855360000016
node_cons: 8061.581148559472
tot_aggregated_send: 5220
tot_msg_rcv: 336
tot_msg_sent: 589
tot_reconf_duration: 3.05
tot_sleeping_duration: 384560.23192000063
tot_uptimes: 101
tot_uptimes_duration: 6017.505039999596
