comms_cons: 46.13992960094148
finished_reconf: true
global_termination_time: 463486.293
local_termination_time: 363339.18048000004
node_cons: 9486.66012112144
tot_aggregated_send: 6206
tot_msg_rcv: 278
tot_msg_sent: 529
tot_reconf_duration: 4.8100000000000005
tot_sleeping_duration: 456406.28691999894
tot_uptimes: 119
tot_uptimes_duration: 7080.006080001069
