comms_cons: 19.126988800431732
finished_reconf: true
global_termination_time: 209707.159
local_termination_time: 5751.303
node_cons: 4268.329887845178
tot_aggregated_send: 1677
tot_msg_rcv: 378
tot_msg_sent: 853
tot_reconf_duration: 7.55
tot_sleeping_duration: 206527.11643999614
tot_uptimes: 54
tot_uptimes_duration: 3180.042560003865
