comms_cons: 19.52972800052456
finished_reconf: true
global_termination_time: 205176.114
local_termination_time: 6722.799
node_cons: 4186.493385603739
tot_aggregated_send: 1794
tot_msg_rcv: 315
tot_msg_sent: 858
tot_reconf_duration: 6.46
tot_sleeping_duration: 202056.0835999972
tot_uptimes: 53
tot_uptimes_duration: 3120.03040000279
