comms_cons: 17.388825600517603
finished_reconf: true
global_termination_time: 205778.696
local_termination_time: 7501.892
node_cons: 4182.832224485726
tot_aggregated_send: 1911
tot_msg_rcv: 217
tot_msg_sent: 515
tot_reconf_duration: 3.77
tot_sleeping_duration: 202658.67167999572
tot_uptimes: 53
tot_uptimes_duration: 3120.024320004275
