comms_cons: 33.65323519997646
finished_reconf: true
global_termination_time: 341469.274
local_termination_time: 4467.642280000004
node_cons: 7007.473001120299
tot_aggregated_send: 4814
tot_msg_rcv: 79
tot_msg_sent: 223
tot_reconf_duration: 13.17
tot_sleeping_duration: 336249.2679199997
tot_uptimes: 88
tot_uptimes_duration: 5220.0060800002175
