comms_cons: 66.6084480000344
finished_reconf: true
global_termination_time: 669875.9172400003
local_termination_time: 7381.251
node_cons: 13803.888308327258
tot_aggregated_send: 8693
tot_msg_rcv: 536
tot_msg_sent: 894
tot_reconf_duration: 6.46
tot_sleeping_duration: 659573.3663599949
tot_uptimes: 172
tot_uptimes_duration: 10302.550880005409
