comms_cons: 118.5841279991746
finished_reconf: true
global_termination_time: 1232900.547
local_termination_time: 303821.113
node_cons: 25353.37749576268
tot_aggregated_send: 17226
tot_msg_rcv: 302
tot_msg_sent: 496
tot_reconf_duration: 22.65
tot_sleeping_duration: 1213988.9571599981
tot_uptimes: 316
tot_uptimes_duration: 18911.58984000195
