comms_cons: 121.68888319813632
finished_reconf: true
global_termination_time: 1235307.841
local_termination_time: 32764.375480000006
node_cons: 25391.590041121475
tot_aggregated_send: 17458
tot_msg_rcv: 343
tot_msg_sent: 695
tot_reconf_duration: 3.05
tot_sleeping_duration: 1216347.8349199991
tot_uptimes: 317
tot_uptimes_duration: 18960.00608000107
