comms_cons: 119.34010879557695
finished_reconf: true
global_termination_time: 1201885.47648
local_termination_time: 1201885.43536
node_cons: 24716.180506553777
tot_aggregated_send: 17038
tot_msg_rcv: 331
tot_msg_sent: 769
tot_reconf_duration: 24.59
tot_sleeping_duration: 1183451.7294400046
tot_uptimes: 308
tot_uptimes_duration: 18433.747039995316
