comms_cons: 122.01029118953554
finished_reconf: true
global_termination_time: 1204566.3
local_termination_time: 799950.6123599999
node_cons: 24753.191183350657
tot_aggregated_send: 16356
tot_msg_rcv: 761
tot_msg_sent: 1427
tot_reconf_duration: 6.22
tot_sleeping_duration: 1186086.2817600071
tot_uptimes: 309
tot_uptimes_duration: 18480.018239992904
