comms_cons: 53.45593600062666
finished_reconf: true
global_termination_time: 494913.832600001
local_termination_time: 494913.832600001
node_cons: 10243.723801364815
tot_aggregated_send: 6018
tot_msg_rcv: 750
tot_msg_sent: 1356
tot_reconf_duration: 24.59
tot_sleeping_duration: 487288.4923599974
tot_uptimes: 127
tot_uptimes_duration: 7625.3402400035775
