comms_cons: 362.0336384103463
finished_reconf: true
global_termination_time: 3700719.379
local_termination_time: 2822839.0123599996
node_cons: 76099.87300111492
tot_aggregated_send: 51330
tot_msg_rcv: 1112
tot_msg_sent: 2585
tot_reconf_duration: 13.17
tot_sleeping_duration: 3643899.3729200023
tot_uptimes: 948
tot_uptimes_duration: 56820.006079997635
