comms_cons: 364.38290561992744
finished_reconf: true
global_termination_time: 3699275.637
local_termination_time: 2069923.0059199985
node_cons: 76092.99878446657
tot_aggregated_send: 51678
tot_msg_rcv: 1094
tot_msg_sent: 2612
tot_reconf_duration: 8.09
tot_sleeping_duration: 3642455.6126800086
tot_uptimes: 948
tot_uptimes_duration: 56820.02431999124
