comms_cons: 368.31693444683924
finished_reconf: true
global_termination_time: 3700895.127
local_termination_time: 1853108.7854799996
node_cons: 76102.56450893455
tot_aggregated_send: 51678
tot_msg_rcv: 1404
tot_msg_sent: 2899
tot_reconf_duration: 15.110000000000001
tot_sleeping_duration: 3644075.0783600174
tot_uptimes: 948
tot_uptimes_duration: 56820.04863998247
