comms_cons: 375.89669767503835
finished_reconf: true
global_termination_time: 3699693.162
local_termination_time: 232367.22972000056
node_cons: 76098.26231675777
tot_aggregated_send: 50692
tot_msg_rcv: 2198
tot_msg_sent: 4243
tot_reconf_duration: 11.899999999999999
tot_sleeping_duration: 3642873.07080003
tot_uptimes: 948
tot_uptimes_duration: 56820.091199969815
