comms_cons: 376.3444160814306
finished_reconf: true
global_termination_time: 3699135.776
local_termination_time: 1542844.20036
node_cons: 76092.65654781734
tot_aggregated_send: 50344
tot_msg_rcv: 2271
tot_msg_sent: 4585
tot_reconf_duration: 7.819999999999999
tot_sleeping_duration: 3642315.7334400155
tot_uptimes: 948
tot_uptimes_duration: 56820.04255998437
