comms_cons: 371.847174422356
finished_reconf: true
global_termination_time: 3700187.592
local_termination_time: 1879041.0593999983
node_cons: 76097.37968558336
tot_aggregated_send: 51620
tot_msg_rcv: 1595
tot_msg_sent: 3304
tot_reconf_duration: 11.31
tot_sleeping_duration: 3643367.5616000113
tot_uptimes: 948
tot_uptimes_duration: 56820.03039998887
