comms_cons: 103.66312959509591
finished_reconf: true
global_termination_time: 1017136.847999998
local_termination_time: 1017136.847999998
node_cons: 21023.705141847397
tot_aggregated_send: 13836
tot_msg_rcv: 641
tot_msg_sent: 1279
tot_reconf_duration: 37.410000000000004
tot_sleeping_duration: 1001473.7394399925
tot_uptimes: 261
tot_uptimes_duration: 15663.108560005494
