comms_cons: 101.28643839950007
finished_reconf: true
global_termination_time: 1017137.38424
local_termination_time: 55686.02216000016
node_cons: 20936.79327345031
tot_aggregated_send: 14094
tot_msg_rcv: 433
tot_msg_sent: 869
tot_reconf_duration: 18.21
tot_sleeping_duration: 1001519.7112799924
tot_uptimes: 261
tot_uptimes_duration: 15617.67296000768
