comms_cons: 101.6253119960019
finished_reconf: true
global_termination_time: 1018397.235
local_termination_time: 368140.142
node_cons: 20909.710546399892
tot_aggregated_send: 13559
tot_msg_rcv: 664
tot_msg_sent: 1225
tot_reconf_duration: 15.34
tot_sleeping_duration: 1002796.8774000001
tot_uptimes: 261
tot_uptimes_duration: 15600.357599999872
