comms_cons: 174.15593593322836
finished_reconf: true
global_termination_time: 1018178.098
local_termination_time: 252809.76636000007
node_cons: 20896.985227840847
tot_aggregated_send: 0
tot_msg_rcv: 13644
tot_msg_sent: 12826
tot_reconf_duration: 6.279999999999999
tot_sleeping_duration: 1002578.0554399993
tot_uptimes: 261
tot_uptimes_duration: 15600.042560000613
