comms_cons: 101.3678015923919
finished_reconf: true
global_termination_time: 1017757.143
local_termination_time: 382053.45336000004
node_cons: 20894.956403355125
tot_aggregated_send: 13456
tot_msg_rcv: 682
tot_msg_sent: 1270
tot_reconf_duration: 4.8100000000000005
tot_sleeping_duration: 1002157.1247600036
tot_uptimes: 261
tot_uptimes_duration: 15600.018239996338
