comms_cons: 103.04343039485062
finished_reconf: true
global_termination_time: 1020061.946
local_termination_time: 209739.51648000005
node_cons: 20979.408406728588
tot_aggregated_send: 13746
tot_msg_rcv: 694
tot_msg_sent: 1222
tot_reconf_duration: 7.819999999999999
tot_sleeping_duration: 1004401.9095199936
tot_uptimes: 262
tot_uptimes_duration: 15660.036480006413
