comms_cons: 265.63758078375355
finished_reconf: true
global_termination_time: 2666078.304
local_termination_time: 218864.75604000076
node_cons: 54819.7896799106
tot_aggregated_send: 37120
tot_msg_rcv: 1195
tot_msg_sent: 2061
tot_reconf_duration: 18.21
tot_sleeping_duration: 2625155.9287200063
tot_uptimes: 683
tot_uptimes_duration: 40922.37527999366
