comms_cons: 271.38148479028007
finished_reconf: true
global_termination_time: 2667925.312
local_termination_time: 191870.45848000006
node_cons: 54903.08453453171
tot_aggregated_send: 35844
tot_msg_rcv: 1915
tot_msg_sent: 3491
tot_reconf_duration: 22.65
tot_sleeping_duration: 2626945.23296002
tot_uptimes: 684
tot_uptimes_duration: 40980.07903997955
