comms_cons: 263.2403712012847
finished_reconf: true
global_termination_time: 2670000.699
local_termination_time: 1758552.38436
node_cons: 54879.78405999918
tot_aggregated_send: 38280
tot_msg_rcv: 591
tot_msg_sent: 1140
tot_reconf_duration: 5.57
tot_sleeping_duration: 2629020.699
tot_uptimes: 684
tot_uptimes_duration: 40980.0
