comms_cons: 2.25464319999451
finished_reconf: true
global_termination_time: 14462.240240000001
local_termination_time: 4275.63936
node_cons: 267.74838936000185
tot_aggregated_send: 0
tot_msg_rcv: 178
tot_msg_sent: 165
tot_reconf_duration: 12.629999999999999
tot_sleeping_duration: 14275.088
tot_uptimes: 4
tot_uptimes_duration: 187.15224000000126
