comms_cons: 56.769740800452574
finished_reconf: true
global_termination_time: 572280.317
local_termination_time: 888.7852399999991
node_cons: 11763.997400000017
tot_aggregated_send: 8178
tot_msg_rcv: 183
tot_msg_sent: 267
tot_reconf_duration: 25.299999999999997
tot_sleeping_duration: 563520.317
tot_uptimes: 147
tot_uptimes_duration: 8760.0
