comms_cons: 0.842137600000132
finished_reconf: true
global_termination_time: 5196.716
local_termination_time: 217.26047999999994
node_cons: 105.06918000000002
tot_aggregated_send: 0
tot_msg_rcv: 84
tot_msg_sent: 42
tot_reconf_duration: 18.21
tot_sleeping_duration: 5136.716
tot_uptimes: 2
tot_uptimes_duration: 60.0
