comms_cons: 0.9474047999968717
finished_reconf: true
global_termination_time: 6314.831
local_termination_time: 2794.2373600000005
node_cons: 96.50020000000012
tot_aggregated_send: 0
tot_msg_rcv: 94
tot_msg_sent: 49
tot_reconf_duration: 11.899999999999999
tot_sleeping_duration: 6254.831
tot_uptimes: 2
tot_uptimes_duration: 60.0
