comms_cons: 103.34221441385606
finished_reconf: true
global_termination_time: 464751.70760000055
local_termination_time: 464751.66648000054
node_cons: 9644.87843945222
tot_aggregated_send: 0
tot_msg_rcv: 8738
tot_msg_sent: 6969
tot_reconf_duration: 24.59
tot_sleeping_duration: 457573.6006399914
tot_uptimes: 120
tot_uptimes_duration: 7178.106960009112
