comms_cons: 92.0693248007564
finished_reconf: true
global_termination_time: 949152.281
local_termination_time: 57747.82736
node_cons: 19553.394982242884
tot_aggregated_send: 13282
tot_msg_rcv: 265
tot_msg_sent: 447
tot_reconf_duration: 22.65
tot_sleeping_duration: 934572.2688399978
tot_uptimes: 244
tot_uptimes_duration: 14580.012160002138
