comms_cons: 93.1163967992273
finished_reconf: true
global_termination_time: 951220.447
local_termination_time: 449380.24148000096
node_cons: 19538.020432721354
tot_aggregated_send: 13282
tot_msg_rcv: 300
tot_msg_sent: 571
tot_reconf_duration: 7.819999999999999
tot_sleeping_duration: 936636.876519999
tot_uptimes: 244
tot_uptimes_duration: 14583.570480000984
