comms_cons: 10.373721600168546
finished_reconf: true
global_termination_time: 78888.76247999996
local_termination_time: 78888.72135999997
node_cons: 1658.5760832011
tot_aggregated_send: 450
tot_msg_rcv: 403
tot_msg_sent: 722
tot_reconf_duration: 24.59
tot_sleeping_duration: 77675.03367999913
tot_uptimes: 21
tot_uptimes_duration: 1213.7288000008266
