comms_cons: 9.071667200067932
finished_reconf: true
global_termination_time: 83329.125
local_termination_time: 30179.106160000007
node_cons: 1695.6763811191543
tot_aggregated_send: 754
tot_msg_rcv: 278
tot_msg_sent: 347
tot_reconf_duration: 6.279999999999999
tot_sleeping_duration: 82069.11892000063
tot_uptimes: 22
tot_uptimes_duration: 1260.0060799993662
