comms_cons: 9.403180800105268
finished_reconf: true
global_termination_time: 80040.08
local_termination_time: 6755.169080000002
node_cons: 1637.5668411202905
tot_aggregated_send: 812
tot_msg_rcv: 288
tot_msg_sent: 329
tot_reconf_duration: 22.65
tot_sleeping_duration: 78840.07391999978
tot_uptimes: 21
tot_uptimes_duration: 1200.0060800002175
