comms_cons: 29.336652800073107
finished_reconf: true
global_termination_time: 298957.0715600003
local_termination_time: 298941.7570800001
node_cons: 6207.247235840431
tot_aggregated_send: 4408
tot_msg_rcv: 38
tot_msg_sent: 13
tot_reconf_duration: 25.299999999999997
tot_sleeping_duration: 294346.997
tot_uptimes: 77
tot_uptimes_duration: 4610.074560000328
