comms_cons: 29.566924800120578
finished_reconf: true
global_termination_time: 300113.224
local_termination_time: 98776.49735999941
node_cons: 6109.981899999991
tot_aggregated_send: 4176
tot_msg_rcv: 87
tot_msg_sent: 231
tot_reconf_duration: 3.05
tot_sleeping_duration: 295553.224
tot_uptimes: 77
tot_uptimes_duration: 4560.0
