comms_cons: 263.3923199800469
finished_reconf: true
global_termination_time: 2636526.582
local_termination_time: 308663.61740000086
node_cons: 54261.66459341811
tot_aggregated_send: 36656
tot_msg_rcv: 1231
tot_msg_sent: 2147
tot_reconf_duration: 18.21
tot_sleeping_duration: 2596021.029040016
tot_uptimes: 676
tot_uptimes_duration: 40505.552959984285
