comms_cons: 260.16788480151
finished_reconf: true
global_termination_time: 2633891.857
local_termination_time: 326331.41796000017
node_cons: 54153.342639999144
tot_aggregated_send: 38164
tot_msg_rcv: 454
tot_msg_sent: 926
tot_reconf_duration: 3.08
tot_sleeping_duration: 2593451.857
tot_uptimes: 675
tot_uptimes_duration: 40440.0
