comms_cons: 263.77992957208005
finished_reconf: true
global_termination_time: 2632918.776
local_termination_time: 943298.9314799999
node_cons: 54155.78153228435
tot_aggregated_send: 34858
tot_msg_rcv: 1736
tot_msg_sent: 3500
tot_reconf_duration: 4.8100000000000005
tot_sleeping_duration: 2592478.7091200263
tot_uptimes: 675
tot_uptimes_duration: 40440.06687997398
