comms_cons: 269.13427199821217
finished_reconf: true
global_termination_time: 2632720.084
local_termination_time: 931806.2273599999
node_cons: 54170.05684893437
tot_aggregated_send: 35322
tot_msg_rcv: 1928
tot_msg_sent: 3656
tot_reconf_duration: 15.34
tot_sleeping_duration: 2592280.0353600183
tot_uptimes: 675
tot_uptimes_duration: 40440.04863998154
