comms_cons: 58.693670401293005
finished_reconf: true
global_termination_time: 561244.438
local_termination_time: 53546.33536000001
node_cons: 11495.594646728598
tot_aggregated_send: 7250
tot_msg_rcv: 618
tot_msg_sent: 1054
tot_reconf_duration: 5.1
tot_sleeping_duration: 552664.4015199936
tot_uptimes: 144
tot_uptimes_duration: 8580.036480006413
