comms_cons: 271.0893568199067
finished_reconf: true
global_termination_time: 2809447.142
local_termination_time: 3285.1791200000002
node_cons: 57861.4164811158
tot_aggregated_send: 39034
tot_msg_rcv: 765
tot_msg_sent: 1405
tot_reconf_duration: 12.23
tot_sleeping_duration: 2766247.135920002
tot_uptimes: 720
tot_uptimes_duration: 43200.006079997635
