comms_cons: 282.20820482486164
finished_reconf: true
global_termination_time: 2809406.915
local_termination_time: 6384.455
node_cons: 57849.95222446661
tot_aggregated_send: 38623
tot_msg_rcv: 1607
tot_msg_sent: 2664
tot_reconf_duration: 3.77
tot_sleeping_duration: 2766206.8906800095
tot_uptimes: 720
tot_uptimes_duration: 43200.02431999077
